276.8913895104	207.1497511539	-0.0405302	-0.101416	0.426788	-0.0205383	0.00770683	0.00343487	1
271.2207657818	206.6796959509	-0.00996595	-0.00852972	0.0767713	-0.00403011	0.000540074	0.00015157	1
266.1289326803	206.9243127485	-0.0038228	-0.0144922	-0.0866308	0.00218718	-0.00125903	-0.000906493	1
261.2192773037	206.6926369936	0.00353572	-0.0371858	-0.0316373	0.0018018	-0.00041885	-0.000208846	1
258.7754983302	207.0798190025	0.00424765	0.0151061	0.0438323	0.00041574	0.000552537	0.000326611	1
255.8539089406	207.1125796603	0.00421518	-0.000105595	0.0846277	-0.00149459	0.00104029	0.000491403	1
254.3333693433	207.2464203547	0.00419901	-0.0474908	0.00884775	-0.0016685	0.00133485	0.000668569	0
252.4026425902	206.6701941943	0.00837334	0.0152964	0.0142533	-0.00166305	0.00115235	0.00108028	0
251.8008534411	206.416347674	0.00443706	-0.029792	0.0503864	-0.0015267	0.00168197	0.00117379	0
250.8727200588	206.9768541593	0.00914697	0.0097966	0.0608037	-0.00163685	0.00154599	0.00122785	0
252.9665197256	206.8339586212	0.00280382	0.0491553	0.137905	-0.00265447	0.0018615	0.00122718	0
250.8435957622	206.8553521468	0.00285646	0.0201197	0.123586	-0.00301879	0.0018366	0.00133808	0
251.67916464	207.0091679042	0.00893252	0.0257872	0.084556	-0.00280496	0.00171147	0.00131855	0
249.6776980044	206.8016448763	0.00291063	0.00135722	0.112184	-0.00239551	0.00177283	0.00132075	0
250.8567980051	206.7162262217	0.00282603	0.00376583	0.124818	-0.002483	0.00214063	0.0015133	0
249.8003788337	206.4132775768	0.00282225	0.00393218	0.129668	-0.00215045	0.00202138	0.00126293	0
250.5936459727	206.6939194393	0.00274585	0.0450594	0.179655	-0.00309347	0.00214063	0.00153045	0
250.2146085046	206.2001584222	0.00266141	0.0286869	0.181687	-0.00360251	0.00236551	0.00146655	0
249.8970767893	206.7639487458	0.00906845	0.016252	0.115354	-0.00335283	0.00230831	0.00152424	0
249.4413803367	206.3558784172	0.0028214	-0.0018932	0.141756	-0.00277868	0.00227563	0.00165275	0
248.6813130771	206.7786774401	0.00278293	0.0117866	0.151352	-0.00313571	0.0023091	0.0015848	0
249.813804283	206.6146021172	0.0027759	0.0336159	0.164492	-0.00314327	0.00240534	0.00165275	0
249.5612669531	206.770807887	0.00278312	0.0415184	0.192295	-0.00382853	0.0023394	0.00150114	0
250.0295621647	206.7721486257	0.00277296	0.0215039	0.158339	-0.00369058	0.00242353	0.00165275	0
249.8586439608	206.5508490222	0.00279519	0.0234044	0.139915	-0.00376839	0.00231653	0.00165275	0
248.7832109142	206.3093994768	0.00277899	0.0268757	0.161365	-0.00363743	0.00237889	0.00165275	0
249.9253165274	206.4185045144	-0.00109425	-0.00165489	0.170579	-0.00347619	0.00245814	0.00165275	0
248.9931819644	206.2192396595	0.0024762	0.0170962	0.169103	-0.00358216	0.002492	0.00173065	0
250.2744278093	206.4051748518	0.00069278	0.037273	0.201733	-0.0043301	0.00267064	0.00165275	0
249.1263369589	206.5322729909	0.000644056	0.0237977	0.197003	-0.00507242	0.00281388	0.00165275	0
250.181259821	206.2306456536	0.000760873	0.00609587	0.15146	-0.00418267	0.0024905	0.00173959	0
248.7747373394	206.2181903857	0.000644054	-0.00428518	0.156735	-0.0041497	0.00281388	0.00165275	0
249.5448488852	206.5631294112	0.000644054	0.00250385	0.183438	-0.0042026	0.00281388	0.00165275	0
249.1947207743	206.4823936264	-0.00187997	0.0106381	0.175949	-0.00421262	0.00270425	0.00178445	0
250.5957953673	207.6022990304	-0.00154764	0.0493517	0.142587	-0.00520495	0.00256388	0.00324733	0
250.4477103473	206.4815192316	0.000692388	0.00920638	0.179053	-0.00695967	0.00281388	0.00286864	0
250.9482547446	208.4025451335	0.00340747	-0.00942694	0.119538	-0.00660432	0.00273282	0.00340576	0
251.5231351269	208.4576125737	0.00299302	-0.0326069	0.121592	-0.00708902	0.00365919	0.00327038	0
249.1762607816	207.5548874023	0.00391967	-0.0931284	0.0929039	-0.00739156	0.00344683	0.00340576	0
250.0196997503	207.4266816964	0.00400384	-0.0431363	0.0839717	-0.00779975	0.00386794	0.00376095	0
248.8243552867	206.9654481652	-0.000172045	-0.014094	0.123936	-0.00813987	0.00397254	0.00382275	0
251.3134038169	207.8720789667	-0.0011062	0.0120354	0.215664	-0.00953243	0.0036554	0.00364068	0
249.5194860291	207.1550169536	-0.0005166	-0.0434742	0.1983	-0.0088446	0.00359883	0.00310809	0
248.7437777905	207.0916719095	0.00152698	-0.00154761	0.209632	-0.00914837	0.00397254	0.00343241	0
249.0052103072	206.8916298147	0.00189535	-0.0202864	0.158081	-0.00868236	0.00372254	0.00310809	0
248.4750952006	206.8102722381	0.00851986	0.020605	0.140377	-0.00874991	0.00459221	0.00310809	0
249.404567821	206.2123610872	0.000420935	-0.0101048	0.172109	-0.0101678	0.00464109	0.00310809	0
248.5048477818	206.7700889402	0.00772964	0.0193072	0.196974	-0.0109443	0.00459195	0.00284348	0
249.3936720438	207.1369461281	0.00587593	-0.0698614	0.135861	-0.0102962	0.00478986	0.00289665	0
248.4282714662	206.6421358373	0.00352672	-0.0459536	0.123936	-0.0101858	0.00450538	0.00313136	0
249.1456236419	206.7091339085	0.000775592	-0.0724244	0.154897	-0.00942396	0.00475837	0.00304156	0
248.390822399	206.6838736148	0.000903359	-0.0503527	0.156172	-0.00971756	0.00468241	0.00331787	0
250.4100463407	206.2259239218	0.00148308	0.0105166	0.199573	-0.00992749	0.00481297	0.00341501	0
248.6682596385	206.7079291868	0.00307123	-0.0154798	0.225718	-0.0102977	0.00458725	0.00304156	0
250.2980628828	207.6198840809	-0.00651997	-0.0273836	0.154854	-0.00927804	0.00397254	0.00304156	0
248.7667267112	207.3147203025	-0.00438921	-0.0365707	0.132398	-0.00893787	0.00397254	0.00347643	0
249.3148140633	207.0269472648	-0.00108806	-0.0250379	0.117019	-0.00943235	0.00383186	0.00387859	0
248.2684805127	207.3251741779	-0.00211906	-0.0179559	0.113994	-0.00916653	0.00433149	0.00397611	0
248.3566222244	207.0763408544	0.00415165	0.00852037	0.149438	-0.00978293	0.00397254	0.00388612	0
248.6452693833	207.0463976909	-0.00150707	-0.0354107	0.11156	-0.00907123	0.00402774	0.00389489	0
248.2815256844	207.4136240677	0.00850165	0.0114796	0.114032	-0.00899664	0.00397254	0.00396888	0
248.3465531375	207.0292206912	-0.00360175	-0.0781906	0.128364	-0.00882277	0.00397254	0.00390391	0
248.2626771473	207.1163687043	0.000173824	-0.0180778	0.124254	-0.00916019	0.00436401	0.00405669	0
249.1189298145	206.6265716102	-0.00444744	-0.0065092	0.147279	-0.00884026	0.00444921	0.00423577	0
248.8060440982	207.0209430873	0.00196975	0.00519288	0.177761	-0.00993787	0.00444207	0.00371837	0
249.2099153407	207.2407465041	0.000733906	-0.033003	0.127879	-0.0103892	0.00468609	0.00420815	0
248.4420110578	206.862541615	-0.00470142	-0.0334021	0.109927	-0.00968918	0.00453372	0.00392356	0
248.3537370756	206.7897531073	-0.0016663	-0.0309241	0.122676	-0.00974343	0.0046425	0.00439704	0
248.4199466957	206.5033402392	-0.00850317	-0.031281	0.12822	-0.00920931	0.00453824	0.00428945	0
247.9915971557	206.6658222204	0.00121586	-0.00111042	0.139891	-0.00965563	0.00468303	0.00441716	0
248.4974406373	206.3879978521	-0.00303079	-0.0369888	0.126437	-0.00932825	0.00459799	0.00415874	0
248.1049942538	206.7022164742	0.00114322	-0.00758569	0.116072	-0.00994509	0.0048206	0.00414756	0
249.2990986821	206.3591039624	-0.00363722	-0.00552626	0.150358	-0.0108639	0.00472437	0.00413326	0
248.0111483795	206.9163849025	0.00172151	-0.0215036	0.165079	-0.0107041	0.00488476	0.00411933	0
249.2547715523	206.539637338	0.00217999	-0.0683594	0.100064	-0.0105728	0.00502133	0.0041896	0
247.0423501051	206.5937720905	0.00484759	-0.0930673	0.104655	-0.0105552	0.00503457	0.00422803	0
248.5889221776	206.647323913	0.00535952	-0.0844036	0.106587	-0.0099962	0.00511763	0.00415704	0
247.8522089169	206.5014165706	0.00366672	-0.0056195	0.146652	-0.0108131	0.00504912	0.00442895	0
249.3420617731	206.6371226406	-0.00269881	-0.0313361	0.143154	-0.0117127	0.00519662	0.00439131	0
247.8120069713	206.8936895002	-0.00919415	-0.0616387	0.13932	-0.0110302	0.00499899	0.00467571	0
248.7003269523	206.9854037972	-0.00833132	-0.0431742	0.169341	-0.0108761	0.00543167	0.00446896	0
248.0911719933	206.7752964469	-0.00518699	-0.0764102	0.146047	-0.0111903	0.00537608	0.00459262	0
249.0048713642	206.7726732626	-0.00633763	-0.0601137	0.152648	-0.0108375	0.0052296	0.0047371	0
248.2938020343	206.6875460729	-0.0112324	-0.0435234	0.137421	-0.0107622	0.00496014	0.00460288	0
248.6750467652	207.037925777	-0.00324859	-0.000585643	0.152113	-0.010911	0.00498365	0.00432096	0
249.3425991217	206.9225639589	-0.00748749	-0.0208688	0.153763	-0.0123585	0.00477667	0.00383916	0
249.5540334136	207.2763246562	-0.00442928	-0.0264074	0.112956	-0.0116146	0.00508005	0.00411948	0
249.6571712861	206.7107078191	-0.0117819	-0.0892753	0.0993251	-0.01193	0.00474566	0.00426976	0
248.7019968666	206.7226190191	-0.0102712	-0.0636264	0.104176	-0.0118297	0.00506816	0.00425748	0
249.5953844587	206.8169176385	-0.0154844	-0.0673619	0.102915	-0.0120527	0.00491016	0.00427809	0
249.9195710303	207.0601159734	-0.0099558	0.000523687	0.127021	-0.0137103	0.00517857	0.00442086	0
249.9909143967	206.8331036574	-0.0191179	-0.0661495	0.102469	-0.0131253	0.00500657	0.00402975	0
249.4748116894	206.9233023368	-0.00746481	-0.0542098	0.0895905	-0.0128157	0.00513816	0.00426381	0
249.7673525592	206.9444821214	-0.0137425	-0.059239	0.0899329	-0.0120319	0.00487236	0.00429038	0
249.2199596269	206.9286847224	-0.0108439	-0.0534205	0.0763929	-0.0124802	0.00484617	0.00430463	0
250.3869072813	206.5890309277	-0.0151003	-0.0196685	0.1025	-0.0127219	0.00504244	0.0043226	0
250.0183605122	207.1059148289	-0.00840946	-0.0222399	0.12861	-0.0138713	0.00529259	0.00432897	0
250.4438579709	206.8870635309	-0.0219733	-0.0586852	0.128516	-0.0127038	0.00503117	0.0044309	0
249.3198568737	206.9366514304	-0.0061139	-0.0640374	0.114386	-0.0125967	0.00514584	0.004504	0
250.393355465	207.2008158091	-0.0158277	-0.0575608	0.136795	-0.0121502	0.00514816	0.00457022	0
249.1136307302	207.2087436551	-0.0134711	-0.0580693	0.109202	-0.0118217	0.00463727	0.0044651	0
251.5468032681	207.7712903949	-0.0165263	0.0134978	0.212272	-0.0139879	0.00547601	0.00413696	0
251.8774710911	208.0909108337	-0.0359249	-0.0309843	0.614215	-0.0199112	0.00760586	0.00350519	0
250.9203870171	207.3691270889	-0.0575174	-0.113397	0.726358	-0.0228137	0.00836858	0.00339457	0
248.5824987946	207.3346953655	-0.0412945	-0.0701252	0.656725	-0.0223392	0.00747535	0.00300778	0
248.0283848707	206.8741224881	-0.0402029	-0.0915868	0.656304	-0.0221366	0.00749158	0.00300324	0
248.1030680656	207.3718668592	-0.0472571	-0.054074	0.657447	-0.0221314	0.00750831	0.00302117	0
248.5311530647	206.8409343484	-0.0472145	-0.0140284	0.677904	-0.0214296	0.00763641	0.00312884	0
248.126546068	207.3631423424	-0.0464785	0.0240369	0.66755	-0.0216165	0.00760318	0.00312884	0
249.1479218407	206.930278064	-0.0531639	0.0336117	0.675987	-0.0211702	0.00763529	0.00312884	0
249.0626570109	207.2177790679	-0.0462689	0.0651453	0.680222	-0.0219936	0.00738852	0.00312884	0
249.6331807358	207.1835805164	-0.0537723	0.0630261	0.697366	-0.0217095	0.00710946	0.00312884	0
249.1849906304	207.5022488365	-0.0410185	-0.00938527	0.655286	-0.0210288	0.00740406	0.00355906	0
249.5032911676	207.3904817525	-0.0446667	-0.0194734	0.655041	-0.019745	0.00710946	0.00355705	0
248.3493969519	207.6684227068	-0.0344283	-0.051146	0.655028	-0.0196815	0.00696979	0.00355705	0
248.9413319535	207.4505235274	-0.0318013	-0.0536031	0.667614	-0.0193232	0.00701739	0.00413702	0
249.4701160889	208.1329400762	-0.019243	0.0240628	0.699964	-0.0169716	0.00401025	0.00437778	0
249.8135232083	207.7937720563	-0.00269606	0.0580332	0.738154	-0.0144734	0.00173878	0.00494964	0
248.9748211745	207.1765270652	-0.00853215	0.066639	0.659084	-0.0132456	0.000471689	0.0057224	0
248.0475888846	207.1736124159	-0.0012642	0.102291	0.670957	-0.0133644	0.000537808	0.00631933	0
247.3444475139	206.4537523396	-0.000941481	0.0783009	0.672215	-0.0126402	-1.69149e-05	0.00665814	0
247.0078688558	206.970286483	0.00511352	0.157028	0.689441	-0.0133983	0.000336028	0.0066557	0
247.7971596148	207.0329708732	-0.00291241	0.114066	0.699423	-0.0137595	0.000902522	0.00591044	0
247.3899898784	206.7693505624	0.0104546	0.0840098	0.618334	-0.0127285	0.00146004	0.00639442	0
249.5829841053	207.3491520259	0.00453114	0.0641743	0.525067	-0.0117138	0.00130494	0.00610413	0
248.2590231765	207.6625739772	0.0203548	0.0548156	0.321216	-0.00755666	0.00225191	0.00596675	0
248.9430514692	206.9952747427	0.0353565	0.0941423	0.107376	-0.00517377	0.00224597	0.00439403	0
248.0140004608	207.3228813205	0.0120734	0.0664799	0.287947	-0.00757137	0.0029185	0.00311048	0
247.4079290563	206.7108244051	-0.00143526	0.0197727	0.368227	-0.0111829	0.00269846	0.00259232	0
247.0439869517	206.9189497939	-0.00873352	-0.00119014	0.384677	-0.0126498	0.00226955	0.00246649	0
247.0802042505	207.0620785039	-0.0069972	0.0477121	0.431141	-0.0115715	0.00245507	0.00281402	0
247.8186204931	206.8668164339	-0.014315	0.014519	0.442682	-0.0121714	0.00287417	0.00298065	0
247.7596196117	206.392194947	-0.0053192	0.0251181	0.448785	-0.0120241	0.0030143	0.00321906	0
247.5134891311	206.2102431087	0.00296789	0.0765132	0.441635	-0.0123199	0.00327744	0.00358283	0
248.4564781367	206.2315589104	0.00167512	0.0643182	0.444709	-0.0114489	0.00348121	0.00380795	0
248.1538681799	206.6020108324	-0.000972491	0.0564917	0.435097	-0.0113936	0.00348216	0.00377549	0
248.7210107417	206.4113733392	0.00508809	0.0465373	0.408537	-0.0109126	0.00367229	0.00366273	0
248.7484320565	206.5544048943	0.000425909	0.0437295	0.395316	-0.0111281	0.0038188	0.00385429	0
248.1896886674	206.7014003725	0.00199333	0.0468863	0.390267	-0.0110921	0.00367229	0.0037079	0
248.4679939315	207.0588140968	-0.00505216	0.00440958	0.390221	-0.010784	0.00367229	0.00362473	0
248.1579437627	206.9683239525	0.00617903	0.0211177	0.385492	-0.0115324	0.00414918	0.00421222	0
250.4349462503	207.0205350364	0.00305146	-0.0148836	0.428197	-0.0113646	0.00529831	0.0047542	0
248.2409021268	207.1457677999	0.00254136	-0.0248892	0.440976	-0.0122676	0.00541625	0.00510865	0
249.228152127	207.0151137887	0.00714393	0.00329318	0.417947	-0.0121801	0.00552283	0.00506375	0
247.5586760188	206.3268485104	0.00460196	-0.00039851	0.387943	-0.0118911	0.0052944	0.00489973	0
249.9799028829	206.9945752269	-0.00281618	-0.000551966	0.272514	-0.0116621	0.0041361	0.00427459	0
249.3532468918	207.2792198744	-0.0136251	0.050288	0.230033	-0.011082	0.00324324	0.00441825	0
250.3204331203	207.2971935449	0.0117601	-0.0123677	0.114679	-0.0108285	0.00394701	0.00383879	0
249.9869710843	206.8894729743	0.0266804	-0.0824171	-0.197483	-0.0101342	0.00568725	0.00362967	0
248.3367403245	206.687079729	0.0190232	-0.106337	-0.456165	-0.00946856	0.00609027	0.00375575	0
246.6413888123	206.0599249304	0.0152197	-0.0805713	-0.432629	-0.00861174	0.00520546	0.00377818	0
246.2164783036	206.4262186195	0.0124211	-0.045349	-0.369297	-0.00848123	0.00514649	0.00355104	0
246.6533758205	206.4967725628	0.00690367	-0.0631551	-0.307493	-0.0102486	0.00467374	0.00355104	0
245.8124665239	206.4078174671	0.0131604	-0.138699	-0.354334	-0.0104956	0.00509985	0.00355104	0
246.4287723534	205.7702087931	0.0201098	-0.155693	-0.376593	-0.0104965	0.00563937	0.00361473	0
245.6605621951	206.193260419	0.0180017	-0.159747	-0.375766	-0.00999776	0.00556237	0.0036177	0
246.8228638504	206.1256599869	0.0130536	-0.162716	-0.34758	-0.0101248	0.00578561	0.0037107	0
247.3883943663	206.4597759481	0.0216079	-0.155945	-0.334479	-0.0106314	0.00570886	0.00355104	0
248.5491501109	206.5201674809	0.0168311	-0.087973	-0.279552	-0.0116687	0.00571323	0.00355104	0
247.7690852148	206.3146652765	0.0129511	-0.134218	-0.329168	-0.0112873	0.00532084	0.00355104	0
248.7851288356	206.1760834193	0.0203555	-0.134319	-0.369316	-0.0109595	0.00574402	0.00381422	0
247.2272641746	206.2007607831	0.0165352	-0.155843	-0.39271	-0.0103349	0.00560205	0.00355104	0
247.440938797	206.4950237732	0.0206293	-0.142603	-0.374799	-0.0100664	0.00574402	0.00380528	0
247.3037991556	206.8241848306	0.0176022	-0.131074	-0.338803	-0.0108946	0.00574402	0.00384799	0
248.7796230787	206.3781269066	0.0209631	-0.129194	-0.305953	-0.0116253	0.00596015	0.00381454	0
247.8738434001	206.9852677802	0.0210359	-0.156168	-0.309827	-0.0110128	0.00578883	0.00432016	0
249.5028530218	206.3625432485	0.018167	-0.172276	-0.301055	-0.0101009	0.00645973	0.00449828	0
247.7696308303	206.1219292359	0.0218294	-0.171794	-0.307806	-0.0100755	0.00594878	0.00474828	0
249.4631966917	206.3814496067	0.0179081	-0.149385	-0.295885	-0.0102722	0.00609422	0.00457063	0
248.6594884552	206.1737516999	0.0133973	-0.141294	-0.304649	-0.0102	0.00611347	0.00474828	0
249.0049292325	206.4223129895	0.0126131	-0.083588	-0.281065	-0.00902017	0.00542974	0.00474828	0
249.418439683	206.0968243902	0.0138633	-0.108951	-0.287214	-0.00957165	0.00522984	0.00422887	0
248.8197836898	206.3376132817	0.0181691	-0.047299	-0.304176	-0.0109175	0.00524752	0.00444785	0
249.9519690202	206.2312674454	0.009037	-0.106558	-0.33432	-0.011241	0.00531144	0.00419186	0
248.9760777437	206.4710459253	0.00752659	-0.130491	-0.393232	-0.0106994	0.00481202	0.00407953	0
249.0401875706	206.1435559334	0.0123723	-0.161629	-0.365434	-0.0104442	0.00502882	0.00399201	0
248.2754081768	205.7808375475	0.00815276	-0.1606	-0.365441	-0.0101812	0.00487155	0.00404692	0
249.0376000302	205.926317408	0.0118964	-0.139816	-0.34311	-0.0103623	0.00515913	0.00412478	0
249.2871943429	205.8443963325	0.011473	-0.109687	-0.313653	-0.0110682	0.00492593	0.00438357	0
248.5562183123	205.5870716641	0.0124661	-0.0961185	-0.313681	-0.0112214	0.00534682	0.00397406	0
249.2956265832	206.1006328652	0.0115141	-0.126855	-0.353253	-0.0101918	0.00522847	0.0040334	0
248.3705932892	205.9207212814	0.0152148	-0.123832	-0.349317	-0.0104184	0.00557817	0.00423226	0
249.0334500453	206.3909707944	0.00680065	-0.12381	-0.332251	-0.0102065	0.00539494	0.00420061	0
248.0541114705	206.0908979367	0.0115801	-0.123851	-0.322718	-0.00993972	0.00532719	0.00417849	0
249.5595474374	206.7306634511	0.0129767	-0.107076	-0.308404	-0.0109405	0.00533247	0.00403193	0
248.1608950468	206.0343148789	0.01006	-0.136925	-0.334529	-0.0113619	0.00545449	0.00402592	0
248.3452387001	206.5689587097	0.0121147	-0.143732	-0.33507	-0.0109476	0.00562571	0.00386725	0
248.0902874347	206.1767052111	0.0116112	-0.14832	-0.325286	-0.0105147	0.00548766	0.00426643	0
248.1323411665	206.9048040294	0.0130895	-0.125343	-0.309419	-0.0107685	0.00607168	0.00438357	0
248.8068625216	205.9164658934	0.00919218	-0.177008	-0.308213	-0.0104015	0.00552796	0.00438357	0
247.8451324486	206.253107884	0.0125852	-0.151022	-0.320995	-0.0104125	0.00556798	0.00417168	0
248.4989534804	206.1994977684	0.0108362	-0.143337	-0.311435	-0.0102993	0.00580788	0.00422607	0
248.2210532945	206.1904040627	0.0171674	-0.121028	-0.314311	-0.0106609	0.00548404	0.00408213	0
248.5349889073	206.4541992525	0.0202444	-0.120027	-0.294204	-0.010723	0.00562432	0.00438357	0
249.2889055916	205.9277553016	0.0178835	-0.12449	-0.321411	-0.0103421	0.00511678	0.00438357	0
248.3743712636	205.9861843039	0.0204682	-0.119331	-0.325387	-0.0101603	0.0051618	0.00413357	0
248.9654134398	206.1259514519	0.0152399	-0.179027	-0.32414	-0.00978788	0.00504372	0.00403442	0
248.2295682038	206.1140596829	0.0166026	-0.128944	-0.328529	-0.00991297	0.00523055	0.00409987	0
249.4812185386	205.8218952402	0.0138639	-0.145782	-0.320005	-0.00997699	0.00511291	0.00441834	0
248.2739036006	205.7130622365	0.0149069	-0.138178	-0.345665	-0.0100186	0.00513019	0.004058	0
249.1356206902	205.9297955561	0.0174477	-0.114959	-0.320531	-0.00994817	0.00549455	0.004308	0
250.3125712963	206.0996418845	0.0105562	-0.0962356	-0.274902	-0.0107893	0.00544931	0.004308	0
249.4796395603	206.3660602586	0.0188268	-0.14338	-0.274821	-0.0113719	0.00580272	0.004308	0
249.1113821328	205.6316269359	0.0137436	-0.18993	-0.290935	-0.0107365	0.00582169	0.004308	0
248.2998699405	205.6982946802	0.0132573	-0.165359	-0.314814	-0.0106585	0.00574158	0.004308	0
249.1486906626	205.8840938556	0.0108345	-0.134636	-0.2866	-0.0109194	0.0056688	0.00444333	0
251.54452987	207.1546089027	0.000144332	0.0181682	0.1441	-0.0160929	0.00620599	0.00361629	0
251.2051817996	206.8092618264	0.000149297	-0.0895103	0.251438	-0.0184626	0.00696953	0.00284439	0
249.486517623	206.5554930301	-0.000911481	-0.0637256	0.168091	-0.017507	0.00665167	0.00306229	0
249.9145695545	206.6460220363	0.00610413	-0.137963	0.111215	-0.0166798	0.00638795	0.00320577	0
248.3229345978	206.92238908	0.00462749	-0.108568	0.107474	-0.0163691	0.00624841	0.0034197	0
250.7570578294	207.1029030247	0.00814625	-0.0910435	0.168727	-0.0151895	0.00670952	0.00409406	0
248.52081117	207.0429972667	0.000180773	-0.0571426	0.161379	-0.0151352	0.0068705	0.00421493	0
249.9012598418	206.6122509668	-0.000252127	-0.0109568	0.189025	-0.0151071	0.00670787	0.004195	0
248.8489245202	206.719082578	-0.0093309	0.00413549	0.226212	-0.0165102	0.00698644	0.00332985	0
252.2906095309	208.0319377635	-0.0555626	0.0563435	0.887527	-0.0254035	0.00839249	0.00229435	0
250.4586970604	207.9261942881	-0.107844	-0.0286107	1.27503	-0.0320672	0.00847228	0.00148136	0
250.2587289619	207.6572887466	-0.0844631	-0.0876173	1.15809	-0.0316349	0.00809028	0.00148136	0
248.3412044518	207.4373687438	-0.0825543	-0.0941754	1.08049	-0.0305058	0.00818557	0.00148136	0
247.7521215314	207.5379630055	-0.0854996	-0.0857679	1.10379	-0.0297958	0.00793557	0.00202723	0
248.2814347485	207.4910177213	-0.089225	-0.0884098	1.10365	-0.0288225	0.00797961	0.00208721	0
249.5432203055	207.6917981939	-0.0823249	0.052586	1.17452	-0.0286404	0.00868953	0.00240098	0
249.4649658088	207.1885354202	-0.0726576	0.0218081	0.987601	-0.026607	0.0101612	0.00243666	0
249.5528760473	207.6637398369	-0.0876505	0.0455011	1.03886	-0.0303921	0.00796699	0.00150164	0
249.5197671038	207.3103094666	-0.0735662	-0.070855	0.973631	-0.0311143	0.00725253	0.00145391	0
248.8406906856	207.197357092	-0.069231	0.0170921	0.984763	-0.0312389	0.00716379	0.00191596	0
248.5788696245	207.2207908721	-0.0759207	0.0122272	0.99681	-0.0313818	0.00770474	0.00191596	0
249.4827313817	207.7539968093	-0.076315	0.0572515	1.06631	-0.0319538	0.00795474	0.00191596	0
249.310697146	207.010120023	-0.0742371	-0.0261998	1.01385	-0.0308161	0.00795474	0.00191596	0
249.2166032646	207.2099678078	-0.0675622	-0.0451466	1.03688	-0.0312389	0.00795474	0.00191596	0
249.576411918	207.448444411	-0.0675645	-0.0715306	1.06003	-0.0310212	0.00751074	0.00237864	0
248.8940535396	207.5427624613	-0.0689967	-0.058883	1.0926	-0.0304976	0.00795474	0.00251375	0
248.7419012037	207.4306067574	-0.0667437	-0.0227344	1.09059	-0.0300666	0.00731381	0.00251375	0
247.7805514082	207.6068264522	-0.0634253	0.00817527	1.12542	-0.0306547	0.00748342	0.00251375	0
248.6201131998	207.1552112636	-0.0741847	0.00801241	1.13383	-0.0298725	0.00732314	0.00251375	0
247.2932175207	207.1636248845	-0.0713353	0.0175662	1.11196	-0.0300666	0.00758129	0.00251375	0
248.3328300798	206.7920071027	-0.0731864	0.0315336	1.12596	-0.0295947	0.00732133	0.00251375	0
246.8199952353	207.2122606652	-0.071366	0.00252452	1.1249	-0.029786	0.00742488	0.00251375	0
247.8234318302	206.8209981474	-0.0674761	-0.00750578	1.13524	-0.029694	0.00769309	0.00299963	0
247.0259568379	206.5414249896	-0.0707757	-0.0206894	1.13696	-0.0289785	0.00772281	0.00305871	0
249.0164615612	207.1121133164	-0.0346406	0.0658346	1.05302	-0.0245949	0.00726346	0.00212804	0
250.2530826677	206.9966737743	0.018659	0.0625717	0.74248	-0.00456285	0.00541472	0.00102356	0
247.6914011344	206.7181498902	0.0143961	-0.0403001	0.708742	-0.00490345	0.0061881	0.00172314	0
247.7706063248	206.6818722224	-0.0190205	-0.081143	0.804176	-0.00707654	0.00460836	0.00212147	0
247.2538339984	206.9978202031	-0.0243012	-0.160426	0.897955	-0.00923864	0.00585147	0.00206056	0
246.4455045635	206.9347471929	-0.0205969	-0.0992582	0.826731	-0.00833416	0.00661246	0.00297462	0
245.483733156	205.8768266634	-0.0161466	-0.0369633	0.861573	-0.00891952	0.00768326	0.00356236	0
245.4755241221	205.8837829596	-0.010042	0.00809329	0.865135	-0.00990363	0.00745779	0.00434501	0
245.8840330966	205.2785268925	-0.0130799	0.0626094	0.854925	-0.00898736	0.00818235	0.00468248	0
247.0406305894	205.7275966208	-0.013459	0.0765346	0.920244	-0.0103292	0.00919581	0.00456102	0
248.7304102096	205.7855981413	-0.023729	0.0662296	1.01897	-0.010639	0.00895701	0.00458706	0
247.0167144412	205.5593436341	-0.00838212	0.0497352	0.945267	-0.00941754	0.00869424	0.00456956	0
247.6189004017	205.6282459428	-0.0202717	0.0323356	0.948296	-0.00928716	0.00874623	0.00462243	0
245.9060395904	205.9786450778	-0.0210814	0.00148322	0.91555	-0.0086338	0.0086286	0.00457331	0
246.7137324738	205.735096985	-0.0138884	-0.00271759	0.920906	-0.00865228	0.00904122	0.00487105	0
245.9257396185	205.5488897587	-0.0235947	2.57977e-05	0.931114	-0.00860381	0.00893032	0.00466727	0
245.7619309504	205.6050647656	-0.0084804	0.0114478	0.934301	-0.00891082	0.00883308	0.00489049	0
245.8681110429	205.3265991745	-0.0204833	0.0113707	0.944387	-0.00880285	0.00875332	0.00503632	0
245.8088869552	205.2754762263	-0.00251714	0.0322005	0.877931	-0.00852639	0.0079492	0.0047195	0
247.0345709501	205.6141390403	-0.0131678	0.0625261	0.847541	-0.00915059	0.00748348	0.00482675	0
246.1805834141	205.5150409652	-0.00792146	0.05648	0.836991	-0.00943462	0.0075714	0.00472549	0
246.1495577299	205.436131694	-0.0143363	0.0318335	0.836583	-0.00970381	0.00760952	0.00462132	0
245.8255199625	205.1284807482	-0.00965357	0.0331678	0.829497	-0.00912362	0.0074852	0.004846	0
245.692877516	205.5632881261	-0.00520754	0.0130075	0.813937	-0.00984592	0.00714657	0.00481382	0
245.0741825517	205.1228846216	-0.0140088	-0.00418673	0.83334	-0.00932267	0.00703783	0.00462494	0
244.037413807	205.459837508	-0.0101087	-0.00383333	0.836001	-0.00949587	0.00732293	0.00482078	0
244.2495259849	205.623407625	-0.012347	-0.00291308	0.829205	-0.0096403	0.00695778	0.00475765	0
243.4152963453	205.1046000552	-0.0119946	-0.00274896	0.820318	-0.00947055	0.00706549	0.00501026	0
242.8193105615	205.4453808477	-0.00499255	0.0317944	0.838375	-0.00983112	0.00691649	0.00482532	0
243.340894225	205.0589177857	-0.00899576	0.00642113	0.844399	-0.00976633	0.00667594	0.00502543	0
243.3204501758	204.9901320629	-0.00577134	0.0125929	0.830219	-0.00969634	0.00721056	0.0051205	0
243.4367489566	204.5408097317	-0.0108877	0.0299926	0.843055	-0.00983874	0.00680734	0.00491452	0
243.4561761769	204.8722053535	-0.0124839	0.0223782	0.82521	-0.00992911	0.00681071	0.00498845	0
243.3382570832	205.0162278894	-0.011559	0.0262054	0.844231	-0.00999124	0.00694345	0.00511355	0
243.4212485149	204.738850434	-0.01936	0.046719	0.832533	-0.00884556	0.00670689	0.00497926	0
243.4254894357	204.7648491055	-0.0155132	0.00174765	0.840052	-0.0100352	0.0068562	0.00516441	0
244.384235157	204.6188446081	-0.0212205	0.0147662	0.80584	-0.00925999	0.00762764	0.00499597	0
245.1608527549	205.2237314863	-0.0327318	0.0169078	0.959742	-0.0119203	0.00903812	0.00463592	0
246.9720318346	205.5005454428	-0.0521511	-0.0541266	1.19995	-0.0139981	0.0102347	0.004412	0
244.9862640463	204.6225947902	-0.0648194	-0.0491218	1.2427	-0.0144295	0.0100701	0.00438509	0
243.4125186661	204.5961880678	-0.0519105	0.0099336	1.24786	-0.0147184	0.00987112	0.00441131	0
243.8376771818	204.25667029	-0.0546104	0.0103406	1.23155	-0.0147975	0.00948776	0.00410835	0
243.2676246704	204.3112130933	-0.0433484	0.0222861	1.1955	-0.0141932	0.0094374	0.00410835	0
244.0197557038	203.9515065116	-0.0458555	0.0654066	1.20383	-0.0151385	0.00921155	0.0042908	0
243.7850914166	204.4539920455	-0.0426558	0.0534445	1.1778	-0.0153363	0.00931011	0.00410835	0
244.4516269442	204.2711075194	-0.0375484	0.0453023	1.18221	-0.0153622	0.00938145	0.00488293	0
245.4817490995	204.7331571524	-0.0469924	0.0404083	1.18936	-0.0154627	0.00943219	0.00570713	0
245.0155040796	204.7337206513	-0.0406437	0.0539882	1.13381	-0.0153488	0.00991438	0.00614157	0
245.4839398286	205.2080312422	-0.0525571	-0.00236003	1.12998	-0.0156471	0.0098857	0.00620706	0
244.2671427536	205.0851301981	-0.0394244	-0.0215834	1.11888	-0.015685	0.00970804	0.00629412	0
245.4518725147	204.9252714012	-0.0451527	-0.00627206	1.11885	-0.0150876	0.00984143	0.00598166	0
244.5284512667	204.8335376732	-0.0405608	-0.0403758	1.09563	-0.0151524	0.00947863	0.00590472	0
245.736510226	205.1858604768	-0.0186045	-0.0279736	1.01976	-0.0121508	0.00754922	0.00340554	0
246.6410829369	204.9018181901	-0.0127593	0.115125	1.09233	-0.00705741	0.00534357	0.00340554	0
246.4145367477	204.6171929735	-0.000158116	-0.0224673	0.694591	-0.00523139	0.00525095	0.00280002	0
248.314461023	206.065695936	-0.0490484	-0.1664	0.110786	-0.026308	0.000392034	0.000662598	0
246.5120448597	206.8491342284	-0.0552467	-0.00917349	0.162167	-0.0260426	0.00122815	0.00163243	0
247.5209458769	206.5322729909	-0.0901067	-0.00675508	0.801284	-0.0301882	0.00265739	0.00108059	0
246.6746548269	207.6046501808	-0.120786	0.0704838	1.8325	-0.0361424	0.00524078	0.000686821	0
247.2273303098	207.4552841213	-0.126752	-0.0137957	1.86167	-0.0350329	0.00525506	0.000749631	0
246.7432866494	206.8576838662	-0.123506	0.100401	1.73857	-0.0341568	0.00470605	0.00126057	0
247.0163258968	207.0910501177	-0.133392	0.0682406	1.69916	-0.0338388	0.00453881	0.00157966	0
247.2568018163	206.8642515426	-0.121336	0.0602847	1.68631	-0.0336244	0.00467395	0.00184713	0
247.7991932728	206.5539191195	-0.127471	0.0893812	1.70375	-0.0337129	0.00437555	0.00194859	0
249.3316372094	207.4096795757	-0.120563	0.0566736	1.63871	-0.0338751	0.00432414	0.00194859	0
250.4363846912	207.7238399049	-0.11475	0.0744285	1.47763	-0.0336107	0.00427561	0.00128004	0
249.1336449005	207.4865680234	-0.107286	0.0820945	1.4374	-0.0337212	0.00411779	0.00128004	0
248.6357624457	207.3910452514	-0.118089	0.0442859	1.47978	-0.0334945	0.00463123	0.00149833	0
248.4071412641	207.3556808403	-0.11657	0.0593237	1.47588	-0.032914	0.00477615	0.00178314	0
248.9818149738	207.2176430509	-0.115414	0.0732699	1.5208	-0.032333	0.00447877	0.00188243	0
249.4334110429	207.233187847	-0.111505	0.0702137	1.53095	-0.0322018	0.00454383	0.00183825	0
248.0536981254	207.6814609045	-0.119996	0.0869634	1.55709	-0.0325628	0.00489161	0.001964	0
248.322157509	207.0391693607	-0.1118	0.0995927	1.55847	-0.0325825	0.00482198	0.00186801	0
247.0967463219	207.6189708242	-0.120981	0.0677161	1.56715	-0.032815	0.00513623	0.00167944	0
250.0819247236	207.6373525456	-0.115736	0.0795825	1.65315	-0.032911	0.0048449	0.00189545	0
248.9519383891	207.4970996228	-0.115583	0.037913	1.70489	-0.0330341	0.0048449	0.00177397	0
250.1434883446	207.2339067938	-0.130103	0.0604964	1.74938	-0.0338933	0.00527495	0.00222368	0
248.5303594421	207.1386949177	-0.128232	0.0495558	1.70955	-0.0339875	0.00496865	0.0021751	0
251.178678111	207.7659663023	-0.0933452	-0.019951	1.18922	-0.0289468	0.00368159	0.00352153	0
252.2965038322	208.6008384388	-0.0979165	-0.00201421	0.943765	-0.0253616	0.00259792	0.00408024	0
249.6505908319	207.5534300776	-0.0815278	0.0390272	1.00119	-0.0275553	0.00352493	0.00359268	0
248.9112321624	206.9401684405	-0.0704864	-0.0294567	1.0829	-0.0268874	0.004518	0.00291756	0
248.1250993601	206.838544336	-0.0799548	-0.0364624	1.03736	-0.0272717	0.00445845	0.00247964	0
247.4661032474	206.4647891448	-0.0797125	-0.00224439	1.03426	-0.0269663	0.00445845	0.00247964	0
246.9023831831	206.5802869798	-0.0737444	0.023736	1.01154	-0.0273085	0.00476264	0.00247964	0
247.853804429	206.4787600303	-0.071248	0.017089	1.0149	-0.0267013	0.00530652	0.00289993	0
247.4158322148	206.6843788207	-0.0669641	0.0271464	0.993289	-0.0267698	0.00504728	0.00309066	0
248.1248430861	206.2024707107	-0.085253	0.0273243	0.997904	-0.0264602	0.00513098	0.00318548	0
248.9237317186	207.0850070782	-0.078975	0.0356121	1.05707	-0.0278916	0.00445845	0.00349591	0
250.971732747	206.9768541593	-0.0844305	0.0538187	1.13534	-0.0295768	0.00445845	0.00330237	0
249.30147955	206.954081033	-0.0784207	-0.0124042	1.00104	-0.0276406	0.00445845	0.00330237	0
249.9467856725	207.1665201027	-0.0745918	-0.00777512	0.949699	-0.0276261	0.00461649	0.00330237	0
247.9392924652	206.4530916858	-0.0787326	-0.0100201	0.952383	-0.0273326	0.00454438	0.00330237	0
249.8239560389	207.0014926611	-0.0807564	0.0195747	1.00207	-0.0278443	0.00445845	0.00330237	0
249.6227727058	206.9357187426	-0.0720468	0.0559532	1.02807	-0.0291387	0.00405717	0.00377888	0
249.5979058639	207.2852823449	-0.0768954	0.048354	1.00449	-0.0298017	0.00445845	0.00302122	0
250.4579282385	206.7260971673	-0.0747603	0.0184816	0.923203	-0.0288982	0.00457703	0.00320754	0
249.5753620214	206.9266444679	-0.0783597	0.0163246	0.935596	-0.028144	0.00511559	0.00327363	0
249.8009905845	206.9220976151	-0.0758362	0.0232248	0.919092	-0.0281557	0.00445846	0.00364818	0
249.3973425484	207.0558411545	-0.0760946	0.0172591	0.919011	-0.0278633	0.00502091	0.00354336	0
249.5904904525	207.0391693607	-0.0858213	0.0166642	0.915011	-0.027714	0.00471221	0.00364818	0
248.62187405	207.4160529421	-0.073482	0.0635426	0.933991	-0.027797	0.00445846	0.00364818	0
249.7001591778	207.3771520899	-0.0752772	0.0368479	0.956632	-0.0280601	0.00453849	0.00349752	0
248.3082360456	208.0951856527	-0.068465	0.0346554	0.929043	-0.0282151	0.00470383	0.003801	0
248.8609776637	207.508155859	-0.0740264	0.0436943	0.9533	-0.0277606	0.0049373	0.00363603	0
247.6780996887	208.029994664	-0.0722905	0.0230873	0.938432	-0.0278633	0.00494167	0.004051	0
248.3953774622	207.7181854853	-0.0759213	0.0342491	0.931311	-0.0277569	0.00534015	0.004051	0
247.5891808881	207.5215049526	-0.0806389	0.0308662	0.930028	-0.0276182	0.00510886	0.004051	0
248.4329257322	207.6391401971	-0.0729521	0.0733645	0.990789	-0.0280997	0.00560511	0.00388071	0
248.1882171588	207.2307201106	-0.0876088	0.0145548	0.950364	-0.0276676	0.00515345	0.004051	0
247.8328395649	207.352843915	-0.0796737	0.0248117	0.925811	-0.027542	0.00543625	0.00421725	0
248.0436125046	207.0346808008	-0.077906	0.0151136	0.921883	-0.0272079	0.00529776	0.004051	0
247.6284156061	207.2954253244	-0.0829324	0.0502083	0.929281	-0.0277934	0.00527364	0.004051	0
248.9689847416	206.9189303629	-0.0772598	0.0582638	0.966119	-0.0284551	0.00521995	0.00363603	0
247.8985366371	207.0510416987	-0.084211	0.0107941	0.93307	-0.028474	0.00518613	0.003801	0
248.0919160145	206.4846864838	-0.0842996	0.0234042	0.913883	-0.0281217	0.00541635	0.004051	0
248.0036502992	206.5132889087	-0.0813269	0.0193317	0.895577	-0.0276021	0.00541638	0.004051	0
247.3831531503	206.7122622987	-0.0892846	0.0268037	0.919317	-0.0278688	0.00534767	0.00416658	0
248.0768371848	206.8796020287	-0.0931008	0.0200769	0.919028	-0.0277435	0.0051898	0.00407419	0
247.4597459996	206.3579769646	-0.0887384	0.0658411	0.94133	-0.02857	0.0055185	0.00391655	0
248.7049150831	206.1506093847	-0.0809523	0.0155589	0.951402	-0.0287163	0.00521096	0.00391655	0
247.8549865961	207.0448626423	-0.0732111	0.0146891	0.898519	-0.028677	0.00518528	0.00391655	0
248.9454736716	206.6545716742	-0.0838757	0.0254838	0.892489	-0.0280841	0.0052507	0.00423393	0
247.0414159451	206.8876075987	-0.0771779	0.0164829	0.911851	-0.0280841	0.00525802	0.00390041	0
250.0558261132	207.2740317987	-0.0865079	0.045834	0.979871	-0.0273261	0.00546124	0.00423421	0
248.2072393008	207.1904979507	-0.081643	-0.02779	0.961869	-0.027424	0.00601236	0.00439211	0
248.7924615779	206.8686040855	-0.080492	0.0207323	0.985932	-0.0279785	0.00591965	0.00439211	0
247.8051950438	206.7135641754	-0.0877723	0.0169454	0.988071	-0.0283319	0.00557142	0.00397932	0
247.9787503896	206.607470942	-0.0804117	0.0220372	0.961958	-0.0283228	0.00588619	0.00382101	0
248.2060488669	206.7078320318	-0.0873501	-0.0210483	0.937987	-0.0283477	0.00557142	0.00405116	0
247.9195015012	206.5570863717	-0.0831289	0.0293603	0.929409	-0.0281609	0.00557142	0.00389198	0
248.5028967928	206.4588238293	-0.0814217	0.0338481	0.955106	-0.0287143	0.00572556	0.00389198	0
248.9403564591	206.5028156023	-0.0785832	0.0356344	0.963595	-0.0296962	0.00619621	0.00389198	0
248.7157529919	206.8110494779	-0.0815619	-0.000669741	0.916574	-0.0290313	0.00572859	0.00389198	0
248.970977065	206.86263877	-0.0806599	-0.00649771	0.888067	-0.0290342	0.00570395	0.00389198	0
248.7072215488	206.6736140494	-0.0856014	-0.0355081	0.902645	-0.0286922	0.00586021	0.00372169	0
249.0460901388	206.7507162381	-0.0796896	-0.0132162	0.893025	-0.0284638	0.00580662	0.00389198	0
249.3038852185	206.9314827857	-0.0821705	-0.0129361	0.935101	-0.0285148	0.00557141	0.00389198	0
250.0414913047	207.0407432713	-0.0846951	0.0434762	0.954991	-0.0297994	0.00599371	0.00347701	0
249.2043269147	207.1583590848	-0.078564	-0.00661791	0.932827	-0.0294826	0.00557141	0.00340912	0
250.2032663148	207.105720519	-0.0826785	0.0287783	0.885356	-0.0288509	0.00606533	0.00397542	0
248.9839891691	207.4892883627	-0.079358	-0.0193004	0.872668	-0.0281588	0.00597976	0.00427795	0
249.4723646863	207.4329773389	-0.0904806	0.0348822	0.903561	-0.0279106	0.00688145	0.00431625	0
248.9218881994	207.6451832366	-0.0817808	-0.017696	0.878515	-0.0278266	0.00645486	0.00431738	0
249.3030750621	207.70714868	-0.0735562	0.0371836	0.920581	-0.0282912	0.00653117	0.00398159	0
249.3397222398	207.6575996425	-0.0758912	0.0219496	0.920608	-0.02853	0.00607388	0.00398159	0
249.6643717579	207.2961442712	-0.0770497	0.0114163	0.877448	-0.0286332	0.00622984	0.00398159	0
249.3704255147	207.4648247399	-0.0763113	-0.0108078	0.869994	-0.0285108	0.00619004	0.00415573	0
249.6794753883	207.2416403299	-0.0877095	0.000399439	0.875268	-0.0279845	0.00653588	0.00433299	0
249.6076525416	207.4341043366	-0.074658	-0.000955745	0.861667	-0.0277902	0.00620253	0.00421072	0
250.3890236083	207.7006975897	-0.0770118	0.0319276	0.919619	-0.0286809	0.00623381	0.00422528	0
249.9529527816	207.0809265692	-0.0788982	0.00970916	0.896367	-0.0290671	0.00615281	0.00388209	0
250.2661361064	207.1195942495	-0.0845398	0.00284442	0.863309	-0.0282832	0.00626469	0.00409425	0
249.5883493249	207.3053545629	-0.075176	-0.0208552	0.84433	-0.0281674	0.00624625	0.00464131	0
249.6803682138	207.1728740381	-0.0861519	-0.0138884	0.856931	-0.0283415	0.00633245	0.00424419	0
249.1542460209	206.8635520268	-0.0788644	0.00286569	0.856871	-0.0278569	0.00616137	0.00416282	0
249.9718178525	207.2143203507	-0.0829416	0.019315	0.909923	-0.0284221	0.0063297	0.00419161	0
249.588167453	206.6743524272	-0.0828792	0.0293981	0.926687	-0.0293062	0.00596208	0.00388208	0
249.4473242394	207.2518998953	-0.0754156	-0.0145515	0.871417	-0.0289537	0.00620775	0.00397769	0
249.6094216587	207.5020350955	-0.0752447	-0.00624908	0.817603	-0.0284058	0.00596357	0.00437339	0
248.4311566151	207.0927017522	-0.0761976	-0.0251231	0.827248	-0.0281854	0.00618825	0.00437339	0
248.5346086298	207.1269391657	-0.0694303	0.0132253	0.846142	-0.027819	0.00616062	0.00437339	0
248.9816744365	207.3112810164	-0.0700613	0.03967	0.887539	-0.0277807	0.00616223	0.00417717	0
250.1196135309	207.9290506444	-0.0641712	0.0607793	0.884304	-0.0255893	0.0055714	0.00396245	0
249.3367461549	207.5363502329	-0.0706086	0.0230354	0.835713	-0.0247335	0.00616899	0.00422318	0
248.6706239725	207.1861842698	-0.0635111	0.00339379	0.817682	-0.0246308	0.00632168	0.00447598	0
248.2700016227	207.121517918	-0.0658625	0.0231741	0.844756	-0.0248195	0.00633605	0.00460456	0
249.3045713714	207.1580093269	-0.067305	0.0220636	0.851477	-0.0246308	0.00608134	0.00455173	0
249.99664336	207.8089088015	-0.0769273	0.0702016	0.915391	-0.0258541	0.00653946	0.00447598	0
250.9435508772	207.5656716046	-0.0699818	0.0016334	0.941975	-0.0255628	0.00650534	0.00472598	0
248.9957695048	207.2129990431	-0.0771797	0.0264327	0.86178	-0.0252584	0.00647774	0.00447598	0
249.7073596496	206.9354272777	-0.0850743	0.00383557	0.878374	-0.0252438	0.00670698	0.00490075	0
248.2814182147	206.53186494	-0.0768824	0.0282969	0.849613	-0.0250703	0.00678586	0.00497103	0
249.4325347513	206.8330842264	-0.0691806	0.043179	0.830141	-0.0247853	0.00739716	0.00433328	0
248.0233089927	206.1846913501	-0.0697492	0.0672064	0.805902	-0.0246515	0.00899643	0.00382748	0
249.2256389887	206.2037920183	-0.070966	0.0111479	0.604796	-0.0257241	0.00727411	0.00253328	0
247.9977229303	206.5991544761	-0.062652	0.0187738	0.381324	-0.0240786	0.0061392	0.00274986	0
248.3777689604	206.1455573259	-0.0636172	-0.0336317	0.354522	-0.0231947	0.00613919	0.00336435	0
247.8696603475	206.535692846	-0.063303	0.0357035	0.41699	-0.0246697	0.00588919	0.00336435	0
249.0875734543	206.376475272	-0.0653996	-0.0138621	0.422061	-0.0252935	0.00613919	0.00311435	0
248.7164308779	206.9922629385	-0.0640642	-0.0297113	0.321452	-0.0240098	0.00588919	0.00336435	0
249.5694594532	206.9368651714	-0.0583197	-0.0389026	0.308745	-0.0237639	0.00651394	0.00336435	0
247.7377949898	206.9683822454	-0.0627446	-0.0366844	0.308658	-0.0232814	0.00613919	0.0034471	0
249.9969492354	206.6876820899	-0.0580697	-0.00475977	0.336935	-0.023318	0.00613919	0.00355659	0
249.9723221336	206.8263611021	-0.0630512	0.0173395	0.404527	-0.0246699	0.00568239	0.00336435	0
252.2715791219	208.448343989	-0.0635522	-0.0303581	0.448455	-0.0234151	0.00661134	0.00419791	0
250.8137109105	207.95825543	-0.075152	-0.081151	0.39187	-0.0225344	0.00704501	0.00460151	0
249.9608807409	207.7030487401	-0.0782761	-0.0571753	0.404423	-0.0229545	0.00720902	0.00460151	0
249.0578456738	207.293015881	-0.0770617	-0.0558389	0.378657	-0.0224792	0.00704501	0.00476279	0
249.1459791187	207.3212491169	-0.0803712	-0.016325	0.411384	-0.022771	0.00704501	0.00460151	0
249.7477021326	207.3971854458	-0.0804932	-0.0046115	0.451774	-0.0235529	0.00634954	0.00460151	0
249.3252303601	207.6409278487	-0.0788349	-0.0188273	0.457053	-0.0239815	0.00653224	0.00460151	0
249.9790844596	207.1630030926	-0.0857682	-0.0305241	0.393084	-0.0229268	0.00634954	0.00478997	0
248.4438793777	207.0984533268	-0.0824871	-0.0144638	0.376058	-0.0226141	0.00676882	0.00475539	0
249.9255976021	207.0264614899	-0.0718173	-0.0593953	0.30242	-0.0226745	0.00610947	0.00331201	0
249.5594647684	207.0718328635	-0.0519061	-0.0619198	-0.0401316	-0.0203592	0.006103	0.00368085	0
249.3737653432	206.8939809651	-0.0580969	-0.0973624	-0.321649	-0.0195459	0.00526326	0.00331201	0
248.0299555821	207.2806189061	-0.0747115	-0.0529207	0.194862	-0.02264	0.00502464	0.00331201	0
248.9257075083	207.1093346841	-0.0743355	-0.0935591	0.28511	-0.0240812	0.00502465	0.00401085	0
246.6048243036	206.6067131332	-0.0727095	-0.0591456	0.274713	-0.0243938	0.00502465	0.0041182	0
250.77883285	207.8337610443	-0.0834645	-0.0172729	0.40886	-0.0241656	0.00547782	0.00476729	0
249.0529764684	207.4513979222	-0.0821656	-0.0392473	0.485838	-0.0255178	0.00535047	0.00451729	0
249.8635793014	206.7346273741	-0.0693702	-0.056828	0.415191	-0.0251478	0.00585309	0.00476729	0
248.2781445214	206.8775812052	-0.0809883	-0.0129393	0.394419	-0.024686	0.00585839	0.00490383	0
248.7282442812	206.5694056226	-0.079677	-0.0131842	0.407743	-0.0243786	0.00646259	0.00524094	0
248.1740476883	206.4788960473	-0.0856205	0.00970781	0.380341	-0.0239296	0.00646259	0.00524094	0
248.1761640153	206.0852435171	-0.0772609	0.0298829	0.389818	-0.0247892	0.00646259	0.00342557	0
249.935832027	207.2261343958	-0.108325	0.145691	0.96548	-0.0306583	0.00700555	0.00175515	0
250.5297841528	207.6175523615	-0.124571	0.0429563	1.46128	-0.0355832	0.00723816	0.000592989	0
248.253823295	207.595906233	-0.131581	-0.0635544	1.30476	-0.0349947	0.00701091	0.00145499	0
247.8748932967	207.4969830368	-0.120711	-0.0277367	1.27357	-0.0353407	0.00745027	0.00194245	0
246.5666808167	207.0865421268	-0.137475	-0.0487504	1.29239	-0.0351072	0.00736923	0.00201168	0
247.5951413246	207.2037887514	-0.137176	-0.0079709	1.32747	-0.0353087	0.00791484	0.00233408	0
246.5303064468	206.4140936786	-0.136504	0.0636099	1.32937	-0.0350641	0.00791484	0.00230504	0
247.0787492757	207.1150279656	-0.133387	0.11196	1.35211	-0.0350928	0.00791484	0.00233214	0
247.5493922876	207.0114607616	-0.132153	0.13148	1.31487	-0.0342579	0.00739313	0.00252819	0
248.2234920306	207.2817653348	-0.127506	0.191632	1.35445	-0.0353049	0.00791484	0.00218214	0
248.329176109	206.8700808411	-0.134152	0.125376	1.34551	-0.0358207	0.00754235	0.00199989	0
249.9155119813	207.3172074699	-0.119741	0.0599115	1.23171	-0.0355247	0.00746939	0.00224109	0
248.7399419479	207.4376796397	-0.115167	-0.00793356	1.23157	-0.034744	0.00719696	0.00221008	0
247.5913302827	207.1713001275	-0.125518	-0.0114144	1.23898	-0.0345499	0.0073307	0.00240955	0
248.7678179423	207.34064125	-0.133731	-0.0223382	1.29159	-0.0351782	0.00746897	0.00241042	0
248.526812941	207.7762064367	-0.134702	0.020992	1.34332	-0.0359173	0.00776048	0.00258969	0
247.9370604016	207.1836193784	-0.132924	0.00626946	1.32519	-0.035277	0.00710328	0.00249563	0
247.2543961477	207.5012578557	-0.132187	0.0498234	1.30922	-0.0354745	0.00791484	0.00244253	0
247.7583878433	207.1205852303	-0.132811	0.0602183	1.32908	-0.0351397	0.00720677	0.00226043	0
247.1934360106	207.2719721133	-0.135505	0.0743714	1.31795	-0.034664	0.00803753	0.0026171	0
248.2968773219	207.1562216753	-0.134932	0.110172	1.33054	-0.034724	0.00780874	0.0026171	0
247.4368384135	207.4709455033	-0.130148	0.0605842	1.32629	-0.0351324	0.00769053	0.0026171	0
248.1942106629	207.0485739623	-0.131267	0.0907025	1.34193	-0.0352656	0.00751997	0.0026171	0
246.9568042006	207.4118947091	-0.133039	0.0306877	1.34381	-0.0359023	0.00801126	0.0026171	0
248.1232227733	207.1801606613	-0.127208	-0.00280766	1.30296	-0.0351676	0.0074572	0.0026171	0
247.0776828453	207.3444108631	-0.126427	-0.0212947	1.3065	-0.0351839	0.00750862	0.0026171	0
248.6222791282	207.7118315499	-0.126654	-0.0179103	1.34072	-0.0355576	0.00771167	0.0026171	0
247.4208336907	206.9066499739	-0.128068	-0.00162608	1.33483	-0.0350607	0.00749936	0.0026171	0
248.1185602404	206.9908444758	-0.125265	0.0303945	1.34636	-0.0349737	0.00736226	0.0026171	0
247.8542756425	206.3915148622	-0.129702	0.0620965	1.33485	-0.0347098	0.00747732	0.0026171	0
247.9767828669	206.9686542794	-0.131456	0.119515	1.36789	-0.0354543	0.00781779	0.0026171	0
248.8372185866	206.7742666042	-0.125908	0.0696489	1.34043	-0.0352466	0.00703321	0.0026171	0
248.4814111139	207.0611458162	-0.124359	0.0597435	1.30314	-0.0347784	0.00698998	0.0026171	0
248.6757907864	206.6653947385	-0.113574	0.0217458	1.31266	-0.0346333	0.00670132	0.00308051	0
247.4724935628	207.033922992	-0.122627	0.0275978	1.3126	-0.0344996	0.00721678	0.00308051	0
248.6983676965	206.4534025817	-0.131816	0.0404887	1.34457	-0.0345634	0.00748063	0.00308051	0
248.2093142933	206.9930401783	-0.130798	0.0465818	1.36928	-0.0351124	0.00745422	0.00353317	0
249.4483906698	206.7379889363	-0.140986	0.0157042	1.33595	-0.0348344	0.00764819	0.00353317	0
247.0152842671	206.3943906495	-0.128294	0.0332577	1.33206	-0.0342241	0.00719534	0.00348155	0
248.5819779797	206.8516019648	-0.128187	0.0368281	1.33203	-0.0342291	0.00733661	0.00353317	0
248.1931524994	206.5490030777	-0.127559	0.0448509	1.32168	-0.0344667	0.00722455	0.00353317	0
249.2804898852	206.9836938696	-0.128299	0.112935	1.31322	-0.0341818	0.00752213	0.00298687	0
250.8139837183	207.2538818568	-0.110652	0.0968269	1.13449	-0.0338606	0.0057846	0.00274537	0
251.1782234314	207.4029370204	-0.0993496	0.072705	0.863759	-0.0330051	0.00571398	0.00357069	0
248.6857441367	206.615612529	-0.100148	0.0122229	0.766084	-0.0322018	0.00549765	0.00362935	0
247.8649234126	206.3353981483	-0.101146	0.0173056	0.775375	-0.0316771	0.00560323	0.00362934	0
247.8234896985	206.3150733274	-0.101744	0.00398119	0.775417	-0.0313845	0.00546334	0.00362934	0
248.6845950373	206.9999770435	-0.106903	0.080634	0.861732	-0.0332613	0.00582313	0.00344024	0
248.5539035797	206.3081753241	-0.105197	0.00492179	0.815922	-0.0337013	0.00568468	0.00336869	0
249.5074411526	207.0305614298	-0.0925382	-0.0371026	0.747967	-0.0323949	0.00575426	0.00348228	0
248.7974465199	206.9038130487	-0.0915802	-0.0289823	0.757696	-0.0326014	0.00576754	0.00360591	0
250.0409374222	207.1282410423	-0.0965454	-0.0155715	0.77077	-0.0322667	0.00610116	0.00405267	0
249.3263629257	207.3522998471	-0.0984831	0.000386779	0.771405	-0.0327051	0.00597416	0.00370015	0
250.7107631769	207.6903797313	-0.0976721	0.0283999	0.812429	-0.0332645	0.00630358	0.00380267	0
249.1505259149	207.3300319267	-0.0960758	-0.00909859	0.74424	-0.0330096	0.00586186	0.00380267	0
250.3940829524	207.3020512937	-0.0931603	0.014998	0.737064	-0.032359	0.00610444	0.00380267	0
248.3556632638	207.0229833417	-0.0952935	-0.00951948	0.733283	-0.0321778	0.00599259	0.00405267	0
251.4290329787	207.6690250676	-0.0939524	0.0137936	0.801708	-0.0318809	0.00679822	0.0043117	0
251.1204377846	207.9032657138	-0.102822	-0.0102501	0.82093	-0.0306051	0.00627667	0.00450782	0
250.6219105115	207.707459576	-0.106239	-0.00341141	0.808588	-0.0313578	0.00628468	0.00486008	0
250.1452905293	207.2715252004	-0.100649	0.0182107	0.821933	-0.0313357	0.00619422	0.00492124	0
249.4984798305	206.8522237566	-0.0963757	-0.0194402	0.781139	-0.0312191	0.00686412	0.00475451	0
249.2766788432	207.2705730816	-0.106987	-0.0174812	0.761967	-0.0304653	0.00666497	0.00526722	0
249.8330578983	207.093595578	-0.0880461	-0.0471107	0.632169	-0.0312307	0.00586634	0.00313387	0
249.8511458804	206.3782629235	-0.0822076	-0.0140791	0.389181	-0.0288608	0.00608926	0.00246376	0
249.2571854877	206.5853001766	-0.0930619	0.123669	0.789188	-0.0328263	0.00665917	0.00313387	0
250.299741064	207.2499567958	-0.0998233	0.0301844	0.812295	-0.0337843	0.00676019	0.00313387	0
250.5538325715	206.6602260938	-0.0800809	-0.0486797	0.462638	-0.0313837	0.00623017	0.00313387	0
250.0543298039	206.6263773003	-0.0815207	-0.0683738	0.208106	-0.0294723	0.00630397	0.00313387	0
248.7648997258	206.2751620634	-0.0736291	0.00422877	0.220093	-0.0285225	0.00646258	0.00348479	0
247.8921297879	205.9532293362	-0.0787399	-0.0733998	0.218972	-0.0281446	0.00615011	0.0038661	0
248.0211926657	206.3758923421	-0.0752259	0.00655275	0.263389	-0.0286799	0.00608691	0.00346003	0
249.5465353333	206.3993649842	-0.0844971	-0.028023	0.302114	-0.0303455	0.0062793	0.00346586	0
249.2122300733	206.1199472744	-0.0776504	-0.0367711	0.24537	-0.0301938	0.00633684	0.00334016	0
250.2932763464	206.7837489298	-0.0891449	-0.0906615	0.218501	-0.0289284	0.00668224	0.00391571	0
248.8923588246	206.5164172989	-0.0866845	-0.0633946	0.242223	-0.0289771	0.00674222	0.00410519	0
249.4747786218	205.9024950079	-0.0879428	-0.100765	0.236394	-0.0288073	0.00602181	0.00385772	0
248.617815001	206.2545069156	-0.0802537	-0.0316424	0.26679	-0.0289152	0.00635611	0.00369486	0
250.0553383659	206.3824794495	-0.0861801	-0.0505527	0.294303	-0.0292992	0.00580069	0.00347718	0
249.4168772384	206.3881533001	-0.0852867	-0.0262847	0.318482	-0.0306382	0.00636831	0.00363235	0
250.1029061215	206.2842557691	-0.0926861	-0.0903563	0.251062	-0.0297498	0.00593571	0.00327004	0
249.1541302843	206.6255806295	-0.0851161	-0.0348821	0.240065	-0.029333	0.00637216	0.00341653	0
249.9188683436	206.1700209488	-0.0909554	-0.0679423	0.240924	-0.0276763	0.0065596	0.0035191	0
249.0873667817	206.5785381903	-0.0803777	-0.0240923	0.256728	-0.0281111	0.00640887	0.00334228	0
250.7795190028	206.2737047388	-0.0922701	0.0240421	0.333013	-0.0304306	0.00637216	0.00358575	0
249.6763835669	206.7985942101	-0.0846447	-0.0223859	0.314402	-0.0309126	0.0065655	0.00354621	0
250.8554670338	206.7301776762	-0.0946355	-0.0519014	0.245933	-0.0299003	0.00646332	0.0036046	0
249.2293756286	206.5292611867	-0.0814722	-0.045569	0.241908	-0.0293628	0.00653788	0.00410519	0
249.4058822584	206.4313484022	-0.08686	-0.0760305	0.262086	-0.0290542	0.00621209	0.00370211	0
248.8068046533	206.9454731022	-0.0779525	-0.0352538	0.267838	-0.0288349	0.0065255	0.00395974	0
250.184640984	206.8151105559	-0.0812131	-0.0364279	0.298742	-0.0283968	0.00618436	0.00410518	0
249.0634340997	206.8110689089	-0.0759923	-0.0106103	0.32865	-0.0297131	0.00618436	0.00395093	0
250.4526787556	207.0742034449	-0.0767681	-0.039781	0.275179	-0.0285416	0.00573998	0.00390769	0
248.51987701	207.3101734497	-0.0778466	-0.0159465	0.258352	-0.0277659	0.00573998	0.00385518	0
249.7364012772	207.129737229	-0.0758354	-0.0343702	0.27972	-0.0276923	0.00605392	0.00368931	0
247.7272712232	207.280793785	-0.0730956	-0.0183432	0.30508	-0.0278911	0.00589028	0.00385378	0
249.9140074051	206.5707463612	-0.0731203	0.0108829	0.325469	-0.0285825	0.00620681	0.00410518	0
248.3448914902	206.5588934542	-0.0705353	-0.0195305	0.311957	-0.0292636	0.00553448	0.00334343	0
250.1432568713	206.6787244011	-0.071366	-0.0147695	0.257823	-0.0282388	0.00603924	0.00410518	0
248.4798569363	206.4046696459	-0.0695284	-0.018831	0.257762	-0.0277261	0.0056452	0.00410518	0
249.2009953531	206.4220992485	-0.0697291	-0.0254735	0.288278	-0.0279012	0.00609933	0.00385518	0
248.2326186907	206.1873728275	-0.0736955	-0.0183222	0.290787	-0.0274404	0.00599387	0.00385518	0
250.0308600684	207.0589695447	-0.0727368	0.0489088	0.35932	-0.0278445	0.00568549	0.00385518	0
250.1639571946	206.3106819225	-0.0762682	-0.040668	0.371161	-0.0285816	0.00569349	0.00410518	0
249.8373732213	207.033961854	-0.0571394	-0.0042305	0.287119	-0.0236607	0.00560987	0.00461234	0
251.8815136063	206.2120307603	0.0270728	0.0615368	0.248816	0.00173961	0.000991651	0.00187831	0
249.0079962533	205.260592084	0.0345343	0.0332822	0.321048	0.00475564	0.00167827	0.00187831	0
248.4883635787	205.3930143158	0.0345222	0.00877032	0.338097	0.00479613	0.0015865	0.00144637	0
248.0669003683	205.5258640295	0.014866	0.0808276	0.613841	0.00110461	0.00230122	0.00187831	0
248.0482006354	206.1202581703	0.00100556	0.0535619	0.700358	-2.02064e-05	0.0024303	0.00213107	0
247.8297312097	206.1106981207	-0.00693949	0.031379	0.856307	-0.000250155	0.0031139	0.00264398	0
248.4680269991	206.5454277746	-0.0294935	0.00982455	0.750017	-0.0021746	0.00253772	0.00321655	0
247.4326966954	205.6852759135	-0.0252852	0.0707301	0.792918	-0.0032665	0.00359361	0.00377016	0
247.7541717231	205.4915100301	-0.0217175	0.133475	0.761556	-0.00435106	0.00344903	0.00396058	0
248.0539543994	205.3208087379	-0.0263753	0.159232	0.82894	-0.00375593	0.00400373	0.00439048	0
247.9391188602	205.6892204055	-0.019707	0.111637	0.824191	-0.00441262	0.00400373	0.00413929	0
248.3832581835	205.3943939165	-0.0215835	0.109431	0.789451	-0.00467387	0.00404003	0.00427565	0
248.1442951071	206.388600213	-0.0185076	0.102286	0.779975	-0.00468161	0.00416103	0.00433722	0
248.5468023107	205.8178147312	-0.0193375	0.0445475	0.780056	-0.00452756	0.00401783	0.00423861	0
248.0052788789	206.42818115	-0.0170413	0.031164	0.745073	-0.00483992	0.00401876	0.00439614	0
248.5327733775	206.1724886852	-0.0180894	0.0421187	0.744117	-0.00482844	0.0040568	0.00440879	0
247.8491666969	206.3895911937	-0.0164403	0.0386854	0.745226	-0.0055705	0.0041344	0.00480938	0
248.5349145052	205.5867607682	-0.0198945	0.0851718	0.759926	-0.00560088	0.00428622	0.004912	0
247.3964959305	205.9298538491	-0.0201807	0.0785825	0.752632	-0.00575815	0.00433063	0.00506143	0
248.0732824168	205.7639908747	-0.0136219	0.112041	0.763185	-0.00593529	0.00443805	0.00530324	0
247.2616131534	205.7087679866	-0.0246276	0.103675	0.752762	-0.00627896	0.00444645	0.00522715	0
247.5104138435	205.7226611481	-0.0181136	0.102371	0.764624	-0.00616766	0.00447656	0.00525101	0
246.8048585373	205.1296660389	-0.0292935	0.0905922	0.749833	-0.00570361	0.00430038	0.00519235	0
246.5851656101	205.6181612563	-0.024577	0.0945328	0.727447	-0.00522465	0.00412081	0.00515684	0
246.3292553841	205.495745987	-0.0302761	0.0701758	0.746477	-0.00622051	0.00373782	0.00505702	0
245.467835903	205.6838574508	-0.0229605	0.0540037	0.751669	-0.00734513	0.00437398	0.00551861	0
245.253276722	204.8970575963	-0.0298267	0.0601407	0.780729	-0.00761964	0.00453346	0.00551866	0
244.7124311763	204.973693441	-0.0291026	0.0252392	0.794875	-0.0079415	0.00475185	0.00564974	0
245.0833257456	205.3708241194	-0.0219221	0.0348232	0.761035	-0.00760126	0.00471187	0.00525665	0
244.5402068017	204.8278055297	-0.0302102	0.0520746	0.760233	-0.00805117	0.00472137	0.00542842	0
244.481321657	204.7961330076	-0.021412	0.0779286	0.767189	-0.00872725	0.00480869	0.00580988	0
244.9024459244	204.8545231479	-0.032937	0.0183389	0.768841	-0.00858867	0.0052287	0.00605624	0
244.1167512679	204.6833166499	-0.0305612	0.0333075	0.762871	-0.00867051	0.00520572	0.00627312	0
244.5802020748	204.982009907	-0.0378567	0.0436763	0.790245	-0.00891332	0.00535906	0.00627475	0
244.2713506068	204.9541652909	-0.0302264	0.023713	0.777971	-0.00911497	0.00511898	0.00612802	0
244.9892814657	204.9012352602	-0.0355949	0.0530198	0.785466	-0.00864347	0.00486548	0.0061284	0
244.0668935804	204.6717940698	-0.0263897	0.0471148	0.786117	-0.00913893	0.00500827	0.00573262	0
245.2149926977	204.7777124242	-0.0212982	0.0978153	0.798262	-0.0083845	0.00513154	0.00510546	0
247.07702976	205.9065755169	-0.0282761	0.0296602	0.457603	-0.0080047	0.00297801	0.00378293	0
247.1566730963	205.910228544	-0.0391681	-0.0098272	0.337256	-0.00741382	0.00224635	0.00329971	0
245.4040319514	205.4026520894	-0.0451657	-0.0660731	0.330227	-0.00748471	0.00254162	0.00360919	0
245.8810818125	205.7192412929	-0.0334728	-0.0300347	0.330981	-0.00714415	0.00292761	0.00339374	0
245.6644228384	205.6934175004	-0.0405209	-0.00828138	0.316478	-0.00688226	0.00314779	0.00355871	0
245.8786926778	206.1145648887	-0.0287014	-0.0222527	0.287964	-0.0069107	0.00314779	0.00380871	0
247.7999786285	206.3800894371	-0.0309764	0.0247088	0.186002	-0.0054333	0.00275648	0.00324243	0
247.8645844696	206.2834202363	-0.027246	0.0410198	0.19369	-0.00569884	0.00281431	0.00380871	0
247.6786287704	206.5459135495	-0.0263992	0.00665237	0.212118	-0.00547479	0.00314779	0.00375206	0
247.9200140491	206.8776200672	-0.0217924	-0.0433286	0.219344	-0.00601649	0.00356833	0.00380871	0
248.7402643571	206.6929284586	-0.0213327	-0.0296903	0.237687	-0.00603407	0.00336407	0.00384244	0
248.9220370037	207.1564742782	-0.0174261	-0.064271	0.230812	-0.00613129	0.00368206	0.0041935	0
249.2356667412	206.82671086	-0.0235496	-0.0428898	0.23281	-0.00590267	0.00325196	0.00411254	0
247.9296532572	207.2339650868	-0.0212089	-0.0233122	0.228997	-0.00601294	0.00339003	0.00411784	0
248.5677093064	206.7198403868	-0.0290353	-0.0202136	0.237361	-0.00581624	0.00314779	0.00422713	0
247.1758027081	206.8616089272	-0.018107	-0.00887987	0.241418	-0.00628513	0.00346999	0.00428813	0
247.988191192	206.6695335404	-0.0236343	0.0051934	0.250604	-0.0063088	0.00314779	0.00422326	0
247.1044510748	206.7822333122	-0.0220298	0.0048785	0.235543	-0.00623126	0.00314779	0.00428813	0
248.6745342173	206.4052720068	-0.0203604	0.00530473	0.242335	-0.00595114	0.00314779	0.0042277	0
247.3730013943	206.5302327364	-0.023871	-0.0126639	0.244006	-0.00663167	0.00314779	0.00428813	0
249.4057417211	206.4575413836	-0.0209013	-0.00925057	0.29754	-0.00715303	0.00354587	0.00428813	0
250.6326740182	207.2116194424	-0.0277095	-0.00105765	0.467822	-0.00833117	0.00314779	0.00428814	0
249.2085099673	206.3743767245	-0.0232758	-0.0179281	0.568683	-0.00904045	0.00314779	0.00428813	0
248.1081687443	205.8788474869	-0.0244735	-0.05006	0.583886	-0.00858415	0.00314779	0.00403814	0
247.0302142926	205.643382688	-0.0203005	-0.0345851	0.597671	-0.00838891	0.0035307	0.00403814	0
245.9872371043	205.2350403255	-0.0200004	-0.0280896	0.559145	-0.00841041	0.00379404	0.00428814	0
247.009034489	205.2023962536	-0.0228015	0.0118023	0.58159	-0.00870931	0.00411063	0.00428814	0
247.3467953142	205.1727445551	-0.0188976	0.0446898	0.563655	-0.00839323	0.00446014	0.00471493	0
248.541362689	205.1946821486	-0.0236581	0.0708653	0.522907	-0.00819825	0.00429334	0.00472499	0
248.356407285	205.2890390609	-0.0198157	0.0602334	0.515228	-0.00854091	0.00435221	0.00462285	0
249.4027821701	205.3258219347	-0.0240339	0.053874	0.515215	-0.00839007	0.00434346	0.00450489	0
248.5032440027	205.5455476275	-0.0175888	0.0589409	0.515278	-0.00860552	0.00430014	0.00457101	0
249.0885406819	205.5080458069	-0.0213224	0.0420176	0.51521	-0.00837663	0.00454288	0.00458536	0
248.1434188155	205.8257425772	-0.0170955	0.00674012	0.509854	-0.00843747	0.00442702	0.00447132	0
249.2280777249	205.5961653698	-0.0163014	-0.000250641	0.497946	-0.0084852	0.00448272	0.00446599	0
248.886067712	205.543604528	-0.0206202	-0.013156	0.486186	-0.00850844	0.00421868	0.00436177	0
249.3414086878	205.6021112543	-0.0163302	-0.00637538	0.47898	-0.00844154	0.00438424	0.0042265	0
249.608553634	205.5586441182	-0.0180008	0.0373318	0.456651	-0.00866854	0.00422016	0.00429151	0
249.2731984774	205.8494095293	-0.0126117	0.0562722	0.471006	-0.00877265	0.00429607	0.00432254	0
249.9998757188	205.1600755463	-0.0184459	0.0292017	0.465349	-0.00879066	0.00406594	0.00427961	0
249.932789807	205.4606147478	-0.01726	0.0654544	0.448269	-0.00859815	0.00446003	0.00453904	0
250.7857935817	206.0027589428	-0.0199532	0.0280472	0.444575	-0.00840195	0.00391254	0.00440901	0
250.0750962623	206.2015380229	-0.0149069	0.0409793	0.420933	-0.00858048	0.0039656	0.00432617	0
250.4771405193	206.1605191922	-0.0167782	0.0453281	0.420965	-0.00869444	0.00397275	0.00449652	0
250.398852955	206.7245815496	-0.0181436	0.0205145	0.378862	-0.00834931	0.00429209	0.00518708	0
250.5226250155	206.8780086871	-0.0186931	0.0111468	0.364957	-0.0087634	0.00422662	0.00476759	0
249.1917942909	206.511870446	-0.012977	-0.00852077	0.360429	-0.00911295	0.00421035	0.00479445	0
249.6740192329	206.7562929337	-0.0116353	0.00934259	0.364911	-0.00875771	0.00449247	0.00534597	0
249.0754707094	206.6823774282	-0.018944	-0.00387864	0.346268	-0.00885497	0.00416242	0.00503799	0
248.1576626881	206.6268047822	-0.0111507	0.0345549	0.366472	-0.00921602	0.00406657	0.00536385	0
250.0575952303	206.643515438	-0.0106276	0.0310026	0.412953	-0.00945397	0.00404927	0.00472682	0
250.0916796682	207.1969490411	-0.00752175	-0.00743842	0.459074	-0.010536	0.00423498	0.00478585	0
251.2734994798	207.9997600356	0.00229923	0.0443354	0.362913	-0.00998597	0.00448916	0.00388143	0
250.5766988231	207.7159509208	0.00127737	0.0334653	0.29821	-0.00894131	0.00402416	0.00409202	0
250.3524508327	207.253026893	-0.00387047	0.0252508	0.350902	-0.00986268	0.00416843	0.00386382	0
250.3393643265	206.906397371	-0.0115075	0.0138742	0.370155	-0.0118492	0.00414869	0.00354801	0
250.3452338271	206.3544988165	-0.0112095	0.0322826	0.39263	-0.0126266	0.00443705	0.00354801	0
249.3521060593	206.1747232496	-0.0142046	-0.0101363	0.370656	-0.0121612	0.00432676	0.00354801	0
249.6588577341	205.9318941036	-0.0122437	-0.0212066	0.377311	-0.01192	0.00438574	0.00403417	0
249.2787786364	206.0764412763	-0.00865665	-0.0227113	0.370677	-0.011899	0.00416408	0.00406616	0
249.7292256061	205.8533540213	-0.00674568	0.00201432	0.384952	-0.0116695	0.00441775	0.00430904	0
249.4016661383	205.9645964684	0.00148143	-2.34043e-05	0.370631	-0.0114092	0.00414313	0.00432506	0
252.3180639133	206.8776394982	-0.0110144	0.0760585	0.509872	-0.0127875	0.00415783	0.00420665	0
251.1148906932	206.5488476297	-0.0168885	0.0250619	0.54651	-0.0139493	0.00423256	0.00367837	0
250.0742034369	206.1559334773	-0.025013	0.00537922	0.544916	-0.0146233	0.00471178	0.00397152	0
250.1227962883	205.7766015905	-0.0173278	-0.00284952	0.489	-0.0138732	0.0046334	0.00363291	0
249.7536377684	206.2401474102	-0.0142461	-0.0312139	0.459028	-0.0132832	0.00485644	0.00363292	0
249.8424987007	206.2198614513	-0.0158437	-0.0328214	0.441963	-0.0127872	0.00418653	0.00363291	0
250.5721024254	206.0055181441	-0.0179087	-0.0174429	0.481071	-0.0120819	0.00438947	0.00404532	0
250.1561119043	205.9473611757	-0.0123885	0.0107206	0.453697	-0.0121926	0.00413315	0.00447787	0
250.3309320862	205.7440158117	-0.015858	0.0201012	0.465573	-0.0116456	0.0039216	0.00451192	0
250.739168253	206.3946626834	-0.0171081	0.0799231	0.524641	-0.0136048	0.00452096	0.00415806	0
251.492431852	206.0670172437	-0.0250381	0.0654678	0.527673	-0.0147471	0.00419237	0.00396712	0
250.3649917234	206.595540311	-0.0160236	-0.011694	0.486933	-0.0142582	0.00441889	0.00409054	0
250.7700203322	205.977828976	-0.0171316	-0.00979312	0.470513	-0.013273	0.00430202	0.00433682	0
249.9015574503	206.0048769213	-0.00947711	-0.01351	0.453652	-0.0128622	0.00424097	0.00430832	0
250.7069686687	205.8275885217	-0.0163772	-0.00736127	0.436151	-0.0114252	0.00398728	0.00440309	0
250.2982116871	206.6220830504	-0.0121757	0.000789226	0.43817	-0.0111289	0.00354737	0.00398866	0
251.9462847854	206.6437874719	-0.0129216	0.0499051	0.52456	-0.0136037	0.00426947	0.00428307	0
250.5682748497	206.3100795617	-0.0194192	0.044566	0.521558	-0.0149413	0.00428567	0.00398866	0
251.2108528945	206.2708678135	-0.0211471	0.0215523	0.484791	-0.0145989	0.00425919	0.00437319	0
250.3639004923	206.6002620428	-0.0254291	0.030028	0.437177	-0.0138023	0.00416213	0.00425042	0
250.4440894441	206.6303412233	-0.0168606	0.022303	0.433247	-0.01389	0.00418151	0.00442264	0
249.4599064646	206.938458513	-0.0179314	0.0188362	0.433191	-0.0133653	0.00383006	0.00439043	0
249.9132716508	206.7292061265	-0.0201472	0.0100563	0.468904	-0.0132415	0.00387097	0.0044975	0
249.3878934792	207.0702200909	-0.0212475	0.0145355	0.454143	-0.0121491	0.00352642	0.0045083	0
248.9350491078	207.2294376649	-0.0160825	0.0320016	0.482981	-0.0128145	0.00379553	0.00457146	0
249.604742592	206.7919099477	-0.0271292	0.0256662	0.498692	-0.0127816	0.0035529	0.0044854	0
248.9958604408	207.5138685716	-0.0199763	0.0381243	0.540252	-0.0141373	0.00405289	0.00453236	0
248.932155692	206.7506773761	-0.0308401	-0.00597581	0.516091	-0.0141253	0.00380513	0.00439868	0
247.6136426518	206.7166537036	-0.0224749	0.00655164	0.482221	-0.0137315	0.00379787	0.00464321	0
248.5205962305	206.5291446007	-0.0254009	-0.000234486	0.499022	-0.0133338	0.00351638	0.00449933	0
247.2598853708	206.9327458004	-0.0259501	-0.0137345	0.497664	-0.0130816	0.00378196	0.00449933	0
247.6980890583	206.7374060064	-0.0192063	0.0151315	0.55154	-0.0133812	0.00395215	0.00463812	0
248.3316148451	205.9268614758	-0.0314894	0.0190955	0.562643	-0.0143401	0.00380305	0.00449933	0
247.5385461118	206.4466017334	-0.027304	0.0265767	0.535553	-0.014609	0.0040514	0.00449933	0
247.8136934193	205.814628048	-0.0271851	-0.0124404	0.528766	-0.0141646	0.00381818	0.00449932	0
246.6906595497	205.9626533688	-0.0235711	-0.0053069	0.527606	-0.0141265	0.00388437	0.00465266	0
247.5161428067	205.7098949843	-0.0273755	0.00611646	0.537725	-0.0137052	0.00375152	0.00449932	0
246.8628508566	206.0662400039	-0.0265673	0.00442485	0.540456	-0.0138985	0.00402081	0.00449933	0
247.8510763513	206.2003138702	-0.0178505	0.0234762	0.586411	-0.01496	0.00436806	0.00464238	0
247.43180387	205.5907635532	-0.0271237	0.015406	0.549461	-0.0154037	0.00413805	0.00449933	0
247.8228779477	205.9392584507	-0.0165949	0.00515522	0.509082	-0.0143063	0.00421459	0.0045432	0
247.4915322387	205.7790498959	-0.0234998	-0.028786	0.495966	-0.0135423	0.00372325	0.00433526	0
247.3426535961	205.7936037113	-0.0130097	0.0371765	0.55243	-0.0140613	0.00371339	0.00433526	0
249.2190668015	205.9287268514	-0.0203569	-0.00466925	0.614428	-0.0153061	0.00416538	0.00433526	0
247.3864516443	205.9544146269	-0.0224464	0.00927216	0.602531	-0.0164766	0.00426746	0.00450324	0
247.9847273599	206.2317726513	-0.0306659	0.0187379	0.565586	-0.0154372	0.00415771	0.00457985	0
247.0563377037	205.8976955521	-0.0167408	0.00484401	0.557266	-0.0154337	0.00422083	0.00475518	0
248.2400175682	205.691163505	-0.0194164	0.0185433	0.578819	-0.0147681	0.00412653	0.00463358	0
246.7747174117	205.9964633004	-0.0216507	0.00604993	0.570752	-0.0145374	0.00380713	0.00451339	0
249.2874588837	206.1470340816	-0.0258431	0.0411404	0.621403	-0.0152669	0.0040335	0.00470954	0
248.0994306286	205.6164318977	-0.0233369	0.0174477	0.620819	-0.0164099	0.00416544	0.00465753	0
249.1086623219	206.2640669652	-0.018075	-0.0180759	0.570704	-0.0152948	0.0041479	0.00460128	0
248.0069818608	206.0404550733	-0.0195887	0.0176486	0.53911	-0.0147961	0.00380005	0.00464004	0
248.0882703106	206.2015963159	-0.0203082	0.00876662	0.564253	-0.0147769	0.00398081	0.00481304	0
248.1299685655	206.1896462539	-0.0305998	0.00571189	0.56244	-0.0143535	0.00386109	0.00488989	0
248.9562950466	206.5076150581	-0.0260282	0.0626875	0.628704	-0.0153603	0.00415446	0.00489062	0
248.6951270708	206.1467814786	-0.0240275	-0.00538349	0.618231	-0.0154261	0.00398553	0.00477334	0
248.4416390472	206.4188931343	-0.0203476	0.0174164	0.576045	-0.015139	0.00380331	0.00535992	0
250.0583971198	207.2367048571	-0.0109835	0.0205945	0.586495	-0.0124937	0.0008893	0.00619957	0
250.1027903848	207.3854102628	-0.00275482	0.0894378	0.569936	-0.00936702	-0.00316103	0.00955325	0
249.3728890516	206.1159250584	-0.0060659	0.121983	0.597287	-0.00874163	-0.00445794	0.0101052	0
248.529863428	206.2618518318	-0.000714601	0.156789	0.656429	-0.00864686	-0.00377673	0.00943051	0
248.4857843052	206.4573859357	0.00907547	0.103197	0.598525	-0.00850602	-0.00301319	0.00908426	0
249.3736661404	207.3291769629	-0.00554164	0.0841409	0.413142	-0.00816139	-0.00215779	0.00834159	0
248.3672369269	205.8039021387	-0.078611	0.0370693	0.148002	-0.0225411	-0.0019217	0.00530967	0
248.001972118	207.4704402975	-0.169373	0.207893	1.94844	-0.0500761	-0.00144757	0.000787268	0
250.6541927648	208.8460964592	-0.159851	0.0414743	1.79121	-0.0467435	-0.00186297	0.00154113	0
248.5525478077	207.874721582	-0.145103	0.00822384	1.17023	-0.0411593	-0.00269596	0.00241848	0
248.6911920253	207.4435478002	-0.118856	0.00636335	0.99961	-0.0380721	-0.00211768	0.00241275	0
246.5305627207	207.029803621	-0.123682	0.0521523	0.945245	-0.0370478	-0.00189509	0.00245456	0
248.3130060482	207.6658578154	-0.125134	0.153549	1.06293	-0.0362828	-0.000987881	0.00276145	0
249.477548034	208.0881127704	-0.113738	0.117712	1.2252	-0.0363568	-0.000323107	0.00332922	0
249.8025282283	208.0456560461	-0.113205	0.0613773	1.32712	-0.0368779	0.0005199	0.00392918	0
250.852490949	208.8329999685	-0.111827	0.0101107	1.45997	-0.0373477	0.000842933	0.00376842	0
248.3150645068	207.133448549	-0.104977	0.0663795	1.60111	-0.0377226	0.00116722	0.00312769	0
243.1410005287	205.8296287762	-0.204506	0.289706	3.59377	-0.0550098	0.00155063	-0.000146882	0
249.3830490744	210.4081735882	-0.275722	0.0145979	4.63725	-0.0684787	0.00172789	-0.000517281	0
246.9557377702	208.8145210921	-0.256437	-0.0972018	4.25246	-0.0660093	0.00249692	3.56149e-06	0
248.2624870086	209.6533377206	-0.231965	-0.0559349	3.9405	-0.059768	0.00333945	0.000143074	0
246.412560958	208.149553577	-0.234128	-0.0719891	3.95925	-0.0581925	0.00415147	0.000606507	0
246.9329624545	209.4751360644	-0.23015	0.0138014	4.1746	-0.0553281	0.00508868	0.000977596	0
245.5543655688	208.0398073166	-0.23089	0.0334663	4.13776	-0.0552288	0.00476616	0.000909441	0
245.6678866705	208.4808131819	-0.227595	0.168379	4.13403	-0.0549473	0.00455552	0.000875989	0
245.4901813397	208.0298392161	-0.224146	0.179921	4.11922	-0.0554643	0.00444736	0.000756919	0
247.3574430843	208.5909674932	-0.22134	0.185196	4.11914	-0.0552736	0.00439753	0.000606507	0
245.8347210247	208.0745499358	-0.215677	0.204196	4.09765	-0.0553582	0.0041169	0.000753442	0
247.4410462667	208.8392956109	-0.226778	0.180477	4.14422	-0.055061	0.0045546	0.00118325	0
248.012289212	209.9998506567	-0.242117	0.0720288	4.17881	-0.0554162	0.00395607	0.00241762	0
247.1386760501	208.8301824742	-0.235567	0.0878794	4.13118	-0.0548235	0.00412347	0.00273542	0
244.9710281455	208.5764914019	-0.236347	0.0470213	4.13145	-0.0556234	0.00397827	0.00287665	0
245.3065817077	208.6055213086	-0.233197	0.048829	4.10887	-0.0554821	0.00414172	0.00273542	0
243.8493913823	208.2085655092	-0.230998	0.0727687	4.12884	-0.0555351	0.0041727	0.00284132	0
245.4228804885	208.6979545524	-0.230444	0.0804355	4.12515	-0.0551341	0.0046342	0.00169088	0
244.9200544262	207.6906906272	-0.21459	0.154787	4.08909	-0.0528903	0.00418775	0.00128084	0
245.2702404054	207.552069908	-0.206773	0.148717	4.00181	-0.0524165	0.0053839	0.000549316	0
244.9330913311	207.9348410809	-0.215003	0.152758	3.99791	-0.0530932	0.00588353	0.000472601	0
243.8383054664	207.8249199415	-0.212492	0.138146	4.00425	-0.0528376	0.00569341	0.000508537	0
244.266688074	207.7738552863	-0.215056	0.147648	4.07126	-0.0531959	0.00572527	0.000492325	0
243.4800096561	207.3265537786	-0.224128	0.105056	4.0714	-0.0535727	0.00549376	0.000572051	0
244.2874131979	207.5595508411	-0.212984	0.112311	4.07119	-0.0532806	0.00574487	0.000660266	0
243.3912313928	207.5214660906	-0.212369	0.0951571	4.09123	-0.052976	0.00566436	0.000487873	0
244.3367335367	207.488083641	-0.21271	0.100777	4.09081	-0.0528664	0.00623332	0.000583899	0
244.1386254913	207.1473417105	-0.215009	0.101457	4.10765	-0.0526288	0.00607908	0.000624427	0
243.7621011615	207.6074093821	-0.210026	0.131697	4.11368	-0.0523779	0.00582895	0.000583582	0
243.5166072323	206.6870408671	-0.211827	0.127873	4.12987	-0.0522651	0.00571465	0.000841275	0
242.5630283249	207.7060799753	-0.197315	0.138512	4.14908	-0.052036	0.0051927	0.000804978	0
243.7463609796	207.6087695517	-0.199976	0.162242	4.12996	-0.0520337	0.00528032	0.00126715	0
244.0626774603	207.3416710928	-0.210622	0.147379	4.09073	-0.0515256	0.00498342	0.00224986	0
243.1922966571	207.2546396656	-0.206699	0.167336	4.11297	-0.0506768	0.00500254	0.00228719	0
243.3963651391	207.2392308865	-0.213105	0.15271	4.11204	-0.0503923	0.00541499	0.0024196	0
243.1197215223	207.7014942605	-0.207998	0.113518	4.09068	-0.0508604	0.00495351	0.002257	0
243.8264424617	206.9426361769	-0.209409	0.140919	4.11265	-0.0506145	0.00489724	0.0024196	0
243.4733547998	207.0273164537	-0.211223	0.116732	4.10257	-0.0509788	0.00524775	0.0024196	0
243.7586538632	207.3262040206	-0.211662	0.119427	4.10915	-0.0507618	0.0052521	0.0024196	0
243.6272183844	206.8241459686	-0.215376	0.128837	4.10388	-0.0507625	0.00529335	0.00222153	0
243.6643698431	206.9942837619	-0.213748	0.144066	4.12731	-0.0505314	0.00537234	0.0024196	0
244.5642221528	206.7639876077	-0.216353	0.160531	4.12127	-0.050805	0.00567407	0.0024196	0
243.7714344941	206.9953136047	-0.211311	0.138594	4.1122	-0.0507826	0.00553379	0.0024196	0
244.7292956569	207.0687433353	-0.211345	0.173848	4.11201	-0.0506569	0.00545541	0.00230978	0
243.3909999196	206.9666723179	-0.213385	0.151105	4.0895	-0.0511136	0.00563032	0.0024196	0
244.3804158482	206.9848791603	-0.211743	0.152626	4.08628	-0.0506752	0.00551313	0.0024196	0
244.5330559313	206.8570232124	-0.227524	0.144204	4.07622	-0.0506917	0.00569195	0.0024196	0
244.3676765518	207.0915164615	-0.210573	0.136509	4.06991	-0.050739	0.00560236	0.0024196	0
244.773680655	206.9254591772	-0.214647	0.120432	4.09823	-0.0506108	0.00558498	0.0024196	0
244.1535968512	207.3330825929	-0.208384	0.106584	4.07563	-0.051211	0.00556852	0.0021696	0
245.8289341932	207.3839918001	-0.21207	0.145117	4.09972	-0.050874	0.00555509	0.0024196	0
244.4711202997	207.5203002309	-0.213665	0.117146	4.09971	-0.0510732	0.00574432	0.0024196	0
244.9484347016	207.7946270201	-0.211605	0.120457	4.10901	-0.050894	0.00542839	0.00226196	0
245.1170216392	207.4898907236	-0.215038	0.158341	4.10689	-0.050564	0.00571904	0.002193	0
244.9837591749	208.1319490954	-0.216866	0.141195	4.11424	-0.0510614	0.00609912	0.00224583	0
246.2677909659	207.8320705477	-0.219014	0.121765	4.12908	-0.051403	0.00608436	0.00208046	0
245.0305581086	207.830826964	-0.21555	0.125036	4.12914	-0.0515716	0.00601623	0.00231712	0
247.0386299991	208.5786482423	-0.219012	0.113095	4.11244	-0.0513296	0.00593425	0.00209748	0
245.6669773112	207.5118477481	-0.215913	0.116125	4.08086	-0.0517316	0.00549965	0.0024196	0
246.0099710855	208.1142668899	-0.216401	0.12655	4.09223	-0.0515355	0.00589945	0.0021696	0
246.5360519438	207.75127647	-0.219732	0.14569	4.06438	-0.0515223	0.00578457	0.00232165	0
245.4535754966	208.101695036	-0.215417	0.121508	4.06428	-0.0516821	0.00608998	0.00207099	0
246.7688231104	207.6182324464	-0.204636	0.156186	4.07464	-0.0506927	0.00563445	0.00130957	0
247.0850982566	206.8389329559	-0.199234	0.123906	3.78234	-0.0469546	0.00572608	0.00133209	0
247.9807013785	207.3174017799	-0.174462	0.0342894	3.4429	-0.0446372	0.00457119	0.000588635	0
247.789281257	207.5294910916	-0.158668	0.0815433	3.0905	-0.0437425	0.00508472	0.000116481	0
248.4871152764	207.2004077582	-0.145168	0.146378	2.87017	-0.0402437	0.00537542	0.000542294	0
247.4137406886	207.081878688	-0.0958771	0.185357	2.50048	-0.0274385	0.0054874	0.000542294	0
247.6863831247	206.7036737989	-0.0943486	0.215286	2.40113	-0.0241389	0.0054224	0.000714423	0
247.7151684783	207.0884075023	-0.0986811	0.218582	2.49063	-0.0278235	0.00629736	0.00103046	0
247.9452529017	207.030075655	-0.112441	0.189505	2.45871	-0.0292317	0.00614017	0.00120567	0
248.4703747994	207.0277439356	-0.114653	0.162753	2.51541	-0.0296474	0.0065635	0.00139789	0
250.151738713	207.7124339107	-0.115501	0.136171	2.57705	-0.0300035	0.00680251	0.00160309	0
248.7791022638	207.2517250163	-0.123	0.010061	2.53581	-0.030048	0.00718286	0.00163395	0
248.4204923112	207.4258073017	-0.109684	0.0869438	2.52847	-0.0306445	0.0065635	0.00144226	0
248.2118439654	207.7451168445	-0.115055	0.100816	2.48191	-0.0310886	0.0065635	0.00153165	0
249.4302944208	207.2779374288	-0.118719	0.141429	2.50186	-0.0312366	0.0065635	0.00120567	0
249.5590018219	207.89459949	-0.125688	0.17582	2.47957	-0.0318635	0.00732744	0.00273541	0
250.0098952043	207.9467134189	-0.124842	0.191919	2.50615	-0.031804	0.0065635	0.00265883	0
249.1694571211	207.954213783	-0.121015	0.132798	2.48604	-0.0320264	0.00614898	0.00302638	0
249.3103003347	207.6923033998	-0.131487	0.163314	2.50206	-0.031931	0.00618629	0.00265883	0
248.9876844744	207.7624881542	-0.12944	0.143601	2.43194	-0.033261	0.00580153	0.00231351	0
249.1553868534	207.6932360875	-0.125712	0.145728	2.42448	-0.0332611	0.00581408	0.0022466	0
247.786743318	207.7229460791	-0.117993	0.116189	2.39198	-0.033476	0.00584539	0.0022071	0
249.2697842467	206.9956245006	-0.124989	0.129529	2.42962	-0.033828	0.00613709	0.00197603	0
248.6161946881	207.3023233276	-0.121737	0.0911315	2.40168	-0.0342736	0.00586129	0.0022209	0
249.7435604146	206.9842962305	-0.130302	0.111079	2.41203	-0.0340418	0.00645975	0.00224824	0
249.1477399689	206.6536389864	-0.125028	0.0952447	2.35824	-0.034135	0.00613734	0.00231317	0
249.2694949052	206.9151996118	-0.126873	0.133121	2.39603	-0.0339034	0.00614276	0.00220916	0
249.0207603503	206.4749904173	-0.129164	0.115132	2.35177	-0.033722	0.00610737	0.00251684	0
248.5364769498	206.774868965	-0.11608	0.132722	2.3725	-0.033498	0.00612359	0.00225562	0
248.147345594	206.4927892088	-0.120766	0.135423	2.36907	-0.0337217	0.00597204	0.00265883	0
247.4675499553	206.8637851987	-0.115324	0.141882	2.35761	-0.0341922	0.00647041	0.00231402	0
247.9859756622	206.5170585217	-0.121805	0.130486	2.37856	-0.0337302	0.00616138	0.00216604	0
247.2544044146	206.5863105883	-0.121334	0.112172	2.34911	-0.034062	0.00633316	0.00265883	0
247.8766872145	206.4604948949	-0.119377	0.147539	2.38864	-0.0337302	0.00658051	0.00265883	0
247.0105142645	206.6763732507	-0.122858	0.101672	2.35588	-0.0337925	0.00619348	0.00224318	0
247.9787586565	206.5224992003	-0.114979	0.11911	2.38402	-0.0334302	0.00641338	0.00255432	0
247.5155971912	206.460164568	-0.125121	0.110574	2.3674	-0.033126	0.00658051	0.00235387	0
247.4814631518	206.137512894	-0.124173	0.134039	2.36752	-0.033632	0.00633382	0.00265883	0
247.6520506797	206.3243613431	-0.123266	0.104529	2.36764	-0.0330476	0.00649158	0.00235755	0
246.5592406046	206.428336598	-0.119174	0.12391	2.31712	-0.0327634	0.00645903	0.00265883	0
247.7807084794	205.9492265512	-0.12234	0.158274	2.32924	-0.0332226	0.00648544	0.00228463	0
247.180291636	205.9402105695	-0.124385	0.140837	2.30859	-0.0339602	0.00632806	0.00216581	0
247.7111672976	206.2976048628	-0.109679	0.137464	2.31739	-0.0341974	0.00643382	0.00221901	0
247.3308484597	206.0094237741	-0.112439	0.132404	2.31217	-0.0340982	0.00645291	0.00218411	0
247.0583300271	206.1741986128	-0.117692	0.118962	2.323	-0.0342059	0.00616446	0.00239303	0
248.3536378727	206.2863737476	-0.122628	0.102119	2.33934	-0.033632	0.00645507	0.00254345	0
247.3657678548	206.8444707895	-0.111621	0.0944632	2.32755	-0.033181	0.00567799	0.00265883	0
248.4762856345	206.2709649685	-0.105939	0.112385	2.3622	-0.0331986	0.00584315	0.00265883	0
248.4120270033	206.7785414231	-0.0947459	0.09951	2.34493	-0.032639	0.00484843	0.00265883	0
247.7814028991	206.4762728629	-0.0999999	0.149808	2.37047	-0.0324997	0.0049342	0.00265883	0
249.0422542962	205.986145442	-0.109466	0.139137	2.36765	-0.032722	0.00549948	0.00265883	0
248.0741752422	206.1867510356	-0.107017	0.130804	2.30412	-0.0328292	0.00518764	0.00265883	0
249.4319891357	206.4126752159	-0.108719	0.170478	2.33457	-0.0331412	0.00548346	0.00265883	0
248.3263322946	205.587538008	-0.0995466	0.234544	2.22986	-0.0301778	0.00572195	0.00246185	0
251.1556382544	205.6031410971	-0.0651472	0.0713473	0.944701	-0.029781	0.00383079	0.00170338	0
249.1817500047	206.480217355	-0.056384	-0.0262271	0.694087	-0.0278971	0.00234059	0.00183903	0
247.7099851306	205.8291041394	-0.0544355	0.0733841	0.79565	-0.0280752	0.00235162	0.00172666	0
249.8534275454	207.1380925569	-0.0544481	0.067681	0.927497	-0.0268213	0.00197702	0.00234487	0
248.5250272901	206.1935907459	-0.0606825	0.127698	1.05157	-0.028339	0.0028467	0.00244665	0
249.4833265987	206.1751507315	-0.0647682	0.180375	1.19784	-0.027688	0.00345578	0.00223657	0
249.3061668835	206.6747604781	-0.0614766	0.0684002	1.19736	-0.0288103	0.00325684	0.00285455	0
249.6057428872	206.9836161456	-0.0623976	0.0904414	0.996153	-0.0292753	0.00271527	0.00285455	0
249.4758367853	206.5616915175	-0.0601012	0.147633	0.929126	-0.0294858	0.00292701	0.00256284	0
249.2946345549	206.7123788847	-0.0672412	0.0930064	0.938975	-0.0294211	0.00289561	0.00247111	0
251.8889455514	207.4919115471	-0.0751407	0.178406	1.16668	-0.0303978	0.00335271	0.00230078	0
251.9559074596	207.4973522257	-0.081499	0.104956	1.24285	-0.0303373	0.00393107	0.00230078	0
251.2289822112	207.2205771312	-0.0765953	0.0515023	1.27996	-0.0302237	0.00388323	0.00249821	0
250.7665068987	207.2829894875	-0.0773999	0.0418828	1.21233	-0.0311966	0.0035532	0.00230078	0
250.2062341327	207.1291737301	-0.0795406	0.0937583	1.21947	-0.0306681	0.00333779	0.00245842	0
250.0412019631	207.4350175933	-0.0792773	0.105742	1.20237	-0.0292121	0.00314056	0.00257596	0
250.9495443814	207.3612769668	-0.0792029	0.109558	1.21308	-0.0290204	0.00339353	0.00274366	0
250.3119264779	207.1979400218	-0.0834079	0.140538	1.21338	-0.0300719	0.00353661	0.00262186	0
253.5435247018	208.4271059114	-0.0827415	0.197634	1.31487	-0.0296077	0.00394761	0.00310039	0
251.76981949	208.2346807667	-0.0751283	0.142425	1.33233	-0.0300055	0.00367954	0.00355562	0
251.6204117657	207.8114153999	-0.0752496	0.115378	1.3143	-0.0292962	0.00396993	0.00355562	0
250.6878473238	207.8994572388	-0.0752764	0.0651611	1.2834	-0.0295853	0.00428325	0.0037892	0
251.1419317305	206.9771844862	-0.0703291	0.0725777	1.32863	-0.0287388	0.00405363	0.00355562	0
250.1007980614	207.2061981948	-0.0743735	0.0792091	1.32052	-0.0289222	0.00435869	0.00355562	0
251.7890235039	207.3259514177	-0.0783129	0.0721688	1.36934	-0.0285313	0.00464719	0.0038343	0
250.7759973025	207.5921171889	-0.0760827	0.105524	1.38464	-0.028899	0.00450779	0.00374406	0
251.2187891207	207.4514367842	-0.0883036	0.139588	1.4628	-0.0302142	0.00438224	0.00304447	0
250.1011204706	207.0806351043	-0.0840338	0.0877549	1.45008	-0.0308272	0.00404901	0.00337976	0
249.4928252694	207.3133989949	-0.0812223	0.147212	1.4479	-0.0310488	0.00415922	0.00303677	0
