5558.765197697	4295.825029133	-0.00341864	0.170179	-0.0206094	-0.00194334	0.00014162	0.000782842	1
5425.436965686	4285.521273263	-0.00146245	0.203782	0.0197638	-0.00176503	0.000199346	0.00102836	1
5301.338760149	4291.628193177	-0.00414744	0.201088	0.0160263	-0.00222078	0.000120282	0.000876641	1
5232.631556482	4286.955125087	0.000705317	0.208869	0.0210099	-0.00201053	0.00028068	0.00092074	1
5163.621983253	4286.165701049	-0.00281369	0.199224	0.0166899	-0.00204794	0.000299914	0.000715932	1
5138.483584509	4285.289601474	0.000212235	0.220718	0.014772	-0.00170502	0.000264132	0.000719279	1
5090.210277037	4278.534064993	-0.00137405	0.25655	0.0482435	-0.00157284	0.000298334	0.000808834	0
5080.480098641	4295.537614341	0.000865499	0.302035	0.0796334	-0.00251488	0.000712781	0.000672021	0
5065.996418181	4276.533761146	0.00404944	0.227374	0.0842563	-0.00217924	0.000663598	0.00083201	0
5035.876676486	4285.76518918	-0.00428476	0.254573	0.0526617	-0.00243619	0.000473709	0.000559735	0
5040.232692281	4282.518561994	-0.00342876	0.227052	0.067005	-0.00193595	0.000592068	0.000517264	0
5016.417554977	4292.241044001	-0.000145989	0.233124	0.0613387	-0.00223054	0.000673393	0.000612286	0
5050.050438439	4287.669473288	-0.00298234	0.266934	0.0980433	-0.00221993	0.000830812	0.000504819	0
5022.739590567	4270.103982911	7.42653e-05	0.255122	0.082265	-0.00211727	0.000814933	0.000698499	0
5017.748639868	4282.871063993	-0.000363373	0.262317	0.0680558	-0.00257862	0.000911319	0.000525353	0
5013.749071532	4269.959631087	0.0036165	0.247938	0.0669789	-0.00194134	0.000770332	0.000536525	0
4999.653132339	4277.452392955	0.00196946	0.242358	0.0654012	-0.00236039	0.000813272	0.000602256	0
5021.012666449	4279.21748066	0.00032968	0.251894	0.0834497	-0.00195007	0.000935127	0.000458856	0
5010.877041078	4277.832927562	-0.00140251	0.287319	0.0830581	-0.00248165	0.000658196	0.0004309	0
5030.171732839	4279.352488282	0.00162309	0.283716	0.112599	-0.00264961	0.000956773	0.00043474	0
5019.402682353	4271.26846392	0.00483322	0.252746	0.051305	-0.00262925	0.000861494	0.000619163	0
5016.839746885	4277.924114094	0.00291594	0.264607	0.0662547	-0.00274052	0.000931553	0.00052734	0
5020.950353339	4273.254590357	0.00578777	0.223495	0.0657668	-0.00204136	0.000874491	0.000621221	0
5012.956432303	4280.407094353	0.00357185	0.263738	0.0746929	-0.00245764	0.000974334	0.000397404	0
5045.472620914	4275.394735034	-0.000185216	0.279156	0.11469	-0.00286368	0.00115039	0.000425897	0
5005.17360722	4269.411223041	-0.00565979	0.257873	0.0801429	-0.00304816	0.00112656	0.000519168	0
5077.767556808	4294.324801247	0.0103071	0.271328	0.162278	-0.00159876	0.00182256	0.000745404	0
5074.301493006	4307.09188233	0.00101223	0.249212	0.272844	0.000182134	0.00153667	0.000507245	0
5053.563854714	4300.036042501	-0.0171246	0.290785	0.33502	-0.000430105	0.00127702	0.000845037	0
5039.178859554	4284.632285132	-0.0269996	0.304339	0.356399	-0.000356141	0.00160417	0.00123869	0
5015.195037641	4283.701409195	-0.0365102	0.304975	0.357654	-0.000660797	0.00209599	0.00126508	0
5027.018195362	4282.235013768	-0.0323318	0.274157	0.390374	-0.000323696	0.0025869	0.00138676	0
4996.46349718	4281.067955048	-0.0227415	0.318238	0.342051	-0.000757237	0.00319998	0.00167694	0
5021.34825137	4279.137249401	-0.0216994	0.359839	0.361379	-0.000281858	0.00333456	0.0018565	0
5025.371427315	4281.81388021	-0.0213875	0.383804	0.412171	-0.000999801	0.00278007	0.00166547	0
5035.932264172	4286.472770889	-0.0215544	0.353144	0.415369	-0.00123753	0.00318154	0.00159775	0
5020.700689139	4278.132908697	-0.0217375	0.362751	0.357688	-0.000847393	0.00339134	0.00184573	0
5008.820845703	4283.961113593	-0.0223056	0.360028	0.370783	-0.000826601	0.00343673	0.00162178	0
5070.150122249	4294.378288754	-0.0122212	0.357618	0.553973	-0.000835045	0.00305923	0.000898806	0
5043.066840756	4302.693984904	-0.0231555	0.357335	0.628913	-0.00311681	0.00392555	0.00192492	0
5036.639806203	4280.686776013	-0.0264105	0.381377	0.657654	-0.0024534	0.0054324	0.00250843	0
5044.320377393	4314.322684302	-0.0410557	0.363659	0.751268	-0.00240234	0.00571014	0.00227357	0
5081.141248973	4317.032503142	-0.0531245	0.317457	0.819246	-0.00317333	0.00453649	0.00231377	0
5013.559936145	4283.719775387	-0.0534561	0.297722	0.833259	-0.00168639	0.00472139	0.00262055	0
5021.361976724	4293.405847225	-0.0829776	0.297296	0.854711	-0.000432878	0.0011995	0.00334939	0
5006.182695292	4286.814317616	-0.160979	0.30444	1.34298	0.00470412	-0.00448209	0.00442734	0
4995.552270887	4288.46920817	-0.214761	0.203343	1.4776	0.00219477	-0.000459714	0.00425947	0
5004.676749383	4302.435569362	-0.305077	0.19385	1.88364	0.00426722	-0.00163928	0.00664033	0
4978.989061948	4310.987448296	-0.403058	0.0511126	2.20126	0.00459159	0.0012124	0.00601852	0
4962.572714304	4296.570309868	-0.384731	0.323739	2.30997	-5.18279e-05	0.00556147	0.00605517	0
4927.62576539	4312.717736901	-0.282727	0.357256	2.15624	-0.000919533	0.00832995	0.00536928	0
4928.639382829	4303.621316488	-0.210593	0.483576	2.02275	0.00190841	0.00931507	0.00487199	0
4899.76109946	4294.211059743	-0.152417	0.456634	1.86988	0.00228718	0.00890892	0.00462198	0
4944.195699753	4298.123703046	-0.148295	0.454672	1.78328	0.00290175	0.00913377	0.00503134	0
4910.437092042	4306.43553263	-0.16995	0.394707	1.78336	0.00203832	0.00906976	0.00565759	0
4960.031464897	4300.991728907	-0.159817	0.400207	1.81756	0.00181663	0.00975896	0.0060662	0
4930.256641364	4298.807440927	-0.146481	0.364283	1.82081	0.00120746	0.00978778	0.00602443	0
4973.339705988	4297.912008518	-0.163162	0.376785	1.7796	0.000268412	0.0106919	0.00617037	0
4936.413560938	4291.510262892	-0.157352	0.361486	1.60747	0.000508384	0.0094232	0.00510307	0
4996.569456918	4289.025671563	-0.0987341	0.443618	0.7822	-0.0109897	0.00841518	0.0031974	0
4955.954897322	4292.985358094	-0.095191	0.386453	0.677441	-0.010902	0.0118354	0.00343726	0
4961.140610803	4293.383292252	-0.0901653	0.38995	0.568529	-0.010464	0.0122119	0.00366161	0
4953.794389251	4278.234083859	0.00146757	0.259501	-0.0507344	-0.0180043	0.0131576	0.00304566	0
4940.611323394	4281.505521515	0.0301362	0.184069	-0.64579	-0.0276355	0.0154797	0.00289761	0
4932.289091875	4265.781483536	0.0253457	0.204237	-0.657314	-0.0240778	0.0152043	0.00301396	0
4927.290454977	4287.045989405	0.0236408	0.278716	-0.584317	-0.022705	0.014459	0.00333176	0
4952.100954998	4276.009519142	0.0171779	0.268814	-0.446088	-0.0198386	0.0141563	0.00358792	0
4914.363092477	4283.461037631	0.00912786	0.215655	-0.442733	-0.0198108	0.0139245	0.00358792	0
4948.933280406	4281.413368341	0.00950628	0.208798	-0.397651	-0.0183083	0.014024	0.00333792	0
4918.598187898	4275.599340856	0.00405648	0.177427	-0.407715	-0.0185601	0.0139598	0.00358792	0
4950.32214904	4283.335374213	0.0105701	0.183203	-0.375381	-0.0178004	0.0142894	0.00383045	0
4936.430992138	4272.084309497	0.00914972	0.211491	-0.380786	-0.0174261	0.0137335	0.00358792	0
4967.172080637	4286.530124962	0.00980949	0.244586	-0.323453	-0.0176532	0.0135852	0.00393625	0
4949.65605758	4275.690849602	0.00752088	0.194742	-0.331372	-0.0171855	0.0135944	0.00414876	0
4938.273071982	4277.127279137	0.00916976	0.234016	-0.343475	-0.0175588	0.0134674	0.00417336	0
4961.401804302	4265.249830613	0.00232557	0.18257	-0.330936	-0.0178658	0.0137629	0.00432975	0
4938.95343781	4273.481751151	0.0117596	0.243798	-0.349273	-0.017868	0.0140712	0.00436252	0
4994.923924152	4287.509655197	0.00477329	0.287536	-0.264557	-0.0177027	0.0135006	0.00443565	0
4977.645761492	4291.473852722	-0.00147997	0.248587	-0.250446	-0.0177105	0.013018	0.00455039	0
5006.898198028	4284.085165942	0.0340417	0.180924	-0.457743	-0.0209373	0.0132483	0.00399419	0
4969.656644329	4277.521668942	0.0438877	0.232448	-0.536927	-0.0206366	0.0132552	0.0043252	0
4981.278039338	4273.8168536	0.0344347	0.203069	-0.486934	-0.0195394	0.0133665	0.00447789	0
4981.315235049	4276.065262145	0.0346693	0.24551	-0.453787	-0.0190839	0.0133534	0.00470633	0
5037.762677464	4293.268584106	0.020742	0.245464	-0.304183	-0.0187451	0.0126837	0.0045328	0
4998.945727562	4275.418256648	0.015805	0.200258	-0.31072	-0.017858	0.0124208	0.00464288	0
5008.768689355	4293.877568364	0.0155697	0.234937	-0.259271	-0.0182848	0.0114116	0.00391839	0
5046.630080069	4295.399706794	0.0280587	0.214521	-0.1038	-0.0161997	0.00944517	0.00336542	0
5031.91114703	4298.348286129	0.0181447	0.223171	-0.039247	-0.0157151	0.00969151	0.0032544	0
5031.942303585	4286.973491279	0.0141797	0.252598	0.0086167	-0.0157801	0.0108524	0.00370553	0
4983.066041284	4283.567368216	0.0166776	0.271899	-0.0861612	-0.0175429	0.0113781	0.00454542	0
5015.194900387	4280.69322029	0.00812291	0.297005	-0.0840054	-0.0178547	0.0113162	0.0048382	0
4977.895288439	4282.715112469	0.025585	0.306956	-0.10792	-0.0184113	0.0121866	0.00484145	0
5010.32788964	4283.307341604	0.0190416	0.356589	-0.0691856	-0.0180044	0.0119014	0.00464004	0
5001.771366318	4274.080102351	0.0154445	0.364911	-0.0583956	-0.0172384	0.011255	0.00448089	0
5005.805934308	4280.275308871	0.0109772	0.344294	-0.118026	-0.0178917	0.0114318	0.00517062	0
5018.873844439	4275.036110971	0.0129873	0.296071	-0.137952	-0.0176945	0.0119541	0.00528648	0
4989.783504341	4286.119624462	0.00533272	0.278213	-0.162053	-0.0173341	0.011787	0.00528648	0
5014.718081568	4279.199758896	0.0139948	0.261806	-0.148845	-0.0176445	0.0115161	0.00510239	0
5012.567867514	4293.078477909	0.0046173	0.331413	-0.129642	-0.0174157	0.0107058	0.0051231	0
5055.390424907	4299.969344225	0.000720797	0.304968	-0.0465234	-0.0173588	0.0113733	0.00518108	0
5001.707680672	4282.745722789	0.0112431	0.275217	-0.0988396	-0.018129	0.0115093	0.00528648	0
5018.475122888	4284.688028136	0.00296568	0.281604	-0.116159	-0.0176733	0.0118508	0.00503648	0
5006.275066928	4279.465585358	0.0012304	0.291027	-0.14591	-0.0173598	0.0113132	0.00528648	0
5005.063392623	4286.18567831	0.00355619	0.346888	-0.123652	-0.0176085	0.0113468	0.00528648	0
5022.626768152	4276.262457048	0.000732942	0.317587	-0.112401	-0.0176119	0.0116426	0.00511617	0
5016.898903163	4291.570839104	0.000263065	0.371706	-0.0823247	-0.0185503	0.0118138	0.00546914	0
5041.426386372	4292.418261643	-0.00684086	0.335212	-0.0707526	-0.0186624	0.0116535	0.00528648	0
5004.804120674	4281.81968006	0.00633564	0.293986	-0.136297	-0.0189371	0.0119542	0.00528648	0
5030.520219593	4279.943750775	-0.0028906	0.276298	-0.104806	-0.018924	0.0118928	0.00542457	0
5017.785835579	4280.73124153	0.000466773	0.265083	-0.125085	-0.0184617	0.0118148	0.00546921	0
5012.932961946	4295.200900823	0.00263124	0.335432	-0.106073	-0.0187149	0.0117249	0.00541164	0
5033.69969799	4283.259653948	-0.00788799	0.316597	-0.0675997	-0.0183883	0.0116123	0.0053874	0
5014.77078693	4285.239980534	-0.00361309	0.353121	-0.0601548	-0.0190968	0.0120097	0.00598083	0
5026.777315389	4278.077487907	-0.00666215	0.335679	-0.0609117	-0.0188056	0.0120972	0.00561752	0
5003.633896939	4284.216306996	0.00425619	0.335037	-0.10115	-0.0191367	0.0119269	0.00598083	0
5020.995921517	4286.781774012	-0.00877706	0.3196	-0.0650119	-0.0187559	0.0119032	0.00598083	0
5018.586435513	4283.156223288	-0.00955597	0.298984	-0.0674998	-0.0184238	0.0117264	0.00554268	0
5021.511308583	4302.123988527	-0.00229228	0.390376	-0.0681762	-0.0189596	0.0114911	0.00583146	0
5056.060084959	4288.301656946	-0.00448489	0.34364	0.00577241	-0.018635	0.0122835	0.00561255	0
5012.820276785	4279.090528387	-0.00891857	0.333438	-0.0739018	-0.0190181	0.0121117	0.00598083	0
5027.260859632	4282.407075987	-0.00724023	0.323102	-0.0753077	-0.0189021	0.0119483	0.0058327	0
5000.434105017	4277.178833359	-0.000820268	0.306904	-0.134074	-0.0191902	0.0118262	0.00598083	0
5014.032500105	4286.686720914	-0.00327407	0.311651	-0.11472	-0.0186826	0.0120434	0.00598083	0
5029.19874245	4277.58611172	-0.0228099	0.369956	-0.0540197	-0.0189539	0.0116611	0.00524673	0
5037.821833743	4302.336005269	-0.0217453	0.393131	0.00269697	-0.0194465	0.0113711	0.0057967	0
5036.270182403	4278.164485658	-0.0156689	0.287928	-0.0310627	-0.0192627	0.0117801	0.00581453	0
5000.953335182	4285.705257396	-0.0134375	0.325245	-0.0596573	-0.0198604	0.0118622	0.00598083	0
5031.225153806	4283.307986032	-0.0152379	0.322151	-0.0390781	-0.0194597	0.0121089	0.0056992	0
5000.226028641	4281.61024103	-0.00641637	0.329426	-0.0806043	-0.0197151	0.0123769	0.00598083	0
5036.407710456	4278.299815493	-0.00471478	0.353235	-0.0182498	-0.0193488	0.0123821	0.00598084	0
5033.055567098	4282.295267766	-0.0114901	0.350772	-0.0122281	-0.0199744	0.0115565	0.00598083	0
5024.838471795	4291.019531133	-0.0193146	0.369206	0.00303325	-0.018819	0.0114729	0.00598083	0
5033.084939357	4282.299456547	-0.0226765	0.30807	-0.0649853	-0.018603	0.0117809	0.00598083	0
5005.096470727	4293.92106724	-0.0150211	0.333077	-0.0606187	-0.0184173	0.0119261	0.00598084	0
5031.321643049	4283.130768391	-0.01495	0.282529	-0.0591337	-0.0181463	0.011862	0.00598084	0
5011.031314064	4293.018223911	-0.0083692	0.317736	-0.0629731	-0.0181371	0.0114403	0.00598084	0
5054.30296506	4290.299383082	-0.0223174	0.372671	-0.000122436	-0.0180481	0.0113571	0.00533084	0
5021.893971469	4287.093354847	-0.0192762	0.3638	-0.0180588	-0.018544	0.0114108	0.00598084	0
5044.72431458	4287.802225412	-0.0270626	0.307619	-0.0399845	-0.0175976	0.0112164	0.00570855	0
5013.456858732	4287.659484657	-0.0126371	0.327077	-0.0626422	-0.0182573	0.0117569	0.005847	0
5041.608659082	4293.85404675	-0.0193861	0.302435	-0.0112518	-0.0176644	0.0116431	0.00577011	0
5029.535013639	4293.426791128	-0.0197812	0.330675	-0.037495	-0.0175119	0.0115	0.00563832	0
5033.696952919	4304.016028507	-0.0214193	0.416683	0.0176742	-0.018027	0.0114071	0.00567924	0
5047.045134792	4293.282439304	-0.0226542	0.369336	0.0146836	-0.0180638	0.0114744	0.00554338	0
5017.252056538	4302.06051239	-0.0230521	0.349223	-0.0150345	-0.0180119	0.0114293	0.00598084	0
5036.191947882	4296.79811509	-0.0181498	0.315863	-0.00682715	-0.0172905	0.0113735	0.00598084	0
5009.81236532	4299.778915814	-0.0205451	0.301281	-0.02072	-0.0183138	0.0115982	0.00598084	0
5035.343309206	4300.763923685	-0.0244967	0.317469	-0.0203392	-0.0174543	0.0116784	0.00598084	0
5014.924785409	4294.854520888	-0.0298155	0.380837	-0.0103614	-0.0182172	0.0109408	0.00598084	0
5025.952421576	4302.262862715	-0.0338701	0.379595	0.0240438	-0.0185452	0.0110897	0.00598084	0
5026.932823657	4294.479141702	-0.0299971	0.344987	-0.0480832	-0.0178581	0.0108323	0.00598084	0
5018.78641393	4289.663332857	-0.0135115	0.348358	-0.048672	-0.0181602	0.0114568	0.00582225	0
5011.901501547	4286.470193178	-0.019942	0.309412	-0.0425777	-0.0178071	0.0112887	0.00588747	0
5000.547064686	4299.133521387	-0.0124832	0.358615	-0.044905	-0.018307	0.0115617	0.00598084	0
5034.280417744	4294.585794501	-0.0239443	0.375461	0.00130091	-0.0184998	0.0109737	0.00546635	0
4999.069804768	4290.808481033	-0.00903171	0.341476	-0.00718818	-0.0189242	0.0114164	0.00598084	0
5023.97514699	4287.659806871	-0.0151331	0.334138	-0.0261868	-0.0181539	0.0112703	0.00598084	0
4990.808239317	4298.440117089	-0.0135114	0.332736	-0.0697662	-0.0186894	0.0115865	0.00598084	0
5023.411172169	4289.99875752	-0.0192914	0.339074	-0.0405307	-0.0180983	0.0115373	0.00598084	0
5003.293782652	4286.082892079	-0.0147421	0.336698	-0.0525967	-0.0186169	0.0115863	0.00566602	0
5026.913333653	4296.982421437	-0.0177535	0.385222	0.0145643	-0.0190759	0.0114627	0.00598084	0
5031.125370478	4273.127960297	-0.0200185	0.380303	0.0221564	-0.0190888	0.011311	0.00584132	0
5005.330076263	4279.602526263	-0.0267627	0.374658	-0.0124623	-0.0187481	0.0109563	0.00598084	0
5015.827227475	4271.154400202	-0.0258748	0.337837	-0.0306919	-0.0186948	0.0112857	0.00598084	0
4994.567613947	4277.697275513	-0.00966598	0.341323	-0.0488054	-0.0190809	0.0117593	0.00598084	0
5016.842080195	4267.609725165	-0.0152495	0.350911	-0.0348163	-0.0180297	0.0116348	0.00588898	0
5012.399045652	4276.956183559	-0.0117013	0.381267	-0.0139408	-0.0182042	0.0108657	0.00598084	0
5019.010960732	4284.925177561	-0.0175261	0.390301	0.0340616	-0.0185784	0.0112974	0.00592962	0
5012.346889304	4270.720055874	-0.00994415	0.347326	-0.0164145	-0.018469	0.0114168	0.00598084	0
4999.154215699	4269.755991907	-0.0207764	0.359469	-0.0334278	-0.0186324	0.0114157	0.00598084	0
5017.919383279	4270.113971542	-0.019914	0.319461	-0.0200929	-0.0179909	0.0116978	0.00598084	0
4990.764180928	4269.027466294	-0.0103071	0.350564	-0.0343009	-0.0185284	0.0116069	0.00598084	0
5029.00096009	4265.775683686	-0.0207945	0.397535	0.00460842	-0.0185857	0.0113859	0.00598084	0
5013.254958766	4263.901043257	-0.0180264	0.373749	-0.00290859	-0.0186079	0.0109784	0.00598084	0
5013.807267036	4273.150837483	-0.0205487	0.366439	-0.0126097	-0.018154	0.0109683	0.00598084	0
5012.547142228	4265.048769144	-0.014256	0.341294	-0.0502947	-0.0182013	0.0111707	0.00598084	0
4992.893806951	4273.791720916	-0.0148156	0.351624	-0.0364417	-0.0180676	0.0112281	0.00598084	0
5012.580632093	4270.00538546	-0.00937183	0.304355	-0.0234064	-0.0181579	0.0116468	0.00598084	0
4996.191735158	4282.9593506	-0.00412532	0.346753	-0.0180618	-0.0186931	0.0118565	0.00598084	0
5040.51557184	4281.176863344	-0.00919928	0.370134	0.0424461	-0.0185379	0.0118474	0.00598084	0
5009.82279659	4277.382150326	-0.00548365	0.369583	0.0305146	-0.0190375	0.0114943	0.0058502	0
5011.539152185	4284.561398076	-0.0137292	0.341906	0.01479	-0.019134	0.0112541	0.00590586	0
5003.51585889	4280.379061745	-0.0163333	0.342879	-0.0215156	-0.018883	0.0112075	0.00599339	0
4995.792190086	4284.426390455	-0.0153216	0.360631	0.00217569	-0.0186461	0.011448	0.00591295	0
5017.353075148	4282.977394578	-0.0113437	0.325315	-0.000468623	-0.0183508	0.0114629	0.00577298	0
4995.509173273	4283.871538131	-0.00875771	0.362444	-0.0157421	-0.0190297	0.0116811	0.0063126	0
5033.249231852	4282.046518641	-0.0112525	0.398235	0.0262661	-0.018703	0.0117295	0.00617436	0
5023.051430624	4287.612119215	-0.010009	0.388405	0.0277147	-0.0189446	0.01151	0.00646977	0
5017.781855226	4284.978020639	-0.0163943	0.355404	0.0191925	-0.018598	0.0114352	0.00606292	0
5019.88677561	4281.431090105	-0.0133933	0.358304	-0.0067371	-0.0186534	0.0113236	0.00616224	0
5003.333037166	4290.300994152	-0.0119807	0.3398	-0.027291	-0.0183624	0.0115898	0.00617413	0
5021.526131965	4281.383080235	-0.0200687	0.345537	-0.00811089	-0.0185437	0.0113396	0.00598071	0
5010.160714821	4290.215929684	-0.017903	0.3948	-0.000686691	-0.0191747	0.0114487	0.00606683	0
5030.7140216	4300.295746899	-0.020674	0.386443	0.0399487	-0.0188425	0.0118224	0.00611085	0
5013.061431266	4279.438197177	-0.014778	0.355094	-0.0240812	-0.0190258	0.0115514	0.0060368	0
5012.392045721	4283.370495527	-0.0161572	0.364787	-0.0128706	-0.0186567	0.011431	0.00603727	0
5017.355133951	4277.765262645	-0.0184792	0.333335	-0.0332735	-0.0183975	0.0114459	0.00605135	0
4998.495673185	4287.648529385	-0.00893318	0.375052	-0.0128729	-0.0182187	0.0115382	0.00622137	0
5030.983587565	4280.74123016	-0.00978998	0.393746	0.0250235	-0.0186478	0.0115641	0.00575141	0
5005.171822924	4280.891704048	-0.00695181	0.392334	-0.0108276	-0.0184724	0.0115683	0.00602895	0
5024.700120221	4276.150004399	-0.0069039	0.367762	-0.0320197	-0.018862	0.0119788	0.00594683	0
5001.060530202	4274.060769517	-0.0053808	0.346385	-0.0674242	-0.019165	0.0116319	0.00646977	0
5003.889874803	4286.415416816	-0.0106441	0.34805	-0.0395729	-0.0189315	0.0117106	0.00611258	0
5004.530437103	4282.617481659	-0.00469572	0.35655	-0.0370503	-0.0184395	0.0115452	0.00591191	0
5005.13064686	4287.234806746	-0.00514044	0.406007	-0.0178875	-0.0185489	0.0113827	0.00584044	0
5033.518111549	4283.693676062	-0.00597462	0.362981	0.0157908	-0.0187214	0.0115425	0.00602413	0
4999.303547557	4280.71384198	-0.000524828	0.365412	-0.0179658	-0.0194332	0.0116412	0.00571396	0
5020.579082497	4280.066192055	-0.00833076	0.349302	-0.0150415	-0.0187301	0.0115997	0.00611082	0
5003.075000499	4278.775080985	-0.00313823	0.35836	-0.0305446	-0.0187584	0.0118676	0.00594866	0
5013.469623312	4289.177434307	0.00259505	0.339676	-0.0100723	-0.018486	0.0120242	0.00619319	0
5006.352889689	4272.326614345	0.000159778	0.362739	-0.0124363	-0.0184361	0.0116215	0.00608719	0
5009.306174242	4288.065474162	-0.00935639	0.432056	0.028886	-0.0189217	0.0117026	0.00584397	0
5017.042058612	4279.815187432	-0.00193012	0.366738	0.0173064	-0.0193499	0.0119403	0.00602172	0
5001.176234941	4282.851086732	-0.00228133	0.365003	-0.0235212	-0.0198971	0.0120764	0.00646977	0
5014.921903084	4285.14363858	0.0011967	0.378189	-0.0118441	-0.0194856	0.012197	0.00631632	0
4992.681887476	4286.431205297	0.00432596	0.351797	-0.0523813	-0.0198532	0.01212	0.00646977	0
5017.813698048	4281.675972664	-0.00452696	0.384232	-0.0329991	-0.0182103	0.0117404	0.00646977	0
5016.136459714	4281.868012144	-0.00147801	0.399721	-0.0138614	-0.0187518	0.0113803	0.00608424	0
5005.001765781	4286.584256896	-0.00389117	0.412792	0.00832752	-0.0196822	0.0116431	0.00631901	0
5020.882001073	4278.95842069	0.0109897	0.327641	-0.0334727	-0.0199086	0.0122373	0.00646977	0
4997.453369755	4290.087688555	-0.0012338	0.34044	-0.0458518	-0.0202316	0.0126845	0.00646977	0
5037.630365046	4283.283175562	-0.00408469	0.380108	-0.0166103	-0.0136551	0.00852731	0.00354755	0
5062.287278349	4302.272206918	-0.0311453	0.393527	0.0710158	0.000494462	-0.00032237	7.65647e-05	0
5047.43479761	4292.134713417	-0.0500967	0.258225	0.0215362	0.000907366	0.000588673	0.000470227	0
5004.54814281	4286.9322479	-0.0432369	0.0788389	-0.175997	-0.000342791	0.00178165	0.000395862	0
5021.90522626	4281.079232534	-0.0493385	0.20193	-0.214408	-0.00758734	0.00303732	0.00152489	0
5008.914178114	4284.404157696	-0.0686375	0.178971	-0.271256	-0.0185912	0.00442636	0.0025062	0
5001.492604365	4278.389713169	-0.0939131	0.260103	-0.272133	-0.0188117	0.00581336	0.00237528	0
4997.320782829	4274.235087233	-0.0722202	0.312886	-0.345455	-0.0186123	0.00635059	0.0025062	0
5003.297213991	4270.962360722	-0.0747515	0.44565	-0.263797	-0.0184386	0.00598988	0.0025062	0
5010.341477741	4276.117460796	-0.0913438	0.394086	-0.258092	-0.0185624	0.00607423	0.00283483	0
5043.485464072	4297.547584605	-0.100856	0.374974	-0.211105	-0.0168195	0.00659629	0.0038313	0
5054.543570527	4312.172873208	-0.111836	0.276162	-0.172173	-0.0161247	0.00609567	0.00365398	0
5058.620138102	4298.903782881	-0.108101	0.276774	-0.20805	-0.0175003	0.00783148	0.00443471	0
5054.050830296	4298.164946424	-0.100944	0.364529	-0.124061	-0.0185403	0.0075158	0.00439714	0
5065.660146993	4295.813429433	-0.099926	0.290276	-0.0860118	-0.0188932	0.00749682	0.00456801	0
5029.54050378	4292.970536255	-0.0896587	0.272466	-0.0968293	-0.0193993	0.00789566	0.00488811	0
5047.312367447	4287.953665941	-0.0899747	0.269769	-0.0982233	-0.0198684	0.00803636	0.00482923	0
5010.944569823	4295.309164691	-0.070497	0.303188	-0.1652	-0.0204279	0.00938296	0.00578578	0
5045.927341912	4289.31759735	-0.0817375	0.387927	-0.132632	-0.0205385	0.00935419	0.00535895	0
5015.198194473	4275.31160385	-0.0790412	0.426132	-0.0923602	-0.0207041	0.00841524	0.0052305	0
5044.463807349	4290.038712043	-0.0838748	0.401561	-0.149727	-0.0196961	0.00856118	0.00537295	0
5054.363493874	4298.94921504	-0.0723095	0.363596	-0.308394	-0.0201027	0.00890058	0.0050579	0
5041.469209479	4290.976676685	-0.0898766	0.371467	-0.377628	-0.0200466	0.00915711	0.00527855	0
5019.941951536	4278.649417567	-0.0956378	0.305888	-0.390221	-0.0196018	0.00872896	0.00469385	0
5005.938246726	4288.68025827	-0.0949944	0.351248	-0.361723	-0.02084	0.00867568	0.00459337	0
5014.190067176	4279.541950051	-0.0737433	0.22093	-0.385758	-0.0208467	0.00950216	0.0047339	0
4995.205293922	4279.151749026	-0.0748086	0.233745	-0.438224	-0.0212037	0.00964576	0.00528626	0
5013.538936353	4272.781580362	-0.0811206	0.229344	-0.399308	-0.0201177	0.0093623	0.00512453	0
4980.091756938	4273.487873215	-0.0872564	0.259175	-0.404869	-0.020544	0.00900942	0.00494134	0
5015.500701288	4275.843256773	-0.0786323	0.352142	-0.337941	-0.0210328	0.0090206	0.00516713	0
4991.539526211	4266.484232037	-0.0733548	0.331992	-0.374307	-0.020562	0.00891191	0.00512126	0
5003.071843668	4260.465920944	-0.0828972	0.35127	-0.38246	-0.0208538	0.00924175	0.00537126	0
4988.638398005	4265.588477415	-0.0612585	0.286108	-0.394501	-0.020013	0.00940248	0.00512126	0
4981.881405927	4274.124245654	-0.0736799	0.317444	-0.38057	-0.020554	0.00928599	0.00543264	0
4987.408468978	4269.923865345	-0.0575959	0.285396	-0.366502	-0.0203397	0.00937233	0.00498124	0
4975.290216132	4276.392953674	-0.0677054	0.308495	-0.366056	-0.0210356	0.00901776	0.00513923	0
5005.67636696	4276.035296253	-0.0617998	0.306305	-0.305968	-0.0210872	0.00878784	0.00504756	0
4975.895641524	4272.748392331	-0.0685065	0.258692	-0.338052	-0.0208419	0.0084064	0.00487943	0
4980.023953686	4272.022766644	-0.0615108	0.256065	-0.336984	-0.0207989	0.00903862	0.00519333	0
4988.182167218	4272.45034448	-0.0650452	0.271825	-0.341708	-0.0201117	0.00905768	0.00544105	0
4968.007680226	4277.021915194	-0.0646505	0.286081	-0.34506	-0.0204711	0.00882718	0.0050971	0
4987.92797365	4273.621269767	-0.0635802	0.321663	-0.306783	-0.0205454	0.00849155	0.00494869	0
4978.490968829	4276.805709671	-0.07585	0.316587	-0.301078	-0.0212352	0.00881167	0.00533448	0
4982.811024195	4276.45546317	-0.0688519	0.312512	-0.319898	-0.0209787	0.00879048	0.00521282	0
4970.934200337	4273.650913445	-0.0639863	0.281211	-0.338596	-0.0205076	0.00822896	0.00496418	0
4966.830044799	4275.997919442	-0.0786765	0.350601	-0.296574	-0.0209922	0.00873941	0.00537127	0
4979.214432271	4271.858759772	-0.0618066	0.325339	-0.293394	-0.0206875	0.00869934	0.00537127	0
4973.16100187	4275.522976163	-0.0677194	0.353718	-0.279386	-0.0213838	0.00840127	0.00512126	0
5001.815699213	4275.949265144	-0.0728592	0.334496	-0.252998	-0.0213271	0.00843748	0.00512127	0
4972.979964443	4273.934139457	-0.0681493	0.303246	-0.303696	-0.0211925	0.00845084	0.00526156	0
4986.820886547	4272.182906949	-0.0726987	0.298462	-0.290993	-0.0208114	0.00860702	0.00512126	0
4985.317548455	4261.982903952	-0.064717	0.27805	-0.306511	-0.0203257	0.00875049	0.00537126	0
4980.534674132	4274.102979537	-0.0750148	0.3292	-0.309621	-0.0208395	0.00841002	0.00537127	0
4995.496957708	4264.129815121	-0.066572	0.356637	-0.275399	-0.020892	0.00815092	0.00532814	0
4977.545566403	4270.173258898	-0.071248	0.327148	-0.302767	-0.0215303	0.00871563	0.00537126	0
4997.03556996	4267.833341607	-0.0673682	0.302274	-0.303995	-0.0211556	0.00833579	0.00505645	0
4986.461007749	4267.751499278	-0.0817744	0.273607	-0.315558	-0.0203093	0.00844932	0.00537127	0
4987.017982639	4277.035448177	-0.0635111	0.328377	-0.297845	-0.0210049	0.00849387	0.00537127	0
5002.912355047	4267.350342981	-0.0569003	0.271908	-0.290633	-0.0207128	0.00880932	0.00543048	0
4985.376704734	4270.762265894	-0.0650126	0.3388	-0.299018	-0.0215215	0.00869062	0.00529558	0
5020.60282736	4274.259253275	-0.0776029	0.331691	-0.254321	-0.0214951	0.00849125	0.0053719	0
4997.150725686	4266.188761897	-0.0815203	0.286932	-0.313931	-0.0212418	0.00863207	0.00537126	0
4995.283940204	4275.99534173	-0.0701425	0.318451	-0.297097	-0.0212593	0.00882644	0.00528254	0
4998.933511997	4267.407052627	-0.0615174	0.300062	-0.299383	-0.0210516	0.00882698	0.00537127	0
4984.911826973	4276.554705049	-0.0593466	0.296919	-0.294638	-0.0212305	0.00845569	0.00537126	0
5012.834962914	4267.960293881	-0.0669914	0.335113	-0.269581	-0.0212514	0.00856818	0.00537127	0
4995.386468603	4269.414767394	-0.070163	0.329339	-0.295103	-0.0214734	0.00837019	0.00560458	0
5010.182949895	4274.23315395	-0.0634114	0.302715	-0.285467	-0.02167	0.00880131	0.00545604	0
5004.542103654	4258.646701304	-0.0630795	0.295173	-0.294676	-0.0208582	0.00851163	0.00504546	0
4994.306008688	4276.157093105	-0.0692971	0.339503	-0.2782	-0.0213937	0.00890209	0.00523721	0
5025.173095941	4270.286355974	-0.0573972	0.270029	-0.276665	-0.0208609	0.00898935	0.00549725	0
4991.576721922	4271.327751277	-0.0582807	0.322113	-0.284468	-0.0216798	0.00877103	0.00550632	0
5040.313671873	4264.092116095	-0.0652778	0.353746	-0.240312	-0.0214705	0.00847973	0.00535307	0
5018.006264774	4265.402882212	-0.0594441	0.323513	-0.28182	-0.0220102	0.00846401	0.00557928	0
5019.608562672	4266.490998529	-0.0643973	0.324857	-0.287359	-0.0216336	0.00858324	0.00556877	0
5025.292369273	4263.222783012	-0.0615151	0.321036	-0.299176	-0.0215458	0.00850399	0.00484137	0
5004.71572939	4268.171988409	-0.0685389	0.330149	-0.304819	-0.0220814	0.00881489	0.00536475	0
5030.482886628	4263.188950553	-0.068963	0.312929	-0.284045	-0.0217833	0.00861738	0.00510583	0
5005.822130226	4269.36482424	-0.0657131	0.338722	-0.304814	-0.0222079	0.00856787	0.00561459	0
5037.78340275	4270.58891482	-0.0766983	0.344932	-0.263495	-0.0222734	0.00860727	0.00561459	0
5023.986539034	4262.222953302	-0.0601947	0.306053	-0.317252	-0.0221948	0.00834432	0.00524985	0
5016.33177151	4271.897103225	-0.0762441	0.324247	-0.301934	-0.0217404	0.00834676	0.00561459	0
5031.908676466	4265.099034511	-0.0619232	0.289752	-0.308046	-0.0219499	0.00887877	0.00522106	0
5007.031471221	4273.463384959	-0.0684203	0.309802	-0.277738	-0.021998	0.00904375	0.00561459	0
5056.721509798	4274.490925064	-0.0754952	0.363173	-0.238619	-0.0222243	0.00862265	0.00561459	0
5007.556740543	4267.18053626	-0.0723288	0.339067	-0.272185	-0.0230021	0.00889811	0.00561459	0
5036.726275937	4271.342573116	-0.0660117	0.304586	-0.271095	-0.0226732	0.00899975	0.00561459	0
5010.698336961	4267.714766894	-0.0708457	0.311671	-0.302422	-0.0228206	0.00854195	0.00561459	0
5028.389221035	4278.652317492	-0.0874997	0.341237	-0.262203	-0.022571	0.00872592	0.00561459	0
5027.951382223	4272.131997153	-0.0833727	0.320539	-0.270814	-0.0219554	0.00872999	0.00529025	0
5023.090822392	4276.633003025	-0.072493	0.386963	-0.237782	-0.0228607	0.00858	0.00561459	0
5051.078330247	4278.642006648	-0.0796136	0.336572	-0.22239	-0.0231675	0.00868854	0.00561459	0
5008.882747052	4280.102280011	-0.0772226	0.31459	-0.260053	-0.0238428	0.00914314	0.00561459	0
5034.797451853	4271.262019642	-0.0730249	0.320093	-0.248402	-0.0234306	0.00910441	0.00588011	0
5012.075539043	4272.491587858	-0.0602033	0.308608	-0.29472	-0.0238495	0.00879659	0.00575769	0
5035.067566831	4281.213917941	-0.0664677	0.316882	-0.250335	-0.0230035	0.00879103	0.00579839	0
5033.731952574	4275.450800251	-0.073777	0.358877	-0.274145	-0.0226163	0.00852191	0.00563075	0
5027.071037978	4278.840168192	-0.0649079	0.412414	-0.234785	-0.0235212	0.00844557	0.0054229	0
5042.80496099	4274.922691681	-0.0613338	0.330587	-0.260175	-0.0230757	0.00844102	0.00527666	0
5022.78653128	4283.302186182	-0.0621288	0.325854	-0.286844	-0.0233651	0.00838662	0.00500104	0
5047.763382599	4272.461621966	-0.0607611	0.28434	-0.285819	-0.0230026	0.00877675	0.00524797	0
5011.580740009	4277.193010771	-0.060081	0.315728	-0.322428	-0.0233668	0.00904404	0.00559431	0
5054.652000828	4265.459914071	-0.0690374	0.368945	-0.264888	-0.0233026	0.00868928	0.00539326	0
5034.776726567	4276.753833235	-0.0778503	0.369773	-0.273428	-0.0240068	0.00866534	0.00559431	0
5049.947361026	4274.08912434	-0.0584385	0.337777	-0.287407	-0.0225265	0.00865392	0.00559431	0
5027.440112763	4278.112609221	-0.0637118	0.349631	-0.322441	-0.0236815	0.00902473	0.00559431	0
5035.849225777	4272.85343406	-0.0690457	0.339347	-0.285466	-0.0233765	0.00912868	0.00575567	0
5041.895656247	4276.336244029	-0.0692772	0.358414	-0.268605	-0.0228406	0.00857179	0.00559431	0
5039.470660593	4279.889296627	-0.0778122	0.430949	-0.232638	-0.0237831	0.00869109	0.00557283	0
5047.640952436	4269.21660585	-0.0709918	0.320634	-0.266063	-0.023253	0.00923293	0.00542465	0
5028.602924806	4278.86981187	-0.0560722	0.318282	-0.293873	-0.0230549	0.00917667	0.00580934	0
5047.115408608	4270.335976914	-0.0562775	0.29576	-0.294957	-0.0225062	0.00915419	0.00530711	0
5015.795521905	4277.550023764	-0.059226	0.312818	-0.297418	-0.0229717	0.00940322	0.00544118	0
5057.7763033	4277.869015518	-0.0732739	0.369001	-0.249824	-0.022976	0.0090798	0.00580934	0
5020.269438497	4281.020267392	-0.0731916	0.363148	-0.275344	-0.0235603	0.00909901	0.00580934	0
5042.834882263	4277.686320241	-0.0731016	0.33217	-0.282749	-0.0231576	0.00924942	0.0055889	0
5024.293163456	4283.404005772	-0.0728885	0.331757	-0.309334	-0.0226977	0.00927499	0.00580934	0
5028.277222141	4281.668239531	-0.0641136	0.343355	-0.283421	-0.0226311	0.00901629	0.00543337	0
5027.323447249	4279.670835608	-0.053873	0.355083	-0.279871	-0.0219455	0.00914031	0.00540272	0
5024.082479263	4282.518884208	-0.0597368	0.385458	-0.260535	-0.0226776	0.00906859	0.00580934	0
5033.723717361	4284.625196427	-0.0616055	0.352871	-0.255232	-0.0225297	0.00899189	0.00567244	0
5015.907109039	4288.270402198	-0.0625936	0.317937	-0.329968	-0.022992	0.00932116	0.00547059	0
5030.761785834	4283.058592479	-0.0567736	0.307054	-0.302893	-0.0221508	0.00923063	0.00525175	0
5000.956492014	4282.77729975	-0.0632724	0.313595	-0.323141	-0.0221005	0.00879738	0.0052185	0
5030.029538165	4281.73107124	-0.06413	0.375032	-0.280707	-0.0224405	0.00895936	0.00506485	0
5021.115606609	4274.432604349	-0.0736995	0.362641	-0.254388	-0.0223121	0.00862186	0.00551488	0
5010.456221706	4282.233724913	-0.0631409	0.358234	-0.290886	-0.0230905	0.00917889	0.00580934	0
5018.167263183	4271.127012021	-0.0473656	0.30606	-0.302421	-0.0223372	0.00892727	0.0052692	0
4993.152667139	4279.945684059	-0.0473324	0.317082	-0.319862	-0.0225445	0.0088834	0.00556111	0
5020.535435869	4276.674246403	-0.0551957	0.3525	-0.282439	-0.0223149	0.00903808	0.00532081	0
4996.086049928	4273.667346354	-0.0594748	0.37149	-0.284215	-0.0228138	0.00854628	0.00535926	0
5025.128076778	4284.441856721	-0.0635956	0.357759	-0.260245	-0.0229565	0.0090991	0.00550532	0
5002.819708903	4280.25533161	-0.0483688	0.303785	-0.310988	-0.0225042	0.00871315	0.00513411	0
5003.039863591	4278.494110471	-0.0461408	0.35307	-0.291072	-0.0228138	0.009085	0.00564013	0
5009.557073725	4257.474164947	-0.042411	0.325556	-0.274372	-0.0224494	0.0091805	0.00554722	0
5004.065147581	4276.852108472	-0.0483462	0.368533	-0.252856	-0.0231255	0.0090236	0.00546669	0
5019.820756654	4269.259460297	-0.0510014	0.38577	-0.2315	-0.0227578	0.00898367	0.00547831	0
4988.182716232	4267.924528139	-0.0506393	0.34304	-0.286558	-0.0233344	0.00872913	0.00536556	0
5045.677814965	4269.929342981	-0.0578436	0.345922	-0.332296	-0.0181902	0.00325802	0.0020373	0
5027.972656522	4276.881429936	-0.0781248	0.359269	-0.384589	-0.0195133	-0.00648185	0.000311037	0
5009.137077873	4267.997026265	-0.0688481	0.410051	-0.354011	-0.0175869	-0.0025181	0.000578131	0
5013.805482739	4262.953412198	-0.0531681	0.217497	-0.448202	-0.0224262	0.00284876	0.00174056	0
4993.166392494	4258.287110599	-0.0534874	0.167159	-0.756557	-0.0255326	0.00335191	0.00179047	0
4995.997521391	4245.810988662	-0.0462108	0.176658	-0.900315	-0.0239398	0.00460532	0.00161138	0
4951.815193115	4242.50088534	-0.0408783	0.203149	-1.01334	-0.0238325	0.00472787	0.00118986	0
4978.363734792	4234.49483674	-0.0364347	0.240967	-1.05096	-0.0230887	0.00474353	0.00148145	0
4977.72385876	4247.744594234	-0.034071	0.175363	-1.16634	-0.0233679	0.00462103	0.00137771	0
4996.162911914	4244.650696434	-0.0351826	0.101231	-1.31394	-0.0235362	0.00474858	0.00119085	0
4950.753125175	4230.645991789	-0.0461696	0.0399283	-1.3441	-0.0225746	0.00507837	0.00149418	0
4963.871270104	4232.438789889	-0.0464957	0.0274332	-1.34874	-0.0215714	0.00474767	0.000938971	0
4950.242679237	4235.359336615	-0.0520441	0.0623943	-1.2963	-0.0214273	0.00443432	0.00094469	0
4981.604565524	4241.935077744	-0.0511701	0.0209037	-1.28431	-0.0221715	0.00437687	0.000884285	0
4972.283814457	4228.022848486	-0.0548436	-0.031658	-1.33904	-0.0219795	0.00427616	0.000973681	0
4976.596046371	4236.169704556	-0.0587638	-0.0309438	-1.33674	-0.0223595	0.0048711	0.00108743	0
5007.997736186	4249.483904829	-0.0644533	-0.0854754	-1.29604	-0.0217932	0.00570595	0.00181646	0
5025.960794043	4264.15043681	-0.0619183	-0.0851097	-1.28083	-0.0227463	0.00527272	0.00181502	0
5017.921167575	4245.613471546	-0.059811	0.00247544	-1.2536	-0.0225351	0.00508718	0.00165112	0
4994.425282019	4246.477971421	-0.0581417	0.0261865	-1.24613	-0.0231969	0.00562149	0.00177233	0
5003.973599466	4243.188812001	-0.0479368	0.0171543	-1.28077	-0.0221903	0.00638328	0.0018586	0
4981.849837611	4245.939552006	-0.0545512	0.0181859	-1.30441	-0.0216579	0.00673281	0.0023293	0
4991.657701514	4235.052911203	-0.0478319	0.0520252	-1.30702	-0.0213128	0.00668601	0.00226918	0
5000.79068973	4263.083264396	-0.0378077	0.0107263	-1.27454	-0.0206607	0.00481423	0.00147106	0
5046.255515141	4266.48616532	-0.0344447	0.0892193	-1.25387	-0.0225807	0.00523894	0.00240613	0
5015.969559402	4254.278447556	-0.0286817	0.0702158	-1.15447	-0.020869	0.00526544	0.00232538	0
5017.183704272	4261.959382338	-0.0197026	0.0405899	-1.06672	-0.0194009	0.00580616	0.00202948	0
5042.253064481	4265.631009648	-0.0386203	0.0799423	-0.705202	-0.0134365	0.00546254	0.00202948	0
5023.361074624	4268.956901452	-0.0357638	0.057958	-0.511222	-0.0121128	0.0053359	0.0023849	0
4974.564282127	4251.150072869	-0.0274967	0.0377787	-0.701694	-0.0146883	0.00684626	0.00247037	0
4978.835886991	4260.340901953	-0.0421298	0.113101	-0.542131	-0.0117336	0.00609441	0.00245618	0
4954.157287627	4254.419577242	-0.0398109	0.136481	-0.553959	-0.0118807	0.00629138	0.00247899	0
4966.356657319	4248.622304879	-0.0389577	0.211662	-0.511672	-0.0115182	0.0060359	0.00260478	0
4956.662576606	4247.49262297	-0.041424	0.234284	-0.555525	-0.0120274	0.00624887	0.00308614	0
4991.701073635	4251.177783264	-0.0295247	0.264318	-0.552522	-0.0124283	0.00677117	0.00336262	0
4975.609742388	4252.513037637	-0.0507706	0.263608	-0.563596	-0.0127433	0.0067783	0.00308614	0
4999.401272082	4249.290898707	-0.0492254	0.249423	-0.640735	-0.0125592	0.00647851	0.00308614	0
4982.786318557	4255.109437187	-0.0412421	0.213636	-0.67344	-0.0130039	0.0068328	0.00308614	0
4969.847426759	4252.741487287	-0.039616	0.200375	-0.674582	-0.0151415	0.00664961	0.00326528	0
4981.841465145	4243.690821247	-0.0329326	0.162957	-0.637065	-0.0155167	0.00691493	0.0032311	0
4956.839770934	4249.11980313	-0.0375952	0.113024	-0.701533	-0.0157799	0.00712113	0.00334549	0
4974.816965905	4247.575754154	-0.0307862	0.100392	-0.708957	-0.0155367	0.00717154	0.0035083	0
4953.782173686	4247.423991411	-0.0354139	0.0938844	-0.728344	-0.0148129	0.0070296	0.00350258	0
4962.83692738	4241.126320872	-0.0297312	0.145131	-0.714068	-0.0148038	0.00716887	0.00311789	0
4947.991446572	4241.078311002	-0.0500862	0.161897	-0.713976	-0.0144377	0.00675543	0.00311067	0
4952.900319651	4242.119706304	-0.0324129	0.208599	-0.728507	-0.0144776	0.00676109	0.00318426	0
4950.459128079	4238.895311877	-0.0298145	0.238685	-0.720783	-0.0145054	0.0069993	0.00305772	0
4964.350010474	4250.346149206	-0.0329317	0.19411	-0.829434	-0.0148734	0.00682419	0.00273384	0
4952.468519995	4257.426799505	-0.0535854	0.0752072	-0.956782	-0.0115417	0.00693594	0.00158671	0
4912.976557153	4255.922705052	-0.0525896	0.0972812	-1.0204	-0.0120274	0.00807481	0.00224776	0
4910.932851851	4243.52230338	-0.0518696	0.0555394	-0.97729	-0.0119191	0.00839373	0.00244301	0
4881.304752359	4248.153805878	-0.0668937	0.0373463	-0.962522	-0.0118266	0.00799217	0.00272197	0
4905.110556422	4237.632877844	-0.0607399	0.0255543	-0.924469	-0.0114069	0.00866798	0.00286604	0
4880.977814412	4240.902060003	-0.0646085	0.0231068	-0.933967	-0.0114992	0.00812968	0.00272203	0
4900.718580198	4238.546354231	-0.0572834	0.0602522	-0.902165	-0.0118665	0.00866891	0.00286604	0
4880.298683865	4232.530298635	-0.0579747	0.0716716	-0.900779	-0.0118719	0.00810672	0.00261604	0
4890.755482534	4231.482781269	-0.0399388	0.0976933	-0.899482	-0.012363	0.00880209	0.00286604	0
4894.972872248	4224.171103609	-0.049069	0.134089	-0.836583	-0.0124521	0.00837362	0.00286604	0
4881.727767788	4229.694494163	-0.0515578	0.137157	-0.882427	-0.012497	0.00828118	0.00286604	0
4900.412093029	4227.44962997	-0.0461423	0.121117	-0.850164	-0.0126687	0.00841315	0.00286604	0
4876.993069459	4225.932646962	-0.0510132	0.123307	-0.878778	-0.0124627	0.00814338	0.00286604	0
4907.290554496	4230.514850734	-0.0462351	0.111337	-0.855135	-0.0132071	0.00840425	0.00286604	0
4898.648933975	4233.883274772	-0.0581076	0.111659	-0.818096	-0.0133893	0.0076466	0.00286604	0
4909.049733197	4229.648417576	-0.0447333	0.14691	-0.812882	-0.0146445	0.00804405	0.00286604	0
4909.914430538	4229.12320893	-0.048857	0.0742819	-0.824037	-0.0137064	0.00812841	0.00300994	0
4886.170390571	4219.703930196	-0.0550691	0.0947091	-0.869785	-0.0136813	0.00794592	0.00286604	0
4903.415063366	4215.692045015	-0.0534715	0.103454	-0.852916	-0.0129703	0.00813441	0.00286604	0
4885.328065558	4218.01166283	-0.0550593	0.0964279	-0.867857	-0.013409	0.00799436	0.00286604	0
4902.11746834	4220.706337617	-0.0491671	0.124784	-0.838832	-0.0140218	0.008579	0.00325924	0
4903.074674571	4219.310184819	-0.0499105	0.11251	-0.817703	-0.0138711	0.00815122	0.00287432	0
4907.096340728	4223.503798636	-0.0461661	0.170432	-0.811174	-0.0148859	0.00788843	0.00275374	0
4938.930379214	4225.019170575	-0.0450783	0.145337	-0.774205	-0.0148947	0.0078038	0.00321892	0
4902.368093316	4216.343561506	-0.0498124	0.106242	-0.825284	-0.015285	0.00756951	0.00354239	0
4931.911781877	4219.016647963	-0.0434606	0.106717	-0.810507	-0.0150045	0.00813313	0.00359278	0
4916.725637767	4222.624799136	-0.0493386	0.0786565	-0.833807	-0.0142255	0.00791295	0.0033842	0
4936.162112441	4226.257438566	-0.0393435	0.11307	-0.843864	-0.0148598	0.0080806	0.0030296	0
4945.81652688	4216.601654835	-0.0451682	0.0921051	-0.815914	-0.0143643	0.00780513	0.00359278	0
4933.445178495	4228.425615852	-0.0452799	0.142841	-0.847085	-0.0147252	0.00743418	0.0028796	0
4959.204649534	4216.034558383	-0.048678	0.155749	-0.832464	-0.0143068	0.00758147	0.00291536	0
4939.838311422	4224.021596363	-0.0534098	0.144156	-0.886192	-0.0144576	0.00773527	0.00280562	0
4966.447930927	4220.317747663	-0.0493427	0.131016	-0.86856	-0.0140713	0.00794682	0.00266206	0
4963.384157269	4221.485450811	-0.0519433	0.111589	-0.875764	-0.0135866	0.00765479	0.00300024	0
4960.492087798	4231.5391687	-0.0599264	0.123459	-0.890023	-0.0138241	0.00782162	0.00267669	0
4976.609497218	4227.322355482	-0.0439899	0.118838	-0.873598	-0.0134674	0.00803384	0.0025446	0
4960.861986105	4234.148134592	-0.044852	0.112119	-0.876437	-0.0147538	0.00776823	0.00304688	0
4994.434066246	4237.302608604	-0.0495676	0.109157	-0.830772	-0.0140638	0.00783235	0.00297187	0
4969.424960343	4236.090117725	-0.0506564	0.0910647	-0.860721	-0.0142223	0.00745321	0.0028669	0
5013.336624626	4249.25062197	-0.046771	0.12317	-0.776177	-0.0144972	0.00682398	0.00281794	0
5008.134577972	4236.753233916	-0.0481907	0.131775	-0.759637	-0.0145131	0.0068318	0.00300135	0
4988.644986175	4235.690572497	-0.0546715	0.121373	-0.821057	-0.0148292	0.00718204	0.00302255	0
5005.99685399	4232.847357106	-0.0544667	0.106086	-0.768511	-0.0142828	0.00705926	0.00306907	0
4981.255255249	4246.446394459	-0.0453853	0.123274	-0.767895	-0.0145241	0.0073076	0.00318667	0
5009.224920143	4238.897567374	-0.0516098	0.133887	-0.750889	-0.0141879	0.00732845	0.00318667	0
4981.949895446	4232.745215301	-0.044822	0.174601	-0.784357	-0.0145173	0.0073271	0.00318667	0
5007.20482245	4246.996091361	-0.0439004	0.182758	-0.760819	-0.0151851	0.00766336	0.00318667	0
5010.607475114	4236.354010903	-0.0355917	0.186402	-0.783523	-0.0146799	0.00737308	0.00318667	0
4993.15349066	4231.860738165	-0.0444676	0.190322	-0.790761	-0.0156116	0.0076923	0.00312125	0
5016.573337752	4240.40520618	-0.0442222	0.154783	-0.824956	-0.0141458	0.00770481	0.00318667	0
4992.500712795	4245.522929442	-0.0451447	0.156035	-0.894257	-0.0144219	0.00752271	0.00318667	0
5021.935284787	4234.651432692	-0.0388647	0.202222	-0.84694	-0.0146279	0.00716338	0.00281185	0
4991.295901166	4231.85203839	-0.0448552	0.186746	-0.846686	-0.0148133	0.00703145	0.00318667	0
5032.705707809	4240.625600482	-0.0326757	0.121959	-0.924074	-0.0155105	0.00577201	0.00150931	0
5016.427986246	4238.567942562	-0.0466876	0.1026	-0.975517	-0.0154913	0.00413258	0.00115508	0
4997.117510327	4234.837994536	-0.0493345	0.103458	-0.953581	-0.0157992	0.00511053	0.00150931	0
5004.211871622	4223.981964054	-0.0433077	0.102844	-0.949888	-0.0150138	0.00490189	0.00150931	0
4992.45720342	4233.811743287	-0.0369206	0.153573	-0.945974	-0.015834	0.0050482	0.00150931	0
5027.939166657	4238.014701308	-0.0396788	0.180257	-0.871472	-0.0153033	0.00516177	0.00150931	0
5011.027059204	4240.269876345	-0.0493241	0.170992	-0.857463	-0.015905	0.00609847	0.00168592	0
5037.191016444	4238.887900958	-0.0455491	0.113004	-0.908354	-0.0157401	0.00595208	0.00168228	0
5009.373153973	4237.328385715	-0.0405345	0.0593503	-0.994554	-0.0163663	0.00555617	0.00178716	0
5031.763873975	4237.083825371	-0.0409273	0.0597649	-0.982919	-0.0159043	0.00581568	0.00171653	0
4992.313087197	4233.390609729	-0.038875	0.0481626	-0.990823	-0.015016	0.00540172	0.00170993	0
5032.814000857	4235.934810628	-0.0356625	0.103545	-0.949731	-0.0148954	0.005344	0.00150931	0
5027.75428613	4229.616840614	-0.0407801	0.190167	-0.897339	-0.0144114	0.00518426	0.00184201	0
5022.714884929	4242.634604105	-0.0447271	0.168024	-0.957015	-0.0149758	0.00533113	0.00150931	0
5032.798902967	4243.357652081	-0.0425248	0.133732	-0.998441	-0.0146642	0.0047573	0.00162392	0
5017.559778988	4242.366199932	-0.0372144	0.155172	-0.995116	-0.0154493	0.00503511	0.00181017	0
5025.5895232	4239.757234041	-0.0302948	0.0915674	-0.945597	-0.014849	0.00526054	0.00185975	0
5026.181085984	4248.724124469	-0.0443597	0.11173	-0.958071	-0.0150671	0.00539778	0.00205684	0
5090.43605912	4264.034439809	-0.0434012	0.144925	-0.844545	-0.0142762	0.00689923	0.00346195	0
5038.032243429	4258.055761024	-0.0557074	0.0825533	-0.822807	-0.0140983	0.00644755	0.00346852	0
5038.884587951	4255.529926317	-0.0612433	0.0662595	-0.798858	-0.0133225	0.00668716	0.00354233	0
5007.968501181	4251.1600615	-0.0449315	0.0332765	-0.93072	-0.013594	0.00482413	0.00224375	0
5001.889678874	4249.947570621	-0.0349437	0.125854	-1.01021	-0.0149269	0.00453183	0.00141459	0
4999.757033274	4237.176622972	-0.0296278	0.181868	-0.968418	-0.0153629	0.00437737	0.0016784	0
4996.029775974	4248.38483324	-0.0359775	0.21737	-0.966926	-0.0168763	0.00455626	0.0016784	0
5011.199586912	4249.727820746	-0.0217667	0.161418	-0.97334	-0.0163223	0.00487872	0.00204542	0
4985.170412654	4248.894897832	-0.0313198	0.121456	-0.993392	-0.016595	0.00498939	0.00184058	0
5003.755915342	4244.196697059	-0.0262634	0.123453	-0.977506	-0.0156725	0.00517852	0.0016784	0
4983.765485355	4247.72268369	-0.0232311	0.100921	-0.96113	-0.0152812	0.00515745	0.0016784	0
4995.613211461	4245.901208552	-0.0212511	0.127254	-0.935275	-0.0159529	0.00495861	0.0016784	0
5003.659426099	4238.276338989	-0.0273384	0.128954	-0.898969	-0.015619	0.00501518	0.0016784	0
4984.402067302	4242.997416949	-0.0197882	0.109388	-0.957844	-0.0164916	0.00488399	0.0016784	0
4998.968099891	4226.90251078	-0.027389	0.106215	-0.94481	-0.0152119	0.00501211	0.0016784	0
4971.101375156	4245.184282641	-0.0269546	0.117799	-0.962905	-0.0146569	0.00482517	0.00209064	0
4995.434781851	4237.354807255	-0.0270845	0.15698	-0.958534	-0.015146	0.00478828	0.0016784	0
4985.354195152	4231.466992788	-0.023228	0.17651	-0.896808	-0.0155729	0.00486233	0.00197675	0
4987.350685235	4236.234791763	-0.0250039	0.192676	-0.92632	-0.0168344	0.00509345	0.00211457	0
4992.951316187	4228.095346612	-0.0196189	0.121598	-0.937284	-0.0159887	0.00507078	0.0019232	0
4970.287873388	4238.372036515	-0.0296126	0.125003	-0.956296	-0.0164011	0.00511599	0.00185499	0
4991.277920952	4227.041062754	-0.022036	0.109049	-0.934684	-0.0159417	0.00532688	0.00206181	0
4977.509605974	4222.893203309	-0.0250232	0.0922756	-0.933195	-0.0151812	0.00535003	0.0018852	0
4980.486360883	4231.306208055	-0.0217211	0.111351	-0.931526	-0.0155049	0.00554582	0.0016784	0
4990.094109116	4223.403590116	-0.0209462	0.124014	-0.934594	-0.0151275	0.00575042	0.00186945	0
4970.421558342	4229.017522773	-0.0220634	0.128086	-0.965212	-0.0159137	0.0054867	0.0016784	0
4989.205117897	4218.600025399	-0.0224425	0.16051	-0.92904	-0.0159093	0.00530757	0.0016784	0
4980.169854206	4226.084409705	-0.0232661	0.132464	-0.951349	-0.0159508	0.00572118	0.0019303	0
4989.874640696	4232.261894462	-0.00933175	0.133222	-1.00797	-0.016497	0.0073477	0.00210928	0
5033.434386885	4246.029771896	-0.0151006	0.140665	-0.912565	-0.0146874	0.00761325	0.00319556	0
4982.211088945	4236.03920793	-0.0315598	0.072817	-0.93012	-0.0154408	0.00613823	0.00243284	0
5010.585514546	4227.623625472	-0.0219628	0.128251	-0.925636	-0.0155267	0.00609161	0.00183111	0
4986.295205465	4230.410775647	-0.0167975	0.142951	-0.90271	-0.0156026	0.00562259	0.00188198	0
4992.174461115	4228.237120725	-0.0201462	0.13507	-0.921473	-0.016157	0.00600999	0.00183503	0
4994.524241826	4225.043981045	-0.0182209	0.140664	-0.960783	-0.0162969	0.0058709	0.00239318	0
4978.885847282	4227.011096862	-0.0201652	0.128728	-0.962526	-0.016247	0.0061168	0.00206319	0
5009.43999645	4227.400975672	-0.0201672	0.0957669	-0.960968	-0.0153503	0.00608015	0.00178251	0
4988.88435636	4233.017486041	-0.0288879	0.10788	-0.979128	-0.0154134	0.00605238	0.00178251	0
5014.218615913	4232.47938884	-0.0261917	0.117916	-0.96933	-0.0152012	0.00618187	0.00153251	0
4997.275077398	4224.963105358	-0.0239776	0.0984402	-0.990505	-0.0149133	0.00611849	0.00178251	0
5007.547270048	4238.84923529	-0.0289097	0.0952902	-0.975893	-0.0152986	0.00628934	0.0013554	0
5015.218096237	4234.452304507	-0.0106543	0.120906	-0.947312	-0.0148816	0.00616905	0.00188436	0
5020.468044378	4250.003635838	-0.025226	0.131121	-0.940498	-0.0155275	0.00660388	0.00208857	0
5085.774379678	4271.067402451	-0.0249854	0.135751	-0.797775	-0.0136171	0.00609055	0.00256764	0
5029.593620903	4250.351626843	-0.0226305	0.0720897	-0.830462	-0.0141007	0.00710023	0.00302494	0
5022.77568825	4243.151112976	-0.0252001	0.0459603	-0.831565	-0.0139885	0.00684949	0.00348469	0
5011.530916972	4243.900582491	-0.0204185	0.0512142	-0.870431	-0.0140451	0.00706752	0.0036069	0
5001.431938298	4239.323856355	-0.0276268	0.112319	-0.954761	-0.0146484	0.0052104	0.00202931	0
5009.933422948	4240.281153831	-0.0114918	0.129458	-0.96765	-0.0143112	0.00588362	0.00227931	0
4984.963846067	4234.140079244	-0.0149927	0.211319	-0.969192	-0.0152913	0.00635267	0.00197622	0
5028.152733175	4234.70169806	-0.0097454	0.242165	-0.93304	-0.0160492	0.00654434	0.00227931	0
5006.086892317	4241.227173821	-0.0120527	0.178376	-0.979545	-0.016611	0.00661416	0.00227931	0
5029.037881294	4241.512010902	-0.0179106	0.133338	-0.98937	-0.0162915	0.00651027	0.00227931	0
5001.625877559	4238.87565683	-0.0183478	0.0986859	-1.01405	-0.01523	0.00635151	0.00227932	0
5010.701356539	4240.958447434	-0.0178401	0.0849739	-1.00603	-0.0150234	0.00663239	0.0018201	0
5040.914018884	4239.698913326	-0.018417	0.132698	-0.972104	-0.0146096	0.00630059	0.00227932	0
5026.362672426	4241.967299133	-0.0164473	0.166701	-0.951908	-0.0162733	0.00712931	0.00199165	0
5045.332622296	4240.781874221	-0.0156587	0.138389	-0.91446	-0.0163192	0.0074142	0.00179617	0
5008.109186066	4229.528554008	-0.0267021	0.0995712	-0.960029	-0.0166381	0.0075071	0.00179617	0
5030.951195728	4233.527550634	-0.00957558	0.0962583	-0.977564	-0.016312	0.0072276	0.00179617	0
5004.31783136	4240.931381467	-0.0187834	0.0938294	-0.97363	-0.0159912	0.00723973	0.00179617	0
5053.933753021	4247.59605363	-0.0164318	0.121287	-0.925977	-0.0158841	0.00640294	0.00179617	0
5014.073813422	4249.680777517	-0.0212701	0.155878	-0.945415	-0.0161341	0.00626779	0.00221308	0
5080.134905972	4268.905669443	-0.0286904	0.165811	-0.857979	-0.0163075	0.00606333	0.00226728	0
5041.470993775	4248.546584614	-0.0306586	0.21329	-0.874557	-0.0163283	0.00542979	0.00179617	0
5029.91012758	4247.305738912	-0.0293412	0.248433	-0.90016	-0.0162426	0.00592306	0.00193907	0
5045.428288018	4259.771872218	-0.0191337	0.168707	-0.962563	-0.0163936	0.00584385	0.0023143	0
5023.541425784	4249.409473419	-0.0228876	0.165943	-0.990319	-0.0171597	0.00566871	0.00179617	0
5031.555248585	4259.171265522	-0.0225027	0.111392	-0.983026	-0.0153525	0.00578751	0.00211424	0
5005.910247003	4252.834284888	-0.0261764	0.106717	-1.0158	-0.0155342	0.00582116	0.00183626	0
5022.635140619	4251.432654454	-0.0212531	0.126324	-1.00086	-0.0150523	0.00575265	0.00172513	0
5007.815051717	4243.298686939	-0.0306842	0.135527	-0.965609	-0.0150753	0.00563761	0.00222894	0
5025.63907173	4259.33172804	-0.0281071	0.175266	-0.916933	-0.0160211	0.00583885	0.00197893	0
5027.060194947	4245.978862101	-0.0221846	0.169561	-0.884816	-0.0156589	0.00578062	0.00222894	0
5012.622631678	4248.18377177	-0.0358593	0.145849	-0.953412	-0.0164826	0.00563738	0.00214729	0
5018.419397948	4249.59571305	-0.0311578	0.125377	-0.937661	-0.0156566	0.00542804	0.00172377	0
4985.599055479	4250.244007402	-0.0330616	0.106431	-0.958207	-0.0148844	0.00550113	0.00172377	0
4991.795229567	4246.9761141	-0.0285446	0.154583	-0.938945	-0.0156418	0.00544456	0.00208531	0
4979.147178033	4245.373422196	-0.0379928	0.136342	-0.898273	-0.0147077	0.00531446	0.00206016	0
4971.295177164	4249.775830616	-0.0251475	0.2003	-0.916555	-0.0160992	0.00509824	0.00214184	0
4986.972551715	4244.489267273	-0.0303345	0.171187	-0.888473	-0.015236	0.00517715	0.00208418	0
4956.845947343	4244.738338613	-0.0331189	0.158738	-0.949007	-0.0153838	0.00495303	0.00172377	0
4970.203462457	4236.376888089	-0.0246335	0.155574	-0.933852	-0.0153761	0.0053754	0.00172377	0
4958.158228498	4236.036952432	-0.0284523	0.120198	-0.909104	-0.0149215	0.00526019	0.00182809	0
5007.92238399	4255.850206927	-0.0272938	0.170007	-0.823401	-0.0145105	0.00774183	0.0029842	0
5002.090206305	4248.42704326	-0.0250955	0.137253	-0.814991	-0.015466	0.00694876	0.00331706	0
4963.800859035	4243.404373096	-0.0186966	0.166691	-0.849559	-0.0168704	0.00723656	0.00344625	0
4981.620486936	4237.407005905	-0.0167333	0.138566	-0.878061	-0.0162632	0.00796725	0.00331715	0
4952.057994638	4242.363944435	-0.0186732	0.128117	-0.92194	-0.0163444	0.00728223	0.00344625	0
4981.91599382	4233.268812878	-0.00570428	0.128124	-0.910499	-0.0164401	0.00571697	0.0022419	0
4961.120297278	4234.47904826	-0.0240547	0.179611	-0.854752	-0.0149723	0.00440455	0.00193471	0
4981.925876076	4240.145179568	-0.0317681	0.25895	-0.784336	-0.0151655	0.00495914	0.00193471	0
4989.162157537	4226.54582	-0.0543111	0.209821	-0.785961	-0.0164362	0.00521838	0.00220564	0
5000.115539537	4243.52230338	-0.0359103	0.133122	-0.980268	-0.0176257	0.00489355	0.00229498	0
5001.37511533	4238.194174446	-0.0351005	0.10084	-1.07273	-0.0172271	0.00443797	0.00193471	0
4954.528695723	4227.931984168	-0.0372875	0.0863786	-1.09489	-0.0174106	0.00436651	0.00206445	0
4972.601968177	4216.638387218	-0.0411115	0.108602	-1.06374	-0.0168475	0.00438384	0.00214975	0
4952.675361089	4220.376390591	-0.042206	0.133705	-1.06145	-0.0171934	0.00394047	0.00237036	0
4988.100913118	4230.096617101	-0.0413678	0.133167	-1.0715	-0.017715	0.00422946	0.00237761	0
4970.916631883	4221.000518902	-0.0420656	0.107192	-1.10436	-0.0169723	0.00402454	0.00230385	0
4980.790651995	4228.214243538	-0.0378015	0.0889915	-1.09955	-0.0175176	0.00412399	0.00225996	0
4982.257480643	4220.460488417	-0.0491216	0.0853041	-1.07609	-0.0161342	0.00421213	0.00210328	0
5003.493074801	4238.874690188	-0.0427143	0.12182	-1.06703	-0.0168448	0.00487012	0.00252507	0
5055.228328469	4246.45058324	-0.0393108	0.110897	-0.995151	-0.0172085	0.00516902	0.00270067	0
4995.560368846	4234.484203682	-0.0365162	0.116968	-1.036	-0.0179009	0.0060807	0.00298734	0
5010.343811051	4236.90499666	-0.0257117	0.118315	-1.02349	-0.0173566	0.00650042	0.00339693	0
4983.887641011	4236.082706805	-0.0269416	0.101109	-1.04636	-0.016965	0.0067039	0.00357303	0
5005.139293834	4241.556154205	-0.0211155	0.111576	-1.06507	-0.0175289	0.0067311	0.00357303	0
5005.582073774	4234.88213784	-0.0156446	0.171059	-1.08409	-0.0176565	0.00436152	0.00195246	0
4988.157187072	4247.423346983	-0.0222929	0.201184	-1.07798	-0.0177334	0.00416186	0.0019875	0
4998.154323615	4229.527587366	-0.0161936	0.137718	-1.13064	-0.017299	0.00416446	0.0018213	0
4978.18173659	4236.275712927	-0.0387647	0.123582	-1.14904	-0.0172567	0.00450442	0.00143494	0
5000.378517331	4228.943091364	-0.0230367	0.137357	-1.10653	-0.0171722	0.00445822	0.00179077	0
4986.453870564	4232.317315252	-0.0247157	0.0823034	-1.10199	-0.0166318	0.00408614	0.00204652	0
5010.205047716	4242.320123346	-0.0336115	0.121789	-1.05769	-0.0177495	0.00401294	0.00192489	0
5006.99002065	4232.476811129	-0.035416	0.0940399	-1.06301	-0.0161173	0.00334429	0.00183029	0
4990.105912921	4229.289793513	-0.034712	0.106929	-1.12322	-0.0169373	0.00359341	0.0019276	0
5005.025785151	4228.00254901	-0.026057	0.0819619	-1.1002	-0.0161158	0.00394033	0.0019276	0
4984.254245233	4231.770840489	-0.0257966	0.0742515	-1.11655	-0.0170038	0.0043725	0.00153595	0
5008.749611112	4227.581737666	-0.0206633	0.0992888	-1.09707	-0.0168342	0.00447837	0.00147724	0
4991.944149665	4229.402568376	-0.0183918	0.101769	-1.0887	-0.0165255	0.0045113	0.00151517	0
4998.917865093	4235.176641338	-0.0141129	0.132779	-1.06672	-0.0173103	0.00476239	0.00149408	0
5008.734787729	4226.619284768	-0.0128694	0.162628	-1.03426	-0.0171808	0.00429276	0.00150255	0
4988.871042766	4234.981379719	-0.0131958	0.141596	-1.05437	-0.0182195	0.00423055	0.00150255	0
5003.829208736	4217.919187443	-0.0122233	0.146279	-1.05523	-0.0175806	0.00454843	0.00150255	0
4982.551752246	4231.666120974	-0.0113843	0.119174	-1.06338	-0.0172505	0.00449138	0.00150255	0
4999.91322781	4231.79081775	-0.0157074	0.11717	-1.0509	-0.0175584	0.00456026	0.00173928	0
5005.58152476	4227.438352484	-0.0203081	0.129366	-1.04112	-0.016711	0.00392627	0.00193197	0
5031.56513084	4262.320584112	-0.0077403	0.166404	-0.964288	-0.0180187	0.00373949	0.00136961	0
5047.125839877	4242.626870972	-0.00587823	0.182425	-0.968362	-0.0190153	0.0064896	0.00217447	0
4998.857473532	4231.22049916	-0.0113581	0.105634	-1.00719	-0.019078	0.00544834	0.00192447	0
5000.576848705	4232.74424866	-0.0136092	0.186216	-1.02402	-0.0192504	0.00559875	0.00217447	0
4996.509614371	4223.493165578	-0.0153546	0.209249	-1.01262	-0.0187808	0.00494318	0.00217447	0
4995.499153764	4233.751811503	-0.0153898	0.219938	-1.03315	-0.0199082	0.00496948	0.00217447	0
5012.652964712	4225.222165328	-0.014824	0.163066	-1.04703	-0.0193248	0.00513878	0.00217447	0
4990.840631154	4225.432893214	-0.00895676	0.16314	-1.06483	-0.0195176	0.00500537	0.00212315	0
5019.575759074	4225.857893339	-0.014871	0.159051	-1.04505	-0.0191865	0.00515012	0.00217447	0
5012.758100929	4227.026563129	-0.00823499	0.149579	-1.04863	-0.0187817	0.00480487	0.00217447	0
5023.450975697	4240.40939496	-0.0169347	0.192635	-1.00581	-0.0197084	0.00445888	0.00202074	0
5035.005665482	4230.371787766	-0.00742391	0.152695	-1.00893	-0.0194442	0.00464937	0.00211597	0
5005.149725103	4227.571426822	-0.0134854	0.167052	-1.06356	-0.0196387	0.00477982	0.00197895	0
5029.403661995	4223.259560506	-0.0158645	0.153334	-1.05382	-0.0189759	0.00485458	0.00200898	0
5000.794258322	4225.822127597	-0.014285	0.139064	-1.07415	-0.0187459	0.00498389	0.00195684	0
5020.002343096	4232.506132593	-0.0140941	0.150657	-1.06045	-0.019283	0.00458827	0.00193625	0
5023.23356608	4230.660813628	-0.0111074	0.169077	-1.01762	-0.0187707	0.00419623	0.00188929	0
5007.771267835	4235.258161453	-0.0102917	0.175557	-1.05091	-0.0198219	0.0045664	0.00169268	0
5033.390465751	4235.179863477	-0.0101813	0.141981	-1.06171	-0.0192505	0.00457974	0.00169268	0
5000.574652649	4237.477248534	-0.0137492	0.127755	-1.09684	-0.0192565	0.0045686	0.00169268	0
5022.11385165	4241.249728793	-0.0110185	0.127119	-1.07836	-0.0190365	0.00499545	0.00169268	0
5020.472710999	4236.066918324	-0.017171	0.134577	-1.05544	-0.0189009	0.00415243	0.00169268	0
5026.463691036	4246.891371846	-0.0194091	0.16045	-1.03711	-0.0196821	0.00433933	0.00169268	0
5038.336397287	4231.172167076	-0.0128189	0.137804	-1.05494	-0.0193277	0.00464649	0.00187367	0
5009.033725953	4244.049123096	-0.0127819	0.13967	-1.09319	-0.020042	0.00463894	0.00169268	0
5036.945744357	4234.373362103	-0.0158634	0.12591	-1.06356	-0.0192066	0.00479666	0.00168881	0
5005.4224479	4239.49398529	-0.0184937	0.123984	-1.09009	-0.0191192	0.00532823	0.00204751	0
5062.595961574	4246.574957803	-0.0157286	0.11769	-1.07255	-0.0192519	0.00652446	0.00241485	0
5057.918497974	4246.517925944	-0.0140279	0.139283	-1.04089	-0.0184718	0.0061143	0.00252827	0
5023.73632582	4246.637145084	-0.00809488	0.154994	-1.06657	-0.0197437	0.00653191	0.00265831	0
5050.600550652	4241.618663701	-0.0164151	0.0869887	-1.08668	-0.0192375	0.00717475	0.00278239	0
5007.953677798	4232.023456181	-0.00517795	0.100224	-1.08954	-0.0193857	0.00568846	0.0019648	0
5031.113017659	4231.826261279	0.00423776	0.123434	-1.10132	-0.0188891	0.0054828	0.00159004	0
5007.328213388	4233.524972923	0.00644005	0.173374	-1.12963	-0.0184609	0.00519502	0.00155393	0
5030.64086546	4247.385970171	-0.00924909	0.217916	-1.0613	-0.01987	0.00431805	0.00167684	0
5046.015046928	4235.035833867	-0.014046	0.171895	-1.02335	-0.0194843	0.00273733	0.0010651	0
5020.65621899	4237.86261635	-0.00113965	0.142871	-1.11062	-0.0210144	0.00387728	0.00148121	0
5039.261074428	4230.432363978	-0.00831017	0.124707	-1.10514	-0.0198537	0.00464421	0.00148091	0
5003.522309806	4227.981927321	0.00273383	0.112397	-1.14442	-0.0204332	0.00511472	0.00147199	0
5042.333083298	4233.902929819	-0.00475367	0.119846	-1.13665	-0.0204539	0.00592023	0.00145441	0
5027.753737116	4233.651925196	-0.00771067	0.170493	-1.10538	-0.0193824	0.00601468	0.00133705	0
5032.269104278	4237.483370598	-0.0103786	0.15206	-1.11668	-0.0204499	0.00614547	0.00143152	0
5034.964077658	4229.288826871	-0.0133872	0.115129	-1.16604	-0.0201645	0.00533467	0.0014031	0
5039.975341882	4238.057877969	-0.00904155	0.136393	-1.16214	-0.0207228	0.00695894	0.002512	0
5061.124740813	4235.173096985	-0.00635354	0.0764904	-1.15245	-0.0195688	0.00754844	0.00279241	0
5010.416280924	4233.643225421	0.00243245	0.113223	-1.16307	-0.0203766	0.00798054	0.00272757	0
5055.922419652	4233.608426321	-0.00317489	0.140123	-1.12457	-0.0195764	0.00797205	0.00285736	0
5029.938676318	4233.085795386	0.00895459	0.121058	-1.13533	-0.0194722	0.00781524	0.0029749	0
5052.751039214	4239.209148209	0.00650066	0.0908352	-1.15576	-0.0204041	0.00603876	0.00178037	0
5030.061106481	4223.915910206	0.0129585	0.114022	-1.18161	-0.0193877	0.00520428	0.00153236	0
5019.039646723	4230.91181825	0.0164212	0.138137	-1.18934	-0.0201645	0.00583934	0.0011453	0
5043.876499425	4228.105657456	0.00722523	0.173134	-1.13333	-0.0190251	0.00525847	0.000996572	0
5025.934853122	4231.442826746	0.0132537	0.179798	-1.11761	-0.0211758	0.00563431	0.00128402	0
5045.80765682	4236.619837365	0.00887294	0.0946718	-1.14512	-0.0203876	0.00572824	0.0013954	0
5017.865442635	4231.618111104	0.00957493	0.0814197	-1.19702	-0.0204945	0.00583186	0.00116258	0
5042.40747472	4230.276412453	0.0130558	0.0986689	-1.18259	-0.018933	0.00561185	0.00116258	0
5017.39150614	4240.237010528	0.0117627	0.103502	-1.18848	-0.0191138	0.00516909	0.00116258	0
5064.407022116	4241.921222546	0.0117086	0.162682	-1.10756	-0.0200224	0.00525573	0.00134738	0
5057.678853282	4242.710968798	0.00201796	0.194598	-1.06285	-0.0194399	0.00512057	0.00131414	0
5047.906675302	4248.888775768	0.00328182	0.13735	-1.05702	-0.0197585	0.00586301	0.00131414	0
5037.243035538	4236.758067125	0.00405292	0.109497	-1.13194	-0.019829	0.00529803	0.00131414	0
5028.131321622	4241.63348554	0.00531677	0.111109	-1.14681	-0.0201906	0.00543898	0.00125559	0
5035.153350298	4240.643000033	0.007051	0.0845419	-1.11584	-0.0190036	0.00565086	0.00131414	0
5018.941510437	4245.66760348	0.010621	0.124879	-1.12733	-0.0194535	0.00574956	0.00143324	0
5044.320926408	4238.648496035	0.00352547	0.141024	-1.09862	-0.0185184	0.00554754	0.00131414	0
5014.21189049	4244.798592611	0.00740255	0.157352	-1.11791	-0.0191646	0.00579267	0.00126014	0
5041.629384367	4244.204107978	0.00817872	0.17241	-1.08221	-0.0187372	0.00543371	0.00115485	0
5018.143930081	4248.973840236	0.00727929	0.198003	-1.05257	-0.0186834	0.00555132	0.00106954	0
5034.800471431	4255.246700305	0.00325383	0.155421	-1.07122	-0.0192962	0.00553387	0.00093392	0
5030.011969711	4252.501115723	0.0022781	0.131595	-1.09132	-0.0185026	0.00519615	0.000864964	0
5021.535876967	4250.894879466	0.00557186	0.135143	-1.10106	-0.01919	0.00529587	0.0010212	0
5023.245507138	4245.925052381	0.0170154	0.0881489	-1.09409	-0.0182878	0.00548276	0.000864965	0
5038.20682994	4261.635557375	0.00363301	0.126013	-1.1075	-0.0186328	0.00667152	0.00201753	0
5055.928870569	4259.130666571	0.00213412	0.13836	-1.0829	-0.0188035	0.00610682	0.00208542	0
5019.956637665	4238.804447559	-0.00309045	0.13435	-1.06376	-0.0190615	0.00439835	0.00128716	0
5009.213665352	4238.721638589	0.00647125	0.126972	-1.09333	-0.0195257	0.00460027	0.00128716	0
5004.224087188	4237.153101358	0.0140972	0.134576	-1.09535	-0.0184311	0.00488366	0.0011238	0
4995.867542282	4243.241332866	0.00716556	0.143915	-1.14514	-0.0190949	0.00498921	0.000864575	0
4995.307547814	4237.40410598	0.00546135	0.154321	-1.11538	-0.018654	0.00512585	0.000913666	0
4980.381087414	4237.584223546	0.00650203	0.172508	-1.08703	-0.0187464	0.00456752	0.00104908	0
5012.283203659	4241.166275395	-0.00563608	0.176673	-1.0528	-0.0191537	0.00463487	0.000910404	0
5000.09632404	4236.245102607	-0.00451214	0.139377	-1.07215	-0.0187778	0.00501699	0.000910404	0
4992.326812552	4235.551053882	0.0113838	0.145014	-1.14273	-0.0183927	0.00485375	0.000910404	0
4993.371586545	4226.500065627	0.00916299	0.130169	-1.12241	-0.017378	0.00506363	0.00057387	0
4969.122316274	4229.880089365	0.000966134	0.131879	-1.1419	-0.0180047	0.00500681	0.000845946	0
5004.200205071	4232.30313784	0.00124729	0.175363	-1.09011	-0.01836	0.00463047	0.000910404	0
4988.703044425	4228.028648336	-0.00388649	0.160367	-1.04667	-0.0182701	0.00482517	0.00118186	0
4982.708495796	4224.709845238	0.00711417	0.135297	-1.08718	-0.0191218	0.00488617	0.000910404	0
4992.813376373	4225.111645963	0.00790691	0.12966	-1.0777	-0.0183739	0.00514397	0.000910404	0
4972.347500102	4227.651980295	0.00777748	0.126074	-1.11365	-0.0191631	0.0051832	0.000910552	0
5037.150801155	4246.282065374	0.015791	0.140363	-1.07885	-0.0178836	0.00774175	0.0022125	0
4993.833993742	4239.901263651	0.0117361	0.13802	-1.06738	-0.0185633	0.00739256	0.00201147	0
5013.685660394	4235.707005406	0.0141967	0.163989	-1.03709	-0.0193658	0.00784801	0.00230489	0
4982.617908456	4222.546178946	0.0154459	0.13828	-1.04998	-0.0187779	0.00822465	0.00253555	0
4992.584574711	4238.501244286	0.017345	0.140302	-1.12829	-0.0183677	0.00889224	0.00267778	0
4996.560535437	4225.131623224	0.0167462	0.139739	-1.15203	-0.0187303	0.00615479	0.00143863	0
4970.029973975	4228.823872224	0.0128843	0.156439	-1.17617	-0.019814	0.0051706	0.000880782	0
4994.138559361	4225.905903209	0.0234263	0.167073	-1.11209	-0.0197487	0.00534813	0.000742903	0
4964.055464363	4229.562386466	0.0102558	0.152497	-1.12039	-0.0204755	0.00531428	0.00117846	0
4993.05864846	4225.415815877	0.00569315	0.101582	-1.15779	-0.0203339	0.00561628	0.00102153	0
4978.506615733	4231.390950309	0.00151662	0.0833457	-1.17638	-0.018914	0.00525176	0.000875685	0
4987.596506336	4226.763636592	0.00830645	0.0946854	-1.17217	-0.0190255	0.00564484	0.000620981	0
5001.032667732	4227.160604108	-0.00166504	0.108412	-1.14356	-0.0183188	0.00556638	0.000541816	0
4990.869179891	4239.084129218	0.00115165	0.107473	-1.14913	-0.019225	0.00579757	0.000541816	0
5006.128754648	4232.91308874	0.000343649	0.0681726	-1.16343	-0.0180512	0.0061376	0.000446329	0
4978.432636072	4236.77997767	0.00916446	0.0908941	-1.19187	-0.0188541	0.00607873	0.000192211	0
5036.394259609	4240.569857479	0.013646	0.148605	-1.12513	-0.0193216	0.00603093	0.000346797	0
5013.787365271	4236.77997767	-0.00290109	0.142512	-1.09116	-0.0193132	0.00623903	0.000541816	0
5017.45381925	4234.390761653	-0.00688561	0.13422	-1.07994	-0.0197292	0.00685622	0.000541816	0
4994.485673579	4234.005071623	0.00503548	0.119626	-1.10206	-0.019673	0.00631663	0.000541816	0
5002.77468974	4239.835532017	0.00735492	0.0619405	-1.13889	-0.0200098	0.00654262	0.000541816	0
4993.702779352	4245.972740037	0.0037623	0.0500678	-1.20198	-0.0190283	0.00617603	0.000591989	0
4999.063491105	4239.6380149	0.0089022	0.0909524	-1.20161	-0.0190427	0.00635672	0.000585455	0
5000.316341475	4237.717942312	-0.00217287	0.084002	-1.1692	-0.018904	0.00665624	0.000585456	0
5000.117049326	4250.514022645	0.00722206	0.117794	-1.17379	-0.0191457	0.00650598	0.000474378	0
5016.634278326	4235.098021148	0.0081081	0.132457	-1.16217	-0.017517	0.00676323	0.00044531	0
5015.00727479	4248.814988787	0.00924388	0.18759	-1.13886	-0.0183733	0.00631612	0.000172517	0
5025.96999003	4237.166956555	0.00768014	0.204277	-1.12392	-0.0189025	0.00666483	0.000169316	0
5006.091147177	4247.690140086	0.00858759	0.161529	-1.11252	-0.0193094	0.00663508	0.000512309	0
5019.913402798	4241.059622596	0.00897524	0.0839727	-1.15231	-0.0193148	0.00696711	0.00035325	0
5020.885020651	4242.743834615	0.0110916	0.0560499	-1.12521	-0.0184696	0.00770226	0.00141037	0
5060.065555197	4268.932413196	0.00176236	0.0545456	-1.07967	-0.0172358	0.00773938	0.0019278	0
5031.489366883	4256.265540635	-0.0144687	0.0532393	-1.07016	-0.0175995	0.00680203	0.00214687	0
5025.28646737	4250.88940183	-0.0114599	0.176903	-1.08043	-0.0186048	0.00699281	0.00197714	0
5017.302291335	4240.70647617	-0.00914909	0.163431	-1.08854	-0.0184599	0.00769405	0.00228994	0
5009.01656926	4238.569875845	-0.0111655	0.160521	-1.13361	-0.0201897	0.0081868	0.00263655	0
5008.937922978	4238.864701557	-0.0151928	0.169196	-1.09481	-0.0192456	0.00826723	0.00263241	0
4989.699916931	4236.504162577	-0.0154756	0.153728	-1.1075	-0.0196482	0.00860994	0.00327593	0
5009.536622946	4236.698457555	-0.00958258	0.165497	-1.08474	-0.0192816	0.00869444	0.00288369	0
4986.189245727	4242.310134715	-0.0141311	0.148753	-1.0876	-0.0186994	0.00846129	0.00315682	0
5015.130802981	4241.363148084	-0.0142603	0.174132	-1.08454	-0.0186262	0.00870047	0.00275135	0
4996.066148164	4237.355129469	-0.00684612	0.172441	-1.09462	-0.0194869	0.00868792	0.00317876	0
4997.128216104	4237.356740538	0.00889967	0.184414	-1.08731	-0.0196441	0.00778086	0.00170561	0
4991.577682697	4231.695120224	0.0131147	0.134368	-1.10123	-0.0181525	0.00598062	0.001032	0
4970.269893174	4237.322585865	0.00319469	0.114524	-1.14499	-0.0191009	0.00604405	0.000765167	0
4994.087501042	4225.449003908	0.00422833	0.185644	-1.10879	-0.0191009	0.00636939	0.000681643	0
4966.732183021	4220.359957683	0.00425355	0.160441	-1.12075	-0.0197096	0.00639137	0.000700022	0
4989.174373103	4226.808746537	0.00504244	0.138316	-1.14869	-0.0193982	0.00668221	0.000626067	0
4968.255697384	4233.350010779	0.00371699	0.127442	-1.15503	-0.0187517	0.00626343	0.000364265	0
4986.688162368	4227.622981045	0.0098525	0.137298	-1.14224	-0.0188018	0.00673901	7.21081e-05	0
4980.322205642	4227.072317501	0.0224895	0.141269	-1.11813	-0.0182619	0.00681546	0.000487295	0
4987.063276309	4237.310019524	0.0228653	0.175773	-1.11103	-0.01895	0.0069085	0.000718309	0
4997.527074909	4225.339773399	0.0225025	0.158384	-1.07232	-0.0190703	0.00684007	0.000313396	0
4987.691211283	4240.448705055	0.00798583	0.146736	-1.09682	-0.0196182	0.00653943	0.000313396	0
4989.37668483	4238.36752552	0.0179566	0.118141	-1.10842	-0.0191853	0.00691327	0.000313396	0
4968.711790918	4242.4628641	0.00798584	0.0894593	-1.12046	-0.0190276	0.00641468	0.000402575	0
4984.551399161	4244.739949682	0.0168778	0.109508	-1.103	-0.0191469	0.00675577	0.000510121	0
4964.459676057	4239.132139088	0.0210454	0.110727	-1.08734	-0.0181892	0.00640838	0.000108752	0
4983.880915588	4237.698931692	0.0175614	0.161397	-1.06753	-0.0191008	0.00646081	3.63809e-05	0
4984.152540355	4238.157442062	0.0210202	0.165303	-1.05519	-0.01897	0.00637371	0.000108752	0
4969.868152044	4236.310512027	0.0211533	0.165852	-1.09554	-0.0192002	0.00642861	0.000328579	0
4980.771573752	4240.29017582	0.0215626	0.137242	-1.08319	-0.0188035	0.00658093	0.000108752	0
4962.571616276	4239.662503156	0.0209085	0.136445	-1.09417	-0.0184662	0.00636723	0.000108752	0
4985.628702245	4236.685891213	0.0209834	0.136632	-1.08246	-0.0188149	0.00638889	0.000137053	0
4973.965582158	4229.730582119	0.0203938	0.130228	-1.05896	-0.0186014	0.00616787	0.000118704	0
4979.221981216	4236.813165701	0.0205072	0.140337	-1.05887	-0.0192315	0.00619343	0.00026646	0
4982.745554254	4230.44331925	0.0213262	0.138011	-1.06942	-0.0183958	0.00646704	0.00027962	0
4974.065228233	4239.370577369	0.0205519	0.121643	-1.09399	-0.0190467	0.00627183	0.000209416	0
4992.15140252	4229.078743413	0.0217026	0.124831	-1.07198	-0.0183822	0.00663884	0.000269164	0
4972.012738703	4235.548153957	0.0207407	0.129059	-1.07827	-0.0183992	0.00629786	0.000331043	0
4993.002649013	4228.9369693	0.0214778	0.131978	-1.07067	-0.0184501	0.00657639	0.000262111	0
4988.94049306	4228.089224548	0.0207188	0.132109	-1.06186	-0.0176053	0.00632383	0.000120923	0
4981.213667425	4229.578174947	0.0213448	0.161364	-1.08116	-0.0186227	0.00657501	0.000120923	0
4988.604359126	4223.843089866	0.0217403	0.129606	-1.0739	-0.0180594	0.00668181	0.000120923	0
4970.606987883	4229.556586616	0.0210063	0.133649	-1.08162	-0.0183009	0.00646226	0.000120923	0
4997.891345821	4235.885511903	0.0211724	0.152425	-1.0544	-0.0186557	0.00649867	0.000141999	0
4990.787788538	4227.620081119	0.0297613	0.143155	-1.04021	-0.0183676	0.00618434	0.000134304	0
4983.863484387	4226.720782144	0.0205949	0.142004	-1.06607	-0.0191419	0.00632001	2.17294e-05	0
4990.545124269	4225.243109231	0.0283392	0.129601	-1.06556	-0.0184238	0.0065126	0.000134304	0
4973.948562718	4230.452663453	0.0241896	0.138058	-1.07814	-0.0190569	0.00615152	0.000134304	0
4998.889728116	4224.804253909	0.022981	0.148439	-1.0546	-0.0186086	0.00606427	0.000134304	0
4985.280764505	4221.657835243	0.00965521	0.135286	-1.07177	-0.0181378	0.00572256	0.000134304	0
4994.906081191	4221.145837368	0.0102241	0.173431	-1.054	-0.0188241	0.00593435	0.000134304	0
5003.76977795	4222.043847487	0.0122304	0.168635	-1.03373	-0.0186104	0.00586388	0.000134304	0
4989.261666358	4222.646387467	0.0103715	0.145391	-1.09389	-0.0194964	0.00557549	0.000278613	0
5021.258762058	4226.640873099	0.0105358	0.121843	-1.0557	-0.0192027	0.00600548	0.000182827	0
5018.788884494	4244.917489537	0.00843748	0.15719	-0.988833	-0.0184724	0.00626246	-5.01102e-05	0
5062.661157009	4253.264440435	-0.00214689	0.167076	-0.885283	-0.0180965	0.00594957	0.000159371	0
5030.446651692	4236.233502907	-0.0173353	0.188116	-0.854541	-0.0155647	0.00421989	0.00026499	0
5009.163018794	4234.065647835	-0.0279286	0.184954	-0.949771	-0.0177065	0.00479087	0.000545116	0
5024.172243082	4235.729238165	-0.0158523	0.140416	-0.999791	-0.0181206	0.00521857	0.000633258	0
4994.223382053	4229.538220424	-0.0085535	0.133711	-1.05764	-0.018572	0.00550344	0.000535828	0
5020.775080561	4221.658801885	-0.0226622	0.146628	-1.04095	-0.0177253	0.00520529	0.000538001	0
4995.42119375	4233.999916201	-0.0211356	0.201552	-1.0432	-0.0183681	0.00526814	0.000593426	0
5043.673364177	4238.37332537	-0.0218569	0.186472	-1.02256	-0.0188839	0.00677219	0.00107743	0
5019.072313067	4233.234335991	-0.0142337	0.137459	-1.07599	-0.0191702	0.00696448	0.00121472	0
5031.787618838	4240.446127344	-0.00846943	0.137923	-1.06582	-0.0190431	0.0074917	0.00130081	0
5022.276497102	4229.981586741	-0.00181746	0.118695	-1.10202	-0.0185594	0.00810779	0.00131692	0
5035.338917092	4242.884642086	-0.0200023	0.129082	-1.10162	-0.0191563	0.0061892	0.000879293	0
5039.757245997	4232.93628814	-0.010692	0.152653	-1.06513	-0.0177963	0.00515726	0.000275784	0
5013.321252229	4235.037122722	-0.015127	0.19176	-1.10417	-0.0187004	0.00492738	0.000458985	0
5050.292553695	4237.994079618	-0.0194199	0.137422	-1.16106	-0.0181386	0.00503656	0.000341008	0
5026.054949975	4239.734356854	-0.0240347	0.106847	-1.21702	-0.0184271	0.00493281	0.000341008	0
5034.169379625	4226.453022399	-0.0238027	0.0935673	-1.18783	-0.0172773	0.00496322	0.000341009	0
5004.548280064	4235.234962053	-0.0165399	0.0706176	-1.17803	-0.0177666	0.00517486	0.00028704	0
5036.511062377	4233.464396711	-0.0107212	0.106921	-1.14195	-0.0169536	0.00495535	-4.47911e-05	0
5020.05244064	4236.727456805	-0.0128479	0.119312	-1.11986	-0.0173703	0.00482121	-8.92115e-05	0
5043.855225125	4234.534469049	-0.0186024	0.120475	-1.11225	-0.0176743	0.00480702	0.000144538	0
5026.770864472	4236.680091363	-0.0225665	0.102229	-1.15771	-0.0173682	0.00471539	0.000530184	0
5029.741442972	4241.734982916	-0.0183315	0.0942199	-1.16601	-0.0172273	0.00513721	-1.1571e-05	0
5035.824794646	4242.320767774	-0.0140009	0.0762666	-1.16108	-0.016456	0.00496014	-1.1571e-05	0
5021.883677453	4241.182063876	-0.0194929	0.0948622	-1.162	-0.0168575	0.00483747	-9.38203e-05	0
5048.184750986	4232.761325996	-0.0197397	0.120454	-1.11753	-0.0164895	0.00469943	-0.000107926	0
5022.134439682	4239.028064001	-0.014866	0.147418	-1.12919	-0.0171091	0.00516418	3.95732e-05	0
5043.174859297	4242.047852606	-0.0164719	0.148697	-1.12891	-0.0172735	0.00505601	-0.000168671	0
5014.711493398	4240.295009028	-0.0128859	0.0908951	-1.15937	-0.0172574	0.00534818	-7.63568e-05	0
5041.230662815	4240.996790887	-0.0106855	0.0655852	-1.20764	-0.0172453	0.00532303	8.40768e-05	0
5000.342556902	4237.612578369	-0.0139422	0.0656218	-1.21089	-0.0165679	0.00552798	4.6886e-05	0
5021.941323943	4238.870823621	-0.0122865	0.0669649	-1.17988	-0.0166373	0.00525441	-5.78933e-05	0
5007.295684298	4231.66579876	-0.0174274	0.101915	-1.15499	-0.0160139	0.00528083	0.000233791	0
5068.196592526	4265.03684723	-0.0014758	0.151521	-1.07799	-0.0163417	0.00713773	0.000902237	0
5073.415933126	4262.215220169	0.00629916	0.125163	-1.03121	-0.0174827	0.00665	0.00147763	0
5036.008302637	4260.106330239	0.009449	0.166768	-1.0811	-0.0188124	0.00663344	0.00165713	0
5036.604669295	4245.358278143	0.00715178	0.142639	-1.06111	-0.018524	0.00656076	0.00165713	0
4993.602172503	4235.658995536	0.0124891	0.112352	-1.10547	-0.0182699	0.00546319	0.000784276	0
5008.883296066	4243.42789471	0.0115713	0.113157	-1.1273	-0.0180412	0.0058775	0.00012877	0
4986.626398272	4239.589360603	0.0147927	0.148672	-1.11345	-0.0177426	0.0056442	0.00039471	0
5015.614209971	4250.098366723	0.0102244	0.209242	-1.05837	-0.0190318	0.00593566	0.000407687	0
5008.236420103	4229.159296886	0.00593215	0.172047	-1.05655	-0.0187931	0.0059098	0.000328345	0
5023.392505686	4245.439798258	0.00520876	0.149018	-1.14565	-0.019546	0.0061956	0.000509928	0
5012.116715107	4229.847545762	0.00518132	0.120789	-1.12892	-0.0184548	0.00622787	0.000370793	0
4990.948786948	4232.094665452	0.00537577	0.105713	-1.1537	-0.0192679	0.00632631	0.00041435	0
5015.649072372	4233.059051633	0.00490481	0.122965	-1.1174	-0.0177966	0.00617769	0.000189144	0
4987.926738368	4235.731493662	0.000750091	0.110204	-1.12572	-0.0169304	0.00582339	0.000189144	0
5022.456848262	4236.559261153	0.0104929	0.185415	-1.07652	-0.0179262	0.00568293	0.000268004	0
5005.657151464	4229.360036142	0.00978257	0.183548	-1.04038	-0.0180744	0.00543755	0.000288203	0
5001.3817035	4227.832742289	0.0017864	0.173092	-1.07606	-0.0187043	0.00583109	0.000288203	0
5003.03478521	4234.836383467	-0.000608799	0.126933	-1.09487	-0.0180324	0.00594063	0.000288203	0
4979.883543309	4230.254501909	0.00688944	0.12475	-1.12788	-0.0187896	0.00575743	0.000288203	0
4994.342518131	4223.597885093	0.0040635	0.132752	-1.08917	-0.0181689	0.00598039	0.000182813	0
4972.945651056	4232.144286391	0.00367553	0.105827	-1.09083	-0.0178252	0.00595807	0.000288204	0
5008.128813323	4233.498229169	-0.000895607	0.141443	-1.04916	-0.0186624	0.00588527	0.000515049	0
5020.820511485	4245.392432815	-0.0056816	0.165968	-0.954784	-0.0184379	0.00419908	0.000112599	0
5015.085921072	4248.154450306	-0.000913299	0.171909	-1.00532	-0.0198306	0.00473868	0.000346765	0
5005.974481662	4238.049500408	-0.00169546	0.168754	-1.01306	-0.0194311	0.00564106	0.000164636	0
4975.339627409	4228.714641714	0.00564802	0.163873	-1.04788	-0.0192285	0.00559665	0.000758617	0
4993.658858217	4232.422356981	0.00527251	0.170308	-1.07694	-0.0186488	0.00584402	0.000422298	0
4988.664201672	4233.809810004	-0.00167456	0.18226	-1.11556	-0.0183184	0.00523691	0.00048585	0
4988.48453678	4226.827112729	0.00114839	0.235587	-1.07423	-0.019387	0.00510927	0.000474348	0
4999.922835558	4229.291082369	0.00366021	0.179125	-1.0703	-0.0191328	0.00522373	0.000453237	0
4986.364518506	4241.724349858	-0.010554	0.152379	-1.13527	-0.019061	0.00525445	0.000453237	0
4997.552878576	4224.743355483	-0.0134548	0.141752	-1.12289	-0.0188194	0.00524323	0.000453237	0
4977.569036759	4233.349044137	-0.00316916	0.10441	-1.1188	-0.0182013	0.0053165	0.000453237	0
4994.569535496	4230.620536891	-0.00530442	0.145651	-1.09965	-0.0187194	0.00541408	0.000453237	0
5002.476712291	4232.986231293	-0.00844448	0.160994	-1.05892	-0.0179836	0.00498591	0.000453237	0
5003.70513153	4236.150693937	-0.00655903	0.176104	-1.05112	-0.0190274	0.00495095	0.000453237	0
5004.949609433	4227.406775522	-0.00585954	0.157121	-1.03914	-0.0188826	0.00520952	0.000218082	0
4991.8719543	4229.295915577	-0.00325159	0.132106	-1.12321	-0.0194548	0.00551254	0.000271417	0
5007.794600938	4224.152092989	-0.00253151	0.142127	-1.12622	-0.0187363	0.00515463	0.000321804	0
4978.338342886	4228.373417201	-0.00171397	0.116829	-1.12332	-0.0182545	0.00522721	0.00012352	0
5001.192705367	4234.494514527	-0.0118206	0.136855	-1.10224	-0.0183233	0.00530153	0.00012352	0
4996.391576322	4230.932117726	-0.0123756	0.149092	-1.08066	-0.0180791	0.00504186	0.000318528	0
5013.237253058	4251.603105603	-0.00123688	0.208852	-1.05189	-0.019342	0.00509506	0.000297966	0
5017.789129664	4227.701923448	-0.00432843	0.154384	-1.03312	-0.0189995	0.0054771	9.93745e-05	0
5013.110705289	4243.054448808	-0.00810243	0.151996	-1.0623	-0.0190242	0.00646456	0.00105133	0
5047.656873847	4244.721261276	-0.00687318	0.119482	-1.07865	-0.0181354	0.00674172	0.00186163	0
4994.734788766	4244.607841986	-0.00909776	0.0689632	-1.08476	-0.0182032	0.0068535	0.00233298	0
5008.691415609	4243.72336485	-0.00411607	0.106178	-1.0893	-0.0183053	0.00701942	0.00191556	0
4989.862013369	4227.879463303	0.0168259	0.132428	-1.08478	-0.0179068	0.00541865	0.000844469	0
5002.235420557	4241.529410452	0.012499	0.183153	-1.0688	-0.0180176	0.00533701	0.000363063	0
5000.01657973	4225.934902459	0.00567892	0.210489	-1.06753	-0.0175339	0.0056363	0.000383794	0
5009.730973968	4235.954143462	0.0170782	0.181938	-1.13702	-0.0184584	0.00572076	0.000113321	0
5027.818383536	4234.64788834	0.0204449	0.16821	-1.19226	-0.0177621	0.00604278	0.000179051	0
4991.836680138	4228.340551384	0.00794698	0.117188	-1.18917	-0.0177866	0.00596056	0.0001072	0
5014.11746005	4232.956909829	0.0122191	0.116627	-1.16476	-0.0172651	0.0059185	0.000225518	0
4993.431154584	4221.484806383	0.0160021	0.0986003	-1.15839	-0.016519	0.0055574	0.000317152	0
