5622.891119299	4255.604960337	-0.0216892	0.150419	0.0390367	-0.00432379	1.6035e-05	0.000917118	1
5458.685845664	4245.572207215	-0.0197921	0.17204	0.0239975	-0.00587465	1.39787e-05	0.00110922	1
5355.619587582	4251.600728313	-0.0159366	0.153853	0.0823538	-0.00516649	0.000412226	0.00110922	1
5260.317788586	4254.971034034	-0.0143663	0.180186	0.0594219	-0.00548694	0.000158692	0.00110922	1
5212.249805602	4251.872866782	-0.0122484	0.227487	0.0904023	-0.00558297	-8.35996e-06	0.00111315	1
5168.570296567	4250.196965992	-0.00971673	0.210117	0.102056	-0.00599464	4.58985e-05	0.00117776	1
5112.824575515	4256.239524714	-0.0153145	0.218868	0.0807024	-0.00619987	-0.000125189	0.00102691	0
5109.298989649	4254.755365095	-0.0172706	0.174528	0.106725	-0.00574708	9.27534e-05	0.00106212	0
5073.372088756	4257.132828009	-0.0138583	0.214807	0.0672709	-0.00575589	-9.31526e-06	0.000831033	0
5073.621097985	4257.683166647	-0.0185693	0.221043	0.119628	-0.00555433	-4.39079e-05	0.001022	0
5050.661777899	4255.594432119	-0.013093	0.254997	0.115277	-0.00628157	0.000148565	0.00103444	0
5057.477324999	4263.604172313	-0.0161306	0.247552	0.120119	-0.00654388	-9.79418e-05	0.00110374	0
5052.403448269	4260.334044177	-0.0176361	0.220064	0.10754	-0.0067333	9.23535e-05	0.00116249	0
5039.801991893	4260.436135982	-0.0157143	0.241411	0.0993568	-0.00664574	-5.90608e-05	0.00116651	0
5051.128147367	4261.300406921	-0.0156887	0.195205	0.117912	-0.00615382	0.000233759	0.00108791	0
5020.361565377	4263.496018807	-0.0131044	0.22571	0.0927174	-0.0064307	-9.85397e-06	0.00108791	0
5050.461148403	4251.924231721	-0.0141938	0.228633	0.137545	-0.00603045	0.000385244	0.000971328	0
5022.550643706	4257.333502214	-0.0020632	0.252851	0.121754	-0.00634308	0.000270661	0.000923524	0
5046.768673373	4266.671392987	-0.0103276	0.233594	0.1416	-0.00625558	0.000445837	0.00123368	0
5025.843253973	4262.066733534	-0.0109034	0.212359	0.0960214	-0.00677452	0.000256952	0.000916778	0
5036.986904922	4264.367946631	-0.00555332	0.229255	0.0869552	-0.00622061	7.82796e-05	0.000991329	0
5026.35591183	4253.164647155	-0.00286186	0.24805	0.135333	-0.00507498	0.000190231	0.00116818	0
5075.603691057	4286.491559861	-0.0135696	0.280494	0.274738	-0.00727742	-0.000548494	0.00144918	0
5081.47130213	4279.606743746	-0.0255662	0.179224	0.490621	-0.0090722	-0.000574846	0.00125774	0
5039.617117181	4269.860485752	-0.0181978	0.1648	0.35693	-0.00994776	-1.32995e-05	0.00114058	0
5051.490228535	4271.043155509	-0.0159654	0.217827	0.2205	-0.0094309	0.000327978	0.000877499	0
5010.715873638	4267.891390059	-0.0133407	0.239234	0.16188	-0.00950505	0.000272575	0.000906154	0
5034.712360381	4257.611383346	-0.0164087	0.246282	0.219783	-0.00798571	0.000691985	0.000611928	0
5027.500294667	4268.649421713	-0.0166854	0.261332	0.264424	-0.00894825	0.000716398	0.000967165	0
5043.695096419	4265.842535143	-0.0149675	0.234609	0.277987	-0.00914832	0.000679866	0.000799183	0
5012.103828211	4258.013688866	-0.0185972	0.260365	0.240215	-0.00871618	0.00059215	0.000869399	0
5028.877931948	4264.035191153	-0.0173815	0.227109	0.244209	-0.00880772	0.000649083	0.000722687	0
5023.729603412	4255.367596889	-0.0217839	0.238158	0.23887	-0.00832101	0.0004177	0.000549824	0
5021.819789072	4265.203823286	-0.0235891	0.254035	0.245594	-0.00842233	0.00021347	0.000756852	0
5041.262864623	4264.793222807	-0.0236851	0.239898	0.258588	-0.0084523	0.000453335	0.000620328	0
5019.324538143	4259.717664903	-0.0267549	0.235278	0.212218	-0.00884633	0.000343658	0.000712055	0
5041.745546565	4261.031777858	-0.0297317	0.217794	0.219834	-0.00788844	0.000744051	0.000599598	0
5022.982715149	4256.108400551	-0.025205	0.236119	0.19846	-0.00883488	0.000306154	0.00075504	0
5047.252331275	4265.765966289	-0.0342377	0.233967	0.236575	-0.0083785	0.000553254	0.000684552	0
5029.238200619	4258.524466929	-0.0304717	0.246606	0.228851	-0.00886303	0.000551371	0.000600325	0
5036.7537899	4265.480428271	-0.0249745	0.253277	0.215832	-0.00882595	0.000227903	0.00056915	0
5041.270393457	4259.583988445	-0.0258546	0.253955	0.219456	-0.00898941	0.000573593	0.000727799	0
5034.934739843	4258.412804017	-0.0260311	0.263987	0.205303	-0.00919356	0.000366043	0.000776172	0
5045.521675311	4268.087597747	-0.0280217	0.216468	0.231602	-0.00888756	0.00052077	0.000759459	0
5026.7064209	4268.995895777	-0.0276757	0.245242	0.196503	-0.00928439	0.00059167	0.000644314	0
5055.745693075	4266.738709771	-0.0264273	0.26504	0.247911	-0.00867532	0.000574917	0.000660884	0
5038.672945571	4272.919411467	-0.0365326	0.257536	0.249008	-0.00996906	0.000622363	0.00102347	0
5039.28612731	4274.074963087	-0.0304597	0.195237	0.227497	-0.0104263	0.000709814	0.000939123	0
5018.876711916	4281.376760419	-0.0280639	0.21584	0.206488	-0.0108141	0.000853411	0.000686374	0
5021.215948665	4276.170716426	-0.0295361	0.210292	0.214311	-0.0104368	0.000726658	0.000796357	0
5026.322032075	4271.168537007	-0.0280343	0.240637	0.223113	-0.00931731	0.000538831	0.000657697	0
5014.903857513	4271.044750693	-0.0276577	0.254045	0.213872	-0.00996899	0.000800619	0.000701299	0
5056.396658409	4281.981654365	-0.03375	0.256058	0.260182	-0.00868364	0.00140873	0.000564111	0
5037.568995364	4297.453348411	-0.0286461	0.266298	0.259893	-0.00891303	0.00192059	0.000749342	0
5038.850152026	4286.309708833	-0.0285772	0.199404	0.281259	-0.00923417	0.00230569	0.000365469	0
5012.938134607	4281.739505365	-0.0355847	0.227281	0.223308	-0.0088211	0.00264841	0.000543429	0
5038.014311979	4285.328670392	-0.0352694	0.22828	0.277333	-0.00910299	0.00204331	0.000824756	0
5047.00150955	4286.46093232	-0.0343997	0.19135	0.11436	-0.00970455	0.00105624	0.000672906	0
5051.325151868	4292.032273553	-0.00996516	0.193597	-0.195526	-0.00930664	-0.00118369	0.000645022	0
5008.124560358	4282.699487371	-0.00830795	0.217448	-0.204157	-0.00907752	-0.000973978	5.07777e-05	0
5023.233815721	4283.11104496	-0.0142434	0.20664	-0.088848	-0.00973487	-0.000506957	0.000268236	0
5021.175237189	4273.813352836	-0.0254089	0.208668	-0.0382411	-0.0108032	-8.48369e-05	0.000268236	0
5002.072074572	4276.179330422	-0.00824329	0.20104	-0.131647	-0.0105732	0.000315792	-5.01235e-05	0
5003.879413109	4274.738559821	-0.00804779	0.19797	-0.113413	-0.0103454	0.000757655	0.000141568	0
4971.88395803	4273.318526618	-0.00824866	0.196593	-0.138967	-0.0106445	0.000793744	0.000268236	0
5009.563404275	4262.202005176	-0.0127174	0.219695	-0.0654607	-0.010934	0.000524678	0.000268236	0
4972.591807891	4254.565538145	-0.00803188	0.232447	-0.102767	-0.0116859	-6.43167e-05	0.000845481	0
5005.352555051	4266.021195802	-0.0105978	0.198571	-0.0929907	-0.0113328	-0.000219751	0.000821243	0
4993.406943809	4258.294760368	-0.00290919	0.216213	-0.169537	-0.0116716	8.65702e-05	0.000733297	0
5001.563320555	4262.812003712	-0.0108725	0.184313	-0.121891	-0.0108597	-7.47195e-05	0.000805797	0
5002.093685116	4263.826860063	-0.0163305	0.23091	-0.168023	-0.0110487	0.000168735	0.00081301	0
5009.974004599	4263.501442434	-0.0175227	0.212988	-0.128862	-0.0105438	5.84968e-05	0.00103703	0
5024.960288999	4262.074390419	-0.0167443	0.208616	-0.143438	-0.0104656	0.000101851	0.000983297	0
5016.38118214	4263.293430381	-0.0178932	0.229315	-0.154672	-0.0105833	0.000119866	0.000800551	0
5049.145554294	4266.323642775	-0.0214963	0.164693	-0.122073	-0.0103876	0.000335475	0.000733297	0
5029.725483516	4267.369126668	-0.013256	0.200045	-0.170657	-0.0110101	0.000463455	0.000733297	0
5049.882822379	4273.836323492	-0.017054	0.223701	-0.102442	-0.0101825	0.000304874	0.000850506	0
5043.047058965	4268.701743763	-0.0142335	0.186418	-0.139471	-0.0107178	0.000818263	0.00102422	0
5041.096393728	4274.050397246	-0.0201245	0.195224	-0.127431	-0.0106549	0.000467057	0.000864634	0
5039.967486828	4267.567886651	-0.00970841	0.188707	-0.139079	-0.00998879	0.000294488	0.000964139	0
5032.410628381	4270.922559564	-0.0148596	0.228552	-0.144955	-0.0101958	0.000123825	0.000827288	0
5039.65462193	4268.909117742	-0.0196069	0.201525	-0.123562	-0.00929997	1.43675e-05	0.000889687	0
5028.831922405	4264.901376313	-0.0125987	0.22253	-0.183905	-0.00959181	0.000120988	0.000856506	0
5038.613969701	4275.318568889	-0.00846266	0.211455	-0.146705	-0.00928908	0.00029701	0.000839912	0
5033.448492153	4274.012750893	-0.0111005	0.217489	-0.178715	-0.00931223	0.000373732	0.000712313	0
5032.77229128	4274.927429661	-0.0127331	0.225337	-0.160544	-0.00919366	0.000197123	0.000853529	0
5043.339428703	4278.28656909	-0.00959242	0.217688	-0.154121	-0.00894141	0.000365598	0.000900284	0
5019.990839992	4272.54135275	-0.0118255	0.213749	-0.182792	-0.00932595	0.000223773	0.000756016	0
5034.055678709	4267.678592453	-0.0114086	0.185472	-0.152524	-0.00946739	0.000439447	0.000764334	0
5020.390565332	4271.890198455	-0.012096	0.209661	-0.185844	-0.00953102	0.000549029	0.00069896	0
5036.143814886	4278.529675201	-0.00746346	0.200854	-0.140213	-0.0101321	0.000391237	0.000795996	0
5028.017135209	4271.484383529	-0.00710159	0.194144	-0.131494	-0.0101531	0.000280466	0.00087175	0
5038.287023094	4281.665488806	-0.0128951	0.2277	-0.100115	-0.0105443	0.000506875	0.00113183	0
5050.506460833	4271.2575483	-0.0116937	0.186469	-0.0622165	-0.0107551	0.000481249	0.000953863	0
5032.356253465	4279.288344928	-0.0160015	0.207345	-0.0934968	-0.0108026	0.000514184	0.00113183	0
5030.414650714	4276.535056556	-0.0165629	0.18215	-0.0696182	-0.010843	0.000816738	0.00113183	0
5012.301948096	4271.457265394	-0.0121328	0.184444	-0.154482	-0.0113522	0.000316857	0.00113183	0
5027.183944197	4274.444726844	-0.0148926	0.186312	-0.0926782	-0.0106923	0.000178332	0.000977753	0
4995.872637092	4264.314348433	-0.00799826	0.207738	-0.133323	-0.0111409	0.00059098	0.000957903	0
5021.977197481	4268.556901014	-0.012281	0.23656	-0.119189	-0.00941111	0.000120623	0.00102034	0
5009.265178777	4262.321324973	-0.0124534	0.274112	-0.122224	-0.0098554	0.000282792	0.000896745	0
5028.433312447	4272.688747794	-0.0120211	0.295094	-0.0805112	-0.00961715	6.17897e-05	0.000985102	0
5025.120067597	4266.226336523	-0.0128499	0.240733	-0.0783605	-0.010344	0.000316252	0.000985102	0
5018.74189001	4272.812534108	-0.0114339	0.214246	-0.0965946	-0.0105894	0.000388734	0.000985102	0
5015.637361181	4264.592867639	-0.00168363	0.176201	-0.131405	-0.0109382	0.000494911	0.000738562	0
5013.370903165	4267.117406561	0.000139229	0.211154	-0.116623	-0.0111068	0.000274265	0.000985102	0
5019.101322143	4259.504867296	-0.00162085	0.163177	-0.121105	-0.0111904	0.000454828	0.000985102	0
5020.499036317	4273.698818592	-0.000543063	0.217545	-0.110331	-0.0114004	0.00031636	0.000985102	0
5057.861574402	4266.94193627	-0.00595631	0.200293	-0.0767308	-0.0116466	0.000652936	0.000985102	0
5023.333503066	4265.306234129	-0.00573271	0.224509	-0.0848479	-0.012326	0.000937882	0.000985102	0
5051.376459481	4270.440813858	-0.00378813	0.192049	-0.0873523	-0.0114855	0.000627047	0.000875626	0
5027.457491848	4275.21073442	-0.00641912	0.20514	-0.129775	-0.0113248	0.000507038	0.000819396	0
5050.502278147	4269.824434584	-0.00283367	0.203646	-0.0996753	-0.0112155	0.000591337	0.000724256	0
5033.200598307	4277.214924172	0.00343777	0.235798	-0.145039	-0.0114705	0.00060295	0.000823666	0
5073.955573426	4282.001115615	-0.0101723	0.243294	-0.0574268	-0.0114124	0.000473312	0.000830852	0
5050.805801714	4278.599225243	0.000584492	0.26671	-0.0923783	-0.0126053	0.0005846	0.00123367	0
5061.925193086	4283.201013364	-0.00992238	0.183126	-0.0616749	-0.0119246	0.000476429	0.000867297	0
5036.367867423	4283.688501734	-0.00901218	0.183684	-0.106807	-0.0122399	0.000402147	0.000793306	0
5053.805066283	4292.981089268	-0.00202409	0.172427	-0.0800755	-0.0118424	0.000684378	0.00101925	0
5036.565987307	4286.541329616	-0.00195034	0.199787	-0.107092	-0.0116909	0.00074958	0.000793306	0
5042.94346778	4291.628053812	0.00714847	0.203552	-0.079694	-0.0118668	0.000820456	0.000793306	0
5037.650000046	4294.645185693	-0.00078163	0.226019	-0.0941211	-0.011529	0.000622108	0.000793306	0
5038.945098994	4296.98851166	-0.00805592	0.257427	-0.0782733	-0.0116786	0.000774741	0.00115403	0
5041.648926523	4298.94356973	-0.000602173	0.222405	-0.0688973	-0.0117784	0.000899162	0.00117739	0
5023.409627947	4299.088731516	-0.00948909	0.243909	-0.0888748	-0.0108131	0.000494338	0.00120987	0
5051.198695334	4299.854101018	-0.00565653	0.214642	-0.0319683	-0.00989789	0.000663251	0.000644729	0
5075.25820121	4317.418038997	-0.00325254	0.2368	0.120387	-0.0108552	0.00139702	0.000505088	0
5057.471608661	4300.153038585	-0.00360471	0.216878	0.137397	-0.0111197	0.000722284	0.000931233	0
5047.219009212	4307.416870527	-0.00329343	0.198888	0.0147121	-0.0114576	0.000109987	0.000561465	0
5028.315639553	4300.77452245	-0.00492011	0.183135	0.000979164	-0.0121621	-0.000139943	0.000824965	0
4996.194006785	4282.553687511	-0.000494137	0.213968	0.0093369	-0.0127306	6.69671e-05	0.000931233	0
4998.048609672	4280.803770162	-0.00269408	0.208122	0.0259372	-0.0125645	-1.11573e-05	0.000712336	0
5000.279236013	4270.022237456	-0.00750085	0.315608	0.0471926	-0.0131243	-0.000117698	0.00107577	0
5001.667748278	4274.049759173	-0.00810179	0.313188	0.0386697	-0.0135484	-2.32148e-05	0.00122813	0
4998.916516977	4271.070592681	-0.0112018	0.221268	0.0487348	-0.0126212	-1.09221e-06	0.000929899	0
4989.798819609	4272.410866662	-0.00844749	0.259723	0.00569453	-0.0128863	-0.000100027	0.00121345	0
5008.055267196	4270.668925235	-0.00898799	0.265209	0.0553913	-0.0127162	-8.88135e-05	0.00098071	0
4984.392837627	4265.145120498	-0.0115887	0.21883	0.0203076	-0.0126147	-0.00021318	0.001032	0
5000.919744632	4262.8707065	-0.013463	0.206895	0.0516191	-0.0123347	-0.000252489	0.000965081	0
4983.134685736	4264.005839759	-0.0129915	0.21968	0.0133041	-0.0117479	-6.82054e-06	0.00110109	0
4998.074124055	4269.044070347	-0.0105643	0.20833	0.00299785	-0.0110514	0.000231493	0.000836082	0
4992.042272853	4265.111940662	-0.0070059	0.245468	-0.00684776	-0.0110977	0.000275571	0.00101638	0
4999.557304442	4272.34642121	-0.00758691	0.283218	0.0183708	-0.0117102	0.000129613	0.00108332	0
5009.892999917	4266.678092761	-0.00594793	0.236114	0.0526439	-0.0115694	0.000121164	0.00121589	0
5005.130872703	4263.206014273	-0.00316521	0.25261	0.0357671	-0.012182	0.000212483	0.00134478	0
5005.903972463	4260.184415875	-0.00481841	0.208051	0.0586174	-0.0121046	0.000463281	0.00110695	0
4986.53144488	4266.589081469	-0.0070753	0.222124	0.0033443	-0.0129295	0.00049782	0.00129206	0
5010.889455099	4259.748611481	0.00281114	0.19195	0.0604769	-0.0126346	0.000204269	0.00105685	0
5000.159053507	4265.435125033	-0.00403598	0.220553	0.00971842	-0.0129249	0.000522914	0.00104645	0
5019.085427937	4272.782225603	0.000931988	0.245224	0.058985	-0.0128736	0.000488079	0.00109218	0
5012.295255799	4266.709358377	-0.000637515	0.293665	0.0471391	-0.0135712	0.000464956	0.00140802	0
5018.855240795	4272.189455059	-0.00628648	0.236298	0.0232539	-0.0118225	0.000296593	0.00122855	0
5023.77240623	4271.286899694	-0.0017324	0.248834	0.00614346	-0.0116034	0.000236764	0.00102547	0
5007.557109316	4277.517690181	-0.00113326	0.237919	-0.00848794	-0.0116032	0.000206348	0.000971937	0
5017.751987702	4279.199652673	-0.00431579	0.220683	0.048403	-0.0123303	0.000258297	0.00106043	0
5017.793535715	4287.055298048	-0.0037727	0.262852	0.0402943	-0.0136576	0.000282265	0.00115843	0
5037.869172782	4276.367243151	-0.00204748	0.267578	0.094389	-0.0139367	0.0003489	0.00164365	0
5005.056002627	4276.994788717	-0.00471338	0.223074	0.0284938	-0.0138127	0.000305693	0.00141085	0
5033.428972952	4285.807863803	-0.0059233	0.197131	0.0610314	-0.0134067	0.0004296	0.00120921	0
5006.274000734	4282.689916264	-0.0031806	0.207698	0.0202928	-0.0137583	0.000122566	0.00107663	0
5033.856722287	4280.319153124	-0.0058114	0.22496	0.0733423	-0.0136309	5.3817e-05	0.00107897	0
5036.381809709	4279.982888241	0.00277524	0.286954	0.0735177	-0.0144084	0.000152583	0.00144912	0
5038.215638589	4286.576104637	-0.00779212	0.26994	0.0850346	-0.0139098	0.000188218	0.00137126	0
5021.458544441	4281.537555012	-0.00476257	0.287655	0.039591	-0.0138282	0.000213214	0.00136386	0
5035.807526948	4273.479321211	-0.00575889	0.290363	0.042059	-0.0136455	0.000157643	0.00164365	0
5034.559552926	4280.67775059	-0.00331996	0.24953	0.0371303	-0.0132991	0.00024328	0.00129726	0
5025.00615912	4282.424158533	0.000523947	0.293993	0.0313568	-0.0137892	1.66338e-05	0.00164365	0
5040.530476338	4292.776905657	-0.00730662	0.218194	0.0658429	-0.013344	5.69083e-05	0.00129474	0
5028.102740846	4281.92263254	0.00161196	0.251254	0.0181534	-0.0135786	0.000228723	0.00129547	0
5043.072852194	4280.992320965	-0.000108266	0.245014	0.0521196	-0.0134355	8.63332e-05	0.00117257	0
5032.862358448	4285.171066168	0.00204464	0.243704	-0.0154441	-0.0123359	-4.11803e-05	0.00112402	0
5036.988577997	4283.185061519	-0.00392621	0.231693	0.0242071	-0.0118444	-6.26535e-05	0.00123614	0
5033.3884009	4279.541022146	0.00310494	0.229603	-0.00409341	-0.0120194	9.46599e-05	0.00123091	0
5035.486993792	4286.543881911	-0.00110421	0.242046	0.0112593	-0.0121066	-2.12374e-05	0.00120657	0
5040.464250479	4282.150743918	0.00119583	0.263315	0.00511318	-0.0119351	0.000103191	0.00129455	0
5024.056968287	4282.68927819	0.00455474	0.270729	0.00839551	-0.0134245	6.37372e-05	0.00164365	0
5042.910982253	4284.114735021	0.00232717	0.269385	0.0872791	-0.0135067	0.000101755	0.00138518	0
5029.29090246	4278.569554812	0.00450389	0.294633	0.0655317	-0.0146083	0.000106331	0.00134715	0
5031.996403063	4280.917028259	-0.00174864	0.217546	0.0547393	-0.0138781	0.000292765	0.00117169	0
5009.228928834	4273.971276097	0.00886481	0.256915	0.0280066	-0.0139895	0.000626821	0.00117169	0
5011.7201365	4290.231629338	0.00739392	0.252888	0.0513931	-0.0137007	0.000339456	0.00118332	0
5013.25072066	4276.02970212	0.0101413	0.240809	0.0593455	-0.0136122	0.000190801	0.00113306	0
4999.584073631	4275.541575677	0.00851537	0.289361	0.0341352	-0.0141169	0.000208371	0.00144568	0
5017.274603829	4276.178373312	0.00755072	0.252943	0.0699809	-0.0135103	0.000203158	0.00113306	0
5004.548503416	4277.398689421	0.00584705	0.289075	0.0173812	-0.0141964	8.59383e-05	0.00135382	0
5017.169339569	4280.571511305	0.0052288	0.266037	0.0634808	-0.0131397	9.29105e-06	0.00113146	0
5006.806038368	4274.810343122	0.00896299	0.282234	0.0268932	-0.0126682	0.000254344	0.00159258	0
5014.910968079	4282.535183372	0.00725777	0.264582	0.0695101	-0.0136913	9.78977e-05	0.00107865	0
5018.195910089	4286.181136966	0.0114877	0.252954	0.0741052	-0.0135042	0.000187458	0.0010994	0
4998.460325378	4283.928736513	0.0112901	0.250519	0.0326214	-0.0137425	0.000122987	0.00122132	0
5017.555959161	4280.590015445	0.00600199	0.220099	0.087599	-0.0132128	2.22428e-05	0.00109373	0
4999.821789608	4273.499101498	0.00927126	0.245852	0.0412362	-0.0139195	9.48005e-05	0.00111855	0
5015.809408991	4277.254484746	0.00853818	0.236922	0.0822482	-0.013909	7.14979e-05	0.00106232	0
5011.429160991	4266.877490818	0.0101704	0.249478	0.0630322	-0.0139397	0.000363252	0.00108322	0
5005.996409819	4273.621292628	0.0108057	0.2894	0.0710438	-0.0140427	0.000242866	0.00150702	0
5018.268549399	4269.755203578	0.0100666	0.23481	0.0923527	-0.0135977	0.000484274	0.00150702	0
4999.798366568	4269.286857422	0.0105109	0.27494	0.0370822	-0.0140455	0.000425795	0.00116499	0
5023.83235806	4276.850903079	0.00541895	0.267857	0.0934001	-0.0137608	0.000141407	0.00112432	0
5007.112210969	4270.031170489	0.00984796	0.285456	0.0602961	-0.0141097	0.000504304	0.00128637	0
5013.894296582	4274.445045881	0.00727499	0.255246	0.0824119	-0.013859	0.000285981	0.00109015	0
5029.501988671	4277.757605924	0.00785761	0.268971	0.0833326	-0.0139019	0.000169191	0.00102473	0
5012.409024852	4273.635968325	0.00691238	0.278192	0.0557921	-0.0140659	-1.24286e-05	0.00135809	0
5034.947427323	4272.2140209	0.00583126	0.208321	0.0789158	-0.0134864	0.000163756	0.00119093	0
5007.69374372	4270.681048637	0.0116524	0.262311	0.0439765	-0.0141615	0.000264432	0.00110578	0
5042.930919722	4275.668552359	0.00651103	0.254886	0.0851906	-0.0134872	-0.000101146	0.00109188	0
5015.00019871	4282.190942566	0.00943257	0.305847	0.0646765	-0.0143906	0.000529158	0.00137795	0
5035.571902314	4277.655833155	0.00523833	0.25141	0.0666715	-0.0132294	0.00012611	0.00113622	0
5030.737693481	4276.252708907	0.00965614	0.251614	0.027565	-0.0131782	0.000267806	0.000996175	0
5024.623582791	4282.375983963	0.0159969	0.286152	0.0418649	-0.0134677	0.000201377	0.00150181	0
5038.686609011	4279.212733185	0.00989743	0.251514	0.0532932	-0.0131109	0.000122497	0.00108062	0
5044.237033077	4293.291512163	0.011527	0.324409	0.0918532	-0.0148886	0.000155283	0.00143983	0
5058.140001853	4281.441205871	0.00679853	0.274277	0.117276	-0.0147098	0.000223047	0.00150181	0
5030.428593	4285.299957072	0.00525951	0.247595	0.0613938	-0.0142174	0.000416788	0.00127105	0
5032.962603485	4287.885751076	0.000475159	0.228066	0.0748765	-0.0140065	9.67267e-05	0.00112315	0
5013.6650854	4281.833621248	0.00811	0.271935	0.0454366	-0.0152682	3.68674e-05	0.00122514	0
5038.295527888	4275.888368777	0.00914591	0.275625	0.0837509	-0.0140451	0.000491425	0.00110538	0
5057.120263054	4300.894799358	0.00948515	0.31221	0.121036	-0.0142492	0.00144751	0.000769349	0
5092.726770213	4300.714543514	-0.0111882	0.328812	0.353904	-0.015854	0.00121056	0.00105446	0
5066.41823418	4293.976165332	-0.0188066	0.254636	0.419191	-0.01674	0.000677844	0.00144543	0
5035.981108409	4287.680610355	-0.0141342	0.279145	0.396479	-0.0163539	0.000259491	0.000832529	0
5035.010585879	4291.753116273	0.00437064	0.28567	0.301374	-0.0168907	0.000973536	0.000985919	0
5030.348843124	4290.635211006	0.00263512	0.320604	0.28345	-0.0151502	0.00106678	0.00104304	0
5075.299330953	4307.171531158	-0.0141527	0.32761	0.367323	-0.0170365	0.00113057	0.00073215	0
5122.763194684	4329.158915635	-0.0313018	0.352225	0.648674	-0.020244	0.000908899	0.000560283	0
5092.52920802	4320.598517767	-0.0370832	0.289061	0.790886	-0.0218127	0.00153171	0.000129907	0
5055.903659175	4306.129875708	-0.0326324	0.273642	0.820702	-0.0216373	0.00147879	0.000129907	0
5026.286758091	4298.198299552	-0.0415332	0.248874	0.729889	-0.0210221	0.00131712	0.000205612	0
5022.86183553	4291.423551164	-0.030878	0.258835	0.729457	-0.0207555	0.00162696	0.000352439	0
5015.070467831	4291.749925904	-0.0261744	0.328291	0.739042	-0.0212168	0.00187102	0.000707647	0
5008.862804403	4299.628222899	-0.0218002	0.33622	0.729083	-0.0205932	0.00185794	0.0010297	0
5022.653258931	4294.037420415	-0.0291889	0.358053	0.723705	-0.0204195	0.00149004	0.000684575	0
5040.311861293	4300.307133404	-0.0159283	0.382464	0.697298	-0.0200305	0.00149251	0.0010297	0
5062.125543736	4314.625828124	-0.02267	0.375758	0.593189	-0.0192581	0.00106114	0.0010297	0
5087.29346135	4320.915959474	0.000753172	0.386565	0.419709	-0.0183531	0.000873076	0.000558096	0
5040.539399401	4306.471883255	0.00711083	0.382333	0.417303	-0.0186168	0.00147753	0.000580917	0
5054.950982771	4315.262625759	-0.00484188	0.319815	0.380222	-0.0178492	0.000636201	0.000548019	0
5049.616106448	4315.130544486	-0.0218416	0.369133	0.352184	-0.0183033	0.00085262	0.0010297	0
5062.085808221	4322.078210869	0.00435536	0.27539	0.206511	-0.0174743	0.000147633	0.000760731	0
5029.864906376	4314.026676842	0.00408089	0.31397	0.217854	-0.0170162	0.000117641	0.000811154	0
5021.495212654	4303.026284829	0.00425662	0.285574	0.21465	-0.0163497	0.000139885	0.000685408	0
5007.908873193	4299.739247737	-0.00556174	0.311356	0.233826	-0.015855	0.000506484	0.0010297	0
5023.171075434	4305.907187957	-0.00770337	0.284103	0.226764	-0.0152159	0.000264015	0.000754714	0
5005.30961281	4309.431269459	-0.00324627	0.330994	0.231778	-0.0162491	0.000637836	0.0010297	0
5014.911525771	4305.750540844	-0.00823035	0.31979	0.285236	-0.0162573	0.000496846	0.0010297	0
4992.443531845	4300.569700765	0.00377954	0.2853	0.233591	-0.0158924	0.000353715	0.0010297	0
5003.157063271	4300.893204173	0.00251976	0.323499	0.261914	-0.0169128	0.000467656	0.0010297	0
4971.774232239	4297.08390369	0.00913391	0.287658	0.233211	-0.0168467	0.000519329	0.0010297	0
4987.872135104	4303.505478239	0.00678532	0.274222	0.265887	-0.0169513	0.000586922	0.0010297	0
4967.421450542	4296.375641792	-0.00216421	0.271734	0.262589	-0.0167927	0.000787019	0.0010297	0
4967.359686215	4301.148433686	0.0048935	0.295984	0.271478	-0.0172877	0.000319133	0.0010297	0
4970.566412	4293.001188592	-0.0042217	0.31561	0.303695	-0.0175822	0.000684155	0.000755396	0
4956.813322799	4289.061402021	-0.00109705	0.306268	0.23825	-0.016085	0.000829119	0.0010297	0
4973.430715241	4293.598425653	0.00365314	0.32463	0.254577	-0.0157147	0.000379061	0.0010297	0
4959.840053672	4285.469365661	0.00396334	0.333284	0.220027	-0.0155743	0.000532253	0.0010297	0
4967.509705213	4283.970211309	0.00310934	0.327264	0.298952	-0.0175712	0.000388847	0.000901743	0
4979.488917364	4276.32736354	0.00521622	0.330583	0.315368	-0.0184093	0.00050997	0.00101291	0
4962.21484325	4278.280188352	0.00217069	0.308304	0.284585	-0.0180634	0.000415973	0.000692853	0
4978.530664045	4274.901587672	0.000196617	0.266957	0.291715	-0.0175629	0.000624406	0.000786805	0
4959.181141234	4276.519104712	0.00548315	0.308056	0.254548	-0.0179277	0.000505946	0.000765763	0
4983.442810257	4274.408994712	0.00160539	0.322302	0.297769	-0.0174755	0.000543414	0.00086732	0
4964.265474678	4269.031627909	0.00477374	0.316218	0.263591	-0.0179044	0.000413398	0.000874655	0
4976.778815807	4275.392904485	0.00423888	0.309272	0.28896	-0.0176677	0.000324317	0.000823363	0
4972.744057654	4266.758490058	0.00820436	0.313478	0.274638	-0.0175764	0.000485772	0.000863734	0
4981.474298893	4273.545361847	0.0042796	0.320812	0.268405	-0.0176737	0.000381984	0.000852738	0
4984.867572466	4265.53594069	0.00334219	0.275495	0.28559	-0.0171309	0.000394388	0.000871588	0
4968.646419792	4278.339210177	0.00204658	0.320376	0.254253	-0.0173978	0.00093419	0.000862317	0
4990.902072702	4275.213286715	0.00149432	0.320511	0.290717	-0.017463	0.000359362	0.000858326	0
4976.067480374	4279.278773822	0.0004075	0.303349	0.255933	-0.0176928	0.000647278	0.000829907	0
4988.444326522	4273.433698935	0.0035142	0.298407	0.228143	-0.0160132	0.000418331	0.000804866	0
4992.825411059	4275.370571903	0.0174876	0.316643	0.225773	-0.0153778	0.000298175	0.000907553	0
4990.553654974	4281.003806293	0.013352	0.370592	0.236041	-0.0164159	0.000450398	0.00127701	0
5019.989724609	4280.677112516	0.000706013	0.301802	0.297594	-0.0167708	0.000527149	0.000830968	0
4986.166156986	4274.143875056	0.000448705	0.296991	0.237665	-0.0183121	0.000521258	0.000844835	0
5005.212992767	4283.482722939	0.000296749	0.296268	0.269518	-0.0177438	0.000327553	0.000826489	0
4980.925112247	4283.174852339	0.0042903	0.305608	0.240414	-0.0169648	0.000647884	0.000893962	0
5005.737780413	4286.518997034	-0.0059183	0.288965	0.238676	-0.0160812	0.000598072	0.000849636	0
5017.638358071	4280.776013953	0.000420028	0.355639	0.282369	-0.0172422	0.000367954	0.00115712	0
5001.258542183	4288.751936236	0.0013773	0.332357	0.272466	-0.0187141	0.000769547	0.000899823	0
5009.313140241	4281.171938735	-0.000486872	0.268546	0.268291	-0.0177253	0.000473013	0.000785087	0
4997.367668422	4289.477745164	0.00744471	0.31885	0.256283	-0.0181264	0.000611898	0.000941602	0
5018.858726367	4293.894491888	-0.00534272	0.296517	0.272743	-0.0180063	0.000489966	0.000790367	0
4999.723078223	4293.560141226	0.0010726	0.31913	0.247829	-0.0183258	0.000606538	0.000751714	0
5020.846059816	4286.527930067	-0.00059048	0.298708	0.263246	-0.0180767	0.000389985	0.00101379	0
5003.239043912	4285.928459748	0.000906594	0.315171	0.273028	-0.0181172	0.000838224	0.000946881	0
5046.545039105	4296.990425881	-0.00513002	0.318537	0.303423	-0.0178978	0.00122997	0.000723371	0
5060.855680325	4284.890313703	0.0011582	0.288878	0.348015	-0.0174298	0.00237324	0.000488062	0
5035.196436551	4289.025031815	0.00263865	0.28552	0.32948	-0.0176079	0.00192915	0.000488062	0
5054.126854245	4291.297850629	0.00416455	0.280066	0.250321	-0.0165616	0.000949598	0.000609731	0
5021.460635784	4286.813787121	-0.00638828	0.354678	0.227767	-0.0175043	0.000447651	0.00108088	0
5039.598016249	4287.258843585	-0.00914536	0.325701	0.270722	-0.0175989	0.000487237	0.000919225	0
5016.117254666	4285.037070673	-0.00136438	0.314772	0.20596	-0.0173078	0.000491347	0.00108088	0
5038.008316796	4277.599363626	-0.00562083	0.329501	0.245033	-0.0170619	0.000475687	0.00108088	0
5023.278431036	4281.706644565	0.000336342	0.317685	0.229025	-0.0171024	0.000434475	0.00108088	0
5034.091510384	4285.737994724	-0.00761739	0.302412	0.247836	-0.0168429	0.000398224	0.00108088	0
5030.16829052	4282.932065264	-0.000719385	0.304542	0.25097	-0.01803	0.000934798	0.00108088	0
5033.01307456	4287.151966226	-0.00693323	0.309994	0.257759	-0.0181702	0.000587863	0.00108088	0
5058.436833123	4290.770482648	-0.00838174	0.292293	0.266343	-0.017869	0.000525057	0.000872472	0
5042.457021421	4289.583665412	-0.00804452	0.294131	0.24028	-0.017856	0.000926136	0.00093989	0
5047.638950867	4290.580974734	-0.011382	0.238836	0.240751	-0.0175715	0.000903169	0.00078832	0
5024.612150117	4289.654172565	-0.00852362	0.288305	0.192041	-0.0166814	0.000575634	0.00108088	0
5057.675863152	4285.643878841	-0.00860816	0.344548	0.253367	-0.0168198	0.000610405	0.00108088	0
5037.812706523	4283.491975009	-0.00669141	0.3146	0.249565	-0.0175107	0.000504638	0.00108088	0
5037.742576825	4287.455689347	-0.00365775	0.297187	0.216268	-0.0169185	0.000517072	0.00108088	0
5034.390990688	4288.636444882	-0.00245029	0.320286	0.198655	-0.0167007	0.000782389	0.00108088	0
5031.830211014	4292.281441365	-5.39915e-05	0.319507	0.209269	-0.0161783	0.000779441	0.00108088	0
5047.434278108	4295.269859926	0.00017238	0.325069	0.220826	-0.016463	0.000812432	0.00108088	0
5043.167799162	4292.851241253	0.00138379	0.360766	0.248541	-0.017291	0.000893814	0.00108088	0
5056.976099816	4293.878221006	-0.00403092	0.322457	0.318138	-0.0180857	0.000544422	0.00108088	0
5030.156439577	4286.680429701	-0.00184631	0.296789	0.27617	-0.0183554	0.000874468	0.00108088	0
5046.952572126	4290.823761809	0.00159496	0.264921	0.254552	-0.0177273	0.000751844	0.00108088	0
5020.635252452	4289.940667693	0.0071371	0.296569	0.203472	-0.0182419	0.000640239	0.00108088	0
5038.323691306	4290.121561611	0.00331146	0.295449	0.238675	-0.0174589	0.000646835	0.000880063	0
5021.996716682	4291.969104249	0.00283657	0.344662	0.269477	-0.0181406	0.000766922	0.00124567	0
5035.421883316	4295.450434807	0.00304666	0.342924	0.280053	-0.0185753	0.000698774	0.00124079	0
5024.635991426	4289.1641319	0.00757116	0.342779	0.255038	-0.0184673	0.00101852	0.00124039	0
5031.630836324	4294.288502449	0.00112496	0.324576	0.236871	-0.018035	0.00104171	0.00086029	0
5030.840169283	4287.708685602	0.00134017	0.322913	0.238357	-0.0177892	0.000885894	0.000911689	0
5024.918740987	4289.526557808	0.00693271	0.320655	0.202918	-0.0164772	0.000625467	0.00107555	0
5040.006664652	4292.917600926	-0.000174784	0.297889	0.240265	-0.0161877	0.000701351	0.00112701	0
5031.518600921	4288.279761637	0.00017865	0.315883	0.225512	-0.0167353	0.000641396	0.00122305	0
5039.236911041	4284.458975826	0.00285611	0.316951	0.254883	-0.0174801	0.000682931	0.001339	0
5023.942641542	4288.309751105	0.00155747	0.294074	0.232124	-0.0174325	0.000784947	0.00114468	0
5034.835331343	4286.241753975	-0.00162271	0.281369	0.244303	-0.0172986	0.000618513	0.001339	0
5027.018588684	4282.932703338	0.0034575	0.286182	0.234489	-0.0170861	0.000875639	0.001339	0
5024.770116218	4298.035909774	-0.00235508	0.310156	0.245541	-0.0173925	0.000712127	0.00113604	0
5042.590030829	4287.073802188	-0.00438841	0.309281	0.261717	-0.0167629	0.000591068	0.000942215	0
5040.035943453	4298.011343934	-0.00979448	0.332093	0.221975	-0.0164682	8.60741e-05	0.000865227	0
5051.368094109	4297.248845763	-0.0134999	0.320215	0.275825	-0.0169742	0.000349571	0.000825365	0
5024.15456429	4289.909402078	-0.000956182	0.298536	0.236893	-0.0165668	0.000154998	0.000863304	0
5042.886164984	4298.537754804	-0.02328	0.26204	0.227097	-0.0166472	-0.000193998	0.000786146	0
5074.383462184	4312.006535246	-0.00231739	0.285425	0.16593	-0.0139412	0.000326556	0.00234916	0
5086.194390943	4313.205794921	0.00255979	0.322489	0.288193	-0.0135774	0.0022743	0.00276087	0
5084.556730027	4317.308290306	0.0070506	0.199719	0.240452	-0.0127412	0.00148559	0.00227941	0
5073.765121799	4329.816131631	0.0110461	0.16394	0.125976	-0.0124346	-0.00138429	0.00203189	0
5066.783800919	4320.053283719	-0.0300725	0.0971662	0.179142	-0.0142279	-0.00445372	0.00188858	0
4969.454235844	4271.510225518	-0.0138764	0.20102	0.132293	-0.0159295	-0.0031463	0.00164163	0
5003.700115311	4293.676589691	-0.0004011	0.35337	0.13549	-0.0160061	-0.00311804	0.00176664	0
4964.911978481	4265.877310164	0.0281244	0.593958	0.371267	-0.0173869	-0.000636948	0.00185552	0
4937.133646655	4257.06295893	0.00181912	0.320289	0.231059	-0.0172584	-0.000638584	0.00132771	0
4959.655318382	4276.010559907	-0.00101042	0.319127	0.151741	-0.0170082	-0.000965105	0.00141479	0
4956.802726661	4275.553061005	-0.00295637	0.306459	0.164424	-0.0167263	-0.00117834	0.00132771	0
4970.753517479	4280.952760391	-0.00458028	0.234343	0.171054	-0.0161202	-0.00101658	0.00132771	0
4977.200988227	4284.515445356	-0.00870452	0.268808	0.167097	-0.0170945	-0.00123717	0.00158438	0
5006.765745162	4270.758255565	-0.0147231	0.210641	0.222726	-0.0150664	-0.000955751	0.00132771	0
4952.195358822	4256.04586932	-0.00357179	0.206662	0.176765	-0.0146945	7.98974e-05	0.000566483	0
4975.220765343	4259.172430856	-0.00250296	0.291767	0.207899	-0.0153477	7.65483e-06	0.000169948	0
4967.145532702	4257.615211789	-0.00197506	0.357335	0.179133	-0.0158041	-0.000157821	0.000169948	0
4993.73458753	4266.616837678	-0.0117789	0.381811	0.205387	-0.0163968	1.48502e-05	0.000169948	0
5001.451224576	4263.752524468	0.000295006	0.38173	0.17185	-0.0163794	-2.52143e-05	0.000608421	0
5020.440060447	4271.226282684	-0.00709603	0.350562	0.161222	-0.0159419	-0.000439027	0.000169948	0
5014.281334442	4273.038412227	-0.00565284	0.305619	0.179493	-0.015404	0.000191996	0.000309065	0
5014.661958851	4278.900077032	-0.00425035	0.290934	0.179658	-0.0155584	0.000347194	0.000253027	0
5034.395312796	4276.082662244	-0.00382147	0.203633	0.199042	-0.0149684	0.000533137	0.000236639	0
5025.480196845	4291.817242688	-0.00693684	0.261466	0.196159	-0.0158446	0.000504761	0.000169948	0
5059.955566339	4280.271297591	-0.00462893	0.275695	0.284538	-0.0169976	0.000437379	0.000279395	0
5021.867611113	4267.022652604	-0.000845449	0.261891	0.254432	-0.0178774	0.000436636	0.000467342	0
5028.210932985	4276.865259739	-0.0108566	0.261503	0.263073	-0.017433	0.000468711	0.000358924	0
5021.78409682	4283.836534851	0.00890451	0.283071	0.233713	-0.0170186	0.000786248	0.000515507	0
5026.020878697	4282.296543777	-0.0057449	0.298701	0.214593	-0.0165461	0.000775395	0.000374519	0
5037.666173097	4284.315728262	0.00148579	0.332898	0.21715	-0.0157549	0.000667082	0.000355288	0
5021.051847958	4283.114873403	-0.00063271	0.352698	0.205262	-0.0161482	0.000696703	0.000409996	0
5043.274178804	4289.841766257	-0.00135136	0.297442	0.227293	-0.0168454	0.00131016	0.000360784	0
5037.559654032	4295.14734976	0.00249706	0.326471	0.206576	-0.0172089	0.00100404	0.000463432	0
5094.32692638	4314.116964282	-0.0104034	0.346621	0.334457	-0.0186114	0.000710521	0.000340143	0
5038.101032998	4296.59545821	-0.00597289	0.282697	0.317145	-0.018774	0.00102909	0.000450375	0
5038.737637778	4299.203903833	-0.00869457	0.231495	0.277881	-0.0183951	0.000869108	0.000340225	0
5013.48132607	4289.370229732	-0.00142913	0.247151	0.247544	-0.0177713	0.000536132	0.000532382	0
5021.755236288	4290.052968679	-0.0082429	0.283645	0.262263	-0.0180702	0.000818784	0.000418294	0
5026.80387748	4296.83250262	-0.00603772	0.275026	0.264714	-0.0173253	0.000831892	0.000342683	0
5015.107275466	4292.505086226	-0.0108049	0.332587	0.231867	-0.0179596	0.000626505	0.000488301	0
5025.313028835	4281.276263798	-0.00983601	0.322481	0.283257	-0.0179468	0.000707949	0.000452332	0
5020.186868533	4283.625332429	-0.00374744	0.341841	0.222245	-0.0178752	0.00053713	0.000437261	0
5030.260449031	4287.694328941	-0.00696732	0.341508	0.256324	-0.0175831	0.000444099	0.000585352	0
5017.917064369	4290.552899488	-0.00233034	0.307191	0.234748	-0.0162836	0.000669828	0.000771276	0
5028.983753899	4282.100655126	-0.0055331	0.306409	0.223964	-0.0158053	0.0012463	0.000771276	0
5070.180002371	4291.423870201	-0.00539652	0.323887	0.243384	-0.0147407	0.00140443	0.000512121	0
5014.75258371	4274.132708764	-0.0146911	0.259014	0.255421	-0.015539	0.00113945	0.000389627	0
5004.620724457	4266.544416304	-0.010868	0.151053	0.194015	-0.0145122	0.000675465	0.000260902	0
4985.772705674	4264.679326637	-0.0115325	0.225264	0.143482	-0.0152031	0.00116336	0.000371234	0
5019.929215088	4265.319633678	-0.011284	0.230425	0.179216	-0.0157616	0.00113952	0.00031079	0
4987.437275203	4253.305342424	3.59607e-05	0.28006	0.157855	-0.0163578	0.00134561	0.000366915	0
5035.551407153	4265.265716443	-0.00871487	0.367563	0.212201	-0.0164425	0.00134083	0.000362186	0
5008.66914605	4255.48149306	0.00210411	0.359293	0.22638	-0.0172699	0.00170935	0.000771276	0
5070.288473357	4292.55294176	-0.000534294	0.378302	0.23137	-0.0171534	0.0019139	0.000582018	0
5075.644123687	4281.002211109	-0.0082961	0.273077	0.261812	-0.0165258	0.00213937	0.000530582	0
5033.647309151	4273.021822309	-0.00841638	0.277086	0.254563	-0.0172128	0.00226388	0.000771276	0
5053.571254147	4272.106186431	-0.00567182	0.182784	0.25539	-0.0159814	0.00151644	0.000451499	0
5023.069296746	4275.16351696	-0.00619428	0.258186	0.219321	-0.0165549	0.00138549	0.0005337	0
5059.596273629	4274.493220452	-0.010952	0.266593	0.232904	-0.0162715	0.00158741	0.000242735	0
5027.743029866	4263.163582366	-0.000777642	0.248369	0.244787	-0.015358	0.00164814	0.000704745	0
5020.960944253	4258.929005708	-0.0100315	0.2962	0.249539	-0.0153495	0.00171131	0.000771276	0
5024.341251499	4259.059491796	-0.00487048	0.287841	0.221837	-0.0163795	0.00197529	0.000288559	0
5022.363538227	4263.142206895	-0.000122668	0.36938	0.166066	-0.0165966	0.00139199	0.00034505	0
5044.966632905	4274.569470269	-0.00404961	0.347147	0.151707	-0.0147371	0.00132584	0.000771276	0
5023.893425272	4272.784139825	0.00032399	0.360328	0.118845	-0.0147637	0.000968032	0.000771276	0
5047.15459585	4274.731221972	-0.00645595	0.370478	0.203719	-0.0174803	0.00158746	0.000573584	0
5022.450677515	4269.960025262	0.0101209	0.316369	0.181064	-0.0178645	0.00204839	0.000438119	0
5041.126369643	4281.672826654	0.0135791	0.262092	0.174665	-0.0171503	0.00166741	0.000313481	0
5022.074514638	4272.349292542	0.0160459	0.262115	0.159819	-0.0171457	0.0022261	0.000569234	0
5041.625085214	4281.345813841	0.00834032	0.243478	0.190133	-0.016748	0.00186665	0.000534998	0
5082.405574716	4287.411981293	-0.00826713	0.261407	0.274756	-0.0169428	0.00198686	0.000158709	0
5169.198535975	4384.490759848	0.00528565	0.26626	0.339819	-0.0172757	0.00138449	-0.000344344	0
5161.154394631	4353.198983471	0.0148389	0.280174	0.267761	-0.0166444	0.00260231	-0.000262458	0
5121.315567126	4337.654549015	0.000495812	0.426164	0.286758	-0.016336	0.00198073	0.000907072	0
5180.980604201	4381.351755874	-0.024001	0.234126	0.344042	-0.0158268	0.00161874	0.00106266	0
5115.200201631	4359.699360133	-0.0278522	0.206989	0.343837	-0.0154844	0.0018249	0.00121984	0
5054.130339816	4323.582150775	-0.0279487	0.285994	0.334834	-0.0159242	0.00146998	0.00124972	0
5025.100269551	4299.261011437	-0.0361399	0.263034	0.376806	-0.0155229	0.00227267	0.00132056	0
5042.775742079	4337.088896606	-0.0352254	0.234669	0.387923	-0.0161911	0.00146767	0.00109654	0
5011.52661757	4306.846751602	-0.0282136	0.312062	0.385776	-0.0161977	0.00164617	0.0012904	0
4988.841542251	4316.917789151	-0.0222112	0.311721	0.355414	-0.0170027	0.00180379	0.00150654	0
4994.765898428	4312.003663914	-0.0225916	0.323691	0.385527	-0.0171108	0.0024612	0.00157459	0
4972.302505456	4312.03588664	-0.0214147	0.303893	0.355513	-0.0171668	0.00223376	0.00152015	0
4971.491343255	4305.771916315	-0.0222031	0.320477	0.353912	-0.0163501	0.000610781	0.00142711	0
4908.803479147	4238.063035903	-0.0341361	0.440322	0.488968	-0.0174176	0.00167353	0.00118816	0
4835.335439487	4199.649079964	-0.0297936	0.315621	0.416118	-0.0189313	0.000904731	0.000458812	0
4860.172646077	4231.034653187	-0.0245284	0.26075	0.370484	-0.0191293	0.00159768	0.000280849	0
4893.866968708	4252.264963121	-0.0157054	0.305315	0.274344	-0.018996	0.00161928	0.000317953	0
4969.313418756	4279.061190662	-0.0204869	0.36395	0.312209	-0.0188144	0.00174082	0.000672419	0
4993.104675048	4300.51067894	-0.0227856	0.339785	0.349221	-0.0185783	0.00241818	0.000868315	0
4982.125264228	4288.999827901	-0.0163686	0.358721	0.324684	-0.0188995	0.00210815	0.000699303	0
4988.155302933	4279.699264444	-0.0158236	0.346409	0.3125	-0.0186395	0.00184831	0.000558826	0
4983.081565626	4278.683770019	-0.0128476	0.374748	0.293213	-0.0180299	0.00164804	0.000866047	0
5017.140060769	4270.756022306	-0.0178457	0.339796	0.325106	-0.0175569	0.00135164	0.000907906	0
4983.703531006	4271.3621924	-0.0176059	0.334605	0.26549	-0.0173248	0.00164492	0.000885022	0
5012.141751229	4276.221762329	-0.00981316	0.291959	0.257298	-0.0174792	0.00211057	0.000705994	0
4985.788739303	4269.436485724	-0.00733632	0.291126	0.227415	-0.0173835	0.00198729	0.000547585	0
5012.850716474	4256.621411872	-0.013892	0.323638	0.264742	-0.0176797	0.00203842	0.000539577	0
5017.332743161	4266.392235707	-0.00709731	0.323371	0.288051	-0.0180497	0.00211392	0.000495845	0
5035.316479634	4271.262014816	-0.0114777	0.346185	0.342137	-0.0191384	0.00169665	0.000427407	0
5042.866785207	4280.662117783	-0.00672952	0.308826	0.221036	-0.0186507	0.00179673	0.000118403	0
5041.372311568	4267.985824979	0.000815753	0.350499	0.185116	-0.018759	0.00165998	0.000219929	0
5039.069324763	4271.971871899	-9.78856e-05	0.276381	0.186938	-0.0179919	0.00214678	0.000219929	0
5025.823455927	4274.892335603	0.00350496	0.308266	0.183171	-0.0182154	0.00212736	0.000219929	0
5040.238664291	4266.692449421	-0.00474753	0.291664	0.232802	-0.0189637	0.00221773	0.000296241	0
5050.386278327	4288.64793021	-0.000553542	0.338495	0.268302	-0.0199946	0.00235786	0.000219929	0
5149.394912908	4328.717049541	-0.0126357	0.352366	0.417512	-0.0198033	0.0028006	0.000642551	0
5080.534519932	4303.772193081	-0.00698592	0.287395	0.315959	-0.0191349	0.00281663	0.000774572	0
5065.729903519	4294.690169895	-0.0125863	0.277369	0.273063	-0.0192936	0.0029135	0.00044881	0
5055.347919654	4288.437684898	-0.0079096	0.270726	0.279625	-0.018218	0.00252061	0.000427678	0
5025.39807678	4280.883848422	-0.0140877	0.257377	0.272822	-0.018648	0.00217423	0.000756527	0
5053.142807697	4270.891932022	-0.0140926	0.298352	0.321161	-0.0185459	0.00163655	0.000641393	0
5030.726818498	4280.768676104	-0.00609904	0.318138	0.286414	-0.0187905	0.00158576	0.000473811	0
5051.473637214	4292.207743843	-0.00637756	0.388794	0.243789	-0.0186598	0.00190192	0.000162107	0
5027.25672293	4273.916401752	-0.000594371	0.377605	0.21985	-0.0187504	0.00176006	0.000395117	0
5038.838858775	4281.60965735	-0.0136069	0.361633	0.21699	-0.0186507	0.00190572	0.000301581	0
5036.355737634	4284.949335528	0.00512101	0.354817	0.23444	-0.018671	0.00216281	0.000328269	0
5047.394960861	4288.98451413	0.00531611	0.366808	0.28311	-0.0203985	0.00194412	0.000328269	0
5063.203700714	4298.660584007	0.00516916	0.317768	0.296004	-0.0198985	0.00219595	0.000328269	0
5041.082033173	4290.916601544	-0.00317495	0.268417	0.265136	-0.0201484	0.00222622	0.000328269	0
5048.120796272	4287.643283039	-0.00118085	0.221818	0.272254	-0.0194219	0.00221083	0.000108519	0
5031.809994699	4286.092125673	0.00332406	0.276599	0.249722	-0.0198505	0.00223918	0.00032827	0
5071.139789341	4295.590492002	-0.00749464	0.319761	0.305281	-0.0193828	0.00266524	9.28078e-05	0
5067.66565051	4306.171350503	0.00141951	0.303714	0.302547	-0.0196667	0.00265255	0.000328269	0
5072.444926736	4298.983130305	-0.00552866	0.358297	0.37182	-0.0210091	0.00225831	0.00032827	0
5055.928894713	4281.184700211	-0.00819457	0.324948	0.322612	-0.0204258	0.00215172	0.000387007	0
5046.138621468	4282.175628795	-0.00405312	0.354537	0.279373	-0.0205876	0.00190791	0.000328269	0
5029.906872657	4283.505055521	-0.00560226	0.299511	0.283603	-0.0196524	0.00197819	0.000243213	0
5013.757383334	4288.162675098	-0.00321897	0.331622	0.247631	-0.0203621	0.00212161	0.00032827	0
5031.224000418	4285.437781009	-0.00902106	0.333327	0.284556	-0.0197025	0.00182462	-2.2736e-05	0
5027.679453042	4296.39637919	-0.00160066	0.324989	0.263023	-0.0194932	0.00234102	0.00032827	0
5022.051370443	4276.006412427	-0.0126466	0.27211	0.299881	-0.0200451	0.0021933	0.00032827	0
5007.360941352	4270.979986204	-0.0135402	0.275495	0.264699	-0.0202391	0.00158666	0.00032827	0
5031.507865361	4279.674698604	-0.00471999	0.34268	0.31568	-0.0205412	0.00159842	0.00032827	0
5026.295681154	4270.683919969	0.00872451	0.333469	0.294804	-0.0191371	0.00154686	0.00032827	0
5012.561692884	4271.747269928	-0.00103266	0.349004	0.240374	-0.0193976	0.0017943	0.00032827	0
5027.880919075	4271.710899722	-0.0060791	0.334806	0.268751	-0.0186155	0.00188559	0.00032827	0
5007.350902906	4265.465433537	-0.00103423	0.341458	0.234415	-0.0188123	0.00176524	0.00032827	0
5033.621794768	4273.932353597	-0.00309006	0.346017	0.279648	-0.0189872	0.00169353	0.00032827	0
5024.620236643	4267.053918219	-6.29519e-05	0.325459	0.28116	-0.0190366	0.00200558	0.00032827	0
5021.103852685	4271.154180347	-0.00378664	0.305912	0.271543	-0.0189038	0.00185105	0.00032827	0
5033.564631395	4272.129476124	-0.00164648	0.305515	0.262435	-0.0184606	0.00202681	0.00032827	0
5008.184372765	4280.625109503	-0.00853902	0.319869	0.258962	-0.0197422	0.0020192	0.00032827	0
5043.449572763	4268.892527824	-0.00458795	0.309825	0.305983	-0.0200522	0.00206554	0.00032827	0
5027.694789557	4271.349430924	-0.00166109	0.326796	0.316367	-0.0200122	0.00182751	0.00032827	0
5035.038052182	4274.69868021	-0.00475724	0.290981	0.293324	-0.0192879	0.00187609	0.00032827	0
5018.794870697	4261.285412187	0.00414674	0.31819	0.285105	-0.0197538	0.0021979	0.00032827	0
5031.990547303	4276.241861653	-0.00726539	0.324395	0.286106	-0.0191148	0.00202777	0.00032827	0
5031.539374927	4275.581455288	0.00274833	0.344139	0.285963	-0.0185892	0.00232253	0.00032827	0
5078.589849878	4313.793460874	0.00389233	0.423919	0.352438	-0.0204975	0.0029226	0.000645367	0
5096.563966173	4306.109457347	0.000222069	0.313596	0.399209	-0.0198832	0.00359336	0.000661333	0
5032.241787297	4283.505055521	0.00374541	0.298286	0.337872	-0.0203581	0.00340605	0.000579444	0
5052.593760474	4280.327448084	-0.0110036	0.282088	0.343875	-0.0206406	0.00274363	0.000502144	0
5015.098073558	4283.04851373	-0.0041392	0.27155	0.332645	-0.0208	0.00315742	0.000538419	0
5036.221612842	4293.563012558	-0.00945484	0.277299	0.346659	-0.0205837	0.00293164	0.000450765	0
5035.84224324	4294.793218811	-0.0073193	0.292042	0.291776	-0.0198739	0.00317527	0.00015591	0
5052.350049314	4292.901649082	-0.0155242	0.353358	0.340168	-0.0200501	0.00292918	0.000532387	0
5042.079603738	4271.87839409	-0.00791105	0.281762	0.317434	-0.0190119	0.0024426	0.000287949	0
5025.664792712	4279.357256897	-0.00938344	0.38603	0.276194	-0.0193783	0.00220117	0.000421581	0
5038.322157655	4282.843373009	-0.00892642	0.333689	0.294584	-0.0192929	0.00226617	0.000269795	0
5026.927824402	4288.791496811	-0.00700737	0.387327	0.282688	-0.0199099	0.00258178	0.000446277	0
5064.469520862	4284.422605621	-0.00752662	0.398708	0.376041	-0.020614	0.00250979	0.000343022	0
5046.265775116	4282.412992242	-0.0119341	0.354969	0.382131	-0.0212235	0.00270253	0.000330538	0
5048.988703577	4281.503737102	-0.00683088	0.260723	0.336778	-0.0207082	0.0025838	0.000394946	0
5040.149015392	4283.498355747	-0.00392725	0.286345	0.309985	-0.0203494	0.00284404	0.000281431	0
5047.815739053	4276.646719468	-0.00427347	0.268225	0.306079	-0.0198182	0.00276522	0.000331043	0
5048.319334425	4274.475992459	-0.0107633	0.286601	0.288123	-0.0194624	0.00274684	0.000131551	0
5049.418962523	4272.260919323	-0.00778536	0.334516	0.3167	-0.0200106	0.00265751	0.000367532	0
5094.211344829	4279.993416458	-0.00274623	0.35728	0.362353	-0.0201772	0.00276216	0.00033355	0
5056.540542801	4280.478033496	-0.00819352	0.378076	0.376729	-0.0211502	0.00293535	0.000399723	0
5078.218427378	4278.598906206	-0.00193385	0.343215	0.386	-0.0212799	0.00333166	0.000281467	0
5051.684165733	4283.700625136	-0.00531082	0.342856	0.318395	-0.0211303	0.00309967	0.000501346	0
5115.921854355	4317.362845615	0.00710446	0.353473	0.311213	-0.020233	0.00319014	0.000486906	0
5090.715037763	4310.276717221	0.014026	0.291322	0.285787	-0.0197449	0.00362472	0.000617345	0
5076.798544969	4304.49991623	0.000504074	0.333429	0.336629	-0.0206244	0.00346243	0.000736981	0
5083.772197592	4287.947006159	-0.000546616	0.286859	0.369179	-0.0203311	0.00340998	0.000527774	0
5043.677529139	4291.086010133	-0.0038278	0.277255	0.290201	-0.0194226	0.00349473	0.000740573	0
5055.430876256	4297.462281444	-0.00277258	0.276252	0.28617	-0.0189831	0.00347762	0.000664962	0
5030.289867254	4286.874404131	-0.00136316	0.310264	0.284386	-0.0204244	0.00347409	0.00076461	0
5051.201204946	4293.387223231	-0.00507334	0.355135	0.327058	-0.0198521	0.00318963	0.000727105	0
5043.718380037	4293.13582216	0.00377858	0.356012	0.330787	-0.0204004	0.00356181	0.000722546	0
5043.064626245	4295.755115038	-0.00465793	0.358327	0.351085	-0.0205938	0.00361367	0.000667815	0
5058.445895609	4297.827578684	0.011844	0.355193	0.314817	-0.0197948	0.00347183	0.000579575	0
5045.171584509	4301.53702062	0.00603838	0.355322	0.26979	-0.0200451	0.00366836	0.000701543	0
5053.693527995	4295.77649051	0.00108914	0.271481	0.296859	-0.0193566	0.00353169	0.000662215	0
5028.878210794	4296.838883358	0.0024456	0.281738	0.305883	-0.0201129	0.00348561	0.000321002	0
5057.307229109	4297.414744947	0.000843991	0.314248	0.347046	-0.0204578	0.00349997	0.000483857	0
5042.943607203	4286.047460508	0.000379189	0.304203	0.339426	-0.0203814	0.00364243	0.000670333	0
5029.522483831	4292.396294646	0.000330783	0.303533	0.317031	-0.0199612	0.00356801	0.000449909	0
5033.697780227	4287.096453807	0.00598616	0.312814	0.310069	-0.0197451	0.0034313	0.000635896	0
5032.36573422	4293.336177328	0.0023205	0.333462	0.267541	-0.0191539	0.00332385	0.000359812	0
5020.268849175	4273.003318169	-0.00172773	0.280488	0.300627	-0.0192029	0.00303243	0.000375839	0
5000.822845745	4275.05887286	-0.00115895	0.302939	0.318184	-0.0190892	0.00275397	0.000553581	0
5040.954461256	4281.393669374	-0.00520626	0.313393	0.39422	-0.0201555	0.00302769	-4.12765e-06	0
5017.947179707	4274.724522198	0.00264951	0.340982	0.328331	-0.0193449	0.00295507	0.000113553	0
5031.898528215	4278.347186099	0.00921	0.396507	0.300069	-0.0198232	0.00288567	0.000149453	0
5023.333503066	4279.493166613	0.00221822	0.342799	0.302663	-0.0188642	0.00315945	9.88812e-05	0
5023.283729105	4288.717799289	0.00851235	0.372585	0.317172	-0.0200344	0.00334877	3.64268e-05	0
5056.57511967	4284.096868955	0.0056801	0.358118	0.390568	-0.0204614	0.00325839	0.000148637	0
5027.481751426	4279.137759516	0.00686289	0.330017	0.380799	-0.02065	0.00325019	0.000129311	0
5030.661289754	4280.356799478	0.00175591	0.277227	0.343136	-0.0197529	0.00306355	-9.59041e-05	0
5034.644043179	4278.057500602	0.00440404	0.280439	0.307563	-0.0191543	0.00309651	5.50981e-05	0
5028.703374527	4278.134707529	0.0018194	0.312818	0.318278	-0.0194096	0.00299249	5.96295e-05	0
5061.173006755	4294.916367051	0.0109973	0.327365	0.296397	-0.0183412	0.00322008	9.45117e-05	0
5099.483341443	4325.401299129	0.0105019	0.47679	0.391453	-0.0205169	0.00397772	0.000380195	0
5082.597559995	4291.833194533	-0.0023905	0.378034	0.408262	-0.0211533	0.0041593	2.01398e-05	0
5050.102273961	4285.411300947	-0.00256014	0.343661	0.444954	-0.0226888	0.00427843	5.2397e-05	0
5052.198914933	4286.769121957	-0.0101326	0.285676	0.441561	-0.0229139	0.00400174	0.000144481	0
5049.520322943	4293.071376708	0.00034267	0.281389	0.2985	-0.0213722	0.00386118	0.000250386	0
5051.638574458	4288.642187546	-0.00472294	0.299028	0.291252	-0.0207922	0.0033591	0.000190936	0
5025.269668326	4282.268149494	0.00758328	0.325717	0.30531	-0.0221009	0.00352919	0.000184134	0
5037.615980868	4289.284408808	-0.00295196	0.345905	0.3362	-0.022095	0.00319471	0.000156264	0
5043.255774987	4285.411619984	-0.0001404	0.384027	0.371152	-0.0222253	0.00358582	4.50867e-06	0
5048.613237814	4287.468131785	-0.00371649	0.400532	0.361249	-0.0227015	0.00338793	-3.87457e-06	0
5058.626029944	4283.709558169	-0.00556934	0.354	0.333553	-0.0217931	0.00360979	-3.64603e-05	0
5036.900323326	4275.271989503	-0.010264	0.354123	0.29789	-0.0217266	0.0035627	-5.96933e-06	0
5071.593889597	4295.192014925	-0.0146441	0.192496	0.169091	-0.0163708	0.00285019	-0.000162783	0
5022.910215262	4275.601235575	-0.00754651	0.268081	0.0801946	-0.0171142	0.00310019	-0.000105432	0
5060.107816103	4279.850806968	-0.0287322	0.358918	0.160454	-0.0189245	0.00326925	-0.000168158	0
5045.978982293	4292.587078707	-0.0360717	0.316733	0.163487	-0.0199203	0.00332012	-7.35489e-05	0
5062.715302435	4283.119977993	-0.047609	0.344428	0.198932	-0.019847	0.00348686	-0.000344435	0
5044.704239082	4274.25936641	-0.0467149	0.348975	0.161917	-0.0200905	0.00399074	-0.000356408	0
5075.358725092	4277.32180153	-0.0354649	0.346028	0.227905	-0.0201361	0.00364083	-0.000153585	0
5067.153410922	4286.903117451	-0.0231738	0.318424	0.238561	-0.0211886	0.00350392	7.76718e-05	0
5075.430667288	4281.539788271	-0.0247358	0.271742	0.230453	-0.0204685	0.00363727	7.76718e-05	0
5059.179956968	4286.905350709	-0.0192534	0.302282	0.216448	-0.0205933	0.00378894	7.76718e-05	0
5060.150897767	4288.95675792	-0.0128228	0.329273	0.213231	-0.0207167	0.0036267	7.76718e-05	0
5095.828371162	4304.181836449	-0.0153933	0.377072	0.233331	-0.0204283	0.0041943	7.76718e-05	0
5115.679676847	4320.00606626	-0.0182141	0.397523	0.340304	-0.0218985	0.00417806	7.76718e-05	0
5076.910780372	4303.253439095	-0.0271265	0.312669	0.281064	-0.021291	0.00394351	7.76718e-05	0
5058.696159643	4301.847124478	-0.0246831	0.337531	0.222134	-0.0214119	0.00389465	7.76718e-05	0
5041.437700889	4287.020842064	-0.027442	0.291589	0.23746	-0.0206582	0.00408005	7.76718e-05	0
5021.290539895	4289.602807625	-0.0259534	0.300154	0.197142	-0.0203791	0.00416954	7.76718e-05	0
5024.432991742	4283.969892272	-0.0302463	0.303669	0.217032	-0.0187483	0.00363149	7.76718e-05	0
5014.448641875	4287.055298048	-0.0269897	0.337617	0.234633	-0.0188407	0.00400327	7.76718e-05	0
5025.58671591	4280.968712235	-0.0299438	0.332983	0.294142	-0.0199517	0.00418005	7.76718e-05	0
5018.958274289	4281.168748366	-0.0249357	0.341858	0.280492	-0.019689	0.00373146	7.76718e-05	0
5010.80858984	4276.59216416	-0.0255503	0.367513	0.227675	-0.0198651	0.00334856	7.76718e-05	0
5018.56301048	4275.659619326	-0.0227013	0.345592	0.237143	-0.0195293	0.00346846	-5.61143e-05	0
5006.005611728	4266.294291381	-0.0198492	0.338728	0.194018	-0.0196533	0.0031508	7.76718e-05	0
5032.321537173	4278.545308008	-0.0203563	0.355112	0.24329	-0.0201085	0.00319564	-5.53925e-05	0
5034.126226676	4267.228431399	-0.0166544	0.356725	0.296915	-0.021199	0.00348078	-5.78959e-05	0
5030.410886297	4275.678123466	-0.0245001	0.323113	0.312743	-0.0216614	0.00358864	-8.7735e-05	0
5016.192264165	4261.849469411	-0.0164164	0.313329	0.311297	-0.0216622	0.003632	-0.000119573	0
5020.140301298	4271.7686454	-0.0175376	0.306399	0.301483	-0.0217274	0.00345013	7.76718e-05	0
5020.358498074	4268.370902507	-0.0142616	0.264436	0.308525	-0.0214794	0.00337374	-0.000209166	0
5014.616367576	4280.665627188	-0.00960067	0.339011	0.270634	-0.0216181	0.00362499	0.000222985	0
5081.695494089	4287.14845682	-0.0111192	0.400889	0.360005	-0.0215495	0.00449757	0.000300034	0
5040.274356544	4284.895418294	-0.0122656	0.343263	0.355565	-0.0221058	0.00485359	0.000410964	0
5038.659979245	4275.220943601	-0.0160498	0.336756	0.301626	-0.0219544	0.00376799	-4.94183e-08	0
5031.949278136	4270.049036555	-0.0060561	0.353866	0.309141	-0.0213449	0.00418331	0.000206004	0
4995.011143239	4253.002895451	-0.00786608	0.327157	0.297195	-0.0212753	0.00423381	-0.000232027	0
5032.183787387	4253.476346198	-0.0149453	0.272406	0.398577	-0.0211058	0.00493218	-0.000769168	0
5034.269413954	4266.227612671	-0.0142675	0.369796	0.653291	-0.0237914	0.00630425	-0.000995694	0
5041.276946332	4275.4570309	-0.0257251	0.331369	0.622167	-0.0235563	0.00554314	-0.00102567	0
5041.956493352	4286.081278419	-0.0109891	0.356369	0.443314	-0.0235445	0.00476099	-0.000852586	0
5037.21346707	4274.773972916	-0.0155783	0.34675	0.449776	-0.0230119	0.00489116	-0.000999719	0
5014.845021066	4280.802813052	-0.0108846	0.376436	0.440668	-0.0232136	0.00560191	-0.000698307	0
5039.872818706	4270.660949313	-0.016962	0.39776	0.476082	-0.0231331	0.00567185	-0.00101293	0
5043.016525359	4272.494773364	-0.0141801	0.375246	0.415285	-0.0225698	0.00557395	-0.000905195	0
5049.508193154	4275.753097135	-0.0182608	0.379444	0.39333	-0.0218984	0.0057496	-0.000801784	0
5041.447739335	4271.837238331	-0.01182	0.348108	0.389316	-0.0217054	0.0062988	-0.000773503	0
5030.768227087	4276.409675058	-0.00794891	0.36959	0.389863	-0.0220982	0.00648495	-0.00101602	0
5048.42975733	4282.952483625	-0.0188159	0.326389	0.411037	-0.0219579	0.00660793	-0.00108815	0
5029.908406308	4279.422340423	-0.0223347	0.350831	0.379355	-0.0222404	0.00623265	-0.00120078	0
5058.622962641	4279.652685058	-0.0143578	0.342146	0.421208	-0.0218597	0.00660196	-0.0012553	0
5034.842860178	4274.55702783	-0.014914	0.332064	0.391109	-0.0220746	0.00639821	-0.00104301	0
5049.403486586	4281.399731075	-0.019706	0.342372	0.394773	-0.0216593	0.00655061	-0.00117423	0
5043.706110825	4276.052034703	-0.00861754	0.357133	0.39062	-0.0216733	0.00667317	-0.000930985	0
5048.027243532	4292.432345815	-0.0139418	0.367894	0.432533	-0.0227057	0.00660672	-0.00109392	0
5048.516199503	4278.584868583	-0.0141203	0.370869	0.438381	-0.0221718	0.00636497	-0.001271	0
5039.596761443	4286.748384559	-0.00894346	0.37162	0.417809	-0.0228057	0.0067095	-0.00107012	0
5060.695901727	4276.496453092	-0.00937536	0.383446	0.498003	-0.0232193	0.00681039	-0.00123431	0
5038.022677351	4282.716077289	-0.0136773	0.340184	0.457699	-0.0231226	0.00668015	-0.00115925	0
5040.073866471	4275.582412399	-0.00781446	0.313371	0.422033	-0.0224701	0.00641055	-0.00114419	0
5027.954534345	4271.132485838	-0.00970301	0.315977	0.405207	-0.0215508	0.00672679	-0.0013935	0
5021.93327928	4272.944615381	-0.00666389	0.341856	0.392534	-0.0216475	0.00678887	-0.00119446	0
5030.461775641	4278.845521723	-0.00582102	0.33713	0.405068	-0.0206425	0.00664766	-0.00114714	0
5015.788077293	4272.771059312	-0.00534723	0.38569	0.383541	-0.0213227	0.00669481	-0.00117109	0
5035.890901818	4269.875799523	-0.00436162	0.392207	0.446426	-0.0222572	0.00641815	-0.00126717	0
5020.326291393	4273.541852442	0.00247437	0.355619	0.395168	-0.0220604	0.00659014	-0.00115543	0
5104.021137275	4316.956711652	0.0117387	0.42673	0.493478	-0.0218864	0.00848972	-0.00141453	0
5074.454707266	4291.051554149	-0.0099616	0.277018	0.535591	-0.0228584	0.00723475	-0.00147641	0
5037.100673976	4276.042463596	-0.00267789	0.341378	0.55085	-0.0244032	0.0069082	-0.00121967	0
5064.69608301	4296.740619995	-0.0079653	0.317398	0.507919	-0.0232762	0.00721385	-0.00111318	0
5021.616510542	4272.839971281	-0.00850365	0.306282	0.49994	-0.0238946	0.00722957	-0.00116066	0
5047.218172675	4264.737072314	-0.00317441	0.263499	0.570325	-0.0240564	0.0071612	-0.0015927	0
5000.571466328	4255.88475569	-0.00905789	0.301882	0.509204	-0.0226826	0.00685592	-0.00117347	0
5017.968929673	4258.635491767	-0.00764741	0.320976	0.550813	-0.0232208	0.00700434	-0.00143447	0
5019.52670129	4259.540280391	-0.00690691	0.402141	0.587447	-0.0240826	0.00725429	-0.00146566	0
5046.703841743	4267.853105632	-0.00893985	0.436214	0.607317	-0.0241088	0.00715538	-0.00151564	0
5034.106986321	4259.705860538	0.00267352	0.417161	0.582994	-0.0247057	0.00731533	-0.00118149	0
5038.003297573	4274.464188094	-0.00823339	0.394738	0.565708	-0.0246595	0.0073508	-0.00136544	0
5045.128224	4268.453533062	-0.00618566	0.350933	0.567459	-0.023945	0.00743497	-0.00143829	0
5028.679812064	4277.771643547	-0.00247241	0.356311	0.546613	-0.02431	0.00729615	-0.00131019	0
5053.444239921	4265.944945985	-0.00781536	0.302124	0.559276	-0.023545	0.00718534	-0.00115617	0
5033.742116696	4276.54590381	0.000440115	0.323683	0.533136	-0.0240539	0.00723488	-0.00117373	0
5073.670174832	4275.888687814	-0.00585636	0.383635	0.598394	-0.0247048	0.00723776	-0.00117515	0
5074.819576891	4290.683385576	0.00852876	0.326741	0.537036	-0.024254	0.00792187	-0.00104139	0
5069.594705204	4292.1321321	-0.00428051	0.346543	0.536054	-0.0236574	0.00815438	-0.000740918	0
5063.004047178	4273.488573281	-0.00484255	0.322668	0.513646	-0.0229217	0.00769427	-0.00133199	0
5080.226534834	4293.820475329	-0.0112492	0.362299	0.363819	-0.0229475	0.00699677	-0.000962408	0
5090.534206313	4294.741215797	-0.0231914	0.405289	0.324808	-0.0227587	0.00595843	-0.000740918	0
5067.868092503	4276.850903079	-0.0151993	0.378924	0.22815	-0.0227746	0.00610459	-0.000909673	0
5079.812309516	4280.231098942	-0.0204691	0.383825	0.203744	-0.0220138	0.00570592	-0.000740919	0
5038.132821411	4284.583400214	-0.0144764	0.365072	0.161485	-0.0221369	0.00575645	-0.000897333	0
5045.45531003	4280.887038791	-0.00868156	0.321023	0.195082	-0.0216005	0.00576218	-0.000740919	0
5031.592773883	4274.98294208	-0.0118784	0.312153	0.1624	-0.0215936	0.00570488	-0.000997627	0
5058.991457261	4296.264616954	-0.0144865	0.316023	0.155916	-0.021507	0.00489042	-0.00150632	0
5048.133065483	4277.859378692	-0.0219603	0.279345	0.185656	-0.0213841	0.00562316	-0.00118204	0
5038.037874443	4273.841109046	-0.00692259	0.262461	0.116989	-0.0201161	0.00480864	-0.000740919	0
5040.894370003	4279.086713613	-0.0135574	0.26711	0.105595	-0.0195019	0.00495115	-0.000923213	0
5047.262648567	4284.810235444	-0.00838739	0.354831	0.139262	-0.0213898	0.00521013	-0.000814102	0
5069.899901845	4281.883071966	-0.00812223	0.37403	0.209758	-0.0217786	0.00522903	-0.00099054	0
5049.198116713	4273.862484517	0.00284476	0.334221	0.104238	-0.0210689	0.00555883	-0.000740919	0
5068.591000033	4279.04906726	-0.00610435	0.339876	0.118021	-0.0215162	0.0051969	-0.000996991	0
5034.56025004	4280.607243437	0.00217567	0.321681	0.0913539	-0.0215781	0.00521574	-0.000740919	0
5060.983391665	4281.790870304	0.000831206	0.30386	0.109875	-0.020936	0.0052351	-0.000740919	0
5085.774588711	4289.214539729	-0.00497722	0.340125	0.197397	-0.0221355	0.00516754	-0.000740919	0
5088.962213564	4291.831280311	-0.00777301	0.312901	0.229415	-0.0234568	0.00469039	-0.000740919	0
5075.26600889	4291.561375101	-0.0102096	0.297621	0.156902	-0.0224822	0.00513234	-0.000740919	0
5088.488733531	4288.713332772	-0.00715456	0.305158	0.0574872	-0.020542	0.00493563	-0.000740919	0
5064.976880651	4287.742184475	-0.00919719	0.28952	0.0160456	-0.0193885	0.00470297	-0.000740919	0
5046.933192348	4277.415279339	-0.00680713	0.344822	0.0287307	-0.0193039	0.00429386	-0.000740919	0
5072.731022445	4283.270563406	-0.00774695	0.348529	0.0994671	-0.0215828	0.00456977	-0.000881755	0
5060.178224647	4279.567183171	0.00053875	0.34998	0.107157	-0.0226161	0.00474335	-0.00074092	0
5069.530988957	4289.108619481	-0.00959934	0.286565	0.0985331	-0.0213842	0.00470901	-0.000841517	0
5045.051959695	4290.999232099	-0.00662123	0.302196	0.0564006	-0.0214658	0.00478511	-0.00074092	0
5082.301983531	4296.528141426	-0.00163953	0.300356	0.0943378	-0.0208853	0.00471407	-0.00074092	0
5062.087620718	4293.241104334	0.0130454	0.303977	0.0580945	-0.0213022	0.00548869	-0.00074092	0
5072.941550964	4293.89736322	-0.000888292	0.290551	0.0670567	-0.0204439	0.00518594	-0.00094506	0
5063.101085489	4289.592279408	-0.00659225	0.315707	0.112752	-0.0214294	0.00527785	-0.00074092	0
5077.212491441	4301.592533039	-0.0159024	0.253092	0.140338	-0.0204615	0.00487342	-0.00074092	0
5217.764676839	4406.960209068	-0.0247768	0.243561	0.221525	-0.0178766	0.00506144	7.50064e-05	0
5221.861757009	4400.1095299	-0.00890418	0.224206	0.295621	-0.0189725	0.00401502	-0.000449631	0
5226.587913125	4403.072744547	-0.0370151	0.0755083	0.484841	-0.0200195	0.00367379	-0.000518427	0
5118.013197259	4360.142183338	-0.051682	0.201594	0.499248	-0.0204806	0.00433828	-9.97232e-05	0
5065.662562277	4335.2053028	-0.0598422	0.323349	0.424478	-0.0199702	0.00266692	9.05934e-05	0
5022.132793393	4333.70997689	-0.0372175	0.430305	0.290611	-0.0201138	0.00316742	0.00015333	0
5015.178241702	4321.673353054	-0.025812	0.53324	0.148867	-0.0190127	0.00488356	-4.19649e-05	0
4962.283996989	4309.013012095	-0.0270963	0.621357	0.0267407	-0.0168521	0.00492028	0.000131199	0
4975.421534262	4330.57161099	-0.0396275	0.426065	0.264113	-0.0160084	0.00674928	-0.000562832	0
4960.60966786	4335.152661713	-0.0634771	0.266014	0.345195	-0.0166661	0.00394953	-0.000362309	0
4950.834870552	4333.540887338	-0.0563385	0.254848	0.0925858	-0.0173107	0.00385217	-0.000738251	0
4933.151869189	4335.070988269	-0.0406678	0.225477	0.0603646	-0.0171274	0.00427708	-0.000683856	0
4903.389271216	4323.077115376	-0.0457304	0.253134	0.0557555	-0.017875	0.00473607	-0.000543986	0
4920.732220223	4315.494565579	-0.0336204	0.253389	0.119194	-0.0179926	0.00472307	-0.000511091	0
4884.874473069	4306.367239155	-0.0305605	0.304415	0.0674292	-0.0172004	0.00491153	-0.000411841	0
4906.97369353	4309.465725443	-0.0367718	0.363388	0.0926757	-0.0165525	0.00473365	-0.000667298	0
4896.642459587	4314.178538402	-0.0356704	0.385901	0.0917555	-0.0170069	0.0051459	-0.000339403	0
4912.616276106	4314.577653553	-0.0252809	0.380898	0.106455	-0.0173112	0.00500817	-0.000390628	0
4920.685931833	4302.595585025	-0.0264916	0.373061	0.0908739	-0.0166918	0.00490337	-0.0005965	0
4909.507704014	4308.440340875	-0.027425	0.373252	0.0844747	-0.016885	0.00484536	-0.000464434	0
4913.170760821	4304.862342138	-0.0232392	0.315595	0.103923	-0.016684	0.00512007	-0.000249703	0
4893.82806973	4318.953244518	-0.0134298	0.310382	0.103035	-0.0182497	0.00542703	-0.000634998	0
4902.063638661	4268.188094368	-0.0834927	0.434094	0.461712	-0.0167807	0.00546325	0.000404743	0
4819.078733984	4214.744948552	-0.0725051	0.478111	0.755726	-0.0176524	0.00495525	0.000147915	0
4809.425234565	4240.970738131	-0.0682607	0.253609	0.576224	-0.0174825	0.00481693	-0.000371837	0
4843.455426866	4263.6896742	-0.067431	0.175672	0.481675	-0.0175302	0.00349167	-0.000387788	0
4848.452760446	4277.509395222	-0.0750547	0.223122	0.424608	-0.0175333	0.00418477	-0.000114954	0
4878.556944426	4261.008807202	-0.0737259	0.230096	0.455122	-0.0181344	0.00425551	-0.000293556	0
4869.759640792	4256.757640625	-0.0540858	0.317346	0.356515	-0.0191935	0.0049253	-0.000363519	0
4988.295144062	4306.89524521	-0.0635327	0.491161	0.520827	-0.0197063	0.00534404	-0.000670017	0
4970.75993093	4297.154410843	-0.055928	0.423592	0.495401	-0.0199183	0.00533298	-0.000598879	0
4978.869043327	4296.024063137	-0.0565135	0.510255	0.52342	-0.0207924	0.00539359	-0.000765175	0
5011.572069423	4312.754995793	-0.0572096	0.427694	0.525599	-0.0212599	0.00318435	-0.00087121	0
5004.250696186	4316.282905738	-0.0434914	0.397571	0.571714	-0.0199011	0.00295552	-0.000874624	0
4994.434350866	4298.287629882	-0.0608467	0.255228	0.582993	-0.0195738	0.00548586	-0.00112661	0
4974.369309936	4294.930404674	-0.0707056	0.307838	0.740539	-0.0199425	0.00643962	-0.000748616	0
4991.766773281	4289.899192898	-0.0652562	0.341033	0.756699	-0.0201268	0.00575749	-0.000841937	0
4963.390875076	4274.89871634	-0.0553675	0.317081	0.706526	-0.0202599	0.00706703	-0.000294078	0
4973.531378546	4272.086087106	-0.0709369	0.304088	0.610319	-0.0194617	0.00594918	-0.000343841	0
4979.544965354	4275.539023381	-0.0596609	0.362422	0.62139	-0.0195194	0.00693062	-0.000291123	0
4976.511960452	4279.447544337	-0.0616144	0.38711	0.571542	-0.019859	0.00638008	-0.00027229	0
5025.093716676	4290.448574424	-0.0555178	0.362028	0.511756	-0.0193031	0.00626112	-0.000252135	0
4992.510873086	4289.419361413	-0.05066	0.391188	0.451848	-0.0194857	0.00615602	-0.000307636	0
5033.954039444	4292.558684424	-0.0450448	0.382261	0.422065	-0.0172906	0.00636223	-0.000105014	0
5046.24597707	4302.487750556	-0.034986	0.349821	0.155365	-0.0150274	0.0058527	-0.000334114	0
5060.995382031	4304.773649882	-0.0379055	0.32584	-0.000264328	-0.0126978	0.0053521	-0.000327319	0
5007.85073386	4283.107854592	-0.0218322	0.257907	-0.449494	-0.00578453	0.00695625	-0.00152796	0
5009.631442631	4281.512989172	-0.0605198	0.231792	-0.430176	-0.00697156	0.00693111	-0.00107148	0
4975.300933488	4279.639923583	-0.0630662	0.224219	-0.414339	-0.00760984	0.0067072	-0.00125297	0
5008.506300149	4283.062232316	-0.0483127	0.246376	-0.353752	-0.00893935	0.00661411	-0.000625794	0
4994.215038707	4278.365690239	-0.0435337	0.255238	-0.376506	-0.0104676	0.00700316	-0.000558024	0
5019.433009128	4288.304965551	-0.0495414	0.236753	-0.325203	-0.0107813	0.00703699	-0.000607752	0
4995.416027225	4281.849573092	-0.0450921	0.25929	-0.354901	-0.0109733	0.0070183	-0.000524937	0
5015.846356049	4280.24258427	-0.0478092	0.242121	-0.315025	-0.0109385	0.00697974	-0.000691333	0
5008.952174456	4275.367700571	-0.0444012	0.277031	-0.351886	-0.0110399	0.00700538	-0.000881574	0
5045.937991972	4295.592087187	-0.0535283	0.311081	-0.278116	-0.0115731	0.00715661	-0.000433467	0
5087.939546885	4294.049543817	-0.0485017	0.272942	-0.17659	-0.0122118	0.0068791	-0.000464441	0
5043.165707819	4290.996998841	-0.0474833	0.254427	-0.187689	-0.0126358	0.00729381	-0.000162793	0
5033.400809534	4292.417670118	-0.0417474	0.205181	-0.212777	-0.0122415	0.00695386	-0.000607676	0
5004.95673355	4290.275018355	-0.041946	0.239775	-0.24683	-0.0126953	0.00690124	-0.000539705	0
5024.331631322	4288.007304132	-0.0354403	0.227421	-0.2308	-0.0122815	0.00730846	-0.00046573	0
5005.628751737	4286.637040684	-0.0388914	0.243684	-0.246902	-0.0127056	0.0073598	-0.000162793	0
5034.471298255	4284.215231641	-0.0392471	0.256595	-0.214357	-0.0123733	0.00710403	-0.000541745	0
5004.286527861	4278.768314796	-0.0358891	0.294772	-0.269061	-0.0127706	0.0072755	-0.000162793	0
5042.103026778	4292.171692675	-0.045534	0.309254	-0.196458	-0.0121252	0.00709051	-0.000162793	0
5045.008738608	4292.479563275	-0.0559058	0.36006	-0.198056	-0.0129088	0.00663073	-0.000162793	0
5079.395435164	4299.220812789	-0.05799	0.307353	-0.0852004	-0.0136888	0.00671204	-0.00061417	0
5035.631714721	4292.60526381	-0.0491871	0.197113	-0.176191	-0.0127814	0.00697041	-0.00062836	0
5036.779583129	4287.511201766	-0.0396904	0.247	-0.205114	-0.012294	0.00707336	-0.000447543	0
5025.70271573	4278.957184635	-0.0392663	0.225544	-0.239536	-0.0115253	0.00757172	-0.000479428	0
5013.980878179	4280.439749069	-0.0397109	0.267852	-0.233615	-0.0121171	0.00731013	-0.000162793	0
5057.64114686	4277.233109274	-0.0481261	0.264597	-0.154175	-0.012809	0.00695049	-0.000296335	0
5029.040359581	4276.226866919	-0.0303516	0.31387	-0.188728	-0.0136022	0.0073233	-0.000162793	0
5053.166649006	4282.017386497	-0.0437516	0.285478	-0.189911	-0.0131578	0.00710544	-0.000731716	0
5024.114549929	4268.090469079	-0.0452013	0.284883	-0.259	-0.0133753	0.0072489	-0.000613266	0
5031.632788244	4269.270905577	-0.0475512	0.234054	-0.207018	-0.0129113	0.00710582	-0.000628171	0
5026.11610451	4274.651781787	-0.0422896	0.306022	-0.21816	-0.0137884	0.00747143	-0.000574484	0
5057.660108369	4283.797931388	-0.0476402	0.310965	-0.111219	-0.0146351	0.00680204	-0.000404011	0
5054.383252885	4273.22281555	-0.0484813	0.257453	-0.148219	-0.014183	0.0069967	-0.000889692	0
5033.503982451	4277.367423806	-0.0467725	0.286749	-0.177217	-0.0141462	0.0073454	-0.000584626	0
5050.368571624	4268.753427739	-0.0431954	0.218207	-0.18462	-0.0126776	0.00727375	-0.000724158	0
5019.582470434	4268.558815236	-0.0478336	0.233995	-0.201648	-0.0130158	0.00700786	-0.000598301	0
5053.532494591	4274.668690742	-0.0474929	0.262905	-0.143363	-0.0139696	0.00740942	-0.000643839	0
5042.105118121	4277.754734592	-0.0382345	0.301332	-0.153917	-0.0151605	0.00741711	-0.000576901	0
5049.314813647	4274.227781758	-0.0426357	0.247553	-0.153094	-0.0135269	0.0071523	-0.000672358	0
5022.652004125	4274.301798317	-0.0292727	0.294709	-0.240248	-0.0143948	0.0074347	-0.000572382	0
5039.897217707	4281.414725809	-0.0395271	0.278432	-0.158753	-0.0148017	0.00722573	-0.000784728	0
5024.579385745	4279.206671484	-0.0341139	0.274456	-0.174319	-0.0148411	0.00750626	-0.000638921	0
5040.998240034	4283.677973516	-0.0356988	0.301526	-0.128829	-0.0149292	0.00716269	-0.000580362	0
5044.707864076	4282.820083316	-0.0486375	0.273708	-0.135729	-0.0148531	0.00725061	-0.000717926	0
5039.039348848	4286.668306299	-0.0417466	0.288452	-0.178796	-0.0150901	0.00697209	-0.000786799	0
5044.977507888	4288.208297373	-0.0451144	0.224443	-0.189733	-0.0134894	0.00727627	-0.000939267	0
5026.426878066	4293.000550518	-0.0364936	0.236913	-0.229689	-0.0135355	0.00738675	-0.000655134	0
5047.370283015	4285.653768984	-0.0411346	0.276251	-0.181766	-0.0132582	0.00723739	-0.00108208	0
5047.468576131	4297.150263364	-0.0338554	0.313283	-0.185059	-0.0141284	0.00725621	-0.000583098	0
5060.468503042	4304.234158499	-0.0489066	0.274176	-0.122253	-0.0147599	0.00727679	-0.000937891	0
5049.879894499	4300.838010791	-0.0355285	0.237118	-0.186786	-0.0143906	0.00759918	-0.000711249	0
5056.054654133	4300.895756468	-0.0406189	0.235938	-0.197009	-0.0138001	0.00735456	-0.000594814	0
5037.818422861	4291.859993632	-0.0353907	0.217551	-0.195553	-0.0137988	0.00733038	-0.000949816	0
5026.279647525	4300.09401676	-0.0409931	0.251271	-0.192955	-0.0142882	0.0071733	-0.00063909	0
5039.408401159	4288.611879041	-0.037782	0.250893	-0.137682	-0.0140778	0.00730692	-0.000724421	0
5030.595900432	4301.000719605	-0.0352659	0.30265	-0.152276	-0.0151115	0.0076048	-0.00071755	0
5040.478750457	4299.054594568	-0.0398024	0.288282	-0.154803	-0.0142549	0.00747695	-0.000917494	0
5026.922247488	4289.497525451	-0.0317024	0.29355	-0.236339	-0.0144491	0.00736648	-0.000580532	0
5030.986981555	4286.912050484	-0.031005	0.242228	-0.211692	-0.0144716	0.00674179	-0.000459664	0
5014.909713274	4289.196673663	-0.0341576	0.305669	-0.236532	-0.0147761	0.00669663	-0.000502795	0
5021.902327405	4283.878009647	-0.0376837	0.338569	-0.181305	-0.0155691	0.00625926	-0.000162793	0
5022.881215307	4279.966936396	-0.0338648	0.295836	-0.207184	-0.0149996	0.00639546	-0.000473218	0
5016.942080307	4285.270924715	-0.0347422	0.305765	-0.251617	-0.0150587	0.00651886	-0.000486174	0
5030.889106707	4274.394638052	-0.0416995	0.236123	-0.223043	-0.0143637	0.00649283	-0.000610967	0
5018.421496277	4282.195090045	-0.0334035	0.253231	-0.281757	-0.0146392	0.0065366	-0.000776807	0
5026.636570047	4282.199237525	-0.0392419	0.23731	-0.219669	-0.0144208	0.00637006	-0.00042605	0
5025.505711228	4280.28054966	-0.0331031	0.275311	-0.204621	-0.0150063	0.00673707	-0.000512366	0
5023.305897339	4282.699168334	-0.0395392	0.287195	-0.185836	-0.0151106	0.00667472	-0.000543802	0
5031.552480676	4282.337061462	-0.0344771	0.227366	-0.178539	-0.0146645	0.00676375	-0.000748182	0
5049.694043826	4295.100451337	-0.0446396	0.300886	-0.145468	-0.0155805	0.00634973	-0.000688538	0
5079.957169868	4294.952737256	-0.0527705	0.281963	-0.0280145	-0.0163213	0.00598063	-0.000792926	0
5028.854369485	4274.711760722	-0.043788	0.250099	-0.0448685	-0.0164632	0.00642218	-0.000467879	0
5028.274370387	4280.109545887	-0.0474667	0.238423	-0.116847	-0.0163791	0.00626994	-0.000669537	0
5013.302446541	4274.965714088	-0.0430884	0.280703	-0.168126	-0.0163997	0.00649813	-0.000624023	0
5002.576506481	4279.081609023	-0.0350926	0.308405	-0.181594	-0.0162444	0.00669059	-0.000593659	0
4999.257684716	4272.157232333	-0.0358198	0.277402	-0.171046	-0.0150879	0.00652388	-0.000869035	0
5012.326068251	4285.947282924	-0.033442	0.348714	-0.141287	-0.0160482	0.00671527	-0.000706055	0
5032.243599794	4285.757455974	-0.0348043	0.328428	-0.0675101	-0.0172339	0.00656056	-0.000656002	0
5007.088787929	4281.514903393	-0.0360871	0.279814	-0.156138	-0.0173173	0.00680551	-0.000627057	0
5036.315862696	4280.107312628	-0.0347569	0.276071	-0.162413	-0.0165487	0.00660216	-0.000792305	0
5002.596583372	4284.956673377	-0.0284326	0.261029	-0.235442	-0.0167088	0.00708907	-0.000518568	0
5034.795456405	4289.724998755	-0.0418488	0.252039	-0.163838	-0.0156978	0.00665013	-0.000586106	0
5028.839730085	4287.244805962	-0.029936	0.28587	-0.145438	-0.0161386	0.00658364	-0.000475119	0
5033.99530861	4288.145447106	-0.0391574	0.285291	-0.085099	-0.0170911	0.00635912	-0.000367376	0
5021.152650686	4289.388095798	-0.0348112	0.280161	-0.161503	-0.0171826	0.00654099	-0.000628013	0
5026.702377637	4292.377152433	-0.0447318	0.275052	-0.139061	-0.0164336	0.00598932	-0.000587706	0
5026.996978141	4293.410193887	-0.0414059	0.302156	-0.176484	-0.0163953	0.00646739	-0.000598488	0
5030.589208135	4295.368761363	-0.041189	0.300028	-0.138553	-0.0163922	0.00634462	-0.000602021	0
5037.171500789	4292.83305615	-0.0290331	0.264628	-0.16143	-0.0162665	0.00665679	-0.000709686	0
5002.171343649	4275.238809667	-0.0350182	0.292879	-0.196365	-0.0160768	0.00661094	-0.000488863	0
5015.418327868	4276.051715666	-0.035975	0.20877	-0.18516	-0.0153425	0.00660673	-0.000569528	0
5001.031561766	4276.033211526	-0.0312936	0.304138	-0.287885	-0.0153335	0.00667815	-0.00067844	0
5025.138471414	4283.996372334	-0.0299076	0.341923	-0.261441	-0.0152533	0.00636081	-0.000437314	0
5021.556837558	4289.143075465	-0.0213687	0.3269	-0.294614	-0.0152538	0.00679639	-0.000447454	0
5029.947305286	4289.020246262	-0.0267843	0.353869	-0.256093	-0.0156674	0.00633905	-0.000541548	0
5037.591442444	4281.943688975	-0.0234506	0.305414	-0.251947	-0.0156837	0.00665198	-0.00069673	0
5030.811448174	4287.706133306	-0.021924	0.278097	-0.28557	-0.0157583	0.00660249	-0.000568972	0
5040.743514468	4285.403644062	-0.0283212	0.189807	-0.269187	-0.015399	0.00667463	-0.00054952	0
5020.968054819	4282.018343608	-0.0289875	0.182268	-0.314242	-0.015394	0.00700746	-0.000574699	0
5036.428795213	4286.630021872	-0.0225262	0.205341	-0.257998	-0.0151191	0.00674149	-0.000552115	0
5015.290895373	4277.691884324	-0.0252162	0.221642	-0.277294	-0.0153419	0.00689517	-0.000523406	0
5018.905293602	4289.901745193	-0.0315411	0.264715	-0.247639	-0.015705	0.0068086	-0.000536398	0
5029.858911193	4282.648441468	-0.0317916	0.300445	-0.214777	-0.015966	0.00693695	-0.000162793	0
5005.820597592	4271.517563366	-0.0312257	0.306087	-0.235494	-0.0165125	0.00697366	-0.000162793	0
5017.288824961	4270.113482007	-0.034079	0.296313	-0.212425	-0.0164034	0.00707249	-0.000162793	0
5003.465048369	4270.846309747	-0.0327369	0.290261	-0.238394	-0.0162943	0.00727545	-0.000170195	0
5017.056407052	4273.337030757	-0.0326261	0.288404	-0.204721	-0.0165641	0.00698578	-0.000344581	0
5027.954952614	4270.89416528	-0.0360811	0.286908	-0.214282	-0.0164267	0.0069733	-0.000419105	0
5017.711136804	4285.280176785	-0.0423583	0.276826	-0.196713	-0.0163827	0.00647926	-0.00021929	0
5024.807342121	4272.596227096	-0.041037	0.19458	-0.190111	-0.0161474	0.00654611	-0.000534983	0
5000.499524132	4265.365894027	-0.0346225	0.215137	-0.253775	-0.0160709	0.00682529	-0.00018303	0
5029.957483155	4270.562366913	-0.0433171	0.264747	-0.186398	-0.0159024	0.00636689	-0.000281935	0
5011.865136275	4262.751386703	-0.0422363	0.285985	-0.206585	-0.0162382	0.00689254	-0.000175707	0
5013.244028362	4266.129030271	-0.0423926	0.306047	-0.175394	-0.0164054	0.00664619	-0.000271013	0
5039.078805517	4259.816885376	-0.0384697	0.314264	-0.131406	-0.0170198	0.00700353	6.21085e-05	0
5018.425818386	4272.818914846	-0.0386668	0.288077	-0.176826	-0.016084	0.00693644	-0.000311327	0
5042.702545077	4270.782183331	-0.0460735	0.285726	-0.15672	-0.0162859	0.00661144	-0.000208046	0
5014.325113221	4261.556274508	-0.0462272	0.258273	-0.206067	-0.0167105	0.00655423	-0.000412161	0
5036.471040339	4268.285719657	-0.0490368	0.225556	-0.159572	-0.016163	0.00624488	-0.000555678	0
5019.503417672	4264.526507966	-0.0499312	0.237022	-0.18254	-0.0162027	0.00635938	-0.000526483	0
5038.797589608	4272.68810972	-0.0463549	0.299413	-0.140459	-0.0168371	0.006162	-0.000340735	0
5061.186112504	4274.228738869	-0.0445641	0.273972	-0.132781	-0.0168778	0.00633464	-0.000329324	0
5029.554411666	4274.096019522	-0.0522786	0.273862	-0.185686	-0.0168847	0.00606983	-0.000329036	0
5045.404978377	4269.020142581	-0.0528663	0.282212	-0.159357	-0.016638	0.00566415	-0.000324693	0
5027.99719774	4271.411324081	-0.0508619	0.272573	-0.224883	-0.0169858	0.00616839	-0.000327387	0
5041.39336442	4276.750087421	-0.0532298	0.254912	-0.167079	-0.0166949	0.00576246	-0.000645216	0
5042.017978834	4267.674444973	-0.0467315	0.274276	-0.214225	-0.0167216	0.00625038	-0.00036405	0
5025.280822155	4279.771047745	-0.0455781	0.292754	-0.1803	-0.0168178	0.00600118	-0.000339535	0
5058.546140645	4281.299872528	-0.0460817	0.269099	-0.18716	-0.0166463	0.00656162	-0.000620961	0
5025.069735944	4282.857091595	-0.0444728	0.278903	-0.230601	-0.0168969	0.00636925	-0.00073451	0
5081.323235052	4285.153519139	-0.0493773	0.294369	-0.118928	-0.016607	0.00633131	-0.000318689	0
5057.365926133	4281.694521163	-0.0421592	0.260864	-0.143668	-0.0171831	0.00656045	-0.000267756	0
5052.462424139	4286.596203961	-0.0518558	0.329272	-0.0999529	-0.0172833	0.00598669	9.32786e-05	0
5078.967825252	4287.2183259	-0.0585136	0.311508	-0.00522463	-0.0188965	0.00615732	-0.000854363	0
5042.304771657	4279.556335917	-0.0573407	0.256495	-0.0143553	-0.0191044	0.00658887	-0.00111304	0
5076.864352559	4284.6628404	-0.0557257	0.192247	-0.129978	-0.0179033	0.00616088	-0.00145822	0
5058.261578588	4284.081236147	-0.0607913	0.266985	-0.27042	-0.0177437	0.00601474	-0.00126265	0
5055.652000913	4283.451138287	-0.0667512	0.287085	-0.274055	-0.0169306	0.00586149	-0.00104891	0
5027.22507394	4271.600193921	-0.0702562	0.332103	-0.241218	-0.0172661	0.00572831	-0.000578662	0
5055.685462399	4274.532461989	-0.0746449	0.327031	-0.231978	-0.0174217	0.00563312	-0.00102324	0
5047.183316959	4269.3506648	-0.0701794	0.304247	-0.333518	-0.0170969	0.00577834	-0.000578662	0
5067.923582801	4279.512627863	-0.0761012	0.289872	-0.304659	-0.0167095	0.005704	-0.00105128	0
5043.296207616	4281.178957546	-0.0689296	0.25792	-0.362722	-0.0177476	0.00611497	-0.000946942	0
5052.207280305	4280.113055293	-0.072843	0.218357	-0.285714	-0.0167889	0.005783	-0.000812959	0
5042.131190196	4278.067709782	-0.0680179	0.199389	-0.327587	-0.0168283	0.00613478	-0.000578662	0
5049.540539257	4278.150340337	-0.0727797	0.216581	-0.29412	-0.0169512	0.00558754	-0.00088871	0
5077.059962832	4272.368753792	-0.0855008	0.226073	-0.286977	-0.0171745	0.00538855	-0.000821686	0
5053.822075872	4278.185753432	-0.0773245	0.262416	-0.285951	-0.0176994	0.00538873	-0.000578662	0
5063.866795837	4281.685269093	-0.0772765	0.197471	-0.302961	-0.0169547	0.0054054	-0.000647094	0
5047.447383857	4281.672188581	-0.0745505	0.266332	-0.343918	-0.0172595	0.00552657	-0.000578662	0
5068.44850987	4284.344760619	-0.0828064	0.273617	-0.319133	-0.016903	0.0053069	-0.000855098	0
5055.626625952	4285.400134656	-0.079838	0.271813	-0.362859	-0.0170022	0.0056076	-0.000578662	0
5064.576876465	4290.275656429	-0.083276	0.266896	-0.329073	-0.0168907	0.00547326	-0.000578662	0
5079.748732692	4318.146081183	-0.0766559	0.25937	-0.345621	-0.0160528	0.00506032	-0.000578662	0
5086.126213164	4319.005566568	-0.0946914	0.243975	-0.283594	-0.0162277	0.00486437	-0.00083593	0
5069.045379135	4300.338399019	-0.0949431	0.199043	-0.277402	-0.0156676	0.00468783	-0.000878128	0
5053.675821292	4302.778712201	-0.0915249	0.262451	-0.273192	-0.0171301	0.00507073	-0.000801769	0
5045.986092859	4294.507680793	-0.0894983	0.176484	-0.237338	-0.0167901	0.00472418	-0.000857347	0
5015.232895464	4300.222907664	-0.0873866	0.230166	-0.308975	-0.0168331	0.00523558	-0.000865171	0
5035.029547388	4290.725498446	-0.0930417	0.240874	-0.252434	-0.0171907	0.00481943	-0.000992848	0
5012.161549276	4290.996998841	-0.0921131	0.272631	-0.279782	-0.0170335	0.00484544	-0.000963564	0
5016.129523878	4285.308571068	-0.0784208	0.265154	-0.253244	-0.0171285	0.00485525	-0.000810761	0
5024.123194146	4286.710419169	-0.0803102	0.290089	-0.270329	-0.0166081	0.0047045	-0.000465936	0
