5238.224279819	3761.181080116	-0.00754885	0.327095	-0.115985	-0.00416612	-0.0010476	0.000399916
5065.362786787	3759.509603398	-0.0152128	0.244814	-0.10432	-0.00377578	-0.000886471	0.000336358
4977.367087343	3761.502303703	-0.0179935	0.298431	-0.0913263	-0.00377761	-0.000981583	0.000457325
4895.10659937	3756.706045637	-0.0157922	0.292712	-0.0907567	-0.00381707	-0.00104127	0.000664866
4869.991408998	3768.930181356	-0.0697559	0.290149	-0.0711617	-0.00417208	0.00115713	-0.000399608
4821.519157938	3770.218789268	-0.227642	0.177765	-0.306055	-0.00511972	0.00711283	-0.00158577
4768.651398338	3756.569757711	-0.243936	0.256859	-0.618642	-0.00458808	0.0093439	-0.00189741
4724.458897228	3768.751187404	-0.159754	0.294053	-0.529031	-0.00397134	0.00676488	-0.00167224
4708.007536949	3758.793998947	-0.137084	0.290589	-0.471379	-0.00396991	0.00511563	-0.00167224
4701.926524337	3755.559667359	-0.128905	0.370885	-0.477684	-0.00477624	0.00450738	-0.00167224
4716.112112957	3765.893968592	-0.159722	0.256713	-0.652895	-0.00406716	0.0050715	-0.00109041
4697.931378313	3755.749616335	-0.18673	0.207687	-0.76666	-0.00337754	0.00468269	-0.000973277
4695.747448715	3755.367675921	-0.151451	0.17788	-0.66174	-0.0032537	0.00508081	-0.00117621
4671.489756696	3744.678171959	-0.152166	0.221237	-0.615114	-0.00378734	0.00507077	-0.00118396
4673.746680565	3743.049586945	-0.141583	0.314676	-0.602756	-0.00399416	0.0040212	-0.0014007
4685.540047855	3742.832528926	-0.127385	0.359025	-0.608074	-0.00432791	0.00386651	-0.0011507
4690.77314722	3739.95989881	-0.124876	0.387784	-0.584297	-0.00464279	0.00361006	-0.0014007
4704.447038628	3737.783376916	-0.129376	0.363156	-0.607802	-0.00497912	0.00352914	-0.00145615
4695.46468808	3745.766432906	-0.132169	0.36686	-0.591228	-0.00503311	0.00365192	-0.0014007
4705.474119631	3742.167800349	-0.116753	0.311416	-0.587081	-0.00521846	0.00359486	-0.00148669
4696.4066091	3742.318942545	-0.128646	0.275978	-0.579408	-0.00522733	0.00381145	-0.0014007
4718.073373163	3745.419400026	-0.126697	0.315573	-0.525896	-0.00606778	0.00327555	-0.0014007
4721.216182046	3742.843855307	-0.128075	0.256399	-0.558461	-0.00621673	0.00315531	-0.0011272
4716.322985295	3740.59343342	-0.136657	0.174696	-0.546048	-0.00536622	0.00364785	-0.00101332
4729.773469996	3742.843112594	-0.13021	0.196835	-0.562731	-0.00510709	0.00314692	-0.00143005
4695.76440698	3741.521825288	-0.145452	0.27436	-0.545684	-0.00526346	0.00398282	-0.0014007
4704.990071764	3740.446561827	-0.131557	0.325268	-0.533737	-0.00529441	0.00323299	-0.00143933
4716.867124405	3744.200050147	-0.12916	0.332284	-0.539184	-0.00539333	0.00334347	-0.00140433
4712.320466112	3741.172378589	-0.142398	0.349639	-0.525928	-0.00519436	0.00323031	-0.00133023
4717.817155899	3747.877410334	-0.126581	0.417716	-0.560037	-0.00571299	0.00324727	-0.0015571
4718.293093291	3755.698926139	-0.116809	0.403345	-0.49694	-0.00570389	0.00326818	-0.00150035
4733.90612543	3760.185658356	-0.106875	0.251509	-0.496975	-0.00550733	0.00308314	-0.00133023
4721.751842023	3764.515306669	-0.109805	0.19823	-0.499653	-0.00519586	0.00343122	-0.00127465
4720.67314891	3762.514250838	-0.114324	0.228089	-0.497928	-0.00445213	0.00314354	-0.00148039
4746.470725116	3767.002468482	-0.114219	0.256999	-0.428879	-0.00503354	0.00317415	-0.00156471
4721.707603071	3758.828349446	-0.117641	0.278555	-0.408568	-0.00494022	0.003478	-0.00143944
4722.402891933	3757.884546273	-0.111475	0.391589	-0.391008	-0.00579233	0.00304055	-0.00155047
4748.684884665	3756.783102162	-0.0998121	0.445804	-0.457505	-0.0056024	0.00266981	-0.001401
4726.620338692	3757.405310391	-0.113575	0.459354	-0.473938	-0.0061421	0.0026924	-0.00112517
4743.947998878	3763.076484953	-0.0994482	0.424785	-0.511979	-0.00640829	0.00255858	-0.00122742
4744.859321289	3762.436080243	-0.10414	0.416348	-0.605288	-0.006378	0.00235716	-0.00122742
4735.168041536	3763.034707319	-0.0938347	0.430083	-0.645244	-0.00598964	0.00251934	-0.00122742
4740.484826252	3757.816587989	-0.0686409	0.344059	-0.626161	-0.00479822	0.00222232	-0.00112549
4740.237825436	3759.803160907	-0.0597048	0.170071	-0.607822	-0.00366876	0.00237811	-0.00097103
4725.998412758	3755.710438198	-0.0479761	0.225458	-0.531003	-0.00371097	0.00266447	-0.00112259
4726.370019955	3752.516584496	-0.0552501	0.318878	-0.5415	-0.0031467	0.00250825	-0.000997746
4704.922238704	3748.988138364	-0.0613263	0.416466	-0.526378	-0.00377214	0.00289243	-0.00112034
4716.006676788	3749.032329817	-0.0593185	0.507871	-0.494337	-0.00371179	0.00281102	-0.0012607
4718.301941082	3744.912498066	-0.0575917	0.500612	-0.533708	-0.00349082	0.0025933	-0.00119623
4702.747894213	3754.827908889	-0.0651498	0.483658	-0.501093	-0.00362883	0.00287572	-0.00134999
4713.486162498	3756.581641127	-0.0748033	0.398373	-0.506254	-0.0034026	0.00294577	-0.00137333
4707.003681396	3758.925459235	-0.0723226	0.321955	-0.506413	-0.0033302	0.00292169	-0.00144748
4711.715867101	3754.308752157	-0.0710747	0.280912	-0.479929	-0.00314577	0.0028861	-0.00132988
4717.523704184	3746.788963709	-0.0726412	0.212797	-0.508518	-0.00332912	0.003183	-0.000852608
4708.579694062	3746.77392376	-0.071422	0.223932	-0.487287	-0.00316157	0.00309533	-0.00106357
4715.212956258	3745.453379168	-0.0723563	0.228461	-0.510121	-0.00298493	0.00288011	-0.00125864
4695.960901659	3742.667460852	-0.0718106	0.287864	-0.48141	-0.00363156	0.00301192	-0.0011646
4698.055984694	3739.58315739	-0.0776256	0.314621	-0.501417	-0.00380185	0.00276707	-0.00126039
4691.100146807	3740.501893982	-0.0731591	0.383408	-0.483761	-0.00389399	0.00302552	-0.00147432
4685.461892373	3747.904333698	-0.0728445	0.376498	-0.48183	-0.00375395	0.00279099	-0.00131139
4694.851978595	3749.080791873	-0.0722904	0.387205	-0.470541	-0.00402475	0.0027877	-0.00160096
4683.731780691	3745.887495205	-0.0718761	0.394699	-0.464997	-0.00391357	0.00267177	-0.00121548
4692.617174203	3755.967974102	-0.0728129	0.32438	-0.495687	-0.00407831	0.00288269	-0.00142432
4682.957967689	3748.077942977	-0.0713884	0.331799	-0.457792	-0.00413353	0.00290782	-0.00140477
4693.817524434	3750.221599799	-0.0663333	0.295502	-0.479619	-0.00392592	0.00295659	-0.00147371
4690.452414818	3755.231573673	-0.0725185	0.282937	-0.460935	-0.00346343	0.00287526	-0.00125055
4707.398514043	3754.047688364	-0.0755878	0.276677	-0.485667	-0.00359906	0.00253093	-0.00118618
4676.76414575	3749.260528538	-0.0714164	0.30174	-0.465105	-0.00407979	0.00292245	-0.0015829
4691.954327238	3764.33946925	-0.0771734	0.307691	-0.541804	-0.00311152	0.00268634	-0.00137356
4687.482506506	3749.625757899	-0.0810614	0.346235	-0.525076	-0.00317863	0.00291333	-0.00114858
4700.653179835	3769.522866724	-0.0803755	0.37913	-0.41309	-0.00362577	0.00268545	-0.00112806
4789.573104718	3779.982315181	-0.0683421	0.246426	-0.0734297	-0.00239219	0.00140788	-0.00105388
4716.863806484	3770.659589727	-0.0772243	0.166763	-0.178144	-0.0021661	0.00247549	-0.00142567
4705.354305802	3773.114814859	-0.0877136	0.26588	-0.267757	-0.00246228	0.00256477	-0.00156721
4695.004234322	3766.29837609	-0.0804942	0.281657	-0.325474	-0.00314042	0.0029287	-0.00173394
4707.461185892	3765.011624962	-0.0781254	0.358822	-0.30166	-0.00357496	0.00250024	-0.00181719
4700.297056272	3757.3906418	-0.0656076	0.409157	-0.332541	-0.00341711	0.00238889	-0.00142567
4718.745436576	3761.631350172	-0.0658504	0.464835	-0.323381	-0.00415043	0.00217409	-0.00108649
4722.555516318	3762.667621175	-0.0614694	0.365456	-0.33322	-0.00347816	0.00249538	-0.000902673
4707.527912978	3759.058033594	-0.056205	0.272251	-0.357982	-0.00293706	0.00243625	-0.000902674
4721.507421813	3764.00951878	-0.0618852	0.302702	-0.315236	-0.00292377	0.00226949	-0.000902674
4719.779522079	3760.846116331	-0.0566015	0.335089	-0.351302	-0.00324971	0.00212819	-0.00113952
4721.528435315	3758.324046984	-0.0608509	0.338961	-0.345883	-0.0033951	0.00219493	-0.00135831
4730.667834143	3757.951947523	-0.0684397	0.346719	-0.331736	-0.00370443	0.00236399	-0.00152703
4736.981838568	3754.772205377	-0.0571743	0.30687	-0.37103	-0.00347086	0.00222815	-0.00151745
4733.482168806	3757.176183279	-0.0734855	0.345341	-0.342746	-0.00380219	0.00247145	-0.00172451
4742.77382336	3760.886779894	-0.074574	0.381878	-0.318109	-0.00437946	0.00238817	-0.00155218
4748.54663794	3757.125678761	-0.0763591	0.375923	-0.31741	-0.0048413	0.00215941	-0.00153414
4739.633226425	3755.490966361	-0.0615298	0.266539	-0.354744	-0.0040202	0.00272952	-0.00128998
4747.389052029	3758.134655043	-0.0680234	0.28464	-0.355056	-0.00376191	0.00239826	-0.00157094
4720.039057264	3758.154522629	-0.0668324	0.316443	-0.339389	-0.00350934	0.00227051	-0.00148944
4720.709646045	3760.652639465	-0.0707102	0.359477	-0.314816	-0.00359835	0.00223156	-0.00148944
4716.780121133	3746.705408441	-0.0683102	0.339986	-0.346859	-0.00405945	0.00251452	-0.00141887
4725.925787145	3753.44534772	-0.0704648	0.369085	-0.324442	-0.00347057	0.00245657	-0.00145606
4729.433567381	3755.435819884	-0.0684696	0.345482	-0.361819	-0.00350952	0.00219467	-0.00140514
4721.235352258	3758.464048477	-0.0699074	0.3358	-0.342485	-0.00362041	0.00264339	-0.0014542
4738.13389461	3755.363033961	-0.0729384	0.381481	-0.324957	-0.00389674	0.00223079	-0.00130015
4731.64404035	3753.882805968	-0.070433	0.364884	-0.339041	-0.00461403	0.00203922	-0.001465
4732.729737964	3755.280778442	-0.0705299	0.400241	-0.309761	-0.00504306	0.00202949	-0.00153679
4750.29112728	3756.879097881	-0.0705586	0.232186	-0.373806	-0.00422072	0.00218703	-0.00116844
4730.528481444	3760.646512079	-0.0695688	0.276055	-0.357915	-0.00391307	0.00224006	-0.00116088
4734.028519864	3760.889008035	-0.0733442	0.31601	-0.330817	-0.00400587	0.00206455	-0.00133774
4719.032621106	3758.56190098	-0.0669454	0.338315	-0.352678	-0.00399046	0.00218223	-0.00136433
4725.661828065	3758.233435937	-0.0694489	0.378675	-0.315544	-0.00396284	0.00217992	-0.00148175
4729.010716732	3761.801617241	-0.0697142	0.370905	-0.344767	-0.00392213	0.00238653	-0.00135033
4733.80253255	3765.470250544	-0.0672224	0.378027	-0.343388	-0.00387594	0.00229852	-0.00138864
4728.712472464	3765.213457354	-0.0700655	0.37305	-0.32915	-0.00399242	0.00215925	-0.00158684
4731.995740019	3768.722964291	-0.0609138	0.375743	-0.3511	-0.00426099	0.00204178	-0.0014309
4729.24112794	3767.3405888	-0.0680521	0.371944	-0.318908	-0.00443547	0.00216166	-0.00147224
4742.582121235	3761.624665751	-0.0757348	0.272275	-0.362137	-0.00400943	0.00223544	-0.0013179
4726.216658254	3773.638242194	-0.0757231	0.275565	-0.336533	-0.00381778	0.00232462	-0.00159673
4737.914174482	3770.366774932	-0.0750488	0.304412	-0.34187	-0.00371833	0.00252438	-0.00148538
4729.659554695	3761.908196627	-0.0757921	0.298163	-0.339314	-0.00421277	0.00241325	-0.00158029
4737.407638481	3760.69553117	-0.0705268	0.356831	-0.313035	-0.00429955	0.00216714	-0.00145092
4727.311940975	3754.367612201	-0.077568	0.347138	-0.34004	-0.00427731	0.00229302	-0.00164811
4728.348238425	3759.758783775	-0.0718449	0.376404	-0.313457	-0.00422712	0.00224167	-0.00148903
4733.820596789	3757.984812595	-0.0657908	0.423892	-0.331409	-0.00446946	0.00204261	-0.00167523
4743.370311896	3760.305235229	-0.0679676	0.41657	-0.294487	-0.00500278	0.00208823	-0.00175941
4759.666098527	3762.144750875	-0.070249	0.455068	-0.375203	-0.00542019	0.0019895	-0.0018491
4748.38958966	3766.912414471	-0.0669118	0.470455	-0.461023	-0.00624295	0.00230827	-0.0021163
4745.964557774	3757.228358902	-0.088525	0.443013	-0.532219	-0.00601307	0.00170476	-0.00183623
4721.103741376	3756.237579101	-0.0761049	0.331168	-0.652401	-0.00367021	0.00113112	-0.00183353
4709.002176053	3746.620553424	-0.0717981	0.272203	-0.612486	-0.00337302	0.00199293	-0.0019365
4729.125738007	3755.693355788	-0.0609251	0.235422	-0.520241	-0.00311318	0.00140612	-0.00146763
4728.049994157	3754.197902168	-0.0708056	0.247356	-0.51153	-0.00284481	0.0017728	-0.00187942
4735.535224837	3747.428811384	-0.0659198	0.349651	-0.453571	-0.00222983	0.00176329	-0.00216032
4711.790704662	3746.608112973	-0.0567701	0.416856	-0.456397	-0.00227309	0.00152702	-0.00191032
4716.993574076	3751.251929094	-0.0531148	0.480746	-0.432005	-0.00287069	0.00163402	-0.00207479
4720.084770848	3751.864110691	-0.0434872	0.508364	-0.46314	-0.00303256	0.00197603	-0.00221375
4744.52199928	3766.719494641	-0.0632345	0.566216	-0.452333	-0.0037305	0.001567	-0.00215409
4709.836448957	3765.117090278	-0.0567802	0.518805	-0.4376	-0.00485975	0.00199018	-0.00179293
4753.571445572	3774.041349943	-0.0590479	0.409463	-0.378171	-0.00540238	0.00183778	-0.00123206
4770.916801339	3783.428320115	-0.0573251	0.274285	-0.312443	-0.00506597	0.00137617	-0.000933842
4770.828323435	3779.115382855	-0.0539563	0.206313	-0.302394	-0.00460428	0.00167009	-0.000660656
4777.015509532	3775.758132184	-0.0556265	0.234431	-0.261532	-0.00439785	0.00176477	-0.00059424
4761.131882471	3767.967996024	-0.0546332	0.253041	-0.248506	-0.0039816	0.00207813	-0.000550245
4749.333353969	3769.831835537	-0.0536184	0.303457	-0.33787	-0.00348667	0.00232673	-0.000454694
4753.135691895	3783.847767561	-0.0664034	0.469335	-0.496109	-0.00280391	0.00260714	-0.000936924
4743.112988659	3778.669012046	-0.0529235	0.544218	-0.533629	-0.00231687	0.00286073	-0.00145775
4745.870918659	3778.921348955	-0.0439227	0.533094	-0.536804	-0.00208691	0.00281632	-0.0014424
4720.693793754	3783.765326363	-0.0418714	0.514716	-0.57521	-0.00150737	0.00255998	-0.00149096
4720.794068712	3787.055547141	-0.0444363	0.463817	-0.540663	-0.00173655	0.00248634	-0.00164973
4710.753669895	3783.444659812	-0.0305573	0.406603	-0.557115	-0.00173655	0.0026843	-0.00147328
4719.068012268	3781.454187648	-0.0151836	0.317708	-0.569165	-0.00247204	0.00229238	-0.00121452
4718.800735266	3784.612762459	-0.00746031	0.201063	-0.511834	-0.0021438	0.00259191	-0.00067302
4722.72989152	3779.512548896	-0.00374344	0.168573	-0.47046	-0.00140845	0.00252733	-0.00109125
4718.951147703	3775.702985707	-0.0149834	0.189222	-0.511152	-0.00101998	0.0021108	-0.00109431
4708.104125328	3776.11593441	-0.0193857	0.285056	-0.517504	-0.000999017	0.00260835	-0.00135117
4691.670091972	3770.657732943	-0.0167956	0.333193	-0.49507	-0.00108331	0.00256803	-0.00131717
4702.53259798	3764.621886056	-0.0261909	0.369961	-0.542869	-0.00132079	0.00232882	-0.00144009
4702.437115575	3761.793447392	-0.0277581	0.498986	-0.513864	-0.00265058	0.00232875	-0.001634
4724.416870223	3762.115970727	-0.0351229	0.5021	-0.50461	-0.00290178	0.00203757	-0.00147285
4712.125814723	3764.670348111	-0.0382448	0.366282	-0.538669	-0.00222909	0.00211234	-0.00166838
4710.63864862	3759.453714208	-0.0344015	0.27543	-0.560131	-0.00132795	0.00237572	-0.00165563
4709.695621626	3764.705441324	-0.0388476	0.279584	-0.507776	-0.00127197	0.00244922	-0.00149226
4707.100638433	3766.955306175	-0.0276484	0.276777	-0.51075	-0.00147426	0.00251428	-0.00152413
4689.803208197	3759.283818496	-0.0348592	0.31096	-0.483771	-0.0014167	0.0024307	-0.00142656
4679.957829427	3760.72969599	-0.0243553	0.338996	-0.468548	-0.000905443	0.00266701	-0.00155922
4686.688785975	3760.667493735	-0.031347	0.345401	-0.511863	-0.000778562	0.00239069	-0.00189996
4695.102297332	3758.8313203	-0.0407518	0.437828	-0.456773	-0.00152859	0.00274181	-0.00186769
4699.828492038	3758.927316019	-0.0455405	0.441353	-0.448243	-0.00196865	0.00253315	-0.00166011
4698.637726913	3758.679249712	-0.0518497	0.337123	-0.498173	-0.00210333	0.0024771	-0.00155001
4694.934557972	3759.43514637	-0.0483601	0.292473	-0.499019	-0.00148365	0.00270173	-0.00143254
4723.707203702	3759.030738873	-0.0514276	0.23807	-0.515872	-0.000840062	0.00240863	-0.00146523
4693.867293255	3758.668294688	-0.0387411	0.276413	-0.472186	-0.00078171	0.00300463	-0.00165705
4699.199930262	3758.057227161	-0.0329678	0.297991	-0.461473	-0.000762759	0.00276098	-0.00153565
4692.464549818	3753.86200999	-0.0409226	0.354356	-0.492736	-0.00133068	0.00248817	-0.00186191
4713.540723872	3750.752268591	-0.0405033	0.453743	-0.438712	-0.00206114	0.00269671	-0.00188204
4723.285459026	3753.810205724	-0.0475578	0.440106	-0.465003	-0.00236967	0.00220187	-0.0019189
4719.272617421	3750.186877944	-0.0531826	0.40947	-0.440254	-0.00299687	0.00254795	-0.00178597
4715.847416561	3759.21493182	-0.0493711	0.357081	-0.46549	-0.00299687	0.00259152	-0.00162924
4720.492506522	3748.731530852	-0.0451897	0.270985	-0.508374	-0.00219582	0.0024937	-0.00137334
4716.523903869	3755.838556276	-0.0586014	0.273999	-0.470485	-0.00161019	0.00280346	-0.00148869
4706.57308893	3760.113986504	-0.0446195	0.288628	-0.478306	-0.000951125	0.00264806	-0.00138343
4710.856525459	3759.246497143	-0.060408	0.304338	-0.465967	-0.00075059	0.00288568	-0.00171212
4702.775912216	3751.706469752	-0.0519962	0.371596	-0.450663	-0.000771294	0.00287119	-0.00166694
4709.945203047	3757.400111397	-0.0524487	0.428514	-0.488109	-0.00123085	0.00267748	-0.00168206
4705.885910542	3758.99917355	-0.0572866	0.483264	-0.422628	-0.00204995	0.0025417	-0.00167083
4728.935510513	3762.788497796	-0.0576072	0.440249	-0.43971	-0.00290864	0.00251816	-0.00173452
4721.753685312	3766.259012275	-0.0580703	0.364267	-0.45817	-0.00265864	0.00248375	-0.00167489
4712.375027486	3766.689600423	-0.0616684	0.292788	-0.464023	-0.00183966	0.00253385	-0.00179594
4734.419297273	3764.327214477	-0.0754953	0.236011	-0.51018	-0.00128881	0.00256218	-0.00123036
4712.091898193	3767.631175455	-0.0655987	0.284127	-0.458675	-0.0010088	0.00268615	-0.00146116
4708.625776303	3766.561853702	-0.0659851	0.309765	-0.474566	-0.0010088	0.00268166	-0.00154987
4705.816602851	3762.897305323	-0.0631506	0.358897	-0.478022	-0.000770268	0.00296265	-0.00155443
4700.197149972	3760.521736212	-0.0573111	0.412404	-0.464893	-0.000682972	0.0026961	-0.0017379
4708.146889648	3763.333092465	-0.0631861	0.40955	-0.507778	-0.00114522	0.00241884	-0.00174379
4700.202311183	3766.452860497	-0.063182	0.46748	-0.462985	-0.0015896	0.00256376	-0.00170493
4711.365273407	3761.250152471	-0.0717973	0.441257	-0.487157	-0.00160985	0.00261868	-0.00136554
4710.239760736	3768.077174908	-0.0710882	0.395235	-0.479292	-0.00178064	0.00255209	-0.00193314
4718.543412028	3768.236301274	-0.0843709	0.310487	-0.516696	-0.00148513	0.00248311	-0.00165567
4702.958029235	3761.920822756	-0.076222	0.252259	-0.506736	-0.00132609	0.00271886	-0.00158358
4704.35929804	3761.725489108	-0.0699691	0.277364	-0.476666	-0.000950944	0.00262518	-0.00167627
4691.057751144	3761.541853196	-0.0595395	0.298662	-0.513307	-0.00142943	0.00326276	-0.00182515
4701.6157457	3758.644342178	-0.0557078	0.356071	-0.468068	-0.00108898	0.00281002	-0.00203656
4684.530293775	3754.85631768	-0.0520526	0.371921	-0.493914	-0.000595261	0.00276987	-0.00186572
4693.88240823	3753.672618049	-0.0523772	0.382967	-0.455997	-0.000799727	0.0027028	-0.00186394
4685.243278218	3754.248592364	-0.0588611	0.382582	-0.476476	-0.000807806	0.00263972	-0.00189366
4685.587973386	3754.456366464	-0.0606935	0.376809	-0.457565	-0.000955017	0.0027694	-0.00208711
4699.552367246	3753.456302744	-0.0626187	0.430046	-0.436357	-0.00125212	0.00252931	-0.00179677
4701.725974422	3752.260162662	-0.0712838	0.373481	-0.448322	-0.00214679	0.00237998	-0.00181708
4717.953559335	3758.623917557	-0.0647638	0.400585	-0.421573	-0.00305213	0.00252103	-0.00184273
4718.757970946	3749.690559651	-0.0737216	0.280228	-0.492295	-0.00248988	0.00234825	-0.00170112
4714.603196036	3757.453586769	-0.0741328	0.286795	-0.485717	-0.00233488	0.00250937	-0.00170112
4715.829352322	3754.233738094	-0.0733513	0.274779	-0.445034	-0.00217876	0.00249091	-0.00170112
4707.335842194	3754.749738294	-0.0736222	0.298968	-0.46948	-0.00181976	0.00234633	-0.00162007
4689.177227026	3752.496159875	-0.0732788	0.359037	-0.453436	-0.00182844	0.00252937	-0.00182063
4689.181282263	3761.394238889	-0.0727926	0.410813	-0.456831	-0.00157844	0.00267929	-0.00187179
4695.886064098	3757.580590776	-0.0707737	0.449869	-0.474648	-0.00203163	0.0029915	-0.00197173
4707.783024268	3763.055874654	-0.0675162	0.498841	-0.423984	-0.00241699	0.00281078	-0.00191088
4718.851610061	3768.338610058	-0.0777788	0.445028	-0.470703	-0.00254688	0.00265783	-0.00175977
4700.613364779	3769.698147109	-0.0699367	0.382448	-0.477904	-0.00232055	0.00277257	-0.00194154
4724.147012616	3774.656131038	-0.0779724	0.286836	-0.487394	-0.00186747	0.00278495	-0.00153716
4710.66887857	3773.653839177	-0.0729533	0.256909	-0.479203	-0.00136855	0.00290948	-0.00148838
4720.202004071	3770.99362512	-0.0680679	0.29392	-0.458524	-0.000803296	0.00303876	-0.00169354
4701.525424506	3766.357236134	-0.0686409	0.311156	-0.468733	-0.00136855	0.00333282	-0.00156006
4716.015155921	3767.264460667	-0.0652662	0.349148	-0.455097	-0.000845971	0.00277398	-0.00178375
4724.163602223	3766.802864231	-0.0714642	0.36359	-0.508052	-0.00111155	0.00308475	-0.00171748
4708.202925654	3766.983529288	-0.0638704	0.392613	-0.468658	-0.000817638	0.00302727	-0.00175016
4711.060024638	3764.526818728	-0.0714446	0.388602	-0.494843	-0.000719427	0.00313192	-0.00194602
4708.850288985	3770.614284203	-0.0570245	0.382345	-0.467843	-0.000814026	0.00317969	-0.00180054
4710.176720229	3766.702969266	-0.0653757	0.390698	-0.467559	-0.000631126	0.00299884	-0.00181235
4701.556023114	3760.400302556	-0.0641443	0.345025	-0.477802	-0.000977832	0.00294678	-0.00168444
4704.515240346	3759.572734045	-0.0742648	0.392873	-0.447148	-0.00144176	0.00302777	-0.00190276
4715.114155932	3757.931337224	-0.0707455	0.370069	-0.478969	-0.00186808	0.0028561	-0.00184631
4699.341863566	3758.97057908	-0.0788143	0.340775	-0.459654	-0.00234584	0.00289365	-0.00160275
4717.139931276	3758.901321047	-0.0731595	0.302948	-0.479118	-0.00182081	0.00310238	-0.0015027
4712.27807045	3756.48880194	-0.0699099	0.25686	-0.495708	-0.00167805	0.0032184	-0.00145537
4694.102497016	3756.175376845	-0.0711319	0.330799	-0.466706	-0.00156795	0.00303781	-0.00159963
4693.885357494	3756.024048971	-0.0775536	0.35574	-0.486575	-0.00104899	0.00329692	-0.00150238
4714.007444815	3754.547163188	-0.0736582	0.398716	-0.473416	-0.00111664	0.00303522	-0.00197487
4702.997844292	3753.511634899	-0.0765493	0.470323	-0.462569	-0.00179144	0.00309172	-0.00166835
4724.649862037	3760.765903273	-0.0781075	0.433675	-0.485326	-0.00205112	0.00313189	-0.00170985
4718.087382165	3767.053344357	-0.0770789	0.431663	-0.481235	-0.0020413	0.00341828	-0.00178602
4725.47528715	3762.444807126	-0.0823112	0.321214	-0.529807	-0.00110524	0.00318289	-0.00152667
4719.061007767	3764.739791823	-0.0781775	0.289092	-0.505979	-0.00103218	0.00346074	-0.00153482
4723.309053134	3765.465237228	-0.075293	0.314593	-0.479524	-0.000736519	0.00319928	-0.00159841
4710.694684626	3768.113753548	-0.072818	0.306584	-0.50166	-0.000752591	0.00358945	-0.00157999
4711.55918748	3765.154597309	-0.0753	0.347975	-0.483048	-0.000480581	0.00331298	-0.00158432
4719.425241805	3761.730502424	-0.0746342	0.361224	-0.4999	-0.000639308	0.00322422	-0.00160641
4718.915387883	3764.525890337	-0.0736844	0.384432	-0.492763	-0.000877103	0.00341845	-0.00176319
4715.9189362	3758.751664278	-0.0662233	0.423834	-0.476048	-0.00115266	0.00359802	-0.00186661
4726.671213486	3761.941061699	-0.0628552	0.415284	-0.502946	-0.00146938	0.00330231	-0.00181909
4719.747080181	3762.430138535	-0.0754982	0.430006	-0.475369	-0.00165944	0.00311485	-0.00168313
4736.149777612	3759.158114237	-0.0801695	0.324227	-0.522563	-0.0012577	0.00375299	-0.00183474
4713.358606853	3762.186342831	-0.0795969	0.28111	-0.529461	-0.0011022	0.00388697	-0.00169842
4720.008089998	3759.145116751	-0.0684366	0.30843	-0.51231	-0.00064748	0.00394008	-0.00181347
4706.048857349	3760.363723916	-0.0697813	0.332322	-0.534332	-0.000754039	0.00344663	-0.00200054
4718.018443131	3764.26408383	-0.069874	0.383226	-0.465944	-0.00147768	0.00374592	-0.0019902
4724.270144366	3755.81980276	-0.0642863	0.444408	-0.424728	-0.00234783	0.00324694	-0.00208578
4732.414904089	3763.274789456	-0.0751118	0.37198	-0.512159	-0.00186669	0.00361282	-0.00197146
4716.993574076	3763.461767578	-0.0811021	0.376697	-0.519582	-0.00175845	0.00383604	-0.00205341
4728.156904958	3767.273558908	-0.0759471	0.388325	-0.584294	-0.000959523	0.00409214	-0.00195767
4716.410725883	3764.269468503	-0.0695775	0.372005	-0.548726	-0.000689201	0.0042968	-0.00204881
4721.854328928	3764.866238795	-0.0703068	0.404947	-0.517894	-0.000529248	0.00443917	-0.00187477
4709.90538799	3768.569593954	-0.0752715	0.419045	-0.522697	0.000186082	0.00439671	-0.0018112
4718.680184122	3764.939396074	-0.0707022	0.389097	-0.499777	-0.000790395	0.00454425	-0.00179524
4728.528143497	3761.439730091	-0.0748886	0.35695	-0.505619	-0.00141503	0.00443829	-0.00164233
4733.409174535	3769.858016188	-0.0849091	0.334739	-0.548112	-0.000316188	0.00456863	-0.00155048
4723.687296173	3767.753166146	-0.0744773	0.35254	-0.525396	0.000107981	0.00411239	-0.00166263
4723.973006072	3772.590459132	-0.0649556	0.366074	-0.544387	0.00160923	0.00475582	-0.0017939
4718.445717676	3768.511662302	-0.0804822	0.387494	-0.534664	0.000737532	0.00488776	-0.00160218
4726.418682802	3772.962744271	-0.0782657	0.474489	-0.456414	-0.000542345	0.00422415	-0.00178939
4761.554364462	3775.263299319	-0.0948922	0.417087	-0.45195	-0.000574084	0.00385834	-0.00170841
4746.979841722	3779.192068024	-0.0935287	0.393449	-0.404218	-0.00129198	0.00402242	-0.00167598
4742.098810684	3772.545339288	-0.0888242	0.330883	-0.426583	-0.00140445	0.0043692	-0.00155162
4743.545055757	3770.338180462	-0.0883324	0.27723	-0.467793	-0.000589862	0.00403499	-0.00127185
4739.946954327	3774.616952901	-0.0965404	0.276116	-0.462607	0.000389378	0.00458926	-0.00152755
4732.347439687	3769.676979774	-0.0831665	0.318646	-0.481488	0.00133823	0.00478276	-0.00168295
4719.869474615	3768.430149496	-0.0850816	0.36691	-0.532728	0.0018103	0.00526275	-0.00155573
4715.102727536	3766.420181103	-0.0843902	0.418047	-0.503023	0.00194888	0.0053916	-0.00207271
4728.767402496	3765.756937953	-0.0794557	0.437989	-0.56525	0.0021238	0.00596201	-0.00208167
4712.465717338	3769.789129512	-0.088718	0.417637	-0.508005	0.00207109	0.00607548	-0.00172916
4721.757003234	3767.863273422	-0.0893747	0.395727	-0.524233	0.00248393	0.0060748	-0.00201377
4717.726466048	3769.173420025	-0.0813573	0.342318	-0.54334	0.0024918	0.00642644	-0.00178269
4710.616529144	3766.030256519	-0.0884838	0.329349	-0.528148	0.00264093	0.00624747	-0.00172341
4713.721734917	3766.726550419	-0.0959348	0.313843	-0.544515	0.00208689	0.00628619	-0.00236105
4727.765758891	3767.975051803	-0.10584	0.355126	-0.480884	-0.000627765	0.00497904	-0.00327432
4730.223232675	3764.631912688	-0.113409	0.380139	-0.46748	-0.000967919	0.00454188	-0.00305809
4732.349651635	3764.439364215	-0.11614	0.379811	-0.408169	-0.000800246	0.00427692	-0.00295578
4739.727971514	3763.513757523	-0.1204	0.395256	-0.408403	-0.00211223	0.00437779	-0.00267354
4738.123572188	3757.713350813	-0.121316	0.347882	-0.467193	-0.00109739	0.003994	-0.00267354
4721.716082203	3758.470175863	-0.113941	0.346653	-0.486868	-0.000627893	0.00455114	-0.00245544
4707.929381467	3766.888090604	-0.12023	0.340383	-0.487697	2.21608e-06	0.00444581	-0.00203804
4706.108579934	3762.556214151	-0.11374	0.373948	-0.506129	0.000617201	0.00515428	-0.00226456
4707.262479266	3771.001052255	-0.119478	0.432309	-0.495323	0.00132453	0.00542509	-0.00222627
4702.530017374	3769.500770998	-0.107591	0.427591	-0.52711	0.0019966	0.00518798	-0.00245827
4712.231988208	3771.021291198	-0.118759	0.410552	-0.517899	0.00158276	0.00613107	-0.00220811
4711.009518501	3775.906674883	-0.120699	0.406171	-0.494154	0.00111639	0.00544012	-0.00235617
4708.341541037	3769.933587286	-0.121932	0.341805	-0.528717	0.00152759	0.0057054	-0.00201529
4711.694853599	3772.46178402	-0.124604	0.367918	-0.482566	0.00111639	0.00537602	-0.0023352
4716.99468005	3771.689361986	-0.122403	0.364949	-0.506183	0.000519571	0.00496663	-0.00209576
4719.879428379	3764.768386292	-0.126571	0.338561	-0.493444	0.000950664	0.00503785	-0.00236053
4731.781549759	3768.341580912	-0.127193	0.282652	-0.561686	0.00119887	0.00555553	-0.00196016
4698.274598849	3763.507073101	-0.134686	0.298758	-0.545378	0.00197713	0.005973	-0.00185372
4708.462092181	3764.501009435	-0.12976	0.330763	-0.531292	0.00151375	0.00606829	-0.00200136
4695.608833332	3761.156941928	-0.128447	0.366511	-0.544439	0.00178827	0.00606254	-0.00240681
4698.139670045	3759.647005395	-0.12996	0.434416	-0.512936	0.00182808	0.00566944	-0.00245632
4697.197749025	3753.514420075	-0.129883	0.442613	-0.538345	0.0015636	0.00594288	-0.00249183
4706.993358974	3758.588267309	-0.136714	0.471431	-0.47891	0.00098374	0.00522527	-0.0026315
4717.898629303	3758.609434644	-0.146517	0.370484	-0.56427	0.00176147	0.00569429	-0.00234631
4684.794621514	3759.448329535	-0.132228	0.347984	-0.533739	0.00187521	0.00580997	-0.00221271
4703.341802144	3752.493189021	-0.140497	0.327987	-0.546925	0.00176727	0.00596922	-0.00199473
4685.619677968	3757.843511353	-0.140075	0.333707	-0.520043	0.00173105	0.00617525	-0.00220283
4704.935879048	3754.00813887	-0.131404	0.337779	-0.509282	0.00173747	0.0057779	-0.00249053
4677.679154741	3751.34365421	-0.131027	0.348633	-0.527592	0.00198057	0.0058856	-0.0024351
4685.409542946	3750.983623844	-0.134978	0.399745	-0.504791	0.00180585	0.00576969	-0.00258594
4689.323584226	3748.008499266	-0.12661	0.390816	-0.542877	0.00221659	0.00605111	-0.00229456
4689.690030211	3750.652559304	-0.12471	0.403833	-0.517441	0.00202136	0.00581756	-0.00251
4698.370081254	3749.738464672	-0.121852	0.401443	-0.546519	0.00268804	0.00565658	-0.0024968
4679.439496373	3749.893320435	-0.128586	0.389116	-0.527558	0.00228507	0.00592969	-0.00244551
4682.825988149	3753.952992393	-0.132222	0.416632	-0.514486	0.00231264	0.0058959	-0.00260723
4693.369236387	3750.988822839	-0.124567	0.346694	-0.56136	0.00216743	0.00581326	-0.00263597
4690.795266696	3749.337028028	-0.129588	0.367808	-0.532926	0.0022268	0.00564326	-0.00267755
4713.991961182	3754.891225214	-0.124477	0.369798	-0.50575	0.0010167	0.00483312	-0.00261639
4703.644838965	3751.10060122	-0.111325	0.396578	-0.521338	0.000783137	0.00544964	-0.00216008
4707.609386381	3757.2764496	-0.110138	0.299556	-0.491891	0.000777623	0.00527114	-0.00240177
4690.840242964	3761.080999473	-0.113511	0.387099	-0.607585	0.00197366	0.00575818	-0.00232492
4690.222003609	3772.150215709	-0.121778	0.368763	-0.857257	0.00532702	0.005869	-0.00184602
4693.462506844	3762.707727703	-0.123188	0.401858	-1.06126	0.00825453	0.00563766	-0.00210788
4673.040331964	3758.607020825	-0.159086	0.467791	-1.18376	0.00979393	0.00564541	-0.00230923
4672.190575428	3779.07267683	-0.125603	0.451389	-0.910692	0.00850053	0.0050262	-0.00230158
4676.912346239	3769.964038539	-0.144437	0.414691	-0.907083	0.00877237	0.0050688	-0.00227944
4693.225091135	3772.089498881	-0.157946	0.435409	-0.878811	0.00941222	0.00484039	-0.00294894
4723.479741757	3785.520544027	-0.135474	0.375046	-0.776265	0.0107326	0.00378053	-0.00339555
4746.777079859	3790.305847069	-0.080447	0.338546	-0.618074	0.0115148	0.00252019	-0.00341849
4760.060931174	3786.870240124	-0.0975613	0.338852	-0.446573	0.0103717	0.00186098	-0.00314138
4762.665499474	3783.984612522	-0.13141	0.253704	-0.27172	0.0101613	0.00170675	-0.00373211
4737.55768226	3776.22325651	-0.15417	0.204282	-0.119124	0.0120504	0.00158367	-0.00490477
4709.610830302	3763.054760583	-0.15891	0.171356	-0.137218	0.0136913	0.00190554	-0.00539357
4719.06764361	3767.287299107	-0.129716	0.26288	-0.24368	0.0122216	0.00233854	-0.00472981
4702.769276373	3771.55994416	-0.12016	0.343095	-0.368964	0.014264	0.00223579	-0.00459828
4705.982498921	3762.374249345	-0.0841139	0.514153	-0.459825	0.0133132	0.00263966	-0.00405726
4709.896171542	3762.412313411	-0.0528703	0.712	-1.04236	0.00985071	0.00377234	-0.00281487
4651.29172584	3749.670320708	-0.0185266	0.651708	-1.12299	0.00877974	0.00330224	-0.00190301
4637.02060858	3747.781043258	-0.0294967	0.539642	-1.15016	0.00834938	0.00347043	-0.00249139
4641.066998057	3746.310841897	-0.0234021	0.485836	-1.17621	0.00854565	0.00421441	-0.0024037
4637.73764826	3743.290597474	-0.0234446	0.412193	-1.14711	0.00812468	0.00417614	-0.00227583
4640.843222691	3745.791685165	-0.0365808	0.371283	-1.16408	0.00846394	0.00440984	-0.00194337
4648.962545017	3742.660962109	-0.0450544	0.364565	-1.13957	0.00850038	0.00452206	-0.00205414
4666.730014118	3738.706012754	-0.0504096	0.373516	-1.16912	0.00865373	0.00465624	-0.00219666
4668.167780058	3737.026551865	-0.0539576	0.373048	-1.17603	0.00915961	0.0049647	-0.00220291
4673.446224349	3736.168160745	-0.0473823	0.452253	-1.168	0.00908796	0.00466467	-0.00242725
4681.994664509	3737.867674897	-0.0539813	0.477758	-1.18195	0.00925597	0.0046537	-0.00247111
4671.694730507	3741.453495646	-0.0453237	0.533594	-1.14789	0.00901755	0.00473107	-0.00231841
4676.051529965	3744.300316469	-0.0503277	0.519503	-1.17121	0.00888365	0.00431015	-0.00239917
4678.967982876	3751.735435578	-0.0460858	0.523499	-1.16163	0.00918992	0.00456917	-0.00263575
4673.437376559	3752.422816917	-0.0397773	0.539277	-1.18463	0.00917703	0.00470777	-0.00242914
4677.777586409	3760.700915843	-0.0438926	0.474948	-1.18752	0.00971224	0.00413095	-0.00223089
4672.130115527	3755.288205577	-0.0447577	0.457651	-1.14939	0.00917646	0.0043085	-0.00223089
4668.037643808	3755.638209311	-0.0441552	0.415315	-1.15744	0.00907847	0.00466224	-0.00223089
4666.67250348	3759.710693077	-0.0405848	0.419439	-1.13657	0.00877328	0.00463895	-0.00200513
4668.179577112	3755.219690257	-0.0347968	0.443382	-1.12856	0.00864994	0.00477586	-0.0020594
4653.870488085	3754.197159454	-0.0492518	0.431697	-1.14441	0.00882668	0.00456116	-0.00225639
4645.384719773	3749.282809943	-0.0476993	0.479639	-1.15032	0.00847027	0.00460006	-0.00208839
4654.883928744	3752.126474233	-0.0463391	0.484447	-1.1431	0.0087087	0.00447579	-0.00215785
4648.600891584	3745.646484677	-0.0498791	0.495073	-1.12014	0.00843726	0.00437743	-0.00224863
4647.271511076	3747.326131243	-0.0398573	0.501852	-1.1302	0.00852294	0.0044801	-0.00220663
4654.751949203	3744.312014206	-0.0388754	0.473358	-1.14244	0.00803494	0.00491585	-0.00216735
4647.232801993	3741.176649191	-0.0469114	0.467228	-1.12477	0.00797272	0.00464559	-0.00217652
4654.119700848	3747.692288996	-0.0430399	0.447486	-1.13291	0.00809779	0.00455146	-0.00219772
4660.096014606	3741.707503661	-0.0405087	0.439837	-1.12884	0.00802994	0.00482309	-0.00193754
4667.481707644	3739.202331046	-0.0510426	0.418574	-1.13264	0.00828303	0.00473548	-0.0018757
4662.212479802	3739.356444096	-0.0472767	0.429297	-1.13123	0.00797172	0.00468532	-0.0018757
4667.468804617	3733.631979841	-0.0474479	0.441563	-1.12169	0.00796788	0.00473682	-0.00231358
4651.792363314	3731.682913955	-0.0476565	0.423809	-1.16691	0.0079837	0.004743	-0.00225958
4672.058595888	3731.574292106	-0.0589244	0.458445	-1.11466	0.00823133	0.00424773	-0.00262949
4698.585377487	3745.100775937	-0.0894057	0.437546	-1.08037	0.00890058	0.00265648	-0.00257339
4698.862976911	3750.363829433	-0.168319	0.43109	-0.973513	0.00824756	0.00206534	-0.00333441
4699.646375019	3747.757833462	-0.194617	0.41174	-0.931519	0.00765045	0.000852	-0.00308084
4681.452737347	3745.981634141	-0.176142	0.317885	-0.989057	0.00877726	0.000944681	-0.00199448
4690.629370626	3742.916269873	-0.168378	0.374635	-1.08639	0.00927614	0.00160117	-0.00131095
4695.834451988	3745.883595959	-0.133046	0.463111	-1.04385	0.00987935	0.00473814	-0.00256203
4679.88778442	3748.712034623	-0.132362	0.451776	-1.01435	0.0101199	0.00569903	-0.00303207
4681.860841679	3748.404922593	-0.123486	0.520634	-0.923358	0.00840933	0.00490053	-0.00311118
4700.97170029	3739.727800843	-0.115081	0.45721	-0.974491	0.00815316	0.00513939	-0.00311118
4700.590507987	3748.083884685	-0.105345	0.436161	-1.02371	0.00821214	0.00553349	-0.00269876
4685.995340403	3744.688384269	-0.106765	0.426428	-1.05251	0.00873215	0.0053967	-0.00266845
4694.167380813	3738.877022536	-0.107376	0.43083	-1.07294	0.00895372	0.00620012	-0.00291093
4694.28387672	3743.120701762	-0.105119	0.443763	-1.0537	0.00920125	0.00605385	-0.00269694
4696.678678655	3741.532780312	-0.0956532	0.443917	-1.0632	0.00904195	0.00568947	-0.00273524
4694.853084569	3743.378980379	-0.104869	0.470383	-1.07715	0.00946401	0.00613293	-0.00281589
4701.566345536	3746.104181867	-0.117976	0.485952	-1.07147	0.0100201	0.00585752	-0.00286355
4696.941163104	3743.221710797	-0.129773	0.483278	-1.02561	0.00933277	0.00576632	-0.00264139
4714.797847425	3750.097380968	-0.133695	0.518981	-0.979774	0.00786506	0.00578715	-0.00299794
4719.976754073	3747.144537794	-0.129068	0.450632	-1.05995	0.00837021	0.00589798	-0.00266772
4702.103848803	3747.723111606	-0.12374	0.372583	-1.08081	0.00927247	0.00633047	-0.00227363
4703.722257131	3742.606929702	-0.132375	0.415678	-1.08212	0.00953075	0.00573389	-0.00272157
4695.105983911	3741.659227284	-0.118709	0.414557	-1.09591	0.00982754	0.00655072	-0.002569
4706.501200633	3744.610585031	-0.127787	0.419393	-1.08842	0.00927673	0.00638495	-0.00278317
4697.203278894	3739.093152162	-0.125222	0.452514	-1.09187	0.00962257	0.00633633	-0.00302896
4697.149454836	3745.084250562	-0.12873	0.488296	-1.0855	0.00987365	0.00656437	-0.00290032
4705.654762018	3745.916461032	-0.131765	0.505674	-1.07772	0.00966146	0.0059315	-0.00314359
4703.076368432	3744.27395014	-0.13178	0.459413	-1.07775	0.00984271	0.00612747	-0.00299089
4694.697510921	3744.558966443	-0.132081	0.447548	-1.06731	0.00978063	0.00629675	-0.00299089
4711.791810636	3746.490392884	-0.119732	0.421683	-1.08375	0.0100204	0.00593471	-0.00313372
4690.472691004	3745.896407767	-0.130328	0.416762	-1.06832	0.0100235	0.00655892	-0.00288887
4709.451938732	3755.713409052	-0.13734	0.447246	-1.0537	0.00956057	0.00580742	-0.00310799
4702.307347983	3746.528085594	-0.135197	0.433719	-1.01768	0.00853665	0.00599053	-0.0029909
4701.68173547	3744.525172979	-0.128126	0.502542	-0.999331	0.00774516	0.00550712	-0.00320098
4720.389650959	3747.350083753	-0.123465	0.432629	-1.05927	0.00830871	0.00543905	-0.00291757
4696.971761712	3744.961517157	-0.127574	0.381439	-1.09097	0.00930549	0.00608044	-0.00254505
4699.269975269	3750.196718897	-0.11851	0.426809	-1.09213	0.00929787	0.00577516	-0.00290846
4697.685852129	3739.535623726	-0.12502	0.436426	-1.09837	0.00928807	0.00641387	-0.00270893
4703.308254272	3744.334852646	-0.122671	0.489401	-1.09518	0.0095735	0.00590002	-0.00268309
4704.093864328	3745.468419116	-0.108865	0.495436	-1.1324	0.0097722	0.00607495	-0.00285811
4697.347792804	3744.382014953	-0.117397	0.493735	-1.10048	0.00960723	0.00617622	-0.00273458
4710.010086843	3745.306321896	-0.118514	0.473837	-1.10553	0.00966005	0.00590859	-0.00307375
4705.035785348	3743.537921067	-0.114442	0.448919	-1.1014	0.00953798	0.00595367	-0.00283365
4697.282171692	3750.868688931	-0.115579	0.457645	-1.0977	0.00967215	0.00547114	-0.00258714
4699.83881446	3747.904333698	-0.110299	0.397437	-1.11616	0.00962409	0.00578286	-0.00281684
4695.731965082	3746.506175546	-0.105507	0.419338	-1.09163	0.00962488	0.00541821	-0.00258878
4709.17581394	3749.217079799	-0.102726	0.411744	-1.1101	0.00979885	0.00560011	-0.0027623
4689.43344429	3744.517374487	-0.103786	0.416717	-1.08645	0.00930643	0.00582904	-0.00244715
4696.099517042	3749.344640841	-0.103372	0.447975	-1.08585	0.00929002	0.00521566	-0.00255252
4702.976462132	3740.915771077	-0.0989188	0.42967	-1.10082	0.00936534	0.00545243	-0.00232453
4700.74866224	3743.437469067	-0.111796	0.483814	-1.04971	0.00885968	0.00522243	-0.00273246
4723.397531038	3749.611460664	-0.10357	0.471019	-0.993862	0.00786911	0.00466469	-0.00273246
4705.79890727	3753.392243705	-0.101578	0.485437	-0.899474	0.0063674	0.00468484	-0.00273246
4723.693932016	3754.266046131	-0.0875936	0.453783	-0.841677	0.00525487	0.00386477	-0.00273246
4719.935833043	3755.394784963	-0.0876106	0.378974	-0.893938	0.00574038	0.00384238	-0.00236714
4698.838276829	3755.368232956	-0.091004	0.406381	-0.884791	0.00599247	0.00417069	-0.00213826
4699.289882798	3753.86312406	-0.0894643	0.398109	-0.899898	0.00675783	0.00387245	-0.00207688
4706.988566421	3756.666310465	-0.102329	0.398406	-0.961333	0.00794797	0.00441695	-0.00221278
4703.703086919	3755.810518842	-0.0993953	0.461492	-0.963802	0.00855027	0.00451687	-0.00221278
4713.041929688	3759.202120012	-0.0851833	0.49553	-0.994586	0.00871836	0.00467373	-0.00221278
4726.781442208	3764.148406203	-0.088871	0.505197	-1.01332	0.00839296	0.0048709	-0.00234542
4711.960655969	3762.997014609	-0.0955884	0.507138	-1.00546	0.00875296	0.00488148	-0.00245312
4724.198993385	3767.262418205	-0.0957456	0.49815	-1.0142	0.00866485	0.00463681	-0.00248383
4715.318392427	3766.196438663	-0.106307	0.485227	-0.948416	0.00742873	0.00473848	-0.00265639
4728.941040382	3766.318243676	-0.115527	0.448118	-0.940375	0.0068354	0.00430494	-0.00253436
4725.606160717	3761.336307237	-0.103905	0.367571	-0.9591	0.00692212	0.00463028	-0.00222263
4729.530893076	3773.011392005	-0.10945	0.367825	-0.954617	0.00694536	0.0046556	-0.00205102
4726.901624695	3758.597736906	-0.114029	0.349961	-1.01977	0.00805457	0.0048472	-0.00210571
4719.622105141	3751.165217293	-0.0905795	0.385001	-1.01169	0.00871407	0.00534119	-0.00221778
4702.107904041	3749.827218934	-0.0990721	0.455852	-1.00355	0.00860146	0.00484169	-0.00230183
4717.100853535	3749.171959954	-0.0987689	0.494654	-1.04498	0.00915752	0.00495566	-0.00238346
4719.657864961	3749.937511888	-0.0960573	0.408789	-0.986267	0.0101383	0.00511344	-0.0026848
4712.593272983	3752.879028681	-0.0981194	0.477827	-1.00935	0.00924851	0.00513762	-0.00242673
4726.788078051	3751.277738388	-0.114131	0.515152	-1.06736	0.00919863	0.00601966	-0.00252981
4710.318653534	3751.100972576	-0.110633	0.472853	-1.08125	0.00933546	0.00636931	-0.00221066
4712.057613006	3750.585343733	-0.114864	0.418441	-1.09112	0.00936227	0.00611258	-0.00236842
4702.892776781	3747.146208899	-0.117233	0.387263	-1.07479	0.00905682	0.00683366	-0.00182909
4702.527068111	3749.603847851	-0.11636	0.376412	-1.06184	0.00901761	0.0064831	-0.00182909
4701.970025974	3750.105736494	-0.116778	0.38146	-1.07353	0.00973659	0.00611421	-0.00200818
4694.022129587	3753.760629598	-0.119818	0.424334	-0.985463	0.00864309	0.00572876	-0.00221691
4697.573042802	3745.141996536	-0.125238	0.461736	-0.984765	0.00820862	0.00552805	-0.00236791
4706.546545559	3743.229880646	-0.114319	0.421625	-1.0309	0.00844095	0.00577485	-0.00222361
4692.693117737	3744.361033297	-0.116662	0.45496	-1.04664	0.00866816	0.00624644	-0.00238135
4687.553657487	3744.356391337	-0.126363	0.444705	-1.07453	0.00923403	0.00614813	-0.00231196
4678.587527889	3747.408386763	-0.123073	0.480372	-1.05783	0.00903058	0.00658612	-0.0023812
4687.977614111	3747.410243546	-0.123263	0.478923	-1.05753	0.00921003	0.00654584	-0.00239292
4688.307194303	3741.78066094	-0.121396	0.44692	-1.06763	0.00915486	0.00695	-0.00252952
4679.498112984	3743.941585851	-0.114566	0.47178	-1.0385	0.00896003	0.00632467	-0.00219961
4699.471262501	3749.124054934	-0.113766	0.439801	-1.00488	0.00845704	0.00574985	-0.00243668
4690.37352202	3748.234841203	-0.125618	0.44387	-0.998918	0.0077879	0.00565668	-0.00226917
4703.583641748	3746.244740396	-0.126977	0.37874	-1.04152	0.00846752	0.00581877	-0.00204233
4683.491415719	3743.371181888	-0.123336	0.372244	-1.04708	0.00888923	0.00642045	-0.0019819
4679.431385898	3745.870041438	-0.126931	0.42151	-1.0359	0.00915419	0.00657725	-0.00244999
4677.819982071	3742.334168172	-0.124818	0.423642	-1.05384	0.00906561	0.00644157	-0.00226875
4685.800320356	3738.701185116	-0.118591	0.448665	-1.03092	0.00873048	0.00656867	-0.0023942
4683.875188628	3744.025326798	-0.129673	0.468283	-1.03523	0.00885333	0.00665497	-0.00230808
4680.245013957	3738.371791681	-0.123599	0.463773	-1.03595	0.00896783	0.00695516	-0.0024389
4683.875188628	3743.763705969	-0.119281	0.469714	-1.03535	0.0088889	0.00646036	-0.00232602
4692.912469207	3747.624145033	-0.119352	0.43379	-1.06076	0.00912434	0.00657604	-0.00243819
4683.072620307	3745.35496963	-0.129284	0.42111	-1.04632	0.00912704	0.0066129	-0.00235192
4690.315642724	3750.523141478	-0.120896	0.405807	-1.05995	0.00914463	0.00663737	-0.0023357
4697.124017439	3750.556192228	-0.124614	0.404451	-1.03186	0.00893397	0.00707313	-0.00225808
4719.852147692	3756.192087899	-0.122161	0.438506	-0.97545	0.00791902	0.00609278	-0.00275388
4713.570585164	3758.444923605	-0.129728	0.434144	-0.999514	0.00842037	0.00580386	-0.00272611
4696.195368104	3752.932689731	-0.128478	0.397824	-1.04103	0.00863442	0.00650847	-0.00256937
4710.070915402	3755.446403551	-0.1191	0.419713	-1.09204	0.00902751	0.00650584	-0.00226318
4692.673578867	3754.976637266	-0.118488	0.459974	-1.07931	0.00878561	0.00736309	-0.00229667
4697.624654912	3754.015566005	-0.118235	0.463224	-1.0648	0.00877004	0.00673408	-0.00268504
4702.938121707	3757.203663678	-0.120029	0.46915	-1.09116	0.00870075	0.00660753	-0.00262446
4704.704730524	3750.899140184	-0.118397	0.467291	-1.06641	0.0088833	0.00654835	-0.0025735
4706.381755463	3754.047317007	-0.116137	0.458182	-1.07742	0.00932466	0.00663108	-0.00237173
4698.234415134	3755.875691951	-0.118969	0.46072	-1.05878	0.00880393	0.00655201	-0.00239993
4705.883329937	3759.059147664	-0.121426	0.486829	-1.01032	0.00779502	0.00644458	-0.00271506
4721.943912806	3751.608431571	-0.118077	0.427706	-1.03763	0.00761322	0.00606753	-0.00244817
4699.690613971	3751.143492924	-0.121523	0.3828	-1.03593	0.007758	0.0061717	-0.00219042
4704.639846727	3749.96127872	-0.122794	0.401518	-1.07763	0.0086036	0.00633741	-0.00196551
4697.669999838	3749.784698587	-0.108107	0.406978	-1.08635	0.00876307	0.00715236	-0.0022815
4689.836756069	3750.760624118	-0.128797	0.458392	-1.06462	0.00887173	0.00648057	-0.00246812
4689.869935283	3744.176097637	-0.123462	0.463939	-1.08794	0.00895485	0.00677173	-0.00237643
4696.803653695	3747.978790726	-0.124408	0.518816	-1.02525	0.00817236	0.00679375	-0.00276738
4710.039579478	3750.714204524	-0.120002	0.551266	-0.97737	0.00720173	0.00613062	-0.00260991
4711.795128557	3747.90414802	-0.110375	0.453738	-1.05632	0.00769289	0.00626115	-0.00243263
4709.579494377	3748.414577869	-0.125544	0.469129	-1.09268	0.00826663	0.00661466	-0.00242812
4709.46484176	3751.134209005	-0.113728	0.396713	-1.09097	0.00850982	0.00656951	-0.00230202
4697.641981835	3751.96474837	-0.11701	0.421185	-1.09155	0.00858726	0.00678375	-0.00246624
4700.906447836	3749.68610337	-0.112683	0.417003	-1.07238	0.00843969	0.00614332	-0.00241458
4704.680030442	3744.525544336	-0.11818	0.425148	-1.09991	0.00921719	0.00658452	-0.00250123
4700.223324685	3742.069762168	-0.121565	0.434161	-1.08776	0.00898675	0.00680844	-0.00239819
4703.440971128	3749.676633773	-0.118699	0.479798	-1.07567	0.0086583	0.00631001	-0.00257592
4711.493566368	3753.937209731	-0.119117	0.478708	-1.04203	0.00795857	0.00634573	-0.00242372
4720.373798668	3755.110140017	-0.124352	0.530847	-1.00631	0.00707385	0.00604065	-0.00273492
4713.542198504	3754.496101636	-0.12968	0.451995	-1.06292	0.00774472	0.00578831	-0.00241946
4713.061837216	3755.451231189	-0.120256	0.419981	-1.09973	0.00837959	0.00645411	-0.00197326
4715.085769271	3755.171228202	-0.123918	0.426594	-1.09523	0.0087374	0.00607325	-0.00194368
4708.561998481	3755.163615388	-0.119937	0.414359	-1.1095	0.008941	0.00618682	-0.00235577
4713.719891627	3747.007878511	-0.126777	0.436354	-1.62045	0.0103459	0.00677734	-0.00202901
4698.073680275	3750.746141205	-0.116762	0.621678	-1.5041	0.0107485	0.00678943	-0.00237602
4692.595792043	3752.364513908	-0.128749	0.470181	-1.5257	0.0108721	0.00636777	-0.00254904
4700.208578368	3751.601004436	-0.120257	0.538805	-1.67271	0.0112331	0.00606838	-0.00279665
4686.166397684	3756.468748676	-0.127632	0.36579	-1.47642	0.0110983	0.00610336	-0.00239163
4661.150007638	3748.320438933	-0.116917	0.484956	-1.52466	0.0109827	0.00663462	-0.00254904
4670.934189191	3743.168235426	-0.115169	0.454066	-1.54959	0.0108668	0.00673625	-0.00247725
4672.725129431	3744.033310968	-0.126529	0.480221	-1.62755	0.0112588	0.0066967	-0.00254904
4679.751012326	3735.786034652	-0.110559	0.536457	-1.60125	0.0102897	0.00686325	-0.00232986
4693.483151688	3739.262305161	-0.116424	0.545085	-1.61431	0.00931346	0.00672499	-0.00229904
4704.105292724	3737.767408576	-0.117513	0.54153	-1.67628	0.009056	0.00668147	-0.00245551
4699.919919206	3726.672754403	-0.120933	0.423303	-1.71682	0.00839382	0.00677715	-0.00183777
4708.212142102	3735.371043487	-0.109654	0.369084	-1.68437	0.00961341	0.00662421	-0.00154902
4704.051100008	3738.150648739	-0.11938	0.393726	-1.69424	0.00973929	0.00699945	-0.00177776
4689.946247475	3731.85930841	-0.117438	0.42845	-1.70992	0.00953215	0.00736327	-0.00206823
4701.10552312	3729.49395161	-0.114465	0.47184	-1.66902	0.010011	0.00734601	-0.00230004
4697.403091494	3731.681242849	-0.122554	0.474225	-1.685	0.0100429	0.00735912	-0.00242414
4708.889735384	3731.433176542	-0.121253	0.504055	-1.69021	0.0101366	0.0075085	-0.00242311
4711.116060644	3735.417463081	-0.12844	0.551495	-1.64481	0.0101711	0.00719308	-0.0023601
4713.549571662	3735.8216849	-0.134619	0.521103	-1.66079	0.00922479	0.00726572	-0.00256421
4710.4030762	3734.153736071	-0.136787	0.491162	-1.65022	0.00907011	0.00718748	-0.0023601
4721.606222139	3736.391531828	-0.140175	0.377212	-1.66808	0.00926829	0.00724219	-0.00193904
4722.600123928	3735.506031665	-0.133494	0.352975	-1.69992	0.010185	0.00737767	-0.00197326
4714.509188263	3736.094075074	-0.134258	0.392039	-1.66716	0.010298	0.00745599	-0.00244826
4706.799813559	3736.538774778	-0.130601	0.414614	-1.65783	0.0102868	0.00744898	-0.00229023
4702.943282918	3734.162277276	-0.129167	0.458051	-1.65495	0.0104124	0.00781003	-0.0023601
4689.682288395	3735.953516545	-0.131129	0.51804	-1.66097	0.0103781	0.00756549	-0.0023601
4690.692411132	3737.451941019	-0.13056	0.497016	-1.6667	0.0104408	0.00770561	-0.0023601
4700.578710933	3740.09915759	-0.136661	0.529284	-1.64929	0.0101748	0.00770328	-0.00236009
4701.728186369	3743.615348949	-0.132763	0.53965	-1.61501	0.00952091	0.00727938	-0.00259446
4710.891179304	3746.259408987	-0.130962	0.47939	-1.63971	0.00912627	0.00776077	-0.00255321
4710.300220637	3742.231116674	-0.134095	0.422475	-1.64673	0.00948232	0.00765168	-0.00208198
4708.299145374	3741.905436807	-0.136367	0.363736	-1.65092	0.00997584	0.00728192	-0.00224922
4702.053711324	3740.100643017	-0.131057	0.394361	-1.67451	0.0102772	0.00767881	-0.0022717
4695.006446269	3738.379404495	-0.12654	0.430102	-1.65371	0.0103608	0.00728133	-0.00224922
4689.180544947	3734.721540537	-0.129544	0.435309	-1.6699	0.010532	0.0073788	-0.00224922
4705.934204732	3734.453049609	-0.13545	0.52347	-1.6528	0.0108198	0.0076623	-0.00246369
4700.722118869	3735.711391946	-0.142744	0.573425	-1.62027	0.0101995	0.00763822	-0.00224922
4711.884343777	3738.314231386	-0.145694	0.517593	-1.64161	0.009681	0.00772756	-0.00224922
4713.472153496	3739.170580044	-0.14377	0.462597	-1.65549	0.00993694	0.00786931	-0.00224923
4703.997275949	3740.162845272	-0.144723	0.410734	-1.66513	0.0107255	0.00739619	-0.00224923
4699.863514542	3741.30699541	-0.136527	0.427593	-1.69236	0.0105202	0.00786698	-0.002133
4691.831932805	3736.830661181	-0.137605	0.432461	-1.6701	0.0107142	0.00764587	-0.00225386
4705.371264067	3734.674935265	-0.140512	0.422474	-1.68112	0.0103824	0.00803772	-0.00237459
4695.803484721	3729.776739772	-0.135687	0.451801	-1.64752	0.0107591	0.00741325	-0.00239934
4690.454626765	3732.681306569	-0.13471	0.439598	-1.65599	0.0108691	0.00733256	-0.00258122
4694.639631625	3727.846056045	-0.143725	0.49887	-1.66006	0.0107934	0.00805222	-0.00231996
4696.476654108	3727.566795771	-0.142869	0.544079	-1.63491	0.00994676	0.00782407	-0.00255031
4705.519464556	3730.175948275	-0.151563	0.453889	-1.63282	0.00953424	0.00755282	-0.00255665
4697.128809992	3731.589146376	-0.132137	0.417265	-1.66011	0.00992191	0.0078414	-0.00205174
4702.555454772	3733.823414244	-0.143794	0.393009	-1.67461	0.0103403	0.00746792	-0.00252182
4700.012083689	3729.528487787	-0.144037	0.382995	-1.69077	0.0101059	0.00806326	-0.00226265
4688.503688982	3734.882338008	-0.141529	0.437563	-1.65586	0.0100809	0.00767217	-0.00252182
4679.840227546	3729.240871987	-0.143912	0.444104	-1.65205	0.0102521	0.00791163	-0.00252182
4683.774176354	3729.103841347	-0.136124	0.451153	-1.65159	0.0100031	0.00817219	-0.00246278
4683.227087981	3730.010508845	-0.133442	0.496082	-1.65848	0.00986031	0.00831345	-0.00257053
4685.373045811	3731.095056224	-0.131946	0.508545	-1.63499	0.00901995	0.00811811	-0.00254137
4700.685253076	3737.784490986	-0.138772	0.529612	-1.59531	0.00870117	0.00776895	-0.00231563
4702.307716641	3738.146192458	-0.145614	0.436538	-1.63255	0.00901275	0.00791171	-0.00217375
4698.029072665	3737.509315637	-0.143432	0.400785	-1.66186	0.00985077	0.00786872	-0.00205876
4698.830535013	3746.128691412	-0.146098	0.405334	-1.64458	0.00979661	0.0077719	-0.00227632
4695.985233082	3739.252835564	-0.144206	0.407927	-1.66148	0.01013	0.00782035	-0.00237162
4702.000624582	3736.925914187	-0.143909	0.439408	-1.66636	0.010259	0.00759187	-0.00237162
4697.120699517	3737.291514904	-0.146323	0.476665	-1.65404	0.0103187	0.00747502	-0.00252544
4707.541921979	3739.100022262	-0.148511	0.510575	-1.63545	0.00944586	0.00771239	-0.00228582
4709.148901911	3742.766798782	-0.143679	0.547051	-1.59427	0.00890874	0.00769998	-0.00230071
4703.169638889	3742.049708904	-0.154578	0.456785	-1.65262	0.0092663	0.007808	-0.00225172
4696.24255632	3739.1185901	-0.149404	0.431621	-1.6608	0.0095503	0.00767574	-0.00212506
4710.548696084	3739.40509183	-0.150564	0.427224	-1.67072	0.00950996	0.00771946	-0.0022289
4687.976876795	3731.177126065	-0.143866	0.427939	-1.68889	0.0101435	0.00746721	-0.00230071
4691.555808012	3737.517485485	-0.143256	0.458474	-1.66219	0.00995816	0.00766231	-0.00242807
4691.473228635	3729.013044622	-0.142948	0.453696	-1.65497	0.00998231	0.0076935	-0.00234315
4701.13943965	3730.151995765	-0.144726	0.47933	-1.64637	0.00956085	0.0077599	-0.00224965
4706.122957593	3731.559437836	-0.146148	0.515289	-1.60127	0.0085729	0.00756193	-0.00239559
4713.045616267	3726.4675798	-0.145753	0.47225	-1.60955	0.00835625	0.00760681	-0.00221187
4700.043788271	3729.474269702	-0.146005	0.440194	-1.62986	0.00868371	0.00748088	-0.00201042
4708.347070906	3737.802687467	-0.156736	0.411416	-1.65452	0.00906167	0.00751271	-0.00221042
4692.789337458	3733.802061231	-0.143873	0.424432	-1.65699	0.00927784	0.0076783	-0.00176701
4690.801165223	3731.155216017	-0.144543	0.449505	-1.63905	0.00941957	0.00742319	-0.00234685
4699.102235909	3733.360518059	-0.14979	0.446137	-1.65497	0.00911684	0.00775337	-0.00226888
4688.323415252	3732.774702791	-0.150072	0.474679	-1.63991	0.00934379	0.00748692	-0.00228147
4697.710920869	3732.178118177	-0.148582	0.475011	-1.6409	0.00932059	0.0073556	-0.00240031
4701.90293023	3737.889213589	-0.13997	0.495068	-1.6175	0.00819555	0.0078467	-0.00226956
4699.26813198	3736.814135806	-0.148148	0.527899	-1.58831	0.00746483	0.00752269	-0.00229969
4712.520278712	3741.538350663	-0.152173	0.432013	-1.62932	0.00757624	0.00747602	-0.00207229
4702.66457752	3739.993692274	-0.139444	0.414312	-1.63069	0.00791247	0.0076821	-0.00200554
4709.987230052	3745.870784152	-0.14093	0.406478	-1.63903	0.00810543	0.00728617	-0.00197829
4701.559709694	3742.211806124	-0.145626	0.439739	-1.64424	0.00821426	0.00774548	-0.00179734
4700.564333273	3743.389749725	-0.149356	0.433941	-1.63147	0.00837111	0.00764151	-0.00221513
4693.228777714	3740.446004792	-0.148847	0.483425	-1.62086	0.0082223	0.00782474	-0.00204435
4700.60599162	3743.017093229	-0.139631	0.552539	-1.58509	0.00770999	0.00735731	-0.00236729
4713.88541904	3740.868794448	-0.151606	0.484149	-1.60235	0.00788948	0.00739533	-0.00214695
4702.748262871	3735.949617299	-0.152401	0.453171	-1.62236	0.0084526	0.00735082	-0.0020981
4703.387515728	3739.574616185	-0.154771	0.420658	-1.63953	0.00841707	0.00734886	-0.0019309
4695.807908616	3733.69603888	-0.139383	0.430076	-1.62881	0.0085656	0.00749945	-0.00207659
4691.464380845	3730.4882593	-0.153283	0.439762	-1.64094	0.00840892	0.00768849	-0.00209568
4684.2689153	3730.727413045	-0.14592	0.444377	-1.63934	0.00893999	0.00745101	-0.00180828
4694.501016242	3736.384290372	-0.155696	0.512223	-1.57586	0.00819653	0.00743369	-0.0024024
4706.366640487	3730.897494435	-0.159101	0.491237	-1.54972	0.00762857	0.00712182	-0.00240239
4696.968443791	3732.188887522	-0.164228	0.453797	-1.56839	0.00757902	0.00720531	-0.00240239
4701.011884005	3732.773960077	-0.164448	0.436335	-1.60769	0.00774226	0.00776265	-0.0019754
4688.96414274	3727.38650207	-0.152765	0.420326	-1.63818	0.00801216	0.00769428	-0.00207452
4685.448989345	3732.006737038	-0.153081	0.454329	-1.62922	0.00806698	0.0077026	-0.00232118
4684.867247126	3728.848162227	-0.153976	0.460447	-1.6199	0.00847418	0.00748646	-0.0024024
4699.25375432	3725.15706184	-0.151644	0.509462	-1.61164	0.00823047	0.00746871	-0.0024024
4706.364797198	3728.128101494	-0.147881	0.547141	-1.57513	0.00750373	0.00736585	-0.00246924
4712.247103183	3731.47681096	-0.150253	0.500476	-1.58283	0.006772	0.00712428	-0.00249537
4712.299083952	3738.263912546	-0.149603	0.505851	-1.57701	0.00632622	0.00707624	-0.002448
4714.417392437	3735.721975613	-0.159689	0.402465	-1.6176	0.00666085	0.00709094	-0.00220435
4697.939857445	3734.266257165	-0.152666	0.3967	-1.64538	0.00693139	0.00736747	-0.00179234
4712.761749658	3733.390412277	-0.153873	0.422725	-1.63249	0.00748597	0.00731488	-0.00215887
4695.682933577	3729.805891277	-0.139679	0.452328	-1.67621	0.00794975	0.00773418	-0.00196762
4711.885818409	3731.618483559	-0.148411	0.50752	-1.66717	0.00863396	0.00752958	-0.00233532
4720.220436967	3735.85139344	-0.12886	0.535988	-1.57041	0.00822706	0.0070678	-0.0024767
4711.618910065	3741.003225591	-0.137216	0.569077	-1.52484	0.00830559	0.00644905	-0.0024496
4719.931777806	3738.120011807	-0.130668	0.446365	-1.51323	0.00909764	0.0063582	-0.00219596
4712.959350311	3740.648951254	-0.143124	0.451404	-1.59139	0.00983046	0.00667427	-0.00228045
4692.012575192	3736.213837625	-0.142501	0.459344	-1.60739	0.00934426	0.00725816	-0.00228045
4687.508312561	3730.646828631	-0.133771	0.454093	-1.65331	0.00965483	0.00685424	-0.00197996
4698.314413906	3727.945022618	-0.13615	0.451654	-1.6285	0.00956277	0.00673232	-0.00222874
4711.746097052	3735.680569336	-0.140532	0.497386	-1.55031	0.00920069	0.00700345	-0.00243421
4710.333031193	3735.847865551	-0.145041	0.490969	-1.47584	0.00862586	0.0069259	-0.00248683
4698.528604165	3731.803976254	-0.141288	0.460959	-1.47259	0.00845161	0.00677657	-0.00217114
4706.428206362	3730.161836719	-0.162342	0.453314	-1.5393	0.00919352	0.00668331	-0.00232189
4685.246227482	3731.168213503	-0.163451	0.454845	-1.57165	0.00961076	0.00741624	-0.00187176
4703.521338557	3735.395738711	-0.163945	0.464188	-1.58488	0.00991602	0.00744678	-0.0023101
4693.413475339	3733.892857956	-0.12556	0.44456	-1.59272	0.00913248	0.00768698	-0.000941406
4711.695959573	3737.332921182	-0.14079	0.520792	-1.5949	0.00954426	0.00741757	-0.00194246
4707.724038998	3734.86618399	-0.142511	0.500166	-1.6182	0.0102523	0.00794972	-0.00206759
4703.436178575	3737.642075674	-0.149271	0.486985	-1.61829	0.0103553	0.00772862	-0.00214888
4697.476085765	3742.976429666	-0.151229	0.474686	-1.6202	0.0106607	0.00750201	-0.00231921
4701.287271481	3734.925044034	-0.156492	0.458967	-1.62411	0.0103922	0.00771411	-0.00208841
4699.058734273	3747.843802548	-0.161027	0.465854	-1.5822	0.00997883	0.00785814	-0.00285436
4709.5968213	3741.683179794	-0.166747	0.468541	-1.5461	0.00877401	0.00713092	-0.00260237
4703.797094692	3742.412338767	-0.162093	0.495893	-1.51847	0.00854417	0.00698206	-0.00264728
4690.31822333	3739.727986521	-0.176532	0.404637	-1.54853	0.00928973	0.00679579	-0.00236772
4690.743654585	3737.747912346	-0.165931	0.43439	-1.53255	0.0096523	0.00696932	-0.00253741
4688.531706985	3734.916131472	-0.155987	0.420016	-1.55442	0.00991434	0.00660949	-0.00233249
4687.608587519	3733.828613239	-0.147281	0.473635	-1.54672	0.00978122	0.00721636	-0.0021877
4670.227103274	3729.6502928	-0.163992	0.476473	-1.53514	0.0100944	0.00721906	-0.0024085
4684.483474218	3732.825207308	-0.161336	0.503269	-1.54522	0.0100937	0.00734278	-0.00252861
4680.665284001	3734.423526747	-0.173712	0.558643	-1.51256	0.00981794	0.00707804	-0.00272055
4690.392323575	3731.991325733	-0.177988	0.527435	-1.47406	0.008786	0.00683407	-0.00272055
4689.968366951	3730.21085581	-0.176888	0.43473	-1.47296	0.00934023	0.00674211	-0.00268058
4697.663732653	3723.582137876	-0.169241	0.393795	-1.50238	0.00956964	0.00676355	-0.00250651
4677.513627328	3731.770925504	-0.158194	0.390962	-1.49933	0.00955278	0.0070389	-0.00198037
4677.600630601	3727.056180244	-0.171928	0.413773	-1.52554	0.0103205	0.00722606	-0.00278287
4665.247640568	3725.151862845	-0.17421	0.47238	-1.51197	0.0101046	0.00692628	-0.00271128
4674.959933824	3730.025177436	-0.177017	0.496781	-1.4648	0.00939056	0.00674766	-0.00284991
4682.739353535	3728.438184378	-0.175106	0.490241	-1.44408	0.00893149	0.00686837	-0.00268838
4684.692134608	3725.954921811	-0.169065	0.467536	-1.45675	0.0093406	0.00662761	-0.00259719
4682.673363765	3728.273301982	-0.171728	0.426738	-1.48668	0.00927167	0.00656776	-0.00254045
4684.039978724	3735.120192005	-0.146834	0.476754	-1.51433	0.00936345	0.00719573	-0.00234312
4679.833591703	3733.797047915	-0.145714	0.460206	-1.53162	0.00947173	0.00721657	-0.00254045
4681.529418197	3731.364661223	-0.16586	0.463972	-1.5253	0.00969181	0.00692226	-0.00260486
4675.472368351	3732.791599523	-0.164378	0.457506	-1.53452	0.00982882	0.00680818	-0.00280932
4671.003128224	3732.404088757	-0.1665	0.44429	-1.53621	0.00994281	0.00688733	-0.00254045
4677.118794682	3735.61966683	-0.171017	0.4436	-1.52482	0.0100826	0.00683864	-0.00288346
4670.523872911	3733.849966252	-0.169453	0.455294	-1.53549	0.0097613	0.0069537	-0.002729
4671.323860626	3735.387197506	-0.168784	0.462094	-1.52999	0.00998391	0.0069873	-0.00283574
4691.6365441	3735.977097698	-0.1664	0.458106	-1.52306	0.00937144	0.00721243	-0.00279055
4699.134677808	3744.492679264	-0.155839	0.521652	-1.41658	0.00822059	0.00563391	-0.00299934
4695.877953624	3733.5705203	-0.160391	0.473188	-1.41483	0.00709272	0.00565916	-0.00285785
4678.260159644	3731.641136321	-0.164615	0.438703	-1.4345	0.00755861	0.0061364	-0.00247299
4691.006507692	3734.756448071	-0.171905	0.397102	-1.45919	0.00798646	0.00607391	-0.00248794
4680.778093329	3734.608648086	-0.16509	0.430525	-1.48737	0.00827905	0.00668159	-0.00225958
4674.964726377	3732.158993304	-0.175715	0.457374	-1.48317	0.00807416	0.00645605	-0.00292334
4667.299959283	3727.659263601	-0.167106	0.468944	-1.49833	0.00824707	0.00689956	-0.00244119
4680.342339652	3734.381563435	-0.169464	0.50163	-1.55859	0.00836607	0.00669613	-0.00251041
4680.002068379	3736.764374002	-0.16556	0.481684	-1.61859	0.00841363	0.0066855	-0.00292334
4673.823361415	3732.551146029	-0.155665	0.466901	-1.63293	0.00840791	0.0063976	-0.00292334
4678.522275434	3734.642255871	-0.162335	0.438861	-1.66473	0.008456	0.00641145	-0.00280478
4674.02575462	3731.98482699	-0.167665	0.46665	-1.65809	0.00838604	0.00618747	-0.00269908
4681.088871967	3738.347839171	-0.15353	0.493531	-1.60489	0.00687439	0.00601366	-0.002683
4693.405364864	3726.459224273	-0.160734	0.42173	-1.64593	0.0062821	0.00609812	-0.00235632
4683.69638953	3728.486089398	-0.152813	0.373608	-1.66346	0.00701138	0.00604022	-0.0021749
4686.028888275	3733.022397741	-0.171215	0.387898	-1.67852	0.00784462	0.00624448	-0.0021571
4679.698294242	3730.53727839	-0.171475	0.413426	-1.69662	0.00760681	0.006491	-0.00242337
4680.798369515	3730.218654301	-0.164364	0.459542	-1.69182	0.00775283	0.0068936	-0.00255933
4678.001361774	3723.119984404	-0.168582	0.458901	-1.69836	0.00783734	0.0068249	-0.00258623
4675.41190845	3721.345084832	-0.163025	0.513251	-1.68629	0.00770417	0.00662138	-0.00250673
4686.975970506	3727.761201028	-0.166621	0.527402	-1.65749	0.00719474	0.00646561	-0.00272038
4702.194538655	3734.464190311	-0.159637	0.546293	-1.69322	0.00637674	0.00585616	-0.00261373
4701.199530893	3735.871818061	-0.159549	0.453389	-1.72298	0.00675871	0.00581555	-0.00237922
4691.083925858	3730.367754035	-0.160083	0.416876	-1.76662	0.00739818	0.00568426	-0.00232826
4687.016522878	3731.817902132	-0.152655	0.431376	-1.72591	0.00708744	0.00580963	-0.00193962
4676.93188511	3730.317435196	-0.157691	0.411027	-1.72324	0.0073652	0.00600196	-0.00193928
4687.931531869	3731.712808173	-0.156755	0.423603	-1.74411	0.00756196	0.00634282	-0.00210577
4677.685421925	3728.777418766	-0.151004	0.462568	-1.71525	0.00714045	0.00594999	-0.00237244
4688.076045779	3728.020965073	-0.1479	0.44397	-1.73534	0.00725532	0.00658548	-0.00200559
4690.604301886	3728.256219572	-0.157073	0.486791	-1.72127	0.00699062	0.00597948	-0.00221917
4694.846080068	3735.746485159	-0.16417	0.509986	-1.68454	0.00654491	0.00589341	-0.00220855
4704.652381097	3732.251646813	-0.155328	0.526549	-1.69088	0.0053987	0.00574801	-0.00224343
4709.775989056	3736.983660161	-0.159232	0.404257	-1.73128	0.00620538	0.00580673	-0.00189629
4693.861763386	3735.839138667	-0.149452	0.393411	-1.76191	0.00693629	0.005827	-0.00185798
4699.574486722	3735.457940966	-0.143466	0.417861	-1.73867	0.00700349	0.00580431	-0.00194899
4686.285474196	3736.937054889	-0.157069	0.431901	-1.74578	0.00753786	0.00593353	-0.002251
4683.858230363	3735.356931931	-0.151639	0.457124	-1.72446	0.00706925	0.00594096	-0.0022663
4682.046645278	3729.841541525	-0.157145	0.468193	-1.73106	0.00729698	0.0061796	-0.00228435
4699.259284189	3732.895393734	-0.15528	0.513441	-1.6852	0.0065269	0.00574751	-0.00216343
4695.129578019	3733.842910474	-0.163793	0.501125	-1.64859	0.00602758	0.00561491	-0.00233583
4697.464657369	3732.918974887	-0.151765	0.434857	-1.731	0.00683702	0.00584919	-0.00234531
4683.618234048	3728.183990685	-0.165213	0.447512	-1.70625	0.00715446	0.00587852	-0.00241967
4686.808968462	3733.058790702	-0.160808	0.420717	-1.7003	0.00798116	0.00607673	-0.00219507
4689.511231114	3730.260246257	-0.165409	0.450362	-1.69291	0.00781816	0.00588015	-0.00210871
4688.283600195	3733.954874533	-0.164235	0.452124	-1.69714	0.00773035	0.0059866	-0.00217617
4676.384428078	3726.743312185	-0.155764	0.474377	-1.70485	0.00718297	0.00566988	-0.00223325
4691.537743774	3730.930730864	-0.154779	0.457692	-1.68554	0.00713082	0.00580338	-0.00251598
4691.312493776	3731.996339049	-0.134861	0.469005	-1.70119	0.00694418	0.00557913	-0.00229112
4689.958781845	3731.985569704	-0.154924	0.522654	-1.65029	0.00609104	0.00545289	-0.00217092
4698.218194185	3732.154722702	-0.154879	0.447169	-1.67068	0.00540429	0.00551001	-0.00225065
4688.581107148	3731.020413518	-0.154957	0.413117	-1.68894	0.00587254	0.00545943	-0.00214093
4699.588127066	3733.621767531	-0.144552	0.399905	-1.6801	0.00619909	0.00546558	-0.00187309
4688.35954373	3731.114366775	-0.153284	0.414186	-1.68271	0.00622126	0.00581083	-0.00194599
4684.880150154	3733.496063272	-0.157057	0.433053	-1.68332	0.00639647	0.00567675	-0.00222262
4686.304644409	3726.847849109	-0.155215	0.454849	-1.69864	0.00617335	0.00593987	-0.00210856
4686.114785573	3732.905049009	-0.157398	0.483778	-1.64281	0.00627457	0.00580577	-0.00250178
4694.64589881	3726.626520488	-0.165277	0.4782	-1.63919	0.00535404	0.0057689	-0.00227672
4698.394044019	3732.459049556	-0.15598	0.460365	-1.66313	0.0058316	0.00605713	-0.00255622
4702.216289473	3734.247132293	-0.155517	0.42222	-1.67249	0.00652251	0.00604114	-0.00216016
4683.741734456	3729.468885029	-0.155848	0.429701	-1.67157	0.00655764	0.00598116	-0.00220508
4681.620476707	3733.040965578	-0.14317	0.417291	-1.67818	0.00656202	0.00598922	-0.00217407
4680.13920913	3729.254426508	-0.147633	0.440902	-1.68183	0.00641075	0.00573775	-0.00202575
4690.383107126	3734.727482245	-0.154325	0.478782	-1.60763	0.00590577	0.00580475	-0.00240992
4687.383337522	3729.466099854	-0.155935	0.49411	-1.59127	0.00532217	0.00556011	-0.00241273
4696.340250672	3733.981797897	-0.144965	0.472358	-1.64087	0.00518144	0.0056806	-0.00204761
4701.638602491	3733.565135627	-0.160936	0.437184	-1.65216	0.00597238	0.00581466	-0.00217784
4699.145737546	3735.702108027	-0.162128	0.396852	-1.6854	0.00620476	0.00618069	-0.00188314
4711.183525046	3736.983288804	-0.141782	0.438085	-1.68815	0.00658457	0.00609961	-0.00208733
4701.555285798	3740.577650759	-0.151867	0.450396	-1.68985	0.00652918	0.00602708	-0.00225216
4719.289207028	3742.822316616	-0.146652	0.498826	-1.68142	0.00609332	0.00589867	-0.00208578
4710.745928079	3744.375887567	-0.15493	0.544067	-1.6473	0.00545402	0.00604879	-0.00197886
4728.772932365	3745.650198244	-0.14779	0.45085	-1.69789	0.00558316	0.00590412	-0.00201761
4723.076429978	3743.79100069	-0.158785	0.438961	-1.68886	0.00687942	0.00586813	-0.00213868
4711.942960388	3743.043830915	-0.157069	0.415375	-1.69786	0.00686999	0.00632707	-0.00188961
4709.53967932	3744.541884033	-0.151179	0.438827	-1.68725	0.00721381	0.00623468	-0.00211003
4702.860334883	3738.265583652	-0.170374	0.485457	-1.64927	0.00651015	0.00608215	-0.00244863
4722.473305599	3737.207402601	-0.15323	0.487012	-1.63002	0.0061772	0.00578459	-0.00226744
4703.666589783	3738.59460573	-0.169284	0.488912	-1.64512	0.00573555	0.00587587	-0.00226618
4716.515424737	3738.917129064	-0.153113	0.417372	-1.67444	0.0064979	0.00575408	-0.00205448
4701.086352907	3731.270522287	-0.152957	0.426866	-1.67532	0.00699962	0.00575018	-0.00193173
4709.004756659	3733.971028551	-0.15213	0.432944	-1.68039	0.00750436	0.00589392	-0.00181981
4698.148517836	3732.353769918	-0.169542	0.484204	-1.67153	0.0071242	0.00599018	-0.00185328
4697.104478568	3727.950964326	-0.152795	0.532094	-1.61219	0.00644728	0.0060288	-0.00258189
4718.400004092	3728.529352459	-0.160299	0.492088	-1.61749	0.00658778	0.00577763	-0.00223065
4708.197027127	3732.469633223	-0.168128	0.454887	-1.65887	0.00673677	0.00597647	-0.00210555
4702.172050521	3733.953017749	-0.152362	0.422855	-1.66567	0.0070265	0.00592407	-0.00203969
4698.925280101	3729.190181791	-0.149985	0.410618	-1.70311	0.00743744	0.00637194	-0.00172199
4700.733178607	3730.032047536	-0.166937	0.432168	-1.66875	0.00779594	0.00628702	-0.00220096
4697.058027669	3730.320963085	-0.168888	0.463255	-1.65586	0.00760267	0.00592971	-0.00229685
4702.860703541	3723.581766519	-0.164934	0.49748	-1.63806	0.00698937	0.006508	-0.00218008
4694.377884493	3725.750489922	-0.164587	0.507524	-1.6302	0.0067986	0.00598407	-0.00225113
4713.08432535	3732.927144735	-0.164255	0.437887	-1.67494	0.00748427	0.00604899	-0.00215108
4700.831241617	3731.839440824	-0.163066	0.431564	-1.6567	0.00785164	0.00633188	-0.00210971
4706.856586881	3732.582711353	-0.162678	0.416281	-1.66598	0.00823893	0.00630577	-0.00182052
4691.988612426	3732.59440909	-0.172624	0.433837	-1.66917	0.00842662	0.00661781	-0.00216863
4698.503535426	3731.495935833	-0.170167	0.451312	-1.65403	0.00868315	0.00649924	-0.00217135
4693.755958559	3735.749827369	-0.172083	0.454744	-1.65591	0.00815668	0.00660686	-0.00217226
4686.874958232	3729.648993051	-0.167907	0.514311	-1.60949	0.00758261	0.00628369	-0.00256703
4702.00984103	3732.912104787	-0.176494	0.48271	-1.60141	0.00705951	0.00620697	-0.00256703
4702.198593892	3730.724442191	-0.176968	0.459305	-1.65424	0.00705633	0.00629307	-0.0019598
4706.162403992	3735.176823909	-0.183444	0.42514	-1.66111	0.00772843	0.00598226	-0.00234976
4694.952622211	3735.571204774	-0.179802	0.406101	-1.68399	0.00820122	0.00621448	-0.00230182
4690.618310888	3739.340290078	-0.171832	0.437033	-1.65769	0.00826648	0.00631957	-0.00233669
4676.764514408	3737.178808132	-0.174232	0.454791	-1.63679	0.00844159	0.00583481	-0.00267788
4688.515486035	3741.084924075	-0.174546	0.515345	-1.62639	0.00785927	0.00589319	-0.00247367
4683.213816295	3732.669051796	-0.181831	0.554722	-1.58532	0.00719601	0.00591076	-0.00249488
4699.431447444	3739.059915734	-0.178936	0.464383	-1.638	0.00735377	0.00614563	-0.00226455
4690.651121444	3740.686086929	-0.182959	0.45013	-1.62826	0.00771945	0.00591687	-0.00249448
4698.388145492	3739.634961656	-0.184657	0.407159	-1.65599	0.00796807	0.00608098	-0.00228985
4702.640614754	3733.302586407	-0.172585	0.433597	-1.66208	0.00837654	0.00606151	-0.00241244
4701.160084494	3735.660887428	-0.174558	0.456539	-1.63147	0.00826797	0.00630022	-0.00238923
4692.47855882	3740.395685953	-0.174651	0.476016	-1.61997	0.00793171	0.00626142	-0.00232289
4705.046845086	3738.674076073	-0.172038	0.506234	-1.58245	0.00746897	0.00627976	-0.00251269
4699.992544819	3739.180792355	-0.172436	0.453542	-1.65546	0.00782121	0.00650903	-0.00283683
4701.124693332	3739.913479217	-0.161975	0.468836	-1.67932	0.00819997	0.00660849	-0.00252597
4687.485087112	3737.980567348	-0.162239	0.45207	-1.64538	0.00849339	0.0064473	-0.00251834
4681.48259864	3735.603698489	-0.158749	0.4455	-1.66359	0.00837255	0.00654494	-0.00237946
4690.021453694	3733.130276876	-0.159039	0.453079	-1.63453	0.00843051	0.00643421	-0.00250322
4687.251357982	3735.405393986	-0.160799	0.449901	-1.64334	0.00856311	0.00672817	-0.00230207
4692.570723303	3727.951707039	-0.164516	0.478827	-1.63369	0.008511	0.00651402	-0.00240498
4695.984495767	3728.398449206	-0.169344	0.5286	-1.59659	0.00758968	0.00603735	-0.00239976
4708.76918424	3730.998132113	-0.177018	0.462846	-1.61928	0.00727298	0.00579007	-0.00228636
4696.366425386	3728.466593169	-0.163504	0.437076	-1.62554	0.00736266	0.00586451	-0.00201516
4703.544932665	3727.929239956	-0.176119	0.402746	-1.64145	0.00762272	0.0063485	-0.00184643
4695.835557961	3726.877929005	-0.161835	0.41477	-1.65952	0.00606758	0.00643695	-0.00121978
4682.156136684	3730.889510265	-0.158307	0.443594	-1.63223	0.00700602	0.00658337	-0.00164472
4682.169777028	3729.16622928	-0.164031	0.511164	-1.63294	0.00684594	0.00656688	-0.00151723
4695.749292005	3732.079151604	-0.17424	0.529928	-1.60373	0.00676408	0.00642712	-0.00135909
4691.878752362	3733.740416011	-0.177182	0.477178	-1.62569	0.00796015	0.00655207	-0.00160539
4679.237840483	3735.59905653	-0.172781	0.470521	-1.63946	0.00902678	0.00685596	-0.00181365
4684.939872739	3736.137152456	-0.167929	0.452869	-1.63641	0.00955287	0.00666174	-0.00189438
4686.808968462	3738.122796983	-0.161661	0.431752	-1.64546	0.00990467	0.00671724	-0.00199491
4689.207825634	3732.577883715	-0.160152	0.455407	-1.60659	0.00965166	0.00662562	-0.00206155
4679.424750055	3738.409298713	-0.157876	0.437657	-1.61418	0.00984965	0.00686805	-0.00206659
4680.891271314	3737.044005633	-0.177561	0.469513	-1.61418	0.0095855	0.00686832	-0.00171656
4686.949427134	3743.113460305	-0.176224	0.508776	-1.58517	0.00885268	0.00694261	-0.0021944
4713.835281561	3730.501999499	-0.175628	0.472587	-1.60593	0.00810799	0.00678951	-0.0021944
4707.743209211	3741.785859935	-0.17962	0.455265	-1.62933	0.00760748	0.00671788	-0.0021944
4704.215152788	3739.130287837	-0.159401	0.432632	-1.68037	0.00639729	0.00584605	-0.0019426
4681.919458291	3730.175019884	-0.142398	0.438196	-1.67751	0.00613868	0.00587324	-0.0018069
4686.860580572	3735.076928944	-0.14059	0.41076	-1.64839	0.00667646	0.00582518	-0.00128968
4692.156351786	3731.675301141	-0.127133	0.394292	-1.58116	0.00787031	0.00632277	-0.00146004
4697.041438062	3734.222622747	-0.142269	0.453321	-1.5821	0.00794286	0.00620706	-0.00202325
4701.069394642	3733.569591908	-0.146527	0.469103	-1.65147	0.00728258	0.0063423	-0.0021944
4678.369282392	3731.330310723	-0.154735	0.420994	-1.6759	0.00732904	0.00674402	-0.0021944
4698.189070208	3740.075576437	-0.144408	0.478112	-1.6392	0.00664509	0.00643696	-0.00205082
4716.732195601	3742.958233185	-0.14065	0.491469	-1.59311	0.00562116	0.00590695	-0.00206915
4716.491093313	3737.582844272	-0.149797	0.445669	-1.60603	0.00499103	0.0059238	-0.00186069
4700.121206437	3733.93240745	-0.13888	0.392305	-1.65492	0.00578969	0.00609775	-0.00144366
4715.351202983	3736.638669743	-0.160489	0.39341	-1.66735	0.00629271	0.00609169	-0.00180499
4717.414950094	3739.712946573	-0.155595	0.398668	-1.66849	0.00667616	0.00601402	-0.0020182
4700.654285809	3736.713312449	-0.143423	0.441136	-1.67927	0.00693508	0.00655442	-0.00183092
4709.618572118	3739.33769058	-0.156357	0.514006	-1.66343	0.0067756	0.00611344	-0.00199895
4711.521215713	3732.119443811	-0.160193	0.529428	-1.65819	0.00615505	0.00596457	-0.00210357
4714.386425171	3742.398598567	-0.159049	0.569584	-1.62515	0.00544763	0.00589611	-0.00186633
4727.486684835	3744.066918753	-0.171568	0.481338	-1.64889	0.00584002	0.0060719	-0.00186633
4717.605177588	3742.844969377	-0.163766	0.400161	-1.67863	0.00642524	0.00623285	-0.00143499
4711.674577413	3743.478318309	-0.163527	0.417698	-1.67067	0.00611643	0.00627153	-0.00186633
4704.363353277	3742.739318383	-0.160963	0.399651	-1.66981	0.00637879	0.00649247	-0.00173918
4697.311295669	3740.92226982	-0.175028	0.434903	-1.68013	0.0070548	0.00636355	-0.00181131
4699.811533773	3732.989532669	-0.167212	0.489839	-1.6208	0.00628166	0.00639436	-0.00227674
4694.72626624	3737.172680745	-0.1775	0.49973	-1.63716	0.00576364	0.00626507	-0.002047
4704.217364736	3732.986376137	-0.17261	0.479667	-1.67332	0.00568767	0.00630849	-0.00186113
4705.058273482	3738.305875859	-0.170741	0.443111	-1.66016	0.00616951	0.00631657	-0.00195226
4709.695621626	3734.033602163	-0.167871	0.434839	-1.68535	0.00621019	0.00648847	-0.00201078
4709.439404363	3734.94379755	-0.17002	0.44991	-1.63988	0.00699308	0.00662369	-0.00231304
4695.865419254	3737.206845566	-0.16873	0.449664	-1.63819	0.00686866	0.0067408	-0.00181265
4699.352554646	3737.671784213	-0.160236	0.457165	-1.65295	0.00712326	0.00655942	-0.00201896
4708.451032443	3736.067894423	-0.16697	0.480777	-1.61442	0.00700193	0.00634759	-0.00213887
4713.285612582	3737.857833944	-0.171935	0.498862	-1.63337	0.00643109	0.00642676	-0.00194109
4701.762840215	3732.74165204	-0.166842	0.513021	-1.61346	0.00610798	0.00646152	-0.00231304
4720.740981969	3739.246708177	-0.178424	0.423528	-1.63901	0.00634796	0.00628863	-0.00192125
4708.970471471	3736.701057677	-0.170871	0.424024	-1.63261	0.00668456	0.0063532	-0.00163502
4708.62282704	3739.403606403	-0.171026	0.396382	-1.64219	0.00724809	0.00648891	-0.00188249
4687.586836701	3735.573247236	-0.163556	0.427086	-1.63807	0.00736198	0.00678634	-0.00197049
4692.979196293	3736.995543577	-0.171248	0.500047	-1.60288	0.00698714	0.00631854	-0.00212505
4681.513565906	3735.03849352	-0.183332	0.506556	-1.60826	0.00629558	0.00622618	-0.00209693
4702.781442085	3734.275355405	-0.179204	0.529185	-1.60144	0.00568212	0.00630248	-0.00184763
4697.747786662	3731.546811707	-0.180918	0.449099	-1.64414	0.00616364	0.00637441	-0.00212781
4697.422261707	3733.085899745	-0.176307	0.437645	-1.66022	0.00668832	0.0067737	-0.00190763
4701.67804889	3734.543474977	-0.183039	0.44863	-1.62643	0.00702827	0.00649471	-0.00232894
4689.714361635	3731.069989644	-0.18015	0.43313	-1.65331	0.00684981	0.00627203	-0.00205435
4706.549126165	3731.539941607	-0.177462	0.484426	-1.60641	0.00661628	0.00623316	-0.00185175
4689.392154601	3730.63086029	-0.189764	0.498192	-1.586	0.00557562	0.00619535	-0.00222146
4707.970671156	3732.709529682	-0.186841	0.50406	-1.6415	0.00539762	0.0064005	-0.00211778
4686.589616991	3731.498721008	-0.179296	0.432664	-1.64179	0.00563299	0.00632694	-0.00221618
4697.333046487	3734.049570503	-0.180005	0.408825	-1.65256	0.00668232	0.0061517	-0.00220214
4696.045692983	3738.716410743	-0.182457	0.429693	-1.66542	0.006504	0.0064771	-0.00203654
4691.909350971	3739.299997871	-0.171503	0.462247	-1.64622	0.00678201	0.00634304	-0.00218217
4685.070746306	3737.026923222	-0.173847	0.447723	-1.66743	0.00654931	0.00624662	-0.00189005
4700.622581227	3738.194468835	-0.179806	0.519082	-1.59676	0.00629302	0.0062723	-0.00202058
4703.204661393	3740.33998244	-0.190289	0.532585	-1.56613	0.00516597	0.00619614	-0.00224097
4702.344951092	3744.350263951	-0.189512	0.510089	-1.6292	0.004851	0.00655054	-0.0020765
4707.320358561	3744.724034517	-0.193528	0.444958	-1.63433	0.0055469	0.00657902	-0.00184695
4710.304275874	3746.370816012	-0.192514	0.400397	-1.65593	0.00580145	0.00660175	-0.00185427
4706.686635574	3743.769833356	-0.185119	0.425816	-1.65371	0.00608982	0.00651563	-0.0021057
4700.252448662	3742.038939558	-0.193969	0.423608	-1.65154	0.00595113	0.00671956	-0.0022811
4697.469081264	3734.884194792	-0.195623	0.478291	-1.60365	0.00592193	0.00664488	-0.00204158
4705.246657686	3736.466731569	-0.191791	0.527865	-1.61553	0.00490445	0.00676504	-0.00219036
4718.909858014	3739.45076871	-0.192629	0.479059	-1.64322	0.00560117	0.00664488	-0.00242797
4702.057029246	3736.369064745	-0.192688	0.472596	-1.66261	0.00593526	0.00664488	-0.00242797
4702.658678993	3731.781137814	-0.197127	0.455275	-1.67153	0.00618473	0.00701075	-0.00228579
4696.957752711	3733.154043708	-0.190445	0.448197	-1.684	0.00641657	0.00725039	-0.00201604
4694.032452009	3734.16747627	-0.193435	0.494445	-1.64639	0.00635828	0.00721928	-0.00228211
4698.03718314	3735.938662275	-0.194729	0.494018	-1.58465	0.00572491	0.0069455	-0.00236868
4699.702779683	3730.719243196	-0.199132	0.549528	-1.59045	0.00475634	0.00617918	-0.00208663
4718.632995906	3745.130855833	-0.184368	0.527448	-1.50026	0.00502443	0.00586308	-0.00210715
4734.611736714	3752.137800614	-0.17654	0.453686	-1.37366	0.00639358	0.00499852	-0.00181884
4725.968551465	3750.716432665	-0.168318	0.457024	-1.25182	0.00696107	0.00439181	-0.0022204
4718.88552659	3753.573837154	-0.197624	0.459228	-1.14451	0.00732602	0.00495519	-0.00197248
