4709.575201451	3467.641731704	-0.0265141	0.181723	0.022767	-0.00320361	0.000112079	0.000892576	1
4607.071468455	3470.151218028	-0.0300458	0.190294	0.0582536	-0.00311471	0.000190509	0.000697958	1
4500.851868864	3463.80710267	-0.0406796	0.251381	0.0654149	-0.00438822	0.000245869	0.000929955	1
4453.200244068	3459.840259851	-0.0358645	0.251462	0.095439	-0.00393371	0.000189255	0.000863236	1
4387.879265531	3477.806739598	-0.0279722	0.197883	0.0112798	-0.00390508	0.000477392	0.000825553	1
4372.00153081	3469.445076221	-0.0313159	0.18895	0.0456864	-0.00328305	0.000367924	0.000640551	1
4330.054067302	3464.949807527	-0.0355266	0.170056	0.0602325	-0.00330818	0.000206476	0.000689425	0
4310.442895538	3462.598290921	-0.0334345	0.210794	0.0974651	-0.00340684	0.000272411	0.000525501	0
4314.609642528	3464.953241651	-0.0295803	0.204142	0.0931291	-0.00369678	0.000230883	0.000819191	0
4299.284526771	3467.355411591	-0.0349807	0.307107	0.124395	-0.00409999	1.98727e-05	0.000788909	0
4295.971646929	3461.666784707	-0.0354839	0.309209	0.149243	-0.00467309	0.000367593	0.000860415	0
4299.802571625	3473.549713277	-0.0346343	0.251098	0.112896	-0.00452328	-2.54438e-05	0.000948259	0
4313.159513687	3477.359015644	-0.0250833	0.231486	0.0733491	-0.0038768	7.25165e-05	0.000737205	0
4291.009978814	3475.888351918	-0.0353098	0.179335	0.0644388	-0.00397572	0.000104715	0.000650715	0
4313.312546631	3475.771591692	-0.0367109	0.194733	0.102915	-0.00311748	0.000240502	0.0006098	0
4292.624192978	3469.555826729	-0.0412128	0.215548	0.111584	-0.00314796	0.000384558	0.000646041	0
4297.960225017	3484.696451452	-0.0331765	0.272657	0.139557	-0.0036956	0.000179156	0.000830991	0
4297.389468815	3469.363086504	-0.0487653	0.278915	0.148517	-0.00404886	0.000205735	0.000651812	0
4308.773702872	3484.792606932	-0.0427299	0.259616	0.107658	-0.00335248	0.000464642	0.00062316	0
4314.06070769	3486.509239811	-0.0411747	0.184191	0.0641948	-0.00331259	0.000190175	0.000643014	0
4278.636981903	3476.068214177	-0.0388948	0.206229	0.099781	-0.00311305	0.000473684	0.000731183	0
4295.695620841	3469.596606955	-0.0384017	0.20777	0.107041	-0.00301285	0.000121378	0.000640277	0
4284.492192374	3464.337674873	-0.031571	0.260043	0.102807	-0.00336305	0.000256313	0.000927534	0
4281.082675062	3469.40000334	-0.0219467	0.316642	0.133996	-0.00350134	-0.000147703	0.00133784	0
4287.487670554	3467.774374755	-0.0310674	0.303512	0.155112	-0.0044188	0.00024799	0.00107045	0
4312.489286071	3485.254496649	-0.0258553	0.204255	0.042301	-0.00390393	0.000105825	0.00102458	0
4286.663843206	3465.689861311	-0.0299759	0.226061	0.0737709	-0.00337283	0.000220871	0.000878255	0
4282.001439515	3460.050170698	-0.0329696	0.187252	0.0675898	-0.00348827	0.000283822	0.000967453	0
4283.348979604	3468.133240743	-0.026346	0.205649	0.0975204	-0.00313392	0.000340279	0.000991468	0
4278.896854513	3457.857911606	-0.0311856	0.241803	0.0918226	-0.00314131	0.000148357	0.000797253	0
4284.757449477	3454.502772176	-0.0319993	0.281623	0.114349	-0.0034666	0.000405033	0.000820639	0
4292.260314645	3459.193785954	-0.0360167	0.305541	0.135883	-0.003942	0.000330182	0.000673924	0
4283.722209951	3465.406975323	-0.0322211	0.293607	0.168932	-0.00384159	0.000300887	0.000976049	0
4302.210289943	3472.274365369	-0.0295147	0.186774	0.0677109	-0.0033582	0.000115777	0.000911375	0
4284.862588777	3468.941547747	-0.0368116	0.198691	0.0573265	-0.00310763	0.000183975	0.00078824	0
4280.827053367	3467.825886619	-0.0242687	0.198905	0.0769572	-0.00320004	0.000210459	0.000682472	0
4264.34370494	3463.971082105	-0.031216	0.196503	0.0914681	-0.00312144	0.000264539	0.000736269	0
4285.491440819	3464.897007866	-0.0289324	0.216035	0.090153	-0.00294197	0.000421025	0.000601946	0
4268.595470232	3459.535481321	-0.0389009	0.27915	0.0796036	-0.00342613	0.000329322	0.000661618	0
4284.095440297	3461.825612956	-0.0345771	0.266999	0.079463	-0.00298099	0.000386963	0.000600906	0
4267.008178531	3459.682290134	-0.0397192	0.26719	0.0684732	-0.00305795	0.000286082	0.000626745	0
4272.136765913	3469.224863001	-0.0353015	0.240163	0.0845821	-0.0028439	0.000477039	0.000718593	0
4269.916654648	3467.892852043	-0.0381395	0.274713	0.110998	-0.00370334	0.000345284	0.000734281	0
4267.66622019	3468.321259048	-0.0352318	0.265191	0.162143	-0.00359007	0.000333717	0.00087204	0
4261.536683997	3469.256628651	-0.0236282	0.186469	0.104624	-0.00317204	0.000346694	0.000818395	0
4274.842898471	3478.154015417	-0.0240302	0.164676	0.0737745	-0.00308425	7.01042e-05	0.00073812	0
4263.884322714	3464.997026736	-0.0215878	0.16627	0.0908617	-0.00273681	0.000463821	0.000938743	0
4253.45541098	3469.112824696	-0.0326778	0.170159	0.0966528	-0.00295815	0.000265211	0.00096378	0
4260.097324141	3467.623273286	-0.0342574	0.203285	0.103639	-0.00244914	0.000396333	0.000769881	0
4254.191669477	3461.907602673	-0.0376611	0.242413	0.105014	-0.00308701	0.000338872	0.000720295	0
4259.906316355	3459.576261547	-0.0370466	0.289561	0.141758	-0.00354979	0.000486454	0.000690392	0
4267.786095996	3469.465680967	-0.0343445	0.299543	0.156934	-0.00426099	6.33331e-05	0.000791605	0
4267.478329742	3472.664138476	-0.032687	0.251907	0.167745	-0.00371941	0.000238184	0.00100807	0
4277.708298649	3468.313103002	-0.029844	0.169137	0.0907066	-0.0035181	0.000403919	0.00106369	0
4263.849181816	3465.354175662	-0.0321768	0.189034	0.0975001	-0.00325456	0.000153345	0.000693317	0
4268.043134663	3464.234221879	-0.0354535	0.168124	0.0976484	-0.00304443	0.000371379	0.000517757	0
4258.844437761	3460.597484257	-0.0319712	0.16904	0.102267	-0.00324782	-5.452e-05	0.000747011	0
4265.126723503	3465.188908431	-0.0409556	0.209718	0.109143	-0.00304318	0.000727807	0.000585734	0
4264.509774024	3464.242377924	-0.0437108	0.221013	0.0991207	-0.00330471	0.000556463	0.000616916	0
4268.781093525	3466.459963683	-0.040902	0.290572	0.118417	-0.00373036	0.000418245	0.000712211	0
4271.431114004	3466.529075434	-0.0385035	0.278184	0.134396	-0.00425475	0.000536458	0.000828995	0
4285.481805412	3469.203399724	-0.0404833	0.209591	0.095649	-0.00310504	0.000393112	0.000803128	0
4279.104865959	3467.041189219	-0.035344	0.193079	0.0685212	-0.00324917	0.000250219	0.0006168	0
4263.732990136	3468.419560855	-0.0368249	0.173368	0.106866	-0.0027386	0.000524347	0.000672324	0
4279.961850445	3464.544580861	-0.0301342	0.15281	0.0947837	-0.00253598	0.000553575	0.000633505	0
4259.62915669	3459.312263242	-0.0299785	0.194767	0.107648	-0.00331344	0.00027009	0.000760775	0
4275.173336272	3465.819070238	-0.0357133	0.240494	0.112303	-0.00297419	0.000602331	0.000765566	0
4267.186716965	3461.875837023	-0.039398	0.249556	0.135102	-0.00363532	0.000544436	0.000771814	0
4274.397685962	3462.488398943	-0.0376068	0.222393	0.115297	-0.00320641	0.000600771	0.000731723	0
4281.169960519	3464.393479392	-0.0413137	0.188538	0.069167	-0.00283865	0.000330331	0.000580499	0
4275.729922757	3464.957105041	-0.0442312	0.161526	0.0985123	-0.00252924	0.000621065	0.000620949	0
4274.090769891	3469.333896447	-0.0487898	0.164054	0.0986136	-0.00269589	0.000660855	0.000594491	0
4282.273498082	3461.177421996	-0.0419216	0.214182	0.111859	-0.00229237	0.00073096	0.000578041	0
4273.498475719	3467.172115207	-0.0535782	0.223563	0.108908	-0.00283967	0.000763908	0.000711143	0
4289.976156259	3484.522169645	-0.0367707	0.206883	0.09196	-0.0028565	0.00131234	0.000855243	0
4290.003078722	3479.255940048	-0.0429875	0.161623	0.0703164	-0.00258317	0.00121599	0.000602432	0
4283.734679302	3471.615872037	-0.0375763	0.164471	0.0753064	-0.00268129	0.000974578	0.00100143	0
4280.719930306	3471.782427065	-0.0324475	0.18663	0.0683518	-0.00166503	0.0013115	0.000879206	0
4283.870708585	3467.366572495	-0.0465932	0.12307	0.0592157	-7.34082e-05	0.00120429	0.000699057	0
4285.101490207	3469.093507747	-0.0303037	0.256848	0.0355904	-0.00103177	0.00150994	0.000849941	0
4277.027585443	3470.24909057	-0.0375258	0.22874	0.0259007	-0.0014973	0.00136951	0.00101335	0
4291.078560244	3467.670063229	-0.0296951	0.217003	0.0311196	-0.00112537	0.00172687	0.00104234	0
4294.961629499	3472.466247064	-0.0370054	0.246295	0.0662909	-0.00196322	0.00150072	0.00097833	0
4295.460120144	3469.927999949	-0.0385714	0.223687	0.121587	-0.0025961	0.00133588	0.00105485	0
4305.361635011	3466.488724474	-0.0379338	0.116632	0.0411659	-0.00207793	0.00126661	0.000778632	0
4286.72874051	3463.336198377	-0.0425172	0.150864	0.0527927	-0.00188712	0.00125891	0.000845145	0
4292.836171945	3468.197201308	-0.0460741	0.171788	0.0862346	-0.0018292	0.00160964	0.000430912	0
4271.891913202	3465.719051368	-0.050669	0.172611	0.0793877	-0.00210714	0.00154421	0.000785994	0
4289.322082121	3461.137929567	-0.0428674	0.231478	0.0686379	-0.00203043	0.00174467	0.000653771	0
4273.79037189	3459.633783128	-0.042808	0.307217	0.0740323	-0.00317679	0.00202459	0.000808762	0
4290.147043047	3464.400347641	-0.0459123	0.281105	0.104131	-0.0029541	0.00134831	0.000828518	0
4282.526852622	3467.395333286	-0.046022	0.220653	0.00714862	-0.00260052	0.00103396	0.000942482	0
4286.222031429	3463.091087756	-0.042415	0.184951	0.0567747	-0.00256132	0.00137809	0.000663813	0
4284.465553306	3463.216862558	-0.0430854	0.163956	0.0687524	-0.00251238	0.00125497	0.000808596	0
4297.298782626	3458.425400644	-0.0496654	0.19843	0.0994331	-0.00222611	0.0014184	0.000784902	0
4285.944871764	3455.385771383	-0.0444473	0.193862	0.111815	-0.00241581	0.00133417	0.000898727	0
4285.675930535	3463.656859733	-0.0382877	0.273584	0.135928	-0.00297397	0.00106161	0.00103277	0
4279.438704493	3460.265661997	-0.0371331	0.255915	0.15271	-0.00312295	0.00131907	0.000982048	0
4298.016903885	3464.30719702	-0.0398723	0.21985	0.0903538	-0.00310647	0.00105613	0.00107813	0
4289.350421555	3467.600092947	-0.0380227	0.1965	0.0550526	-0.00266958	0.000873945	0.000857747	0
4278.473179974	3459.537627648	-0.040614	0.173142	0.0529508	-0.00231978	0.00102814	0.000921577	0
4290.309711398	3461.414805838	-0.0394161	0.184936	0.0788335	-0.00232473	0.00114675	0.0011673	0
4273.272327035	3453.178058731	-0.0451343	0.197585	0.0828647	-0.00249838	0.00102364	0.000908654	0
4288.87346888	3462.991068886	-0.0455067	0.262573	0.109363	-0.0029289	0.00107273	0.00103143	0
4292.527272113	3471.001163789	-0.0428731	0.248832	0.13741	-0.0033097	0.00128928	0.000980575	0
4299.933783205	3467.872247297	-0.0472119	0.261366	0.143318	-0.00354029	0.00107171	0.00117288	0
4300.984326026	3481.038250554	-0.0356365	0.18842	0.0663376	-0.00295526	0.00128507	0.0010255	0
4294.468239952	3477.166275418	-0.0527342	0.171072	0.0669868	-0.0033414	0.000998683	0.0010362	0
4289.447909208	3473.046184803	-0.0484777	0.169642	0.0864709	-0.00303266	0.00125097	0.00092825	0
4293.913637228	3464.870822669	-0.0522283	0.165175	0.0812218	-0.00290853	0.00129252	0.000849135	0
4290.983056351	3466.627806508	-0.0476128	0.207818	0.0896372	-0.00270497	0.0012246	0.00113165	0
4291.524906331	3471.260010908	-0.0481827	0.254155	0.135834	-0.0030876	0.00124704	0.00101425	0
4291.340700009	3473.31962695	-0.0435813	0.260268	0.144478	-0.0032989	0.00120623	0.00114064	0
4298.912430002	3474.066548982	-0.0364728	0.225593	0.104616	-0.00311869	0.00132779	0.00123869	0
4284.587979661	3471.368185823	-0.0449428	0.176938	0.0838498	-0.0027837	0.00104401	0.000977741	0
4281.64011173	3464.191295325	-0.0413095	0.165777	0.108141	-0.00297622	0.000888647	0.000975938	0
4281.06878874	3467.599234416	-0.0403713	0.191254	0.082436	-0.00204496	0.00104322	0.00117057	0
4276.74730844	3459.619617366	-0.0361494	0.207424	0.101479	-0.00233995	0.00108231	0.00114498	0
4274.830712514	3459.152147197	-0.0413673	0.233658	0.114158	-0.00271175	0.00146156	0.00114216	0
4274.276393184	3460.075497365	-0.0485959	0.248017	0.106371	-0.00320865	0.00126092	0.00136934	0
4286.766148563	3460.917716347	-0.036995	0.234432	0.111118	-0.00301697	0.00125142	0.00133491	0
4284.962060191	3467.974412494	-0.0352327	0.15222	0.0625375	-0.00296777	0.00118719	0.00135492	0
4281.165709604	3465.690719842	-0.033001	0.150326	0.0842004	-0.00258501	0.00134121	0.00115005	0
4275.907894403	3457.886672397	-0.040877	0.153659	0.0919607	-0.00266106	0.00117827	0.00112997	0
4287.296946163	3462.221825045	-0.0344108	0.190247	0.0923683	-0.00220394	0.00144499	0.00119482	0
4274.824477839	3467.415079501	-0.0311409	0.237191	0.103973	-0.00291752	0.00120139	0.00139468	0
4287.322451654	3457.45740686	-0.0250937	0.258119	0.124326	-0.00299976	0.00134727	0.00169261	0
4289.731870338	3472.907102769	-0.0242692	0.203018	0.0767005	-0.00315757	0.00128794	0.00132693	0
4292.488730483	3468.250000969	-0.031846	0.173711	0.0835752	-0.00237687	0.00127443	0.00113375	0
4272.56752531	3465.092752951	-0.0407153	0.157918	0.0811141	-0.0024751	0.00141904	0.0012815	0
4281.082391668	3465.030938713	-0.0175753	0.191654	0.0911963	-0.00229466	0.00194533	0.00153855	0
4261.094022037	3465.200069335	-0.0326799	0.192065	0.0813351	-0.00235985	0.00144458	0.00150181	0
4278.685158941	3466.704645039	-0.0280346	0.267185	0.109385	-0.00283429	0.00149049	0.00138466	0
4269.192298714	3465.009904702	-0.0189361	0.257067	0.120167	-0.00345179	0.00138527	0.00168744	0
4291.366772289	3470.739741078	-0.015457	0.183674	0.0820569	-0.00257253	0.00140119	0.00148455	0
4278.222942771	3465.673978487	-0.026664	0.160092	0.0732047	-0.00267386	0.00123922	0.00137994	0
4273.223583209	3462.097767305	-0.0256308	0.175384	0.11617	-0.00217548	0.0015519	0.00119414	0
4263.407936828	3458.030905617	-0.0246244	0.168918	0.0951656	-0.00237954	0.00158415	0.00128284	0
4273.483172425	3458.997182338	-0.0268355	0.210831	0.111526	-0.0028577	0.00172087	0.00131337	0
4271.531718995	3464.490922669	-0.0230676	0.245471	0.106281	-0.00315067	0.00180181	0.00152795	0
4278.492734184	3460.734419963	-0.024875	0.256976	0.131466	-0.00291697	0.00143882	0.00151456	0
4284.030259599	3459.351326406	-0.0217188	0.170493	0.0777077	-0.00290607	0.00171388	0.00143591	0
4274.834963429	3456.653392511	-0.033375	0.165768	0.0913439	-0.00275431	0.00130368	0.00135057	0
4272.744930168	3459.583988326	-0.0295404	0.164877	0.0902957	-0.00233378	0.00195022	0.00126223	0
4275.373696071	3458.22965556	-0.0225186	0.154851	0.0870196	-0.00254885	0.00184489	0.0012596	0
4280.424633404	3459.897781433	-0.013201	0.235804	0.0715323	-0.00273198	0.002151	0.00158616	0
4282.490861541	3460.646420528	-0.0270854	0.232618	0.0592792	-0.00332985	0.00197198	0.00170063	0
4281.082675062	3462.43388222	-0.0225781	0.192093	0.0598209	-0.0027853	0.00157795	0.00144627	0
4274.963057671	3464.322221313	-0.0320595	0.1585	0.0449956	-0.00316092	0.00125828	0.00140451	0
4282.383171691	3460.157057817	-0.0300714	0.167754	0.0754723	-0.0028883	0.00177839	0.00126741	0
4277.74230597	3460.353232167	-0.0323076	0.174108	0.061768	-0.0028614	0.00158462	0.00127867	0
4283.025910056	3462.635637022	-0.0341201	0.201313	0.0830666	-0.00287231	0.00186382	0.00130975	0
4288.6220981	3468.699012719	-0.0280803	0.212932	0.0742528	-0.00306012	0.00190889	0.00153612	0
4277.852829763	3463.558128659	-0.0193636	0.276261	0.08834	-0.00395764	0.00165643	0.0016887	0
4298.715470935	3471.839519381	-0.0224782	0.243776	0.0606128	-0.00263255	0.00168405	0.00132793	0
4301.116387789	3474.452458699	-0.0259779	0.183047	0.00250113	-0.00328685	0.00166244	0.00155485	0
4284.390170412	3471.97044537	-0.0252572	0.181955	0.041036	-0.00278229	0.00175604	0.00143292	0
4280.484996398	3473.930901073	-0.0290287	0.165862	0.0130426	-0.00266264	0.00157819	0.00146439	0
4285.352010804	3467.229636789	-0.0208897	0.184137	0.0545316	-0.00246512	0.00180836	0.00162709	0
4274.290279507	3462.302526966	-0.0215382	0.210525	0.027721	-0.00308081	0.00168719	0.00187829	0
4279.073409188	3467.328797128	-0.0206897	0.259406	0.0518591	-0.0030423	0.0017119	0.00193058	0
4276.343754899	3469.842576107	-0.0152224	0.279482	0.0288219	-0.00389305	0.00179328	0.00208803	0
4292.176146525	3475.050425591	-0.0135927	0.192661	0.0245711	-0.00289933	0.00146152	0.00176633	0
4275.285843825	3472.409154748	-0.021072	0.177323	0.00810294	-0.00339726	0.00146084	0.00164632	0
4273.516329563	3472.133566273	-0.0190849	0.151417	0.0455407	-0.00271016	0.0014055	0.00175258	0
4264.393015556	3472.473544578	-0.0187644	0.147155	0.0412528	-0.00300596	0.00145097	0.00179218	0
4273.770250892	3465.466643233	-0.0206007	0.190991	0.0855624	-0.00285624	0.00180838	0.00169051	0
4279.174014178	3468.204069556	-0.0194734	0.224682	0.0774244	-0.00349428	0.00177198	0.00193138	0
4267.299224518	3460.710810358	-0.0143184	0.262346	0.103273	-0.00425279	0.001598	0.00215305	0
4285.457150104	3460.508626291	-0.00394915	0.206511	0.058773	-0.00337911	0.00179391	0.0020389	0
4277.111186773	3468.626037578	-0.0115814	0.173374	0.0197007	-0.00350364	0.00136095	0.00184209	0
4274.12137648	3463.664586512	-0.00794745	0.157073	0.0561447	-0.00314282	0.00157166	0.001625	0
4260.790506698	3455.513692513	-0.0153347	0.154513	0.0415936	-0.00352434	0.00169851	0.00177709	0
4271.076587684	3458.19788991	-0.0212411	0.181188	0.0634355	-0.00314167	0.0017528	0.0017743	0
4260.700387297	3452.146104383	-0.0204289	0.218884	0.0370941	-0.00362975	0.00155468	0.00187056	0
4276.772813931	3460.830575443	-0.02011	0.229685	0.0830159	-0.00407476	0.00184432	0.0020657	0
4265.585255546	3465.245142216	-0.0162667	0.202984	0.0303068	-0.00409889	0.00158318	0.00218613	0
4285.195860522	3465.968025379	-0.0183978	0.151985	0.0303445	-0.00312665	0.00158609	0.00195808	0
4272.547687706	3463.413895439	-0.0214449	0.129445	0.0299432	-0.00330441	0.0016215	0.00203659	0
4271.776288311	3462.855850242	-0.0180567	0.1517	0.0612454	-0.00298966	0.00122508	0.00189829	0
4269.917504831	3456.07173771	-0.0255665	0.138116	0.0610233	-0.00282001	0.00152783	0.00179327	0
4268.342682481	3456.073884038	-0.0305298	0.180535	0.0694147	-0.00301743	0.00167743	0.00203388	0
4263.110939559	3456.519032399	-0.0259726	0.206493	0.0682423	-0.00365789	0.00188118	0.00220091	0
4273.186175156	3456.320282455	-0.0258409	0.244797	0.0884519	-0.00389875	0.0015316	0.00219728	0
4268.129569936	3459.497705953	-0.0222571	0.197884	0.0664407	-0.00319103	0.0015932	0.00210303	0
4274.26959172	3461.733320865	-0.0221653	0.142822	0.0498235	-0.00349102	0.00155384	0.00220921	0
4276.903175327	3458.496658723	-0.0279319	0.141518	0.0765401	-0.00299659	0.00163225	0.0020832	0
4263.413037926	3459.397257818	-0.0325667	0.141406	0.0603818	-0.00294187	0.00171653	0.00209448	0
4269.026513024	3461.774101091	-0.0262329	0.14122	0.0728395	-0.00286179	0.00191192	0.00217381	0
4264.763978747	3458.055803018	-0.0282043	0.169301	0.0571038	-0.00308521	0.00174874	0.00217823	0
4278.891753415	3464.824032725	-0.017488	0.213843	0.0858662	-0.00314093	0.00186248	0.00209355	0
4277.054507905	3462.955869112	-0.0271365	0.226211	0.0920749	-0.00355162	0.00172657	0.00213351	0
4296.98563188	3473.854491808	-0.0242183	0.139731	0.0561947	-0.00262299	0.00174233	0.00189466	0
4283.956010282	3471.372907744	-0.0311617	0.107832	0.0552329	-0.00259843	0.00174631	0.00211408	0
4288.158748353	3469.046717804	-0.0219009	0.139205	0.0906136	-0.00238883	0.00183959	0.00197675	0
4290.462744342	3475.433759715	-0.00830463	0.116077	0.0702845	-0.00222981	0.00202307	0.00208479	0
4284.818946049	3467.028311253	-0.0269001	0.160411	0.0721798	-0.00287604	0.00174717	0.00192566	0
4299.137445108	3467.871818031	-0.0289748	0.109035	0.0694228	-0.000578029	0.00150942	0.00188053	0
4287.657423764	3470.752189778	-0.0186539	0.169131	0.0463698	-8.95405e-05	0.00161738	0.0019618	0
4294.91401925	3472.282521414	-0.00986363	0.228241	0.0578491	-0.000774413	0.00195893	0.00237562	0
4282.171476119	3473.68793678	-0.000218232	0.190904	0.0480662	-0.00142978	0.00168364	0.00244738	0
4290.792898749	3472.1992439	-0.000273766	0.214489	0.0514712	-0.00181903	0.00177526	0.00244857	0
4284.073335539	3476.805692368	-1.36392e-05	0.24028	0.0840773	-0.00238541	0.00198987	0.00254706	0
4308.292215887	3476.521947849	0.00138609	0.184341	0.102686	-0.00223727	0.00183213	0.00251743	0
4285.768600484	3475.490852031	-0.00479163	0.118382	0.0162344	-0.00219907	0.00172003	0.00233195	0
4285.664027973	3469.900097689	-0.00763447	0.103254	0.0787075	-0.00150928	0.00186081	0.00213889	0
4273.343175621	3467.716423907	-0.025094	0.122119	0.0852139	-0.00194079	0.00157406	0.00235036	0
4279.368989485	3460.60392324	-0.0245057	0.170211	0.103315	-0.00202425	0.00152455	0.00209186	0
4268.324828637	3458.733613299	-0.0274893	0.219174	0.0779979	-0.002267	0.00150243	0.00219477	0
4279.857561328	3458.563194881	-0.0303004	0.292954	0.103848	-0.00256602	0.00177628	0.00213984	0
4277.705181311	3463.272237812	-0.0314634	0.228527	0.0611746	-0.00303124	0.00199536	0.0018075	0
4279.65918529	3460.678186178	-0.0359685	0.176897	0.0782403	-0.00233823	0.00227898	0.00161079	0
4280.917172768	3457.396021889	-0.0420132	0.130895	0.0779879	-0.00210555	0.00228595	0.00151178	0
4279.338382896	3453.824103363	-0.0481106	0.166281	0.104067	-0.0023652	0.00266176	0.00151673	0
4277.55299855	3456.167034659	-0.0429229	0.165725	0.0789536	-0.00212247	0.002316	0.00182037	0
4279.096647524	3450.817956814	-0.0399277	0.226558	0.0882921	-0.00324698	0.00194841	0.00182035	0
4280.61309064	3461.616131374	-0.0251201	0.248439	0.128783	-0.00368435	0.0024229	0.00196414	0
4292.078658872	3462.803479847	-0.030016	0.166885	0.0516612	-0.00357943	0.00219724	0.00170503	0
4285.550953631	3459.884044936	-0.0314784	0.170791	0.0511553	-0.00300837	0.00207871	0.00175467	0
4277.709148832	3456.487266749	-0.0345138	0.16272	0.0330418	-0.00301344	0.00179436	0.00202742	0
4272.326073332	3453.030391387	-0.0241221	0.185594	0.0705264	-0.00271439	0.00194934	0.00194448	0
4282.555192056	3461.731174538	-0.0243009	0.194689	0.0662303	-0.00283481	0.00191194	0.00213136	0
4285.379783449	3454.997715339	-0.032961	0.227513	0.0744237	-0.00269072	0.00189136	0.00214039	0
4294.821632695	3455.495234095	-0.024843	0.219499	0.0434938	-0.00298793	0.0018906	0.00242387	0
4283.311288157	3461.864246854	-0.0235206	0.235975	0.0584078	-0.00316908	0.00189449	0.00243035	0
4287.610380304	3463.511338716	-0.0345517	0.252932	0.0663881	-0.00360209	0.00217789	0.00244191	0
4278.237679277	3465.074294533	-0.0318444	0.215871	0.0675677	-0.00376508	0.00203649	0.00235512	0
4296.281113549	3477.216499486	-0.0149984	0.166164	0.0301105	-0.00303993	0.00222886	0.00237767	0
4286.226282344	3469.20769238	-0.0229392	0.110399	-0.0103116	-0.00335176	0.00215563	0.0023293	0
4291.934977942	3469.466968763	-0.0223608	0.129036	0.0286439	-0.00283204	0.00191079	0.00222069	0
4273.054963576	3468.700300516	-0.0250961	0.16508	0.0063812	-0.00319695	0.00210559	0.00234708	0
4289.115771041	3464.583214759	-0.036379	0.176632	0.0385303	-0.00247867	0.00215509	0.00240963	0
4279.871447651	3469.39227656	-0.0273448	0.22656	0.0167679	-0.00356979	0.00195079	0.0025695	0
4292.450472247	3472.381681753	-0.0131282	0.265909	0.0512123	-0.00368251	0.0019049	0.00275857	0
4283.597233047	3468.29893724	-0.01537	0.253901	0.0320358	-0.00408502	0.00197309	0.0027503	0
4296.808510417	3475.544510223	-0.0191129	0.169013	0.0148562	-0.00310417	0.00183469	0.00247375	0
4272.95464198	3467.787681986	-0.018789	0.136405	-0.0165443	-0.00337531	0.00173446	0.00256719	0
4284.223534539	3471.282761981	-0.0102766	0.135885	0.043421	-0.00302205	0.00185035	0.00251825	0
4277.216609468	3466.860897694	-0.0266263	0.15343	0.0352624	-0.00305069	0.00194749	0.00253429	0
4277.988575652	3463.323749677	-0.00738894	0.146476	0.0622027	-0.00284803	0.00182085	0.00252585	0
4270.188429821	3457.08909703	-0.00729419	0.204166	0.0500362	-0.0034287	0.00182437	0.00286418	0
4271.032944956	3464.289167867	-0.0233913	0.23141	0.0793553	-0.00408778	0.0019018	0.00271187	0
4270.525952481	3453.024810935	-0.0246286	0.192722	0.048814	-0.00377206	0.00206762	0.00279064	0
4274.783669054	3457.412763245	-0.0212898	0.149869	0.0376449	-0.00355162	0.0019037	0.00262087	0
4270.451136375	3455.129929124	-0.0279267	0.132143	0.0231949	-0.00346027	0.0016733	0.00266007	0
4278.710947826	3459.511013185	-0.0272897	0.127407	0.0558204	-0.00313627	0.00190733	0.00243779	0
4270.883312744	3461.323372278	-0.0206391	0.143049	0.0391387	-0.00348866	0.00201235	0.00264181	0
4277.53146058	3455.3033524	-0.0262475	0.170848	0.0666702	-0.00310386	0.00194498	0.00259727	0
4274.687881767	3456.963751494	-0.0166277	0.18574	0.0371737	-0.00340232	0.00191208	0.00279123	0
4283.350113182	3463.033136909	-0.022892	0.240339	0.0617285	-0.00386558	0.00194529	0.00270146	0
4289.61709563	3465.921235435	-0.019446	0.192197	0.0202308	-0.00395641	0.00196578	0.00297086	0
4291.883683566	3469.743415769	-0.0213485	0.152868	0.0280841	-0.00335094	0.00179416	0.00243669	0
4287.735640603	3467.139061761	-0.0151331	0.108661	0.0307559	-0.00342034	0.00191305	0.00272812	0
4293.493080026	3469.582870458	-0.0187379	0.140372	0.0525732	-0.00276172	0.00190327	0.00245095	0
4271.969279857	3459.137552169	-0.0288538	0.152845	0.0247171	-0.00288239	0.00204959	0.00269903	0
4281.383923247	3460.342929794	-0.0230471	0.24487	0.0452843	-0.00303176	0.00192344	0.00259265	0
4284.510329612	3464.263411935	-0.0223651	0.223697	-0.00670005	-0.00362681	0.00219701	0.00262721	0
4287.518560538	3472.16661972	-0.0143376	0.170907	0.0162906	-0.00282348	0.00237467	0.00253355	0
4282.955061471	3464.639019279	-0.0205814	0.14374	0.00956462	-0.00249796	0.00187626	0.00243426	0
4284.166288883	3463.970652839	-0.0175523	0.160647	0.0473042	-0.00293845	0.00218492	0.00242845	0
4278.888919472	3454.191983927	-0.0163139	0.154968	0.0366054	-0.00287162	0.00221248	0.00270031	0
4282.66514906	3460.75588324	-0.00674139	0.221518	0.0473687	-0.00297981	0.00218647	0.00257549	0
4270.183045328	3461.065383691	-0.0208903	0.246855	0.0313296	-0.00350146	0.00200775	0.00263566	0
4278.995475744	3465.306527188	-0.0241409	0.238226	0.0480247	-0.00358402	0.00191062	0.00253344	0
4281.92804038	3463.384705383	-0.0204407	0.150063	0.0131097	-0.00314962	0.00198897	0.00250235	0
4283.249791585	3462.175035102	-0.0307832	0.160609	0.0330748	-0.00331137	0.00185657	0.00251721	0
4276.567069639	3453.508163929	-0.029194	0.171676	0.036888	-0.00268809	0.00195193	0.0024861	0
4265.382911987	3456.234429348	-0.0311864	0.174841	0.0474799	-0.0029969	0.00179161	0.00258568	0
4271.913451172	3456.720357935	-0.0292403	0.239327	0.0507038	-0.00332125	0.00216553	0.00257564	0
4269.335412856	3454.596781328	-0.0340272	0.234159	0.036531	-0.00372605	0.00185322	0.002591	0
4286.715987765	3462.667831937	-0.0195306	0.194532	0.0210949	-0.00310078	0.00207577	0.00242819	0
4276.497638026	3457.166794093	-0.0178047	0.138861	-0.0427595	-0.00339095	0.00258958	0.0023679	0
4276.652938124	3461.018593748	-0.0202231	0.161304	0.0311188	-0.00275783	0.0021624	0.00215413	0
4279.393361398	3460.2394768	-0.0330074	0.170679	0.0142587	-0.00327455	0.00220331	0.00238272	0
4281.747234791	3467.348114077	-0.0256786	0.197045	0.0315112	-0.00257103	0.00223778	0.00231992	0
4278.78888127	3460.098677704	-0.0221904	0.235158	0.0269526	-0.00366073	0.00221344	0.00249108	0
4273.311718849	3464.850217923	-0.0123966	0.265676	0.0560302	-0.00403912	0.0018476	0.00289018	0
4292.510268453	3465.591559504	-0.0144639	0.225442	0.0310873	-0.00386492	0.00214316	0.0027158	0
4290.204572098	3480.320518578	-0.0224665	0.163373	-0.0595245	-0.00389636	0.00189813	0.0026417	0
4289.209857962	3467.810862325	-0.0201227	0.161255	0.00100112	-0.00328163	0.00190998	0.00260514	0
4271.493177365	3466.294267186	-0.0226757	0.171874	-0.0411221	-0.00347892	0.001907	0.00262326	0
4286.30761652	3466.888370688	-0.0192445	0.182893	0.0143699	-0.00306664	0.0020619	0.0025852	0
4269.328327997	3467.279860857	-0.0186685	0.209478	-0.0390065	-0.00368402	0.00214412	0.00278342	0
4286.504858981	3464.322221313	-0.0180783	0.262244	0.0239061	-0.00356942	0.00200995	0.00270933	0
4273.05326321	3472.386403674	-0.018835	0.251819	-0.0128485	-0.00444227	0.00173029	0.00290127	0
4290.385944476	3471.069846275	-0.0136473	0.18563	-0.0198728	-0.00330588	0.00183184	0.00259629	0
4283.86645767	3471.686271585	-0.019063	0.159116	-0.0334957	-0.00356829	0.00184823	0.00274656	0
4274.840631316	3469.02396673	-0.0145363	0.174725	0.0281059	-0.00311095	0.00184361	0.00260908	0
4278.353020774	3463.151614197	-0.0121677	0.149094	-0.000122901	-0.00298684	0.00187582	0.00267716	0
4274.834680035	3465.690290577	-0.0200337	0.203532	0.0337083	-0.00315566	0.00184392	0.00262847	0
4274.24153568	3465.004753516	-0.0159398	0.241201	0.0260493	-0.00353675	0.0017542	0.00284844	0
4271.739730441	3459.862581659	-0.0202187	0.260996	0.0406438	-0.00399849	0.00151928	0.00286491	0
4274.782535476	3464.150515099	-0.00673304	0.184958	0.0107757	-0.00330556	0.00184714	0.00282417	0
4268.358269169	3456.944434545	-0.0192003	0.145137	-0.0139697	-0.00349107	0.00177112	0.00275881	0
4276.105420258	3468.417414528	-0.0159517	0.151417	0.034887	-0.00307781	0.00172277	0.00259297	0
4264.356457686	3456.796337935	-0.0245319	0.144566	-0.00755809	-0.00356244	0.00168897	0.00276944	0
4271.506213505	3457.022990138	-0.0181061	0.183179	0.0259612	-0.0030976	0.00183511	0.0027858	0
4269.456989028	3457.517933301	-0.025427	0.240966	0.00755291	-0.0042265	0.00184604	0.00290975	0
4275.027104792	3462.955010581	-0.0198573	0.224885	0.0414914	-0.00396723	0.00184923	0.00301687	0
4282.732880308	3460.560567421	-0.0144121	0.130594	-0.0392401	-0.00381786	0.00173351	0.00295208	0
4276.522860122	3461.257265386	-0.0242728	0.168266	0.0186741	-0.0036818	0.00154387	0.00297977	0
4274.034657812	3463.005663914	-0.011395	0.141673	0.0282094	-0.00321498	0.001807	0.0030038	0
4271.693537164	3462.223971373	-0.0300119	0.167225	0.0310353	-0.00329079	0.00175157	0.00279618	0
4273.633371425	3460.560567421	-0.0145193	0.179729	0.0379312	-0.0031344	0.00194236	0.00290108	0
4271.086506486	3466.790927411	-0.0209515	0.224201	0.0418657	-0.00372794	0.00169082	0.00303359	0
4272.068751271	3463.191106626	-0.023565	0.241086	0.0589141	-0.00368208	0.00184266	0.00324967	0
4283.872692346	3464.640736341	-0.0164566	0.163884	0.0156745	-0.0039413	0.00181207	0.00322192	0
4272.742946407	3465.302663798	-0.0144987	0.164226	0.0221599	-0.00292114	0.00197047	0.00302182	0
4274.787919969	3459.19893714	-0.0200881	0.107701	0.0162235	-0.00352152	0.00177847	0.00304814	0
4272.540886242	3470.196290909	-0.0197778	0.151328	0.0341013	-0.00296347	0.00197387	0.00303625	0
4253.112787222	3462.28192222	-0.0194746	0.151271	0.0221269	-0.00339915	0.00213345	0.00309505	0
4258.523635367	3461.603682673	-0.0207707	0.199567	0.0531485	-0.00322815	0.00211487	0.0031992	0
4261.129446329	3457.496040759	-0.0238727	0.235377	0.0189658	-0.0038403	0.00220567	0.00333014	0
4275.572638898	3463.206989451	-0.00539953	0.199468	0.02398	-0.00301349	0.00214668	0.00330155	0
4275.77583264	3466.126853627	-0.0256842	0.145355	-0.0149378	-0.00325251	0.00218669	0.00320225	0
4264.568720047	3460.754166178	-0.014922	0.139024	0.03102	-0.00290855	0.00238223	0.00312687	0
4270.220736776	3461.304055329	-0.00968252	0.123559	0.0286925	-0.00268056	0.00258973	0.00312912	0
4260.290882475	3460.474285048	-0.0273153	0.164537	0.0439947	-0.00274095	0.00226492	0.00308697	0
4280.108081925	3457.42091929	-0.0144371	0.171092	0.0378217	-0.00265451	0.00257232	0.00322949	0
4263.939301216	3458.798432395	-0.0222233	0.239553	0.03838	-0.00316765	0.00233687	0.00324072	0
4282.858140606	3468.14697724	-0.00737088	0.211311	0.0252428	-0.00280065	0.00312247	0.0034771	0
4284.253007551	3468.462916674	-0.0100185	0.13175	-0.027402	-0.00277381	0.00285594	0.00321421	0
4280.340748679	3465.746524362	-0.0132092	0.159667	0.0100706	-0.00195319	0.00278633	0.00330283	0
4273.801707664	3464.125617698	-0.00666937	0.131303	0.0163394	-0.00258547	0.00258753	0.00339865	0
4281.213319853	3465.070431143	-0.00234969	0.160806	0.0359523	-0.00247069	0.00261952	0.00346315	0
4269.098211793	3459.508437592	-0.00672852	0.227952	-0.00931327	-0.00318585	0.00258472	0.00360929	0
4267.27711976	3464.5553125	-0.00365926	0.253594	0.0342059	-0.00322081	0.00276551	0.00390722	0
4269.445653254	3466.426480971	-0.000405751	0.234137	-0.0272583	-0.00367456	0.00267422	0.00395399	0
4276.949651999	3460.499182449	0.00117049	0.159948	0.00115083	-0.00270298	0.00259753	0.00377756	0
4278.662203999	3463.87535589	-0.00228261	0.14107	-0.015789	-0.00235061	0.00258279	0.00393893	0
4265.851646227	3454.640995678	0.00523395	0.182435	0.0328284	-0.00229714	0.00249667	0.0038122	0
4266.252649219	3462.864006287	-0.0115216	0.162648	0.0186444	-0.00214926	0.00235995	0.00380578	0
4267.98418864	3462.102059961	0.00317448	0.228416	0.0196757	-0.00283567	0.00199601	0.00407388	0
4265.929012882	3458.965845954	-0.00863664	0.258265	0.0240266	-0.00247806	0.00227023	0.00413212	0
4272.553355593	3470.820013733	0.00116731	0.17782	-0.0198158	-0.00267512	0.00265572	0.00410419	0
4279.358787289	3465.777431481	0.0100013	0.175703	-0.0194445	-0.00187786	0.0029346	0.00394692	0
4280.774908809	3460.295281319	-0.00897338	0.0874376	-0.0957233	-0.000216954	0.00258001	0.00328477	0
4271.522083588	3462.795753067	-0.00283152	0.159392	-0.0437892	-0.000825917	0.00325679	0.00360247	0
4276.254769076	3456.272204715	0.00643807	0.184028	-0.0235889	-0.00129257	0.00317578	0.00391343	0
4274.311817477	3456.9487272	0.00022666	0.207457	-0.00879842	-0.0016197	0.00321822	0.00437608	0
4281.10931413	3456.635792624	0.0141446	0.21617	-0.0153619	-0.00181314	0.00335695	0.00430673	0
4272.135348941	3459.278351264	0.0174827	0.270438	-0.061461	-0.00309327	0.00335534	0.00454534	0
4283.02222593	3468.842387408	0.0127582	0.271864	0.00821775	-0.00305638	0.00350232	0.00456023	0
4288.434491046	3462.490545271	0.00993368	0.235128	-0.000122838	-0.0035105	0.00319998	0.00428581	0
4279.304375575	3471.71073972	0.0172309	0.201902	-0.0287853	-0.00336802	0.0035058	0.00460631	0
4286.905295185	3474.685979151	0.0260567	0.191635	-0.0408103	-0.00250635	0.00382324	0.00446879	0
4255.880983141	3460.014112393	0.0132586	0.162248	-0.0984809	-0.00278356	0.00369143	0.00451028	0
4280.186582157	3466.09680504	-0.00214936	0.185653	-0.029234	-0.00228914	0.0038368	0.0046858	0
4277.284057321	3466.447944248	0.00219846	0.230176	-0.0747152	-0.00259132	0.00380723	0.00484326	0
4284.374583723	3458.893729344	0.00550197	0.166499	0.00712331	-0.00271722	0.00399291	0.00411049	0
4272.760800251	3452.568072405	0.0186822	0.185907	-0.0347095	-0.00274265	0.00442547	0.00462771	0
4273.550620278	3464.489634872	0.00822395	0.284131	-0.0418111	-0.00311919	0.00448138	0.00461541	0
4279.703394807	3467.326221535	0.034601	0.246924	-0.04031	-0.00231934	0.00429686	0.0047143	0
4270.622023162	3471.587540512	0.0223661	0.206696	-0.0907759	-0.00243988	0.00439186	0.00490171	0
4278.052906167	3468.753100177	0.0252367	0.217585	-0.0491812	-0.00231113	0.0039951	0.00523223	0
4259.936356155	3463.890380184	0.0311297	0.222583	-0.0760941	-0.00319034	0.0037979	0.00544611	0
4280.816000988	3473.825731017	0.0279918	0.187952	-0.0959889	-0.00206108	0.00387297	0.00529453	0
4283.368250419	3462.410701881	0.0402864	0.155209	-0.136881	-0.00263889	0.00355424	0.00521892	0
4259.223902783	3457.434226522	0.0393815	0.163905	-0.0711777	-0.00218012	0.00364034	0.00525596	0
4262.824144486	3454.850047994	0.038615	0.185019	-0.0502233	-0.00175616	0.00392153	0.00530723	0
4247.639592322	3454.48216743	0.0384645	0.22899	-0.0627997	-0.00188131	0.00394626	0.00536886	0
4266.302526623	3455.156972853	0.0405932	0.285638	-0.0496706	-0.00194942	0.00372704	0.00533778	0
4261.418791951	3450.339755007	0.0387501	0.33712	-0.0584038	-0.00302918	0.00368632	0.0057118	0
4271.375568714	3463.460685383	0.0394353	0.296229	-0.0156096	-0.00276008	0.00355824	0.0056822	0
4277.462595756	3471.721042093	0.0484997	0.216151	-0.138471	-0.00316823	0.0036835	0.00578039	0
4268.582150698	3459.617041772	0.0444841	0.171264	-0.0889628	-0.00217616	0.00359871	0.00514703	0
4266.672356237	3460.918145612	0.041364	0.129665	-0.0777513	-0.0017642	0.00392694	0.00545488	0
4262.943736898	3459.521315558	0.0391421	0.160376	-0.0544573	-0.00202259	0.00361285	0.0055849	0
4257.03326453	3457.554420872	0.0379707	0.171205	-0.0391627	-0.00149961	0.00393729	0.00539184	0
4259.736279751	3453.807791273	0.0358318	0.248898	-0.0518217	-0.00240684	0.00394436	0.0056401	0
4259.799193294	3461.495507758	0.0430246	0.274184	-0.00469595	-0.00214548	0.00348058	0.00591817	0
4273.268926303	3464.684521426	0.0400008	0.2015	-0.11196	-0.0025863	0.00402015	0.00583961	0
4278.425286331	3459.70289488	0.0500738	0.190109	-0.0936049	-0.00184317	0.00397258	0.00571758	0
4272.816345541	3464.792267075	0.0361545	0.176026	-0.0975102	-0.00180715	0.00369523	0.00553051	0
4269.77184014	3460.193116122	0.030812	0.169562	-0.0369586	-0.00120776	0.00415667	0.00556014	0
4259.649561083	3453.812513194	0.0354394	0.170339	-0.0488671	-0.001479	0.0042439	0.0057348	0
4266.376492545	3459.284360982	0.036203	0.278218	-0.003435	-0.00140168	0.00346972	0.00589199	0
4276.834593897	3464.983719505	0.0302686	0.235163	0.00860722	-0.00165992	0.00375467	0.00589524	0
4271.924503551	3463.385993179	0.0275063	0.138681	-0.0787755	-0.00180306	0.00426861	0.00556344	0
4278.795399339	3463.61479171	0.0248375	0.136744	-0.036514	-0.00108057	0.00435097	0.00535199	0
4267.174247614	3466.20154583	0.0268325	0.14037	-0.0757127	-0.00137609	0.00446618	0.00548414	0
4285.140598626	3466.987960292	0.0247941	0.162803	-0.00928439	-0.00106606	0.00423586	0.00500682	0
4278.868515079	3464.112739732	0.0257822	0.215896	-0.053308	-0.00148241	0.00428557	0.00555811	0
4272.959743078	3466.236316339	0.026532	0.273811	-0.0121483	-0.00217398	0.00450885	0.00573051	0
4283.18092676	3473.418358023	0.0230198	0.235451	-0.0614258	-0.00212818	0.00448925	0.00581129	0
4289.341069542	3472.649114182	0.0288808	0.18198	-0.0803903	-0.00204325	0.00429734	0.00571909	0
4283.379302799	3468.517004132	0.0242762	0.163992	-0.0154535	-0.00170273	0.00408776	0.00564605	0
4267.769942518	3461.330240527	0.0233105	0.161036	-0.080928	-0.00161623	0.00425541	0.0055825	0
4280.269900094	3463.179945722	0.0166203	0.173044	-0.0187956	-0.00103786	0.00410896	0.00560543	0
4269.954062701	3463.186384705	0.0241195	0.209524	-0.0653581	-0.00195505	0.00378165	0.00553218	0
4274.245503201	3457.689639515	0.0190896	0.271419	-0.0103426	-0.00183307	0.00392839	0.00564254	0
4285.764916358	3459.127249796	0.025196	0.224318	-0.0748626	-0.00228559	0.00451113	0.00591155	0
4286.747161142	3464.99573894	0.0251544	0.20916	-0.0770502	-0.0021028	0.00439556	0.00590166	0
4270.608703628	3456.857722907	0.0220366	0.15996	-0.0486804	-0.0013915	0.00460891	0.00579338	0
4264.751792791	3456.393257597	0.0120545	0.141251	-0.0438883	-0.00161791	0.0042516	0.00578985	0
4268.507051198	3451.974827434	0.019975	0.192076	-0.0185429	-0.00128154	0.00421147	0.00570532	0
4255.045253231	3454.464996808	0.01079	0.180698	-0.0629141	-0.00166675	0.00366932	0.00550261	0
4265.647318907	3447.404437271	0.0184541	0.257656	-0.0371283	-0.00178882	0.00401144	0.00563257	0
4261.583160668	3454.111711272	0.0106925	0.248965	-0.0981092	-0.00232925	0.00399558	0.00590947	0
4276.518892601	3460.699649454	0.0279684	0.161023	-0.10638	-0.00144073	0.00470584	0.0055553	0
4284.032243359	3462.333434085	0.0203495	0.126742	-0.0317092	-0.00144962	0.00434388	0.00552246	0
4261.657976774	3458.569633864	0.0130598	0.148221	-0.00394354	-0.00175493	0.00392481	0.00578437	0
4262.09837158	3458.821612734	0.0159883	0.186081	-0.00170086	-0.00150751	0.00418593	0.00559316	0
4259.23608874	3452.116914326	0.00424972	0.141329	-0.045387	-0.000949427	0.00463834	0.00487561	0
4278.363506364	3442.038188804	-0.00945788	0.0918624	0.00753385	-0.000152206	0.00479355	0.00430146	0
4272.226601919	3454.69079048	0.00210682	0.212099	-0.0222591	-0.00145291	0.0048182	0.0050075	0
4278.149543637	3459.912376461	0.019345	0.247567	-0.0398628	-0.00120408	0.00474071	0.00513391	0
4273.972594451	3468.295503115	0.00252145	0.221728	-0.0842204	-0.00246944	0.00513735	0.0051791	0
4256.203485901	3459.195932282	-0.0307217	-0.00327802	-0.557807	-0.00819254	0.00790907	0.00638154	0
4266.222609419	3466.221721311	-0.0820132	0.00697573	-0.296206	-0.00907406	0.0078914	0.00573687	0
4266.058524095	3460.040297591	-0.0960826	-0.142438	-0.375985	-0.00931341	0.00739785	0.0061881	0
4270.011024964	3482.633830551	-0.113051	0.140237	-0.122842	-0.0100833	0.0069665	0.00561949	0
4291.802065996	3490.455477884	-0.0957417	0.148892	0.140094	-0.00750742	0.00685385	0.00424878	0
4274.660109121	3483.726740606	-0.0850953	0.116531	0.176595	-0.00645582	0.00688869	0.0042126	0
4278.218408462	3482.01182479	-0.0724091	0.144436	0.194284	-0.00581078	0.00648341	0.00401527	0
4248.547304395	3471.722759155	-0.0696003	0.17204	0.173753	-0.00645538	0.00660766	0.00446972	0
4267.818969739	3465.296224815	-0.0627443	0.199895	0.204107	-0.00605843	0.00629499	0.00454109	0
4255.525039849	3457.86520912	-0.0554755	0.195998	0.177972	-0.00613	0.00575945	0.00428152	0
4267.655734599	3467.127471592	-0.0537322	0.144785	0.189989	-0.00532708	0.00561194	0.00401449	0
4266.172165226	3467.7949795	-0.0518797	0.146864	0.181057	-0.00520101	0.00557782	0.00423035	0
4254.683358658	3460.078931489	-0.0356712	0.184836	0.214173	-0.00519095	0.00598997	0.00443591	0
4257.856808484	3455.997904038	-0.0442842	0.194856	0.20158	-0.0050741	0.00598997	0.00428456	0
4256.461941539	3457.359963584	-0.048373	0.263937	0.188017	-0.00572619	0.00563663	0.00471292	0
4256.365587464	3460.301720303	-0.0357082	0.321144	0.207331	-0.00596188	0.00598997	0.00469571	0
4270.660564792	3461.095003013	-0.0171563	0.251181	0.181374	-0.00620029	0.00624662	0.00483282	0
4279.237211116	3457.231183923	-0.0255103	0.182792	0.146668	-0.00572933	0.00614109	0.00466668	0
4270.088108224	3459.66340245	-0.0306933	0.161284	0.161753	-0.00591672	0.00605146	0.0048052	0
4271.524917531	3460.270383918	-0.0322454	0.149261	0.186859	-0.00577212	0.00619725	0.00455847	0
4267.557396763	3454.568020537	-0.0387999	0.147241	0.183614	-0.00605286	0.00637005	0.00437031	0
4264.193789334	3452.015178394	-0.034397	0.225321	0.179699	-0.00625284	0.00642001	0.00477792	0
4270.998937635	3456.611324489	-0.0329565	0.300068	0.201028	-0.00663559	0.00657354	0.00495991	0
4268.257380784	3449.93839173	-0.0293201	0.293029	0.201425	-0.00694424	0.00628115	0.00491047	0
4287.533013649	3461.37703047	-0.037598	0.270534	0.176089	-0.00649826	0.00618848	0.00467149	0
4281.979901545	3468.432868087	-0.0356893	0.187281	0.139771	-0.00650628	0.00636888	0.00420391	0
4275.891174137	3462.414994537	-0.0371336	0.171435	0.178327	-0.00581195	0.00635689	0.00433846	0
4266.955750578	3460.922867533	-0.037648	0.1904	0.177651	-0.00567222	0.00607916	0.00434488	0
4265.186803104	3459.123815672	-0.0345937	0.189802	0.203615	-0.00540079	0.00642627	0.00445585	0
4266.499202295	3462.482818491	-0.036741	0.222245	0.181565	-0.00579636	0.00655799	0.00466039	0
4271.470789212	3467.104291253	-0.0372418	0.28689	0.221475	-0.00661431	0.00655799	0.00460763	0
4282.470457148	3465.709607526	-0.031603	0.232127	0.223224	-0.00647179	0.00655799	0.00446478	0
4289.898222816	3472.435769211	-0.0312631	0.195508	0.184503	-0.00597992	0.00628691	0.00457494	0
4290.734802909	3471.808612263	-0.0288476	0.14555	0.189329	-0.0058188	0.00631286	0.00441764	0
4274.660392516	3465.621608091	-0.0447592	0.142799	0.216675	-0.00547702	0.00612272	0.00443029	0
4281.656548602	3470.340524129	-0.0390341	0.182307	0.222742	-0.00525551	0.00606426	0.00445462	0
4275.69223131	3459.48268166	-0.0413637	0.187822	0.214204	-0.00534304	0.00607783	0.00422241	0
4275.847814803	3469.327028199	-0.0335597	0.294419	0.224176	-0.00565752	0.0063959	0.0047911	0
4273.125528767	3460.313310472	-0.0289711	0.267666	0.223228	-0.00609886	0.00639355	0.00487222	0
4287.434109024	3470.551293507	-0.0244045	0.213668	0.195274	-0.00565636	0.00607783	0.00477687	0
4277.450409799	3470.058067407	-0.0362089	0.16035	0.183723	-0.00542449	0.00614819	0.00443518	0
4275.528429381	3461.071822674	-0.034766	0.139486	0.202629	-0.00503447	0.00617052	0.00437438	0
4274.821077107	3452.156836021	-0.0491062	0.159171	0.210855	-0.00491138	0.00633872	0.00453785	0
4270.161507359	3462.296946514	-0.0373565	0.161207	0.21509	-0.00430668	0.00629192	0.00444813	0
4265.294776347	3461.817886176	-0.0415627	0.199489	0.200148	-0.00520447	0.00629192	0.00448897	0
4271.516699095	3458.950392395	-0.0441052	0.256905	0.222976	-0.00575112	0.00629192	0.00454763	0
4267.499017529	3460.935316234	-0.0426653	0.237304	0.223012	-0.00581396	0.00629192	0.00444933	0
4277.741455787	3466.630382101	-0.0330264	0.15584	0.201678	-0.00455708	0.00629192	0.00442884	0
4270.268630419	3455.750217823	-0.0267962	0.130292	0.185934	-0.00443695	0.00656238	0.00437233	0
4256.657483634	3457.035009573	-0.0356081	0.168427	0.220252	-0.00486025	0.00629192	0.00446085	0
4273.834014618	3461.696404029	-0.0457944	0.186399	0.25045	-0.00471985	0.00629192	0.00428358	0
4260.363431426	3451.799257829	-0.0302784	0.217283	0.236003	-0.0055235	0.00611686	0.00467699	0
4267.704195031	3458.165265729	-0.0299491	0.286047	0.263682	-0.00538386	0.00629192	0.004783	0
4278.120637414	3459.926112958	-0.0370153	0.206844	0.220789	-0.00562677	0.00629192	0.00464846	0
4278.546579108	3458.471332057	-0.0265672	0.173459	0.1953	-0.00504212	0.00604632	0.00453513	0
4281.633310266	3459.662114654	-0.0273558	0.152853	0.210857	-0.00434253	0.00629192	0.00498427	0
4267.887834564	3459.696885162	-0.0299482	0.176321	0.232544	-0.00479006	0.00629192	0.00497059	0
4281.298054761	3463.891238715	-0.0328464	0.194157	0.230494	-0.00464738	0.00629192	0.00456606	0
4271.408725852	3458.568346068	-0.0286888	0.203197	0.2172	-0.00499861	0.00629192	0.00494145	0
4281.090893498	3465.119796679	-0.0320226	0.280157	0.245615	-0.00551457	0.00629192	0.00499195	0
4277.148311432	3460.546401658	-0.0316308	0.277005	0.243111	-0.00581083	0.00629192	0.00519469	0
4296.804542896	3474.231386948	-0.0200375	0.208757	0.198653	-0.0045942	0.00629192	0.00487027	0
4291.643648559	3477.900748751	-0.0264846	0.199015	0.179131	-0.00499702	0.00575122	0.0051338	0
4279.519188485	3470.619975993	-0.0293497	0.15593	0.213069	-0.00480433	0.00606784	0.00497828	0
4275.751460727	3467.782960065	-0.030755	0.158699	0.219639	-0.00475056	0.00629192	0.00497592	0
4268.885382643	3466.611065152	-0.0343579	0.183302	0.25221	-0.00442466	0.00629192	0.0048243	0
4274.367929556	3465.732787865	-0.0329618	0.220843	0.267621	-0.00491554	0.00629192	0.00500278	0
4280.203869212	3467.645595094	-0.025456	0.270171	0.294737	-0.00556586	0.00629192	0.00518605	0
4271.238405853	3468.470643454	-0.0253554	0.255134	0.281439	-0.00553725	0.00604689	0.00524229	0
4278.916692117	3474.877860846	-0.0222439	0.188937	0.24986	-0.00486841	0.00614375	0.00488487	0
4277.965337316	3469.276804131	-0.0263247	0.158654	0.241728	-0.00442321	0.00612947	0.00478823	0
4269.495247264	3471.822778025	-0.0378372	0.168366	0.271226	-0.0040986	0.00611564	0.00472709	0
4279.977720528	3465.703168543	-0.0283393	0.17472	0.291955	-0.00389464	0.00612163	0.00477965	0
4262.811675135	3463.864194986	-0.0369289	0.192874	0.275704	-0.00439029	0.00605204	0.00472892	0
4285.926167738	3467.5545908	-0.0402319	0.268086	0.299546	-0.0051886	0.00587352	0.0050455	0
4279.252797805	3463.328471597	-0.0453056	0.220002	0.282001	-0.00494637	0.00588204	0.00471056	0
4291.482963968	3470.388601869	-0.0405427	0.169907	0.239552	-0.0041763	0.00607179	0.00464646	0
4275.998580592	3459.513588778	-0.0347298	0.169662	0.233687	-0.00406704	0.00629192	0.0047294	0
4277.105518886	3458.578648441	-0.0419388	0.162885	0.280014	-0.00404289	0.0064418	0.00460064	0
4273.117026937	3456.450779178	-0.0447119	0.194655	0.283099	-0.00401642	0.00629192	0.0046158	0
4273.427060345	3455.401224943	-0.040406	0.262219	0.292281	-0.00473215	0.00629192	0.00490428	0
4271.686168911	3456.307404489	-0.0441004	0.266017	0.314196	-0.00538676	0.00629192	0.00499242	0
4288.063527855	3465.191054758	-0.0517317	0.237047	0.281449	-0.00500987	0.00587987	0.00487807	0
4281.156640985	3467.667916902	-0.0386115	0.169338	0.223125	-0.00468228	0.00629192	0.00444559	0
4274.709703131	3457.062911833	-0.0463535	0.158345	0.275834	-0.0043231	0.00571527	0.00464678	0
4276.850180586	3454.679200311	-0.0436896	0.172548	0.293321	-0.00428225	0.00613779	0.00436611	0
4263.192840523	3459.085181773	-0.0429165	0.181053	0.287924	-0.0041753	0.00629192	0.00486475	0
4271.936972902	3454.274832176	-0.042903	0.263137	0.288912	-0.00475821	0.00629192	0.00495836	0
4261.57805957	3451.436099186	-0.0385708	0.272985	0.282482	-0.00518959	0.00584473	0.00506531	0
4273.795756382	3454.690361215	-0.0392481	0.258131	0.275571	-0.00481445	0.00595311	0.0050237	0
4282.051316919	3467.782101534	-0.0385103	0.182848	0.234771	-0.00504407	0.00583494	0.00490345	0
4268.505350832	3465.121513742	-0.0398815	0.167988	0.257594	-0.00447588	0.00629192	0.00491665	0
4272.05628192	3462.256595554	-0.0368389	0.154576	0.274724	-0.00406437	0.00629192	0.00484743	0
4261.337174381	3461.694686967	-0.0384815	0.169785	0.286982	-0.00435136	0.00629192	0.00496104	0
4262.575040861	3459.356477592	-0.0405793	0.202194	0.287631	-0.00411393	0.00629192	0.00490475	0
4262.206628218	3463.381271258	-0.0429117	0.249736	0.290868	-0.00492262	0.00629192	0.00509258	0
4276.112221723	3461.474044482	-0.0313626	0.278702	0.312751	-0.00510556	0.0058476	0.00521463	0
4272.81889609	3467.837906054	-0.0307485	0.238869	0.266772	-0.00491968	0.00594446	0.00537471	0
4286.965941573	3475.783181861	-0.0255131	0.182552	0.255923	-0.00427039	0.00585391	0.00499695	0
4276.213393502	3467.695819161	-0.031607	0.1675	0.259031	-0.00433921	0.0059197	0.00502126	0
4270.099443998	3475.516607963	-0.0273227	0.175666	0.293489	-0.00383053	0.00615121	0.0051729	0
4267.786095996	3470.195861644	-0.0366669	0.157806	0.304826	-0.00384674	0.00618524	0.00481617	0
4268.271267107	3463.595045495	-0.0246482	0.221129	0.299672	-0.00393383	0.0061158	0.00520155	0
4261.540934912	3470.006126277	-0.0436462	0.242381	0.308559	-0.00447449	0.00593138	0.00529789	0
4270.634492513	3465.898055096	-0.0356782	0.264463	0.321396	-0.00476891	0.00587618	0.00507136	0
4263.700399787	3469.91640978	-0.0345521	0.180192	0.294097	-0.00370011	0.00587618	0.00497253	0
4270.762019966	3469.553680402	-0.0330548	0.162096	0.311509	-0.00376355	0.00567166	0.0049994	0
4267.232910243	3466.206697017	-0.0308334	0.167948	0.332619	-0.00337619	0.00587618	0.0048407	0
4267.713830439	3458.650335785	-0.0383179	0.167146	0.33671	-0.00303584	0.00582159	0.00475743	0
4269.596135649	3461.204036459	-0.0417128	0.198855	0.374546	-0.00312187	0.00582149	0.00478157	0
4266.317546523	3464.142788319	-0.0461641	0.230048	0.367038	-0.00361105	0.00587618	0.00486787	0
4277.221427172	3464.106300749	-0.0423105	0.198424	0.355013	-0.00354419	0.00587618	0.0046079	0
4277.426888069	3466.92958018	-0.0261091	0.158028	0.340381	-0.00318962	0.00587618	0.00469693	0
4271.448684454	3461.477907871	-0.0421682	0.154856	0.345771	-0.00296597	0.00587618	0.00488774	0
4276.761761551	3460.4798655	-0.0371315	0.196812	0.365352	-0.00223101	0.00587618	0.00470021	0
4270.254460702	3452.330259298	-0.041833	0.200709	0.348343	-0.00272077	0.00601181	0.00477252	0
4277.900723406	3462.977332389	-0.0370437	0.245868	0.402812	-0.00323229	0.00589625	0.00469522	0
4274.749094944	3460.820702336	-0.0412875	0.260676	0.42882	-0.00382093	0.00573953	0.00456188	0
4280.343866017	3463.991686851	-0.0377395	0.166616	0.356273	-0.00245794	0.00545763	0.00462358	0
4269.544557879	3459.991790585	-0.0428723	0.166116	0.376234	-0.00225161	0.00587618	0.00454117	0
4275.6426373	3464.638590014	-0.0405507	0.164894	0.423383	-0.00169482	0.00587618	0.00437974	0
4265.170933021	3460.269525387	-0.0440572	0.173682	0.400556	-0.000852651	0.00553637	0.00431487	0
4265.422303801	3455.609847993	-0.0594713	0.110229	0.421868	0.000179563	0.00556369	0.00349697	0
4267.737352169	3449.927230827	-0.045238	0.165911	0.390986	-0.000537868	0.00603259	0.00381603	0
4267.435537196	3448.759199303	-0.0392268	0.231566	0.410537	-0.00152923	0.00600649	0.0043124	0
4264.982759178	3457.61709364	-0.0369597	0.231543	0.424824	-0.00152903	0.00645936	0.00429538	0
4265.925895544	3461.771525498	-0.0367299	0.231116	0.391529	-0.00134011	0.00637475	0.00434083	0
4277.688461045	3456.420301325	-0.0362147	0.251963	0.441147	-0.00210961	0.00621057	0.00431484	0
4279.092680003	3460.294852054	-0.0350801	0.214925	0.407222	-0.00250321	0.00639917	0.00453989	0
4282.296169629	3466.620079728	-0.0359119	0.16977	0.382618	-0.00154844	0.00587618	0.00448115	0
4276.127241623	3461.319938154	-0.0409774	0.140937	0.398567	-0.00133237	0.00587618	0.00438585	0
4259.28114844	3454.47057726	-0.0369823	0.193341	0.414949	-0.00114657	0.00581429	0.00457019	0
4272.152635996	3456.809215901	-0.0428797	0.220781	0.412865	-0.00116581	0.00587618	0.00447337	0
4264.425889299	3451.724136361	-0.0496304	0.278358	0.428937	-0.0020772	0.00549559	0.00474499	0
4267.878199156	3453.063015568	-0.0505727	0.307282	0.444798	-0.00250276	0.00559125	0.00479836	0
4280.447021556	3461.211763239	-0.0372371	0.229301	0.357601	-0.0020309	0.00539689	0.00453431	0
4277.698096453	3455.63517466	-0.0305275	0.203176	0.380186	-0.000933152	0.005561	0.00480132	0
4271.456619495	3453.786327996	-0.0289386	0.203288	0.368541	-0.000955282	0.00555371	0.0046861	0
4269.002991294	3453.246311952	-0.0306028	0.201194	0.411548	-0.000560573	0.00565696	0.00467983	0
4275.246452012	3449.845670375	-0.0413127	0.21954	0.417015	-0.00136671	0.00556419	0.00434029	0
4267.631079291	3457.023419403	-0.0391391	0.273668	0.439584	-0.0020551	0.00542291	0.00489964	0
4278.683458575	3459.125103468	-0.0255188	0.248078	0.431398	-0.00217894	0.00580031	0.00469801	0
4280.063022225	3462.829235779	-0.0354428	0.193962	0.390534	-0.00175315	0.00557777	0.00472119	0
4273.091521446	3453.408145059	-0.0398436	0.176077	0.413033	-0.00137589	0.00580031	0.0043586	0
4291.437054085	3463.886087529	-0.0357317	0.143686	0.328702	-0.00121148	0.00580031	0.00441183	0
4288.427972977	3477.462039373	-0.0378118	0.238137	0.225827	-0.00226062	0.00580031	0.00458142	0
4277.792466768	3466.020395774	-0.0393877	0.29445	0.247816	-0.00258736	0.0058003	0.00473368	0
4268.577332995	3459.13454731	-0.0326073	0.272531	0.292533	-0.00302515	0.00570127	0.00487167	0
4280.715962786	3466.794790801	-0.0301631	0.242275	0.336623	-0.00289601	0.0058003	0.00489498	0
4284.653727148	3469.120980741	-0.039626	0.162396	0.284021	-0.00252972	0.00526266	0.00467949	0
4280.321194469	3469.78462526	-0.0415469	0.132081	0.266507	-0.00191769	0.005685	0.00472995	0
4288.388297769	3473.578474068	-0.0379309	0.118184	0.228134	-0.00182804	0.00565019	0.00445278	0
4270.486560667	3458.756364373	-0.041454	0.147854	0.249648	-0.00186187	0.00550252	0.00441631	0
4277.238147438	3462.223971373	-0.0345172	0.167583	0.234736	-0.00155537	0.00566151	0.00466034	0
4282.167791993	3459.974619964	-0.0316319	0.228999	0.228654	-0.00191349	0.0051872	0.00490993	0
4284.125196703	3457.137174771	-0.0333519	0.264441	0.277504	-0.00248464	0.00524325	0.00507952	0
4291.175197714	3459.080459852	-0.0316369	0.194604	0.230621	-0.00261554	0.00481189	0.00489173	0
4293.080174472	3461.898588097	-0.0228402	0.169826	0.206234	-0.00211438	0.00523998	0.00459256	0
4273.930368694	3461.210046177	-0.0275549	0.138658	0.212865	-0.00182827	0.00522343	0.00465654	0
4275.875304054	3458.360152283	-0.0211841	0.136027	0.231185	-0.00139994	0.00547106	0.00461234	0
4264.918428663	3460.666166743	-0.0291071	0.160823	0.206691	-0.00170314	0.00501658	0.00469025	0
4267.037084753	3446.948128006	-0.0364139	0.191364	0.230835	-0.00207657	0.00523198	0.00478692	0
4257.563778736	3451.522381559	-0.0318119	0.221247	0.248543	-0.00291828	0.00512134	0.00486853	0
4276.465614465	3453.189648901	-0.0351836	0.209234	0.266504	-0.00243153	0.00512028	0.00499977	0
4262.437878	3454.240920199	-0.0303033	0.164294	0.203441	-0.00252368	0.00512757	0.00503071	0
4269.239908963	3445.959100211	-0.0353566	0.154117	0.222147	-0.00163029	0.00502853	0.00490135	0
4248.576494012	3448.301602241	-0.0348714	0.144231	0.217504	-0.00169965	0.00530403	0.00485478	0
4254.661253899	3447.969779982	-0.0304688	0.149378	0.228483	-0.00136762	0.00505496	0.00476102	0
4249.097089416	3444.61292349	-0.0370705	0.179378	0.224309	-0.00186006	0.00475993	0.00505514	0
4257.378722231	3448.581054105	-0.0344652	0.215356	0.263096	-0.00250839	0.00479295	0.00507837	0
4248.537385593	3440.448618524	-0.0381252	0.195929	0.257508	-0.00252278	0.00472262	0.00506945	0
4270.624006922	3454.422070255	-0.028133	0.159971	0.217183	-0.00201545	0.00450539	0.00500577	0
4265.387446297	3447.794639643	-0.0299322	0.107636	0.208542	-0.00166525	0.00484916	0.0046839	0
4255.877299015	3452.134943479	-0.0349499	0.140102	0.223328	-0.00151428	0.00492655	0.00473317	0
4268.03775017	3449.909201674	-0.0350888	0.15838	0.227156	-0.00134251	0.00495369	0.00497025	0
4265.815655145	3451.526244948	-0.0405585	0.164244	0.220281	-0.00145621	0.0048608	0.00502644	0
4279.43983807	3456.258468218	-0.0472766	0.216062	0.267252	-0.00213199	0.00512822	0.00481412	0
4276.684111502	3465.87272843	-0.0501179	0.221708	0.314774	-0.00299067	0.00530599	0.00518345	0
4279.64813291	3458.9864507	-0.0340759	0.14114	0.277495	-0.00195657	0.00547908	0.0049547	0
4283.321206959	3461.674511487	-0.0502835	0.145405	0.305876	-0.00229857	0.00546031	0.00497102	0
4287.832561467	3456.999380533	-0.0513122	0.144843	0.333172	-0.00206586	0.00542054	0.00472834	0
4267.775610405	3458.619857932	-0.0479885	0.169783	0.344898	-0.0018942	0.00520678	0.00473423	0
4277.222277355	3461.290318832	-0.0523674	0.209422	0.347702	-0.0020071	0.00503316	0.00461831	0
4267.376874568	3459.040967423	-0.0488997	0.238151	0.363943	-0.00277793	0.00531407	0.00511326	0
4284.85493713	3455.172855677	-0.0539997	0.230126	0.346071	-0.00267525	0.00508845	0.00459481	0
4291.380375217	3467.633146393	-0.0577643	0.166179	0.36708	-0.00272518	0.00519991	0.00450146	0
4287.822359271	3468.598564584	-0.0672625	0.157798	0.4312	-0.00271557	0.00509237	0.0046384	0
4284.671864386	3465.675266283	-0.0643513	0.18227	0.453708	-0.00273494	0.00609788	0.00467374	0
4272.173890571	3455.16684596	-0.0630886	0.203785	0.441815	-0.00285332	0.00594629	0.00445974	0
4276.441525946	3461.947095102	-0.0607813	0.293994	0.461942	-0.00335492	0.00543181	0.00489818	0
4275.954371075	3455.949826298	-0.057462	0.288592	0.462208	-0.00387507	0.00533979	0.00503452	0
4288.590074539	3458.281167424	-0.0581609	0.218332	0.427912	-0.00370495	0.00542897	0.00469513	0
4280.942961653	3458.012876464	-0.0644467	0.223899	0.436207	-0.0031377	0.00532456	0.00489425	0
4272.967394725	3456.06787432	-0.0582672	0.213517	0.460794	-0.00310946	0.00529302	0.00487806	0
4277.049690201	3447.821683372	-0.0503753	0.211485	0.468479	-0.00286281	0.00528817	0.00491375	0
4270.098593815	3449.990762126	-0.0471134	0.272343	0.47451	-0.00330632	0.00523935	0.00502668	0
4275.335154441	3451.442108903	-0.060886	0.3049	0.492698	-0.00380372	0.0048537	0.00509021	0
4278.769043666	3453.70133342	-0.0608743	0.303883	0.478972	-0.00419606	0.00520568	0.00508175	0
4292.058821268	3454.763336356	-0.0552473	0.242127	0.4283	-0.00325531	0.00520569	0.00458793	0
4273.260991262	3457.945911041	-0.0655407	0.19253	0.435342	-0.00303272	0.00520569	0.00477636	0
4275.897408812	3452.705866642	-0.0578194	0.192563	0.475441	-0.00304725	0.00529566	0.00465419	0
4254.205839194	3449.684266533	-0.0603557	0.225154	0.466009	-0.00303363	0.00552766	0.00473808	0
4269.784592886	3448.111866874	-0.0619015	0.261291	0.474305	-0.00342542	0.00515645	0.00437302	0
4272.724242381	3450.452651843	-0.0655716	0.292617	0.451469	-0.00408639	0.00517596	0.00463594	0
4276.695163881	3463.964213856	-0.0627917	0.254954	0.451166	-0.0036668	0.00513085	0.00473772	0
4274.573390453	3453.170761217	-0.0470179	0.212975	0.431349	-0.00327703	0.00550534	0.00435613	0
4265.967837906	3453.303833533	-0.0578162	0.187422	0.453635	-0.00334694	0.00537447	0.00462067	0
4281.793144674	3454.546986526	-0.0446036	0.229947	0.490062	-0.00261773	0.00541001	0.0046243	0
4268.696358618	3451.225329808	-0.062516	0.247949	0.50427	-0.00347697	0.0055667	0.00442332	0
4273.271193458	3451.100413537	-0.0608435	0.299207	0.523	-0.00409899	0.0055667	0.00475498	0
4274.948321166	3453.028245059	-0.0595695	0.277454	0.500846	-0.00445573	0.0055667	0.00479859	0
4281.200850502	3459.64709036	-0.0523643	0.224991	0.444366	-0.00403176	0.0055667	0.0049037	0
4277.081146973	3454.875803926	-0.0512897	0.239719	0.465393	-0.00361383	0.00550138	0.00464629	0
4267.396145383	3453.693177375	-0.05902	0.213352	0.464982	-0.00321023	0.0055667	0.00462849	0
4270.020376977	3452.644910935	-0.0537947	0.234836	0.472564	-0.0025769	0.00565364	0.00459301	0
4269.969365996	3456.916961551	-0.0530886	0.265318	0.488268	-0.00321691	0.0056375	0.00483681	0
4267.756056196	3453.903517487	-0.0568831	0.327608	0.503121	-0.00373444	0.00549154	0.00497845	0
4273.57754274	3456.346038388	-0.0590105	0.303484	0.504368	-0.00478563	0.00540806	0.00506357	0
4281.838771163	3467.876539952	-0.0518154	0.223803	0.433442	-0.00411152	0.0055667	0.00478846	0
4276.69771443	3461.690823577	-0.0546471	0.222724	0.463769	-0.0036244	0.00549942	0.00466257	0
4263.683679521	3454.737580424	-0.0547805	0.210657	0.463563	-0.00342671	0.0055667	0.00476674	0
4274.130445099	3459.16244957	-0.0521418	0.221826	0.479652	-0.00323901	0.00540158	0.00441752	0
4267.947347375	3456.080752286	-0.052553	0.250615	0.46899	-0.00345437	0.0055667	0.0048128	0
4265.863548789	3457.570303696	-0.047509	0.31711	0.527461	-0.00440911	0.00542711	0.00502901	0
4266.87101567	3455.740773982	-0.0507202	0.282422	0.522908	-0.00487917	0.0053753	0.00468324	0
4281.051785079	3462.354468096	-0.0462659	0.240959	0.453496	-0.00446392	0.0050203	0.00486569	0
4273.77535199	3454.573600989	-0.0471816	0.237845	0.467087	-0.00374675	0.00536315	0.00466242	0
4257.681387387	3459.392535897	-0.0542513	0.197408	0.465656	-0.00377126	0.00533672	0.00476156	0
4265.3772441	3446.457048233	-0.0478173	0.22818	0.483449	-0.00332343	0.0055667	0.00462723	0
4258.757435698	3446.640344617	-0.0326891	0.246817	0.465826	-0.00383444	0.00501999	0.00496177	0
4268.078558955	3446.953279193	-0.0461737	0.308704	0.466744	-0.00465059	0.00472065	0.00498653	0
4269.721395948	3446.13810394	-0.04053	0.312473	0.497839	-0.00513342	0.00482946	0.00519523	0
4281.718611963	3462.025650695	-0.0424488	0.243072	0.464613	-0.00434771	0.00459337	0.00496139	0
4273.920166498	3453.900512628	-0.0298709	0.200074	0.446423	-0.00382721	0.00496003	0.00488802	0
4264.484835322	3452.156836021	-0.0297047	0.216102	0.440209	-0.00305913	0.00500971	0.00490133	0
4269.040966136	3456.460652286	-0.0512055	0.214632	0.462569	-0.00237519	0.00528663	0.00473025	0
4254.672589673	3450.279228566	-0.0475343	0.233773	0.463335	-0.00312163	0.00525924	0.00493674	0
4275.51596003	3453.428749804	-0.0494371	0.287245	0.498858	-0.00437275	0.00522644	0.00521436	0
4261.738177373	3452.828207319	-0.0521624	0.307632	0.491708	-0.00509785	0.0051973	0.00516039	0
4289.048606583	3460.664020415	-0.0521228	0.222612	0.436604	-0.0040765	0.0049591	0.00487886	0
4271.645926915	3451.732721671	-0.0531982	0.222188	0.436426	-0.00388825	0.00494858	0.00458474	0
4274.769782731	3452.357303026	-0.0543958	0.209151	0.45638	-0.00336449	0.00525703	0.0048959	0
4265.188220075	3457.886243131	-0.0558424	0.203448	0.461333	-0.00268526	0.0052158	0.004562	0
4268.774008667	3455.605555338	-0.0544965	0.238627	0.525968	-0.00351583	0.00528519	0.00480115	0
4287.715519604	3465.178176792	-0.0628098	0.259158	0.558903	-0.00441622	0.00514991	0.00464646	0
4274.186840573	3456.459364489	-0.0563155	0.281282	0.57068	-0.00463194	0.00526794	0.0049701	0
4269.351849727	3462.008909339	-0.0621227	0.207391	0.507472	-0.00337328	0.00548516	0.00462185	0
4276.769979987	3455.196894547	-0.0537162	0.172115	0.516155	-0.00288547	0.0053895	0.00454594	0
4276.83742784	3462.589276344	-0.0616625	0.20816	0.562712	-0.00205589	0.00580036	0.00431578	0
4264.747541876	3456.694602003	-0.0623845	0.239557	0.566407	-0.00246429	0.00584452	0.00433761	0
4278.371158012	3458.293186859	-0.0659701	0.261161	0.628255	-0.00360236	0.00550883	0.00440332	0
4277.380978185	3462.071582108	-0.0820814	0.244504	0.600557	-0.00410398	0.0051499	0.00408665	0
4288.782499297	3465.331853854	-0.0807891	0.201475	0.517842	-0.00348794	0.0051499	0.00401201	0
4280.29313843	3456.880903245	-0.0839627	0.200752	0.563726	-0.00318909	0.00548057	0.00384512	0
4268.759272161	3457.124296804	-0.0751242	0.189629	0.531684	-0.00338362	0.00581987	0.00388624	0
4277.205840483	3458.498805051	-0.074862	0.239221	0.533839	-0.00328604	0.00562496	0.00405853	0
4285.809692664	3457.043165618	-0.0689421	0.269719	0.574608	-0.0035769	0.0051499	0.00410024	0
4286.322919815	3462.524886514	-0.0661215	0.315014	0.548454	-0.00378237	0.00535016	0.0042075	0
4282.203216285	3460.369544257	-0.0601787	0.243701	0.548191	-0.00356854	0.00549797	0.00381838	0
4283.351813548	3462.482389226	-0.0622359	0.224539	0.547639	-0.0031096	0.005778	0.00396	0
4289.683409905	3458.182865616	-0.0554224	0.236195	0.568003	-0.00293466	0.00567563	0.00394676	0
4277.353488934	3451.486323254	-0.0576241	0.255714	0.541776	-0.00299197	0.00552635	0.00407359	0
4275.763079895	3453.635655793	-0.0536162	0.322518	0.579566	-0.0039483	0.00543549	0.00423795	0
4293.962947843	3461.452581205	-0.0460977	0.271091	0.51169	-0.00355913	0.0051499	0.00411712	0
4287.975392215	3463.99082832	-0.0476048	0.251215	0.489313	-0.00321436	0.00509854	0.00412347	0
4278.063675152	3456.257609687	-0.0434303	0.251276	0.514243	-0.00278066	0.00563703	0.00406761	0
4280.738067544	3459.289082903	-0.0240832	0.250768	0.485047	-0.00155705	0.00538834	0.00445101	0
4269.669818178	3450.168478058	-0.0301275	0.288514	0.52494	-0.00234515	0.00528207	0.00420167	0
4265.917960502	3445.372294223	-0.0340629	0.30651	0.549988	-0.00269795	0.00535948	0.00418433	0
4269.407395018	3447.726815689	-0.0334452	0.304949	0.566381	-0.00314521	0.00539457	0.00412776	0
4274.149715914	3460.570011263	-0.0324746	0.247607	0.462963	-0.00278781	0.00521427	0.00401056	0
4267.025465585	3456.030528219	-0.0377683	0.237974	0.511796	-0.00217547	0.0051499	0.00391787	0
4260.835566398	3458.774393525	-0.0381823	0.215493	0.508725	-0.00220021	0.00528054	0.00392105	0
4254.449841721	3452.013461332	-0.038647	0.238786	0.52826	-0.00252209	0.00541045	0.00391817	0
4256.912821935	3451.318909695	-0.0453312	0.277772	0.531245	-0.00268733	0.00544573	0.00371919	0
4258.159190245	3445.018150156	-0.0438337	0.311001	0.54102	-0.003141	0.00557722	0.00393964	0
4273.112492627	3453.247170483	-0.0394022	0.290236	0.556985	-0.00370111	0.00527113	0.00387241	0
4272.825697555	3461.243958154	-0.0382798	0.26625	0.470617	-0.00336143	0.00491414	0.0038588	0
4263.213811704	3440.867152422	-0.0454	0.243135	0.515893	-0.00284175	0.00503794	0.00371054	0
4262.771433139	3450.163326871	-0.0431634	0.227417	0.532915	-0.00288496	0.00497655	0.00362178	0
4254.312962255	3451.746458168	-0.0492039	0.254232	0.549582	-0.00291624	0.00514989	0.00378628	0
4259.458836691	3451.672624496	-0.0564193	0.266552	0.561643	-0.00317624	0.00514989	0.00360612	0
4265.093282971	3454.297583249	-0.0500589	0.306543	0.562642	-0.00408573	0.00473762	0.00398787	0
4278.056873688	3458.482063695	-0.0500543	0.311824	0.594773	-0.00428235	0.00473761	0.00406845	0
4278.404315149	3469.697055091	-0.0400426	0.22834	0.462579	-0.00335154	0.00468042	0.00379979	0
4276.260436963	3456.881332511	-0.0424402	0.24341	0.499443	-0.00278574	0.00473762	0.00365178	0
4262.219947752	3453.792766979	-0.0478775	0.239903	0.500524	-0.00278015	0.00473761	0.00375137	0
4261.978779168	3454.103125962	-0.0502281	0.2437	0.501684	-0.00291059	0.00503225	0.00368385	0
4265.933547191	3454.990417825	-0.0518269	0.294472	0.502341	-0.00351727	0.0050723	0.00392576	0
4262.910863154	3454.935901102	-0.038075	0.312785	0.526731	-0.00425763	0.00473919	0.00397157	0
4285.597430303	3463.914419054	-0.0486579	0.230703	0.443745	-0.00338741	0.00474617	0.00392668	0
4272.092556395	3458.264426068	-0.0460894	0.206691	0.43545	-0.00280102	0.00488251	0.00408226	0
4275.29264529	3455.196465282	-0.0558114	0.221318	0.456585	-0.00294318	0.00500951	0.00393286	0
4259.739680483	3456.258897484	-0.0579143	0.230233	0.443613	-0.00282353	0.0049514	0.00392484	0
4272.581128239	3453.096927545	-0.0552075	0.276499	0.458466	-0.00320645	0.00488881	0.00394156	0
4267.117568746	3460.148043241	-0.0523303	0.311839	0.477464	-0.00444699	0.0044436	0.00424452	0
4290.737070064	3460.657152166	-0.0489424	0.237697	0.435715	-0.00354033	0.00437778	0.00388865	0
4274.539666527	3460.495748325	-0.0425933	0.23667	0.416327	-0.00302635	0.00459779	0.0039523	0
4270.227254846	3455.01102257	-0.0517536	0.235579	0.438903	-0.00253772	0.00437622	0.00384378	0
4268.816801212	3450.486134555	-0.0515625	0.216812	0.453228	-0.00247686	0.00429457	0.00406103	0
4262.230433342	3455.906041213	-0.0550075	0.273737	0.455081	-0.00257151	0.00400665	0.0041386	0
4263.466316062	3463.503611936	-0.0503452	0.319059	0.490595	-0.00365312	0.00388756	0.00418848	0
4280.429451107	3452.355156699	-0.0533876	0.270906	0.456879	-0.00357397	0.00393885	0.00423133	0
4279.197819303	3455.732617936	-0.0347804	0.233625	0.420846	-0.00238871	0.00373579	0.00383831	0
4272.721691832	3449.51728224	-0.0488843	0.218576	0.447883	-0.00259639	0.00423594	0.00386206	0
4281.233157457	3457.10455059	-0.0489829	0.239295	0.459888	-0.00230046	0.00413019	0.0035314	0
4274.194775614	3454.740156017	-0.0520086	0.257078	0.47788	-0.00289541	0.00422544	0.00345269	0
4277.999344637	3453.542075906	-0.0446127	0.322884	0.47226	-0.00407095	0.00464468	0.00391349	0
4281.490479519	3452.798158732	-0.0532718	0.337962	0.525277	-0.00428991	0.00416819	0.00392848	0
4292.43630253	3464.354416229	-0.039724	0.225805	0.420632	-0.00373273	0.00431275	0.00379052	0
4281.217287374	3457.692215109	-0.0437698	0.240619	0.433787	-0.00294859	0.00403219	0.00359986	0
4286.852867232	3456.703187314	-0.0559148	0.241658	0.444882	-0.00223339	0.0038925	0.00359214	0
4282.299286967	3453.807362007	-0.0560234	0.250456	0.466387	-0.00269586	0.00418919	0.00339908	0
4277.28462411	3446.255722696	-0.0441208	0.269016	0.458555	-0.00296969	0.00422564	0.00377137	0
4284.482840361	3452.851816924	-0.0499732	0.342232	0.514651	-0.0042414	0.00392415	0.00392047	0
4290.964068931	3458.300484373	-0.0466887	0.322686	0.530458	-0.00434417	0.00411077	0.00404285	0
4302.289356964	3465.680846735	-0.0468753	0.237947	0.418908	-0.00342842	0.00392606	0.00394562	0
4290.612659948	3460.176374766	-0.0413415	0.242585	0.441116	-0.0031517	0.00413965	0.00381131	0
4274.439911719	3455.78327127	-0.051153	0.237697	0.446721	-0.0029604	0.00426961	0.0038735	0
4277.487534458	3455.358727655	-0.04602	0.243459	0.474568	-0.00266762	0.00397485	0.00347153	0
4268.017629172	3453.942151385	-0.0546268	0.29084	0.475449	-0.00350567	0.00428686	0.00375572	0
4281.125184214	3460.370402788	-0.0547829	0.315542	0.522087	-0.00426085	0.00405483	0.00362937	0
4275.099086955	3455.416249236	-0.0437896	0.299397	0.510833	-0.00446999	0.00414014	0.00361241	0
4291.32964763	3472.961619493	-0.0429282	0.232605	0.469787	-0.00340613	0.00392135	0.00372904	0
4281.945044041	3457.253934996	-0.0442246	0.211592	0.454351	-0.00340735	0.00406251	0.00353516	0
4268.924774456	3451.992427321	-0.055276	0.234117	0.481574	-0.00310662	0.00417545	0.0036572	0
4269.209869163	3453.904376018	-0.0540437	0.25597	0.48132	-0.00292752	0.00442889	0.00357036	0
4264.986726699	3452.721749466	-0.0509812	0.252226	0.481347	-0.00295161	0.00436256	0.00379521	0
4274.209795514	3452.075704835	-0.0483634	0.31258	0.518799	-0.00368088	0.00403314	0.00366096	0
4265.595741137	3448.051769699	-0.0487708	0.29979	0.522666	-0.0042366	0.00442139	0.00396449	0
4284.343410345	3458.600970249	-0.0466687	0.221114	0.460361	-0.00318169	0.00462614	0.00390262	0
4272.9736294	3456.695460534	-0.0600651	0.231619	0.463069	-0.00294823	0.00439659	0.00382696	0
4266.271069851	3446.776421792	-0.0605377	0.208171	0.493081	-0.00279612	0.00451888	0.00386388	0
4271.793291972	3447.182077723	-0.0644011	0.19526	0.510982	-0.00307397	0.00472387	0.0037477	0
4276.14991317	3454.095828447	-0.0562637	0.241133	0.54233	-0.00300545	0.00487962	0.00391855	0
4272.606633729	3453.849859295	-0.0601703	0.271711	0.560187	-0.00356686	0.00469404	0.00388032	0
4280.553577829	3456.310838614	-0.0630199	0.253882	0.580455	-0.00327715	0.00430364	0.004012	0
4288.562868683	3456.074742569	-0.0603998	0.185875	0.543932	-0.00224952	0.00419113	0.00389282	0
4277.264786506	3458.133929345	-0.0648273	0.185351	0.528604	-0.00200722	0.00448967	0.00375071	0
4279.871447651	3457.207145053	-0.057703	0.192342	0.543516	-0.00212112	0.004459	0.00353442	0
4274.271008692	3459.976766292	-0.0666808	0.22093	0.508283	-0.00239048	0.00455642	0.00371467	0
4272.494692965	3455.530433869	-0.0688207	0.313353	0.530077	-0.00321446	0.00462524	0.00380522	0
4290.76682647	3463.80710267	-0.0690126	0.248997	0.490231	-0.00320414	0.00533269	0.00353979	0
4289.465479658	3463.840156116	-0.0675726	0.203606	0.485351	-0.00330692	0.00502658	0.00336459	0
4279.973186219	3464.889281087	-0.0644586	0.265391	0.53647	-0.00217991	0.00502658	0.00333899	0
4275.249852744	3452.0636854	-0.0556569	0.25268	0.543924	-0.002559	0.00524877	0.0034298	0
4274.816259403	3457.890965052	-0.062715	0.281196	0.549895	-0.00279948	0.00460549	0.00338005	0
4272.010655431	3453.32529681	-0.0577956	0.325999	0.567783	-0.00418317	0.00502658	0.00348577	0
4282.386005635	3452.71273489	-0.0626265	0.288013	0.54236	-0.00379383	0.00488655	0.0031445	0
4279.872297834	3457.936037933	-0.0578397	0.256628	0.512556	-0.0035573	0.00433014	0.00320541	0
4270.496762864	3455.622296694	-0.0627377	0.23584	0.55165	-0.00290641	0.00457004	0.00304331	0
4265.623797177	3456.616475675	-0.0641648	0.252854	0.550843	-0.00320111	0.00470897	0.00330783	0
4262.044243261	3448.243222129	-0.0626373	0.273379	0.576503	-0.00311496	0.0046438	0.00338626	0
4266.512805223	3449.349868681	-0.0605269	0.287812	0.544522	-0.00337379	0.00424776	0.00350367	0
4260.699820509	3443.994351852	-0.0666671	0.348987	0.578676	-0.00474502	0.00433901	0.00356381	0
4274.203844233	3459.134118044	-0.0619428	0.307385	0.536579	-0.0043804	0.00433901	0.00338981	0
4274.696950386	3455.261713643	-0.0726742	0.229782	0.48403	-0.00380797	0.00408874	0.00355966	0
4266.832190645	3452.266298733	-0.0589635	0.24617	0.520255	-0.00377681	0.00418688	0.00338862	0
4256.535624068	3447.913116931	-0.0589048	0.223916	0.520755	-0.00355058	0.0045608	0.00346124	0
4261.508627957	3448.951939529	-0.061878	0.249573	0.530695	-0.00329029	0.00451013	0.00344707	0
4250.818143246	3447.564553316	-0.0602682	0.285662	0.530954	-0.00350313	0.00440097	0.00349375	0
4263.30818202	3450.10580529	-0.0653295	0.31806	0.575529	-0.00450593	0.00407495	0.0033075	0
4261.358712351	3450.623070261	-0.0594871	0.265633	0.544598	-0.00424276	0.00454907	0.00340646	0
4273.774218413	3461.650043351	-0.0580156	0.248224	0.511155	-0.0039203	0.00424228	0.00334497	0
4271.449251242	3457.436802115	-0.0617254	0.247794	0.545975	-0.00374406	0.00407858	0.00319338	0
4256.390526166	3450.718796475	-0.0613573	0.222389	0.533977	-0.00377158	0.00439183	0.00334413	0
4269.465774252	3452.455604834	-0.0613678	0.237364	0.55699	-0.00350864	0.00428921	0.00324241	0
4254.844610038	3455.651916016	-0.0642705	0.27964	0.53651	-0.00376696	0.00433957	0.00344691	0
4267.59707197	3461.893866176	-0.0633715	0.320659	0.571233	-0.00490182	0.00426595	0.00343788	0
4264.197190066	3456.887771494	-0.0630978	0.308852	0.570452	-0.0052338	0.0040864	0.00353392	0
4280.966766777	3465.205220521	-0.0497834	0.260474	0.523102	-0.00441715	0.0039817	0.00356933	0
4281.639261547	3461.872402899	-0.0622812	0.249588	0.497133	-0.00429734	0.00413691	0.00312369	0
4265.067210692	3458.053227425	-0.0619731	0.221559	0.512993	-0.00402204	0.00401518	0.00310751	0
4281.413963047	3454.015126527	-0.0494406	0.248382	0.542726	-0.00373388	0.00396537	0.00325392	0
4265.400482436	3456.763284489	-0.0649772	0.251543	0.542776	-0.00384897	0.00429546	0.0031807	0
4276.545531669	3457.576313414	-0.0653601	0.265407	0.538935	-0.00353816	0.00424575	0.00311223	0
4281.913587269	3452.465048676	-0.0607617	0.292862	0.523929	-0.00392046	0.00473921	0.00306875	0
4277.363691131	3454.416489803	-0.056075	0.282524	0.527398	-0.00376163	0.00446341	0.00300882	0
4272.614852165	3456.504008105	-0.059893	0.295647	0.509015	-0.00400123	0.00414431	0.0030011	0
4276.275456863	3455.959699405	-0.0665398	0.271833	0.508584	-0.00362802	0.00431636	0.0029902	0
4270.293852516	3453.701762685	-0.0740091	0.300615	0.525391	-0.0046873	0.00394019	0.00314122	0
4275.682312508	3457.553133075	-0.0683616	0.312287	0.581935	-0.00507099	0.00436608	0.00302014	0
4272.650559852	3452.895172743	-0.0698358	0.242875	0.51068	-0.00463571	0.00412278	0.0031378	0
4285.817060917	3463.39457849	-0.0570352	0.215751	0.472001	-0.0038637	0.0039081	0.00298318	0
4277.105235492	3450.391696137	-0.0622315	0.196933	0.483832	-0.00346983	0.00367154	0.00299177	0
4261.824045858	3456.894639743	-0.0668422	0.219679	0.491536	-0.00324887	0.00408165	0.00301679	0
4275.393533675	3450.83469817	-0.0551966	0.265761	0.529476	-0.00329871	0.0039969	0.00306744	0
4263.791085976	3447.905819417	-0.0667158	0.345474	0.492491	-0.00428304	0.0041796	0.00336855	0
4280.378156732	3453.02051828	-0.0698401	0.35109	0.540173	-0.00507941	0.00432794	0.00354343	0
4288.307530382	3462.806913971	-0.0717135	0.291993	0.463534	-0.00454856	0.00366816	0.00305527	0
4284.540652807	3454.151632967	-0.0722501	0.249151	0.444095	-0.00346789	0.00431698	0.00304529	0
4287.849281733	3454.2022863	-0.059273	0.214339	0.467606	-0.00353403	0.0046427	0.00273383	0
4279.486881531	3456.518173868	-0.0695665	0.23835	0.489454	-0.00306341	0.00449216	0.00339643	0
4294.818798752	3462.112362334	-0.0690484	0.271774	0.536852	-0.00359268	0.0042636	0.00312183	0
4283.079471586	3454.56201082	-0.065851	0.32846	0.555225	-0.00482351	0.00418665	0.00325173	0
4292.790545456	3460.204706291	-0.0614483	0.312149	0.545938	-0.00497633	0.00433447	0.0031455	0
4301.31363025	3470.294592717	-0.0575096	0.27722	0.437977	-0.00410194	0.00391837	0.0029273	0
4294.0051736	3458.228797029	-0.0563886	0.266915	0.506066	-0.00357255	0.00393655	0.00313246	0
4299.037123511	3459.044830813	-0.069519	0.248503	0.506219	-0.00383763	0.00444926	0.00321736	0
4289.417019225	3455.525711948	-0.0682035	0.267973	0.519081	-0.00405718	0.00449231	0.00315299	0
4294.936124009	3451.868369581	-0.0625034	0.338107	0.522871	-0.00423661	0.00456577	0.00314904	0
4283.233921502	3450.997819074	-0.0669387	0.355537	0.545612	-0.0051186	0.00447428	0.00318861	0
4302.49538465	3463.72253736	-0.0701642	0.320496	0.508536	-0.00504726	0.00454341	0.00271055	0
4310.807907449	3479.872365358	-0.0967769	0.245725	0.423479	-0.00440502	0.00498203	0.00249082	0
4307.209366112	3472.823825255	-0.115787	0.22797	0.703559	-0.00583405	0.00523099	0.00247361	0
4283.15938879	3463.128004592	-0.113229	0.217978	0.602215	-0.00503286	0.00496056	0.00258008	0
4275.974775467	3460.337349342	-0.104972	0.277239	0.598731	-0.00531395	0.00523099	0.00258763	0
4276.321933535	3456.046411043	-0.108718	0.291688	0.568564	-0.00520385	0.00523099	0.00262763	0
4274.541933681	3458.87398313	-0.0975091	0.34065	0.563478	-0.00628616	0.00446437	0.00290883	0
4289.185202655	3455.993611382	-0.101362	0.31674	0.546924	-0.00521695	0.00448371	0.00261945	0
4279.107416508	3459.250449005	-0.097851	0.238508	0.540703	-0.00446643	0.0047509	0.00256188	0
4288.075147023	3456.916961551	-0.0868401	0.249472	0.56756	-0.0040204	0.00460346	0.00256993	0
4279.124136775	3457.503767538	-0.0702812	0.256181	0.568751	-0.00378954	0.00455689	0.00237396	0
4270.938007852	3457.281837256	-0.0765025	0.303577	0.578251	-0.00399	0.0042182	0.00238202	0
4278.15039382	3453.531773533	-0.0847365	0.309907	0.593974	-0.00499991	0.00430158	0.00253273	0
4290.659986803	3459.195932282	-0.0742178	0.310183	0.577472	-0.00543732	0.00420269	0.00252924	0
4287.706450985	3465.241278826	-0.0713263	0.284626	0.54607	-0.0044647	0.00443085	0.00247728	0
4273.088970897	3451.968817716	-0.0676664	0.249821	0.54025	-0.00441867	0.00443085	0.00253971	0
4282.105728632	3454.454694436	-0.0734778	0.26777	0.57848	-0.00414465	0.00446886	0.00233603	0
4271.486092507	3451.33092913	-0.0750889	0.268028	0.580492	-0.00428736	0.00428126	0.0024889	0
4270.919870614	3450.205824159	-0.075554	0.308642	0.604794	-0.00462723	0.00429013	0.00228432	0
4262.450347351	3451.051906531	-0.0653857	0.331194	0.615925	-0.00513965	0.00391433	0.00271448	0
4274.060163302	3453.600026753	-0.0730459	0.345382	0.616199	-0.0057946	0.00393626	0.00230851	0
4271.566009711	3460.444665726	-0.0685912	0.257735	0.558275	-0.00487875	0.00412647	0.00227071	0
4261.842183096	3458.855953977	-0.0741493	0.230381	0.557992	-0.00461594	0.00405988	0.00219688	0
4261.794856241	3453.826249691	-0.0616499	0.239125	0.583016	-0.00437365	0.00427874	0.0022475	0
4253.530793875	3453.13684924	-0.0785246	0.27169	0.583168	-0.00447034	0.0041843	0.00226931	0
4262.144564857	3447.869331847	-0.0736358	0.282991	0.598759	-0.00397812	0.00440011	0.00225949	0
4260.629255318	3453.43690585	-0.0766025	0.333118	0.601815	-0.00486002	0.00386739	0.00219681	0
4267.224408413	3453.295677488	-0.0764485	0.33266	0.662749	-0.00602279	0.00384885	0.00236201	0
4277.048840018	3454.795102006	-0.0804339	0.238072	0.569257	-0.00526728	0.00378678	0.00202733	0
4276.845646276	3459.031094316	-0.0814023	0.236527	0.591209	-0.00446905	0.00384326	0.00228178	0
4267.724599424	3459.008772508	-0.0803909	0.232181	0.608249	-0.00429128	0.00426055	0.00221905	0
4266.061641433	3460.1634968	-0.0939993	0.256374	0.618333	-0.00400365	0.00408428	0.00209842	0
4273.000268468	3461.363293973	-0.0765831	0.258318	0.629172	-0.00360877	0.0039165	0.00208401	0
4281.627075591	3456.170468783	-0.0870005	0.294369	0.65687	-0.00457488	0.00423006	0.00185346	0
4279.436437338	3455.976870027	-0.0873141	0.341849	0.695473	-0.00560253	0.00379899	0.00209489	0
4284.885543719	3467.21418323	-0.076515	0.249532	0.631029	-0.00434953	0.00388439	0.00186316	0
4284.048396837	3463.68690832	-0.0778711	0.223087	0.604785	-0.00428862	0.0042101	0.00194568	0
4284.568992241	3457.745873301	-0.0882236	0.222035	0.633755	-0.00375513	0.00442388	0.00196461	0
4269.958313616	3461.275294538	-0.0839584	0.248099	0.612485	-0.00418326	0.0039877	0.00199802	0
4285.146266512	3460.681191036	-0.067061	0.299722	0.629149	-0.00429979	0.0041636	0.00197541	0
4277.168149036	3454.866360085	-0.0754919	0.316259	0.656856	-0.00559781	0.00374218	0.00213034	0
4286.330854856	3465.653373741	-0.0867487	0.285715	0.639956	-0.00457708	0.00397506	0.00208536	0
4291.55749668	3470.686082886	-0.0849761	0.238136	0.591767	-0.00457723	0.00403107	0.00167969	0
4275.602962093	3456.806211042	-0.0818106	0.240292	0.62252	-0.00411836	0.00409847	0.00170025	0
4270.295269487	3453.316282234	-0.079838	0.25827	0.622663	-0.00419677	0.00387984	0.00175117	0
4271.486375901	3447.604045745	-0.0833631	0.28237	0.633387	-0.0046298	0.00385344	0.00186037	0
4273.930652089	3445.792974449	-0.0854443	0.343335	0.668104	-0.00529523	0.00365928	0.0019209	0
4274.673145261	3455.366025169	-0.0800346	0.306318	0.676444	-0.00635941	0.003485	0.00192007	0
4278.613743567	3459.436320982	-0.0831335	0.264375	0.618727	-0.00490402	0.00364422	0.00174596	0
4267.966051402	3451.131749921	-0.0898846	0.217028	0.626576	-0.00443129	0.00361918	0.00180259	0
4270.502147356	3448.454420772	-0.0910084	0.248499	0.646407	-0.0041332	0.00363363	0.00168937	0
4261.872789685	3451.937910598	-0.0937935	0.245152	0.630255	-0.00446134	0.00374854	0.00169782	0
4266.949232508	3447.634523598	-0.091776	0.300667	0.633331	-0.00463148	0.00453698	0.00180538	0
4259.348029504	3448.312763145	-0.0945372	0.334279	0.631818	-0.00608762	0.00445976	0.00204282	0
4274.221131288	3449.858548341	-0.0864149	0.249823	0.584587	-0.00473964	0.0036881	0.00162436	0
4270.701373577	3449.968440318	-0.0842334	0.244596	0.614925	-0.00427903	0.00408004	0.00204737	0
4257.667501064	3452.629028111	-0.0843506	0.275886	0.648331	-0.0043434	0.00372912	0.00198575	0
4269.573747496	3440.044679655	-0.0889877	0.265099	0.633324	-0.00409413	0.00392304	0.00214072	0
4272.237370904	3446.851113995	-0.0869253	0.277482	0.616579	-0.00457311	0.00420929	0.0022949	0
4275.395234041	3446.66695908	-0.0945949	0.354018	0.607951	-0.00533802	0.00381752	0.00208624	0
4281.112148074	3454.55428404	-0.102876	0.297267	0.596473	-0.00588911	0.00403118	0.00215969	0
4279.720681862	3449.209069585	-0.096685	0.261093	0.571309	-0.00486074	0.00394754	0.00193681	0
