4405.627330247	3886.876704172	-0.00603367	0.0162266	-0.123156	-0.00132053	-0.000610049	0.000738526	1
4310.734928881	3886.217887816	0.00488251	-0.00296056	-0.173856	-0.000372129	-0.000710868	0.000765569	1
4241.349988969	3895.74359297	0.00608686	0.0986691	-0.130197	0.00161306	-0.000765316	0.000427641	1
4180.867501461	3905.204654728	0.0156	0.313347	-0.0197738	0.00329825	-0.00110171	0.000512481	1
4151.610172229	3896.796278807	0.0333571	0.311826	0.0710254	0.0062787	-0.00156984	0.00070426	1
4097.224703429	3899.50292511	0.0269797	0.0710943	-0.0181705	0.00550386	-0.00110171	0.00143349	1
4076.876793738	3897.06195406	0.00407469	-0.0116076	-0.137725	0.00368297	-0.00110171	0.00144284	0
4053.273682972	3894.028630989	0.00962232	0.047054	-0.0560008	0.00153035	-0.000850275	0.000803626	0
4037.137794458	3877.924777443	0.0154142	0.0444184	-0.0911139	0.00280247	-0.00131155	0.000860014	0
4029.512650442	3879.866264451	0.00653322	0.101466	-0.105287	0.00249053	-0.00176207	0.000761152	0
4016.900584827	3874.903290487	0.0257866	0.10828	-0.101643	0.00158559	-0.00114282	0.000719504	0
4030.9362687	3878.423897297	0.0360854	0.219381	-0.063198	0.00127118	-0.00122861	0.00096006	0
4039.667639193	3891.669238084	0.0471414	0.280062	-0.0250888	0.000794794	-0.00131155	0.00104693	0
4034.06915782	3889.474640314	0.0390045	0.207624	-0.0301402	0.00110037	-0.00122125	0.00106904	0
4038.113193591	3893.973820673	0.0389299	0.154736	0.00538177	0.00138993	-0.000993917	0.000897188	0
4039.420692905	3893.777341168	0.0355791	0.0683014	-0.00281214	0.00157454	-0.00131155	0.000992415	0
4053.310841034	3894.799071013	0.0375958	0.0773178	0.00157827	0.000922595	-0.00101769	0.000990838	0
4047.564501539	3895.890178699	0.0380522	0.11429	0.0566096	0.000601262	-0.00096083	0.000769284	0
4049.443306059	3900.422318085	0.0278035	0.0943409	0.0885759	0.000871586	-0.0010972	0.000672543	0
4036.489850748	3886.617402212	0.0435693	0.18721	0.0426938	1.28425e-05	-0.00141349	0.000719839	0
4042.072075469	3889.902925574	0.0330249	0.190414	0.0426861	-6.59788e-05	-0.00141349	0.000769415	0
4041.642435374	3889.789298872	0.0204975	0.182699	0.030608	0.000329534	-0.00123151	0.000629034	0
4031.767680342	3886.169632886	0.027046	0.210656	0.031205	0.000787291	-0.00130269	0.000573711	0
4029.422851792	3882.858616355	0.0266852	0.232835	0.0290942	0.000826679	-0.00141349	0.000465046	0
4005.080450413	3887.254549374	0.0266968	0.205687	0.0239224	0.0014388	-0.00141349	0.000551747	0
4013.444110916	3887.392576682	0.0220882	0.205718	-0.00238192	0.00106921	-0.00129067	0.000572846	0
4007.675321758	3887.453578196	0.0281992	0.173493	-0.0355655	0.00106365	-0.000967924	0.000507004	0
3988.41970427	3881.056067124	0.0295321	0.169547	-0.00792331	0.000709012	-0.000877169	0.000525312	0
4002.245599917	3882.652850052	0.0281794	0.0948514	0.00556069	0.00106977	-0.0012118	0.000525312	0
4001.408769391	3885.458555531	0.0139291	0.154506	0.0285578	0.000200227	-0.001446	0.000525312	0
4003.97964282	3876.694185696	0.0161069	0.101076	0.0285415	-0.000255603	-0.00123681	0.000525312	0
4013.807950275	3878.53624934	0.0256199	0.179393	0.051522	-0.000730732	-0.00160147	0.000227031	0
4008.272947258	3878.425900332	0.0159353	0.158434	0.0467168	-0.000828665	-0.00123921	0.000525312	0
4008.342618625	3886.052000115	0.0310505	0.273244	0.111142	-0.00100784	-0.00188586	9.90897e-05	0
4006.747144329	3884.090300665	0.0208499	0.307769	0.157084	-0.000876529	-0.00179023	0.000385839	0
4004.757639748	3884.102318874	0.0205899	0.211107	0.158697	-0.000762222	-0.00192021	0.000300487	0
4026.16068358	3875.830149319	0.0219036	0.184029	0.0969184	-0.000869266	-0.00134007	0.000299099	0
4015.553605072	3876.23385188	0.0158144	0.172882	0.0896217	-0.000405235	-0.00156758	0.000418855	0
4021.916149099	3869.326113215	0.0128655	0.203546	0.090754	-0.00147706	-0.00136754	0.000341467	0
4024.322133627	3875.066993059	0.00683455	0.209149	0.0791706	-0.00129746	-0.00173511	0.000311809	0
4028.819807407	3874.562046194	0.0257714	0.242217	0.0958521	-0.00184128	-0.00115083	9.90898e-05	0
4029.611738608	3885.26717466	0.0259874	0.307237	0.157199	-0.00179748	-0.00159975	9.90898e-05	0
4022.890774106	3886.396522102	0.0287444	0.325698	0.198084	-0.00151194	-0.00142567	0.000215719	0
4026.846559479	3889.962834524	0.030022	0.18358	0.117395	-0.000960894	-0.00141635	0.000456503	0
4036.712799121	3894.442712912	0.022406	0.148095	0.0671101	-0.000598351	-0.00108559	0.000248773	0
4014.959850203	3888.877371754	0.0210992	0.16646	0.0608086	-0.000778639	-0.0010292	0.000257698	0
4028.253146958	3883.22098356	0.0298041	0.211653	0.0739595	-0.00117752	-0.0010292	0.000226433	0
4015.664305133	3894.233668916	0.0315288	0.301164	0.130942	-0.00220356	-0.00107495	-2.91153e-05	0
4055.069655979	3902.345049404	0.0267756	0.274597	0.162353	-0.00204812	-0.00145203	-0.000105585	0
4014.20817357	3884.475247536	0.0314805	0.248374	0.0966291	-0.00209348	-0.0010659	0.00016021	0
4035.230347264	3891.933456584	0.0365325	0.191727	0.0785192	-0.00155435	-0.000892602	0.000246889	0
4019.124649676	3889.405262472	0.0372833	0.251598	0.0735741	-0.00172387	-0.000508192	0.000278747	0
4048.578606987	3894.322895011	0.0400758	0.269681	0.116489	-0.00222456	-0.000986808	9.90898e-05	0
4019.934385781	3899.201923607	0.0439798	0.317186	0.162686	-0.00322054	-0.000648601	9.90899e-05	0
4046.625486342	3902.059525897	0.0391816	0.21834	0.153451	-0.00314386	-0.00104967	9.90899e-05	0
4033.130142623	3893.227052879	0.0425277	0.207524	0.0961416	-0.0029396	-0.000851229	9.90899e-05	0
4039.066143061	3888.101468908	0.0264762	0.177041	0.090395	-0.0028154	-0.00105934	0.000205504	0
4029.970933209	3886.122470522	0.0392556	0.23684	0.0756666	-0.0028075	-0.00126442	0.000326535	0
4035.280665474	3883.977038152	0.0375291	0.281639	0.116636	-0.0028635	-0.00102014	9.90899e-05	0
4010.810533257	3883.921863648	0.0363028	0.346676	0.148491	-0.00301087	-0.000878142	1.22164e-05	0
4030.041378702	3889.856855774	0.0314689	0.268073	0.147155	-0.00295088	-0.000886135	9.90899e-05	0
4022.739819478	3888.807811818	0.039305	0.220847	0.0859449	-0.00233808	-0.000951841	0.000170745	0
4032.009981873	3881.659344789	0.0332318	0.173609	0.0827575	-0.00184251	-0.00128039	0.000247257	0
4017.30545288	3884.878585908	0.0325464	0.204662	0.0976285	-0.00246207	-0.000998925	0.000331742	0
4016.439205555	3880.70225834	0.0365973	0.189049	0.0974305	-0.00221689	-0.00144826	0.000288942	0
4039.457076841	3880.99907168	0.0347108	0.248408	0.100099	-0.00278458	-0.0013942	9.909e-05	0
4036.931876863	3880.59719006	0.0346223	0.310727	0.162423	-0.00256473	-0.00144826	9.909e-05	0
4036.273095385	3881.61782734	0.0409229	0.241546	0.142718	-0.00251966	-0.00113356	-2.89113e-05	0
4041.542573082	3889.988691882	0.0459536	0.172685	0.104348	-0.00108118	-0.000853826	9.90899e-05	0
4055.222158859	3886.942986415	0.039388	0.177118	0.056302	-0.000103981	-0.000758415	9.909e-05	0
4041.195764502	3889.341347452	0.0434163	0.166623	0.0301536	-1.00988e-05	-0.000765321	9.909e-05	0
4034.544471366	3884.238707335	0.0457459	0.253258	0.0633128	-0.000320425	-0.000923989	-0.000138017	0
4040.327968924	3886.161620747	0.0446086	0.209138	0.0696448	-0.000482765	-0.000704165	-7.56116e-05	0
4038.182864957	3885.016066933	0.0458898	0.150417	0.0560622	-6.99339e-05	-0.00105418	-1.55052e-05	0
4033.2207154	3886.86632481	0.0534077	0.0523307	0.020671	0.000765587	-0.00096468	-3.33239e-05	0
4032.227511362	3883.147417555	0.0613597	0.0478462	-0.0105062	0.000733696	-0.000618799	0.00015466	0
4013.286189151	3886.566233778	0.0611077	0.103246	-0.0092856	0.000446794	-0.000249055	2.3847e-06	0
4027.643909563	3886.023775534	0.0657228	0.185676	0.0438197	0.000505727	-0.000373875	-0.000317213	0
4018.69113895	3887.026749689	0.045335	0.216281	0.0459322	-0.000157961	-0.00049753	-0.000518349	0
4014.846053638	3878.545536138	0.0152324	0.118202	0.0646345	0.000563286	-0.00078188	-0.000676109	0
4006.574514165	3872.156401394	0.0101957	0.100302	0.0471335	0.00132045	-0.000563539	-0.000763801	0
4009.497615058	3887.370361205	0.0093912	0.205148	0.0448339	0.00235541	-0.000796527	-0.000818537	0
4018.361361148	3883.722652732	0.005989	0.110087	0.013591	0.00171674	-0.000793249	-0.000763801	0
4020.428278358	3883.983593538	0.0197879	0.0384395	-0.00360257	0.00176527	-0.00079325	-0.000763801	0
4032.225188983	3882.449997254	0.0136369	0.0980438	0.0229429	0.00126496	-0.000695403	-0.000584612	0
4031.749101311	3885.377341574	0.0300717	0.167396	0.0720745	0.000385929	-0.000677423	-0.000763801	0
4036.967486673	3885.078161012	0.0317172	0.123136	0.0831526	0.00117886	-0.000792371	-0.000649363	0
4032.448911483	3881.911180892	0.0532973	0.117794	0.055388	0.00156777	-0.000538482	-0.000708961	0
4048.970314893	3888.927629718	0.0701443	0.207171	0.105898	0.00430471	-0.00119649	-0.000763801	0
4043.577751114	3895.757978402	0.0852393	0.307991	0.226944	0.00592946	-0.000977411	-0.00127885	0
4014.479117773	3881.957068598	0.0886444	0.257343	0.305068	0.00855963	-0.00186726	-0.00103602	0
4028.089032184	3887.513851334	0.0763964	0.151991	0.222394	0.00712052	-0.00179712	-0.000862307	0
4031.649239019	3885.619526692	0.0761245	0.132544	0.120497	0.00614113	-0.00119487	-0.00114284	0
4032.162484753	3886.345899949	0.0857423	0.107548	0.0972142	0.00520113	-0.000579938	-0.00127885	0
4033.254002831	3877.044534693	0.0722376	0.142319	0.0366964	0.00394944	-0.000434224	-0.00139104	0
4015.048874727	3879.170118809	0.053792	0.18749	0.0226631	0.00433356	-0.000924825	-0.00127885	0
4029.892746453	3876.426689503	0.0596363	0.176662	0.00641209	0.0037142	-0.000512367	-0.00127885	0
4035.910030152	3877.484473974	0.0592244	0.212071	0.0390939	0.0040427	-0.000850567	-0.00127885	0
4027.290133846	3877.772728892	0.0602068	0.200539	0.0976457	0.00297231	-0.000434224	-0.00174879	0
4026.430079531	3881.611271953	0.066115	0.0941312	0.0720631	0.00287998	-0.000727393	-0.00137419	0
4022.548610283	3879.733517871	0.0522995	0.0892323	0.0423751	0.00239112	-0.000684847	-0.00121181	0
4009.321888389	3873.878100855	0.0636268	0.0342701	0.0342832	0.00287583	-0.00103128	-0.00109988	0
4017.406863425	3874.835551492	0.0679778	0.0861939	0.0396738	0.00248541	-0.000886882	-0.0012383	0
4004.235878624	3874.857220687	0.0737681	0.0713819	0.0426439	0.00296105	-0.00079027	-0.00111299	0
4019.250058136	3884.613092749	0.0735193	0.236373	0.0985726	0.00351376	-0.000894395	-0.0012271	0
4009.701984401	3882.069238547	0.0794116	0.26993	0.127991	0.00372435	-0.000718634	-0.00142448	0
4016.914519101	3889.767811772	0.0727551	0.236492	0.127842	0.00433385	-0.00111567	-0.00131348	0
4020.330738445	3896.041134686	0.102389	0.289301	0.148772	0.0059468	-0.000797318	-0.00144472	0
4032.617671015	3900.771756612	0.0972327	0.209196	0.156931	0.00885816	-0.00145572	-0.000833135	0
4033.08059854	3889.953183538	0.111082	0.235476	0.163245	0.0113308	-0.00154405	-0.000391352	0
4027.441088474	3892.845019514	0.146502	0.376497	0.362703	0.0158914	-0.00129913	0.000449397	0
4023.353701631	3885.600042626	0.147757	0.452075	0.310416	0.0215035	-0.00111744	0.000947132	0
3997.264871329	3888.103289849	0.142222	0.403562	0.242403	0.0255281	-0.00158085	0.000426286	0
4009.098940016	3890.875307925	0.123502	0.424967	0.251116	0.0256675	-0.002775	0.000131765	0
4010.390956804	3895.078221227	0.116852	0.466233	0.247565	0.0279983	-0.00269285	0.00056302	0
4013.09420583	3902.138736819	0.0987195	0.56347	0.374056	0.0286386	-0.00131827	0.000977463	0
4025.80535961	3900.076339346	0.0959612	0.696509	0.450436	0.0284231	-0.00189168	0.000863561	0
4018.326525465	3901.821528943	0.0692998	0.674369	0.321729	0.0281283	-0.00163564	0.000765238	0
4034.231724343	3896.154397199	0.067604	0.56051	0.0340892	0.024339	-0.00045456	0.000792694	0
4036.782470488	3885.472212586	0.072841	0.425734	-0.195352	0.0209712	0.000108321	0.00159691	0
4031.735167038	3890.236886104	0.0674621	0.324475	-0.271271	0.0236211	0.000889793	0.00137469	0
4013.652350889	3882.756097391	0.0573968	0.301511	-0.205037	0.0274504	0.00111847	0.00173303	0
4018.939633491	3868.570604905	0.0268694	0.252399	-0.217785	0.0260108	0.000502662	0.00146968	0
4016.744985442	3867.484231665	0.0290494	0.257367	-0.163565	0.0253662	0.00050596	0.00147736	0
4008.0592884	3872.721075115	0.0291189	0.252828	-0.154641	0.0236901	3.2797e-05	0.00164054	0
4029.530455347	3865.124656665	0.0427383	0.177697	-0.150312	0.0235103	0.000392338	0.00164054	0
4013.464238199	3864.166659746	0.0395807	0.225223	-0.123564	0.0234856	-0.000498228	0.00155375	0
4011.751870832	3869.074277112	0.0427536	0.194968	-0.146563	0.0228324	-0.00017587	0.00164054	0
4002.89509188	3867.478768843	0.050172	0.16671	-0.153778	0.0210059	-0.000395947	0.00164054	0
3999.936381176	3867.110574627	0.0435179	0.153665	-0.176221	0.0199247	-0.000643661	0.00180724	0
3988.97165632	3863.226872235	0.0473417	0.141978	-0.148026	0.0193925	-0.00067844	0.00164054	0
3990.262124855	3863.574489821	0.0397783	0.170523	-0.154115	0.0186529	-0.000698515	0.00154637	0
3968.339642278	3859.358647839	0.0430899	0.16726	-0.137962	0.0184677	-0.000539123	0.00155399	0
3986.034621152	3860.996037745	0.0374026	0.2231	-0.135734	0.0173303	-0.000777595	0.00164054	0
3975.14421242	3866.779709696	0.0509475	0.207976	-0.0885656	0.0146541	6.98335e-05	0.0011771	0
3992.831450031	3866.94486902	0.0502879	0.218329	-0.112319	0.0118507	-0.000116308	0.00119151	0
3984.394247531	3867.541773392	0.0518289	0.103228	-0.121549	0.0110847	0.000344671	0.00123194	0
3987.973807524	3861.297949718	0.0362975	0.124724	-0.131804	0.0108434	8.12198e-06	0.00116557	0
3985.580983143	3855.109300548	0.0384809	0.109303	-0.156432	0.0109484	0.000509924	0.000985141	0
3994.526012493	3856.148693518	0.0319817	0.118864	-0.151572	0.0112936	-3.19669e-05	0.00102571	0
3996.246121123	3851.522411496	0.0324227	0.138707	-0.168497	0.0113364	0.000128413	0.00107814	0
3991.83282711	3858.533215406	0.0390616	0.164091	-0.19345	0.0114377	2.97148e-05	0.00111661	0
4008.427772517	3866.874034426	0.0450793	0.215001	-0.100028	0.0106193	-7.67184e-06	0.00086844	0
4026.947970023	3865.653639948	0.0440816	0.114753	-0.139763	0.0108135	-1.19018e-05	0.00086844	0
4007.748863756	3862.881621872	0.039943	0.125734	-0.157052	0.00993594	0.000162344	0.00086844	0
4013.21961429	3863.722714396	0.0392368	0.0617219	-0.143777	0.0103378	0.000160698	0.000868439	0
4002.16354253	3871.122653341	0.0394885	0.115781	-0.098871	0.00950636	0.00023128	0.000868439	0
4010.778794078	3869.959800589	0.0480397	0.222454	-0.0470839	0.00865668	-0.000108082	0.000868439	0
4012.338658565	3875.71306283	0.0518777	0.175741	-0.0165798	0.00711433	-0.000415443	0.000868439	0
4030.193107456	3871.566780785	0.044055	0.105177	-0.0826168	0.00905188	-0.000269982	0.00118963	0
4019.288764451	3872.382744327	0.0398037	0.100794	-0.0628674	0.00871947	-7.92879e-06	0.00117654	0
4019.92432214	3874.154519658	0.0222892	0.110058	-0.0775222	0.00885299	-0.000134014	0.00142304	0
4027.198012817	3878.581954953	0.0349926	0.122428	-0.131462	0.00927289	5.82263e-05	0.00133521	0
4020.59936027	3888.399739	0.0427556	0.267659	-0.0428971	0.0071178	0.000139659	0.000927545	0
4023.761666189	3885.68162077	0.0331421	0.1853	-0.065587	0.00685487	9.44217e-05	0.00116693	0
4051.469194576	3887.155854387	0.0433808	0.112412	-0.0873744	0.00656417	0.000170646	0.00112778	0
4024.103055885	3890.131999918	0.0372999	0.108639	-0.100225	0.00663362	0.000113705	0.0011148	0
4040.616718032	3885.174852965	0.0382023	0.133628	-0.0889183	0.00658906	-0.000388151	0.0010613	0
4040.97668676	3892.201681153	0.0571143	0.195654	-0.0281122	0.00440422	-0.00038858	0.000854733	0
4071.718016101	3906.475307171	0.0368143	0.0715093	-0.0552568	0.00467762	-0.000790503	0.000650501	0
4055.00462937	3887.400042539	0.0379591	0.0694182	-0.0984292	0.00479625	-0.000459454	0.000854732	0
4042.463009248	3881.525869833	0.0374926	0.0876208	-0.0753766	0.00413404	-0.000590582	0.000854732	0
4033.869433236	3886.166537287	0.0378427	0.134683	-0.0880629	0.0040896	-0.000474466	0.000854732	0
4042.225352475	3883.861044227	0.0439584	0.185226	-0.0252537	0.0027528	-0.000524783	0.000854732	0
4041.619211586	3890.699040862	0.0400973	0.265035	0.00595083	0.00135822	-0.000629507	0.000854732	0
4041.12299663	3894.598767532	0.0535167	0.223818	0.00870475	0.00135822	-0.000583773	0.000982204	0
4030.305355769	3894.614973905	0.0338609	0.206609	-0.0134198	0.00142714	-0.00127329	0.00125103	0
4024.388708489	3892.733942129	0.0406089	0.0974388	0.0334134	0.00165943	-0.000913612	0.00134621	0
4031.579567652	3882.551059465	0.0421678	-0.0439776	-0.0103881	0.00220776	-0.000706922	0.0011845	0
4030.254263434	3880.892000365	0.0546104	-0.021574	-0.025974	0.00241272	7.906e-05	0.00098116	0
4002.593956751	3876.050301054	0.0383349	0.0557183	-0.0362266	0.00238366	7.906e-05	0.000820484	0
4000.27002961	3870.901955324	0.0448093	0.145634	-0.0297688	0.00208835	7.906e-05	0.000400265	0
4002.290499243	3876.969329841	0.034938	0.190843	-0.0395303	0.00213846	-0.000315832	0.000511976	0
4008.478864853	3869.372365109	0.0402429	0.274935	-0.0183449	0.00202696	-6.67895e-05	0.000305632	0
3994.076245115	3870.901955324	0.0484108	0.268713	0.0128129	0.00146106	-2.1579e-05	0.000511975	0
4005.773293448	3876.646112861	0.0480532	0.169316	0.0107529	0.00120114	-0.00011925	0.000511975	0
4014.45899049	3877.950816895	0.0498688	0.13972	-0.0185931	0.000749331	6.24045e-05	0.000511976	0
4025.310692907	3875.240346616	0.0460059	0.0577236	-0.00317488	0.000822814	0.000164578	0.000511975	0
4035.232669643	3879.849875984	0.0403318	0.0588168	-0.0109141	0.000648407	0.000467867	0.000441992	0
4031.355071027	3871.769815676	0.0397462	0.0497709	-0.0146028	0.000891991	0.000388573	0.000301223	0
4028.103740583	3875.91737238	0.0397549	0.0729719	-0.0187	0.00123422	0.000390335	0.000242858	0
4025.656727362	3869.687934138	0.0407488	0.0720879	-0.0207769	0.00148422	0.000671732	0.000214962	0
4022.820328613	3869.689390891	0.0388183	0.138152	-0.0273613	0.00153544	0.000128823	0.000142564	0
4026.305445198	3871.303836943	0.0471414	0.107956	-0.0167981	0.00188014	0.000451103	0.000165183	0
4017.770702784	3872.393123689	0.0530062	0.204196	0.0174535	0.00149591	0.000503928	-0.000149893	0
4008.05309539	3872.874944606	0.0582174	0.187256	0.0132368	0.00157399	0.000683709	2.0397e-05	0
4025.259600572	3871.785657861	0.0631091	0.145733	-0.00341423	0.00190756	0.000334997	-0.000143869	0
4027.217365974	3867.021166437	0.0491654	0.0654584	-0.0384056	0.00234954	0.000548722	7.42189e-05	0
4015.439808507	3875.822865556	0.058344	0.0669104	-0.0352819	0.00266928	0.000785043	8.26144e-05	0
4028.671949285	3873.104929421	0.0614883	0.0515824	-0.0691637	0.00374273	0.000946384	2.0397e-05	0
4023.814306777	3871.435490958	0.0674588	0.11084	0.00951032	0.00266839	0.000886082	0.000134797	0
4039.163682975	3876.567448222	0.0721286	0.191534	0.03848	0.00157733	0.00130375	2.0397e-05	0
4034.744970077	3871.23172769	0.0587609	0.0882743	-0.00219359	0.00313179	-5.99837e-05	0.000759027	0
4041.247630963	3867.84969447	0.0541819	0.0670092	-0.0366329	0.00355244	0.000223647	0.000510503	0
4006.774238749	3864.346022409	0.0618834	0.0490107	-0.0198748	0.00435587	0.000224724	0.000414709	0
4030.298388633	3867.236947914	0.0561932	0.0605794	-0.0290749	0.00337695	0.000489673	0.000332754	0
4039.234128467	3870.6384652	0.0572688	0.0955514	-0.0256016	0.00325212	0.000489673	0.000652085	0
4031.715039754	3876.17576387	0.0637851	0.168763	0.00503965	0.00218513	0.000341083	0.000312675	0
4020.230102026	3874.280528757	0.0563289	0.0716024	-0.0291649	0.00170725	0.000190308	0.000430986	0
4042.017886628	3876.372789657	0.0599133	0.0807392	-0.0246045	0.00200019	0.000226715	0.000434993	0
4020.676772899	3879.278646877	0.0431674	0.0816895	-0.0346633	0.00227255	0.000313174	0.000460089	0
4031.012907204	3872.167509132	0.0504789	0.0931819	-0.0149626	0.00212156	-4.9053e-05	0.000396435	0
4022.992958777	3882.327812131	0.0432114	0.0985581	0.00790569	0.00156565	0.000320063	0.000373233	0
4041.985373324	3886.107720902	0.0483246	0.0691775	0.0162434	0.00173785	0.000135442	0.000486754	0
4030.878209228	3883.651818137	0.0535341	0.176473	0.0444482	0.00146007	0.00010532	0.000520483	0
4056.062860017	3887.483805812	0.0662026	0.18984	0.0745625	0.00201584	-5.01902e-05	2.0397e-05	0
4041.669529795	3888.110573612	0.0631367	0.171505	0.0528708	0.00198706	0.000412473	2.0397e-05	0
4065.387985379	3894.95676448	0.0608031	-0.0284173	-0.00386485	0.00315555	0.000340066	2.0397e-05	0
4040.456473889	3883.436947131	0.0623367	-0.0513936	-0.0320257	0.00335136	0.000614882	2.0397e-05	0
4023.344412115	3878.33995193	0.0683074	0.0187786	-0.0299137	0.00411631	0.00033828	2.0397e-05	0
4028.741620651	3877.42438293	0.0645251	0.109001	0.0159093	0.00314836	0.000153344	-0.000175537	0
4046.610003816	3898.978676274	0.0654714	0.178629	0.110831	0.0026731	0.000225339	-0.00025302	0
4036.01298895	3885.78086204	0.0624454	0.161654	0.153752	0.00231527	0.000153344	-1.34243e-05	0
4036.679511691	3879.849511796	0.066823	0.164927	0.114586	0.00254989	0.00048906	-3.35807e-05	0
4026.084819203	3888.656855832	0.0668293	0.119383	0.0783692	0.00300205	0.000327903	-4.75109e-05	0
4032.958286586	3881.81048287	0.0546496	0.142518	0.0460908	0.00241348	0.000385297	-0.000111572	0
4031.803290152	3875.237433111	0.0519213	0.155205	0.0739135	0.00307571	-0.000173486	-0.000130696	0
4049.450273196	3886.590270195	0.0391894	0.109505	0.0736546	0.00280301	-0.000501788	-0.000201201	0
4044.912344849	3885.001135219	0.0487672	0.0802878	0.0174829	0.00315951	-0.000359694	6.70719e-05	0
4036.936521621	3879.361681774	0.0495866	0.0643901	0.00782189	0.0030361	-0.000269079	-0.000172551	0
4042.134779699	3875.152030991	0.0573363	0.0909639	0.0455897	0.00380277	-4.18592e-05	-0.000279633	0
4050.786415183	3890.884412628	0.0564584	0.157402	0.13001	0.00341488	-0.000318198	-0.000389479	0
4050.37535412	3881.558646766	0.0643001	0.174778	0.182046	0.00298475	-8.63436e-05	-0.000763193	0
4032.031657409	3885.374245975	0.0577967	0.325123	0.245842	0.00198635	-0.000504398	-0.000389479	0
4034.034322137	3884.20046758	0.0727456	0.235849	0.335345	0.00334209	5.8157e-06	-0.000389479	0
4016.592482561	3874.325141805	0.0725355	0.19181	0.298773	0.00295228	-0.000121334	-0.000170796	0
4027.503018578	3876.842046084	0.069958	0.192136	0.206104	0.00297349	6.59691e-05	-0.000418837	0
4015.803647866	3874.534003707	0.0746935	0.198696	0.190272	0.00314646	-0.000121766	-0.00057364	0
4047.621786885	3877.72301721	0.0720415	0.227038	0.114089	0.00296007	0.000425123	-0.000354879	0
4020.240165668	3885.970968253	0.0521222	0.225412	0.0815392	0.00393589	0.000398635	-0.00013026	0
4037.836830503	3873.75445898	0.0422389	0.209963	0.0706853	0.0034969	0.000306253	0.000252145	0
4013.768469834	3870.141894663	0.0444028	0.222885	0.0909612	0.00322586	-7.10076e-05	0.000257957	0
4030.97807152	3878.246355576	0.051636	0.20283	0.130064	0.00288474	0.000233812	0.00016166	0
4030.501209722	3878.585050552	0.0466779	0.0902256	0.105372	0.0033197	-2.73655e-05	0.00016166	0
4053.310841034	3890.878403524	0.0489913	0.0999988	0.172647	0.00344591	-0.000212655	0.00016166	0
4028.360750514	3873.286477212	0.0489913	0.0526882	0.0945718	0.00299406	-0.000212655	0.00016166	0
4039.23567672	3874.557675936	0.0485244	0.0872115	0.0988377	0.00350512	-0.000349127	0.00016166	0
4007.063761984	3872.840893015	0.0489913	0.126185	0.069238	0.00303991	-0.000212655	0.00016166	0
4020.538978419	3871.67294163	0.0483997	0.145558	0.0929774	0.00340048	-0.000385319	0.00016166	0
4016.403595745	3871.214610847	0.0485947	0.178699	0.0896945	0.00301757	-0.00033038	0.00016166	0
4031.572600516	3879.350938224	0.0480682	0.160349	0.088306	0.0033406	-0.000479483	-1.59038e-05	0
4018.217373657	3873.194155517	0.0479959	0.150243	0.0692992	0.0033793	-0.000485969	-7.64193e-05	0
4009.688824254	3880.385960935	0.0479911	0.139549	0.084222	0.00342177	-0.000492622	-7.18073e-05	0
4016.142715184	3879.98917795	0.0459036	0.122602	0.07618	0.00334453	-1.74161e-05	7.98411e-05	0
4022.490550811	3872.234701845	0.0411273	0.108142	0.0957327	0.00334908	-0.000502667	-0.000121857	0
4010.082854538	3879.41558162	0.0505948	0.140484	0.111475	0.00277721	-0.000159613	-9.79126e-05	0
4028.944441741	3881.299344806	0.0490524	0.133923	0.133776	0.00277089	-0.00063685	-0.000193026	0
4012.143578738	3875.902440666	0.0465483	0.103787	0.093076	0.00227184	-0.000434359	-0.000241592	0
4011.602464457	3872.508753425	0.049193	0.0830866	0.10471	0.00312512	-0.000569224	-0.00013336	0
4016.969482068	3872.03731187	0.0503303	0.147121	0.0907836	0.00284861	-0.000229946	-0.000215632	0
4024.667393955	3881.674640691	0.0594549	0.203331	0.19347	0.00410326	-0.000569224	-0.000380617	0
4034.547567871	3880.198950322	0.0686138	0.320229	0.296931	0.00405677	-0.000926221	-0.00110071	0
4015.706107953	3876.384625772	0.0644982	0.332123	0.47403	0.00793483	-0.00148299	-0.000714603	0
4004.282326202	3870.623169298	0.0624086	0.255633	0.459129	0.00862853	-0.00147015	-0.000412288	0
3996.126905674	3866.430817452	0.0715654	0.218646	0.366605	0.006625	-0.00118411	-0.000482148	0
4013.538554324	3877.398525571	0.0729743	0.206325	0.272585	0.00515475	-0.000752907	-0.000233038	0
4024.803640183	3880.400528461	0.0749805	0.197951	0.12571	0.00398437	0.000177123	-0.000180725	0
4019.651055557	3877.767994446	0.0718315	0.235291	0.125654	0.00513279	1.68508e-05	-0.000408115	0
4020.636518332	3867.655035906	0.0647035	0.233165	0.117842	0.00505191	8.19911e-05	-0.000217977	0
4024.95691719	3871.133396891	0.0641684	0.233165	0.149472	0.00429266	0.000173201	-8.55612e-05	0
4017.272165449	3882.342925939	0.0665304	0.310044	0.201591	0.00433646	-0.000230738	-0.00038397	0
4030.111824195	3885.871544889	0.0615622	0.304441	0.250908	0.00393057	-0.000229278	-0.000161778	0
4027.691905394	3886.134670824	0.0533882	0.184858	0.236049	0.00423041	-0.000609902	0.000110122	0
4028.923540331	3886.568418907	0.072584	0.157974	0.208279	0.00401345	-0.000309624	5.71554e-05	0
4018.688816571	3886.28198493	0.0601487	0.137314	0.212493	0.00469719	-0.000493723	0.000116264	0
4041.641661248	3883.321681583	0.053391	0.181158	0.23196	0.00539053	-0.000609902	-7.46193e-05	0
4031.45880395	3881.982379675	0.0647996	0.235477	0.250326	0.00556145	-0.000433502	-0.000351748	0
4034.895150578	3880.389056535	0.065038	0.298992	0.263743	0.00494764	-0.000518747	-0.000351748	0
4028.489255479	3890.813578034	0.067836	0.210873	0.187868	0.00515682	-7.63909e-05	-0.000255588	0
4021.130410909	3886.155975831	0.0538372	0.277877	0.201277	0.00476193	-0.000684694	-0.000230686	0
4010.680480039	3892.16890422	0.0555958	0.270084	0.187844	0.00543213	-0.000634678	2.04426e-05	0
4024.960013695	3886.803320261	0.0341082	0.284975	0.201903	0.00564064	-0.0010699	0.000466515	0
3996.260055397	3886.261590393	0.0448047	0.251453	0.210278	0.00551794	-0.000564133	0.000524236	0
3998.442317425	3882.232394837	0.0393114	0.229429	0.212497	0.00561644	-0.000921243	0.000554803	0
3990.971998668	3888.65813049	0.0419854	0.214465	0.205529	0.00571518	-0.000415078	0.000539331	0
3998.289814545	3879.795794044	0.0448158	0.24934	0.232316	0.00530172	-0.00103464	0.000118921	0
3992.178087438	3878.603077865	0.0526816	0.27181	0.245679	0.00480623	-0.000397794	0.000118921	0
3991.127598054	3877.31530858	0.0522198	0.258457	0.248588	0.0048079	-0.00123328	0.000118921	0
3972.221885653	3878.107599892	0.0440867	0.237464	0.23163	0.0047878	-0.000590262	0.000308556	0
3985.500474008	3866.35652307	0.0388607	0.256422	0.242527	0.00544614	-0.00111355	0.000439347	0
3979.971664002	3869.843078289	0.0479505	0.273472	0.238377	0.00509637	-0.000553207	0.000360704	0
3999.822584611	3872.058616876	0.0468105	0.317886	0.295862	0.00628676	-0.00111027	0.000418026	0
4011.703100876	3887.107781551	0.0500872	0.398883	0.395049	0.00684173	-0.00099759	0.000118921	0
4013.479720725	3880.809147561	0.0547355	0.363427	0.465158	0.00646227	-0.00134906	0.000467636	0
4021.852670743	3875.421166031	0.0561576	0.25856	0.339593	0.00427476	-0.000765895	0.000118921	0
4019.315858871	3882.819830317	0.0531956	0.226432	0.268519	0.00389991	-0.000762176	0.000337476	0
4017.549302663	3878.740376796	0.0451101	0.274587	0.233948	0.00250044	-0.000681644	0.000611449	0
4010.46295055	3873.498252619	0.0412454	0.226026	0.22695	0.00192767	-0.000775013	0.00091725	0
4009.39078563	3872.918282996	0.0409741	0.371322	0.255867	0.00190459	-0.000951044	0.00091725	0
3989.844096655	3872.544079675	0.0432956	0.390203	0.295747	0.00191737	-0.00122862	0.00091725	0
4016.087752216	3879.527569475	0.0393189	0.329426	0.320196	0.00118333	-0.00130928	0.00091725	0
4007.436890858	3880.898737845	0.0425332	0.29487	0.278986	0.000882403	-0.0011661	0.000747627	0
4027.852923663	3879.541044436	0.039965	0.232504	0.275034	0.00139124	-0.00144628	0.000917251	0
4016.856459628	3881.716340234	0.0313724	0.263602	0.250472	0.0023704	-0.00110263	0.000917251	0
4031.412356372	3875.824322309	0.0393178	0.262044	0.262043	0.00284244	-0.0015041	0.000917251	0
4013.420887127	3883.527812073	0.0284515	0.288827	0.245451	0.00247818	-0.0013905	0.000917251	0
4028.949086499	3875.620923229	0.0409171	0.327527	0.296128	0.00230758	-0.00177321	0.000917251	0
4020.961651376	3884.688115507	0.039799	0.359253	0.310459	0.00151471	-0.00143392	0.000621142	0
4036.979098567	3879.868449579	0.0381529	0.342811	0.323813	0.00209421	-0.0016265	0.00072804	0
4023.553426215	3881.655338719	0.0369927	0.29565	0.271401	0.00188897	-0.00127451	0.000685279	0
4021.58791955	3882.657948686	0.0337933	0.292926	0.272516	0.00270826	-0.00155061	0.000871154	0
4011.596271447	3877.313669733	0.0408547	0.294629	0.27643	0.00220624	-0.0010893	0.000600758	0
4020.755733781	3874.707357264	0.0393628	0.338097	0.312807	0.00226831	-0.0014535	0.000548539	0
4031.375972437	3886.152151855	0.0453648	0.369526	0.346963	0.00169902	-0.00163487	0.000240665	0
4029.296669205	3880.134306926	0.0520379	0.318407	0.344437	0.0023123	-0.00129014	0.000240665	0
4027.774736908	3876.221469483	0.0482334	0.299539	0.297034	0.00311595	-0.0014352	0.000666329	0
4028.244631569	3884.565930384	0.0509876	0.326271	0.313519	0.00397364	-0.00109314	0.00045286	0
4027.759254382	3892.730118154	0.0557024	0.416403	0.503692	0.00707708	-0.00224972	0.000361828	0
4029.516521074	3880.639435885	0.059556	0.46702	0.558529	0.00661841	-0.00224972	0.000776396	0
4023.480658343	3879.800164302	0.0625047	0.357758	0.532858	0.00621882	-0.0021456	0.000455712	0
4033.46533931	3883.372121641	0.0607026	0.339395	0.437363	0.00621111	-0.00191826	0.000339112	0
4033.697577198	3891.302864808	0.0482799	0.290307	0.31439	0.00692099	-0.00206022	0.000532437	0
4045.424816457	3889.424200256	0.0347434	0.351917	0.217092	0.00637857	-0.00131329	0.00106602	0
4027.794864191	3893.147841957	0.0387632	0.309027	0.107991	0.00612924	-0.00106753	0.00100268	0
4031.742908301	3892.341711496	0.0301513	0.348146	0.0414706	0.00591066	-0.000962423	0.000649816	0
4036.348959762	3891.474215331	0.0331241	0.227078	-0.138728	0.0062266	-0.000499443	0.0008649	0
4041.870802632	3887.548267114	0.0320285	0.163387	-0.177899	0.00748606	-0.000425054	0.000553307	0
4014.095151131	3882.56963306	0.0251324	0.0531834	-0.191244	0.00794115	-0.000317553	0.000844258	0
4023.835982313	3879.413578585	0.0250697	0.0296538	-0.14207	0.00794084	-0.000335826	0.000724244	0
4020.918300304	3895.786202983	0.0341044	0.0865313	-0.0354546	0.00744429	-0.000106623	0.000411826	0
4014.226752601	3882.531211211	0.0483276	0.070755	0.00810288	0.00691001	-0.000112377	0.000411826	0
4016.451591576	3886.667478082	0.0430195	0.0305916	-0.04179	0.00792821	-0.000381425	0.000411826	0
4017.784637057	3882.913244576	0.0478506	0.0422082	-0.112256	0.00879406	-0.000228835	0.000411826	0
4001.873245169	3878.461044488	0.0467211	0.0658945	-0.110175	0.00843514	-0.000543648	0.000630557	0
4013.430176642	3876.605323789	0.0382568	0.138379	-0.140014	0.00728331	-0.000588326	0.000411826	0
4000.979903423	3876.870999041	0.0462999	0.156064	-0.131503	0.00775213	-0.000654647	0.000643001	0
4014.733031198	3881.703047366	0.0474444	0.20865	-0.0634627	0.00696614	-0.000790933	0.000411826	0
4022.483583674	3882.761560214	0.055131	0.168028	-0.0447267	0.00696113	-0.000801449	0.000215151	0
4019.267088914	3876.057584817	0.0446145	0.0974719	-0.0400748	0.00570909	-0.00139824	0.000411826	0
4020.09153342	3880.541833462	0.0412229	0.0665629	-0.0747596	0.00616349	-0.000975122	0.000411826	0
4012.104872423	3870.87318446	0.0220241	-0.0313036	-0.0524224	0.00625261	-0.00133327	0.000411826	0
4008.815609792	3867.909239232	0.00654009	0.0556953	-0.0872191	0.0066213	-0.00134934	0.000411826	0
4020.949265355	3874.766719932	0.0242172	0.0306039	-0.0848007	0.0068609	-0.00127906	0.000411826	0
4016.755049084	3871.815885477	0.0654931	0.0423897	-0.0865693	0.00676951	-0.0012778	0.00148262	0
4022.320243026	3868.876887136	0.0826259	0.0502176	-0.074487	0.00667189	-0.00106043	0.00148262	0
4031.460352203	3874.404352727	0.0861665	0.125108	-0.00169442	0.00591917	-0.00120575	0.000962902	0
4024.490119033	3872.822137325	0.0770811	0.11072	-0.00626054	0.00705756	-0.00137815	0.00055933	0
4020.044311715	3877.986143145	0.0835292	0.109239	-0.0420896	0.00930453	-0.000585692	0.000282327	0
4030.383542525	3877.557129509	0.0791255	0.262467	0.0820726	0.0114935	-0.0016941	1.1062e-05	0
4031.224243683	3882.207812137	0.0679394	0.290153	0.111327	0.012411	-0.00224806	-0.00017615	0
4012.867386825	3870.320711042	0.0685074	0.325313	0.161281	0.0128792	-0.00209077	8.04293e-05	0
4022.577252956	3877.227903425	0.0776578	0.359632	0.129228	0.0145203	-0.00271873	0.000927686	0
4035.307759894	3876.141530184	0.11297	0.308351	0.120938	0.0182474	-0.00208303	0.00210635	0
4012.790748322	3882.641560219	0.116033	0.200779	-0.000854568	0.0201875	-0.0011878	0.00210635	0
4008.848123096	3875.048965746	0.0953091	0.0889396	-0.199556	0.0213181	-0.000793101	0.00173348	0
4015.957698999	3876.292668265	0.0851671	0.234174	-0.289171	0.0262634	-0.00168958	0.00162637	0
4018.052484756	3889.086597844	0.0848901	0.395375	-0.182425	0.028183	-0.00244902	0.0013946	0
4010.473014191	3892.460436831	0.0886576	0.488306	-0.0219623	0.0291021	-0.00256316	0.000574112	0
4018.156991806	3892.695702374	0.0687021	0.607243	0.110391	0.031224	-0.00321227	0.000202887	0
4008.0887052	3890.997310954	0.0623328	0.636227	0.163628	0.0312783	-0.00291448	0.000168291	0
3991.948171928	3892.185838969	0.0541985	0.618131	0.167895	0.032217	-0.0026446	0.000270638	0
4013.930262229	3894.24368409	0.0188431	0.61951	0.154276	0.0306671	-0.00302137	0.00033832	0
4035.276020716	3892.670755486	0.0419377	0.341058	-0.186626	0.0273487	-0.000147076	0.00118803	0
4016.565388141	3887.810846768	0.0506216	0.244396	-0.409549	0.0237067	0.000406736	0.0010395	0
4021.758227335	3876.715490703	0.0448577	0.142593	-0.521635	0.0239198	0.000599771	0.000739466	0
4001.10608601	3870.973518295	0.0478196	0.171173	-0.540991	0.0231256	0.00136968	0.000739466	0
4017.020574403	3874.84574876	0.0469503	0.21933	-0.483686	0.0216542	0.00114297	0.000739466	0
4002.1155467	3872.861651739	0.0474905	0.247225	-0.540903	0.0206276	0.00129783	0.000739466	0
4023.594454909	3880.961560301	0.0496816	0.255381	-0.514064	0.0213447	0.00125732	0.000739466	0
4002.707753316	3888.524655534	0.047205	0.227785	-0.550019	0.0228742	0.000890866	0.000739467	0
4021.852670743	3876.837129544	0.0192653	0.169386	-0.544921	0.0201334	0.000990483	0.000739467	0
4000.236742179	3871.20714499	0.0184977	0.175934	-0.559896	0.018842	0.00176696	0.000739467	0
4002.436809112	3863.911181762	0.0357328	0.123261	-0.48954	0.0174753	0.00186736	0.000794163	0
3993.634219	3871.592638143	0.0402445	0.0867273	-0.499866	0.018047	0.00135416	0.00127255	0
3979.68368902	3859.437858761	0.0453699	0.0159416	-0.367759	0.0163214	0.00102163	0.00132547	0
3993.936128256	3871.875248145	0.0442052	0.107738	-0.398831	0.0170633	0.0005514	0.00146424	0
3983.895710197	3867.810726338	0.0260326	0.10904	-0.396221	0.0165842	0.000429639	0.00104737	0
3981.026024017	3860.160590137	0.0113586	0.118275	-0.331219	0.0147492	0.00113697	0.000739467	0
3979.977857012	3857.505840645	0.0179704	0.0874442	-0.313932	0.0137327	0.00208095	0.000558112	0
3988.047349522	3862.604838881	0.0345738	0.132395	-0.251055	0.0118864	0.00183103	0.000739468	0
4008.433965528	3871.367387775	0.0328735	0.147073	-0.190758	0.0112575	0.00144347	0.000804558	0
3990.721955875	3863.550635497	0.0264446	0.162445	-0.178973	0.0122331	0.00153164	0.00103691	0
3995.213436644	3865.920954047	0.0419695	0.198657	-0.156408	0.0117499	0.00153119	0.00108451	0
4009.714370421	3871.121014494	0.0506277	0.264999	-0.0480893	0.0133121	0.00152384	0.00111469	0
4003.474138349	3872.389845996	0.0541943	0.26473	-0.0534333	0.0136813	0.00110929	0.00114259	0
4018.918732081	3868.226993389	0.0472029	0.111199	-0.162261	0.0129022	0.00176049	0.00151725	0
4008.53382782	3859.814429304	0.0560496	0.0974236	-0.185057	0.0135408	0.00165001	0.00159394	0
4016.227869076	3856.178192758	0.0416376	0.175646	-0.169757	0.0134335	0.00143375	0.00159394	0
3999.807102085	3859.106447548	0.0528413	0.165681	-0.174361	0.0130985	0.00171846	0.00159394	0
4007.174462044	3867.911424361	0.0465782	0.287171	-0.0655577	0.0116633	0.00168194	0.00142878	0
4012.430005468	3872.05697803	0.0549523	0.265672	-0.0130612	0.0107989	0.00182072	0.00129547	0
4040.148371623	3876.258434579	0.0567472	0.171543	-0.106649	0.0114115	0.00194514	0.00145393	0
4031.513766917	3875.729997579	0.0530362	0.186685	-0.162822	0.0123997	0.00219755	0.00147415	0
4013.517652914	3872.109421123	0.0606482	0.165854	-0.161037	0.0129939	0.00245044	0.00159394	0
4035.794685334	3879.228388912	0.0501306	0.197554	-0.14257	0.0126586	0.00228607	0.00134853	0
4052.621868631	3901.166172374	0.0534936	0.266357	0.00278124	0.014313	0.00158373	0.00109602	0
4040.271457704	3894.582925348	0.05231	0.284882	0.0735226	0.0118271	0.00122084	0.001124	0
4017.594976115	3885.116764956	0.0485391	0.0824963	-0.0916887	0.0111962	0.00124405	0.00152548	0
4012.772943417	3880.393973075	0.0426635	0.144489	-0.116621	0.0105931	0.0011988	0.00132578	0
4010.529525411	3887.555550877	0.0407071	0.18811	-0.0739339	0.0121023	0.000873918	0.00130979	0
4011.293588065	3882.486598163	0.0422913	0.260296	0.035852	0.0115388	0.000778471	0.00129184	0
4017.413056435	3884.91445844	0.0526683	0.301551	0.0361348	0.00997261	0.00133159	0.00115419	0
4038.081454413	3892.224442913	0.0408967	0.208424	-0.104019	0.0111334	0.000924192	0.00173954	0
4037.908050122	3890.958160728	0.0519849	0.265238	-0.158754	0.0116201	0.00105862	0.00248498	0
4021.618110475	3880.641074732	0.0542313	0.229071	-0.211954	0.0115329	0.00163636	0.00308768	0
4038.22002302	3880.221712081	0.0523573	0.216126	-0.178605	0.0105089	0.00115703	0.00261473	0
4032.474457651	3886.055641997	0.0541332	0.246187	-0.170315	0.00920421	0.00164685	0.00251741	0
4046.976165554	3887.025657124	0.0428114	0.1357	-0.158695	0.00958672	0.00171113	0.00237474	0
4051.5729275	3880.108631662	0.0366595	0.110104	-0.193755	0.0107767	0.00130478	0.00244878	0
4053.75906016	3882.168661911	0.030455	0.141863	-0.193707	0.0102041	0.00118282	0.0024186	0
4052.86029953	3882.170482852	0.0431248	0.179877	-0.152767	0.0103604	0.00106371	0.0023299	0
4054.770069102	3891.142804118	0.0596493	0.252954	-0.0205978	0.00970019	0.000907276	0.00205627	0
4055.507037336	3902.600527388	0.0592433	0.251532	0.0308263	0.0096464	0.000800444	0.00194889	0
4018.186408605	3875.411332951	0.0409464	0.174103	0.0161816	0.0099152	0.000709219	0.00191807	0
4028.16721894	3878.354155267	0.0390662	0.245486	0.0103885	0.0110693	0.000202788	0.00131905	0
4025.073036134	3888.979708623	0.00808324	0.2826	-0.0387422	0.0116309	0.000698959	0.00124816	0
4012.955637223	3885.829845346	0.022634	0.187934	-0.0633963	0.0106878	0.0010425	0.00125808	0
4033.795891238	3885.778676911	0.0368701	0.207302	-0.0507733	0.00839877	0.000872898	0.00125426	0
4017.005866004	3894.124958754	0.0302441	0.206035	-0.000919353	0.00492697	-0.000673081	0.000855085	0
4041.462838074	3889.139769313	0.0345814	0.204357	0.0427207	0.00154514	-0.0010535	0.000784967	0
4023.538717816	3887.112333903	0.0268196	0.236279	0.0549834	0.000781607	-0.001476	0.000640005	0
4033.029506205	3883.03725064	0.0249101	0.286062	0.0969338	0.000645556	-0.00203884	0.000432162	0
4008.621304091	3877.398525571	0.0219077	0.264308	0.0663232	0.0012442	-0.00150486	0.000697191	0
4020.272678973	3886.310937887	0.0168874	0.316534	0.100602	0.00256394	-0.00179059	0.000432162	0
4002.617180539	3886.715733012	0.028668	0.353957	0.148147	0.00209818	-0.00179703	0.000432162	0
4031.84973773	3884.872394709	0.0161221	0.183076	0.106698	0.00217753	-0.0019682	0.000432163	0
4029.980996851	3877.261590828	0.0247655	0.189117	0.0469305	0.00237646	-0.00185305	0.000593724	0
4038.075261402	3872.782622911	0.0194854	0.168233	0.0230853	0.00251319	-0.00178494	0.000662525	0
4026.129718528	3874.659284429	0.02461	0.212812	0.0168313	0.00234596	-0.00143806	0.000774651	0
4025.710916202	3865.829542822	0.0287625	0.273068	0.0630834	0.00196104	-0.00180419	0.000432163	0
4016.787562388	3874.801317806	0.026538	0.32379	0.099901	0.00145866	-0.00169372	0.000432163	0
4038.158867042	3876.29558177	0.0242796	0.241316	0.0751623	0.00147112	-0.002108	0.000432163	0
4033.646484863	3878.73873795	0.0292173	0.255689	0.0205859	0.0023395	-0.00198299	0.000484447	0
4045.734466975	3874.698798843	0.026418	0.148479	0.0162359	0.00420186	-0.00148542	0.000781582	0
4039.420692905	3869.080286216	0.0280759	0.22146	-0.000746492	0.00487342	-0.00101789	0.000647281	0
4039.715635024	3877.882895806	0.023977	0.248398	0.0577742	0.00449369	-0.00124306	0.000834801	0
4048.965670135	3891.82602108	0.0316968	0.288819	0.104027	0.00369866	-0.00116403	0.000605902	0
4044.212534677	3886.113547912	0.0302763	0.173602	0.045089	0.00367822	-0.00144023	0.000716107	0
4041.023134338	3885.102015336	0.028044	0.21689	0.049015	0.0038056	-0.00139208	0.000808387	0
4035.443231996	3880.791302342	0.0258824	0.163469	0.0275297	0.004156	-0.00125521	0.000882116	0
4043.395057309	3894.801256142	0.0254711	0.282318	0.0921801	0.00478112	-0.00164455	0.000813777	0
4050.511600348	3904.58243928	0.0426012	0.370264	0.243002	0.0090749	-0.00205581	0.000796213	0
4042.512553331	3896.540436634	0.0435245	0.416358	0.561273	0.0129815	-0.00121749	0.00079104	0
4020.518077009	3893.647690188	0.0564689	0.467057	0.741057	0.0148583	-0.000511464	0.00113589	0
4009.291697464	3889.953001444	0.0480961	0.392892	0.684493	0.0149448	-0.00102869	0.00112594	0
4013.034598105	3897.530117922	0.0426205	0.418279	0.472103	0.0134972	-0.0019117	0.000771444	0
4012.827906384	3899.695034357	0.0425299	0.387827	0.319333	0.0131759	-0.00195002	0.000551244	0
4022.733626468	3899.894791555	0.0424598	0.430112	0.263503	0.0124881	-0.00195806	0.000281527	0
4008.372035424	3899.126718755	0.0445901	0.347288	0.184484	0.0120285	-0.001336	0.000250938	0
4015.353106362	3889.128843669	0.0436527	0.373622	0.161192	0.011436	-0.00158648	5.45019e-06	0
4010.124657358	3892.43803926	0.0401171	0.367683	0.154573	0.0105711	-0.000816533	5.45019e-06	0
4019.955287191	3892.851392806	0.0406308	0.310586	0.234084	0.0105626	-0.00124196	5.45019e-06	0
4018.215051278	3891.8653534	0.0304774	0.24102	0.146514	0.0107454	-0.00115543	5.45019e-06	0
4022.481261295	3885.468388611	0.0375972	0.198625	0.171438	0.010796	-0.00153549	5.45019e-06	0
4017.775347542	3882.038100461	0.0313477	0.183501	0.180944	0.0100884	-0.00176388	5.45019e-06	0
4016.369534188	3880.731939674	0.0312046	0.205559	0.197769	0.00945946	-0.00181824	0.000100566	0
4008.442480917	3885.310148861	0.0277523	0.226635	0.198513	0.0089182	-0.00166385	0.000179619	0
4017.522982369	3880.493578533	0.0309744	0.246496	0.218816	0.00869518	-0.00192998	0.000585936	0
3998.208531284	3873.48714488	0.0240411	0.329007	0.235952	0.00870726	-0.00207908	0.000504996	0
4008.549310346	3874.412182772	0.0301339	0.332118	0.254642	0.00842295	-0.00213067	5.45019e-06	0
3997.117787333	3877.866871527	0.0301743	0.352089	0.254668	0.00829455	-0.00213067	0.00015687	0
4004.362835337	3875.473791218	0.0238029	0.276005	0.200422	0.00866101	-0.00178157	0.000309351	0
3993.762723966	3873.524656259	0.0244292	0.267106	0.179248	0.00809655	-0.00216395	0.000373266	0
4002.504932227	3874.810604604	0.0238616	0.280787	0.141815	0.00686194	-0.00170493	0.000497509	0
3994.258938921	3873.393548527	0.0126308	0.248229	0.176674	0.00729578	-0.00170493	0.000785262	0
4022.938769936	3879.14335098	0.0180804	0.281377	0.221847	0.00833507	-0.00204481	0.000653194	0
4011.713164518	3870.581105567	0.0100329	0.247444	0.231919	0.00912324	-0.00305685	0.000776936	0
4019.116908413	3878.636036892	0.0264689	0.282401	0.244999	0.00846497	-0.00221954	0.000828601	0
4007.144271119	3870.279375688	0.025504	0.265032	0.255454	0.00862226	-0.00214274	0.000652317	0
4027.989169891	3873.563078109	0.0226292	0.305097	0.258231	0.00697326	-0.00189557	0.000459148	0
4015.576054735	3872.430088786	0.0294167	0.295088	0.258114	0.00759061	-0.00190744	0.000528397	0
4020.866433842	3875.400589401	0.0250527	0.382179	0.29469	0.00713651	-0.00178253	0.000346685	0
4023.655610886	3877.689329806	0.0330558	0.353553	0.314203	0.0069458	-0.00182033	0.000329885	0
4027.348967445	3876.558343518	0.0350071	0.338698	0.302787	0.0073242	-0.00196984	0.000359853	0
4023.930425721	3874.590088681	0.0319536	0.255109	0.291099	0.00859251	-0.00194102	0.000651127	0
4037.741612969	3880.552577012	0.0338356	0.304298	0.286833	0.00724384	-0.00192815	0.000367311	0
4029.742565952	3871.217524353	0.0298055	0.267387	0.252578	0.00472293	-0.00181579	0.000445315	0
4028.051099995	3874.682228282	0.0306507	0.35366	0.264988	0.00447614	-0.00152694	0.000407701	0
4020.730187614	3868.129937248	0.0330284	0.305998	0.269447	0.00448442	-0.00149171	0.000570973	0
4026.050757646	3879.485869932	0.0396361	0.400272	0.289331	0.00480762	-0.00140129	0.000252199	0
4040.646134831	3875.181348137	0.0427278	0.401785	0.371881	0.00535668	-0.0018803	0.000337142	0
4029.202999924	3887.003805836	0.0382236	0.426674	0.402821	0.00468783	-0.00152018	0.000284093	0
4022.509903968	3875.839071929	0.0404301	0.293634	0.328915	0.005015	-0.0013737	0.000339345	0
4031.518411675	3878.087751638	0.0363036	0.32061	0.291796	0.00510342	-0.001165	0.000333632	0
4026.889136425	3880.380498113	0.0357803	0.282012	0.245031	0.00548197	-0.0013247	0.000547774	0
4020.564524586	3875.107782131	0.0284271	0.401462	0.299611	0.00717517	-0.00174093	0.00058158	0
4017.933269306	3882.945293133	0.0211251	0.484355	0.355721	0.00830348	-0.00226721	0.000805653	0
4028.423454744	3885.588388605	0.0379823	0.46502	0.419025	0.0071883	-0.00176171	0.000591273	0
4021.294525684	3882.142622459	0.023961	0.401394	0.372736	0.00692289	-0.00206698	0.00062438	0
4037.337519042	3882.830573867	0.0202442	0.376251	0.335312	0.008269	-0.00233944	0.000689031	0
4019.296505713	3886.914033457	0.028281	0.371548	0.319717	0.00861606	-0.00210929	0.000725591	0
4024.116216033	3886.144139716	0.0339215	0.395464	0.321351	0.00786839	-0.00142441	0.000320025	0
4040.07792613	3901.001195144	0.0247198	0.359233	0.294934	0.00125145	-0.00168705	0.000385791	0
4065.265673424	3900.314882582	0.0330351	0.413444	0.372442	-0.00316363	-0.00194671	-0.000103626	0
4039.238773225	3890.704867872	0.0369876	0.446344	0.409742	-0.00525416	-0.00270067	-0.000103626	0
4044.460255092	3894.380618833	0.0319428	0.410701	0.404745	-0.00407715	-0.00265333	-0.000319804	0
4048.721820351	3898.085140657	0.0412351	0.352073	0.349008	-0.00130913	-0.00235835	-0.000103626	0
4037.734645832	3892.375945181	0.0346748	0.381323	0.31459	-0.000206763	-0.00212989	-0.000103626	0
4034.808448433	3892.55294062	0.0406958	0.347402	0.320459	0.000619452	-0.00201976	-0.000103626	0
4029.017209613	3891.758464179	0.0302393	0.438564	0.373842	0.000307328	-0.00193496	-4.23498e-05	0
4034.282042552	3890.055156219	0.0424926	0.409506	0.396886	0.000343844	-0.00214957	-0.000103626	0
4027.867632063	3888.298858884	0.0356832	0.39207	0.390403	0.000156411	-0.00195623	-0.000103626	0
4048.525966399	3888.776127449	0.0339537	0.265871	0.295717	0.0015114	-0.00174562	0.000152128	0
4036.298641553	3888.24951139	0.0393605	0.333917	0.276691	0.00313637	-0.00164458	0.000194333	0
4034.331586635	3881.490725677	0.0277955	0.357227	0.263845	0.00371973	-0.00180199	0.000442463	0
4040.708839061	3885.163198944	0.036993	0.404073	0.31758	0.00365079	-0.00169984	0.000187797	0
4029.521939958	3879.807448065	0.035703	0.454044	0.348836	0.00257827	-0.00164241	0.000216874	0
4025.316111791	3882.983168701	0.0345556	0.35347	0.333205	0.00259308	-0.00183049	0.000237427	0
4051.846968209	3889.865596289	0.0366525	0.353552	0.277086	0.00263179	-0.00155561	0.000372851	0
4030.697063675	3883.35555108	0.0248258	0.328468	0.283524	0.003367	-0.00223532	0.000387578	0
4028.692850695	3887.184078968	0.0318502	0.346142	0.269146	0.0031725	-0.00182495	0.000282123	0
4025.385783158	3879.010422307	0.0299115	0.391109	0.337046	0.00321361	-0.00223622	-0.000103626	0
4022.028397412	3888.091453734	0.0376027	0.394424	0.367109	0.00227147	-0.00197596	8.55469e-05	0
4021.968015561	3880.786932084	0.0320148	0.342412	0.363912	0.0027538	-0.00237417	0.000323195	0
3999.74749436	3884.421165596	0.0282265	0.340723	0.298349	0.00332614	-0.00177025	0.000147529	0
4003.63283424	3880.862865313	0.0240292	0.348341	0.32456	0.00409371	-0.00247789	0.000162156	0
4003.80623853	3880.081499645	0.0317941	0.375109	0.304821	0.00358951	-0.00159503	0.000141004	0
4007.066858489	3878.254549809	0.0249073	0.407606	0.360364	0.00361112	-0.00222798	7.96367e-05	0
3998.680748324	3872.847448401	0.0438545	0.44885	0.389081	0.00315886	-0.0017777	6.92739e-05	0
4007.41986008	3875.566477101	0.0273174	0.358687	0.378898	0.00375087	-0.00222798	-0.000103626	0
4009.283956201	3879.388449603	0.0296685	0.369334	0.326001	0.00368812	-0.00178733	0.000240773	0
3984.107046675	3868.796947838	0.0257556	0.342632	0.339653	0.00428726	-0.00200408	9.15581e-05	0
4000.411694722	3878.621833555	0.0312697	0.387316	0.312806	0.00362045	-0.00167933	0.000165879	0
4011.696133739	3876.83785792	0.0325948	0.411364	0.383197	0.00387447	-0.00181921	-0.000103626	0
4018.007585431	3874.363927842	0.0286222	0.439669	0.388472	0.00283788	-0.00173173	-0.000103626	0
4017.715739817	3877.344625726	0.0316015	0.349041	0.376322	0.00408087	-0.0022241	0.000134415	0
4025.450809767	3873.100741257	0.0309289	0.334436	0.324907	0.00376346	-0.00198963	0.00027707	0
4006.468458862	3873.225475697	0.0364598	0.332306	0.323119	0.0044286	-0.00163298	-0.000103626	0
4038.333819585	3879.607326679	0.0312509	0.418688	0.364025	0.00411848	-0.00140716	-0.000103626	0
4031.636078872	3883.98140841	0.0402191	0.440621	0.454282	0.00554935	-0.00244241	4.22598e-05	0
4022.739045352	3878.946507287	0.0394028	0.511472	0.518374	0.00686532	-0.00203022	0.000155996	0
4015.822226897	3881.453578486	0.0475455	0.312976	0.429307	0.00724133	-0.00153798	0.000203413	0
4027.424831822	3889.447690391	0.0500852	0.359629	0.361668	0.00761182	-0.0016492	-0.000103626	0
4021.030548617	3886.649814957	0.0453426	0.346699	0.324745	0.00777147	-0.00128532	-0.000103626	0
4028.208247633	3881.833244629	0.0561362	0.429842	0.397024	0.00765659	-0.00178936	-0.000103626	0
4007.25884181	3886.419101767	0.0432983	0.439106	0.384488	0.00713192	-0.00178936	-0.000103626	0
4018.362135274	3886.689875653	0.0372871	0.326984	0.335093	0.00818015	-0.00220192	-0.000295064	0
4019.638669536	3891.697098477	0.048355	0.379946	0.338505	0.00943912	-0.00144838	-0.000103626	0
4032.942029933	3894.1788586	0.0487067	0.476894	0.389152	0.0111014	-0.00125196	0.000594401	0
4014.938174667	3889.510148658	0.0565791	0.480251	0.399872	0.011046	-0.000361244	0.000324875	0
4020.998809438	3890.888418698	0.0587116	0.423081	0.366106	0.0123195	-0.000361244	0.000645314	0
4033.999486454	3901.318767207	0.0492661	0.308554	0.250333	0.0139074	-0.000361244	0.00111127	0
4020.347769223	3888.305050082	0.0594764	0.105846	0.156489	0.0164582	0.000728613	0.00146928	0
4012.068488488	3878.011090033	0.0460785	0.0611759	0.116722	0.0166407	0.000781971	0.00123812	0
4011.945402406	3865.891090619	0.0489535	0.154013	0.118084	0.0165963	0.00147247	0.0013038	0
3995.559471099	3862.043442854	0.0514804	0.25797	0.139189	0.0167325	0.00119529	0.00111127	0
4013.639964868	3869.85254718	0.049818	0.369684	0.133239	0.0170266	0.00130505	0.00111127	0
3992.695203803	3869.211211855	0.0545286	0.446977	0.187433	0.0169574	0.00125621	0.00111127	0
4012.931639308	3869.86638633	0.052961	0.392485	0.167068	0.0172688	0.00126543	0.00111127	0
4024.72080867	3882.447265843	0.0485182	0.289451	0.123528	0.0176628	0.00112307	0.00111127	0
4017.488920812	3875.602895916	0.0437487	0.246879	0.122619	0.0182271	0.000766972	0.00111127	0
3998.012677331	3868.699163321	0.0447325	0.162792	0.117163	0.0189285	0.000687278	0.00131244	0
4015.484707832	3867.940559412	0.050792	0.211512	0.156637	0.0181048	0.000357615	0.00111127	0
4030.523659385	3867.943108729	0.0517789	0.175439	0.168599	0.0178199	0.000687278	0.00111127	0
4005.361458259	3866.931758247	0.0492074	0.214204	0.165002	0.0172878	0.000440142	0.00111127	0
3992.494705093	3860.352153102	0.0407943	0.203079	0.134614	0.0184099	0.000540438	0.0012345	0
3993.197611769	3859.762350399	0.0485153	0.297034	0.156429	0.0172355	0.000233967	0.00111127	0
3990.655381013	3856.468268616	0.0463848	0.280135	0.124723	0.0173252	0.000275378	0.00111127	0
3990.227289172	3861.537767613	0.0492649	0.363524	0.0820303	0.0161401	0.000457416	0.00116739	0
3982.214307882	3858.501166849	0.0501752	0.284942	0.125617	0.0163856	0.000717424	0.00111127	0
3994.111080799	3860.697767653	0.0484274	0.360042	0.165551	0.0175918	0.000183968	0.00111127	0
4003.072366802	3863.703412424	0.0491104	0.323164	0.239616	0.0173207	0.000382865	0.00111127	0
3994.615037017	3869.11087802	0.0480448	0.31454	0.261329	0.0165592	5.42401e-05	0.00111127	0
3994.581749587	3859.784201688	0.0459272	0.188513	0.196807	0.0175029	0.000350409	0.00111127	0
3983.377819704	3860.029118217	0.038996	0.273773	0.194639	0.0180423	-0.000333004	0.00111127	0
3989.56308881	3856.011940869	0.033968	0.203874	0.155832	0.0180843	0.000375312	0.00127416	0
4000.991515318	3854.964171572	0.0322107	0.266416	0.154766	0.0170462	0.000134537	0.00125361	0
4002.599375635	3857.589239731	0.0211779	0.24146	0.111377	0.0151857	-0.000681454	0.00144606	0
4003.407563488	3865.709542828	0.00997432	0.297806	0.138091	0.0132541	-0.00168372	0.00130733	0
3998.561532875	3863.272031565	0.00929502	0.290383	0.140655	0.0131257	-0.00113934	0.00134575	0
4010.339090342	3874.630513566	0.0246932	0.325661	0.232616	0.013178	-0.00153731	0.0010523	0
4008.568663503	3876.415035482	0.0449143	0.336826	0.284041	0.0138215	-0.00113934	0.00111127	0
4011.293588065	3871.769451488	0.0374824	0.280491	0.298329	0.0131958	-0.00113934	0.00111127	0
4005.768648691	3872.069906709	0.0408625	0.195981	0.232643	0.0134179	-0.00102322	0.00111127	0
3997.162686658	3872.688298181	0.0393368	0.190667	0.207041	0.0138215	-0.000904787	0.00111127	0
4010.1200126	3872.495642652	0.0382691	0.247989	0.169568	0.0149795	-0.000826553	0.00111127	0
4028.979277424	3874.426021921	0.0338876	0.293283	0.245837	0.0147906	-0.00161486	0.00111127	0
4029.616383366	3890.205201735	0.0437135	0.363878	0.324645	0.0140113	-0.0011185	0.00111127	0
4024.238527987	3890.37127153	0.0565664	0.383846	0.505651	0.0155382	-0.000997339	0.000728861	0
4022.567189314	3882.376431249	0.0700052	0.405071	0.577181	0.0163368	-0.00103585	0.00063771	0
4013.36592416	3881.23470141	0.069364	0.480734	0.668368	0.0168701	-0.000917946	0.00130787	0
4014.43808908	3881.813032187	0.066332	0.440724	0.668168	0.0162816	-0.00101769	0.0012667	0
4000.725215872	3885.521013798	0.0660505	0.376898	0.562375	0.0164882	-0.00093529	0.00121983	0
4025.54834968	3895.159435183	0.0629628	0.385569	0.467347	0.0155355	-0.00115249	0.000978338	0
4021.994335855	3898.7505124	0.0660442	0.39356	0.314408	0.0154393	-0.000297377	0.0011363	0
4028.653370253	3890.118342863	0.0554682	0.383763	0.342152	0.0136694	-0.000523544	0.00170113	0
4026.65612441	3900.90086131	0.0554589	0.38992	0.273199	0.00991728	0.000437425	0.0015649	0
4040.16772478	3891.9636842	0.0547934	0.446645	0.359962	0.00916395	0.000238367	0.00154096	0
4016.232513834	3896.869662718	0.0538524	0.424668	0.396243	0.0113426	-6.60662e-05	0.00156041	0
4030.336320821	3896.790815985	0.0361613	0.326919	0.335396	0.0137126	-0.000181525	0.00160581	0
4010.661901008	3895.905292507	0.0258088	0.319295	0.289242	0.0139988	-0.000310238	0.00191114	0
4017.958041348	3884.064443307	0.0169674	0.344214	0.250408	0.0157053	-0.000942752	0.00191114	0
3991.627683641	3882.138980577	0.0163651	0.278058	0.255496	0.0144068	-0.00113038	0.00191114	0
4013.350441634	3877.291818444	0.0154067	0.286863	0.288497	0.0138892	-0.00143014	0.00196129	0
3974.421952586	3876.484049136	0.0183993	0.301278	0.284603	0.0138333	-0.000495436	0.00183137	0
3997.888042997	3875.402592436	0.0298048	0.349688	0.332634	0.013584	-0.00114162	0.00191114	0
3989.985761767	3868.840650416	0.0262559	0.434317	0.381006	0.0137189	-0.00103584	0.00172397	0
3986.341175166	3872.718889986	0.0376564	0.43904	0.408696	0.014163	-0.00110878	0.00132381	0
3980.234092816	3872.895339143	0.0382001	0.322611	0.350174	0.0144976	-0.000962353	0.00133661	0
3986.652373937	3868.296735419	0.0387553	0.355786	0.341595	0.0142084	-0.00118046	0.00133661	0
3972.684039051	3865.210787162	0.0422827	0.294379	0.312343	0.0145777	-0.00118046	0.00133661	0
4007.77518405	3862.810787278	0.0415929	0.374655	0.364804	0.0143907	-0.000694127	0.00133661	0
3995.13292751	3866.439557967	0.0428395	0.348469	0.425209	0.01369	-0.00100546	0.00133661	0
4013.403856348	3865.575885779	0.0440402	0.402967	0.455017	0.0128495	-0.00061987	0.00133661	0
4009.525483605	3867.061955509	0.0363485	0.325232	0.342774	0.0128299	-0.000907241	0.00133661	0
4013.370568917	3873.214003771	0.0431056	0.296471	0.272695	0.013124	-0.000944733	0.0015265	0
4015.696044311	3868.390513867	0.0422111	0.345098	0.252926	0.0128682	-0.000575361	0.00162219	0
4013.241289826	3867.352941838	0.0423097	0.370942	0.305948	0.0138453	-0.00119328	0.00133661	0
4022.180126166	3874.973214611	0.0432719	0.410848	0.361505	0.0125532	-0.000894923	0.00133661	0
4045.29244086	3885.731150358	0.0353978	0.36192	0.320892	0.00393324	-0.00062916	0.00133661	0
4024.195951041	3891.604958876	0.0458619	0.366988	0.412604	0.000897852	-4.63039e-05	0.00133661	0
4017.519111738	3881.828145995	0.0366749	0.387538	0.381992	0.00401817	-0.000699607	0.00133661	0
3998.685393082	3885.257523674	0.0442332	0.396955	0.376995	0.00551518	-0.00063206	0.00133661	0
3996.505453432	3878.63057407	0.0424752	0.433159	0.460341	0.00696854	-0.00120216	0.00128533	0
3993.388046838	3877.198404185	0.0516638	0.452684	0.474381	0.00674619	-0.000592747	0.00133661	0
4004.284648581	3879.026992867	0.0496177	0.353187	0.465491	0.00759429	-0.00121223	0.00133661	0
3997.474659555	3881.280042834	0.0471624	0.355592	0.394778	0.00741476	-0.000879918	0.00133661	0
4010.801243741	3877.92732676	0.0396124	0.35043	0.397044	0.00906413	-0.0010516	0.00133661	0
4004.985232879	3878.366719758	0.0371052	0.389412	0.378473	0.0102008	-0.00101335	0.00133661	0
4004.399219273	3881.986385744	0.0371865	0.474158	0.501717	0.0112491	-0.00121223	0.00133661	0
4004.047765934	3885.072516096	0.0444369	0.449911	0.536779	0.00974706	-0.00088136	0.00139439	0
4013.937229366	3875.105232814	0.0439244	0.41653	0.504638	0.00985003	-0.00127231	0.00133661	0
4008.165343703	3872.110149499	0.0469205	0.404593	0.441867	0.00915445	-0.00121223	0.00133661	0
4012.88519173	3873.367509074	0.0503465	0.396037	0.441843	0.00935031	-0.00121223	0.00109859	0
4007.284387978	3871.575885489	0.0456201	0.40422	0.423055	0.00862879	-0.00104017	0.00124815	0
4006.617865237	3863.635127147	0.0456084	0.435564	0.490041	0.0101829	-0.00114132	0.00133661	0
4009.62070114	3877.756522519	0.0541786	0.46168	0.52147	0.00963408	-0.000675619	0.00133661	0
4003.514392917	3874.449512057	0.0570135	0.452578	0.56363	0.00947582	-0.00121223	0.00122477	0
3992.307366529	3864.814186271	0.0469124	0.39062	0.494074	0.00939442	-0.00102726	0.00114639	0
4008.850445475	3866.642046577	0.0505432	0.352972	0.490742	0.0100237	-0.00134785	0.00111866	0
4001.756352098	3865.502319773	0.0499491	0.380746	0.454725	0.00943284	-0.000942066	0.00115338	0
4018.996918837	3867.534307535	0.046183	0.382022	0.458403	0.00995364	-0.00128561	0.00125481	0
3998.691586092	3876.306689509	0.0509858	0.451686	0.479504	0.00960313	-0.00127822	0.0012045	0
4013.917876209	3879.188874498	0.0509443	0.483479	0.562779	0.00979496	-0.00121223	0.00123625	0
3997.04734184	3874.381955156	0.049924	0.474028	0.548541	0.00901189	-0.000551205	0.0014552	0
4024.651137303	3878.262015666	0.0541804	0.420595	0.530117	0.00924119	-0.00121223	0.00144641	0
4006.457621094	3878.700862382	0.0538535	0.388787	0.488851	0.00925442	-0.000711817	0.00146508	0
4023.887848775	3878.060619621	0.0491585	0.384663	0.493341	0.0096818	-0.00121223	0.00121951	0
4000.674897663	3881.909724139	0.0504491	0.418816	0.472774	0.00951849	-0.000788883	0.00111801	0
4039.096333987	3879.890665056	0.0481465	0.488612	0.548094	0.0096818	-0.00153107	0.00111801	0
4010.857754961	3881.520771199	0.0563227	0.468564	0.56085	0.00973347	-0.00123141	0.00126445	0
4027.919498525	3885.981529709	0.0492909	0.390526	0.526374	0.010205	-0.00114827	0.00106165	0
4000.063337889	3883.550938021	0.0491616	0.391537	0.451811	0.00989594	-0.00119777	0.000973834	0
4014.752384356	3886.905475036	0.0600948	0.411282	0.484773	0.0114254	-0.0012323	0.000942099	0
4040.135985602	3900.917067682	0.0669159	0.496562	0.533484	0.017828	-0.00149061	0.000911116	0
4034.121024282	3896.955429027	0.0603452	0.55217	0.706338	0.0200917	-0.000947959	0.00145417	0
4004.373673105	3894.948388153	0.0922235	0.608328	0.954528	0.0224165	0.000891978	0.00234042	0
3982.690395554	3883.981954692	0.0908282	0.60276	0.993477	0.022781	0.000581925	0.00273475	0
3985.690134951	3880.130118763	0.0946365	0.460583	0.797733	0.019377	0.000940636	0.00258237	0
3979.649627463	3886.630512986	0.0895144	0.29203	0.520614	0.013112	0.000525363	0.00203967	0
3995.596629161	3889.909845149	0.0810908	0.338395	0.232377	0.00394925	0.00176846	0.00145907	0
3979.625629548	3885.717675397	0.0844134	0.405573	0.18578	0.00239001	0.00203319	0.00196903	0
4000.164748434	3873.619163083	0.114437	0.508756	0.225375	0.00204244	0.00167832	0.00196903	0
3983.72153178	3881.147478349	0.11317	0.501143	0.24153	0.0025727	0.00224711	0.00196903	0
4019.275604303	3886.359557005	0.0992746	0.43324	0.249319	0.00318679	0.00167832	0.00182763	0
4005.570472359	3893.727629486	0.0901997	0.324935	0.205086	0.00517575	0.00182812	0.00196903	0
3987.32663794	3884.63057378	0.0891424	0.308204	0.201371	0.00608117	0.00145276	0.00168444	0
3999.647632068	3879.051757661	0.0729937	0.308277	0.20182	0.0060562	0.000853633	0.00177906	0
4010.104530075	3883.669481262	0.0729904	0.316058	0.231555	0.00562875	0.000871949	0.00155928	0
4017.748253121	3892.50687082	0.0668761	0.318879	0.284628	0.00529292	0.00061736	0.00134881	0
4010.483077833	3877.711363189	0.0542443	0.289281	0.218055	0.00533936	0.00061736	0.00152921	0
4010.034858708	3878.424989862	0.0542443	0.284499	0.246957	0.00548647	0.00061736	0.00152921	0
4011.830831715	3876.244049148	0.0542899	0.321343	0.23517	0.00512013	0.00061736	0.0017064	0
3999.21257309	3876.128601505	0.0545784	0.359555	0.245074	0.00548705	0.000707317	0.00168937	0
4005.377714911	3875.285688041	0.0494876	0.397979	0.252845	0.00575824	0.000213656	0.00152921	0
3997.046567713	3882.167205159	0.0599337	0.403486	0.317288	0.00768137	0.00011561	0.00152921	0
3999.590346722	3879.719678722	0.0565984	0.428231	0.319395	0.00670984	5.62159e-05	0.00152921	0
3971.407504789	3879.303957953	0.0600426	0.39282	0.319242	0.00734193	0.000493695	0.00169098	0
3981.693320884	3880.18948143	0.0503395	0.37389	0.335432	0.00732143	-2.94211e-05	0.00173422	0
3958.869755299	3882.277189979	0.0604179	0.365027	0.318258	0.00645695	0.000202518	0.00152921	0
3979.327590924	3881.499466193	0.0588719	0.364816	0.325369	0.00536738	0.000284781	0.00171132	0
3950.537059848	3874.652364854	0.0646069	0.369714	0.32668	0.00570601	0.000383132	0.00152922	0
3976.077808733	3878.833244774	0.0618114	0.367091	0.362531	0.00654927	-0.000128267	0.00152922	0
3975.091571832	3873.624079623	0.0560471	0.440548	0.39687	0.00895497	9.93038e-05	0.00152922	0
3988.731677168	3880.246294781	0.0561604	0.472033	0.344582	0.0107102	0.000130246	0.00152922	0
3994.70638392	3878.183168933	0.058391	0.405579	0.166848	0.0119782	0.00078572	0.00187815	0
4011.985656974	3876.404838214	0.0627613	0.202465	0.0745046	0.013551	0.00105201	0.00182931	0
3987.355280613	3864.65412558	0.0527544	0.212249	0.023694	0.0142804	0.000675359	0.00214891	0
3969.054934976	3861.452183398	0.0592035	0.206588	0.0390019	0.0160823	0.00102485	0.00206129	0
3983.377045578	3867.226568552	0.0613656	0.377555	0.138437	0.0165501	0.000458169	0.00174441	0
3993.535904961	3867.025536695	0.0612974	0.415388	0.189512	0.0172264	0.000203981	0.00214891	0
4002.14883413	3862.7670847	0.0622127	0.45221	0.279676	0.0186823	0.000472602	0.00220412	0
3985.816317537	3866.070635375	0.0758364	0.464426	0.336779	0.0176442	0.000133864	0.00184204	0
4000.614515812	3866.244535215	0.0970252	0.358289	0.320012	0.0186626	0.00111709	0.00194194	0
3994.463308263	3872.72890516	0.0953152	0.301633	0.226422	0.0179342	0.000857356	0.00213537	0
4020.82927578	3880.453517836	0.0941835	0.189886	0.117003	0.0175085	0.00126888	0.00217575	0
4018.561085732	3882.838586006	0.0921708	0.321688	0.0843169	0.0170896	0.000680619	0.00217575	0
4009.018430881	3882.708388744	0.0919537	0.459155	0.130985	0.0186288	-0.000219798	0.00272466	0
4018.098932334	3890.953244188	0.105688	0.535973	0.0914238	0.0236055	-0.000863566	0.00273056	0
4022.563318683	3894.820740207	0.113078	0.493119	0.125209	0.0241595	0.000373397	0.00269837	0
4034.461639853	3892.216977056	0.0622974	0.415383	0.0386041	0.0243659	0.000499427	0.00221406	0
4034.386549602	3899.469055612	0.0206201	0.0854376	-0.154372	0.0216207	0.00105569	0.00228509	0
4032.49768144	3888.559617596	0.0123305	0.0963168	-0.190224	0.0215974	0.000463256	0.00189645	0
4016.573129404	3884.962349182	0.0566276	0.110621	-0.223433	0.0219124	0.00112186	0.00272467	0
4024.116990159	3883.209511633	0.0938546	0.203035	-0.226532	0.0205537	0.00173892	0.00324348	0
4021.354133408	3888.884837611	0.138809	0.267315	-0.224435	0.0185704	0.00127496	0.00438409	0
4041.472127589	3888.140619134	0.127072	0.297121	-0.231387	0.0183514	0.00116651	0.00371742	0
4009.705080906	3884.755672409	0.121658	0.324249	-0.226611	0.0182554	0.00140213	0.00330595	0
4005.854576709	3878.525141602	0.112755	0.277027	-0.185096	0.0190799	0.0011578	0.00350389	0
4017.776895794	3889.672212383	0.118011	0.218476	-0.0778827	0.0192753	0.00151347	0.00333659	0
4008.526086557	3886.527265646	0.105089	0.192341	-0.0384561	0.0198415	0.000802736	0.00338834	0
3997.923652807	3879.927448059	0.090956	0.185698	-0.0291338	0.0209938	0.000779674	0.00327333	0
3977.498330486	3879.237857804	0.0872103	0.175956	-0.00257564	0.0196251	0.000938941	0.00327564	0
3960.962992803	3874.246477165	0.0757426	0.233851	-0.0114572	0.0190302	0.000652863	0.00311389	0
3974.118495078	3865.059284893	0.0745356	0.250144	0.020747	0.0191118	0.000417648	0.00306699	0
3977.620642441	3869.069178478	0.0706404	0.358501	-0.0217321	0.0204449	0.000203945	0.0033676	0
3956.891088486	3863.536432159	0.0711054	0.356514	-0.0217407	0.02104	0.00034037	0.0033676	0
3981.991359508	3872.591059946	0.0666596	0.368358	0.000359518	0.0198644	0.000442122	0.00297704	0
3960.479937995	3863.234884374	0.0807784	0.309008	-0.00125655	0.0198104	0.00109798	0.0031176	0
3968.490596906	3849.911971513	0.0835456	0.361317	0.00659945	0.0187972	0.000730254	0.0033676	0
3977.090365928	3854.771333949	0.0806123	0.320199	-0.00514198	0.0179746	0.00152225	0.0033676	0
3992.371619012	3865.699891842	0.0852846	0.310506	0.0468005	0.018783	0.00161305	0.0030963	0
4006.847006621	3877.383229669	0.0844486	0.343719	0.218633	0.0210155	0.00127128	0.00220073	0
4013.949615387	3873.362774628	0.0824862	0.40358	0.388305	0.0214637	0.00221659	0.00166535	0
4008.245078712	3870.042653393	0.0881112	0.435146	0.567141	0.0212975	0.00178066	0.00185379	0
3985.395966958	3860.44101501	0.0891088	0.431366	0.565178	0.0201667	0.00120505	0.00220073	0
3999.536932008	3876.483867042	0.0932436	0.366645	0.383482	0.0208245	0.00114299	0.00186187	0
3963.345753542	3848.538982201	0.109104	0.464494	0.342212	0.0213641	0.000864197	0.00250266	0
3993.14110055	3861.826933001	0.100934	0.483491	0.228861	0.0217142	0.000924866	0.00203493	0
4013.103495345	3868.930058606	0.0922698	0.522883	0.179839	0.0196013	0.00128189	0.00189926	0
4008.692523711	3869.815764178	0.0966395	0.455776	0.100956	0.0175661	0.00169597	0.00186656	0
3992.662690499	3866.75039255	0.097948	0.386958	0.0909977	0.0169861	0.00169597	0.0021733	0
4001.972333335	3862.971940533	0.105839	0.392942	0.126911	0.0176677	0.00163124	0.00205515	0
4024.109248896	3866.394216543	0.0940052	0.336307	0.113803	0.0175617	0.00144756	0.00205515	0
4001.131632177	3860.814854142	0.107104	0.314026	0.124378	0.0180025	0.00169597	0.00205515	0
4022.948059452	3863.860377515	0.093741	0.342187	0.128752	0.0192783	0.0012393	0.00205515	0
4005.726845871	3864.088541389	0.107512	0.288118	0.0986942	0.0194502	0.00117779	0.00205515	0
4038.223119525	3866.36143961	0.0946049	0.350196	0.134378	0.016318	0.000671753	0.00172025	0
3997.725476475	3867.942198259	0.0876523	0.292673	0.16349	0.0141545	0.00106226	0.00205515	0
4023.118367237	3859.710999871	0.0862866	0.382561	0.189093	0.0147786	0.000642649	0.00205515	0
4007.480241931	3866.193366781	0.104763	0.384692	0.178609	0.0166623	0.00111842	0.00205515	0
4017.867468571	3876.129876164	0.102298	0.528293	0.268619	0.0186763	0.00116211	0.00205515	0
4017.282229091	3873.492243514	0.108576	0.501147	0.411451	0.0198328	0.00181755	0.00205515	0
4010.177297946	3872.925748853	0.0961716	0.475536	0.454295	0.0185482	0.000691504	0.00178201	0
3985.409127105	3867.142805278	0.105561	0.350894	0.320819	0.0179678	0.000489419	0.00160464	0
4003.010436698	3861.613700841	0.102758	0.408626	0.338424	0.0147803	-0.000407783	0.00141046	0
4007.317675409	3867.578374301	0.102719	0.342774	0.294994	0.0115933	-0.000406012	0.00120212	0
4000.627675959	3860.692122737	0.101757	0.38591	0.340878	0.0110121	-0.000718859	0.00125991	0
3995.612885813	3863.810119551	0.103472	0.395469	0.329066	0.0128334	-0.000195122	0.00146945	0
4010.750925532	3866.594702118	0.111166	0.437842	0.341811	0.0140416	-0.000406012	0.00125908	0
4004.144531721	3861.880650752	0.118211	0.413612	0.346929	0.0155679	0.00080575	0.00165039	0
4006.007853716	3873.943472628	0.114674	0.509654	0.466417	0.0159944	0.000905758	0.00156568	0
4011.546727364	3865.753063312	0.116317	0.398899	0.414116	0.0152017	0.000794609	0.00166861	0
4015.994082935	3868.331515387	0.105004	0.356759	0.346003	0.0165499	0.000606573	0.00156092	0
4034.903665968	3881.843077709	0.137654	0.282373	0.158331	0.0178377	0.00190116	0.000168918	0
4035.753656641	3895.684412396	0.145274	0.281908	0.134374	0.0169433	0.00261316	0.000569982	0
4040.11972895	3870.78195533	0.125979	0.309119	0.147325	0.015838	0.00189038	0.00151738	0
4002.684529527	3853.98414127	0.124399	0.434674	0.183179	0.0168722	0.00135312	0.00187931	0
4026.019792594	3866.105415343	0.136915	0.41223	0.196871	0.0157759	0.0025113	0.00162933	0
4026.302348692	3884.21703814	0.137381	0.287007	0.132608	0.0151126	0.00282927	0.00162933	0
4026.91313434	3881.794458591	0.130925	0.329598	0.0921758	0.0147921	0.00285618	0.001819	0
4014.546466761	3879.094913957	0.121658	0.277988	0.0770071	0.0149141	0.00329172	0.00212222	0
4021.024355606	3886.754154861	0.119694	0.339079	0.131951	0.0143261	0.00279085	0.00212222	0
4031.170054842	3894.47840335	0.125992	0.368994	0.244264	0.0149972	0.003034	0.00178813	0
4036.364442288	3899.718706587	0.134225	0.449842	0.512183	0.0166802	0.00228765	0.00184474	0
3992.518703008	3895.22990559	0.144592	0.569958	0.833329	0.0200035	0.00336872	0.00219391	0
3994.638260806	3887.849814899	0.130964	0.520331	0.875253	0.0206685	0.0027833	0.00226761	0
3983.308148338	3894.385535373	0.129372	0.553978	0.677315	0.0209735	0.00287288	0.00212033	0
3996.861551529	3896.174609641	0.11579	0.530083	0.562825	0.0197412	0.00221754	0.00227925	0
3979.017940405	3895.570785695	0.104463	0.557456	0.438043	0.0179356	0.00245914	0.00321951	0
4015.240858049	3903.248782289	0.121268	0.536825	0.37869	0.0173656	0.00272828	0.00353073	0
3991.35828769	3887.704321735	0.108702	0.503541	0.336213	0.0170949	0.00286294	0.00332631	0
3995.311750684	3883.224625442	0.111012	0.498084	0.337892	0.018996	0.00252334	0.00332631	0
3996.620024124	3886.784200383	0.0961521	0.480567	0.367355	0.0210136	0.00252334	0.003503	0
3994.201653575	3882.788510136	0.0885942	0.409259	0.378764	0.0191061	0.00370982	0.00372535	0
3991.355191185	3878.001803236	0.100705	0.413694	0.378454	0.0194932	0.00368138	0.00349329	0
3983.493938649	3872.608358883	0.110178	0.398069	0.378889	0.0209011	0.00406399	0.00369531	0
3990.930195848	3878.319011111	0.112671	0.48456	0.48457	0.0227956	0.00366627	0.00332631	0
4000.815788649	3874.603199455	0.104944	0.479453	0.531883	0.0232731	0.00360881	0.00332631	0
3984.938458317	3868.833548747	0.0952295	0.516725	0.483699	0.0232086	0.00270503	0.00332631	0
4007.901366636	3872.243624455	0.101247	0.512237	0.395139	0.0231557	0.00242057	0.00355264	0
3984.525849001	3863.673913185	0.0916661	0.51034	0.438082	0.0234651	0.00118826	0.00380264	0
4018.227437299	3869.860923508	0.0770234	0.546106	0.434535	0.0223987	0.000405708	0.00380264	0
4005.279400871	3866.629117898	0.0815548	0.543644	0.430708	0.0219357	0.000355672	0.00380264	0
4014.154758855	3861.016432281	0.0800241	0.519592	0.423913	0.0219796	0.000847192	0.00338754	0
4003.850363729	3862.97540032	0.083494	0.497949	0.4181	0.0224572	0.000807636	0.00338754	0
4008.200179386	3865.168359243	0.0825606	0.499776	0.424388	0.0228215	0.00111328	0.00338754	0
4002.455388144	3864.979345595	0.0932621	0.498161	0.464505	0.023568	0.00139462	0.00338754	0
4028.770263324	3872.145657843	0.0934892	0.532918	0.571218	0.0225424	0.00107269	0.00298648	0
3995.03461347	3861.774854096	0.0951344	0.47107	0.51188	0.022912	0.00129473	0.00285633	0
4012.36884949	3859.532911867	0.0894723	0.528978	0.498286	0.0231166	0.000726375	0.00305062	0
4008.641431375	3863.098678008	0.0950071	0.46689	0.53445	0.0224395	0.000638439	0.00347445	0
4027.867632063	3873.744443806	0.114476	0.478991	0.54576	0.0182161	0.00150467	0.00251393	0
4003.342536879	3874.05400373	0.118361	0.490456	0.480241	0.0170636	0.00165161	0.00232971	0
3999.742849602	3863.582684054	0.121788	0.489467	0.502984	0.0173806	0.00187467	0.00236459	0
3988.175854487	3862.716462548	0.121371	0.521573	0.481507	0.0182485	0.00219617	0.00236977	0
4002.67136938	3866.324474513	0.114152	0.534964	0.507754	0.0182785	0.00171824	0.00214596	0
3997.708445696	3868.839193663	0.119161	0.520623	0.54823	0.0189194	0.00256128	0.00243646	0
4013.439466158	3871.084413585	0.119977	0.544834	0.581118	0.0185153	0.00180779	0.00214596	0
4005.48454434	3867.586568534	0.118452	0.410666	0.537156	0.0186137	0.00224214	0.00248952	0
3999.459519378	3867.523746079	0.115694	0.467983	0.482528	0.0191152	0.00207926	0.0024487	0
4013.830399937	3863.481803937	0.121773	0.41021	0.473297	0.0194544	0.00212084	0.00229346	0
4004.892337723	3863.366902577	0.109616	0.458925	0.475667	0.0190639	0.00199248	0.00227154	0
4021.069254931	3862.668207619	0.116729	0.529947	0.528212	0.0195556	0.00204992	0.00245386	0
4013.534683692	3873.601317864	0.1168	0.598058	0.618167	0.0190586	0.00177376	0.0024063	0
4007.868853332	3867.166841696	0.12454	0.532591	0.56843	0.0192924	0.00182054	0.0024819	0
4006.649604415	3871.622137383	0.105841	0.483859	0.478948	0.0180441	0.0017713	0.00307284	0
4032.263895298	3882.22583945	0.127185	0.440809	0.375259	0.01791	0.00255828	0.00323062	0
4022.581897714	3873.058313338	0.112517	0.529723	0.330988	0.0191918	0.003043	0.00307928	0
4023.294093906	3868.560043449	0.127032	0.508259	0.371685	0.0201194	0.00367699	0.00264009	0
4010.980066915	3871.119921929	0.128929	0.442486	0.428911	0.0198677	0.00400406	0.00264789	0
4029.699989006	3870.62462605	0.14336	0.289612	0.335002	0.0211571	0.00422847	0.00264789	0
4009.766236883	3873.690361866	0.131499	0.317765	0.30883	0.0209976	0.0038647	0.00210945	0
4039.844914115	3891.772121235	0.126724	0.397453	0.396206	0.0207281	0.00379405	0.00155686	0
4031.636078872	3897.26225754	0.132389	0.487982	0.604326	0.0198606	0.00349495	0.00144649	0
4021.906085457	3893.675550581	0.128616	0.507363	0.687352	0.019106	0.00289743	0.00152854	0
4004.458052871	3882.869359905	0.134637	0.408798	0.562479	0.0189923	0.00294779	0.00140385	0
3994.58949085	3868.267964556	0.144882	0.488438	0.524777	0.0184833	0.00305928	0.00145186	0
4006.50019804	3879.654124855	0.155218	0.455576	0.418742	0.0192595	0.00351686	0.00157913	0
4021.666106306	3884.112698236	0.150428	0.464935	0.377171	0.018963	0.00351686	0.00176875	0
4020.518851135	3884.844898504	0.15247	0.444152	0.294734	0.0183381	0.00419147	0.0018307	0
4032.286344961	3882.112941125	0.138174	0.449531	0.321048	0.0187557	0.00376454	0.00193973	0
4018.934214607	3882.088176331	0.134603	0.419799	0.323384	0.0187297	0.00351686	0.00179122	0
4024.007838351	3879.527933663	0.1266	0.393592	0.336054	0.0198638	0.00385341	0.00193915	0
4014.001481849	3880.465171857	0.126741	0.396844	0.333811	0.0200195	0.00299485	0.00198847	0
4029.344665036	3877.774185644	0.125802	0.375836	0.333892	0.0214597	0.00327067	0.00198847	0
3999.316306013	3877.122470956	0.127508	0.386028	0.379899	0.0202944	0.00299486	0.00198847	0
4012.447810373	3877.705354085	0.123797	0.385213	0.428377	0.0205603	0.00299486	0.00185489	0
4016.362567052	3874.614125099	0.110714	0.446503	0.448054	0.0222861	0.0019036	0.00309577	0
4002.37874964	3868.568419777	0.117395	0.473586	0.433029	0.022831	0.00211881	0.00260921	0
3986.150740097	3866.426993476	0.1239	0.490155	0.466716	0.0219757	0.00266977	0.00237205	0
3985.6003363	3868.909481976	0.132148	0.521046	0.474559	0.0221335	0.00305647	0.00254359	0
3981.338771041	3870.539588118	0.130507	0.485526	0.454937	0.0221364	0.00272059	0.00265198	0
3995.313298937	3863.276766011	0.122547	0.422002	0.423922	0.0215515	0.00291955	0.00282464	0
3992.358458865	3863.74838966	0.111427	0.448336	0.43913	0.0203572	0.0025095	0.00347147	0
3984.3756685	3864.432517093	0.11524	0.429982	0.445805	0.0189546	0.00296564	0.00375347	0
3996.828264098	3874.576431626	0.10745	0.456198	0.520069	0.0180401	0.00137911	0.00419224	0
3991.989200621	3860.142562824	0.0994076	0.421987	0.530163	0.0177455	0.0012325	0.0039991	0
3992.338331581	3861.847327537	0.0942912	0.481469	0.547801	0.0172658	0.000969567	0.00347777	0
3984.149623622	3865.834459362	0.110673	0.429088	0.494426	0.0145109	0.000944619	0.00369082	0
4003.013533203	3868.46845013	0.10487	0.504381	0.55175	0.0145111	0.000778388	0.00361823	0
3985.076252798	3863.386022455	0.103416	0.488765	0.551488	0.0152758	0.00126073	0.00335474	0
3994.164495513	3869.513305922	0.115198	0.56134	0.597899	0.0153641	0.000954432	0.00351584	0
3994.896044863	3860.842896629	0.114609	0.462239	0.564865	0.0154913	0.00117665	0.00351642	0
4006.033399884	3867.259527579	0.11891	0.417929	0.535355	0.0160953	0.00134885	0.00341015	0
4002.00252426	3857.974186601	0.119081	0.412086	0.495608	0.0159915	0.00141233	0.00323616	0
4006.31208535	3865.812972262	0.118954	0.419447	0.485613	0.0160116	0.00134838	0.0033447	0
3993.275024399	3861.782319953	0.116926	0.460644	0.505307	0.0157573	0.00125276	0.00337008	0
4013.084142188	3870.053943225	0.11758	0.486855	0.568061	0.0155624	0.00120899	0.00335155	0
3987.510879999	3868.249208866	0.123798	0.538031	0.581839	0.0149859	0.00120899	0.00326741	0
4012.909963771	3871.114459107	0.121436	0.465207	0.562652	0.0152859	0.0013136	0.00297865	0
3998.780610616	3868.668935705	0.119427	0.442843	0.503939	0.0157231	0.00172439	0.00323966	0
4016.444624439	3873.338920305	0.116466	0.419373	0.480708	0.0160187	0.00131924	0.00300693	0
4005.300302281	3874.119193408	0.12993	0.428281	0.441584	0.0154754	0.00120899	0.00312555	0
3990.855879724	3883.426567769	0.111764	0.5115	0.521769	0.0154062	0.0010387	0.00303269	0
4023.159395931	3872.662805011	0.122069	0.522348	0.593641	0.0157297	0.00120899	0.00294937	0
4021.957177793	3879.806355501	0.117724	0.503041	0.618634	0.0153227	0.000992639	0.00296667	0
4011.537437848	3872.334853585	0.116777	0.426333	0.550723	0.0165261	0.00116558	0.00329244	0
4001.197432913	3878.000710671	0.115936	0.484933	0.525049	0.0162331	0.00101495	0.00339736	0
4004.316387759	3868.246113267	0.10217	0.498954	0.530603	0.0169148	0.000679197	0.00341654	0
3992.315107792	3874.451697186	0.0978293	0.514191	0.530821	0.0173323	0.000712087	0.00357892	0
4010.686673049	3862.283078654	0.0979566	0.604398	0.587495	0.0174246	0.000901947	0.00354302	0
4005.149347654	3878.474883638	0.101045	0.586377	0.591503	0.0178472	0.000897921	0.0035308	0
4018.986081069	3878.386750106	0.100252	0.454921	0.544288	0.0179345	0.000773219	0.00347183	0
3996.331275016	3888.960224557	0.0901182	0.478604	0.458797	0.0185021	0.00035644	0.00412786	0
4032.49768144	3882.906507096	0.087451	0.426611	0.302904	0.01661	-0.000335238	0.00438236	0
4015.859384959	3879.8801036	0.0871283	0.519147	0.358486	0.0155416	0.000365407	0.00416795	0
4035.760623777	3883.217159585	0.0906836	0.484268	0.241991	0.015917	0.000726093	0.00375205	0
4029.608642103	3891.333820801	0.0943618	0.407442	0.160808	0.0154852	0.00103134	0.00430385	0
4040.796315333	3880.192941218	0.0890338	0.366751	0.0641039	0.0154454	0.001375	0.00430385	0
4007.330835556	3877.551120405	0.0917579	0.322187	0.103315	0.015641	0.00102113	0.00430385	0
4029.127909673	3873.605870216	0.0811432	0.346371	0.141534	0.0151776	0.00146449	0.00430385	0
4029.939194031	3882.929633043	0.0870078	0.383002	0.202988	0.0149949	0.000751004	0.0043996	0
4046.632453479	3894.275732646	0.0833931	0.392643	0.279355	0.0137534	0.0003956	0.00430385	0
4000.640836106	3880.841924494	0.0876936	0.310854	0.256704	0.0143997	0.000985504	0.00420788	0
4032.856101915	3883.258494939	0.0777922	0.334291	0.310483	0.0123323	0.00070306	0.0045326	0
4005.22753441	3873.742076583	0.0866847	0.355614	0.334606	0.0136209	0.000666272	0.00446056	0
4007.544494414	3876.486598453	0.0840828	0.470413	0.324206	0.0150024	0.000531189	0.00423142	0
4020.825405148	3882.009511691	0.0979226	0.492378	0.438943	0.0161317	0.000614946	0.00381981	0
4003.512844664	3886.400710265	0.0934711	0.557751	0.543209	0.0168627	0.000702528	0.00381488	0
3992.791195464	3877.996522508	0.107882	0.49672	0.629846	0.0173611	0.00116693	0.00351331	0
3983.636377887	3877.430938316	0.110855	0.497111	0.587734	0.0171215	0.00101278	0.00316345	0
3991.733738944	3878.364898818	0.104492	0.403485	0.39917	0.0171401	0.00129329	0.00292664	0
3992.665012878	3882.222379663	0.0993202	0.450459	0.258618	0.016578	0.000983182	0.00318111	0
3974.848496175	3875.713609113	0.102804	0.396471	0.230245	0.0142353	0.00180812	0.00392404	0
3983.158741963	3870.803806618	0.091673	0.424855	0.212722	0.0148183	0.0010213	0.00399258	0
3994.399829907	3876.683806334	0.0993899	0.493027	0.309906	0.017035	0.000731642	0.00392404	0
4003.760565079	3882.375884967	0.0991419	0.518718	0.491848	0.0195763	0.000653459	0.00392404	0
4008.373583677	3875.279678936	0.0929968	0.433156	0.532945	0.0184619	0.000653458	0.0041961	0
3992.11073845	3868.689876523	0.102047	0.403097	0.505464	0.0178832	0.0013282	0.00418118	0
4003.195452883	3865.07257776	0.094044	0.446009	0.490341	0.0184894	0.000832531	0.00430123	0
3995.379873798	3863.839072509	0.100843	0.396514	0.416109	0.018765	0.00128369	0.00409021	0
