4433.573224721	3803.811841278	-0.0736584	0.0461751	-0.233993	-0.00567745	-0.000883521	0.000708214	1
4358.000932273	3805.272798295	-0.0837001	0.0417249	-0.15106	-0.00543233	-0.00158202	0.000579512	1
4280.586596668	3811.80736264	-0.0789627	0.0737561	-0.173494	-0.00579464	-0.00116144	0.000548151	1
4246.710214511	3808.655323885	-0.077841	0.104861	-0.1099	-0.00604434	-0.00131784	0.000583903	1
4185.722289604	3808.27799901	-0.0648724	0.0484602	-0.124919	-0.00591971	-0.00115963	0.000596595	1
4170.920026301	3800.921431337	-0.0695589	0.0621864	-0.137449	-0.00592926	-0.00133226	0.000660022	1
4139.537543528	3806.045915963	-0.0641944	0.0768367	-0.126062	-0.00631105	-0.00106538	0.000545648	0
4145.978285879	3785.324914	-0.064676	0.0370237	-0.157793	-0.00667787	-0.0011296	0.000568501	0
4131.832456445	3797.503418378	-0.0641922	0.110618	-0.15553	-0.00649901	-0.000866968	0.00063721	0
4126.091177798	3796.524799878	-0.0635859	0.141509	-0.143153	-0.00582947	-0.00117944	0.000637768	0
4118.252423567	3813.833763796	-0.0656408	0.194216	-0.105715	-0.00494545	-0.000992398	0.000596782	0
4115.847330439	3810.535430177	-0.0719807	0.227883	-0.0272281	-0.00400727	-0.00129453	0.000655464	0
4104.32723648	3804.799693736	-0.0697656	0.0932447	-0.0551642	-0.00330196	-0.00110809	0.000630488	0
4117.320415648	3806.825008545	-0.0572855	0.0429303	-0.105428	-0.00338476	-0.00109533	0.000595017	0
4110.633396155	3801.693462657	-0.0580095	0.0632022	-0.105735	-0.00329132	-0.00126305	0.000680001	0
4097.02864401	3792.626621099	-0.0694612	0.0931478	-0.119891	-0.00319285	-0.00128581	0.000598718	0
4096.961810437	3795.649203381	-0.084647	0.0915933	-0.0731094	-0.00277751	-0.00135963	0.000542176	0
4112.569738738	3802.088531217	-0.0836976	0.141667	-0.137471	-0.00225289	-0.00131182	0.000376998	0
4104.795987025	3805.129762474	-0.0830712	0.124414	-0.131295	-0.00176733	-0.0017336	0.00032385	0
4122.254198239	3803.286048841	-0.0887395	0.105717	-0.197226	-0.00223901	-0.00142137	0.000214978	0
4105.47164699	3808.358026646	-0.0816345	0.084548	-0.152982	-0.00200809	-0.00175687	0.000259455	0
4134.265930954	3818.881660887	-0.0723272	0.15154	-0.0839414	-0.00242773	-0.00160262	0.000394019	0
4132.61157112	3816.60974508	-0.0586849	0.110602	-0.11341	-0.0030333	-0.0018184	0.000878903	0
4129.328486249	3816.01623695	-0.0566236	0.0332831	-0.131242	-0.00244805	-0.00184457	0.000852041	0
4119.476485049	3814.595112694	-0.0608564	0.0418135	-0.198821	-0.00271028	-0.00147323	0.000867163	0
4124.935780947	3814.056646196	-0.0648014	0.0798626	-0.177098	-0.000470534	-0.00182621	0.00084678	0
4110.062106428	3811.696011968	-0.0700521	0.0924014	-0.236249	-0.00208176	-0.00170257	0.00100706	0
4145.905959135	3808.041175143	-0.0627634	0.109035	-0.186659	-0.00148915	-0.00178804	0.000846296	0
4113.666541771	3814.462940353	-0.0511201	0.185502	-0.223211	-0.00312483	-0.00169494	0.000933966	0
4132.419310155	3817.366567528	-0.0580916	0.15006	-0.161857	-0.00281429	-0.00173554	0.000992282	0
4098.640889537	3811.185428403	-0.0644317	0.0754613	-0.241056	-0.00312146	-0.00159767	0.0011607	0
4110.598606076	3807.093879678	-0.0561069	0.0628875	-0.193466	-0.00264328	-0.00182872	0.000988833	0
4099.68001428	3809.801421037	-0.0663484	0.0630822	-0.233463	-0.00263844	-0.00177986	0.00116968	0
4111.410679774	3811.542474783	-0.0669905	-0.0608116	-0.473586	-0.00303194	-0.00274597	0.00120451	0
4060.982459526	3778.344946971	-0.0788529	-0.0514604	-0.887598	-0.00598498	-0.00465869	0.00100555	0
4056.435029923	3797.272931542	-0.074972	0.0142419	-0.650565	-0.00567529	-0.0030594	0.000801811	0
4041.757278484	3786.208839165	-0.0698004	-0.172076	-0.760052	-0.00542069	-0.00266989	0.000682331	0
4056.021211082	3786.056388328	-0.0799986	-0.2373	-0.823599	-0.00488885	-0.00291799	0.000462646	0
4045.707783565	3776.480773784	-0.0869762	-0.241502	-0.836754	-0.00522732	-0.00250635	0.000338525	0
4048.224571159	3776.435328226	-0.0739817	-0.276961	-0.845623	-0.00516678	-0.00227559	0.000355035	0
4066.067304305	3775.788589043	-0.0867345	-0.260128	-0.833063	-0.00594864	-0.00222879	0.000553144	0
4060.482581015	3773.656450014	-0.0733434	-0.225869	-0.853211	-0.00731912	-0.00186972	0.000261088	0
4070.311694005	3773.613901383	-0.0741433	-0.223217	-0.815231	-0.00615531	-0.00250658	0.000622267	0
4077.851070446	3777.289740937	-0.0749992	-0.287935	-0.883824	-0.00624332	-0.00274406	0.000736099	0
4072.90813257	3776.630508752	-0.0834996	-0.243614	-0.809322	-0.00546991	-0.00297769	0.000803405	0
4098.122700458	3773.271882818	-0.0811696	-0.254373	-0.857036	-0.00573848	-0.0027761	0.000732035	0
4101.32521883	3762.212135833	-0.0763859	-0.238282	-0.845679	-0.00586121	-0.00313871	0.000651844	0
4098.401936623	3771.496246994	-0.0728203	-0.202292	-0.860763	-0.00618045	-0.00266861	0.000580306	0
4089.941538603	3781.279716123	-0.0735991	-0.15744	-0.777405	-0.0065154	-0.00207567	0.000853132	0
4106.808318466	3786.528406538	-0.07286	-0.142225	-0.747677	-0.00699781	-0.00219045	0.00071819	0
4102.723230709	3784.544554012	-0.0744484	-0.211429	-0.70492	-0.00621794	-0.00239216	0.000666824	0
4091.176586426	3785.043187749	-0.0753177	-0.262571	-0.721042	-0.00585523	-0.00245769	0.000896921	0
4076.347772799	3784.917352438	-0.0855008	-0.256543	-0.719042	-0.00574709	-0.00221942	0.000640818	0
4085.065434302	3783.637815539	-0.0866485	-0.202555	-0.702595	-0.00585017	-0.00276384	0.000796597	0
4088.5975429	3782.783764944	-0.0795981	-0.176585	-0.677654	-0.00598096	-0.00227638	0.000857708	0
4083.772708189	3791.42674972	-0.0804199	-0.0899812	-0.604376	-0.00617494	-0.00220328	0.000720105	0
4093.115675594	3788.965266185	-0.087246	-0.109136	-0.624463	-0.00670336	-0.00208748	0.000667148	0
4076.020929158	3788.531270155	-0.078514	-0.142868	-0.606683	-0.00601499	-0.00219867	0.000684817	0
4089.936960961	3792.827052307	-0.0802407	-0.182578	-0.635214	-0.00609003	-0.00217207	0.000620431	0
4081.010558982	3792.112416373	-0.0860464	-0.14916	-0.605383	-0.00638215	-0.00200397	0.00063572	0
4090.033091444	3796.171193601	-0.0742912	-0.106171	-0.592147	-0.00676177	-0.00193621	0.000456154	0
4106.358794018	3800.353452385	-0.0796333	-0.0394003	-0.503814	-0.00765968	-0.00216812	0.000663595	0
4099.109640082	3799.313093106	-0.0850986	-0.0865818	-0.514038	-0.00808742	-0.00229177	0.000636841	0
4110.610507945	3796.500900222	-0.0828962	-0.175723	-0.510591	-0.00701195	-0.00200399	0.000681267	0
4094.18226619	3793.287120689	-0.0778156	-0.155144	-0.557521	-0.0072605	-0.00218379	0.000713011	0
4092.116834101	3791.085998561	-0.07894	-0.148392	-0.566612	-0.0069344	-0.00212817	0.000612392	0
4105.888212416	3793.325867102	-0.0714875	-0.0865972	-0.551328	-0.00742648	-0.00250891	0.0007713	0
4107.646942488	3795.70279655	-0.0626503	-0.0275309	-0.509601	-0.00757171	-0.00246147	0.00106947	0
4126.686271263	3806.546903454	-0.0637882	0.00694548	-0.466169	-0.00767841	-0.00247191	0.000958199	0
4113.026587414	3793.036174299	-0.0507132	-0.0894661	-0.522327	-0.00729756	-0.00242655	0.000704899	0
4113.57498893	3796.901219464	-0.0727853	-0.0883658	-0.566727	-0.00783044	-0.00249462	0.0006916	0
4108.758393975	3790.275039771	-0.0710595	-0.126127	-0.578441	-0.00751452	-0.00212146	0.000261089	0
4110.701145257	3806.676178867	-0.0779346	-0.0757665	-0.510092	-0.00708622	-0.00189559	0.000261089	0
4146.675918526	3807.102932578	-0.0662097	-0.0295896	-0.415235	-0.00557097	-0.00127715	-0.000224253	0
4137.245975922	3799.851559604	-0.0536329	0.0171937	-0.292657	-0.00352748	-0.00170789	-0.00102029	0
4146.068007663	3804.221032362	-0.0529247	0.04177	-0.145284	-0.00190454	-0.00124717	-0.00126304	0
4102.175744721	3799.868760114	-0.0456563	0.00956646	-0.143	-0.00172504	-0.00100551	-0.00145027	0
4120.413986139	3798.784584799	-0.0451682	-0.0093772	-0.232648	-0.00244753	-0.000937206	-0.00192475	0
4095.8842335	3800.616891778	-0.056696	0.0306419	-0.260397	-0.00294839	-0.000971765	-0.00201896	0
4121.415574217	3797.981592561	-0.0548512	0.0510721	-0.321498	-0.0037727	-0.000719361	-0.0022299	0
4125.257131418	3808.611869965	-0.0530292	0.0359655	-0.380426	-0.00326364	-0.000189052	-0.00249402	0
4125.578481889	3811.328102109	-0.0578024	0.00460858	-0.463984	-0.00381373	-0.000269577	-0.00264757	0
4106.114347933	3805.924426044	-0.0402393	-0.055649	-0.520765	-0.00391715	-2.02054e-05	-0.00297148	0
4116.837932177	3799.373204363	-0.0492931	-0.0768647	-0.521984	-0.00399342	-8.08016e-05	-0.0027571	0
4113.747108271	3797.621830311	-0.0520839	-0.138965	-0.541193	-0.00428622	-3.88793e-05	-0.00302322	0
4101.554100932	3797.65912826	-0.0564794	-0.126581	-0.491923	-0.00416171	-0.000585435	-0.00296316	0
4101.416771671	3793.843149813	-0.0419919	-0.231406	-0.562165	-0.00421439	-0.000422402	-0.00322032	0
4095.247025728	3793.300156865	-0.0494088	-0.182919	-0.538277	-0.00379406	-0.000687528	-0.00308575	0
4090.537547597	3787.548849437	-0.0489163	-0.216197	-0.565718	-0.00337095	-0.000708672	-0.00327773	0
4073.320120354	3795.059316411	-0.0517466	-0.138063	-0.536585	-0.00187007	-0.000770828	-0.00302865	0
4073.16722711	3791.113881493	-0.0374878	-0.0991451	-0.554691	-0.00263065	-0.000566318	-0.00308575	0
4060.964148958	3789.078246378	-0.046416	-0.0555836	-0.540526	-0.00238517	-0.000993489	-0.00281497	0
4079.489866296	3789.04456959	-0.0499012	-0.0760502	-0.576498	-0.00248752	-0.0011013	-0.00291843	0
4061.188453418	3790.962335946	-0.0454027	-0.0444239	-0.57227	-0.00265106	-0.00125322	-0.00271529	0
4080.508849414	3790.04763092	-0.0450295	-0.0811349	-0.57695	-0.0033014	-0.00132817	-0.00314203	0
4072.198598054	3794.061143647	-0.0489535	-0.0843029	-0.594741	-0.00364258	-0.00147837	-0.00318702	0
4075.651055681	3789.946419497	-0.0361589	-0.0628412	-0.496678	-0.00445196	-0.00137673	-0.00307678	0
4055.453583469	3792.096302211	-0.046511	-0.171362	-0.516587	-0.00450575	-0.0011947	-0.00306278	0
4092.126904913	3810.891028092	-0.0546947	-0.167391	-0.374706	-0.00368826	-0.00106165	-0.00266014	0
4097.847126407	3820.167353759	-0.0625126	-0.0471335	-0.23422	-0.00493129	-0.00106766	-0.00250498	0
4084.912541057	3803.039085726	-0.0585971	-0.0327916	-0.189337	-0.00406438	-0.00128284	-0.00250498	0
4068.302109149	3796.700607198	-0.0536984	0.0252483	-0.224609	-0.00448206	-0.000816721	-0.00261392	0
4092.130567027	3799.24936069	-0.0724482	0.0970668	-0.179893	-0.00442163	-0.000530203	-0.0027093	0
4084.183780445	3807.523892432	-0.0555319	0.156467	-0.12116	-0.00488864	-0.000461513	-0.00283378	0
4099.658957127	3802.614504712	-0.0629208	0.0819095	-0.143319	-0.00471838	-0.000398252	-0.00270459	0
4099.711142246	3798.806673875	-0.0570651	0.115141	-0.115952	-0.00413245	-0.000834559	-0.00271884	0
4109.944003264	3810.126963324	-0.0557177	0.10801	-0.118488	-0.00281987	-0.00106167	-0.00281098	0
4129.039179272	3821.5191328	-0.0511809	0.320997	0.0329383	0.000134683	-0.00173401	-0.00354404	0
4105.688627223	3810.767003361	-0.0305286	0.20553	0.142682	0.00168783	-0.00147457	-0.00404763	0
4081.677979191	3809.897924952	-0.0329217	0.34836	0.1686	0.00164001	-0.00149205	-0.00378745	0
4081.519592777	3805.441182237	-0.0322731	0.213672	0.137477	0.00103537	-0.00128755	-0.00299729	0
4086.728949419	3811.589187747	-0.047081	0.129594	0.0794416	0.000868752	-0.00121718	-0.00310236	0
4101.513817682	3810.429330188	-0.0470935	0.186246	0.0568503	0.000443129	-0.00101689	-0.00285175	0
4110.073092769	3807.864462533	-0.046584	0.215852	0.0467673	0.000293061	-0.000868126	-0.0030679	0
4102.677454289	3811.849549154	-0.046415	0.277236	0.0606284	-0.000670582	-0.000832828	-0.0027287	0
4124.355335936	3808.565700175	-0.0482632	0.314024	0.0623291	-0.000646089	-0.000999305	-0.00300793	0
4109.200594196	3817.19420031	-0.0386814	0.350046	0.0625312	-0.00126214	-0.000761962	-0.00287978	0
4134.95257726	3822.401609501	-0.0284992	0.308907	0.0548035	-0.00124496	-0.000151154	-0.0034504	0
4115.8299354	3819.353316982	-0.0194375	0.288836	0.0716373	-0.0021502	-0.000315754	-0.00336479	0
4131.740903604	3819.67252224	-0.0327816	0.192273	0.0659562	-0.00228516	-0.00078057	-0.00327276	0
4088.679024928	3811.66776692	-0.0258148	0.178525	0.0494004	-0.00181704	-0.000528197	-0.00319695	0
4120.294051918	3819.11250984	-0.0233649	0.147474	0.0580098	-0.001635	-0.000730753	-0.00334087	0
4111.748509756	3820.020334661	-0.032677	0.160938	0.0669387	-0.0020766	-0.000842528	-0.00335905	0
4132.963134029	3824.845349352	-0.0250786	0.179404	0.105501	-0.00307726	-0.000667475	-0.00327156	0
4115.512247042	3815.955220404	-0.0275725	0.235531	0.12048	-0.00348108	-0.000733538	-0.00346639	0
4118.63602997	3821.544661979	-0.0268985	0.29874	0.144148	-0.00352439	-0.00104969	-0.00333437	0
4107.056426665	3806.617153959	-0.0275829	0.243758	0.139913	-0.00337793	-0.00062637	-0.00342897	0
4105.538480564	3819.259891053	-0.0253743	0.302861	0.144512	-0.00328085	-0.000526145	-0.00360665	0
4093.617385162	3809.763398857	-0.0265037	0.315489	0.147368	-0.00299064	-0.000288226	-0.00340861	0
4109.1813681	3818.758903562	-0.0201748	0.342978	0.178055	-0.00340652	-0.00043057	-0.00368363	0
4111.380467336	3806.876791133	-0.0273899	0.234335	0.173958	-0.00346207	-0.000611031	-0.00341922	0
4101.943200505	3814.810390658	-0.0256683	0.237394	0.170603	-0.00405436	-0.000507035	-0.00326271	0
4116.685954461	3810.514427448	-0.0290198	0.202088	0.170223	-0.00391838	-0.000768416	-0.00336604	0
4111.520543183	3819.647717293	-0.0179346	0.242443	0.162308	-0.00433454	-0.000453045	-0.00309737	0
4113.791053635	3806.247071403	-0.032488	0.255593	0.180479	-0.00412209	-0.000969242	-0.00335087	0
4110.044711389	3816.467614549	-0.0315188	0.374569	0.191195	-0.00398836	-0.000667353	-0.00344014	0
4121.085068462	3814.42147807	-0.0386427	0.425871	0.225652	-0.00402842	-0.00112762	-0.00346678	0
4109.69314848	3813.171815741	-0.0313082	0.441885	0.261845	-0.00441737	-0.000576807	-0.00305793	0
4133.929932028	3809.271283208	-0.0489221	0.240188	0.221035	-0.00380233	-0.000799138	-0.00327947	0
4108.264924163	3819.282523304	-0.0461947	0.245802	0.176574	-0.00419081	-4.65265e-05	-0.00285551	0
4133.536254813	3821.595901393	-0.0550079	0.221116	0.183554	-0.00563628	0.000745717	-0.00308972	0
4117.665569858	3814.726741861	-0.0770457	0.274274	0.174591	-0.00714751	0.000948951	-0.00282972	0
4124.161243913	3812.500452671	-0.0814696	0.295614	0.1966	-0.00822017	0.00102491	-0.00311575	0
4109.679415554	3813.104281107	-0.0785246	0.337294	0.212584	-0.00828301	0.00127432	-0.00304283	0
4127.556023251	3814.551115599	-0.0690065	0.387264	0.25471	-0.00772038	0.000683911	-0.00282749	0
4111.450047495	3814.881727511	-0.0577429	0.352218	0.271211	-0.00749699	0.000614548	-0.00312829	0
4120.973373996	3814.805139976	-0.0658115	0.276644	0.237308	-0.00590501	7.92122e-05	-0.00314163	0
4115.34104323	3819.201952493	-0.0672907	0.245526	0.228506	-0.00572453	4.14654e-05	-0.0030575	0
4119.65409756	3815.301238901	-0.062941	0.244453	0.228328	-0.00480865	4.32906e-05	-0.00300414	0
4109.142000378	3816.330915758	-0.0588503	0.283885	0.222932	-0.00491944	6.29803e-05	-0.00322309	0
4130.940731776	3811.974660233	-0.0686628	0.3308	0.234943	-0.00487789	6.59536e-05	-0.00304878	0
4123.575305732	3821.176752119	-0.0557898	0.398803	0.29299	-0.0060695	8.52362e-05	-0.00311781	0
4151.778158344	3812.674087294	-0.0628632	0.291611	0.239241	-0.00490741	0.000126068	-0.0029081	0
4112.777563687	3818.288333815	-0.0544092	0.322798	0.245534	-0.00542792	7.75779e-05	-0.00290565	0
4138.612859836	3821.633923573	-0.0549064	0.317301	0.218547	-0.00539026	0.000243518	-0.00278527	0
4126.886771984	3815.692324185	-0.0608266	0.337959	0.234901	-0.00609104	0.000234965	-0.00312644	0
4132.151975859	3816.754953598	-0.0532357	0.339266	0.231037	-0.00622173	0.000283086	-0.00313339	0
4123.150500551	3818.403305647	-0.0516125	0.381551	0.272508	-0.00677986	0.000201635	-0.00322942	0
4144.609570909	3823.435450692	-0.0567676	0.373499	0.267855	-0.00683129	0.000390016	-0.00304127	0
4129.243342107	3815.605054228	-0.0440898	0.346027	0.25642	-0.00579425	0.00018094	-0.00313104	0
4127.067131081	3819.580001601	-0.050957	0.312268	0.248931	-0.0059909	0.000413732	-0.00316834	0
4114.002540697	3824.604723268	-0.050788	0.356076	0.258104	-0.00687179	0.000603204	-0.00263405	0
4133.307372711	3816.648491493	-0.0507447	0.309398	0.244951	-0.00717749	0.000718789	-0.00259036	0
4113.148352692	3821.975036849	-0.0501746	0.334791	0.277263	-0.00719218	8.32181e-05	-0.0027162	0
4137.52338103	3817.232041433	-0.0469557	0.347898	0.250942	-0.00590079	7.6269e-05	-0.00275799	0
4107.440948596	3826.541138597	-0.052341	0.447872	0.307071	-0.00505577	-7.91641e-05	-0.00313914	0
4134.811585885	3824.44050366	-0.053888	0.479384	0.322505	-0.00292318	-0.00033336	-0.00277619	0
4111.36124124	3823.833778296	-0.0569396	0.441481	0.365609	-0.00293338	-0.000384743	-0.00295741	0
4127.430595859	3821.401626157	-0.0518805	0.224431	0.269111	-0.00185068	-0.000353122	-0.00250778	0
4110.480502911	3823.985504901	-0.0623081	0.233562	0.256075	-0.00301747	-0.00017336	-0.00231982	0
4125.669119202	3817.624756239	-0.067169	0.328656	0.247706	-0.00409949	0.000103338	-0.00213261	0
4102.298425528	3811.721179031	-0.0593212	0.428966	0.322316	-0.00388282	-0.000280854	-0.00254468	0
4115.755777598	3816.96950733	-0.0443321	0.535843	0.366935	-0.00486982	-4.96817e-06	-0.00258058	0
4104.97726165	3818.69390374	-0.0386169	0.576939	0.397426	-0.00581976	-0.000161664	-0.00250987	0
4115.785990036	3819.370336434	-0.0335609	0.432486	0.384173	-0.00585018	4.25603e-05	-0.00241488	0
4117.955792363	3823.487052222	-0.0430082	0.264064	0.289389	-0.00371963	0.000104205	-0.0020141	0
4128.092522898	3817.13807233	-0.0395478	0.319718	0.297296	-0.00410127	-6.76177e-05	-0.00191772	0
4123.007678119	3815.297798799	-0.0562908	0.332624	0.270433	-0.00387261	0.000318163	-0.00168783	0
4119.204573112	3815.154038746	-0.0431785	0.410981	0.303138	-0.00472758	9.44769e-05	-0.00203021	0
4116.824199251	3817.073434623	-0.0434788	0.513615	0.353439	-0.00562427	0.000393059	-0.00177742	0
4139.278448988	3824.984945072	-0.0419962	0.408438	0.303443	-0.00490674	-7.05419e-05	-0.0021937	0
4140.649910544	3839.082845327	-0.0378158	0.340975	0.168654	-0.00371425	0.000649027	-0.00207498	0
4133.705627568	3822.018128653	-0.0439414	0.332817	0.156445	-0.00270717	0.000404059	-0.00226661	0
4126.625846388	3829.58997429	-0.0387906	0.323945	0.209591	-0.00285466	0.00100602	-0.00226308	0
4153.409629968	3836.163103989	-0.0504712	0.289073	0.302322	-0.00243758	0.000526235	-0.002384	0
4115.940714337	3824.667188278	-0.0776895	0.3663	0.313676	-0.0027508	0.000577374	-0.00263831	0
4126.171744298	3821.674661624	-0.0919851	0.3305	0.321781	-0.00171419	0.000179442	-0.00303272	0
4089.586313581	3814.083623839	-0.0851065	0.340186	0.3156	-0.00123712	-3.16452e-05	-0.0030209	0
4137.906071905	3833.630464659	-0.0806093	0.486374	0.333041	0.001456	-0.000235215	-0.0033294	0
4112.840735147	3833.253864016	-0.0802353	0.558894	0.443399	0.0014462	-0.000154816	-0.00278702	0
4100.138694013	3823.444503592	-0.0599221	0.544659	0.488177	0.00232755	0.000325681	-0.00295253	0
4085.272343722	3817.93635706	-0.0479429	0.573244	0.490668	0.00216944	-0.00037238	-0.00301948	0
4086.373724397	3817.677625175	-0.0444869	0.473831	0.441313	0.00196401	-0.000564999	-0.00274294	0
4104.331814122	3828.990853362	-0.030279	0.370622	0.375911	0.00211873	-0.000302541	-0.00274294	0
4085.52045192	3822.623224496	-0.0312463	0.392252	0.356741	0.000763894	0.000446922	-0.00274294	0
4066.510420054	3822.608015623	-0.041203	0.448088	0.342321	0.000546042	0.000349265	-0.00225713	0
4094.662918604	3818.054406877	-0.033789	0.501928	0.343813	0.000164895	0.000650637	-0.00273271	0
4069.5380725	3822.571260849	-0.0404773	0.534142	0.335045	-0.000272363	0.000607857	-0.00261383	0
4106.332243694	3816.80546878	-0.0357331	0.524635	0.345158	-0.000182742	0.000694633	-0.00286442	0
4088.538949082	3817.752583188	-0.0203935	0.513338	0.351656	-0.000236015	0.000818197	-0.00269095	0
4101.739953199	3813.115144587	-0.0330541	0.425737	0.349399	-0.000437808	0.000688415	-0.0028343	0
4095.760637165	3817.221721127	-0.0395405	0.382614	0.346625	-0.000146435	0.000929369	-0.00275002	0
4098.954915781	3811.357976679	-0.0131268	0.362962	0.3542	0.000210157	0.000461383	-0.00274113	0
4081.502197737	3805.023300369	-0.0281175	0.327584	0.368964	0.00024137	0.000854414	-0.0028011	0
4094.53840674	3818.407107865	-0.032332	0.414635	0.432355	-0.000551544	0.000613101	-0.00294435	0
4085.985540352	3802.563265298	-0.0218567	0.325577	0.39849	-0.00011127	0.000870529	-0.0028011	0
4075.798455755	3805.18806315	-0.0188606	0.440305	0.402881	-0.000639862	0.000708251	-0.00288785	0
4073.335684337	3802.312137849	-0.0180378	0.413173	0.428148	-6.08742e-05	0.000982656	-0.0028011	0
4084.521610427	3803.43831862	-0.0176484	0.501528	0.432129	-0.000579791	0.00109847	-0.00269466	0
4083.015566196	3796.126653332	-0.0184185	0.466688	0.421393	-3.27282e-05	0.000865551	-0.0028011	0
4096.369463557	3808.967829997	-0.0188519	0.557003	0.465304	-0.000263749	0.000752602	-0.00321111	0
4098.185871918	3812.332974019	-0.0121034	0.498437	0.519452	-0.000146875	0.00163131	-0.00382216	0
4080.041929926	3810.228717921	0.00468076	0.599448	0.587976	-0.00214606	0.00186847	-0.00440508	0
4084.089481018	3806.027810163	-0.0110374	0.509338	0.599516	-0.00170674	0.00200537	-0.00410353	0
4090.942211153	3806.345748014	-0.0181571	0.367305	0.525654	-0.00101338	0.00181633	-0.00382322	0
4087.4760206	3817.601399756	-0.0133848	0.397491	0.472627	-0.00195277	0.00255838	-0.00309472	0
4100.130454257	3824.553302795	-0.0645214	0.397422	0.331927	-0.00318949	0.00246622	-0.00284261	0
4085.268681608	3826.821235326	-0.0876873	0.531017	0.310483	-0.0045833	0.00278875	-0.0034172	0
4086.255621232	3823.162777341	-0.0687782	0.617144	0.407402	-0.00314597	0.00115159	-0.00365236	0
4077.327388196	3829.274752309	-0.0596438	0.710088	0.456535	-0.00207256	0.00144306	-0.00337372	0
4089.484689928	3827.62549497	-0.032468	0.737402	0.532652	0.000252111	0.0016751	-0.00365236	0
4082.220887538	3828.169574266	-0.0323102	0.672772	0.558197	0.00292981	0.00167652	-0.00295449	0
4069.612230301	3827.528447881	-0.0242506	0.581294	0.434329	0.00237628	0.00224259	-0.00295449	0
4071.448780288	3830.346796738	-0.0144139	0.518815	0.356433	0.00249233	0.00229925	-0.00270449	0
4077.787898985	3832.275245516	-0.0289937	0.432661	0.257069	0.00487238	0.00220713	-0.00295449	0
4082.722597105	3837.697208439	-0.0414776	0.529024	0.267766	0.0100415	0.0023265	-0.00295449	0
4077.274287548	3834.85459781	-0.0472996	0.6148	0.266725	0.0124739	0.00256654	-0.00271178	0
4093.2447651	3827.400258816	-0.0673642	0.647076	0.26168	0.0135744	0.00215945	-0.00274464	0
4085.29614746	3838.473223035	-0.0761742	0.711376	0.277014	0.0165112	0.00201767	-0.00207606	0
4093.914931894	3830.436963623	-0.0705194	0.634676	0.273309	0.0185534	0.00244916	-0.00201297	0
4132.063169604	3833.180354467	-0.078692	0.425859	0.217022	0.0143722	0.0036135	-0.0024251	0
4120.576034667	3833.123140138	-0.11566	0.385288	0.191722	0.0104803	0.00457041	-0.00314149	0
4116.358195291	3830.910973472	-0.122521	0.442767	0.14034	0.00989251	0.00455452	-0.00358996	0
4109.153902248	3826.107685741	-0.133407	0.426759	0.137145	0.00982214	0.00460841	-0.00341076	0
4122.083909955	3832.610745993	-0.105714	0.326136	0.127864	0.00713944	0.00450108	-0.00220471	0
4111.417088472	3823.01974152	-0.0934977	0.32785	0.138173	0.00662577	0.00310107	-0.00229912	0
4111.431736927	3821.452322398	-0.116736	0.332286	0.14424	0.00941382	0.00248178	-0.00301215	0
4113.596046084	3823.512762459	-0.124847	0.349988	0.178809	0.0130793	0.00215204	-0.00376707	0
4085.286992176	3810.562950993	-0.111828	0.406474	0.174741	0.0120904	0.00249661	-0.0037868	0
4069.598497375	3809.522410656	-0.111475	0.450206	0.177873	0.0118801	0.00214996	-0.00408934	0
4077.987484178	3809.189626049	-0.117969	0.453224	0.169358	0.0122537	0.00227803	-0.00422121	0
4040.561598383	3807.115968754	-0.11984	0.46355	0.157555	0.0129668	0.00200163	-0.00434392	0
4065.428265476	3803.075840501	-0.114593	0.436439	0.175774	0.0129758	0.00196778	-0.00400358	0
4029.841676252	3804.206909838	-0.111882	0.425744	0.177191	0.0119936	0.00156976	-0.00411452	0
4047.1946017	3798.138750907	-0.110697	0.390367	0.176779	0.0122976	0.00225007	-0.00396639	0
4019.823048882	3799.945709765	-0.115196	0.388931	0.19193	0.0128955	0.00253795	-0.00364271	0
4035.213996951	3800.248438744	-0.119486	0.40572	0.210568	0.0125417	0.00192402	-0.00392385	0
4041.709671007	3790.867823669	-0.127265	0.387878	0.21636	0.0127329	0.00224547	-0.00354508	0
4070.059923692	3800.113912649	-0.125227	0.432123	0.237404	0.0109497	0.00194564	-0.0037515	0
4054.022612567	3791.946386186	-0.128168	0.368388	0.252989	0.0107243	0.00219689	-0.0034838	0
4059.107457346	3795.561209192	-0.132153	0.442023	0.237835	0.0107242	0.00237829	-0.00397489	0
4062.530618064	3803.006495286	-0.126689	0.520765	0.352729	0.0103843	0.00246807	-0.00354029	0
4069.708360784	3800.265277138	-0.128802	0.439075	0.364391	0.00723885	0.00362915	-0.00371645	0
4076.063958993	3805.478661243	-0.132488	0.32862	0.276197	0.00491814	0.00396177	-0.00392131	0
4063.160501609	3801.809701894	-0.13382	0.39531	0.252433	0.00439459	0.00354202	-0.00395553	0
4063.352762575	3805.620248601	-0.134233	0.391333	0.227856	0.00596402	0.0034063	-0.00386374	0
4080.163695204	3807.951913548	-0.121564	0.477174	0.293232	0.00672913	0.00294879	-0.00317946	0
4071.417652322	3802.694894465	-0.115765	0.435786	0.27502	0.00683914	0.00274436	-0.00301786	0
4076.889765617	3812.6300902	-0.111649	0.475208	0.298004	0.00768569	0.00285176	-0.00310829	0
4083.178530252	3813.222874098	-0.11418	0.448621	0.244753	0.00698153	0.0028363	-0.00287485	0
4100.102988405	3812.619769894	-0.114492	0.457744	0.236487	0.00649141	0.00264334	-0.00302322	0
4092.229444095	3822.91454682	-0.130517	0.450375	0.228521	0.00565719	0.00278091	-0.00298753	0
4097.404926186	3822.730772949	-0.130089	0.406975	0.263658	0.00620647	0.00247986	-0.00315872	0
4091.709423959	3822.785452465	-0.138733	0.380946	0.242703	0.00617871	0.00252434	-0.00308432	0
4103.826442441	3817.3727235	-0.164862	0.403153	0.299866	0.00833327	0.0023975	-0.00382542	0
4093.33631794	3821.874187542	-0.163116	0.481999	0.311201	0.00833169	0.00314279	-0.00381954	0
4110.202182275	3826.06061066	-0.150917	0.434451	0.294096	0.00775225	0.00270293	-0.00334273	0
4075.137444244	3829.994819982	-0.135393	0.455884	0.279329	0.00749458	0.00247532	-0.00303472	0
4121.987779473	3825.223217402	-0.130601	0.439865	0.295021	0.00784999	0.00236172	-0.00283356	0
4080.508849414	3826.127058947	-0.126414	0.4826	0.269733	0.00777172	0.00247933	-0.00275767	0
4120.805832298	3826.949062275	-0.130065	0.549119	0.352084	0.00760772	0.00275977	-0.00305655	0
4095.973955284	3831.776973895	-0.128013	0.53743	0.37592	0.00695577	0.00322643	-0.00292702	0
4103.083948902	3826.60161197	-0.134768	0.426241	0.346595	0.00760692	0.00263852	-0.00293455	0
4079.854246603	3826.410052604	-0.131044	0.428307	0.310149	0.00733292	0.00277562	-0.002758	0
4096.077409994	3816.020401284	-0.134258	0.444438	0.342144	0.00841069	0.00228425	-0.00296426	0
4087.604194577	3818.244517779	-0.128213	0.534251	0.386894	0.00866211	0.00277562	-0.00310941	0
4094.355301059	3820.705096024	-0.121951	0.582653	0.437129	0.00818222	0.00264877	-0.00294519	0
4073.892325609	3820.260055455	-0.118655	0.522025	0.410626	0.00829771	0.00266376	-0.00258635	0
4087.449470276	3813.067888448	-0.116583	0.487597	0.38349	0.008572	0.00237361	-0.00274708	0
4078.979001444	3808.883456968	-0.123689	0.485364	0.367284	0.00871211	0.00285443	-0.00278576	0
4078.839841126	3806.870997277	-0.116776	0.509745	0.380664	0.00871211	0.00228482	-0.00284799	0
4078.526730411	3805.547463284	-0.117063	0.493657	0.385503	0.00925859	0.00243248	-0.00259017	0
4087.804695299	3803.481410425	-0.118239	0.529533	0.376794	0.00925859	0.00241261	-0.00295519	0
4089.681528535	3799.188344143	-0.0983109	0.518293	0.379665	0.00900859	0.00302785	-0.00298444	0
4091.901684925	3812.383489201	-0.120977	0.579501	0.429635	0.00836648	0.00329754	-0.00354542	0
4094.881729893	3808.70746859	-0.117699	0.471075	0.437135	0.00928501	0.00302975	-0.00324141	0
4096.432635017	3804.098456095	-0.116519	0.46553	0.406469	0.0096274	0.0025759	-0.00334871	0
4089.871042916	3802.636231672	-0.124648	0.444435	0.396949	0.00919101	0.00264871	-0.0032678	0
4103.585658469	3806.391555688	-0.126566	0.511629	0.406959	0.00878091	0.00248387	-0.00286954	0
4120.707870758	3809.451254862	-0.12589	0.539774	0.459159	0.00942355	0.00299236	-0.00291471	0
4113.056799851	3815.706627767	-0.127002	0.69318	0.535688	0.00961689	0.00248387	-0.0027179	0
4107.357635511	3814.881184337	-0.1197	0.687297	0.575261	0.00987245	0.00205098	-0.00204488	0
4098.649129293	3815.349943504	-0.125973	0.611689	0.691733	0.0101525	0.00253751	-0.00216428	0
4097.864521447	3812.01666569	-0.125382	0.483986	0.574058	0.0100897	0.00248387	-0.00216428	0
4106.524504659	3816.374731794	-0.134271	0.487837	0.503671	0.00894811	0.00317198	-0.0017449	0
4098.421162719	3812.535215807	-0.142723	0.532183	0.473497	0.00887579	0.00289185	-0.002077	0
4096.914202959	3815.939649416	-0.135612	0.554457	0.482106	0.00908428	0.00271416	-0.00187353	0
4092.527906356	3815.227367236	-0.135324	0.604183	0.487025	0.00897492	0.00281848	-0.0020881	0
4098.354329145	3814.899109079	-0.13659	0.626719	0.527124	0.00969287	0.00248387	-0.00219775	0
4087.908150009	3820.479135638	-0.13812	0.681332	0.556881	0.00901537	0.00272812	-0.00196246	0
4095.330338813	3821.157559971	-0.14458	0.564719	0.529978	0.00977689	0.00248387	-0.00223001	0
4093.510268338	3822.652555892	-0.140711	0.522189	0.505077	0.00959092	0.00248387	-0.0021723	0
4093.482802486	3818.004796985	-0.134422	0.478757	0.495722	0.00908419	0.00248387	-0.00209737	0
4099.179220241	3815.499135297	-0.144203	0.503388	0.485688	0.00840543	0.00248387	-0.00233232	0
4096.211077142	3817.32564842	-0.13842	0.522298	0.527966	0.00804996	0.00208881	-0.00196257	0
4104.928738644	3825.546949109	-0.136563	0.614887	0.60351	0.00827622	0.00239126	-0.00226306	0
4100.013266621	3829.104195671	-0.137569	0.654281	0.663991	0.0076445	0.00248387	-0.00223774	0
4091.137218704	3812.288252692	-0.138073	0.553854	0.596005	0.00717476	0.00248387	-0.00216139	0
4083.367129104	3812.22868461	-0.141562	0.593703	0.55343	0.00630867	0.00248387	-0.00198224	0
4095.937334148	3809.888690994	-0.147211	0.560889	0.516604	0.00596249	0.00270263	-0.00210827	0
4081.115844749	3806.757836026	-0.147896	0.619408	0.570497	0.00634879	0.00251727	-0.0023835	0
4091.664563067	3818.203779729	-0.14251	0.673625	0.641109	0.00676572	0.00258799	-0.00219186	0
4088.547188838	3820.369414489	-0.131735	0.733931	0.719018	0.0056326	0.00247961	-0.00167357	0
4074.259452501	3810.359622857	-0.14727	0.671664	0.709546	0.00458438	0.00281949	-0.00176707	0
4076.678278555	3815.315723541	-0.129337	0.594516	0.729943	0.00537028	0.00221941	-0.00163426	0
4082.1101086	3811.088562372	-0.135849	0.50928	0.636102	0.00625189	0.0025534	-0.00125678	0
4072.526357224	3809.182926903	-0.130292	0.492512	0.616255	0.00616525	0.00256581	-0.00153732	0
4091.42744121	3806.776485	-0.158566	0.549687	0.56882	0.00518262	0.00329902	-0.00162375	0
4075.138359772	3806.19655622	-0.143329	0.607931	0.614804	0.00686855	0.00230975	-0.00145656	0
4085.034306336	3813.546605805	-0.144537	0.620409	0.520389	0.00567337	0.00272407	-0.0013895	0
4085.84271792	3819.245587471	-0.143	0.684797	0.505443	0.00680262	0.00235787	-0.00124723	0
4087.221503703	3812.743251451	-0.147995	0.625722	0.512872	0.00669847	0.00232021	-0.00129667	0
4082.32891989	3816.066752133	-0.144549	0.646635	0.564766	0.0069649	0.00191712	-0.00161072	0
4105.215299036	3822.156456967	-0.146604	0.563895	0.633799	0.00664144	0.00233299	-0.00132224	0
4113.773658595	3823.432553764	-0.143021	0.502536	0.633657	0.00695783	0.00241118	-0.00132118	0
4080.657165016	3821.811541473	-0.143475	0.518859	0.633054	0.00719434	0.00227096	-0.00157118	0
4117.969525289	3815.320974223	-0.149167	0.494941	0.626006	0.00732509	0.00212015	-0.0013563	0
4099.680929809	3819.49309376	-0.154965	0.537142	0.634889	0.00731589	0.0026383	-0.00136647	0
4103.423609941	3810.945707609	-0.141724	0.553403	0.669752	0.00697686	0.00226359	-0.00136653	0
4091.461315761	3822.544464265	-0.14084	0.697193	0.726395	0.00728065	0.00262882	-0.00195621	0
4100.8537217	3826.043048034	-0.141478	0.871456	0.887082	0.0096567	0.00246233	-0.0012887	0
4073.220327757	3809.190531339	-0.139813	0.796365	0.889516	0.00928611	0.00290532	-0.00159973	0
4085.438969892	3826.646695412	-0.123674	0.618172	0.780994	0.00964461	0.00294729	-0.00200473	0
4072.144581878	3824.621380604	-0.160048	0.699313	0.713034	0.00727822	0.00259054	-0.00148893	0
4077.29626023	3828.090632977	-0.204462	0.574991	0.619963	0.00466279	0.000741114	-0.000872061	0
4079.421201665	3824.950906167	-0.208848	0.646636	0.663914	0.00544054	-8.47484e-05	-0.000974201	0
4084.736759603	3824.523247167	-0.21512	0.592465	0.698682	0.00603597	-0.000916173	-0.000960382	0
4078.772092024	3814.735070529	-0.197333	0.628761	0.665941	0.00703962	2.06442e-06	-0.00102762	0
4069.477647625	3825.527756961	-0.187695	0.67793	0.634527	0.00752889	0.00064008	-0.000987637	0
4088.426339088	3817.458363935	-0.179178	0.649925	0.603409	0.00741288	0.00178013	-0.00100727	0
4074.985466528	3820.985011695	-0.183003	0.657611	0.589146	0.00724694	0.00170256	-0.000897853	0
4099.617758349	3812.59568918	-0.189708	0.58772	0.580873	0.00729901	0.00194914	-0.000908637	0
4097.827900311	3822.072627112	-0.188872	0.563099	0.527867	0.00542194	0.00243044	-0.000800191	0
4091.261730568	3812.776928239	-0.183152	0.558323	0.558365	0.00564491	0.00251206	-0.000882136	0
4094.358047644	3819.625628217	-0.180659	0.558041	0.524736	0.00461067	0.00251206	-0.000882136	0
4110.008090252	3809.528928744	-0.191141	0.569047	0.574576	0.00558998	0.00176297	-0.000735847	0
4079.752622949	3813.698151353	-0.182466	0.585665	0.547591	0.00451397	0.00251206	-0.000442665	0
4109.968722531	3810.012896783	-0.176341	0.602182	0.594275	0.00552953	0.00145614	-0.000826891	0
4085.688909147	3815.474873525	-0.181502	0.634818	0.594694	0.0056827	0.00146391	-0.000649817	0
4109.690401895	3810.527282567	-0.176857	0.602607	0.585111	0.00441119	0.0022082	-0.00033309	0
4085.135929989	3813.025882992	-0.177826	0.602423	0.564848	0.00353344	0.00275908	-0.00069354	0
4086.312383993	3806.640510441	-0.173263	0.582036	0.566335	0.00325342	0.00261321	-0.000503249	0
4074.572563216	3808.789668923	-0.173197	0.610238	0.568562	0.00319746	0.00264438	-0.000585754	0
4082.582521259	3808.421940121	-0.172623	0.629976	0.619877	0.00238689	0.00284671	-0.000570402	0
4066.274213725	3807.457082029	-0.175729	0.604771	0.604312	0.0024061	0.00291706	-0.000707982	0
4089.726389427	3803.612677476	-0.173961	0.571766	0.631333	0.00337403	0.00241921	-0.00058738	0
4088.885934349	3813.805699806	-0.173493	0.617333	0.64919	0.00334512	0.00257232	-0.000668618	0
4095.911699353	3823.822190584	-0.153565	0.68212	0.821308	0.00299036	0.00264786	-0.000806588	0
4078.284115383	3817.025454253	-0.149334	0.700338	0.824769	0.0015159	0.00282058	-0.000524759	0
4066.386823719	3812.981161665	-0.170577	0.626712	0.735756	-0.000902456	0.00366054	-0.000674795	0
4075.711480556	3817.295954907	-0.174753	0.610972	0.678806	-0.0011927	0.00333603	-0.000704955	0
4085.00867154	3813.063724114	-0.159515	0.652128	0.65114	-0.00173082	0.00263413	-0.000718865	0
4066.043500566	3814.619555524	-0.172745	0.686814	0.630304	-0.000915784	0.00282607	-0.000700592	0
4084.197513371	3825.317005447	-0.157484	0.679789	0.517903	-0.000611647	0.00273847	-0.0012457	0
4074.376640137	3823.068084006	-0.173016	0.768227	0.53431	2.70877e-05	0.00272953	-0.00125083	0
4078.791318121	3815.317172005	-0.172551	0.646141	0.566643	-7.32626e-05	0.00293419	-0.00128615	0
4085.068180887	3823.697984794	-0.173191	0.527384	0.486337	0.00123372	0.00263814	-0.00128194	0
4101.570580443	3822.947499377	-0.169615	0.502074	0.459261	0.00113235	0.00235358	-0.00128194	0
4098.021992333	3831.14037396	-0.172602	0.553664	0.499133	0.000477671	0.00281479	-0.00128194	0
4118.506940465	3837.602152988	-0.173223	0.606548	0.671205	0.00186314	0.00269019	-0.0013503	0
4079.920164648	3825.996878244	-0.165393	0.687445	0.736875	-0.000565028	0.00382214	-0.00121219	0
4097.988117782	3829.247231493	-0.175404	0.627505	0.7336	0.00027584	0.00318685	-0.00146219	0
4076.850397895	3828.629280533	-0.168724	0.619544	0.618565	-0.00129146	0.00336808	-0.00146219	0
4102.63076234	3824.625907054	-0.176985	0.631282	0.641212	0.000763916	0.00318975	-0.00135512	0
4087.708564816	3822.242640576	-0.169182	0.661997	0.600583	0.000429801	0.00321166	-0.000971449	0
4107.680817039	3823.757552877	-0.162377	0.706161	0.703703	-0.00074706	0.0029874	-0.00125176	0
4100.00228028	3826.397197486	-0.154594	0.717694	0.765192	-0.00186759	0.00340832	-0.00125176	0
4098.837728145	3829.195086788	-0.17165	0.680045	0.730109	4.93599e-05	0.00335075	-0.00179585	0
4073.027151263	3825.85492877	-0.172565	0.616514	0.693664	0.000272181	0.00386709	-0.00165258	0
4098.580464662	3822.415732025	-0.172055	0.590677	0.694829	0.000529306	0.00316808	-0.00177118	0
4075.09349888	3820.439302877	-0.171349	0.644566	0.687944	0.000228558	0.00340982	-0.0018238	0
4083.288393661	3822.46697144	-0.15999	0.637513	0.693913	0.000826058	0.00325212	-0.00173532	0
4076.277277112	3823.940421459	-0.16754	0.745059	0.732859	0.000260447	0.00343389	-0.00168108	0
4090.00654112	3822.135816355	-0.152958	0.747809	0.848947	0.000148732	0.00262863	-0.00175894	0
4064.826763312	3819.688636402	-0.16945	0.762643	0.861515	-0.00095803	0.00390392	-0.00167341	0
4093.461745332	3827.80220758	-0.165025	0.608778	0.814746	0.00105763	0.00419568	-0.00230687	0
4078.432430985	3826.050290354	-0.166923	0.601223	0.707632	0.00178966	0.00519318	-0.00177512	0
4076.555597748	3811.478199192	-0.171232	0.588937	0.697277	0.00273323	0.00402146	-0.00177512	0
4067.146712298	3813.772204076	-0.164208	0.614663	0.677505	0.00219098	0.00450063	-0.00177512	0
4079.587827836	3816.195303314	-0.164084	0.659662	0.71064	0.00228984	0.00467686	-0.00166869	0
4067.998153717	3813.219252938	-0.159565	0.731044	0.720364	0.000729611	0.004835	-0.00177512	0
4089.101999053	3820.430793151	-0.165267	0.758814	0.752979	0.000949827	0.00456841	-0.00220006	0
4066.755781668	3815.912128599	-0.15537	0.664101	0.692852	0.0012188	0.00404412	-0.00196646	0
4105.830534126	3821.224008257	-0.161198	0.601698	0.660612	0.00204152	0.00416191	-0.00183727	0
4077.217524787	3821.840148638	-0.160878	0.611338	0.645137	0.00189922	0.00478755	-0.00174291	0
4100.557090495	3810.636098426	-0.165109	0.608182	0.658113	0.0019737	0.00347121	-0.00227492	0
4073.879508211	3808.630337881	-0.163195	0.628977	0.631038	0.00154632	0.00410248	-0.00227492	0
4108.79593064	3811.724800191	-0.166393	0.685337	0.721136	0.00134394	0.0039188	-0.00205633	0
4082.246522333	3815.02494439	-0.162582	0.689558	0.743718	0.000136897	0.004345	-0.00200135	0
4104.231105997	3816.469425129	-0.16635	0.604013	0.697239	0.00133054	0.00382774	-0.00197949	0
4079.144712086	3822.163337171	-0.157437	0.645863	0.671156	0.00154322	0.00431411	-0.00182401	0
4099.304647633	3815.954496172	-0.157524	0.702468	0.736341	0.0028133	0.00357222	-0.00182401	0
4081.381347987	3823.348904967	-0.153362	0.797409	0.89805	0.00630064	0.00386223	-0.00235896	0
4081.831787964	3821.956931049	-0.141336	0.884209	1.07386	0.00775021	0.00445117	-0.00252678	0
4073.223989871	3819.092231344	-0.129497	0.87923	1.26453	0.00730999	0.00482418	-0.00248077	0
4069.5380725	3819.669263195	-0.126564	0.737924	1.16231	0.00728736	0.00444015	-0.00209919	0
4077.311824213	3825.326058347	-0.13923	0.668223	0.913868	0.00612187	0.00454194	-0.00242959	0
4080.135313824	3827.113825057	-0.142233	0.657325	0.768929	0.004491	0.00488335	-0.00241937	0
4071.733509623	3827.829185222	-0.145991	0.691631	0.657656	0.00254508	0.00536481	-0.00167911	0
4072.822988428	3820.228732421	-0.140611	0.66826	0.66162	0.00494766	0.0049822	-0.00184594	0
4066.222944134	3819.381743089	-0.156482	0.7446	0.640203	0.00320759	0.0049822	-0.00184594	0
4095.051102649	3818.642483267	-0.154548	0.729321	0.629337	0.00335139	0.00451309	-0.00159594	0
4070.0150628	3817.843293247	-0.148668	0.722687	0.646738	0.00182381	0.00495415	-0.00189756	0
4089.536875047	3817.912457404	-0.155923	0.714865	0.687587	0.00207173	0.00433855	-0.00184594	0
4086.420416346	3824.772382977	-0.161719	0.640143	0.662966	0.00220005	0.00459767	-0.00184594	0
4125.439321571	3831.093842054	-0.16428	0.55787	0.534658	0.00242557	0.00399605	-0.00200647	0
4087.840400907	3826.76112407	-0.169684	0.521186	0.492911	0.00210851	0.00437075	-0.00189751	0
4096.783282397	3812.281372488	-0.176437	0.551383	0.499899	0.00275839	0.00430354	-0.0019911	0
4080.92541484	3835.857840198	-0.1669	0.608329	0.615972	0.00202193	0.0047599	-0.00206474	0
4095.095963541	3824.760614207	-0.16651	0.616775	0.757208	0.00336364	0.00422172	-0.00207396	0
4064.188640011	3819.403832165	-0.160593	0.698247	0.791804	0.00259956	0.00454285	-0.00206417	0
4100.194541246	3815.708981521	-0.168203	0.679415	0.796458	0.00360922	0.00397731	-0.00231291	0
4057.660006933	3812.148656973	-0.146625	0.712867	0.792749	0.00283621	0.00487238	-0.00205851	0
4086.086248477	3814.286408801	-0.164826	0.701998	0.765563	0.00242434	0.00479285	-0.00213048	0
4068.385422234	3813.62862508	-0.162384	0.715211	0.767179	0.00187259	0.00486386	-0.00213048	0
4074.979057829	3811.916178499	-0.160676	0.724145	0.785716	0.000549539	0.00477618	-0.00213048	0
4058.362217222	3815.735234931	-0.161758	0.690648	0.803789	0.00163744	0.00457145	-0.00213048	0
4051.622097081	3817.269701497	-0.161751	0.711642	0.845235	0.00140427	0.0042072	-0.00223639	0
4063.426920376	3804.376561186	-0.161596	0.618873	0.791566	0.00101941	0.00484699	-0.00213048	0
4063.230997296	3813.665560912	-0.157332	0.655176	0.796501	0.000578431	0.00484102	-0.00213048	0
4054.321074829	3808.221146797	-0.152824	0.664351	0.844361	0.00175123	0.00427909	-0.00213048	0
4050.958338985	3812.744156741	-0.158019	0.751169	0.875549	0.000737519	0.00464148	-0.00213033	0
4050.548182259	3806.005721087	-0.151165	0.648787	0.838324	0.00082739	0.00503055	-0.00206966	0
4047.324606734	3808.057470363	-0.164333	0.711554	0.849782	0.00170923	0.00447327	-0.00242259	0
4063.275858188	3813.58245529	-0.162443	0.769963	0.943109	0.00326341	0.00450008	-0.00251521	0
4057.25351232	3819.022161897	-0.150185	0.876758	1.00385	0.00391622	0.00452716	-0.00203288	0
4052.481778257	3813.037470704	-0.154604	0.780811	0.931277	0.00210703	0.00443165	-0.00225122	0
4076.626093436	3827.073087007	-0.160908	0.752038	0.768938	-0.000808415	0.00450284	-0.00193893	0
4074.611930938	3821.074997522	-0.169111	0.704786	0.691601	-0.000422385	0.00477321	-0.00177236	0
4072.343251542	3813.252024436	-0.181916	0.682145	0.701677	-0.000365121	0.00475048	-0.00200491	0
4054.530730834	3815.162005298	-0.18565	0.647783	0.694206	0.000985822	0.00516901	-0.00181317	0
4074.513969398	3813.867259526	-0.177098	0.674422	0.726969	0.00381753	0.00505054	-0.00188719	0
4055.72915752	3812.964323271	-0.165322	0.814085	0.842319	0.00547882	0.00535034	-0.00236928	0
4064.441325852	3813.687468931	-0.167537	0.752643	0.86223	0.00588667	0.00495081	-0.00248243	0
4055.427033146	3817.51775096	-0.158391	0.826904	0.867685	0.00654344	0.00517615	-0.00247573	0
4072.437550968	3829.703316599	-0.157984	0.622791	0.813192	0.00691927	0.00493824	-0.00247573	0
4066.169843486	3826.760761954	-0.16038	0.617406	0.729515	0.00674955	0.00455307	-0.00191278	0
4070.493884158	3826.952140262	-0.177896	0.541836	0.685196	0.00606217	0.00463381	-0.0020396	0
4059.488317164	3822.493586966	-0.181702	0.579341	0.618899	0.00504379	0.00486676	-0.00181645	0
4063.203531444	3821.945343337	-0.181296	0.620852	0.616474	0.00520742	0.00500942	-0.00194059	0
4059.057103284	3819.077384587	-0.180145	0.667046	0.608794	0.00614495	0.00538309	-0.00215742	0
4094.005569207	3812.695995313	-0.175952	0.784911	0.699785	0.00804989	0.00460326	-0.00181854	0
4074.620170693	3819.691714388	-0.1634	0.830639	0.786189	0.00884189	0.00452595	-0.00248759	0
4085.346501523	3821.243743579	-0.161882	0.767013	0.852286	0.00865517	0.00442498	-0.00175818	0
4050.427332509	3820.699483226	-0.17033	0.728823	0.84954	0.00719301	0.00489275	-0.0019545	0
4045.051349696	3829.140407272	-0.164687	0.587162	0.711143	0.00628712	0.00411695	-0.0022592	0
4042.043838876	3825.298356473	-0.183483	0.596255	0.61633	0.00543517	0.00434381	-0.00229429	0
4044.898456452	3826.642531078	-0.185432	0.565407	0.58008	0.0048544	0.00403641	-0.00215589	0
4024.513300917	3823.588444703	-0.183313	0.59937	0.556472	0.00444498	0.00478681	-0.00223905	0
4048.60909309	3816.428687079	-0.181865	0.624592	0.544794	0.00542569	0.00499328	-0.00242612	0
4073.655203751	3815.762755748	-0.185873	0.762038	0.580621	0.00687111	0.00458708	-0.00224264	0
4067.525741059	3824.328971931	-0.174261	0.829098	0.74857	0.00737704	0.00417484	-0.00271459	0
4057.717685223	3817.132459532	-0.16449	0.711179	0.712085	0.00711916	0.00451022	-0.00230043	0
4058.569126642	3820.254261599	-0.178005	0.589256	0.686362	0.00780742	0.00435953	-0.00212836	0
4045.119098799	3819.932883646	-0.165146	0.562242	0.690781	0.00828319	0.00424526	-0.00227949	0
4051.818935689	3814.509291201	-0.169384	0.554915	0.682561	0.00811889	0.00426588	-0.00248071	0
4067.754623161	3815.085779879	-0.168607	0.584266	0.675491	0.00814347	0.00462245	-0.00208045	0
4056.519258536	3812.79141288	-0.182083	0.559532	0.667876	0.00880054	0.00462451	-0.00242946	0
4062.335610513	3810.315987878	-0.19048	0.54312	0.658314	0.00844875	0.0044361	-0.00241323	0
4081.417053595	3813.314489447	-0.189643	0.644705	0.668624	0.00830122	0.00434901	-0.00262665	0
4085.033390807	3815.095919127	-0.187883	0.634294	0.708496	0.00744034	0.00426964	-0.00237545	0
4078.953366649	3810.599524709	-0.16475	0.56902	0.652682	0.00649778	0.00435699	-0.00205608	0
4091.868725902	3811.239926862	-0.150312	0.611446	0.647429	0.00656335	0.00423641	-0.0019895	0
4081.937989259	3818.116509772	-0.144153	0.594092	0.624421	0.00529939	0.0043866	-0.00157646	0
4092.776930083	3818.813945195	-0.150549	0.610302	0.642733	0.00439292	0.00391568	-0.0015233	0
4082.741823202	3816.118715779	-0.164763	0.600668	0.640257	0.00463231	0.00440622	-0.00171585	0
4077.035334634	3820.561879145	-0.172986	0.610797	0.662782	0.00517363	0.00400807	-0.0019936	0
4077.653316309	3813.901660547	-0.161743	0.585184	0.636941	0.00555012	0.00423789	-0.0021209	0
4061.983132076	3816.39501029	-0.168571	0.60918	0.650884	0.00487718	0.00411058	-0.00194424	0
4083.942080945	3815.455681377	-0.163774	0.561348	0.640145	0.00227531	0.00457901	-0.002017	0
4064.51731471	3820.033189779	-0.1562	0.605244	0.624268	2.05822e-05	0.00502776	-0.00192632	0
4056.695955519	3809.875111644	-0.170106	0.662682	0.633171	-0.000676027	0.00452595	-0.00230582	0
4042.747880221	3816.671847975	-0.165569	0.693229	0.660236	-0.00147903	0.00467281	-0.00239399	0
4065.113323703	3818.738625066	-0.167238	0.730381	0.803666	-0.000610559	0.00450551	-0.00239399	0
4037.094492301	3808.108166604	-0.161108	0.759689	0.841253	-0.000763233	0.00478446	-0.00239399	0
4059.563390493	3808.454530561	-0.167312	0.581425	0.775691	0.000275383	0.00458583	-0.00239399	0
4047.203756984	3810.383341455	-0.17086	0.54742	0.67203	0.00124556	0.00381593	-0.00181567	0
4059.784948368	3807.051693163	-0.165309	0.538211	0.661178	0.00308547	0.00389301	-0.00174432	0
4052.715238001	3810.623062249	-0.170112	0.582989	0.600877	0.00299351	0.00440923	-0.00202302	0
4092.257825476	3821.660358042	-0.176378	0.605559	0.492936	0.00277461	0.00400194	-0.00226759	0
4060.727942629	3811.28899358	-0.165622	0.730017	0.60221	0.00215786	0.00474293	-0.00241512	0
4086.614508368	3807.230940585	-0.180389	0.610347	0.598882	0.00318394	0.00496512	-0.0028434	0
4073.421744007	3819.964025622	-0.182448	0.670637	0.723816	0.00496326	0.00403936	-0.00307749	0
4077.852901502	3814.524137957	-0.185535	0.548186	0.707607	0.00463404	0.00484151	-0.00264193	0
4066.654158014	3817.026178485	-0.18816	0.567739	0.714477	0.00436406	0.00484151	-0.00254395	0
4064.606120965	3811.201542565	-0.186942	0.556206	0.735837	0.00474811	0.00522612	-0.00258617	0
4075.032158477	3812.584644641	-0.195823	0.599537	0.746343	0.00639525	0.00422763	-0.0028886	0
4082.198914856	3819.180587649	-0.196403	0.606913	0.703512	0.00560709	0.00459667	-0.00273087	0
4091.089611227	3829.37976595	-0.171386	0.576129	0.694461	0.00654548	0.00409463	-0.00238352	0
4100.122214501	3823.129824785	-0.170446	0.624621	0.716373	0.00633722	0.00439183	-0.00209201	0
4096.914202959	3826.081613389	-0.167792	0.639751	0.736328	0.00632024	0.00434163	-0.00209201	0
4105.22445432	3829.333958276	-0.168344	0.690713	0.797667	0.00574916	0.00426727	-0.00237361	0
4076.063043465	3827.205259348	-0.151898	0.61999	0.719225	0.00610002	0.00409163	-0.00218291	0
4106.856841472	3826.554717947	-0.172823	0.616471	0.704498	0.0067505	0.00420294	-0.00227	0
4073.971061052	3821.266737946	-0.176727	0.633867	0.709554	0.00644441	0.00430213	-0.00224912	0
4100.562583666	3825.643996198	-0.172063	0.648789	0.745323	0.00659587	0.004032	-0.00230207	0
4079.485288654	3820.278161256	-0.176657	0.710651	0.784615	0.00625533	0.00420943	-0.0021378	0
4067.020369378	3827.349924692	-0.178541	0.710848	0.807136	0.00525133	0.00421481	-0.00215824	0
4071.9422501	3821.734410764	-0.179236	0.60638	0.756948	0.00566198	0.0039738	-0.00231447	0
4063.699747841	3820.824594305	-0.179608	0.648755	0.751366	0.00575671	0.00383664	-0.00239985	0
4056.798494701	3812.714463229	-0.171161	0.581516	0.713743	0.00567942	0.00441328	-0.00239595	0
4047.121359427	3810.5042882	-0.175789	0.655282	0.743565	0.00498204	0.00431577	-0.00239778	0
4059.362889772	3810.151044039	-0.168164	0.655596	0.782425	0.00504292	0.00449937	-0.00222235	0
4063.814188892	3822.065746908	-0.168143	0.786383	0.902546	0.00449537	0.00435858	-0.00239394	0
4061.333106906	3812.22415816	-0.177542	0.660465	0.914168	0.00493859	0.00387047	-0.00243561	0
4061.751503389	3811.579048499	-0.203226	0.656183	0.842905	0.00554771	0.00353126	-0.00315161	0
4071.271167776	3812.01394982	-0.197253	0.598864	0.825519	0.00624316	0.00378214	-0.00296474	0
4083.57678511	3809.689889308	-0.192613	0.667319	0.819218	0.0066909	0.0038917	-0.00294008	0
4071.321521839	3803.792105956	-0.193586	0.611974	0.805998	0.00764643	0.00398773	-0.0028721	0
4070.84910918	3806.35154187	-0.193352	0.722043	0.832299	0.0081362	0.00376603	-0.00316496	0
4077.866634429	3802.364282554	-0.19166	0.721	0.86008	0.00864573	0.00370426	-0.00318091	0
4072.43114227	3811.165512023	-0.197623	0.771218	0.876745	0.00840442	0.00343671	-0.0030751	0
4092.65791139	3809.354750947	-0.199327	0.604174	0.818542	0.00887838	0.00368725	-0.00291889	0
4071.507374106	3807.492931514	-0.206634	0.637909	0.816032	0.00892221	0.00383551	-0.00303751	0
4089.10383011	3806.477920355	-0.199068	0.582211	0.800134	0.00899152	0.00396119	-0.00285656	0
4077.809871667	3812.80499223	-0.190739	0.678582	0.794048	0.00830103	0.00476111	-0.00287268	0
4100.759422274	3808.788763633	-0.193494	0.709924	0.83635	0.0085391	0.00351344	-0.00296384	0
4102.037499931	3819.08806701	-0.207676	0.706529	0.856462	0.0077008	0.00388054	-0.00308569	0
4112.012181938	3821.529634164	-0.207242	0.641652	0.810544	0.0086768	0.00367474	-0.00294399	0
4077.830013292	3819.273470403	-0.191826	0.657624	0.766582	0.00884429	0.00418645	-0.00288031	0
4087.134528504	3814.020434596	-0.188691	0.643862	0.794521	0.00963367	0.00357984	-0.00307953	0
4067.368270173	3815.61754723	-0.189964	0.677607	0.75788	0.00929303	0.00387448	-0.00308086	0
4081.345642379	3813.753736159	-0.19618	0.742972	0.833638	0.0101987	0.00349655	-0.00332579	0
4069.297288529	3816.399355682	-0.197305	0.741788	0.858659	0.00946822	0.00385353	-0.00327143	0
4084.53168124	3817.279840745	-0.188533	0.728993	0.908063	0.00957299	0.00368562	-0.00304777	0
4067.408553423	3812.900952971	-0.189134	0.663424	0.816586	0.0091513	0.0038075	-0.00322595	0
4073.831900734	3816.577516756	-0.195281	0.623884	0.827034	0.0101515	0.00386417	-0.00295717	0
4069.263413977	3814.503135229	-0.191931	0.640779	0.804448	0.0093624	0.00423488	-0.00309512	0
4070.000414346	3814.841170518	-0.197065	0.656421	0.838741	0.0103346	0.00392669	-0.00293045	0
4069.266160563	3815.051740975	-0.190436	0.738686	0.884666	0.00976532	0.00422646	-0.00313247	0
4069.732164522	3810.734231863	-0.188612	0.790726	0.990497	0.0108488	0.00325013	-0.00321242	0
4066.734724514	3814.417132678	-0.163795	0.868536	1.16825	0.0134944	0.00405033	-0.00361211	0
4088.639657207	3821.412851753	-0.14536	0.878255	1.40153	0.0170002	0.00477354	-0.00424849	0
4074.817924829	3816.394286058	-0.131061	0.792706	1.47204	0.0168579	0.00523811	-0.0044252	0
4074.629325977	3823.473472872	-0.145534	0.710104	1.28751	0.0160576	0.00571164	-0.00429706	0
4051.738369189	3815.227367236	-0.149822	0.775318	1.29887	0.0135669	0.00600441	-0.00366851	0
4069.018052364	3822.549533889	-0.151414	0.768197	1.26189	0.0130353	0.00599217	-0.0035283	0
4065.401715152	3814.603984536	-0.157472	0.882139	1.21571	0.0131885	0.00590863	-0.00343977	0
4055.123993242	3815.914301295	-0.158216	0.967482	1.28599	0.0139555	0.00624435	-0.00366729	0
4074.632988091	3821.767544379	-0.180712	0.955355	1.27419	0.0140666	0.0056461	-0.00366729	0
4077.329219253	3824.139947377	-0.178126	0.904776	1.22167	0.0140335	0.00570773	-0.00391729	0
4075.659295437	3819.727020698	-0.188953	0.806028	1.19014	0.014626	0.00546294	-0.00348043	0
4066.101178856	3824.305072275	-0.183721	0.787369	1.20042	0.0151064	0.00563977	-0.00379955	0
4061.496986491	3819.599012691	-0.184267	0.7857	1.19121	0.0150829	0.0054341	-0.0034739	0
4060.987037168	3821.484188606	-0.181235	0.83548	1.28683	0.0149223	0.0059755	-0.00391729	0
4057.88614245	3815.932044979	-0.184703	0.814626	1.27582	0.0147313	0.00540221	-0.00371766	0
4059.518529601	3810.482923356	-0.182406	0.786918	1.26867	0.0149098	0.0055549	-0.00366944	0
4053.254484233	3818.722148788	-0.175993	0.786969	1.25971	0.0148607	0.00544599	-0.00369027	0
4045.278400742	3811.205525841	-0.177892	0.863844	1.29759	0.0148938	0.00553148	-0.00333452	0
4054.452910919	3812.722610839	-0.179482	0.914701	1.33578	0.0156359	0.00452324	-0.00360876	0
4056.348054724	3824.874318632	-0.166349	0.975254	1.47222	0.0165008	0.00500535	-0.00384086	0
4051.971828933	3826.653756674	-0.14992	0.998821	1.64441	0.0175257	0.00514982	-0.00414888	0
4039.629590463	3828.004087252	-0.135252	1.06285	1.85284	0.016405	0.00519448	-0.00402285	0
4033.969793844	3820.716683736	-0.12956	0.987634	1.90335	0.015838	0.00493241	-0.00366772	0
4014.984481245	3813.22088246	-0.148205	0.891871	1.83244	0.015235	0.00439343	-0.00394983	0
4030.719667996	3811.744535513	-0.144838	0.822804	1.79522	0.0147988	0.00503533	-0.00410579	0
4042.367935932	3814.563970718	-0.150568	0.937731	1.69161	0.01428	0.00489511	-0.00391704	0
4032.441776931	3827.709324825	-0.157153	1.00451	1.56705	0.01424	0.00581188	-0.00397301	0
4035.022651514	3823.131635365	-0.161847	1.03454	1.51441	0.0123285	0.00590567	-0.00386611	0
4030.655581007	3815.482296903	-0.157208	1.00297	1.47754	0.0122886	0.00630995	-0.00432872	0
4047.883079063	3816.8127111	-0.160589	0.96529	1.4461	0.01266	0.00623909	-0.00375501	0
4036.75025362	3818.248501055	-0.155319	0.96239	1.4612	0.0121019	0.00665031	-0.00398305	0
4051.478359121	3815.737226569	-0.166218	0.868847	1.45968	0.0119004	0.0057133	-0.00369901	0
4052.013027712	3819.439681649	-0.172618	0.849465	1.53194	0.0117249	0.00629666	-0.0037612	0
4061.56656665	3812.407026742	-0.174662	0.808206	1.46452	0.0116133	0.00584177	-0.0037612	0
4036.846384103	3812.555132187	-0.1832	0.824173	1.51034	0.011293	0.006681	-0.00400583	0
4067.255660178	3812.66177535	-0.164391	0.833582	1.53317	0.0107024	0.00623376	-0.00374595	0
4077.410701281	3827.348476228	-0.171511	0.939329	1.66833	0.00955416	0.00627919	-0.00380735	0
4052.202542092	3814.868872393	-0.1742	0.906433	1.6578	0.00956113	0.0063073	-0.00380735	0
4048.75283105	3813.300910097	-0.183975	0.924028	1.52773	0.0102217	0.00623895	-0.00364027	0
4055.200897629	3821.190331469	-0.170658	0.992508	1.48716	0.0108594	0.00746041	-0.00423485	0
4047.830893943	3814.20945915	-0.177676	0.970313	1.47326	0.0110346	0.00714165	-0.00409309	0
4041.613540524	3813.537733963	-0.17199	0.885654	1.45123	0.0113853	0.00709575	-0.00380735	0
4046.735006439	3812.547165635	-0.173185	0.92497	1.44841	0.0123956	0.00662358	-0.00364419	0
4066.832686054	3823.231579382	-0.173763	0.841526	1.48864	0.0130229	0.0064264	-0.00380735	0
4080.540892909	3841.524050366	-0.172586	0.894982	1.69314	0.0119548	0.00677379	-0.00380735	0
4070.759387396	3824.07802554	-0.166805	0.791615	1.68197	0.0119779	0.0074589	-0.00417047	0
4059.50754326	3827.431038676	-0.175716	0.88098	1.47794	0.0121527	0.00733916	-0.0042147	0
4052.845243035	3820.667979134	-0.170302	0.830734	1.52707	0.0128948	0.00710348	-0.00416433	0
4050.049219276	3823.48361212	-0.172564	0.869235	1.55342	0.0129455	0.00693513	-0.00397024	0
4051.157924178	3817.614979107	-0.168448	0.887693	1.5572	0.0137943	0.00709238	-0.00415822	0
4050.019922367	3820.393133087	-0.169863	0.935431	1.52362	0.0137556	0.00708915	-0.00372966	0
4048.01674621	3816.011348384	-0.168679	0.922721	1.49907	0.0141236	0.00671829	-0.00372966	0
4049.281090942	3817.627109993	-0.175045	0.984488	1.52547	0.0134445	0.00672234	-0.00372966	0
4060.084326158	3822.468057788	-0.167201	0.948982	1.58557	0.0131598	0.00680489	-0.00391573	0
4056.674898366	3820.599358151	-0.191878	1.02793	1.56032	0.0124168	0.00597561	-0.00384996	0
4066.013288129	3816.833894887	-0.177099	0.885067	1.55858	0.0127226	0.00597561	-0.00383179	0
4056.665743082	3813.738165171	-0.178317	0.781341	1.46696	0.0130471	0.00597561	-0.00392903	0
4065.346783447	3813.772023018	-0.176004	0.817959	1.47936	0.0133204	0.00662256	-0.00392903	0
4050.391626901	3810.808827759	-0.177742	0.877861	1.47737	0.0139648	0.00610224	-0.00373551	0
4063.978068477	3824.489570378	-0.16592	1.06831	1.57603	0.0149589	0.00595739	-0.00420288	0
4046.97029724	3814.230823994	-0.158708	1.06093	1.65055	0.0154149	0.0058884	-0.00430113	0
4043.585588715	3816.152030452	-0.150252	1.1872	1.70857	0.0158955	0.00549048	-0.00385574	0
4062.350258968	3827.553252828	-0.130977	1.16231	1.90571	0.0166373	0.00520197	-0.00393508	0
4070.629382362	3816.536778706	-0.119414	1.09972	1.98044	0.0168859	0.00517638	-0.00353757	0
4034.975044037	3814.987284326	-0.119014	1.02258	1.91533	0.016331	0.00574039	-0.00331866	0
4056.836031366	3812.197542633	-0.120008	0.952213	1.86105	0.0173737	0.00625897	-0.00326161	0
4041.365432325	3814.482132501	-0.124785	1.02384	1.76976	0.0174784	0.00635505	-0.00390613	0
4086.526617641	3823.735644859	-0.136516	1.09569	1.72851	0.0164486	0.00593421	-0.00434596	0
4071.76372206	3829.436618163	-0.133909	1.15395	1.68621	0.0146851	0.00592058	-0.00433209	0
4070.855517879	3825.813466488	-0.133816	1.24788	1.66343	0.0137874	0.00604176	-0.00458629	0
4040.750197235	3824.703761995	-0.133895	1.21192	1.71913	0.0136127	0.00595293	-0.00434094	0
4048.385704159	3825.57320252	-0.134194	1.15369	1.6993	0.0127539	0.00562874	-0.00467764	0
4047.020651302	3825.635486472	-0.128876	0.992786	1.68963	0.0134934	0.0061539	-0.00458245	0
4028.553527782	3825.84225471	-0.133686	0.932361	1.66005	0.0137515	0.00585282	-0.00437712	0
4060.271093953	3819.728469162	-0.125949	0.870037	1.67368	0.0149182	0.00591126	-0.00425456	0
4062.724710087	3825.688717525	-0.146632	0.891377	1.66377	0.0148206	0.00561774	-0.00434874	0
4073.432730348	3821.682809234	-0.154178	0.902939	1.70972	0.0145481	0.00549324	-0.00409591	0
4058.054599677	3820.500862598	-0.147387	0.980871	1.7716	0.0139552	0.00587227	-0.00450479	0
4065.015362164	3820.811377071	-0.150948	1.05395	1.75915	0.0135242	0.00549509	-0.00437576	0
4048.472679357	3820.136211782	-0.148492	1.05613	1.70157	0.0145278	0.00549666	-0.00441976	0
4054.179167925	3826.849299316	-0.141423	1.03054	1.66425	0.0158538	0.00524002	-0.00396853	0
4028.026183419	3825.444651338	-0.131831	1.08762	1.66442	0.0155474	0.00522414	-0.00441976	0
4019.53648849	3818.681591795	-0.144265	1.0632	1.65808	0.0154633	0.00484945	-0.00400752	0
4031.782596477	3820.342436846	-0.131536	1.06094	1.65033	0.0155111	0.00525439	-0.00412378	0
4039.408948117	3823.536662115	-0.142042	1.02546	1.70299	0.0149291	0.00496428	-0.00427703	0
4049.23623005	3831.251362515	-0.142027	1.06271	1.78533	0.0137107	0.00525326	-0.00435571	0
4052.962430671	3826.659912647	-0.145384	0.947129	1.74371	0.0134024	0.00477571	-0.00421214	0
4036.417001279	3827.183532388	-0.147818	0.934981	1.66338	0.013899	0.00505638	-0.00436648	0
4045.46883065	3815.537881709	-0.1549	0.921532	1.6319	0.0148952	0.00492833	-0.00439085	0
4020.895132648	3812.463697896	-0.154194	0.965699	1.6218	0.0153296	0.00540886	-0.00461253	0
4036.254952751	3812.552416317	-0.149594	0.948659	1.59962	0.0163602	0.00540886	-0.00452308	0
4023.837640952	3817.834059289	-0.155633	0.995406	1.59962	0.0175274	0.0052235	-0.00473786	0
4041.330642246	3815.383982408	-0.142618	0.990208	1.66679	0.0177193	0.00538068	-0.0048251	0
4027.989562283	3819.602452793	-0.138547	1.05774	1.72284	0.0165078	0.00582776	-0.00532627	0
4043.217546295	3818.898861398	-0.138266	0.907694	1.65632	0.016008	0.00598164	-0.00537342	0
4029.355530668	3813.452636702	-0.143269	0.867118	1.60057	0.0161768	0.00595828	-0.00533842	0
4041.487197603	3810.438745204	-0.145533	0.842697	1.59302	0.0163453	0.00614604	-0.00528677	0
4029.458069849	3807.291957132	-0.147238	0.870845	1.56593	0.0163057	0.00535118	-0.00493973	0
4056.732576655	3817.446595165	-0.126531	0.835221	1.54966	0.0167893	0.00648289	-0.00500639	0
4042.836686477	3809.105434078	-0.146087	0.901722	1.5407	0.0170981	0.00615401	-0.00503717	0
4057.991428217	3807.311692454	-0.13707	0.888594	1.59352	0.0171903	0.00580458	-0.00541813	0
4070.78044455	3824.663205002	-0.130331	1.07108	1.74267	0.0159773	0.00559143	-0.00498226	0
4071.370044844	3813.866354236	-0.118471	1.03194	1.84943	0.015878	0.00567666	-0.0054219	0
4045.292133668	3813.830323694	-0.118135	1.12964	1.9325	0.0155186	0.00526124	-0.00525206	0
4045.011066446	3816.671123743	-0.139506	0.940767	1.81797	0.0167764	0.00507248	-0.00506521	0
4061.235145367	3820.997323639	-0.157035	0.893149	1.69741	0.0150059	0.00510573	-0.00511136	0
4062.864785933	3818.179699014	-0.155123	0.914556	1.59306	0.0138125	0.00534618	-0.00501741	0
4057.763461643	3823.324100021	-0.158813	0.940739	1.48557	0.0144409	0.00520741	-0.00476741	0
4043.9106013	3823.377331073	-0.151527	0.972071	1.41525	0.014319	0.00515898	-0.0048122	0
4069.788927284	3817.263183409	-0.152646	0.966095	1.39954	0.0151177	0.00515898	-0.00488656	0
4058.028964881	3825.185919454	-0.161588	0.986271	1.24553	0.0142814	0.00429807	-0.00478869	0
4074.24846616	3823.739628135	-0.204788	1.02153	0.862028	0.00984228	0.00195046	-0.00404694	0
4057.889804563	3815.772170764	-0.219856	0.864854	0.549325	0.00283714	0.00133046	-0.00509056	0
4066.146955276	3827.075983935	-0.239884	0.655192	0.450426	-0.000764493	-0.00047679	-0.00603082	0
4056.85067982	3818.424308375	-0.252882	0.441409	0.266603	0.00204561	-0.000337498	-0.00654767	0
4071.165882009	3807.533488506	-0.254126	0.255317	0.0195485	0.00560847	-0.000174791	-0.00654767	0
4029.320740588	3804.054277943	-0.251092	0.271091	0.0449245	0.00579546	0.000103383	-0.00654767	0
4042.797318756	3802.469658311	-0.245975	0.238248	0.0658616	0.00729689	0.000441713	-0.00623403	0
4038.497081823	3798.195784177	-0.238901	0.31647	0.0909971	0.00863715	0.000270551	-0.00575683	0
4050.508814537	3794.167424694	-0.242567	0.345875	0.0847184	0.00848828	0.000559444	-0.0054444	0
4037.500986915	3798.27526864	-0.245033	0.410279	0.115514	0.00922742	0.000398262	-0.00532667	0
4053.263639517	3793.227371549	-0.248239	0.41572	0.133152	0.0093469	0.000470204	-0.00519022	0
4071.111865833	3800.265458196	-0.243075	0.421517	0.109305	0.010034	5.19047e-05	-0.00519615	0
4097.17238197	3798.814097253	-0.232036	0.424014	0.154774	0.0094523	0.000745743	-0.00534119	0
4098.32320118	3806.722891832	-0.205823	0.41098	0.22732	0.0106908	0.0015996	-0.00628253	0
4074.043387796	3806.225887617	-0.191202	0.573357	0.511644	0.0140057	0.00214706	-0.00729971	0
4092.084790607	3792.776356066	-0.168938	0.540992	0.789416	0.0186272	0.00204342	-0.00733144	0
4066.654158014	3785.420512625	-0.158462	0.514455	0.837587	0.0183533	0.00156103	-0.00676603	0
4047.45918941	3786.797820845	-0.161983	0.364565	0.755803	0.017557	0.00191751	-0.00642623	0
4046.658102053	3792.056288393	-0.173086	0.42143	0.661664	0.0163104	0.00127462	-0.00642014	0
4040.248487667	3794.232243459	-0.178557	0.483053	0.558902	0.0148999	0.00130393	-0.00648045	0
4050.910731508	3781.587514726	-0.18355	0.54837	0.575305	0.0151029	0.00137398	-0.00613703	0
4065.623273027	3800.380792143	-0.148489	0.599918	0.597287	0.0130209	0.00217631	-0.00551311	0
4082.108277543	3800.266363486	-0.151251	0.588235	0.563352	0.011422	0.0021895	-0.00574388	0
4075.890924124	3800.156823395	-0.140927	0.644492	0.530496	0.010801	0.00242826	-0.00598576	0
4077.473872741	3804.540599736	-0.146897	0.531102	0.502387	0.00986417	0.00275582	-0.00590754	0
4081.591919521	3810.723187325	-0.156701	0.434673	0.442421	0.00822695	0.00292507	-0.00594517	0
4094.551224138	3807.707485246	-0.178241	0.391788	0.384642	0.00741655	0.00292507	-0.00628234	0
4088.382393724	3801.44396473	-0.177605	0.33493	0.390951	0.00753192	0.0031	-0.00602635	0
4086.865363152	3805.3430488	-0.179333	0.319086	0.384806	0.00713051	0.00255989	-0.00602358	0
4103.473048475	3800.894091579	-0.181733	0.324661	0.416374	0.00681904	0.00286473	-0.00619634	0
4092.126904913	3802.586802838	-0.178425	0.429308	0.442817	0.00696663	0.00288801	-0.00629609	0
4090.492686705	3797.802526197	-0.178199	0.410773	0.436204	0.00705519	0.00295593	-0.0066411	0
4080.966613618	3798.282148844	-0.178146	0.515575	0.437579	0.00726741	0.00296569	-0.00650887	0
4087.595954822	3796.097684052	-0.189358	0.488692	0.443902	0.00754094	0.00260987	-0.00683261	0
4078.146786121	3802.182862436	-0.178964	0.536499	0.454732	0.00729159	0.00272971	-0.00672679	0
4085.745671909	3796.303184884	-0.179832	0.480609	0.447845	0.00699216	0.00246216	-0.00650054	0
4069.120591546	3806.335427708	-0.17412	0.520511	0.491824	0.00633304	0.00245548	-0.00705612	0
4086.103643516	3812.893529593	-0.171598	0.532665	0.569922	0.00704952	0.00274176	-0.00682293	0
4074.69707508	3808.652608015	-0.164744	0.565831	0.65951	0.00676051	0.00241198	-0.00675447	0
4061.655372906	3802.703947365	-0.165421	0.573618	0.660494	0.00588001	0.00250387	-0.00657871	0
4065.639752538	3800.061405828	-0.164962	0.539642	0.664375	0.00494747	0.00171245	-0.00657871	0
4059.659520976	3800.281753416	-0.175242	0.441237	0.600736	0.00489697	0.00264377	-0.00657871	0
4058.818150369	3799.507730458	-0.161446	0.456996	0.634621	0.00694932	0.00207004	-0.00665813	0
4076.339533044	3804.312285595	-0.157125	0.549571	0.669265	0.00739206	0.00211559	-0.00665797	0
4057.733249206	3791.249674995	-0.158913	0.600884	0.66989	0.00783487	0.00205091	-0.00695726	0
4057.996921387	3790.333702563	-0.152645	0.634191	0.665735	0.00752667	0.00256621	-0.00740363	0
4076.283685811	3790.622852192	-0.15285	0.650354	0.64981	0.00794202	0.00235264	-0.0073309	0
4069.674486233	3805.785554556	-0.148852	0.667324	0.712337	0.00835273	0.00259548	-0.00703229	0
4076.893427731	3805.697922483	-0.149889	0.580681	0.776099	0.00907273	0.00261895	-0.00709752	0
4064.66105267	3799.513343257	-0.154931	0.583839	0.758774	0.00867035	0.00264395	-0.00675207	0
4078.313412292	3796.474103638	-0.150583	0.512576	0.746927	0.00856277	0.00243078	-0.00675635	0
4067.38108757	3798.192525133	-0.153763	0.522758	0.738155	0.00782952	0.00203188	-0.00667856	0
4108.953401526	3796.768685007	-0.156828	0.478441	0.709585	0.00797556	0.00251403	-0.00632677	0
4080.485045676	3796.608810791	-0.158528	0.575138	0.709805	0.00740534	0.00214882	-0.0064934	0
4094.992508831	3800.686055934	-0.174128	0.567384	0.67924	0.00758542	0.00231263	-0.00656363	0
4074.643974432	3803.785225752	-0.161584	0.656725	0.714428	0.00670528	0.00196865	-0.00641454	0
4095.311112717	3805.626947747	-0.168679	0.581617	0.671883	0.00653938	0.00204411	-0.0061703	0
4099.441976894	3807.52769465	-0.167068	0.553725	0.649686	0.00616253	0.00240171	-0.00609062	0
4100.004111337	3817.571887302	-0.172344	0.558833	0.583473	0.00301854	0.0028605	-0.00605108	0
4105.8168012	3814.696143059	-0.17391	0.555772	0.602647	0.00363835	0.00230187	-0.00574952	0
4100.719139024	3814.609235218	-0.173616	0.552019	0.582432	0.0032057	0.00244104	-0.0062163	0
4105.337979843	3815.030195072	-0.174084	0.555327	0.575635	0.00349427	0.00230578	-0.00624616	0
4086.502813902	3816.236041365	-0.173478	0.534545	0.577006	0.00286507	0.0025562	-0.00667404	0
4097.289569607	3812.074423192	-0.190167	0.531091	0.589777	0.0030377	0.00219072	-0.0066737	0
4086.687750641	3817.783363048	-0.172733	0.512344	0.575924	0.00299382	0.00280873	-0.00663968	0
4080.13165171	3817.678168349	-0.178952	0.543324	0.613041	0.00335712	0.00264127	-0.00670706	0
4071.671253691	3817.348823844	-0.178433	0.57013	0.633275	0.00273127	0.00262839	-0.00632274	0
4076.525385311	3811.340232995	-0.177648	0.484279	0.617466	0.00320511	0.0028998	-0.00636395	0
4062.344765797	3812.793404518	-0.169911	0.536342	0.59359	0.00321939	0.00309507	-0.00631715	0
4084.179202802	3807.057305961	-0.167811	0.525809	0.633804	0.00519941	0.00180181	-0.00644157	0
4093.966201485	3808.683749992	-0.170382	0.648837	0.663087	0.0051978	0.00232763	-0.00652099	0
4093.047010964	3809.476421924	-0.175948	0.670646	0.694293	0.00328212	0.001657	-0.00652558	0
4076.935542037	3804.678022759	-0.179267	0.551333	0.62308	0.00303327	0.00234054	-0.00663911	0
4098.933858628	3808.429363499	-0.180715	0.482217	0.567276	0.00358492	0.00252476	-0.0065744	0
4099.054708378	3803.930434269	-0.178214	0.522821	0.550906	0.00327274	0.00260317	-0.00603605	0
4104.47646761	3800.198285677	-0.174809	0.490709	0.510532	0.00377752	0.00287321	-0.00574603	0
4091.660900954	3801.455914558	-0.175623	0.563457	0.546273	0.00378849	0.00257006	-0.00577055	0
4093.242934043	3799.81571012	-0.180042	0.597898	0.593772	0.0032331	0.002691	-0.00599807	0
4101.771081164	3802.983319862	-0.175433	0.591793	0.626333	0.00289607	0.00268483	-0.00618094	0
4091.849499806	3794.469067325	-0.202735	0.503027	0.582109	0.00258564	0.00287621	-0.00642525	0
4095.581193597	3801.00272638	-0.213353	0.590648	0.586311	0.00353975	0.00234986	-0.00659686	0
4101.795800431	3806.239104851	-0.201412	0.546311	0.573041	0.00386104	0.00253736	-0.00651348	0
4103.987575441	3808.019267125	-0.187557	0.497592	0.511376	0.00387971	0.00303523	-0.00618318	0
4126.573661269	3812.549519389	-0.175026	0.503476	0.511302	0.00385714	0.00313746	-0.00586216	0
4105.335233257	3799.798147493	-0.184884	0.520373	0.554954	0.00434981	0.00284111	-0.00618122	0
4114.820107565	3812.840841714	-0.186717	0.608146	0.617907	0.00372088	0.00255566	-0.00639346	0
4114.522560833	3808.509210078	-0.174394	0.612982	0.692257	0.00399075	0.00191134	-0.00637097	0
4106.994170733	3807.204687175	-0.179274	0.56974	0.693188	0.00475705	0.0019198	-0.0063285	0
4111.186375314	3812.65996477	-0.172348	0.5269	0.753705	0.00575509	0.00265302	-0.00627622	0
4111.817174387	3811.583212833	-0.165803	0.578181	0.785436	0.00615212	0.00254154	-0.00630447	0
4093.431532895	3799.404889513	-0.172455	0.61068	0.775428	0.00615904	0.00294529	-0.00636025	0
4097.263934811	3806.460538787	-0.1766	0.617428	0.738128	0.00570502	0.00253476	-0.00616011	0
4090.801219778	3807.884922088	-0.176534	0.694854	0.681112	0.00459732	0.00255857	-0.0064314	0
4115.021523815	3812.347096543	-0.176556	0.638231	0.618408	0.00372477	0.0025363	-0.00628706	0
4083.149233343	3807.790409811	-0.181355	0.560016	0.579661	0.00431996	0.002193	-0.00623948	0
4095.699296762	3806.426137767	-0.177724	0.499218	0.526703	0.00432188	0.00207836	-0.00547596	0
4081.36853059	3815.344330705	-0.190092	0.514243	0.447185	0.00276164	0.00141057	-0.00531394	0
4086.599859914	3809.556630619	-0.180306	0.509077	0.463349	0.0020722	0.00135114	-0.00522011	0
4073.957328126	3807.590521777	-0.179485	0.604788	0.478822	0.00092649	0.00203214	-0.00531394	0
4091.721325829	3809.90353775	-0.181607	0.629516	0.531384	0.00115912	0.00191386	-0.00471141	0
4073.804434882	3801.540106529	-0.181318	0.607709	0.55272	0.000248084	0.0019845	-0.00445861	0
4089.922312507	3798.66490546	-0.189396	0.519997	0.533446	0.00105001	0.00187742	-0.00454431	0
4075.951348999	3807.097862954	-0.18182	0.582495	0.523276	0.000723721	0.00179831	-0.00445861	0
4082.152222907	3798.554460079	-0.186278	0.580985	0.507091	0.000770922	0.00197375	-0.00445861	0
4089.825266495	3805.146962984	-0.178519	0.651834	0.57288	0.000208049	0.0019633	-0.00445861	0
4085.245793398	3803.040896306	-0.180743	0.678883	0.588263	-0.000520628	0.00184321	-0.00445861	0
4104.572598093	3809.989721359	-0.188288	0.617798	0.621788	0.00128447	0.0015986	-0.00445861	0
4095.081315086	3813.499711783	-0.184632	0.598062	0.637656	0.00136654	0.00183087	-0.00426936	0
4096.146074625	3810.056893878	-0.184462	0.63168	0.567313	0.00142351	0.00153606	-0.00438777	0
4105.77651795	3804.941824268	-0.181221	0.630332	0.545013	0.000754391	0.00179943	-0.0042281	0
4099.144430162	3812.904574131	-0.195287	0.742645	0.672649	0.000417273	0.0016029	-0.00438777	0
4105.945890706	3814.347425347	-0.174048	0.726121	0.7239	-0.000674814	0.00170899	-0.00422109	0
4122.539843103	3814.859457377	-0.185166	0.673378	0.621164	0.000222551	0.000930867	-0.00434691	0
4102.985987362	3817.708405036	-0.185058	0.657371	0.540082	0.000102581	0.00158355	-0.00437986	0
4094.717850308	3807.013852041	-0.18569	0.644315	0.548603	0.00024852	0.00143082	-0.00430909	0
4090.39197858	3813.44285957	-0.174565	0.682086	0.546856	-0.000412069	0.00180469	-0.00420865	0
4103.184657027	3813.796646906	-0.176166	0.723724	0.632997	-0.000737759	0.00127997	-0.00426221	0
4099.804526144	3818.876410205	-0.175302	0.732433	0.711863	-0.0015508	0.00208584	-0.0041675	0
4100.05995857	3807.971829929	-0.183623	0.642475	0.704701	-0.0021995	0.000886463	-0.00408282	0
4081.890381782	3812.084743498	-0.181215	0.65424	0.624586	-0.00215498	0.00163459	-0.00434027	0
4095.315690359	3807.962958086	-0.183411	0.646807	0.624797	-0.00161931	0.00123733	-0.00437517	0
4077.34844535	3808.975253375	-0.17825	0.666906	0.62878	-0.00229114	0.00154033	-0.00434381	0
4094.012893434	3811.429675648	-0.17978	0.717438	0.742579	-0.00295068	0.00106909	-0.00451832	0
4084.566471319	3812.127111071	-0.178828	0.747668	0.774211	-0.00380839	0.00140785	-0.00448425	0
4089.997385836	3806.186054856	-0.179479	0.649115	0.731159	-0.00300112	0.00120258	-0.00456098	0
4094.464248939	3807.582555225	-0.186159	0.654641	0.679749	-0.00229349	0.00143408	-0.00451772	0
4100.886680722	3806.34520484	-0.178901	0.658984	0.648727	-0.00152653	0.00161514	-0.00418396	0
4077.787898985	3806.664047981	-0.178618	0.700378	0.648717	-0.00222194	0.00138782	-0.00447076	0
4102.006371965	3806.993935661	-0.178338	0.754449	0.76325	-0.00266552	0.00170081	-0.00451949	0
4093.148634617	3813.044531966	-0.178183	0.756831	0.81606	-0.00331258	0.00176312	-0.0044693	0
4106.459502142	3805.228439085	-0.173688	0.688618	0.832257	-0.00315807	0.00165463	-0.00437229	0
4076.602289697	3806.286542047	-0.173762	0.664961	0.777213	-0.00311263	0.00230143	-0.00469261	0
4098.332356464	3805.027283645	-0.1743	0.696362	0.770794	-0.00228475	0.00176823	-0.00463802	0
4086.396612607	3805.181001888	-0.160699	0.708507	0.748175	-0.00218165	0.00205143	-0.00425151	0
4106.252592722	3805.690861221	-0.169264	0.76629	0.789478	-0.00151804	0.00183811	-0.00443942	0
4097.593525038	3810.470611412	-0.168354	0.792759	0.812492	-0.00284292	0.00188709	-0.0043683	0
4095.047440535	3800.853715644	-0.169978	0.716739	0.831256	-0.00249152	0.00155086	-0.00449399	0
4079.101682251	3804.481212711	-0.177879	0.685761	0.77219	-0.00278582	0.00203976	-0.00455608	0
4096.2064995	3802.269951335	-0.177452	0.670465	0.76872	-0.00198052	0.00154381	-0.00455608	0
4081.601990334	3806.35878419	-0.175134	0.683825	0.731	-0.00286226	0.00168559	-0.0046615	0
4100.855552756	3803.895490075	-0.177769	0.74187	0.789801	-0.00251231	0.00162441	-0.00458144	0
4105.261075456	3806.507613868	-0.168597	0.765954	0.806043	-0.00332582	0.00177648	-0.00442519	0
4108.014069379	3804.361533372	-0.171777	0.741976	0.821881	-0.00348298	0.00142154	-0.00416273	0
4091.851330863	3808.767398789	-0.180005	0.681815	0.767257	-0.00338742	0.00165046	-0.00415909	0
4102.989649476	3806.7493263	-0.184487	0.704902	0.782055	-0.00301589	0.0015315	-0.00424532	0
4082.219972009	3807.734825004	-0.180208	0.709495	0.751372	-0.00407942	0.00164415	-0.00406548	0
4095.245194671	3803.894946901	-0.192404	0.787173	0.81171	-0.00472044	0.00112421	-0.00454826	0
4073.882254796	3809.970529211	-0.174519	0.793006	0.878686	-0.00616027	0.00157966	-0.00422595	0
4081.774109674	3807.842554515	-0.172615	0.696606	0.868123	-0.00557871	0.00119665	-0.00443388	0
4069.243272352	3813.227581606	-0.182263	0.662179	0.775666	-0.00471301	0.00164164	-0.00422595	0
4075.017510022	3810.782212233	-0.179932	0.658884	0.778718	-0.00418458	0.00124104	-0.00468688	0
4059.209996528	3808.959863445	-0.185249	0.653624	0.739275	-0.00419181	0.00136996	-0.00462644	0
4087.276435407	3802.18974264	-0.180525	0.763096	0.820659	-0.0053631	0.0014136	-0.00476726	0
4074.39769729	3808.786047763	-0.17512	0.782791	0.879631	-0.00617029	0.00118635	-0.00471288	0
4089.7190652	3808.559906319	-0.172496	0.752621	0.898495	-0.0065754	0.00123951	-0.0047418	0
4070.756640811	3809.966364877	-0.172132	0.73894	0.819379	-0.00572046	0.00118577	-0.00437714	0
4085.054447961	3804.784122748	-0.179928	0.703005	0.811544	-0.00470968	0.0010403	-0.00436634	0
4084.20941524	3811.121877045	-0.182831	0.750409	0.81436	-0.00402017	0.00164164	-0.00435213	0
4109.896395787	3812.932457063	-0.169194	0.825534	1.076	0.00010585	0.000923832	-0.00446231	0
4080.784423465	3812.765702643	-0.145551	0.861552	1.26178	0.00327043	0.00172405	-0.00415047	0
4109.62997702	3811.049272786	-0.143126	0.778309	1.25507	0.00434229	0.000980324	-0.00415432	0
4088.31556015	3819.259891053	-0.153371	0.717109	1.01906	0.00415669	0.00136552	-0.00465813	0
4100.317222052	3823.354698823	-0.165253	0.740661	0.881667	0.00120371	0.00173956	-0.00444065	0
4085.954412386	3811.757571689	-0.163945	0.769843	0.831139	-0.00161112	0.00229367	-0.00415432	0
4088.086678048	3812.048531898	-0.166913	0.723722	0.803161	-0.00273614	0.0025142	-0.00421455	0
4085.922368892	3807.092069098	-0.168798	0.832192	0.860461	-0.00357455	0.00247284	-0.00419619	0
4079.854246603	3809.374486269	-0.170289	0.858492	0.922318	-0.00493017	0.00241969	-0.00419619	0
4110.811924195	3813.796646906	-0.169986	0.715127	0.910461	-0.00333174	0.00209144	-0.00404144	0
4090.018442989	3813.925560203	-0.179102	0.728082	0.841923	-0.0031226	0.00277155	-0.00404924	0
4097.392108788	3809.367425007	-0.182055	0.685838	0.866504	-0.00254912	0.001726	-0.00418755	0
4089.654062683	3811.772237387	-0.177708	0.708499	0.884221	-0.00283739	0.00176973	-0.00413388	0
4108.377534157	3812.043643332	-0.183149	0.778512	0.992812	-0.00231711	0.00130601	-0.00394327	0
4115.397805991	3812.146303219	-0.182438	0.823588	1.06335	-0.00227856	0.00157559	-0.00394327	0
4061.989540775	3811.469146292	-0.185015	0.798138	1.08349	-0.002361	0.00145073	-0.0040109	0
4084.599430342	3804.785028038	-0.186962	0.788284	1.05411	-0.00157609	0.00103276	-0.00372075	0
4056.713350559	3814.459319192	-0.195456	0.843873	1.09268	-0.000863253	0.000500875	-0.00350164	0
4060.471594674	3810.037520672	-0.191073	0.800336	0.955278	-0.000927122	0.000639714	-0.00365086	0
4048.126609619	3807.738989338	-0.186241	0.879312	0.959985	-0.00174164	0.00101144	-0.00373393	0
4059.169713278	3798.080088114	-0.188919	0.859326	1.04777	-0.00219357	0.000557887	-0.00352763	0
4038.220592243	3803.62408413	-0.183018	0.848771	1.05477	-0.00223663	0.00101144	-0.0036802	0
4057.116183058	3796.988127305	-0.189779	0.790267	1.06365	-0.000976507	0.000730624	-0.00365591	0
4039.610364367	3804.633844607	-0.189944	0.816069	1.05707	-0.00100839	0.00101144	-0.00361666	0
4064.703166977	3798.369961975	-0.189389	0.794599	1.10723	-0.000189439	0.00061293	-0.00364007	0
4050.619593474	3805.146962984	-0.192836	0.800517	1.07125	-0.000841426	0.000191216	-0.00333261	0
4068.815720586	3793.043054503	-0.199321	0.822824	1.13019	0.000307142	0.000308554	-0.0035096	0
4042.057571802	3798.578721851	-0.183211	0.821969	1.11532	-0.00127173	0.000519882	-0.00319633	0
4088.351265758	3798.705462452	-0.189614	0.842399	1.19612	-0.000780666	-0.000861985	-0.0030249	0
4051.998379257	3798.346786551	-0.183681	0.867131	1.1997	-0.00307265	-0.000457125	-0.00324957	0
4080.17193496	3796.33161099	-0.18961	0.845485	1.21835	-0.00235695	-0.000707064	-0.0032253	0
4064.008280915	3794.37799515	-0.19073	0.876359	1.18884	-0.00162117	-7.3065e-05	-0.00345328	0
4062.369485064	3803.044698524	-0.189472	0.935362	1.26355	-0.00179664	-0.000586583	-0.00334886	0
4056.239106844	3795.633089219	-0.181795	0.901087	1.28532	-0.00289112	-0.000685734	-0.00313218	0
4074.43798054	3799.713050233	-0.185084	0.830053	1.2568	-0.00198782	-0.000190583	-0.00322555	0
4052.602628006	3795.023829043	-0.18382	0.796674	1.22793	-0.000961946	-0.000125791	-0.00324106	0
4092.759535043	3812.350536645	-0.181484	0.913675	1.37337	0.000534888	0.000194001	-0.00369684	0
4079.097104609	3809.468455372	-0.164951	0.919152	1.48718	0.00204007	-0.000204627	-0.0037391	0
4070.332751158	3805.479747591	-0.168173	1.06184	1.50314	0.00167955	1.68415e-05	-0.00382571	0
4060.812171242	3809.930153276	-0.156664	1.01945	1.604	0.00249782	0.000369799	-0.00414528	0
4074.714470119	3817.638516647	-0.14459	1.01548	1.68093	0.00351017	0.000575942	-0.00401897	0
4061.107886918	3809.181840555	-0.143704	0.895048	1.56713	0.00334012	0.000674837	-0.00367175	0
4098.894490906	3825.861990032	-0.156718	0.812924	1.42723	0.00335965	0.000568988	-0.00357077	0
4072.792775991	3821.805928675	-0.155555	0.844145	1.33861	0.00196673	0.000333042	-0.00381778	0
4099.539022905	3829.035936805	-0.175946	0.913025	1.22098	0.00113207	0.000148621	-0.00417883	0
4074.951591977	3825.568132895	-0.16923	0.962278	1.12148	-3.51194e-05	0.000826478	-0.00390164	0
4086.516546828	3820.043872201	-0.172855	1.05024	1.1631	4.00911e-05	0.000316425	-0.00405783	0
4058.929844835	3819.942660778	-0.16761	1.06653	1.24385	-0.000157578	0.000316425	-0.00433307	0
4066.45548835	3823.935532893	-0.163271	1.02869	1.33626	-0.0013663	-0.000110631	-0.00386353	0
4042.096023995	3820.281058184	-0.150714	0.964414	1.39332	-0.00253937	0.000101659	-0.0035709	0
4065.101421834	3826.710427829	-0.158227	0.751158	1.34377	0.0002062	0.000305613	-0.00365184	0
4052.559598171	3827.274061389	-0.158302	0.682846	1.18313	0.00129828	0.000471031	-0.00325588	0
4071.791187912	3820.31853719	-0.161488	0.7121	1.08323	0.00142539	0.000107065	-0.00325725	0
4038.321300368	3817.536037818	-0.157691	0.822983	0.949912	1.24498e-05	0.00100628	-0.00293889	0
4053.782744125	3809.029570775	-0.151948	0.885551	0.946603	0.000659716	0.00053288	-0.00316354	0
4061.248878293	3819.35530862	-0.16748	1.00792	1.04924	0.00414685	0.000593722	-0.00352085	0
4070.517687897	3818.145841168	-0.167467	1.11798	1.19656	0.00424377	0.000155078	-0.00359156	0
4056.935823962	3815.252534299	-0.164466	1.13381	1.26998	0.00515408	-8.29832e-06	-0.00344649	0
4036.125863246	3817.005537872	-0.150035	1.07505	1.36995	0.0040222	-9.90334e-05	-0.00282348	0
4041.411208746	3805.107492339	-0.15269	0.891523	1.33444	0.0042585	1.64974e-05	-0.00241418	0
4024.757747002	3813.47545001	-0.150708	0.808173	1.31106	0.00406868	-0.000212264	-0.00215802	0
4026.132870671	3814.237161024	-0.14684	0.712602	1.17302	0.00422897	0.000414851	-0.00220904	0
