4429.971400476	3803.557371973	0.0192037	0.161799	-0.106843	-0.00192377	0.000140777	0.00139556	1
4272.439539219	3801.139503783	0.0128995	0.118398	-0.107098	-0.00163319	0.000179253	0.000849319	1
4196.187509845	3784.50957253	0.0153005	0.100459	-0.109163	-0.00147722	-0.000405285	0.00125663	1
4146.135070468	3787.756864579	0.0157977	0.328499	-0.0393091	0.00137874	-0.00112483	0.0018702	1
4144.061791673	3804.135330688	0.0252602	0.331884	0.0572549	0.00316251	-0.00123659	0.00267194	1
4137.376177588	3817.815685436	0.0221859	0.20554	-0.0274033	0.00232474	-0.000141627	0.00224348	1
4082.86152291	3799.041277253	0.0226206	0.109733	-0.0469826	0.00119384	-0.000271717	0.00230714	0
4071.445911919	3800.447118148	0.0119628	0.144138	-0.0208389	0.000460561	-0.000322297	0.0022525	0
4071.863813516	3810.490478393	0.009224	0.171758	-0.0274537	6.54062e-05	9.76223e-05	0.00200895	0
4064.734331132	3813.038875493	0.00327384	0.251082	-0.0211098	-0.000486312	0.000106099	0.00169248	0
4059.687053597	3811.189373343	0.00723101	0.282141	-0.0259135	-0.000942178	-0.000284563	0.00169248	0
4067.211716714	3807.928548769	0.00353306	0.267328	0.00207297	-0.00130089	-0.000872167	0.00169248	0
4064.04945939	3809.973159092	-0.00156375	0.216726	-0.0439665	-0.00166942	-0.000877919	0.00169248	0
4060.816605097	3813.267900627	0.00476578	0.171792	-0.0434952	-0.000976271	-0.000422664	0.00166195	0
4054.542400933	3808.241338518	0.0173013	0.193129	-0.0759374	-0.00154878	-0.000314804	0.00177782	0
4063.720006869	3808.167509174	0.00639799	0.212602	-0.050724	-0.00173826	-0.000926576	0.00185383	0
4059.002993314	3810.627002725	0.00246264	0.247929	-0.0466154	-0.00270221	-0.000498316	0.00171002	0
4063.638049468	3810.8760697	-0.00761132	0.166864	-0.0263787	-0.00234572	-0.001535	0.0018978	0
4052.707691205	3810.890801309	0.00703837	0.182777	-0.0704011	-0.0024803	-0.0011109	0.00178295	0
4038.305909582	3812.485583658	0.00694456	0.174875	-0.0323374	-0.00185807	-0.0010118	0.00191012	0
4051.899477632	3805.080209253	0.0010479	0.191127	-0.0866516	-0.00228482	-0.000452642	0.00191294	0
4032.095810711	3804.061501344	0.00594861	0.286688	-0.00569244	-0.00271305	-0.00126648	0.00210877	0
4039.129540884	3796.076969139	0.00294078	0.287107	-0.0258295	-0.00356603	-0.00133537	0.00209737	0
4016.373784627	3799.514401727	0.00274698	0.226766	-0.0169735	-0.00322703	-0.00115427	0.00191727	0
4034.324078253	3798.107190449	0.0073535	0.213779	-0.0596325	-0.0027712	-0.000901066	0.00168969	0
4032.568080088	3802.827986018	0.00310047	0.204567	-0.023515	-0.00265184	-0.000911284	0.00166327	0
4035.211003389	3801.790092758	0.00673575	0.218977	-0.0431852	-0.00354672	-0.000705506	0.00170703	0
4056.620548484	3805.378267393	0.00619878	0.261685	0.0102597	-0.00431798	-0.00138129	0.00185705	0
4051.813462934	3799.766380764	0.0109627	0.246916	-0.0115066	-0.00465629	-0.000819617	0.00177435	0
4042.968555356	3806.200325448	0.0111028	0.179229	-0.0355145	-0.00320036	-0.000683742	0.00166541	0
4049.606293337	3801.777245424	0.00400004	0.182421	-0.0407225	-0.00330382	-0.000708623	0.00157883	0
4041.791939211	3799.822052543	0.0193782	0.214424	-0.0364902	-0.00339171	-0.00105256	0.00163347	0
4053.013611403	3802.616604555	0.0135448	0.308652	-0.0022243	-0.00436994	-0.00112279	0.00182454	0
4059.223710274	3804.355619636	0.0120299	0.293515	0.0084906	-0.00465748	-0.00143722	0.00241311	0
4055.718205619	3804.664126941	0.00996849	0.192528	-0.0291506	-0.0032516	-0.00149285	0.00213412	0
4054.483975855	3806.817340058	0.0191829	0.16821	-0.0622837	-0.00261544	-0.0012166	0.00209642	0
4053.028217672	3804.877050084	0.0258595	0.235575	-0.0590458	-0.00253212	-0.00115775	0.00218353	0
4045.475153476	3802.276578458	0.0240413	0.300485	0.00505615	-0.00286318	-0.00111354	0.00249413	0
4052.115325835	3811.011908841	0.029997	0.365833	0.0688295	-0.00326659	-0.00147941	0.00286116	0
4066.367798926	3804.735900711	0.0365403	0.319367	0.0591155	-0.00315877	-0.00159764	0.0028452	0
4055.943791335	3804.68965031	0.0281944	0.263449	0.059086	-0.00279761	-0.00190702	0.00297941	0
4046.624991462	3805.013403118	0.025094	0.183301	-0.0223294	-0.00212358	-0.00177844	0.00278048	0
4044.038870319	3804.822577389	0.0263937	0.199689	-0.0320611	-0.00155668	-0.00202433	0.00284742	0
4036.523133256	3803.328689434	0.0287287	0.221288	-0.0717345	-0.00169459	-0.00184019	0.00285584	0
4038.91450414	3797.832257509	0.0269198	0.286759	-0.0444522	-0.001738	-0.00212951	0.00293973	0
4030.459097079	3799.313983322	0.0341329	0.353176	-0.0371294	-0.0023681	-0.00209205	0.003194	0
4037.263184239	3806.446651658	0.0303643	0.36488	0.00177152	-0.00277937	-0.00197034	0.00325848	0
4039.153073207	3802.638188075	0.0331564	0.250971	-0.048588	-0.00247895	-0.00216149	0.00320232	0
4039.652120744	3802.351949482	0.032375	0.213344	-0.0215289	-0.00159802	-0.00238528	0.00310936	0
4026.848914161	3802.498409086	0.0255396	0.154906	-0.0622334	-0.00154645	-0.00219994	0.00308492	0
4042.17819389	3799.98290116	0.0294258	0.213911	-0.0323316	-0.00180651	-0.00227201	0.00305467	0
4033.614862728	3795.021089612	0.0395879	0.259531	-0.0116534	-0.00238208	-0.00186953	0.00319031	0
4030.91351435	3805.03875519	0.033189	0.311062	0.0406913	-0.00246534	-0.00215746	0.00300634	0
4044.860878702	3796.658867704	0.0451445	0.321978	0.0344525	-0.00241269	-0.0020435	0.00339998	0
4020.749985229	3800.616017761	0.0432208	0.31256	0.0361635	-0.00224661	-0.00244599	0.00350475	0
4036.613205251	3798.85541916	0.0385847	0.218223	-0.00983455	-0.00145545	-0.00227028	0.00342352	0
4020.850606196	3797.941716792	0.0376229	0.228565	-0.0183993	-0.00140171	-0.00262541	0.00347327	0
4033.59782208	3796.171011621	0.0346854	0.186582	-0.0640183	-0.00113852	-0.00230242	0.00333366	0
4020.017237381	3790.957049739	0.0345744	0.250825	-0.0385942	-0.000687876	-0.00256361	0.00329389	0
4035.496637102	3796.270535633	0.0374958	0.260566	-0.0547592	-0.000901698	-0.00234173	0.00349697	0
4037.196644567	3801.302921866	0.0340943	0.338122	-0.0130894	-0.000924191	-0.00270212	0.00319807	0
4046.517878819	3797.801252611	0.0429545	0.286536	-0.0306156	-0.00151935	-0.00305041	0.00298403	0
4036.868003506	3794.379408122	0.0317364	0.19935	-0.0368328	-0.00125105	-0.0033479	0.00329146	0
4006.622476887	3784.951006913	0.0323445	0.162784	-0.056245	-0.00105171	-0.00318849	0.00343099	0
4038.51526611	3796.283382966	0.034689	0.166338	-0.0449456	-0.000702485	-0.00253198	0.00366147	0
4035.773344761	3808.754375375	0.0494344	0.19769	-0.0527293	-0.000790066	-0.00171549	0.00357675	0
4034.061165404	3806.898192611	0.0443357	0.238783	-0.030029	-0.000858693	-0.00235526	0.00359858	0
4034.010854921	3809.944552363	0.0424644	0.313053	-0.00794896	-0.00156655	-0.00340457	0.00365329	0
4051.445060362	3811.600316721	0.0297836	0.231402	-0.0213963	-0.00119198	-0.00308725	0.00361995	0
4028.635747783	3804.754400872	0.0355527	0.230535	-0.0389179	-0.00123009	-0.00288834	0.00375309	0
4032.310035996	3796.277387544	0.0354593	0.175698	-0.0357348	-0.000501204	-0.00238368	0.00369791	0
4028.68200097	3799.526049976	0.0356511	0.291285	-0.0384601	-0.000753355	-0.00252802	0.00360719	0
4040.006728507	3806.305844882	0.0290967	0.346563	0.0242	-0.00146064	-0.00213186	0.00374594	0
4041.231220758	3806.839780067	0.0337433	0.268971	0.0113797	-0.00105692	-0.00257485	0.00374594	0
4052.270314582	3810.937394306	0.0260948	0.167635	-0.0354707	-0.000668224	-0.00217431	0.00374594	0
4042.148169892	3820.159552985	0.02041	0.233861	-0.018745	-0.000438807	-0.00273816	0.00374594	0
4046.964992955	3815.150120654	0.0208227	0.17984	-0.0598764	-0.000372173	-0.00288761	0.00374594	0
4055.722262916	3804.840734954	0.0296906	0.220551	-0.0280403	-4.52208e-05	-0.00267058	0.00429512	0
4046.990148196	3808.808505474	0.0405564	0.309165	0.0033443	-0.000695925	-0.00276409	0.00399185	0
4051.870265093	3801.513960734	0.0304776	0.246881	0.007673	-0.000960722	-0.00303168	0.00338769	0
4031.879962508	3795.488047365	0.0277762	0.245115	-0.0269611	-0.00115888	-0.00291624	0.00364893	0
4038.719753881	3794.924135068	0.0238241	0.203713	-0.038985	-0.00068998	-0.00293309	0.00360855	0
4039.263431687	3794.473621902	0.0224952	0.24924	-0.0564605	-0.000874816	-0.00254919	0.00348726	0
4038.008103978	3795.75407282	0.0266348	0.286039	-0.0225575	-0.000734419	-0.00245165	0.00349631	0
4050.080997092	3798.34957681	0.0344391	0.3546	0.0215459	-0.00154837	-0.00229291	0.00353716	0
4063.044872639	3806.021833159	0.0347905	0.317175	0.0383119	-0.0015048	-0.00283822	0.00369525	0
4038.865005116	3795.715188224	0.0287701	0.228716	-0.022388	-0.00135745	-0.00278966	0.00353716	0
4058.120125475	3799.590286644	0.0274213	0.183986	-0.0200912	-0.00081406	-0.00275632	0.00355479	0
4044.876296431	3790.128824964	0.0287293	0.217085	-0.0294157	-0.000638261	-0.00262243	0.00360596	0
4046.095919926	3794.15946177	0.0296256	0.210341	-0.0333211	-0.00056326	-0.00283638	0.00382438	0
4040.089497367	3796.072001504	0.0333112	0.295088	-0.0289584	-0.00101337	-0.00236442	0.00355451	0
4045.276345921	3799.342247456	0.0373174	0.32916	0.00924471	-0.00172747	-0.00273758	0.00391803	0
4041.202008219	3796.116538927	0.0354902	0.274026	-0.00892227	-0.00175004	-0.00248494	0.00343941	0
4037.003517228	3801.917195712	0.0326158	0.232973	-0.030589	-0.00138925	-0.00244988	0.0035408	0
4031.459626533	3793.264773455	0.0278594	0.200861	-0.0481268	-0.00107752	-0.00277114	0.00343941	0
4041.80654548	3797.376948005	0.0309135	0.229613	-0.0531599	-0.00138206	-0.00266504	0.00343941	0
4034.435248192	3793.331750888	0.0251869	0.257117	-0.0426744	-0.00113144	-0.00336356	0.00343941	0
4050.452645502	3806.430378369	0.02852	0.330799	0.0121019	-0.00182493	-0.00221373	0.00343941	0
4052.72797769	3809.243259244	0.0299102	0.320288	0.0392986	-0.00193379	-0.00246948	0.00371234	0
4045.418351318	3794.067474861	0.00511162	0.233757	0.00749684	-0.000587048	-0.00246475	0.00343941	0
4053.054184373	3798.977211883	-0.00243858	0.303168	0.00914551	0.000113134	-0.00368318	0.00336036	0
4066.974770566	3805.522671423	0.000539347	0.269258	-0.025733	0.000161157	-0.00332145	0.00339945	0
4075.63223102	3812.240113937	-0.0013746	0.199335	-0.0609207	0.000202618	-0.00400774	0.00323052	0
4079.646520725	3809.05825764	0.00588539	0.219076	-0.0721928	-0.000238154	-0.0036366	0.00336481	0
4073.881101611	3822.283988075	0.0300911	0.311857	-0.0206828	-4.18588e-05	-0.00341512	0.00398322	0
4077.045793313	3826.092794253	0.0503855	0.317293	0.035852	0.000210347	-0.00447833	0.0038837	0
4075.027693758	3812.487467933	0.0405106	0.185344	-0.0360519	0.00143971	-0.00496398	0.00467052	0
4080.340318521	3811.85452263	0.0311952	0.164638	-0.0419651	0.000580803	-0.00404364	0.00335511	0
4068.075920986	3818.960125917	0.0251847	0.214956	-0.0415531	0.000255248	-0.00335313	0.0029401	0
4073.237614298	3814.339882146	0.0323266	0.178109	-0.0418042	0.000229707	-0.00343574	0.00286913	0
4067.232003199	3812.702789245	0.0120919	0.263316	-0.0323337	-0.000431023	-0.00407355	0.00302522	0
4069.741035697	3817.429408938	0.0108815	0.325078	0.00256087	-0.000149324	-0.00437914	0.00298668	0
4059.309724971	3800.121309767	0.0279996	0.232961	-0.0468475	-0.000292877	-0.00338355	0.00296788	0
4050.657944733	3797.990365362	0.035752	0.197132	-0.0309509	-2.09351e-06	-0.00309833	0.00319945	0
4031.417430644	3800.533280933	0.0307304	0.231714	-0.0640626	-8.56516e-05	-0.00313735	0.00320124	0
4021.993141047	3785.729897927	0.0321687	0.296117	-0.00982252	5.85232e-05	-0.00325846	0.00358829	0
4028.894603335	3801.396621753	0.0354648	0.359428	0.0220271	-0.000696991	-0.00315661	0.00359644	0
4056.347086662	3798.546911855	0.0346841	0.323365	0.0363392	-0.000525556	-0.00335699	0.00339872	0
4023.289853185	3794.786754247	0.0192809	0.230963	-0.0271744	-0.000600383	-0.00344685	0.00353129	0
4043.164928534	3797.784465428	0.0225033	0.209076	-0.0207762	-1.52968e-05	-0.00346705	0.00337363	0
4028.342810936	3794.33315772	0.0146644	0.233647	-0.0257847	-0.000367182	-0.0030601	0.00361386	0
4046.708571781	3797.812215669	0.0298622	0.291596	0.00663327	-6.29472e-05	-0.00312749	0.00363074	0
4049.076410342	3812.664247244	0.0351515	0.35616	0.0665479	-0.00100061	-0.00332401	0.00345592	0
4058.266999628	3800.681453514	0.0339369	0.280398	0.0603447	-0.000752272	-0.0034728	0.00380357	0
4049.306053355	3802.446848453	0.0280536	0.254639	-0.00203053	-0.000378252	-0.00330223	0.00360413	0
4060.752499804	3803.104803233	0.0248504	0.183647	-0.0320301	2.97098e-06	-0.00344054	0.00371121	0
4055.206174731	3805.297243542	0.0316658	0.336983	0.0230751	0.00110933	-0.00358728	0.00335413	0
4089.736207039	3802.286171134	0.0724979	0.319222	0.124015	0.0068805	-0.00411034	0.00263887	0
4073.489166716	3793.816009717	0.0921153	0.444385	0.395906	0.0129652	-0.005852	0.00263887	0
4036.66919595	3778.723133461	0.094467	0.465823	0.372633	0.0141917	-0.00461847	0.00263887	0
4034.905083191	3781.289516828	0.099272	0.472516	0.422289	0.0133381	-0.00376946	0.00263887	0
4025.852442004	3778.091044646	0.103962	0.354025	0.441029	0.0115952	-0.00382514	0.00263887	0
4030.333320871	3780.450500292	0.0842661	0.277315	0.400969	0.0117108	-0.00432529	0.00269055	0
4056.053338356	3788.526162917	0.0650888	0.287465	0.338161	0.0117984	-0.00464869	0.00270125	0
4061.471452842	3800.472127625	0.0640667	0.262742	0.268785	0.0123186	-0.00495674	0.00280196	0
4087.380540369	3800.289181594	0.0481165	0.363704	0.186156	0.0133671	-0.00461294	0.00288779	0
4061.929115949	3794.955139966	0.0432984	0.432385	0.132342	0.0127735	-0.00501305	0.00294755	0
4060.373548259	3802.81702296	0.0275534	0.386075	0.081262	0.0134673	-0.00549999	0.0034232	0
4035.780647896	3799.612384058	0.0303284	0.383381	0.0375663	0.0130664	-0.00563461	0.0034232	0
4049.306864814	3799.46318369	0.0111123	0.315394	0.0499672	0.0124519	-0.0064374	0.0034232	0
4042.262585669	3789.547440293	0.0235512	0.254837	0.0544962	0.0121327	-0.00607293	0.00357235	0
4064.644259138	3803.677794313	0.0302861	0.176425	0.0500374	0.0120768	-0.00668357	0.00432345	0
4050.812933481	3793.155142875	0.0333327	0.0392037	0.058212	0.0119618	-0.00628491	0.0045601	0
4031.545641231	3792.435520894	0.0317739	0.0743478	0.0442937	0.011869	-0.00671589	0.00406368	0
4037.599939895	3784.791528679	0.0402243	0.163162	0.0921414	0.0123719	-0.0068222	0.00434337	0
4038.148486456	3798.78981211	0.0402277	0.249005	0.143462	0.0114778	-0.00674398	0.00393896	0
4065.463021683	3791.546485406	0.0392325	0.291745	0.215753	0.0118901	-0.0074052	0.00443574	0
4041.791939211	3788.49738489	0.0576113	0.343467	0.226266	0.0112309	-0.00691924	0.00410292	0
4050.588159224	3786.278393425	0.0545213	0.320278	0.263135	0.0115386	-0.00726078	0.00436525	0
4027.955744797	3787.581798246	0.0497621	0.28406	0.183505	0.011974	-0.00711154	0.00392059	0
4038.608583942	3785.815032925	0.0461183	0.255743	0.167944	0.012524	-0.00709691	0.0041617	0
4025.653634449	3789.251609023	0.0327806	0.312706	0.11565	0.0124098	-0.00739651	0.00422322	0
4054.120442039	3790.608972646	0.0306386	0.296328	0.126368	0.0125358	-0.00745792	0.0043801	0
4027.678225679	3790.977605473	0.0397238	0.304977	0.0852936	0.0124652	-0.00731133	0.00449929	0
4072.314173489	3792.098406859	0.0322058	0.257176	0.094743	0.0126344	-0.00773343	0.0043992	0
4051.666588781	3790.2495899	0.0360213	0.242882	0.0888255	0.0138643	-0.00756199	0.00444344	0
4038.180944833	3792.185426132	0.0383676	0.291072	0.124841	0.0124229	-0.00709173	0.00440703	0
4022.769707703	3787.897157463	0.0472368	0.268568	0.171018	0.0119666	-0.00693178	0.00405424	0
4014.948050442	3795.805119559	0.0364645	0.25195	0.205526	0.0112132	-0.00745708	0.0040057	0
4008.185347712	3782.761821262	0.0463795	0.160641	0.182319	0.0123241	-0.00734701	0.0042731	0
4001.507848221	3780.352517961	0.0356145	0.176863	0.118628	0.012186	-0.00741881	0.00406183	0
4020.151128184	3778.083336246	0.0295472	0.213815	0.127018	0.013554	-0.00789786	0.00427343	0
3990.908565397	3771.169586474	0.0289585	0.272127	0.0974191	0.0131499	-0.00804267	0.00427374	0
4039.943434673	3771.407690391	0.0366926	0.288602	0.10803	0.0137829	-0.00801035	0.00418559	0
4007.308160089	3769.681351346	0.0420168	0.32164	0.0960512	0.0134452	-0.00776618	0.00414982	0
4042.088121896	3773.562445188	0.0445337	0.300706	0.0862269	0.0134224	-0.00854726	0.00428915	0
4022.888992236	3774.695751313	0.0412281	0.272074	0.0806683	0.0142276	-0.00786397	0.00418607	0
4027.244094894	3784.665282213	0.0428898	0.262076	0.0788727	0.0134681	-0.00810449	0.00417912	0
4021.639344743	3771.367435412	0.0472431	0.180173	0.0774923	0.0143147	-0.00784334	0.00437794	0
4029.649260587	3781.390239923	0.0512911	0.196104	0.0568652	0.0133071	-0.0077416	0.00402057	0
4031.90511775	3766.75661302	0.0401632	0.153764	0.0787347	0.0133139	-0.00809034	0.00442342	0
4004.271678974	3776.56169805	0.0535893	0.186006	0.0579501	0.0129701	-0.00749836	0.00386822	0
4033.743073315	3771.706091127	0.0357832	0.18686	0.0742724	0.0132936	-0.00799836	0.0043405	0
4014.203942162	3775.484748896	0.0434925	0.232705	0.0562859	0.0121615	-0.00770584	0.00386822	0
4048.243041527	3780.014033544	0.041122	0.248554	0.0577573	0.0125021	-0.00767971	0.00409693	0
4015.722994179	3779.087483842	0.0294626	0.265963	0.0736196	0.0117278	-0.00765353	0.00386822	0
4046.229810728	3784.333135815	0.0430719	0.257003	0.0938353	0.0117777	-0.00836421	0.00407526	0
4030.975996724	3796.183687657	0.0382943	0.287897	0.111667	0.0116511	-0.00766935	0.00386822	0
4058.065757694	3789.918985181	0.0425397	0.230815	0.125601	0.0112251	-0.00829348	0.00439878	0
4038.249918883	3794.712411009	0.0358194	0.23443	0.116424	0.0111369	-0.0077614	0.00431753	0
4062.450072891	3799.321177829	0.0374501	0.211747	0.122798	0.0111156	-0.00838788	0.00442679	0
4050.189732653	3792.572387821	0.0306438	0.227243	0.133087	0.0115861	-0.00819409	0.0043972	0
4038.373260713	3799.381474648	0.0315188	0.248674	0.134631	0.0108173	-0.00829724	0.00428852	0
4053.465594295	3791.73696854	0.0274783	0.214198	0.124759	0.0109081	-0.00855333	0.0043753	0
4045.075103987	3791.338529899	0.0245911	0.252452	0.126807	0.0111634	-0.00812079	0.00426197	0
4027.386100291	3796.700321767	0.0267091	0.249671	0.123005	0.0106461	-0.00832628	0.00430719	0
4044.06483702	3785.107744384	0.0310577	0.281166	0.135581	0.0112204	-0.00769217	0.00452092	0
4029.723914853	3799.331284398	0.0381909	0.287185	0.133878	0.00986031	-0.00726178	0.00404339	0
4029.26057153	3794.264981203	0.0351668	0.315577	0.204054	0.00920926	-0.00768406	0.00386823	0
4027.696889245	3788.477171752	0.0316083	0.265804	0.166618	0.00880157	-0.00714872	0.00386823	0
4050.347155779	3790.936836601	0.0445139	0.216533	0.130257	0.0103516	-0.00741517	0.00399364	0
4035.422794295	3790.661047172	0.0309439	0.244555	0.119494	0.00952965	-0.00759406	0.00386823	0
4053.387694191	3788.08113128	0.0402569	0.241982	0.122607	0.00819826	-0.00719765	0.00421798	0
4041.238523893	3792.49530382	0.0365807	0.273835	0.0888648	0.00682164	-0.00676745	0.00386823	0
4067.283936601	3790.161714138	0.0417436	0.293732	0.123311	0.00681902	-0.00677198	0.00386823	0
4043.871709681	3799.699232033	0.0448945	0.342482	0.157261	0.0057563	-0.00631989	0.00386823	0
4078.939739578	3791.463748578	0.041458	0.372263	0.194705	0.00590369	-0.00723604	0.00410705	0
4058.483659291	3788.850772214	0.0475895	0.296861	0.18169	0.00603452	-0.00669757	0.00397225	0
4085.812800787	3794.488182213	0.0524709	0.201723	0.137896	0.00667016	-0.0067616	0.00429755	0
4048.03125062	3791.564129078	0.0395786	0.212427	0.100292	0.00660354	-0.00733495	0.00408094	0
4079.687905155	3792.520998487	0.0236669	0.215807	0.0882517	0.00697922	-0.00732587	0.00417136	0
4050.933029473	3791.956572296	0.03343	0.280951	0.0691706	0.00697922	-0.00732118	0.00412815	0
4080.509102078	3786.360958955	0.042625	0.361772	0.103712	0.00697922	-0.00734559	0.00446647	0
4073.480240662	3790.359734374	0.0452055	0.409629	0.144605	0.0066802	-0.00695354	0.00449121	0
4079.587284188	3799.881835469	0.0456241	0.377762	0.146074	0.00607366	-0.007257	0.00433981	0
4059.533687769	3798.040898208	0.036148	0.243618	0.109793	0.00711757	-0.00710856	0.00448043	0
4056.084985273	3797.866003172	0.0373635	0.259975	0.10136	0.00683707	-0.00758386	0.00448043	0
4038.872308251	3789.652103237	0.0300572	0.191497	0.0921929	0.0069806	-0.00717936	0.00416606	0
4044.117581882	3796.546838955	0.0350853	0.258557	0.0969328	0.00649772	-0.00717936	0.00448043	0
4048.127002831	3790.757487823	0.0466762	0.277878	0.130879	0.00649772	-0.00717936	0.00448043	0
4062.75437017	3799.64390285	0.0594264	0.318644	0.173646	0.00566656	-0.00697796	0.00429553	0
4060.771974829	3792.587290728	0.0602106	0.233762	0.13989	0.00589006	-0.00702072	0.00448043	0
4048.621181612	3792.56861927	0.0427518	0.293483	0.109764	0.00603527	-0.00704681	0.00427351	0
4050.609257169	3791.473169956	0.0389799	0.243235	0.101274	0.00614786	-0.0068326	0.0040606	0
4058.474733237	3790.090282963	0.0416877	0.302723	0.107128	0.00530675	-0.00646776	0.00412833	0
4059.252922812	3788.064344098	0.046003	0.305327	0.125939	0.00504313	-0.00619319	0.00402416	0
4060.163380271	3797.844248354	0.0484514	0.357213	0.152153	0.00458974	-0.00653754	0.00411511	0
4073.975230903	3792.647930143	0.0429592	0.229123	0.108174	0.00505565	-0.00663424	0.00421366	0
4060.652690296	3799.768607635	0.0385077	0.232157	0.0674895	0.00534429	-0.0069285	0.00453829	0
4079.12962108	3802.740452851	0.0496263	0.253508	0.0275909	0.00790104	-0.00738012	0.00475554	0
4067.995586504	3804.274081892	0.0595035	0.40524	0.089215	0.00908725	-0.0078566	0.00466412	0
4079.462319439	3796.851920304	0.0466229	0.374014	0.154167	0.00840969	-0.00853593	0.00466412	0
4070.4526856	3805.633672386	0.0482422	0.408715	0.178087	0.00714102	-0.00880006	0.0049375	0
4084.736805609	3791.339043792	0.0526778	0.269831	0.166271	0.00750213	-0.00864258	0.00466412	0
4068.223606599	3798.194894913	0.0479686	0.209475	0.119086	0.00757067	-0.00831694	0.00466412	0
4057.93348981	3791.802746888	0.0440301	0.181353	0.0626147	0.00866464	-0.00798331	0.00455177	0
4049.928442723	3792.811519525	0.0472576	0.241338	0.0205995	0.00887016	-0.00878316	0.00466412	0
4034.049804972	3789.646793006	0.0461698	0.352647	0.0308774	0.00842619	-0.00780056	0.00466412	0
4055.095004791	3795.612923448	0.0506113	0.438067	0.0591825	0.00729531	-0.00771462	0.00466412	0
4048.98228105	3795.243434133	0.0544522	0.419634	0.0743777	0.00694725	-0.00750093	0.00466412	0
4051.699858617	3794.301981524	0.0492479	0.297493	0.0708129	0.00731735	-0.00805053	0.0049593	0
4048.181370611	3797.106468808	0.0506538	0.231306	0.0496577	0.00747035	-0.00782238	0.00449383	0
4048.425619894	3795.889055473	0.0469367	0.170997	-0.00434241	0.00831818	-0.00867808	0.00507773	0
4054.101778473	3800.763162556	0.0554367	0.287487	0.0129556	0.0100456	-0.00825311	0.0049021	0
4056.812864364	3795.636219947	0.0552857	0.35058	0.0594262	0.0100808	-0.00952544	0.00512489	0
4062.586398072	3796.350189101	0.0625638	0.379454	0.097776	0.00996963	-0.00952544	0.00524847	0
4061.736800069	3793.816352313	0.0501863	0.352752	0.131017	0.00962819	-0.0101016	0.00541104	0
4063.451413804	3793.949793285	0.0625176	0.379174	0.162478	0.00898284	-0.009851	0.00569755	0
4043.161682696	3794.73861957	0.0575117	0.352316	0.156092	0.00923365	-0.00998146	0.00574809	0
4037.002705768	3788.384157056	0.0598532	0.306837	0.0932988	0.00938954	-0.00998146	0.00541147	0
4052.667118234	3794.48304328	0.0665375	0.237016	0.0410049	0.010872	-0.00998146	0.0056066	0
4019.116517435	3784.426835701	0.0556437	0.287541	-0.0414434	0.0119522	-0.00998146	0.00548428	0
4049.129966663	3781.782511844	0.0474246	0.331944	-0.0695148	0.0135895	-0.0104999	0.00596091	0
4028.879185607	3786.020761561	0.0527327	0.420604	-0.0863571	0.013104	-0.0104105	0.00553542	0
4046.393725529	3776.992683269	0.0291651	0.395044	-0.0966556	0.0135648	-0.0107989	0.0055619	0
4032.704405269	3785.947788706	0.0320233	0.391764	-0.0945485	0.0137821	-0.0100238	0.0050884	0
4040.869309861	3776.909603845	0.0310114	0.330369	-0.0861463	0.0135972	-0.0103583	0.00543146	0
4016.536076509	3779.461598198	0.0326117	0.293671	-0.0757137	0.0132709	-0.0099737	0.00572971	0
4041.68239219	3780.455125332	0.0250024	0.192825	-0.0791254	0.0131103	-0.010222	0.00574641	0
4020.419721249	3776.388002099	0.0386714	0.183216	-0.0813495	0.01339	-0.00971078	0.00548092	0
4039.292644225	3773.190557704	0.0307773	0.168926	-0.0802009	0.0129882	-0.010324	0.00541713	0
4029.900001545	3773.317146765	0.0409526	0.205876	-0.0670021	0.0124812	-0.0099577	0.00539951	0
4042.933662602	3775.093504762	0.0275747	0.222808	-0.0847193	0.0127172	-0.0105731	0.00554585	0
4029.464247842	3774.497902375	0.0331825	0.299441	-0.0881274	0.0123288	-0.0109047	0.00532561	0
4045.02966226	3779.426139557	0.0115114	0.314312	-0.0743363	0.0125585	-0.0106001	0.00539386	0
4029.008207653	3782.354303839	0.022343	0.331574	-0.0896612	0.0116061	-0.00968563	0.00517373	0
4045.832195617	3786.231971726	0.029113	0.284185	-0.0951937	0.011976	-0.0105416	0.00561475	0
4033.063881788	3787.692627911	0.0256687	0.304649	-0.135082	0.0121881	-0.00986485	0.0052078	0
4049.314979408	3791.978327114	0.0187174	0.236398	-0.0937834	0.0115716	-0.00978161	0.0051012	0
4045.030473719	3793.067095815	0.0433065	0.253108	-0.0957683	0.0120804	-0.0101953	0.0055557	0
4058.293777789	3783.211306642	0.0792266	0.227056	-0.0887555	0.0122431	-0.0104589	0.0063537	0
4052.675232828	3797.385684192	0.0885616	0.162035	-0.176214	0.0126137	-0.0105775	0.00591393	0
4065.284500613	3800.530197573	0.0688178	0.193021	-0.237293	0.012248	-0.0107573	0.00605275	0
4018.858473343	3784.225218212	0.0515777	0.217994	-0.267879	0.0117417	-0.0105518	0.00528246	0
4027.136170792	3783.137477298	0.024616	0.184928	-0.264562	0.0122146	-0.0105722	0.0052876	0
4012.019493428	3775.860062336	0.00306243	0.187867	-0.294738	0.012541	-0.00998422	0.00500221	0
4055.570520006	3790.911313231	0.0215594	0.227303	-0.284051	0.0135215	-0.0104677	0.00540542	0
4025.228429717	3781.939249314	0.0492229	0.164439	-0.289711	0.0130049	-0.00994432	0.00562217	0
4041.413799125	3789.643024455	0.0584186	0.190442	-0.262196	0.0139936	-0.0101955	0.00579642	0
4064.193087705	3811.200165103	0.0440536	0.312862	-0.0798333	0.012718	-0.0102859	0.00547068	0
4092.995028033	3801.656651786	0.0479796	0.117588	-0.0192591	0.0137603	-0.0100767	0.00496443	0
4058.821226406	3786.499881457	0.0430952	0.142866	-0.0813043	0.014857	-0.0106002	0.00562274	0
4059.413591776	3782.544273079	0.0443657	0.215106	-0.128818	0.0148861	-0.0101192	0.0054095	0
4037.416550068	3776.013545148	0.0358867	0.252722	-0.13532	0.0139568	-0.0106002	0.00563966	0
4059.016788124	3777.122869583	0.0404097	0.310202	-0.144894	0.0128588	-0.00953445	0.00546209	0
4038.076266569	3769.774366042	0.0442868	0.357894	-0.103019	0.0132424	-0.010025	0.00586887	0
4047.157308835	3790.603148522	0.0535485	0.37331	-0.0593019	0.0111514	-0.0093947	0.00524893	0
4056.758496584	3784.332279326	0.0481243	0.318219	-0.0198964	0.0111135	-0.0100195	0.00566197	0
4048.084806942	3777.171346855	0.0430972	0.202299	-0.083542	0.0117556	-0.00990642	0.00548087	0
4047.279027747	3777.03739199	0.0429271	0.182106	-0.105073	0.0124048	-0.009523	0.00572779	0
4037.995120628	3773.174113117	0.0451454	0.209205	-0.132983	0.0120823	-0.00923503	0.00548155	0
4038.998895919	3773.318859743	0.0442114	0.210047	-0.119418	0.0123206	-0.0096509	0.00575165	0
4042.802206177	3782.427447992	0.047767	0.303507	-0.105817	0.011628	-0.00977178	0.00538436	0
4065.215526563	3783.528892729	0.047404	0.352215	-0.0116631	0.0107872	-0.00938099	0.00556754	0
4057.234011798	3781.119932024	0.0427967	0.270263	-0.042081	0.0106978	-0.00980333	0.00552421	0
4047.28876526	3786.307171452	0.0371852	0.235881	-0.0932916	0.0114666	-0.00977294	0.00540507	0
4050.08343147	3776.253190745	0.0291538	0.308201	-0.134725	0.0116883	-0.00960532	0.0052827	0
4058.989198504	3780.703849712	0.0402299	0.321655	-0.117988	0.0128226	-0.00938099	0.00539741	0
4062.532030292	3800.753912476	0.0499527	0.479069	-0.0213392	0.0116199	-0.00992506	0.00524194	0
4070.561421161	3787.274318728	0.049447	0.403707	0.0203457	0.0111846	-0.00938099	0.00480229	0
4067.89090824	3797.041033055	0.061596	0.405407	0.0690795	0.0112189	-0.010115	0.00530397	0
4076.259489144	3792.959006915	0.0623343	0.371135	0.0795444	0.0108941	-0.0100408	0.00531421	0
4087.121684817	3797.281535141	0.0658261	0.304724	0.0765078	0.0110171	-0.0099467	0.00544818	0
4064.058385443	3787.779818482	0.0678081	0.222441	-0.00760407	0.0116759	-0.0099467	0.00534912	0
4080.60404283	3795.53018662	0.0612298	0.217461	-0.0686511	0.0138689	-0.0103909	0.00573561	0
4060.816605097	3790.394336526	0.0557757	0.296569	-0.118868	0.0145703	-0.0104488	0.00561181	0
4075.399342169	3789.501703785	0.0532006	0.38711	-0.135681	0.0149482	-0.0110284	0.00579294	0
4076.688751172	3789.204673431	0.0547419	0.46598	-0.133963	0.0152833	-0.0112493	0.00605473	0
4061.042190813	3796.091872046	0.0750005	0.544344	-0.0984271	0.012997	-0.0103917	0.00571424	0
4066.015625542	3795.619946657	0.0606363	0.479614	-0.0365821	0.012966	-0.0107519	0.00569273	0
4055.093381873	3797.756029996	0.0696132	0.414148	-0.00618973	0.0122054	-0.010808	0.00563471	0
4051.29656329	3793.525659977	0.0638508	0.362231	0.0352487	0.0115695	-0.010817	0.00587058	0
4045.5246525	3799.825992392	0.0681774	0.291801	0.0375248	0.0114583	-0.010558	0.00539277	0
4067.645847498	3789.851493855	0.0598677	0.245684	0.0446593	0.011988	-0.0108921	0.00564645	0
4033.196961132	3780.203317593	0.0491284	0.180716	-0.0367136	0.0131987	-0.010558	0.00539416	0
4050.576798792	3777.114304694	0.0491485	0.192393	-0.0639997	0.0145486	-0.010558	0.00549861	0
4038.055168624	3780.331277036	0.0494794	0.327131	-0.0997955	0.0137585	-0.0104994	0.00536265	0
4052.973038432	3779.379717858	0.0646419	0.391856	-0.0941332	0.0148157	-0.0107075	0.00561431	0
4022.504360475	3772.968555779	0.0624497	0.476344	-0.105068	0.0146976	-0.0105654	0.00579689	0
4044.325315491	3783.490008133	0.0620954	0.454428	-0.114885	0.0153753	-0.0105421	0.0058187	0
4037.965096629	3782.329294363	0.0678382	0.423026	-0.131543	0.0151155	-0.0110359	0.00582761	0
4055.628133624	3790.65659343	0.0653884	0.292382	-0.146765	0.0157933	-0.0108491	0.00597818	0
4049.570589123	3784.399770652	0.068594	0.27595	-0.154751	0.0156941	-0.011198	0.00583981	0
4052.293846905	3780.878059556	0.0522171	0.157633	-0.1557	0.0161031	-0.0115897	0.00577951	0
4036.608336495	3783.222954891	0.0556411	0.172096	-0.137442	0.0156844	-0.0111725	0.00564027	0
4042.41270566	3775.836594539	0.04716	0.140701	-0.139126	0.0153512	-0.0111074	0.00570068	0
4012.601309826	3779.903717773	0.0573195	0.238859	-0.129553	0.0152122	-0.011018	0.00591326	0
4030.793418357	3777.321403712	0.0568439	0.279382	-0.115132	0.0151731	-0.0110257	0.00588636	0
4013.194486655	3784.481650991	0.0548336	0.387554	-0.0854147	0.0143073	-0.0110304	0.00593116	0
4025.198405719	3781.824993693	0.055979	0.32434	-0.0858106	0.0139817	-0.0105347	0.00571554	0
4023.222502054	3783.568462517	0.0480991	0.386347	-0.101659	0.0138148	-0.0110323	0.0056508	0
4033.72278683	3781.69240921	0.0670006	0.313362	-0.130359	0.0141601	-0.00994662	0.00602184	0
4022.861402616	3790.422429362	0.054075	0.348578	-0.103591	0.0146126	-0.0115254	0.00602338	0
4062.61642207	3788.755359349	0.0412596	0.234476	-0.0433454	0.0144577	-0.0129841	0.00527099	0
4011.483930217	3781.351697922	0.0490506	0.264479	-0.0822816	0.0144577	-0.013105	0.00538098	0
4042.50926933	3775.084597277	0.0562415	0.26497	-0.0913239	0.0136598	-0.0115629	0.00601847	0
4009.977050091	3782.457938997	0.0669593	0.253797	-0.0994405	0.0119522	-0.0100987	0.00573262	0
4032.952711849	3766.912322703	0.057243	0.201503	-0.100132	0.0117564	-0.0102663	0.00603461	0
4006.252451396	3767.391100003	0.0651383	0.241346	-0.122598	0.0113898	-0.009978	0.00587177	0
4009.008979014	3767.206269697	0.0650385	0.252448	-0.111786	0.0119749	-0.0101356	0.0059204	0
4017.385674512	3765.074811398	0.0580666	0.296325	-0.112357	0.0118918	-0.0101978	0.00602026	0
4030.441244972	3764.240419903	0.0601046	0.311337	-0.0833236	0.0119983	-0.0100004	0.0059907	0
4035.490956886	3780.985120669	0.0607596	0.372274	-0.0186829	0.0105805	-0.00979603	0.0059446	0
4055.106365223	3772.470593127	0.0591735	0.258606	-0.0203941	0.00994683	-0.00921558	0.00599559	0
4039.252071255	3768.15046307	0.0575079	0.263766	-0.0743853	0.0108889	-0.00951314	0.0059681	0
4051.48887917	3770.107197632	0.0578248	0.255783	-0.0674732	0.0102064	-0.00962574	0.00595308	0
4031.518051611	3766.732973926	0.0598192	0.244455	-0.0765623	0.0100343	-0.00937657	0.00571047	0
4037.520416872	3770.998288693	0.0624059	0.270924	-0.060587	0.0107268	-0.00917574	0.00600955	0
4049.836747809	3786.076604638	0.067349	0.332534	0.00786169	0.00899436	-0.00873353	0.0057454	0
4065.787605448	3783.627046358	0.0664838	0.268263	0.0352593	0.009038	-0.00887098	0.0058005	0
4043.391325709	3774.662176947	0.0624767	0.262364	-0.0568953	0.0105343	-0.00830493	0.00585261	0
4054.688463627	3776.200088432	0.0660474	0.311223	-0.0390163	0.0120802	-0.00957187	0.005901	0
4061.760332392	3794.298726866	0.0704188	0.416878	0.0317698	0.0121304	-0.00920349	0.00565763	0
4071.524623482	3789.44877277	0.0773225	0.414156	0.12805	0.0119133	-0.00977171	0.00586481	0
4054.109081607	3791.494239583	0.085352	0.41804	0.179376	0.0114088	-0.00962574	0.00588338	0
4072.50486645	3782.778437147	0.08268	0.359687	0.178852	0.0117407	-0.00962574	0.00592163	0
4051.703104454	3789.282956517	0.0803838	0.275914	0.0830346	0.0118062	-0.010028	0.00601212	0
4080.371153979	3794.516617645	0.0640088	0.221828	-0.00668702	0.0134412	-0.0101977	0.0060907	0
4057.240503474	3787.477306599	0.0618906	0.327415	-0.0571365	0.0134118	-0.0104095	0.00623449	0
4068.487330907	3778.124447713	0.0701927	0.399845	-0.0200294	0.0142655	-0.0100101	0.00598262	0
4068.259310813	3794.056854398	0.0778217	0.481146	0.0704035	0.0127294	-0.0100442	0.00630796	0
4072.820524161	3794.497432293	0.0850797	0.487584	0.115827	0.0116081	-0.00972148	0.00614665	0
4075.31495039	3789.533907768	0.0875276	0.446563	0.162366	0.0112672	-0.0100122	0.00609041	0
4070.981757136	3788.012783465	0.0804272	0.400442	0.137086	0.0113686	-0.00986155	0.00597748	0
4081.763618328	3795.416102297	0.0837168	0.257206	0.0796003	0.0119841	-0.00994354	0.00622054	0
4077.982217473	3793.997927961	0.0833895	0.262	0.0184273	0.0135964	-0.0101503	0.00598803	0
4076.41691227	3785.101577664	0.0694117	0.274603	-0.00638326	0.0143656	-0.0107284	0.0062471	0
4071.682046608	3780.332476121	0.0702267	0.334901	-0.0389701	0.0142977	-0.0110061	0.00622372	0
4055.213477865	3781.388698243	0.0604571	0.374609	-0.0326231	0.0147823	-0.011185	0.00616533	0
4057.364656764	3786.263147922	0.0779063	0.428648	-0.0171065	0.0149226	-0.0107355	0.00596221	0
4064.47547558	3783.742158467	0.0742702	0.453641	0.0174499	0.0144615	-0.0113919	0.00619826	0
4061.685678126	3787.495464164	0.0773067	0.450462	0.0434025	0.0140496	-0.0109635	0.00601156	0
4054.040107557	3785.187911746	0.0753553	0.382378	0.0720457	0.0138927	-0.0110589	0.00607548	0
4047.63201259	3786.597178597	0.0841101	0.331341	0.0454871	0.0139636	-0.0107085	0.00589716	0
4050.49727577	3780.322369551	0.0686805	0.244428	0.0270713	0.0152933	-0.0113107	0.00625439	0
4026.90490486	3779.04054825	0.0731164	0.287538	-0.0160483	0.0146617	-0.0111781	0.00588732	0
4026.749916113	3774.161130936	0.0662336	0.306523	-0.00740388	0.0154582	-0.0120727	0.00617204	0
4009.480436932	3773.926966868	0.0789229	0.355955	-0.0230622	0.0153497	-0.011437	0.00601687	0
4041.666974461	3774.591944857	0.0667146	0.38806	-0.0131562	0.0158079	-0.0117571	0.00641964	0
4026.641992011	3773.238692381	0.0739481	0.420021	-0.0161599	0.0155946	-0.0117167	0.00613871	0
4023.32474594	3771.965949862	0.0720766	0.459573	0.00903491	0.0156362	-0.0117275	0.00649771	0
4043.632329154	3780.919342321	0.0800014	0.478836	0.0900017	0.0151259	-0.0110355	0.00634172	0
4029.552696918	3779.857296074	0.0877008	0.457919	0.131509	0.0145686	-0.011591	0.00622793	0
4021.140297206	3773.97390246	0.0885687	0.374967	0.108111	0.0146143	-0.0110696	0.00619071	0
4024.248186749	3769.054230167	0.0855749	0.22816	0.0404911	0.0156967	-0.0113078	0.00623135	0
4012.964032183	3765.369100987	0.0859286	0.243627	-0.0136606	0.0158412	-0.0111966	0.00590525	0
4013.106849039	3766.839863742	0.0820451	0.292057	-0.0299116	0.0162784	-0.0115527	0.00623881	0
3996.673173051	3757.844845921	0.0874062	0.363527	-0.0438656	0.0162334	-0.0111522	0.0060245	0
4003.861080512	3761.028415196	0.08205	0.40741	-0.0375892	0.0167027	-0.0114827	0.00642218	0
4010.859106471	3764.936231492	0.0837267	0.439291	-0.0437017	0.0162397	-0.0113136	0.00630044	0
4030.762582899	3770.672651609	0.0942235	0.394981	-0.0582152	0.0170177	-0.0116498	0.00633071	0
4023.906562337	3774.583722563	0.0831439	0.400531	-0.0494039	0.0164467	-0.0116573	0.00632465	0
4040.065965044	3775.035434814	0.0841869	0.320368	-0.0592096	0.0167481	-0.0114124	0.0064787	0
4039.207440987	3777.33236677	0.0829401	0.300878	-0.0526604	0.0165512	-0.0117572	0.00646818	0
4041.36673448	3778.400065844	0.082621	0.279087	-0.0741817	0.0173433	-0.0117438	0.00615508	0
4045.009375775	3779.704327155	0.0812885	0.291331	-0.0562094	0.0168105	-0.0117421	0.0062729	0
4035.812294813	3783.68169035	0.08868	0.329817	-0.0172643	0.015768	-0.0114699	0.00635689	0
4053.717958171	3781.314526304	0.0952492	0.290825	-0.0325583	0.0162813	-0.0116748	0.00653931	0
4040.549594853	3782.791113183	0.0936335	0.336456	-0.0573231	0.0158418	-0.0116896	0.00622355	0
4044.65801385	3781.635709645	0.0806825	0.344725	-0.0554941	0.0164381	-0.0117681	0.00670586	0
4033.712237857	3783.379178468	0.0861729	0.364292	-0.0791412	0.0162165	-0.011338	0.00625349	0
4055.295435266	3788.257567996	0.0850339	0.376666	-0.0701266	0.0163929	-0.0113273	0.00657774	0
4040.798712892	3782.286641215	0.0948698	0.371942	-0.0899007	0.0156455	-0.0112016	0.00628247	0
4061.189064967	3784.919316824	0.090075	0.340672	-0.0615305	0.0159166	-0.0119004	0.00659633	0
4038.5834287	3778.314930847	0.0791759	0.326461	-0.0868055	0.0162235	-0.0108211	0.00632484	0
4059.939417474	3782.686964131	0.0434738	0.314793	-0.05487	0.0175772	-0.0121903	0.00617685	0
4048.032873539	3789.043139623	0.051293	0.334867	-0.111912	0.0167801	-0.0119424	0.00589716	0
4072.180282686	3792.201699422	0.0754168	0.262282	-0.107302	0.0158424	-0.0113594	0.00649339	0
4055.267034187	3784.459724875	0.106291	0.296016	-0.128696	0.0153041	-0.0114513	0.00677064	0
4084.58343978	3782.475068775	0.106776	0.263693	-0.114821	0.015019	-0.0113492	0.00658387	0
4068.885757478	3790.298581066	0.113072	0.340534	-0.0396001	0.014268	-0.0109102	0.00663868	0
4075.092610511	3792.64587457	0.12229	0.369766	0.0198611	0.0140062	-0.0114582	0.00662474	0
4072.65660936	3781.711594562	0.109223	0.281205	-0.0113976	0.0147854	-0.0117131	0.00702864	0
4058.69220436	3780.822387777	0.108778	0.293754	-0.0921951	0.0149249	-0.0120915	0.00710684	0
4059.080893417	3774.398549661	0.088783	0.282078	-0.105343	0.0148032	-0.0123485	0.00737778	0
4076.024165915	3774.429725858	0.105715	0.351188	-0.132559	0.0144227	-0.0117269	0.00701707	0
4053.620583042	3771.056872534	0.0914994	0.309351	-0.10319	0.0137684	-0.0119016	0.00704916	0
4058.765235707	3788.323346344	0.0847996	0.426363	-0.0290116	0.01337	-0.0112899	0.00661831	0
4076.272472495	3784.352492464	0.0809464	0.380616	0.0290848	0.012617	-0.011508	0.00662263	0
4060.16581465	3776.621652273	0.0801769	0.338082	-0.00476027	0.0131241	-0.0111724	0.00646199	0
4067.503030642	3775.648680873	0.0903474	0.252198	-0.0634051	0.0140771	-0.01121	0.00657084	0
4054.000346046	3774.949443328	0.0744782	0.314231	-0.0843215	0.0143269	-0.0108426	0.00643367	0
4066.397011465	3788.906786589	0.073041	0.376186	-0.00983042	0.0165645	-0.0109463	0.00595385	0
4053.136141774	3786.435473491	0.0779566	0.4341	0.0672956	0.0182159	-0.0119154	0.00551299	0
4051.923821414	3777.377246789	0.0739266	0.339687	-0.0177859	0.0184092	-0.0114594	0.00587843	0
4060.845006176	3781.618579866	0.0656302	0.326947	-0.0798855	0.0174237	-0.0114122	0.00603805	0
4063.064347665	3778.686818331	0.0644407	0.350678	-0.1011	0.0162598	-0.0109701	0.00586165	0
4051.57083657	3776.001554303	0.0610918	0.350484	-0.0990703	0.0159674	-0.0111288	0.00599492	0
4058.59482923	3788.58697363	0.0719568	0.417936	-0.0177032	0.0150839	-0.0105473	0.00561362	0
4065.01266171	3795.23281367	0.0810713	0.382603	0.0329229	0.01419	-0.0105473	0.00579923	0
4054.797199188	3782.767302791	0.0719893	0.305623	-0.0427964	0.0146633	-0.0105473	0.00591343	0
4057.85153241	3789.863827296	0.0757442	0.26662	-0.0724451	0.0155114	-0.0112936	0.00619242	0
4055.350614506	3781.575584123	0.0731967	0.292822	-0.0885784	0.0151409	-0.01053	0.00606776	0
4058.653254308	3784.34118681	0.0946681	0.286246	-0.0906719	0.0158536	-0.00991948	0.00658595	0
4046.242794079	3784.421011577	0.0852498	0.324004	-0.113861	0.0158906	-0.0103984	0.00628287	0
4067.49248167	3789.345651506	0.0798151	0.519624	-0.0276292	0.016891	-0.0112474	0.00672139	0
4068.643131114	3808.057707296	0.0769892	0.807649	0.0979365	0.0193322	-0.0111365	0.00669798	0
4069.3791248	3789.406119623	0.0405531	0.639274	0.0730506	0.0198563	-0.0122443	0.00674914	0
4057.460408974	3793.987478797	0.0670553	0.357398	-0.0420267	0.0175692	-0.0114574	0.00605595	0
4066.634769073	3789.318586456	0.0716699	0.293793	-0.0845428	0.0188292	-0.0115478	0.0063305	0
4040.573127176	3781.594255581	0.0810931	0.381543	-0.0973507	0.018531	-0.0114063	0.00632131	0
4042.566882948	3776.440761816	0.0728358	0.413097	-0.0979841	0.0184691	-0.011629	0.00659244	0
4050.683099975	3778.828139001	0.0865808	0.479214	-0.112569	0.0198737	-0.0114847	0.00655436	0
4043.621780182	3786.78457837	0.0915317	0.635681	-0.0181507	0.0214294	-0.012169	0.0062457	0
4041.498190904	3785.240328867	0.0977497	0.674298	0.0648851	0.0220796	-0.0124945	0.00567375	0
4042.267454425	3784.485419543	0.105796	0.619757	0.105158	0.0226505	-0.0130942	0.00613657	0
4029.269497583	3775.413489018	0.102776	0.518009	0.0447375	0.0223972	-0.0132486	0.00609732	0
4032.158293086	3783.092597279	0.0849295	0.313859	-0.0321714	0.0232706	-0.0127306	0.00668986	0
4018.130594251	3770.437973648	0.0919338	0.32428	-0.115542	0.0232603	-0.0124305	0.00686279	0
4024.679883156	3769.480076452	0.0898566	0.365377	-0.115079	0.0237854	-0.0126876	0.00689468	0
4018.744869025	3765.936610538	0.0758441	0.443836	-0.149005	0.0247345	-0.0127873	0.00695351	0
4032.478819553	3778.246583032	0.086569	0.423684	-0.149656	0.0290129	-0.0132503	0.00724015	0
4023.943078011	3766.236210358	0.0934658	0.50964	-0.184986	0.027242	-0.0130188	0.00685329	0
4030.800721491	3772.864578025	0.0901356	0.597666	-0.122799	0.0270752	-0.0134527	0.00736894	0
4023.752385049	3782.968748982	0.106793	0.629903	-0.084193	0.0266999	-0.0133988	0.0072368	0
4052.009024652	3782.569282555	0.102892	0.570477	-0.0328634	0.0283496	-0.0137083	0.00762293	0
4039.097082507	3784.709305743	0.106699	0.537082	-0.0126045	0.0292043	-0.0140222	0.00799702	0
4066.444076111	3778.934857519	0.111085	0.340709	-0.0483788	0.0295956	-0.0137744	0.00820887	0
4056.932148898	3770.007331025	0.129218	0.269914	-0.090955	0.0317298	-0.0147025	0.00853171	0
4025.540030131	3767.73420946	0.127975	0.332168	-0.130325	0.0319961	-0.0143132	0.00844275	0
4026.653352443	3762.174739952	0.120631	0.395312	-0.14285	0.0330353	-0.014515	0.00872981	0
4019.307210397	3766.432688914	0.11834	0.514095	-0.17942	0.0326315	-0.0139937	0.0086296	0
4040.207970441	3772.717604528	0.116565	0.570318	-0.190059	0.0335668	-0.0143038	0.00863366	0
4013.29835346	3780.29393412	0.124398	0.585703	-0.203506	0.0327204	-0.0147297	0.00823095	0
4035.270239926	3774.891887273	0.118765	0.528075	-0.168525	0.0328112	-0.014055	0.00873309	0
4016.817652924	3787.465487053	0.128408	0.517981	-0.140273	0.0311621	-0.0128144	0.00854517	0
4048.010964135	3779.919305871	0.130235	0.38004	-0.136983	0.0321242	-0.0128599	0.00850646	0
4008.441768886	3783.747982592	0.13086	0.335781	-0.154395	0.0313881	-0.0127515	0.00818196	0
4032.22077546	3774.722302469	0.136919	0.285369	-0.140692	0.0325624	-0.0133161	0.00863871	0
4015.319698852	3773.217965349	0.146633	0.319348	-0.145908	0.0327001	-0.0128014	0.00845909	0
4039.913410675	3764.474412673	0.134225	0.349902	-0.132791	0.0325468	-0.0138729	0.00835446	0
4033.886701631	3770.384700038	0.136579	0.40708	-0.151575	0.0325183	-0.0138278	0.00774494	0
4030.82993403	3774.542782394	0.134539	0.448523	-0.140418	0.0325273	-0.0141663	0.00764683	0
4025.850819086	3766.118528782	0.124405	0.475772	-0.143752	0.0320877	-0.0133965	0.00783992	0
4001.016103818	3761.41657597	0.116688	0.531693	-0.125151	0.0314597	-0.0138597	0.00763685	0
4008.587020121	3756.630858542	0.123324	0.571748	-0.0986761	0.0305928	-0.0138238	0.00773472	0
4008.070120476	3772.495260008	0.121495	0.508426	-0.0675951	0.0294163	-0.0128978	0.00799667	0
4009.004921717	3758.663135425	0.128221	0.423717	-0.094114	0.0300818	-0.0130697	0.00820517	0
4015.445475061	3765.917425187	0.116863	0.399737	-0.0676028	0.0300735	-0.0138911	0.00806457	0
4014.236400539	3759.33308105	0.129731	0.387657	-0.0870381	0.0301485	-0.0131021	0.00793071	0
4018.936373446	3766.902730027	0.127227	0.459676	-0.0412562	0.0297175	-0.0134878	0.00817724	0
4019.622056648	3755.004728699	0.127997	0.49302	-0.0228549	0.0282317	-0.013105	0.00811108	0
4029.869166088	3764.672946802	0.122511	0.379538	-0.078825	0.0299589	-0.0134268	0.00821163	0
4035.814729191	3768.458456482	0.130248	0.4268	-0.170966	0.0303893	-0.0124595	0.00821069	0
4013.231002329	3764.881416202	0.117999	0.419183	-0.201417	0.0312134	-0.0128947	0.00834987	0
4018.967208904	3761.814500717	0.111535	0.464213	-0.247904	0.0304129	-0.0132271	0.00833242	0
4016.100322805	3769.875260435	0.118155	0.446541	-0.276954	0.0308293	-0.0133525	0.00822862	0
4002.32093055	3766.295136795	0.132213	0.541413	-0.256433	0.030634	-0.0131505	0.00716347	0
4018.428399855	3768.75668592	0.133531	0.562119	-0.178377	0.029983	-0.0127788	0.00685095	0
4031.442585885	3775.921044346	0.153758	0.550992	-0.103137	0.0315076	-0.0133856	0.00647957	0
4059.102802821	3775.979114294	0.159352	0.513341	0.0329234	0.0337603	-0.0136377	0.00735227	0
4055.953528848	3781.027773817	0.166325	0.48936	0.168297	0.034607	-0.0116754	0.00747381	0
4029.113697376	3773.048723141	0.183836	0.327812	0.0475406	0.0326473	-0.00910848	0.00689714	0
4039.208252447	3770.672651609	0.183885	0.369999	0.0132272	0.0331795	-0.00881959	0.00655475	0
4061.932361787	3789.206729005	0.16928	0.516273	0.159792	0.0333947	-0.0104173	0.00650205	0
4066.380782277	3779.781753752	0.152265	0.608506	0.142182	0.0324638	-0.0105407	0.00666672	0
4037.876647554	3785.3999784	0.153806	0.690002	0.0604873	0.0299664	-0.0101602	0.00713669	0
4055.861022475	3797.571713583	0.132552	0.685096	-0.0267099	0.0295281	-0.0102306	0.00701075	0
4026.074781883	3795.145109206	0.133206	0.633658	-0.0827927	0.0278521	-0.0101241	0.00731333	0
4036.704088705	3783.160602498	0.146333	0.580581	-0.0854023	0.0285653	-0.0103705	0.00745612	0
4014.959410874	3791.067879404	0.142556	0.471723	-0.115007	0.0295037	-0.0112264	0.00751869	0
4046.798643775	3801.046489087	0.125756	0.410532	-0.156747	0.0304875	-0.0115323	0.00764318	0
4031.236475195	3788.238211346	0.1326	0.323043	-0.151424	0.0303649	-0.0117614	0.00801786	0
4090.176829499	3791.869553023	0.148884	0.366683	-0.0688401	0.0308327	-0.0120339	0.00807661	0
4067.034818562	3794.87994024	0.15405	0.437002	0.0342321	0.0314857	-0.0133374	0.00811517	0
4061.133885727	3779.433334064	0.170489	0.527148	0.0916969	0.0320452	-0.0131629	0.0080918	0
4058.187476606	3771.509098678	0.142723	0.555535	0.109617	0.0327506	-0.0133281	0.00824743	0
4038.109536405	3776.400678135	0.14432	0.568371	0.0705197	0.0333553	-0.013375	0.00839095	0
4035.087661559	3779.164739142	0.159028	0.47181	0.00392107	0.0331061	-0.0133394	0.0088798	0
4034.368708521	3771.421394214	0.144482	0.545801	-0.0456764	0.0340896	-0.0140058	0.00905979	0
4008.056325666	3774.761358363	0.162627	0.583829	-0.095489	0.0338714	-0.0140068	0.00899145	0
4026.934117399	3768.764565618	0.146187	0.585101	-0.0730906	0.0344326	-0.0143513	0.00925589	0
4002.148901155	3772.438046549	0.144538	0.594985	-0.0733253	0.0341681	-0.0141956	0.00902497	0
4030.266781199	3776.584994548	0.142451	0.601738	0.0161952	0.0345516	-0.0141988	0.0092586	0
3999.482445531	3776.253704638	0.144362	0.625049	0.0455259	0.0332246	-0.014259	0.00918524	0
4011.25915596	3773.450245141	0.143677	0.546903	0.090369	0.0330577	-0.0146736	0.00944151	0
3998.321247115	3775.242191237	0.146807	0.511984	0.0968244	0.0320585	-0.0144355	0.00923936	0
4018.520906228	3762.445219149	0.136042	0.415392	0.113958	0.0334833	-0.0152347	0.00924922	0
3986.75876197	3757.317420051	0.142924	0.377056	0.0501741	0.0330686	-0.0143417	0.00910135	0
3994.783284083	3759.541379152	0.144071	0.372076	-0.0242734	0.0353411	-0.0144031	0.00934241	0
3979.191902964	3757.82874393	0.137454	0.514947	-0.0720332	0.0355872	-0.0145757	0.00933327	0
4000.844074423	3748.106224431	0.146816	0.539124	-0.101867	0.0372236	-0.0145253	0.00927559	0
4002.355823305	3755.111447217	0.152571	0.635355	-0.141775	0.0368178	-0.0142841	0.0094578	0
4016.129535344	3756.002024385	0.15908	0.568484	-0.145725	0.0366252	-0.0138236	0.009375	0
4000.565743845	3758.235918757	0.162454	0.569297	-0.147155	0.0362309	-0.0136207	0.00919876	0
4016.94748643	3757.408721769	0.189875	0.362795	-0.173652	0.0367354	-0.0131279	0.0097248	0
4028.630067568	3761.652453015	0.175238	0.400992	-0.173675	0.0368307	-0.0133963	0.00923817	0
4033.252951831	3773.082468804	0.203945	0.33869	-0.230951	0.037671	-0.0128388	0.0100512	0
4040.771934731	3780.15107177	0.207128	0.272446	-0.246303	0.0382764	-0.0140462	0.0108881	0
4017.023763615	3777.137943788	0.209046	0.225131	-0.249052	0.0362283	-0.0133712	0.00984841	0
4023.063456009	3765.252104602	0.190211	0.277916	-0.192362	0.0357249	-0.0133574	0.00945367	0
4012.441452322	3775.484748896	0.14936	0.419156	-0.216275	0.0338907	-0.0132764	0.00870606	0
4021.040487698	3781.029315497	0.162138	0.296529	-0.305881	0.034308	-0.0129455	0.0087115	0
4017.225817008	3775.444322619	0.168319	0.432077	-0.280655	0.0324299	-0.0124872	0.0084315	0
4028.424768337	3789.810553685	0.172395	0.511528	-0.195442	0.0316037	-0.0122532	0.00816062	0
4029.777471174	3786.419542797	0.160569	0.467964	-0.184569	0.0319024	-0.0128216	0.00875622	0
4014.948050442	3784.867413596	0.174139	0.423089	-0.263406	0.0319926	-0.0121852	0.0088158	0
4038.621567293	3782.695186425	0.158328	0.380954	-0.290607	0.0337529	-0.013159	0.00926223	0
4014.452248742	3793.385880987	0.157101	0.436688	-0.265704	0.0339513	-0.0129732	0.00899015	0
4071.307963819	3789.849266984	0.121161	0.424178	-0.180366	0.0343602	-0.0144049	0.00925827	0
4037.710298374	3787.044094509	0.135013	0.529439	-0.192793	0.0341324	-0.0136495	0.00891893	0
4036.672441788	3792.222083858	0.134208	0.636214	-0.177277	0.0331699	-0.0140271	0.00874041	0
4032.907270122	3792.276213957	0.146272	0.559342	-0.12502	0.0326689	-0.0126977	0.00909162	0
4038.24018137	3798.445846164	0.144869	0.355031	-0.185545	0.0331196	-0.0129222	0.00938067	0
4021.083495047	3791.88137257	0.143993	0.298116	-0.204429	0.0317334	-0.0135996	0.00897272	0
4015.081129785	3784.689263903	0.148285	0.322909	-0.227982	0.0307402	-0.0130562	0.00910818	0
4027.695266326	3773.677043404	0.155112	0.313151	-0.252537	0.032036	-0.0123893	0.00957198	0
3993.218790339	3777.629397124	0.164394	0.427785	-0.278115	0.0311506	-0.0125912	0.00947705	0
4028.372023475	3771.36760671	0.155692	0.398351	-0.283477	0.0314219	-0.0130078	0.00982762	0
4002.884083382	3771.859573939	0.16828	0.450023	-0.299442	0.031536	-0.0124044	0.00930962	0
4026.969010154	3767.644792018	0.166192	0.428793	-0.282709	0.0315879	-0.0130933	0.00957349	0
4021.35533395	3772.282508163	0.165755	0.429507	-0.277514	0.0311765	-0.0124022	0.00959046	0
4021.002349106	3769.804343153	0.167633	0.391616	-0.256931	0.0311538	-0.0124687	0.0098284	0
4033.447702089	3761.902205181	0.171744	0.351554	-0.261038	0.030797	-0.0121507	0.00974361	0
4019.374561528	3769.510567458	0.169347	0.329927	-0.252405	0.030678	-0.0121475	0.00947409	0
4021.155714935	3762.405306766	0.172962	0.31412	-0.267317	0.0312092	-0.0117348	0.00975014	0
4005.600849489	3768.903316821	0.168967	0.370526	-0.255554	0.0315559	-0.0118951	0.0096235	0
4026.306047815	3759.543606024	0.156054	0.38035	-0.237508	0.0322966	-0.0129703	0.00971472	0
4016.866340489	3774.816687547	0.167479	0.477432	-0.200837	0.0317851	-0.0125122	0.00949975	0
4027.115884307	3768.776213867	0.1577	0.512702	-0.119731	0.0318622	-0.0133945	0.00980427	0
4027.200276086	3773.585912984	0.168482	0.519314	-0.0631639	0.031082	-0.0127312	0.00948515	0
4037.20719354	3757.038547262	0.176397	0.382532	-0.101977	0.0323851	-0.0131722	0.0098546	0
3999.444306939	3761.779042076	0.173662	0.393753	-0.157639	0.0329852	-0.012755	0.00961458	0
4031.276236706	3750.567430959	0.167702	0.461815	-0.111932	0.0334302	-0.0130948	0.00958298	0
4011.007603543	3764.704122998	0.164118	0.57761	-0.0840822	0.0320528	-0.0132616	0.00943366	0
4047.877884792	3764.430217845	0.1676	0.598119	-0.0218474	0.0315492	-0.0136325	0.00949658	0
4015.728674395	3765.22829421	0.170349	0.590582	0.00651957	0.0303544	-0.013096	0.00922386	0
4050.601142574	3765.307433786	0.171562	0.477767	-0.0409686	0.0316388	-0.0133562	0.0093361	0
4021.920921159	3770.325602303	0.176076	0.408681	-0.134099	0.0328906	-0.0131014	0.00944068	0
4039.335651574	3766.710533916	0.177173	0.416288	-0.192758	0.0339529	-0.0135654	0.00950637	0
4031.470175505	3763.388213438	0.176411	0.514656	-0.142848	0.0338993	-0.0126032	0.0092945	0
4053.673327904	3777.631452697	0.173874	0.590588	-0.0493721	0.0324047	-0.0130068	0.00907518	0
4025.854064923	3764.121539242	0.174517	0.603698	-0.00458862	0.0316405	-0.0129754	0.0091028	0
4039.735701064	3772.864920621	0.179145	0.632651	0.0476951	0.0308815	-0.0129765	0.00903871	0
4039.94749197	3764.460023659	0.178401	0.579192	0.0667264	0.0308981	-0.0129443	0.00916432	0
4040.665633549	3776.050202873	0.17161	0.533742	0.0412427	0.0306721	-0.0128856	0.00905449	0
4044.679923254	3775.267372011	0.188321	0.416868	-0.0785636	0.0320279	-0.0124727	0.00937911	0
4035.172864797	3771.192882973	0.178613	0.408432	-0.125587	0.0329683	-0.0130128	0.0095893	0
4029.781528471	3764.575135768	0.174205	0.457843	-0.168857	0.0339406	-0.0131752	0.00968277	0
4015.980226812	3767.042680315	0.177364	0.606264	-0.145534	0.0334691	-0.0130133	0.00950475	0
4020.396188926	3759.966711545	0.17128	0.555283	-0.123895	0.0328686	-0.0136005	0.00974999	0
4013.037874989	3776.537887658	0.177235	0.546342	-0.162846	0.0331879	-0.0131445	0.00959991	0
4032.35953502	3767.382706412	0.174023	0.49087	-0.165821	0.0338419	-0.0131974	0.0100222	0
4020.909031274	3767.826025071	0.185662	0.441153	-0.202802	0.034041	-0.0132382	0.00962838	0
4046.314202507	3775.366724724	0.199774	0.385445	-0.232163	0.0355773	-0.0133062	0.010008	0
4028.995224302	3779.005089609	0.208151	0.383348	-0.274221	0.0344139	-0.0129899	0.0103076	0
4035.582651799	3770.940732638	0.219162	0.355325	-0.274609	0.0349926	-0.0132338	0.0104512	0
4012.837444514	3771.163591052	0.241969	0.348804	-0.286507	0.0347129	-0.0132692	0.010425	0
4026.913019454	3763.715049606	0.241535	0.319495	-0.286618	0.0356095	-0.0133863	0.010569	0
4009.437429583	3769.265782927	0.242441	0.451808	-0.247863	0.0345396	-0.0133268	0.0101985	0
4043.853857574	3773.291109502	0.243998	0.471262	-0.190942	0.0350341	-0.0134933	0.0103314	0
4026.62900866	3768.074064259	0.240388	0.375399	-0.237908	0.0339653	-0.0135219	0.0102087	0
4049.17459693	3778.465501597	0.219294	0.325197	-0.277343	0.0348501	-0.0139382	0.00994385	0
4022.711282625	3784.405594776	0.232041	0.321384	-0.276838	0.0341748	-0.0133413	0.00984448	0
4031.994378285	3770.011784767	0.229886	0.359056	-0.254296	0.0345792	-0.0140958	0.00988366	0
3998.016138376	3764.714914758	0.242724	0.430605	-0.265809	0.0342142	-0.0135568	0.0100511	0
4034.516394133	3763.53946938	0.235171	0.420614	-0.236264	0.0339385	-0.0136601	0.010296	0
4015.473064681	3767.558629234	0.242244	0.419059	-0.23727	0.033566	-0.0131671	0.0102288	0
4029.499952056	3770.954950354	0.227431	0.392791	-0.240518	0.033345	-0.0134397	0.0104473	0
4022.900352668	3769.760148326	0.230508	0.389057	-0.235884	0.0335379	-0.0128216	0.0102789	0
4020.132464618	3767.214149395	0.227374	0.378341	-0.226565	0.0336	-0.0132552	0.0100356	0
4029.421240493	3763.318152645	0.217342	0.33398	-0.238239	0.0349833	-0.0138955	0.0105261	0
4020.03265511	3780.796693109	0.218273	0.374651	-0.262016	0.0347844	-0.0133817	0.00978816	0
4011.460397894	3754.36527408	0.213633	0.357878	-0.21834	0.0347868	-0.0135608	0.0100885	0
4005.391492961	3763.033113137	0.218377	0.396355	-0.205136	0.0342057	-0.0130188	0.00984202	0
4024.006371845	3767.103491028	0.22416	0.47645	-0.141154	0.0344688	-0.0134622	0.00987235	0
4023.945512389	3769.938298019	0.222151	0.554712	-0.0813598	0.0328783	-0.0137325	0.00989614	0
4026.583566933	3767.446600485	0.222564	0.568881	-0.0227071	0.0320163	-0.0135189	0.00987207	0
4007.52725413	3753.425020555	0.228482	0.447768	-0.11562	0.0319841	-0.0129955	0.00962674	0
4028.664148863	3772.053483028	0.215037	0.345461	-0.197297	0.029197	-0.0121566	0.00935171	0
4041.576091007	3767.176463883	0.21653	0.340159	-0.266071	0.0246911	-0.0111685	0.00860601	0
4019.576614921	3762.330963529	0.205897	0.381054	-0.261502	0.0246646	-0.0110501	0.0085682	0
4008.241338412	3755.151188303	0.202675	0.438862	-0.279921	0.0245715	-0.0112231	0.00816745	0
4018.226346462	3762.639470834	0.202696	0.401411	-0.267241	0.0248614	-0.0113064	0.00847691	0
4007.429879001	3764.03520516	0.202298	0.407898	-0.265254	0.0246939	-0.011155	0.00832635	0
4043.758105363	3784.070365017	0.197105	0.339694	-0.388157	0.0256573	-0.0107317	0.00784987	0
4027.100466578	3788.421328675	0.168994	0.399354	-0.524542	0.0233343	-0.0107229	0.00676493	0
4013.556397552	3765.226238637	0.147198	0.27578	-0.527741	0.0221773	-0.0104729	0.00641499	0
4024.402364037	3783.542082658	0.140734	0.164116	-0.504958	0.0213576	-0.00978015	0.00648256	0
4011.12201932	3766.797381892	0.155427	0.160766	-0.506016	0.0211075	-0.00910937	0.00650509	0
4007.326823656	3781.284206596	0.159551	0.224947	-0.459954	0.021763	-0.00904438	0.00639651	0
4029.820478523	3778.39886676	0.179587	0.298415	-0.420836	0.0228659	-0.0109955	0.00638061	0
4036.909387936	3784.506831765	0.200343	0.273702	-0.397119	0.0235137	-0.0112552	0.00703205	0
4045.248756301	3775.08596766	0.213401	0.248537	-0.454586	0.0236831	-0.0111817	0.00698775	0
4030.722009929	3777.442682542	0.198857	0.24276	-0.455196	0.0240288	-0.0104152	0.00710038	0
4039.393265192	3772.402245312	0.178609	0.249661	-0.437175	0.0230263	-0.0112162	0.00629498	0
4061.769258445	3785.74514343	0.149299	0.332236	-0.380973	0.0247927	-0.0112449	0.00645411	0
4045.875202966	3786.247559824	0.133566	0.360832	-0.405929	0.0237843	-0.0109627	0.006387	0
4048.094544454	3783.922877627	0.1581	0.334834	-0.4084	0.0240929	-0.0116739	0.00640391	0
4078.535632791	3793.272824451	0.183054	0.376508	-0.293598	0.0245759	-0.0110056	0.00643599	0
4073.984156956	3796.252891961	0.186777	0.408948	-0.222598	0.0247013	-0.0101741	0.00632172	0
4081.597269148	3783.171394258	0.201873	0.437811	-0.159328	0.0249125	-0.0095119	0.00659652	0
4051.724202399	3778.854176264	0.207191	0.479644	-0.12397	0.0260069	-0.0103379	0.00664162	0
4052.042294488	3773.547713579	0.209353	0.403987	-0.181263	0.0260751	-0.00979113	0.00685824	0
4043.874144059	3792.633027236	0.202045	0.310063	-0.320852	0.0259753	-0.00909784	0.00736126	0
4029.532410432	3780.566126295	0.190237	0.349516	-0.422608	0.0246471	-0.00888617	0.00712942	0
4027.162137493	3774.704316202	0.184968	0.382312	-0.435202	0.0252847	-0.00928805	0.00731877	0
4017.466820453	3771.89811594	0.191947	0.508139	-0.377169	0.025369	-0.00961524	0.00728419	0
4045.116488417	3781.14956654	0.207339	0.536565	-0.238546	0.0254107	-0.00985552	0.00743724	0
4034.127705076	3778.702235131	0.203709	0.556101	-0.167563	0.0247045	-0.00990316	0.0073346	0
4048.22518942	3774.7430295	0.21251	0.488873	-0.112657	0.0258234	-0.00999297	0.0073503	0
4037.845000637	3768.418372801	0.198187	0.393737	-0.13064	0.0255477	-0.0100326	0.00723478	0
4040.23637152	3769.465344843	0.200163	0.282084	-0.205372	0.0272682	-0.00997316	0.00743716	0
4029.297087203	3763.864592569	0.201593	0.298543	-0.214997	0.0277493	-0.0101189	0.0072122	0
4009.776619617	3754.579225009	0.200477	0.349203	-0.242199	0.0278074	-0.0101091	0.00731291	0
4019.652080646	3756.106516032	0.200382	0.421431	-0.245049	0.0277447	-0.0105168	0.00727303	0
4023.484603444	3757.792086205	0.199734	0.478619	-0.231737	0.0282265	-0.0103327	0.00740966	0
4013.97267623	3761.678832874	0.206675	0.573829	-0.200261	0.0279822	-0.0110757	0.00743943	0
4024.147565782	3762.869352457	0.213278	0.588904	-0.158641	0.0280444	-0.010826	0.00755429	0
4023.444841932	3775.974489254	0.203966	0.59238	-0.0986836	0.0269385	-0.0114537	0.00745767	0
4059.664332734	3762.130373826	0.20669	0.398558	-0.13433	0.0281333	-0.011372	0.0076294	0
4025.438597705	3769.219703824	0.209148	0.377563	-0.211006	0.0277231	-0.0117144	0.00755333	0
4039.71379166	3761.647999273	0.197917	0.304225	-0.23686	0.0282259	-0.0114581	0.00766473	0
4001.865701821	3763.378278167	0.205653	0.366816	-0.277628	0.0282228	-0.0120228	0.00753438	0
4030.977619643	3755.157012427	0.19103	0.364722	-0.255192	0.0291301	-0.0128001	0.00792597	0
3989.861782757	3757.45034713	0.211807	0.448731	-0.268456	0.0278822	-0.0120093	0.00730141	0
4036.166902575	3759.271756444	0.195145	0.450241	-0.256316	0.0296456	-0.012882	0.00768305	0
4029.104771323	3766.52107857	0.208294	0.482474	-0.275194	0.0290798	-0.0120256	0.00768293	0
4034.537492078	3767.280099041	0.209293	0.457875	-0.298966	0.0303511	-0.012074	0.00779289	0
4014.956976495	3774.657038014	0.217138	0.369712	-0.342399	0.0307992	-0.0118289	0.007828	0
4016.155502045	3775.004601213	0.213426	0.370095	-0.399103	0.0306021	-0.0118688	0.00759552	0
3996.622051108	3771.580701151	0.200655	0.294358	-0.39631	0.0307418	-0.0119655	0.00802379	0
3996.130306705	3780.101224115	0.218143	0.306706	-0.363008	0.0275398	-0.0118407	0.00696158	0
3997.458665761	3776.23811654	0.241197	0.233995	-0.331152	0.0305497	-0.0117257	0.00732453	0
3995.452738097	3775.844131642	0.232247	0.316799	-0.354447	0.0302863	-0.0112634	0.00690735	0
3993.285330011	3763.101460952	0.230081	0.316283	-0.34524	0.03046	-0.0107071	0.00689238	0
3997.378331279	3768.502308714	0.220289	0.353763	-0.353878	0.0303347	-0.0117069	0.00683538	0
4027.300085593	3768.631467241	0.220274	0.330146	-0.37011	0.0312251	-0.0118469	0.00689656	0
4012.22316974	3771.447431476	0.208326	0.383951	-0.389462	0.031954	-0.0120916	0.0065841	0
4015.675118074	3765.658080345	0.219742	0.268458	-0.392154	0.0320055	-0.0115111	0.00665826	0
4030.795852735	3769.731370298	0.213917	0.29018	-0.388233	0.0325877	-0.0121599	0.00682623	0
4023.984462441	3767.91184526	0.210899	0.256324	-0.403268	0.0323669	-0.0119878	0.00712849	0
4033.960544437	3772.046117224	0.204004	0.264661	-0.410553	0.0319291	-0.0119335	0.00682455	0
4034.399543978	3765.023079468	0.205438	0.259442	-0.415164	0.0325793	-0.0118192	0.00697581	0
4025.785902333	3774.968971275	0.210246	0.289823	-0.392066	0.0324861	-0.0117055	0.00713676	0
4035.708428008	3765.384860383	0.20311	0.249933	-0.390718	0.0322315	-0.0111539	0.00734388	0
4014.727333482	3776.404275388	0.21058	0.278954	-0.410222	0.0322397	-0.0113105	0.00681849	0
4044.071328696	3773.842859657	0.206898	0.285853	-0.399623	0.032827	-0.011824	0.0072142	0
4016.5482484	3775.143523714	0.219358	0.274742	-0.40156	0.0323716	-0.0112249	0.00715584	0
4018.965585985	3761.256241246	0.217962	0.261256	-0.394726	0.0331674	-0.0116158	0.00726025	0
4018.374032074	3771.36143999	0.227447	0.314815	-0.384836	0.0333389	-0.0108871	0.00686563	0
4031.770415487	3773.948379091	0.237701	0.39536	-0.297261	0.0345017	-0.0107814	0.0061112	0
4051.068543195	3774.972739826	0.256525	0.48864	-0.184799	0.0326078	-0.0111274	0.0056278	0
4046.293916022	3775.178297164	0.242448	0.47922	-0.0937324	0.0327923	-0.0118444	0.00546037	0
4023.827850774	3758.213992641	0.240759	0.475096	-0.113264	0.0329267	-0.0112663	0.00600649	0
4035.186659607	3760.940368136	0.238716	0.311113	-0.168653	0.033347	-0.010428	0.00656162	0
4036.756833567	3767.562226487	0.219762	0.256191	-0.298526	0.0314006	-0.00990392	0.00719471	0
4036.783611727	3764.101154806	0.222878	0.216423	-0.307791	0.0317369	-0.0100189	0.00716558	0
4009.884543719	3757.842447752	0.208218	0.389781	-0.357431	0.0306746	-0.010175	0.0069071	0
4039.936131538	3754.548220111	0.212603	0.415369	-0.324745	0.0317019	-0.0100877	0.00704359	0
4031.379292051	3760.507841237	0.1962	0.486859	-0.336762	0.031417	-0.0104386	0.00685382	0
4019.201720673	3764.014135533	0.205653	0.445993	-0.331333	0.0315635	-0.0101437	0.00675448	0
4024.72857072	3769.329163107	0.18907	0.439164	-0.372166	0.0318139	-0.0104641	0.0069153	0
4015.199602859	3774.745770265	0.148335	0.420196	-0.548292	0.0261615	-0.0108125	0.00644794	0
4027.743142432	3777.12698073	0.137897	0.281699	-0.681086	0.0263481	-0.0120987	0.00753249	0
4036.318645485	3777.840093395	0.134897	0.160693	-0.771757	0.0274897	-0.0145232	0.00761114	0
4028.163478406	3768.96053028	0.098804	0.00140595	-0.680694	0.0258795	-0.0137769	0.00763861	0
4029.178614129	3771.688961349	0.0908836	0.05049	-0.701064	0.0276229	-0.0135144	0.00709393	0
4041.401627234	3779.737730222	0.0985657	0.118561	-0.634046	0.0292994	-0.013968	0.00685472	0
4064.988317928	3782.27859022	0.130294	0.275042	-0.533271	0.0293034	-0.0137293	0.00666177	0
4049.484574425	3770.908357357	0.17784	0.375922	-0.444259	0.0289189	-0.0132585	0.00643875	0
4057.25916704	3772.542709493	0.186004	0.535991	-0.363456	0.0292468	-0.0133191	0.0067559	0
4049.707725763	3771.54370083	0.226154	0.529527	-0.272497	0.0309274	-0.0132043	0.00632531	0
4031.582156904	3770.156188797	0.216509	0.527933	-0.293231	0.0296621	-0.0134181	0.00673617	0
4031.704687275	3773.137969285	0.213757	0.367476	-0.408185	0.0291692	-0.0129714	0.00691323	0
4025.105899346	3776.889390706	0.208613	0.283811	-0.465646	0.0306975	-0.0130928	0.00758374	0
4014.207999459	3784.038332332	0.211529	0.325539	-0.572289	0.029068	-0.0126688	0.0076233	0
4040.363770648	3779.151377915	0.189752	0.286585	-0.594748	0.0282626	-0.0122867	0.00770011	0
4021.652328094	3771.03477512	0.204683	0.316728	-0.616166	0.0275243	-0.0120066	0.00740192	0
4016.261803228	3770.789819292	0.196218	0.417993	-0.545498	0.0275407	-0.0120438	0.00786995	0
4009.37251283	3770.256055404	0.209005	0.414282	-0.473067	0.0263672	-0.0122987	0.00784388	0
4014.912346228	3769.424575971	0.204264	0.350338	-0.420498	0.0265151	-0.0125762	0.00803262	0
3992.26775991	3763.158845708	0.206433	0.260816	-0.458806	0.026468	-0.0121352	0.00774255	0
4010.569415461	3759.291626987	0.201885	0.17457	-0.48309	0.0284386	-0.0128598	0.00831483	0
3981.623035359	3756.835559391	0.210348	0.212305	-0.542488	0.0283224	-0.0131472	0.00820658	0
4006.06743865	3749.224970243	0.199197	0.23503	-0.529544	0.0292654	-0.0136916	0.00863231	0
3995.183333573	3747.880282656	0.212257	0.309457	-0.56805	0.0286678	-0.0132771	0.00818136	0
3995.443000584	3745.416506661	0.213319	0.41896	-0.498312	0.0294991	-0.0140164	0.00892915	0
4017.722430167	3757.975546129	0.229858	0.434284	-0.553888	0.0298039	-0.012892	0.00916284	0
4058.04384829	3778.572734008	0.226496	0.328734	-0.713185	0.0311558	-0.0119792	0.00968233	0
4003.582749934	3750.760997453	0.222995	0.216335	-0.768635	0.0311669	-0.0120289	0.00902337	0
4013.947520988	3750.657362295	0.237448	0.112094	-0.749279	0.0316153	-0.0113091	0.00932701	0
3991.90990631	3748.183822326	0.223246	0.110693	-0.798978	0.0327632	-0.0123346	0.00891908	0
4003.965758776	3745.874043036	0.223489	0.131287	-0.783651	0.0333296	-0.0129147	0.00954121	0
3988.257527502	3748.896421098	0.221379	0.155441	-0.774965	0.0328002	-0.0125315	0.00934317	0
4013.51907042	3750.93572119	0.222313	0.141599	-0.748311	0.0330391	-0.0133678	0.00941657	0
3999.009364695	3750.744552866	0.219025	0.201773	-0.725972	0.0328994	-0.0132676	0.00977612	0
3999.436192345	3754.310630087	0.221186	0.180087	-0.733265	0.0326776	-0.0126075	0.00991726	0
4009.596475628	3755.010381526	0.210452	0.190817	-0.728334	0.0330073	-0.0126366	0.00985914	0
4003.567332205	3760.964863719	0.212431	0.188395	-0.726949	0.0325531	-0.0133071	0.00968485	0
4028.648731134	3770.168179642	0.206887	0.164072	-0.680546	0.031273	-0.0128648	0.00989042	0
4024.442937008	3777.601304288	0.197359	0.177566	-0.65246	0.0295019	-0.0128082	0.0096048	0
4036.437930018	3767.793649791	0.211874	0.155668	-0.639691	0.0299281	-0.0128246	0.00969392	0
4010.661110375	3771.511154251	0.220558	0.176929	-0.657081	0.0296029	-0.0125839	0.00983363	0
4008.665731683	3767.252006205	0.21733	0.16001	-0.643431	0.0299809	-0.0126099	0.0100518	0
4007.252980849	3768.723111555	0.210647	0.202407	-0.677203	0.028895	-0.0125026	0.00964029	0
4011.04006192	3766.300275729	0.209393	0.20499	-0.675114	0.0296715	-0.0127069	0.00980605	0
4010.167743053	3764.987620827	0.17635	0.264812	-0.699495	0.0279402	-0.0127955	0.00995581	0
4007.620571962	3771.017474044	0.130919	0.198866	-0.670226	0.02746	-0.0126262	0.00977312	0
4002.620359073	3771.295832939	0.129752	0.235398	-0.735222	0.0257818	-0.0125795	0.0094724	0
4017.363765108	3767.207811377	0.114025	0.205988	-0.698293	0.0258049	-0.0122723	0.00942434	0
4013.273198218	3768.152689941	0.123194	0.193544	-0.698882	0.0243988	-0.0116158	0.00912387	0
4017.867681402	3766.558764082	0.119325	0.17897	-0.658514	0.0246953	-0.0124619	0.00893829	0
3995.37970675	3756.3638053	0.118497	0.226767	-0.681132	0.0242463	-0.0120805	0.00860937	0
4021.032373104	3767.604708337	0.0998335	0.327863	-0.720588	0.0229427	-0.0135973	0.00919462	0
4026.095068368	3775.114060496	0.0901894	0.348168	-0.758511	0.0154557	-0.013494	0.00901498	0
4006.032545895	3760.621240369	0.0945664	0.236683	-0.705913	0.0159026	-0.0132155	0.00895465	0
4014.065182603	3757.681941731	0.0916974	0.246629	-0.698695	0.0168662	-0.0128748	0.00876417	0
4016.760850766	3760.063323494	0.0886331	0.233475	-0.704749	0.0180934	-0.0131838	0.00842716	0
4032.961637902	3774.656866716	0.105025	0.211126	-0.584568	0.017429	-0.0128748	0.00749541	0
4035.889383457	3767.923150914	0.100767	0.322247	-0.554961	0.0207974	-0.0131115	0.00742328	0
4030.36172195	3771.214295195	0.104638	0.421777	-0.508198	0.0198828	-0.0133632	0.00662487	0
4037.444951147	3760.296288477	0.100225	0.408629	-0.525556	0.0201372	-0.0137486	0.00686921	0
4036.028954475	3769.245398491	0.107136	0.237004	-0.577046	0.0197937	-0.0121125	0.0065547	0
4035.610241419	3769.251393914	0.109872	0.163808	-0.622372	0.0200864	-0.0103997	0.00695232	0
4034.353290792	3760.944993176	0.105891	0.20534	-0.611652	0.0204897	-0.00991638	0.00675483	0
4016.571780723	3759.329655094	0.107348	0.225063	-0.607942	0.0196818	-0.0086165	0.00697372	0
4032.295429726	3758.073871056	0.104264	0.279895	-0.60584	0.0201455	-0.00920216	0.00702556	0
4015.44628652	3759.955748487	0.10067	0.306613	-0.628453	0.0194135	-0.00936914	0.00716098	0
4026.668770172	3761.819125757	0.0998663	0.286207	-0.621468	0.0197803	-0.00939907	0.00742724	0
4016.31454809	3760.551522172	0.100771	0.301483	-0.669686	0.0186017	-0.0093011	0.00733593	0
4021.617435339	3766.089922053	0.0997254	0.222636	-0.64706	0.020465	-0.00975679	0.0077827	0
4021.212517093	3764.735813088	0.0919048	0.248776	-0.69493	0.0215254	-0.00917225	0.00735325	0
4022.716962841	3770.47720084	0.0704719	0.295936	-0.765219	0.0209903	-0.0104579	0.00752005	0
4021.678294795	3768.723111555	0.0758536	0.264015	-0.770791	0.018982	-0.0101139	0.00713185	0
4033.160445458	3767.947817794	0.0799032	0.138904	-0.692754	0.0183489	-0.0108006	0.00765334	0
4034.537492078	3762.784560055	0.0896536	0.163446	-0.663898	0.0190986	-0.00998337	0.0075485	0
4047.601177133	3766.519879485	0.0978595	0.290355	-0.633212	0.0208328	-0.0115839	0.00727932	0
4042.531178734	3766.748733322	0.100536	0.401848	-0.558153	0.0221033	-0.0124903	0.00679792	0
4082.047629121	3773.166233419	0.13075	0.395912	-0.500973	0.023266	-0.0124675	0.00625648	0
4067.201167741	3771.798249334	0.143502	0.468041	-0.426878	0.0244933	-0.0119927	0.00649524	0
4054.337913161	3764.87542078	0.155214	0.517387	-0.400707	0.0249441	-0.0130484	0.00652782	0
4053.080151074	3771.409574667	0.143565	0.295636	-0.4848	0.0257032	-0.0126016	0.00656769	0
4046.435109959	3774.702431926	0.133731	0.224402	-0.614463	0.025706	-0.0117685	0.00660602	0
4047.267667315	3773.786673985	0.125678	0.183571	-0.674932	0.0263563	-0.0115194	0.00703509	0
4026.762899463	3763.412366425	0.127171	0.289275	-0.70127	0.0274092	-0.0115194	0.00702878	0
4025.663371962	3757.405467111	0.139163	0.386517	-0.642237	0.026977	-0.0115194	0.00711739	0
4021.691278146	3762.177138121	0.136291	0.447117	-0.5893	0.025826	-0.0120707	0.00732755	0
4038.965626083	3764.793711738	0.145044	0.446888	-0.583908	0.0254739	-0.0119548	0.00732016	0
4026.176214309	3773.335475627	0.134857	0.376967	-0.569286	0.0251496	-0.0124565	0.00765871	0
4031.661679926	3766.535810179	0.138836	0.29183	-0.589235	0.0242353	-0.0118976	0.00759878	0
4021.545215452	3765.060422384	0.143	0.18821	-0.58899	0.025306	-0.0120535	0.00791548	0
4020.21117618	3766.717899721	0.130805	0.105936	-0.669445	0.0265134	-0.0117984	0.00780241	0
4029.060141055	3764.04908028	0.140226	0.0759488	-0.694438	0.02875	-0.0122051	0.00781298	0
4009.305973159	3763.088784916	0.137354	0.209927	-0.7228	0.0290986	-0.0124894	0.00738479	0
4005.032016442	3755.668165008	0.138356	0.354961	-0.691716	0.0291538	-0.0128114	0.0077622	0
4013.169331413	3761.527919528	0.148657	0.472619	-0.680544	0.027865	-0.0124054	0.00772862	0
4018.721336702	3760.434354489	0.136139	0.480129	-0.660027	0.0286984	-0.0129479	0.00812932	0
4013.566946525	3771.350305634	0.143513	0.450161	-0.646984	0.0272226	-0.0135841	0.00804827	0
4028.141569002	3767.816603693	0.137027	0.281137	-0.628984	0.028533	-0.0129727	0.00830872	0
4029.724726313	3764.540362319	0.142303	0.175983	-0.708998	0.028402	-0.0133041	0.00842611	0
4026.303613437	3764.585413635	0.15016	0.0408812	-0.747758	0.0292238	-0.012805	0.00833041	0
4000.281733051	3758.122005732	0.156097	0.120108	-0.758513	0.0302246	-0.012579	0.008097	0
3984.883479272	3752.431150825	0.165877	0.161709	-0.761727	0.0306953	-0.0123618	0.00807507	0
3992.679169831	3745.53624381	0.161146	0.259114	-0.750436	0.0312264	-0.0133016	0.0081346	0
3986.089307956	3749.454337973	0.167583	0.307041	-0.78559	0.0311872	-0.0131232	0.00793586	0
3999.729129192	3748.680072	0.16352	0.301306	-0.744088	0.0313029	-0.0140072	0.00829636	0
3998.870605136	3757.045399174	0.176455	0.281617	-0.76825	0.0306502	-0.0135934	0.00812412	0
3993.45249065	3756.599853643	0.170345	0.214377	-0.746693	0.0311097	-0.0138498	0.00809949	0
4008.066063179	3759.515684485	0.169407	0.226431	-0.760767	0.0302802	-0.0133962	0.00777323	0
3999.984738907	3758.825183127	0.164527	0.180513	-0.721854	0.0302608	-0.0134492	0.00848227	0
4003.790483543	3751.284997367	0.172696	0.0848442	-0.770235	0.0309073	-0.0133962	0.00798434	0
3998.529792183	3751.575861001	0.178743	0.079644	-0.777792	0.0316446	-0.0133422	0.00847072	0
3999.699916654	3751.214251383	0.187879	0.130724	-0.773171	0.0317028	-0.0136649	0.00837476	0
3990.833911131	3749.623066288	0.182664	0.128545	-0.75376	0.0314811	-0.0141602	0.0078853	0
3995.487630852	3749.9464765	0.172339	0.197512	-0.732688	0.0316725	-0.0138259	0.00806902	0
3994.222565631	3751.870321888	0.177563	0.262475	-0.745433	0.0306136	-0.0135695	0.00785434	0
4009.613516275	3755.823018203	0.16808	0.238727	-0.745652	0.0309845	-0.0135351	0.00824163	0
4002.742077985	3757.506018909	0.176224	0.266262	-0.751777	0.0303688	-0.0133956	0.00792382	0
4021.418627784	3764.132159705	0.162691	0.244447	-0.721946	0.0305952	-0.0135682	0.00850194	0
4000.911425554	3760.38793279	0.172993	0.20539	-0.734712	0.0299348	-0.0130303	0.00800132	0
4017.345913001	3758.267780145	0.162786	0.184708	-0.718525	0.0306576	-0.012937	0.00857056	0
3998.447023323	3766.254881817	0.17068	0.148594	-0.760536	0.0303826	-0.0127346	0.00808005	0
4008.026301668	3761.651253931	0.165002	0.132116	-0.729711	0.0307076	-0.0136165	0.00852457	0
3996.695082455	3758.684033754	0.174054	0.142159	-0.740591	0.0298879	-0.0129941	0.0080561	0
4008.811794377	3752.555684313	0.169561	0.159984	-0.71498	0.0310158	-0.0129584	0.00810677	0
3998.364254463	3760.703463304	0.181948	0.219428	-0.70017	0.029162	-0.0129115	0.0078236	0
4017.025386534	3761.924987786	0.16603	0.268344	-0.632923	0.0294597	-0.0130047	0.00839517	0
4005.204857296	3759.395262144	0.184598	0.246414	-0.688406	0.028577	-0.0128264	0.00798719	0
4029.696325233	3751.212367108	0.173383	0.201204	-0.686641	0.0296887	-0.0131054	0.00815606	0
4004.791012997	3758.431198229	0.180634	0.275963	-0.669093	0.0287976	-0.0126733	0.00760866	0
4029.993319378	3757.710891056	0.177728	0.308885	-0.59394	0.0291935	-0.013072	0.00792311	0
4010.330846394	3764.172757279	0.186555	0.320327	-0.57772	0.0285678	-0.0128363	0.00751608	0
4017.328060894	3751.017944126	0.175726	0.227128	-0.578841	0.0297031	-0.0127063	0.00814562	0
4027.446148287	3760.18871347	0.171935	0.220466	-0.57487	0.0294705	-0.0129237	0.00791607	0
4022.061303637	3755.116928746	0.175552	0.264058	-0.540284	0.030106	-0.0126094	0.00797872	0
4009.291366889	3758.205085157	0.185909	0.292617	-0.58358	0.0298613	-0.0120515	0.00801673	0
4023.487037822	3757.362471368	0.195129	0.24159	-0.56653	0.0301614	-0.0118539	0.00821478	0
4020.990988674	3753.271195147	0.192968	0.271781	-0.588193	0.0302872	-0.0121539	0.00775828	0
4025.378549708	3762.773939593	0.199219	0.278695	-0.60203	0.0294388	-0.0117714	0.00744571	0
4027.40151802	3757.805790027	0.187591	0.237618	-0.609332	0.0295038	-0.0116729	0.00779153	0
4035.010572915	3768.134532376	0.200872	0.247853	-0.633324	0.0292024	-0.0116044	0.00754245	0
4032.931613904	3768.269001135	0.1813	0.224613	-0.622151	0.0302949	-0.0122914	0.00772655	0
4048.664188961	3776.875515586	0.187944	0.271018	-0.590358	0.0300157	-0.0125892	0.00704891	0
4053.58163299	3783.849904772	0.188954	0.353367	-0.468645	0.031888	-0.0128976	0.00712229	0
4062.245585119	3784.642328311	0.217297	0.417255	-0.340677	0.0320076	-0.0130382	0.00615987	0
4069.596595922	3770.495529703	0.217089	0.47942	-0.296775	0.0325415	-0.0124741	0.00651806	0
4044.714816008	3770.165781473	0.197543	0.374567	-0.364367	0.0316601	-0.0126828	0.00708598	0
4049.969827153	3774.527708189	0.207884	0.28245	-0.43395	0.0325978	-0.0119467	0.00742157	0
4036.375447644	3770.577410043	0.188218	0.346487	-0.46783	0.0320034	-0.0122811	0.00726402	0
4038.448726438	3772.348800404	0.177382	0.352145	-0.501032	0.0316355	-0.0108597	0.00718726	0
4045.008564315	3767.935141758	0.187124	0.404027	-0.492458	0.031999	-0.011704	0.00715787	0
4023.571429601	3770.002192091	0.19894	0.44472	-0.465195	0.0322308	-0.0113838	0.00692643	0
4043.360490252	3767.515119597	0.203038	0.472764	-0.401345	0.0324923	-0.0119336	0.00725175	0
4036.416832074	3769.669017906	0.20191	0.484527	-0.408514	0.0313579	-0.0131617	0.00706663	0
4044.482738617	3765.542796938	0.201552	0.424772	-0.366312	0.0313418	-0.0130884	0.00715716	0
4036.906142098	3768.127166572	0.210028	0.409576	-0.341709	0.0310635	-0.0134268	0.00687301	0
4037.436025094	3765.87699891	0.20554	0.352533	-0.302974	0.0313611	-0.0134546	0.00691404	0
4032.296241186	3760.149828873	0.206483	0.339974	-0.34431	0.0310781	-0.0128646	0.00681783	0
4048.193542503	3769.081123919	0.20416	0.280014	-0.447484	0.0322037	-0.0128814	0.0077781	0
4034.316775118	3762.652489465	0.206685	0.304175	-0.545479	0.0323674	-0.0122956	0.00784598	0
4049.165670877	3764.415828831	0.213259	0.315045	-0.575418	0.0346012	-0.0124947	0.00845723	0
4015.745715043	3757.968180324	0.228654	0.393046	-0.642371	0.0349076	-0.0124404	0.00876765	0
4021.679106255	3751.732427173	0.225759	0.390656	-0.612368	0.0350487	-0.0132879	0.00902078	0
4016.399751328	3756.071399986	0.225524	0.407163	-0.617676	0.0350896	-0.0135615	0.00931516	0
4031.90430629	3754.504881772	0.245846	0.348306	-0.624183	0.0350088	-0.0135088	0.00947618	0
4017.189301335	3751.310178141	0.237717	0.319954	-0.61234	0.035568	-0.0133433	0.0095927	0
4015.806574499	3745.123416156	0.246936	0.226138	-0.614624	0.0358015	-0.0134618	0.00973767	0
4024.540312137	3760.604795782	0.236725	0.218696	-0.592963	0.0364737	-0.0136866	0.00937629	0
4014.642130244	3759.690922116	0.242057	0.184494	-0.624479	0.0353478	-0.013498	0.00960703	0
4030.173463367	3760.157194678	0.236698	0.119989	-0.620709	0.0362227	-0.0135842	0.00969836	0
4045.962029123	3760.389988363	0.23848	0.155833	-0.634085	0.0360519	-0.0137334	0.00955583	0
4031.161820929	3757.106209886	0.238036	0.186489	-0.634286	0.0365588	-0.0143411	0.00970581	0
4015.971300759	3759.242121928	0.239359	0.265093	-0.643182	0.0360636	-0.0141648	0.00961718	0
4042.663446618	3774.653440761	0.2206	0.224051	-0.618215	0.0298458	-0.0131431	0.00897145	0
4044.610949204	3773.486902867	0.215368	0.308084	-0.62839	0.0301925	-0.0131892	0.00878793	0
4031.633278847	3769.905408845	0.213139	0.303837	-0.605369	0.0309644	-0.0131311	0.00907257	0
4027.424238883	3776.403932793	0.209784	0.316171	-0.624077	0.0310061	-0.0134473	0.00910384	0
4035.700313414	3774.706371775	0.183444	0.324725	-0.524121	0.0322537	-0.0147995	0.00949151	0
4048.873545489	3793.325755466	0.184858	0.212064	-0.554669	0.0327491	-0.0146576	0.0085668	0
4039.213121203	3777.552827015	0.167274	0.180795	-0.553457	0.0341862	-0.0154357	0.00936215	0
4002.616301776	3771.294291259	0.183991	0.19372	-0.58856	0.0333339	-0.0146659	0.00895738	0
3994.272876114	3759.973392158	0.181914	0.172425	-0.577219	0.0344132	-0.0144778	0.00919882	0
3986.611887817	3762.266726861	0.189787	0.213133	-0.600878	0.0330049	-0.014304	0.00860932	0
3997.128401781	3761.506507305	0.184767	0.226444	-0.611983	0.033308	-0.0146551	0.00878709	0
4004.08504331	3761.562179084	0.198953	0.265605	-0.622081	0.0329843	-0.0140451	0.00876224	0
4001.808899662	3759.331196774	0.178116	0.234532	-0.599165	0.0329671	-0.015038	0.00909746	0
3987.906977036	3751.962308797	0.184801	0.283339	-0.613147	0.0318191	-0.0144053	0.00855348	0
4003.23057655	3748.256966478	0.173203	0.244637	-0.591613	0.032934	-0.0149663	0.00924759	0
4001.46727525	3754.524409719	0.175403	0.247399	-0.607062	0.0318124	-0.0148959	0.00884679	0
4016.601804721	3751.631190184	0.181406	0.20983	-0.607411	0.0324842	-0.0153767	0.00906254	0
4012.129040449	3758.493721919	0.175355	0.221588	-0.628524	0.031569	-0.0150219	0.00857101	0
