311.8741180496	218.6107689482	-0.00275598	-0.017655	0	0	-0	0	1
304.2827541438	218.6059018548	0	0	0	0	-0	0	1
296.7871317749	218.5338823912	0	0.0185021	0.0380729	-0.000236407	-0	0	1
292.6012972006	217.9645811727	0.00415248	0.0284421	0.0625468	-0.000654375	8.13119e-05	0	1
290.7742403873	218.2581074677	-3.48651e-05	-0.0239351	0.0155741	-0.000481283	-6.00005e-05	8.91837e-05	1
286.8408437244	218.1032798167	-2.53471e-05	-0.0081874	0.00204656	-5.94232e-05	-0.000315702	0	1
285.0189945009	218.2764401864	-3.12627e-05	-0.0254212	0.0210711	-8.41539e-05	-0.000143742	0	0
284.9276794153	218.0854067679	-8.75674e-05	-0.00811283	0.0539235	6.34397e-05	0.000224491	-0.00015658	0
283.6103675212	218.0115621443	-0.00252749	0.0142129	0.0539572	4.55483e-05	-0.000140965	-7.27199e-05	0
282.733591679	218.1649972658	-5.72801e-05	0.0528409	0.0904338	-0.000470197	5.92263e-05	0	0
282.7730131331	217.7081529457	0.00754692	0.101645	0.113025	-0.000444413	0.00013324	0	0
283.6594230163	218.3938047374	-5.47848e-05	0.0107933	0.0655079	-0.00110823	-2.14405e-05	-0.000107627	0
283.2622922247	218.5865145991	-3.93385e-05	0.010805	0.0146374	-0.000782751	-0.0002966	-0.000197858	0
282.7841313371	218.3647103342	-7.0277e-05	-0.0157735	0.0357074	-0.000393789	-2.14405e-05	-0.000263899	0
282.0798308662	218.3037229492	-2.96452e-05	-0.0410202	0.0579221	-0.000279207	-0.000155468	0	0
282.2241592152	218.5026653945	-5.0885e-05	0.00907214	0.0625374	-0.000583611	8.45988e-06	0	0
282.4107731926	218.28906759	-7.05895e-05	0.0701596	0.103013	-0.000945523	0.000206482	0	0
281.7060300766	218.3231642836	0.00755367	0.0819517	0.122108	-0.00120136	0.000275998	0	0
282.9911330283	218.8276520408	-0.00328704	0.0112902	0.0366362	-0.00106244	0.000140282	0	0
283.0268050178	218.8572872321	-0.0026951	0.0356615	0.013269	-0.00060333	-8.27321e-05	-0.000246171	0
282.7303890113	218.5851355893	-0.00232332	-0.0275425	0.0182488	-0.000271095	-7.54932e-05	-6.8685e-05	0
282.7297380626	219.2084480255	-0.00955672	-0.0328701	0.02499	0.00172638	0.000227619	-5.29396e-23	0
283.4902544644	218.9835071893	-0.00802875	0.0673842	-0.00207219	0.00532145	0.000587992	0	0
282.0720975955	218.6191241253	-0.00746877	0.0566181	0.0488713	0.00405093	0.000462795	6.15304e-05	0
281.86426269	218.3014245995	-0.00189743	0.024643	0.0704627	0.00327333	0.000450452	0.000113045	0
282.7391898379	218.9417448234	-0.00206452	-0.00235779	-0.0105526	0.00279213	7.55959e-05	-0.000307191	0
282.0432215106	218.5385466891	-0.0193325	-0.00964275	-0.0315295	0.00287696	-0.000136128	-0.000338715	0
282.0007275785	218.5039903255	-0.00852017	-0.0227368	0.000793936	0.00251186	-8.241e-05	-0.000422554	0
282.1156330455	218.6335226102	-0.0128749	-0.00126347	0.011287	0.00210463	-6.90828e-05	-0.000451589	0
282.3221920915	218.2493331797	-0.00849795	0.0323555	0.0432879	0.00184891	0.000111629	-0.000297608	0
282.1292769306	218.0372360623	-0.00669428	0.0739514	0.0749132	0.00165973	7.86668e-05	-0.00021115	0
282.9063795057	218.4036741213	-0.0067069	0.0078419	0.0401909	0.00131268	-5.76401e-05	-0.000377562	0
283.2509136412	218.5895700522	-0.0118095	0.0125084	-0.0323891	0.00164823	-4.15177e-05	-0.000392117	0
281.68605897	218.0928426052	-0.0126869	0.00861772	-0.018975	0.00121777	-0.00018131	-0.00040272	0
282.122481026	217.9121112012	-0.0116388	-0.0271098	-0.00726151	0.000915274	-0.000198033	-0.000496716	0
282.411554331	218.2794956395	-0.00756325	0.00846994	0.00978601	0.00114756	-6.62316e-05	-0.000343708	0
282.709246197	218.0604223548	-0.00863138	0.0676084	0.0343699	0.000582434	0.000158067	-0.000215325	0
281.8170819272	217.7541199395	-0.00523109	0.0487694	0.0447444	0.000326706	2.1445e-05	-8.39193e-05	0
283.369464421	218.3224882984	-0.00862343	0.00261566	-0.00571889	0.000889429	0.000167745	2.09264e-05	0
282.4072320316	218.5643017253	-0.01645	0.0208693	-0.0424936	0.000983073	-0.000261705	-0.000274326	0
281.3363953586	218.1102695037	-0.0180948	-0.0146873	-0.0470028	0.00100572	-0.000312591	-0.000151769	0
281.6915790151	217.9684748475	-0.00497478	-0.0118247	-0.0293855	0.00128221	-0.000140592	-0.000234213	0
281.6310668226	218.3003700626	-0.0166615	0.00421706	-0.0248637	0.00117539	-0.000118078	-0.000100389	0
281.4479679683	217.7384911616	-0.0113082	0.0297913	-0.00457857	0.00109525	-5.41506e-06	-0.000115096	0
280.9693383976	217.975302298	-0.00667168	0.0496739	0.015836	0.000861962	0.000112692	2.09264e-05	0
282.0849863801	218.74865641	-0.00667289	-0.0249058	-0.0206471	0.000836328	-7.76696e-05	-0.000117681	0
280.937780404	218.7209680561	-0.0177413	-0.00832314	-0.0572618	0.00110274	-0.000130044	2.09264e-05	0
280.9961054088	218.1453125766	-0.00587802	-0.0440387	-0.0415901	0.00179036	-0.000121172	-0.000157218	0
281.3379836735	218.2857282231	-0.00587716	-0.0284202	-0.0454697	0.00181784	-0.000276315	-0.000302553	0
281.6057839746	218.2698020117	-0.0168218	-0.00135628	-0.0653582	0.00168135	-0.000227829	-0.000277425	0
282.7159379498	218.5438193737	-0.00648143	0.0184742	-0.0192778	0.00180933	7.65165e-05	2.09264e-05	0
282.2002043025	218.7384084743	-0.0107953	0.0412779	-0.0113087	0.00133697	9.11648e-05	2.09264e-05	0
282.3494538237	218.2239026164	-0.0127526	0.0183884	-0.027871	0.00128696	0.000148735	2.09264e-05	0
282.4767793922	218.7886476946	-0.0155702	-0.0199637	-0.0474239	0.00117363	-7.21146e-05	2.09264e-05	0
282.10224954	218.4158553747	-0.0180705	-0.0197205	-0.0632712	0.0013518	-0.000127788	-0.000109858	0
281.7767751828	218.512602377	-0.0139196	-0.0413491	-0.0813602	0.0016494	-4.00509e-05	2.09264e-05	0
281.9256601728	218.5610569964	-0.00790413	-0.0130054	-0.0387586	0.00158285	-0.00019004	2.09264e-05	0
283.1224424029	218.6641177005	-0.00787245	-0.0021201	0.00239242	0.000911671	6.19469e-05	0.000102829	0
281.3040822645	218.6585881415	-0.00788738	0.00285936	0.0207185	0.000833561	0.000399729	0.000211924	0
282.0979012025	218.6740817224	-0.00459283	0.0229698	-0.01017	0.00067738	0.000193655	0.00011714	0
282.0048936503	218.8411447055	-0.0054482	-0.0283185	-0.0509717	0.000826767	8.5287e-05	8.50057e-05	0
281.5012936869	218.566329681	-0.00157072	-0.0448146	-0.0658496	0.00169347	0.000256369	2.09264e-05	0
281.4716885394	218.583323949	-0.00349494	-0.00405041	-0.0626292	0.00194235	0.000239484	2.09264e-05	0
280.8201409523	218.2522804752	-0.00791796	0.0386218	-0.049016	0.00142296	0.00036751	2.09264e-05	0
281.0528160608	218.0181597599	0.00265456	0.0296765	-0.0179198	0.0011436	0.000427133	0.000217406	0
282.8079039842	218.1997429052	0.0011019	0.0314815	-0.0674063	0.00124624	0.000268303	0.000143549	0
282.180207158	218.235205089	0.00121637	0.00776924	-0.139774	0.00185376	0.000252651	0.000165769	0
281.9296439789	218.3134706558	-0.00348054	-0.0425799	-0.139599	0.00230315	-7.26835e-06	8.18103e-05	0
281.6652546491	218.0789849085	-0.0101716	-0.0743669	-0.132563	0.00257229	-0.000170825	-3.37817e-05	0
282.6868795992	218.0816347705	-0.00810806	-0.0605498	-0.125612	0.0025544	-4.0775e-05	-8.58908e-05	0
282.2854525461	218.6782863503	0.00216318	-0.0130385	-0.025604	0.00129705	-5.50198e-05	-8.58908e-05	0
281.7867216792	217.9591597714	-0.00123599	-0.00893644	-0.019152	0.000877227	-0.000561888	0.000130833	0
282.2411880335	218.3032227201	0.00409808	0.031509	-0.0433166	0.000847238	-0.000160397	0.000221912	0
283.2469037971	218.4186809929	0.014323	-0.0302462	-0.111114	0.00156869	0.000162596	-8.58908e-05	0
282.4712333092	218.3174860079	0.00054458	-0.0304905	-0.238531	0.00240328	-0.000296531	-8.58908e-05	0
282.4993022177	218.1783006546	-0.00357474	-0.021857	-0.283816	0.00239432	-7.43681e-05	-8.58908e-05	0
282.0484811762	218.1769622039	-0.000876726	0.00999547	-0.209772	0.00242871	-9.49955e-06	-8.58908e-05	0
282.4918814024	218.2153716831	-2.16236e-05	0.0151584	-0.180308	0.00173952	-0.000130606	-8.58908e-05	0
282.3373982535	218.095681743	-0.0021498	0.011513	-0.180757	0.0013889	-0.000287533	-8.58908e-05	0
283.1340813659	218.4934449563	-0.00517136	-0.0656894	-0.25608	0.00240626	-0.000271126	-8.58908e-05	0
283.1603015801	218.6206518519	-0.00859839	-0.0361577	-0.289957	0.00240626	-0.000852663	-0.000611959	0
282.4283488079	218.1219775674	-0.0116739	-0.0776234	-0.291667	0.00167725	-0.00053933	-0.000271404	0
282.1936427394	218.4077705917	-0.00283984	-0.0103988	-0.235284	0.00141438	-0.000232908	-8.58908e-05	0
283.202378905	218.8164036471	-0.00443256	0.0233728	-0.163513	0.000416595	-0.00028789	-8.58908e-05	0
283.1306964326	218.3882075799	0.000407249	0.0179749	-0.187152	0.00058541	-0.00050351	-8.58908e-05	0
282.5073219059	218.7402201146	-0.00241696	-0.0129932	-0.231637	0.000995617	-0.000670098	-8.58908e-05	0
283.5257702263	218.5928958994	-0.00455687	-0.0523509	-0.277669	0.000944684	-0.000680331	-0.000479168	0
282.4897202526	218.059868047	-0.0045893	-0.0493278	-0.295486	0.001632	-0.000838298	-0.000557961	0
282.5364844083	218.2612169996	-0.00454356	-0.0246251	-0.27746	0.0022053	-0.00069189	-0.000505627	0
282.3956451445	218.1442310003	-0.00462875	-0.0519283	-0.314279	0.00177021	-0.00118201	-0.000423303	0
282.8705773264	218.4554275485	-0.00446322	0.0315167	-0.238235	0.00204143	-0.000527865	-8.58908e-05	0
282.0265311855	218.0343022866	-0.00444296	0.0544605	-0.220388	0.00150179	-0.000466365	-8.58908e-05	0
281.6146108391	218.2964493484	-0.00442536	0.00532682	-0.210967	0.00136542	-0.000520578	-8.58908e-05	0
282.1793218677	218.4172884633	-0.0114767	-0.0525973	-0.293351	0.00172371	-0.000472282	-8.58908e-05	0
281.2024821892	218.3541244059	-0.00957458	-0.041205	-0.292903	0.00205978	-0.000817202	-0.000394732	0
281.0378442403	217.7273374058	-0.00680358	-0.0624974	-0.300661	0.00176984	-0.000730923	-0.00047074	0
280.5248445776	217.7787798797	-0.00473881	-0.070582	-0.274517	0.00209363	-0.000421427	-0.00038781	0
280.8712534454	217.8801641405	-0.00611217	-0.030196	-0.255264	0.00179977	-0.000491373	-0.000360281	0
280.9181477908	217.99577113	-0.00605953	0.000753919	-0.251426	0.00182359	-0.000511226	-8.58908e-05	0
280.9833728519	217.4603638096	-0.00115622	0.0241638	-0.204699	0.00177701	-0.000208541	-8.58908e-05	0
281.6117206268	217.9933781424	-0.00716285	-0.0560691	-0.267289	0.0016904	-0.000604238	-8.58908e-05	0
280.9845966355	217.7331508785	-0.00550722	-0.0493154	-0.345031	0.00176335	-0.000602933	-8.58908e-05	0
280.4722999974	217.8321691911	-0.00550666	-0.0299999	-0.29723	0.00226667	-0.000273971	-0.000383342	0
280.0297069476	217.5255558226	-0.00649208	-0.0796124	-0.314919	0.00224536	-0.000303378	-0.000480987	0
280.1249798014	217.466420637	-0.00529036	-0.0494617	-0.33078	0.00289498	-0.000643331	-0.000243143	0
280.7983992653	217.8148234108	-0.00331883	0.0276959	-0.250035	0.00232905	-0.000325914	-0.000140184	0
280.6534460056	217.5883683677	-0.00266792	-0.0237092	-0.245884	0.00177951	-7.33116e-05	-8.58908e-05	0
281.0519568085	217.8776089164	-0.00234428	-0.0190636	-0.273449	0.00163206	-0.000286147	-0.000185278	0
281.8935814201	217.9955953738	-0.00600629	-0.0181365	-0.303573	0.00190728	-0.000350873	-8.58908e-05	0
280.9165594759	217.8079689208	-0.00605433	-0.0849095	-0.347953	0.0018678	-0.000324345	-8.58908e-05	0
280.7972275576	217.7639082053	-0.00303123	-0.0884874	-0.337678	0.0019822	-0.000401841	-0.000363059	0
280.4606089585	218.0372225426	0.00123114	-0.0296246	-0.313429	0.00231454	-0.000368647	-0.000260974	0
281.3261364069	218.074712682	0.0111473	-0.00174844	-0.280687	0.00165059	-0.000586561	-8.58909e-05	0
280.967619893	217.9149232997	0.00894098	0.00650729	-0.227901	0.00186195	0.000121977	-8.58908e-05	0
280.4863604896	218.3660487849	0.0111755	0.00259108	-0.262502	0.00132624	-0.000281804	-8.58909e-05	0
281.9517501972	218.2937589273	0.00384526	-0.0368899	-0.347625	0.00113429	-7.28646e-05	-8.58909e-05	0
280.1582042238	218.0413595721	0.0111666	-0.0766559	-0.330715	0.00169208	-0.000156114	-8.58909e-05	0
280.7024754627	218.1999727402	0.00541409	-0.048545	-0.334041	0.00215597	-0.00020027	-0.000449547	0
280.1416180505	218.2043936834	0.0020228	-0.0755635	-0.352459	0.00186349	-0.000257353	-0.000370806	0
281.5800324434	218.1326986928	0.0111901	-0.0261372	-0.279525	0.00218018	-7.87756e-05	-8.58908e-05	0
280.4303268243	218.2351374905	0.0111814	0.0197879	-0.282834	0.00169208	-0.000198287	-8.58909e-05	0
280.7075007868	217.5286923939	0.0112586	-0.00940417	-0.276351	0.000970567	-0.000163286	-2.85907e-05	0
282.4903972393	218.3315735396	-0.0017659	-0.0731324	-0.363199	0.00204633	-0.000436026	-8.58909e-05	0
281.6444503282	217.9564693503	-0.00647492	-0.0529279	-0.401459	0.002031	-0.000619748	-8.58909e-05	0
281.9610457449	217.9642566998	0.0111805	-0.0605911	-0.408038	-0.000498739	-0.0001619	-8.58909e-05	0
282.4312650581	218.1261821954	0.0111799	-0.0269564	-0.295637	-0.000760125	-0.000214557	-8.58908e-05	0
282.5562211733	218.2275123774	0.0112147	0.0164506	-0.252747	0.00085852	-9.44136e-05	-8.58909e-05	0
281.5570669728	217.8690779832	0.011262	-0.00261261	-0.258148	0.000579929	-6.10646e-05	1.61986e-05	0
282.6564151994	218.2074220971	-0.00256514	-0.080277	-0.380924	0.00131139	-0.000215046	-8.58909e-05	0
281.8658510049	218.2975714838	-0.000654686	-0.0224888	-0.357095	0.00197712	-0.000152589	-0.00034428	0
282.0744149729	218.0266501341	0.00119581	-0.100106	-0.354571	0.00156226	-9.95325e-05	-0.000446725	0
282.1283916403	218.1092149668	-0.00114966	-0.074903	-0.356909	0.00162108	7.45599e-05	-8.58909e-05	0
282.5904350377	218.1725142212	0.0113023	0.0115977	-0.256168	0.000947669	0.000193494	6.82444e-05	0
281.5000438654	217.9359058804	0.00068549	-0.00103721	-0.238318	0.000198774	5.11135e-05	0.000241476	0
282.0938913585	218.0216478436	-0.00629872	-0.0283488	-0.329536	0.00035088	-3.46399e-05	0.000432321	0
282.9875658293	218.5744955822	-0.00714792	-0.0115407	-0.395666	0.00103407	-0.000435361	-0.000148052	0
281.3586578047	218.0736716648	-0.0027721	-0.063255	-0.401972	0.00035088	-0.000157561	-2.43163e-05	0
281.3627197247	218.1437713304	0.0111925	-0.0618737	-0.378606	0.000533563	-1.43549e-06	-0.000148052	0
282.1273761603	218.2940293214	0.00703246	0.0137223	-0.289094	0.000570157	0.000332472	0.000148069	0
282.8876842586	218.1816400215	0.00149142	0.0169041	-0.255547	0.00035088	0.000388176	0.000210819	0
281.8571022542	217.9991240166	-0.00057291	0.0168193	-0.235654	0.000684213	0.000368939	0.000344102	0
282.0619167576	218.0613822538	-0.00116245	0.00881292	-0.280817	0.000893723	0.000358633	0.000344102	0
282.189815161	218.1391070325	-0.0052244	-0.0626792	-0.352918	0.000536018	3.58798e-05	0.000344102	0
281.7502945891	218.0862585093	-0.00144727	-0.0634398	-0.350068	0.000976268	0.000204769	3.87072e-05	0
282.209057205	218.1358217444	0.00417376	-0.0287093	-0.331018	0.00178164	0.000388947	-7.67735e-05	0
281.2240416106	218.1304679416	0.000958232	-0.0302071	-0.345146	0.00135493	0.000380466	-7.59724e-05	0
281.8814477361	218.0770651105	0.011514	0.0306822	-0.266901	0.00127343	0.0007055	0.000120698	0
281.0807287416	218.0410756583	0.0115271	0.0354017	-0.233606	0.00035088	0.000604563	0.000344102	0
280.8511261111	217.945788784	0.011561	0.0150274	-0.286444	0.000549922	0.000707682	0.000344102	0
281.4009434332	218.4320925393	0.00515724	-0.0145652	-0.305247	0.000883083	0.000555534	0.000153074	0
280.1901788246	218.2138574763	0.00219592	-0.0886696	-0.295548	0.000759243	0.000411453	0.000151	0
279.6318210555	217.8355355974	0.00630955	-0.090162	-0.325316	0.00131832	0.00037974	0.000344102	0
280.060353613	217.8487308286	0.0115526	-0.0537419	-0.278043	0.00172576	0.000513586	0.000344102	0
279.2393510567	217.8381449003	0.00120867	-0.0789126	-0.30504	0.00140573	0.000369365	4.60009e-05	0
280.337319272	217.7312851593	0.00759189	-0.00877191	-0.243232	0.00181058	0.000517215	0.000263603	0
279.8323132595	218.1164885676	0.00482402	0.0334413	-0.246546	0.00129173	0.000584845	0.000344103	0
280.0790228222	217.7695188824	0.0101454	0.025765	-0.282295	0.000759243	0.0006649	0.000344103	0
280.6537063851	217.9559285621	0.0101006	-0.0323913	-0.287665	0.00113838	0.000587221	0.000344103	0
280.6751616547	218.0656139212	0.000574893	-0.0407043	-0.296403	0.00126015	0.000429001	0.000344103	0
280.1152936845	217.6015365594	0.00356532	-0.0558819	-0.3204	0.00131822	0.000452551	0.000344103	0
279.8998556981	217.8639269759	0.0100808	-0.046946	-0.28345	0.0016419	0.000541556	0.000344103	0
280.4629784118	217.7875676874	0.000250648	-0.0586519	-0.300265	0.00128539	0.000371454	0.000344103	0
280.4586821503	217.5406708517	0.0100158	-0.0329871	-0.304869	0.00178835	0.000275049	0.000547242	0
281.1753766847	218.2603246991	0.0671824	0.0201496	-0.229548	0.00197002	0.000260008	0.00117564	0
281.6722067814	218.253524288	0.0616661	-0.0440935	-0.195716	0.00289017	0.000562775	0.000863282	0
281.8681944203	217.5500400066	0.0340995	-0.0882652	-0.469964	0.0240064	0.00156084	-0.000882397	0
280.0225985876	216.5560308046	0.0526076	-0.198969	-0.409198	0.0290756	0.00161284	-0.00136589	0
278.149662909	216.8998909578	0.0283147	-0.204738	-0.605618	0.0125598	0.0020991	0.000326808	0
279.5920871459	218.3886807695	0.0279328	-0.160236	-0.666458	0.00764021	0.00107955	0.000483861	0
280.3642685488	218.3295050248	0.0321708	-0.166952	-0.514957	0.00891502	0.000778855	0.000552165	0
281.072969433	218.360884258	0.0232747	-0.0692174	-0.395801	0.00966711	0.00110156	0.00060728	0
279.6895211495	217.3584387606	-0.0091118	-0.0237245	-0.416419	0.00840324	0.00127366	7.56533e-05	0
281.2720295498	218.4343773693	0.0312885	0.0487369	-0.49763	0.00841481	0.00112055	0.000612571	0
280.5104976679	218.3470941598	0.0435779	0.0815543	-0.517616	0.00920944	0.00154812	0.000889871	0
280.5132576905	218.3317628154	0.0535467	0.0806333	-0.509335	0.00971922	0.00145519	0.000904964	0
281.3383482048	218.0316389049	0.0546701	0.0223661	-0.405394	0.00835024	0.00142266	0.000984881	0
281.4666111395	218.5259463249	0.0485465	-0.0638738	-0.464428	0.00855141	0.00166214	0.00106026	0
281.9108185421	217.8628318799	0.0519137	-0.0653929	-0.505104	0.00924511	0.0013855	0.000994827	0
282.2602738498	218.0132926664	0.0507919	-0.191103	-0.51061	0.00880716	0.00192456	0.00103812	0
281.1355646613	218.0844333492	0.0398448	-0.184115	-0.491789	0.00898694	0.00163505	0.00124921	0
281.1786835042	218.035194587	0.0371657	-0.0576517	-0.484289	0.00852288	0.00179164	0.0010873	0
283.0093075164	218.165078384	0.0487617	0.00470882	-0.383215	0.00761754	0.0014848	0.00132645	0
281.4953830726	217.9543873158	0.0563428	0.015335	-0.31689	0.00623847	0.00164493	0.00140344	0
281.7967202514	218.4794115035	0.0393808	0.0194592	-0.453171	0.00715357	0.00135059	0.00151935	0
280.538826956	218.0270962843	0.0378922	0.0262036	-0.502364	0.0075771	0.00173945	0.0011146	0
280.3482291724	217.6737452988	0.0480493	-0.00830643	-0.454296	0.00804957	0.00159166	0.00105913	0
280.763117845	217.5871380746	0.0373113	0.00948598	-0.42971	0.0076929	0.00170774	0.0010691	0
281.0120927092	217.9038641817	0.0418456	0.0246488	-0.366996	0.00700055	0.00173911	0.00131533	0
280.520079633	217.5981566334	0.0456079	0.007358	-0.288478	0.00584556	0.00194301	0.00144214	0
280.2266840285	217.4793860332	0.0320246	-0.0441079	-0.285312	0.00554973	0.00188247	0.00137238	0
280.7506717056	217.8845986034	0.0278257	-0.0878952	-0.477554	0.00754724	0.00177203	0.00127086	0
280.4502979308	217.4521843886	0.0367466	-0.0895657	-0.4228	0.00821727	0.00158701	0.00106791	0
280.7562698645	217.538372502	0.0293866	-0.104952	-0.446654	0.00866504	0.00126099	0.00084299	0
280.0037210749	217.2909078388	0.0371254	-0.0335923	-0.436231	0.00812119	0.00142669	0.00106048	0
280.6298295862	217.7006224705	0.0551968	0.024566	-0.372912	0.00699958	0.00145754	0.00129842	0
280.8414139563	217.3957666635	0.0427314	0.0495887	-0.330864	0.00612537	0.00170559	0.00151935	0
280.2235073988	217.6790991016	0.0312057	0.0256442	-0.329985	0.00641633	0.00165605	0.00151935	0
281.7882318802	217.8850717931	0.0443476	0.0371663	-0.441767	0.0070785	0.00159623	0.0012197	0
281.0902325929	217.4600663761	0.0433793	-0.0350611	-0.476851	0.00676075	0.0020221	0.00107523	0
280.7303360677	217.6791531805	0.0417639	-0.0866186	-0.416153	0.00745683	0.00173753	0.000958775	0
280.9803264119	217.6581705998	0.0410691	-0.0557752	-0.430673	0.00757711	0.00165584	0.0010222	0
280.397545047	217.3783803241	0.0412647	-0.057586	-0.465267	0.00758809	0.00180372	0.000889024	0
281.4794218101	217.4254964928	0.0467984	0.00651322	-0.408098	0.00735318	0.00209819	0.0010625	0
281.0152953769	217.4146942492	0.0447377	0.000748612	-0.362061	0.00636546	0.00193333	0.00126053	0
280.724112998	217.4457084504	0.044431	-0.0223406	-0.449297	0.00675823	0.00210137	0.00118035	0
280.8087884068	217.6449348095	0.0457982	-0.00406458	-0.458213	0.00774749	0.00181823	0.00108633	0
279.3531889678	217.5546907848	0.04289	-0.0648385	-0.488688	0.00729222	0.00201628	0.00107029	0
279.6929321208	217.5540688785	0.0486276	-0.0413821	-0.452348	0.00784951	0.00212524	0.001091	0
279.8710577269	217.6577514889	0.0446315	-0.0156256	-0.443842	0.00748111	0.0016012	0.000965572	0
280.0495999403	217.7751836384	0.0480681	-0.0206239	-0.463011	0.00772946	0.00180588	0.000926619	0
279.41586231	217.8996189947	0.0474749	0.000397257	-0.409677	0.00786337	0.00204383	0.00108446	0
280.0223382081	217.9501286091	0.0498331	-0.00729698	-0.383138	0.00693657	0.00220458	0.00110162	0
279.5052766254	217.7727095326	0.0612511	-0.016031	-0.333282	0.00654651	0.00213939	0.00107546	0
279.9670856813	217.9081499279	0.0508191	-0.0398713	-0.406202	0.00706783	0.00178945	0.000942573	0
279.5371210365	217.6634838435	0.0528147	-0.0590078	-0.436964	0.0075648	0.00222511	0.00108848	0
279.9283672517	217.3676591988	0.050522	-0.0767681	-0.395879	0.00732493	0.00206218	0.00104035	0
279.7244120006	217.1729619405	0.0540167	-0.0764076	-0.431459	0.00734712	0.00208463	0.000778179	0
279.7296195903	217.4289034582	0.0525467	-0.0534483	-0.419904	0.00785087	0.00202334	0.000975826	0
280.6857330618	217.5961421975	0.0571612	0.01447	-0.394458	0.0077285	0.00207919	0.000960155	0
280.2110612594	217.120951639	0.0620681	0.00750398	-0.390724	0.00691874	0.00244171	0.000826706	0
279.9200090702	217.2399250348	0.0686183	0.0251199	-0.364586	0.00634387	0.00264006	0.00110623	0
281.2868711805	217.4108952124	0.0523588	-0.00976073	-0.462279	0.00701669	0.002265	0.000966503	0
280.2546748232	217.1886177579	0.0507019	-0.0364296	-0.48609	0.00755653	0.00232399	0.000871932	0
280.74338108	217.172894342	0.0570923	-0.0725746	-0.430246	0.0076784	0.00211422	0.000995366	0
280.6123581227	217.246035941	0.0466951	-0.0642601	-0.445194	0.00745825	0.0018588	0.000942258	0
280.2699070231	217.387844117	0.0573732	-0.058637	-0.462958	0.00813749	0.00205418	0.000945063	0
280.8456581419	217.0687520616	0.0491502	-0.0151401	-0.441353	0.00839755	0.00193414	0.000943179	0
280.4944582916	217.2803219105	0.0547035	-0.00376954	-0.431508	0.00767078	0.00229612	0.000979986	0
280.7737673659	217.2342062	0.0625006	0.0123758	-0.372172	0.00778345	0.00272022	0.00111374	0
280.8823456115	217.4053115746	0.0610961	0.0176642	-0.416806	0.00763244	0.00242891	0.00109691	0
281.6398155733	217.4802377745	0.054819	-0.0289832	-0.487208	0.00758596	0.00234523	0.00110924	0
281.1604048643	217.5740915602	0.0535008	-0.0636932	-0.465265	0.00817963	0.00252365	0.00106686	0
280.7753556808	217.7551203976	0.0489946	-0.0562704	-0.50427	0.00862897	0.00231416	0.000987153	0
281.3855550056	217.5463085683	0.0487316	-0.029889	-0.528416	0.00890667	0.00239674	0.00101273	0
281.6867619946	217.5220947783	0.0533118	-0.0647077	-0.528539	0.00925844	0.0027151	0.0010158	0
282.6392301533	218.1024821542	0.0650601	0.00428204	-0.446635	0.0113128	0.00311994	0.000983714	0
282.968974734	217.5595578783	0.111399	-0.0824826	-0.352705	0.0168369	0.00365281	-0.000677485	0
281.6271350924	216.5030335647	0.13962	-0.117252	-0.0155079	0.0141157	0.00379529	-0.000649577	0
280.0387160778	216.2395210127	0.186821	-0.0830133	0.108777	0.0140604	0.00557102	-0.000238298	0
278.8543279111	216.1561449978	0.159153	-0.114927	0.226953	0.013805	0.00427755	0.000745968	0
278.6326147791	216.8206519723	0.12032	-0.246733	0.255155	0.0113705	0.004291	0.00172738	0
280.6286318406	217.9402727448	0.10613	-0.242457	0.121221	0.0091383	0.00370648	0.00246773	0
280.6375107811	218.6170556106	0.0512712	-0.0354523	-0.362928	0.00794759	0.00237532	0.00239191	0
280.5567150266	217.9380149542	0.0643703	-0.0786126	-0.374858	0.00851025	0.00289983	0.00289105	0
279.2425537243	218.0312873926	0.0543302	-0.0486871	-0.408604	0.00909417	0.00351639	0.00289105	0
279.7700565244	217.6352547014	0.0709652	0.104837	-0.343004	0.00842886	0.00431305	0.00336746	0
279.2394552085	217.5664664471	0.0664498	0.102002	-0.303817	0.0079275	0.00410461	0.00324346	0
279.6853290398	218.0114269473	0.0504858	0.01942	-0.392401	0.00947855	0.00399311	0.00287581	0
280.679588106	218.1328203701	0.0466693	-0.0229064	-0.462332	0.0103389	0.00401531	0.00247279	0
280.1887467374	217.9139769204	0.0441824	-0.0859481	-0.41058	0.00931993	0.00372753	0.00219378	0
279.9141765698	217.7804428033	0.0442001	-0.187379	-0.407702	0.00833972	0.00370239	0.00239299	0
280.300840106	217.9043914502	0.0486736	-0.12115	-0.366523	0.00747693	0.00390642	0.00228459	0
281.0045417041	217.6261694602	0.0477706	-0.0920623	-0.300877	0.00671203	0.00389219	0.00253459	0
280.9131745426	217.4468981843	0.0443492	-0.138725	-0.319372	0.00643769	0.00367458	0.00253459	0
280.2650118888	217.4203319658	0.0433758	-0.0799407	-0.382033	0.0067462	0.00386964	0.00253459	0
279.8904039227	217.199622797	0.0473491	-0.073422	-0.37269	0.00748908	0.00373198	0.0024517	0
280.6300899657	217.2588661402	0.0465566	-0.0180604	-0.39543	0.00656972	0.00400899	0.00247555	0
279.9005847606	217.8321421517	0.0446293	0.0186397	-0.25064	0.00662498	0.00371131	0.00253459	0
280.5450500257	217.9092855831	0.0430353	0.0325715	-0.284074	0.00541319	0.0038505	0.00246075	0
280.4136885751	218.1195169813	0.0445746	0.0315256	-0.341166	0.00538289	0.00409742	0.00253459	0
279.3879756671	218.6009806825	0.0400653	-0.0453906	-0.277437	0.00747812	0.0035012	0.00210769	0
278.5886627219	217.7682209909	0.0423877	-0.0914631	-0.386283	0.00652022	0.00371667	0.00215119	0
278.0455111147	218.0598950864	0.040826	-0.0736066	-0.420958	0.00643536	0.004367	0.00253459	0
277.2354705347	218.197971824	0.0343869	-0.0818864	-0.504918	0.00736658	0.0037654	0.00209324	0
278.5426015909	218.0572722638	0.0406723	-0.0546975	-0.362005	0.00599514	0.00390357	0.00219061	0
279.1831351257	218.5407504009	0.0465653	-0.0690539	-0.240092	0.00496095	0.00343551	0.00253459	0
277.8354629836	217.821164152	0.0481821	-0.0563854	-0.315663	0.00491119	0.00361588	0.00253459	0
277.9317773553	217.9161265533	0.0492971	-0.0131513	-0.315615	0.00543707	0.00353604	0.00245998	0
277.8215326811	217.7613124221	0.0370999	-0.0667657	-0.308708	0.00509029	0.00380797	0.00246864	0
277.852960485	217.5703601219	0.0428437	-0.0274707	-0.324611	0.00449171	0.00384347	0.00246766	0
278.5918653896	217.2429399288	0.0385685	-0.0665738	-0.309931	0.0046269	0.00351015	0.00219929	0
278.9894388263	217.3150810697	0.0409314	-0.0143963	-0.323869	0.00532663	0.00412733	0.00253459	0
278.7993878397	217.1695279357	0.0384056	-0.061576	-0.353665	0.00509939	0.00412595	0.00242625	0
279.0727862997	217.5221218177	0.0325457	-0.0500019	-0.34348	0.00511148	0.00372644	0.00253459	0
279.6101835202	216.9823070738	0.0404341	-0.0207265	-0.298551	0.0048397	0.00411652	0.00267966	0
279.3479032643	216.9857951575	0.035799	-0.101491	-0.390445	0.0049936	0.00409959	0.00253459	0
279.3535014232	217.0334115552	0.0313748	-0.102474	-0.404256	0.00556205	0.00385908	0.00253459	0
279.0434936075	217.038630161	0.0355754	-0.0640209	-0.367768	0.00550549	0.00410625	0.00253459	0
278.5696029435	217.1496269313	0.0388641	-0.0897919	-0.385349	0.00508655	0.00421312	0.00253459	0
278.700495711	217.0908567778	0.0287824	-0.0870324	-0.385668	0.0053353	0.0040723	0.00253459	0
278.8518022301	217.2141699985	0.0389186	-0.0314485	-0.357823	0.00543649	0.00414313	0.00253459	0
279.1837860744	216.8066455589	0.0345095	-0.0769986	-0.365092	0.00488918	0.00427446	0.00253459	0
279.1778494221	217.1115013659	0.0369308	-0.0496261	-0.374091	0.00534422	0.00427956	0.00275589	0
279.6888962387	217.5739563631	0.0468047	-0.0084096	-0.303046	0.00471993	0.00455955	0.00309689	0
279.9308148189	217.5483365239	0.0256416	-0.0955592	-0.384358	0.00450753	0.0045309	0.00267264	0
279.7978910915	217.4570244427	0.0242038	-0.105502	-0.423074	0.00493969	0.00443967	0.00285367	0
279.8420514522	217.4285384262	0.0314425	-0.0893089	-0.377797	0.00513963	0.00434381	0.00266075	0
279.9247479769	217.5498101717	0.0221668	-0.13334	-0.414141	0.00497585	0.00417498	0.00266495	0
280.1351866772	217.7109380047	0.0205093	-0.0909522	-0.435979	0.00555258	0.00436285	0.00257419	0
279.953545948	217.734178376	0.0344957	-0.0423415	-0.362514	0.00485809	0.00417596	0.0026834	0
281.0173784128	217.7307038121	0.0326378	-0.0442954	-0.324406	0.00389754	0.00428096	0.00290568	0
280.3179210003	217.9585243453	0.0311418	-0.011642	-0.326812	0.00397868	0.00424819	0.0028066	0
281.7838575048	218.3682119376	0.0299842	-0.0537232	-0.393796	0.00399765	0.00415998	0.00257419	0
280.8141001483	218.4661216344	0.0273826	-0.107848	-0.435142	0.00412837	0.0044554	0.00257419	0
279.9936183509	217.9897819011	0.0329688	-0.118432	-0.44664	0.00471709	0.00423539	0.00257419	0
280.5746551732	217.9176137208	0.036739	-0.0758341	-0.425774	0.00486245	0.00471644	0.00262595	0
279.7475857748	217.7638676461	0.0360214	-0.0733686	-0.453035	0.0043352	0.00448908	0.00257419	0
280.589939449	218.3114291805	0.0289402	-0.0278168	-0.371733	0.00388375	0.00494371	0.0030792	0
281.0269083019	217.9470055574	0.0353293	0.00181825	-0.352791	0.00320689	0.00460568	0.00285172	0
280.8711492936	218.4158012959	0.0305168	-0.00772564	-0.398861	0.00304761	0.00469078	0.00307428	0
282.2593364837	218.4701505062	0.0342707	-0.0562059	-0.485643	0.00335263	0.00463431	0.00280989	0
280.962047772	217.9824677412	0.028622	-0.117129	-0.493107	0.00144696	0.00413726	0.00250014	0
281.2698423621	217.9129223835	0.0233681	-0.109229	-0.487138	0.0027478	0.00389835	0.00250531	0
280.9164032482	217.6779093677	0.0208126	-0.0305492	-0.452017	0.00363965	0.004223	0.00257419	0
281.2919485804	217.8548552545	0.0196286	-0.0268662	-0.426253	0.00300197	0.00407336	0.00311763	0
280.9573088654	217.506438961	0.0171957	-0.0318898	-0.398652	0.0031172	0.0039976	0.00332014	0
281.8429376101	217.2864057774	0.012154	-0.0503511	-0.474326	0.00345686	0.00386966	0.00291419	0
281.1802457811	217.2719667334	0.0123733	-0.0927295	-0.519821	0.0033129	0.00402866	0.00265249	0
281.0823691324	216.8772184141	0.0201663	-0.0931099	-0.493064	0.00401514	0.00433991	0.00265249	0
280.86891003	217.3093487152	0.00733843	-0.0572752	-0.492362	0.00414845	0.00395639	0.00257171	0
281.6854600972	216.9451954862	0.0054137	-0.0554209	-0.524664	0.00410298	0.0042366	0.00265249	0
281.2301865664	217.4744783806	0.00311633	-0.00691408	-0.436905	0.00361251	0.00395494	0.00275171	0
281.4105774741	217.3556401819	0.00637766	-0.0502969	-0.436213	0.0025588	0.00442603	0.0032267	0
281.9378459327	217.6903880545	-0.00563038	-0.063394	-0.511409	0.00308517	0.00393356	0.00265249	0
281.8612683259	217.8519485181	0.00421969	-0.031946	-0.572676	0.00347846	0.00418646	0.00233025	0
281.3690990221	217.1883608835	0.0097436	-0.117178	-0.542728	0.00313252	0.0037617	0.00222298	0
280.8826320289	217.5220947783	0.0108858	-0.105007	-0.482779	0.00333306	0.00407741	0.00238275	0
280.7513747302	217.6001440299	0.00214218	-0.0273985	-0.465882	0.0025687	0.00379455	0.00285195	0
281.0669286289	217.3907102942	0.00381969	-0.00592176	-0.473871	0.00275656	0.00382259	0.00285195	0
280.9662919577	217.5014366705	0.00689252	-0.0100076	-0.443892	0.00302049	0.00443414	0.00285195	0
282.2499628222	217.8807049287	-0.00692194	-0.045323	-0.564619	0.00317021	0.00406269	0.00285195	0
281.0675535397	217.5700086095	-0.00240677	-0.0818563	-0.586734	0.00430345	0.00377275	0.00285195	0
281.7925541797	217.4075288061	-0.00236754	-0.065643	-0.537259	0.00463476	0.00401124	0.00243076	0
280.976733175	217.2995739691	-0.00789357	-0.0737312	-0.59733	0.00419698	0.00418558	0.00248956	0
281.5388143708	217.53161265	-0.00206833	-0.0711251	-0.569326	0.00491507	0.00398511	0.00254825	0
281.0498477346	217.972517239	-0.00525031	0.0132368	-0.513327	0.00363892	0.00441481	0.00285195	0
280.2600646786	217.6675667941	-0.00559934	-0.0244538	-0.517464	0.0033681	0.00443489	0.00285195	0
281.0285486927	217.7799696137	-0.00277118	-0.0356655	-0.501579	0.00312333	0.00453404	0.00300196	0
280.7009392238	217.8357113535	-0.00249102	-0.112306	-0.600294	0.00302209	0.00463855	0.00285195	0
279.3196000142	217.7899741947	-0.00273219	-0.0980579	-0.575504	0.00440671	0.00428424	0.00285195	0
280.193042999	217.6821680745	-0.0117338	-0.0749947	-0.562478	0.00426992	0.00427376	0.00285195	0
279.2971553025	217.1557107982	-0.00640051	-0.0757647	-0.600912	0.00525707	0.004222	0.00277268	0
279.3481376058	217.4133557985	-0.00523086	-0.0381063	-0.550742	0.00497481	0.00421949	0.00285195	0
279.1441302787	217.5678724963	-0.00450303	-0.0297731	-0.554867	0.00441388	0.00447581	0.00285195	0
279.4932731311	217.235801525	0.0109052	-0.0118498	-0.466936	0.00409737	0.0048315	0.0032062	0
279.64572532	217.3676456791	-0.000501439	-0.0175606	-0.486013	0.0036329	0.004814	0.00311938	0
280.2574608837	217.3853024126	-0.00765804	-0.082782	-0.593122	0.00448086	0.00462103	0.00303177	0
279.8687403495	217.0600048131	-0.00223041	-0.0946912	-0.557394	0.00538165	0.00431851	0.00285195	0
279.5254560356	217.01720143	-0.00623558	-0.119245	-0.591979	0.00497328	0.00457174	0.00285195	0
279.6179688668	216.7247837508	-0.000960339	-0.100424	-0.570044	0.00562854	0.00460501	0.00285195	0
279.5751885173	217.174449108	-0.00863103	-0.0287215	-0.555046	0.00559465	0.00457163	0.00285195	0
279.9001941914	217.3531255169	-0.0024981	-0.0246364	-0.53433	0.00494696	0.00464107	0.00332829	0
279.7536265789	217.1141647476	-0.00439217	-0.00776629	-0.513069	0.0050719	0.00484836	0.00338027	0
280.0227287774	217.1680137289	-0.00749918	-0.0778442	-0.575326	0.00445836	0.00474653	0.003282	0
279.213339146	217.1363100228	-0.0157347	-0.0898387	-0.598165	0.00503082	0.00426385	0.00320031	0
280.0807152888	217.1934713316	-0.00971703	-0.0817854	-0.574321	0.00534449	0.00431475	0.00333384	0
280.0186928953	217.1638091009	-0.0168737	-0.102409	-0.651115	0.00508271	0.00457214	0.00285195	0
280.1566940228	216.950454651	-0.0159102	-0.102276	-0.601571	0.00552317	0.00444851	0.00285195	0
280.2931849492	217.509548493	-0.0179819	-0.047434	-0.550511	0.00452889	0.00455737	0.00285195	0
279.8875657863	217.3295336333	-0.0188183	-0.0644995	-0.549855	0.00432029	0.00445346	0.00346362	0
280.2248092962	217.2167387423	-0.0170509	-0.079702	-0.554106	0.00480497	0.00455414	0.00310217	0
279.666998324	217.7078555122	-0.0195122	-0.121622	-0.66117	0.00534964	0.00411907	0.00285195	0
279.6055487654	217.6743942446	-0.0111747	-0.0972126	-0.674576	0.00550693	0.00446289	0.00285195	0
279.422449911	217.6677966291	-0.00768261	-0.0596614	-0.638587	0.00555089	0.00470588	0.00285195	0
279.5863327593	217.5783637867	-0.0151109	-0.0801184	-0.650945	0.0050535	0.00468873	0.00275059	0
280.4998741849	217.7406002354	-0.0109312	-0.0549457	-0.565449	0.00527026	0.00457957	0.00337595	0
279.5341527104	217.0224065161	-0.0144459	-0.00745183	-0.573472	0.0052702	0.00473669	0.00323662	0
280.307974504	217.217941996	-0.0248397	-0.0703899	-0.632124	0.00446389	0.00412923	0.00306319	0
280.3437246073	217.5242984901	-0.0142335	-0.0772707	-0.627157	0.00502788	0.00429645	0.00251942	0
280.5429669898	217.5952363773	-0.0158086	-0.11282	-0.625319	0.00444491	0.00387326	0.00235981	0
280.6843790885	217.5004767715	-0.0211647	-0.130099	-0.631557	0.00510202	0.00286592	0.00285195	0
282.2726939513	218.2762779499	-0.00637755	-0.00741323	-0.455663	0.00334975	0.00332276	0.00285195	0
281.4948362757	217.8850853128	-0.000602265	-0.0396565	-0.439072	0.00277834	0.00358665	0.00285195	0
280.896275914	217.8821785764	-0.000108608	-0.0170537	-0.392085	0.00256741	0.00350462	0.00285195	0
281.7019941945	218.4970141582	-0.0022049	-0.0422596	-0.581956	0.00313502	0.00387295	0.00273779	0
280.9127058595	217.5440102186	0.025267	-0.0737091	-0.65051	0.00250112	0.00448958	0.00285195	0
280.3102137675	217.5594902798	0.0223144	-0.0573386	-0.593161	0.00234764	0.00462109	0.00285195	0
280.8217292672	217.1117312008	0.0177732	-0.0833227	-0.63962	0.00208756	0.00469158	0.00273771	0
281.6420548369	218.2524697511	0.016698	-0.0181531	-0.504234	0.00262894	0.00401133	0.00285195	0
282.4222298899	218.3241647417	0.00493415	-0.0109755	-0.41	0.00186496	0.00361084	0.00285195	0
282.0170273343	217.8009657141	0.0027404	-0.0147601	-0.422973	0.0012532	0.00376682	0.00285195	0
281.5304561893	217.8711194585	-0.0118152	-0.0596359	-0.474228	0.00222503	0.00376682	0.00285195	0
281.1180411219	217.6305092852	-0.00976586	-0.0997854	-0.462122	0.00255402	0.00335079	0.00243689	0
280.8919796524	217.7029478596	-0.00487876	-0.0886269	-0.494676	0.00318323	0.00321085	0.0023802	0
281.0864570903	217.3774609842	0.00386867	-0.0707867	-0.47877	0.00356515	0.00363547	0.0023802	0
281.306842287	217.4046491091	0.00125888	-0.0375139	-0.45572	0.00243983	0.0034622	0.00250958	0
281.5925827346	217.8670905867	0.00285618	-0.0104915	-0.416233	0.00258839	0.00358963	0.00284041	0
280.7503592502	217.7040970345	0.00392421	0.0373944	-0.370576	0.00258851	0.00401822	0.00298255	0
281.4108638916	217.943963624	-0.0116691	-0.0835579	-0.512595	0.0026286	0.00347467	0.00258697	0
281.5842505911	217.5848532446	-0.0143322	-0.071163	-0.534861	0.00305204	0.00332377	0.00254695	0
281.6276558514	218.0791201055	-0.0086177	-0.0660886	-0.474166	0.00326376	0.0035071	0.00240466	0
281.5478755769	217.5462950486	-0.0089146	-0.0965319	-0.496393	0.00283842	0.00363712	0.00237651	0
281.1663415165	218.1747720118	-0.00867236	-0.0583966	-0.457474	0.00316837	0.0035268	0.00254695	0
282.2965707501	218.0122922083	-0.00850876	0.00435397	-0.412568	0.00302101	0.0036937	0.00254695	0
281.2599739796	217.9986508269	-0.00161792	0.0218814	-0.399727	0.00265236	0.00356492	0.00254695	0
281.6424454061	217.9097722924	-0.0270292	-0.0392484	-0.428307	0.00262648	0.00347564	0.00269178	0
281.3546739985	217.9370820946	-0.0380912	-0.0297751	-0.529805	0.00557295	0.00348551	0.00254695	0
280.7895203248	217.4087726189	-0.0351295	-0.0349829	-0.564293	0.00593027	0.0036468	0.00215268	0
279.2141463224	217.4274298105	-0.013072	-0.0139913	-0.514463	0.00544021	0.00379302	0.00254695	0
281.5469121728	218.2888512747	-0.00784368	-0.0742451	-0.630463	0.00452872	0.00394549	0.00214458	0
280.3684606585	218.0584619977	-0.0203083	-0.0188455	-0.678437	0.00376711	0.00363571	0.00197027	0
281.1128074943	218.5981956234	-0.00745125	-0.0654824	-0.492585	0.00337463	0.0031813	0.00216946	0
280.7717624439	217.9658249855	-0.00416811	-0.00466753	-0.391126	0.00300473	0.0035519	0.00251421	0
280.6049112695	218.1095935185	-0.0146368	-0.10259	-0.498494	0.0033049	0.00379946	0.00262349	0
279.964195469	218.1324958972	-0.0214688	-0.0672299	-0.534492	0.00434284	0.00306002	0.00239184	0
279.812810836	217.8009386747	-0.00969758	-0.0736317	-0.490135	0.00487052	0.00324313	0.00217676	0
278.8562807573	217.7493339643	-0.0132486	-0.0818777	-0.518423	0.00462747	0.00330493	0.00213167	0
279.3447266345	217.7149668765	-0.0118151	-0.0614567	-0.515724	0.00506372	0.00301071	0.00214346	0
279.5844059511	217.9780467979	-0.0143637	-0.00861133	-0.472874	0.00455678	0.00324291	0.00214346	0
280.1674476955	217.8477574099	-0.0133203	0.000549473	-0.439757	0.00421215	0.00325838	0.00214346	0
279.0263345994	217.9253334718	-0.00197673	-0.0040961	-0.382707	0.00391242	0.00322584	0.00281135	0
278.6373276478	217.7446561467	-0.00951119	-0.0686998	-0.443072	0.00394171	0.00329357	0.00252713	0
278.5725712697	217.4741268683	-0.0108967	-0.0730701	-0.44437	0.00432745	0.00334254	0.00281135	0
278.8617747644	217.6005631407	-0.0142924	-0.072293	-0.422537	0.00460692	0.00334787	0.00240134	0
278.6294641873	217.3239229561	-0.0111741	-0.0787211	-0.430148	0.00405401	0.00324868	0.00239703	0
278.327866629	217.3354958228	-0.00640158	-0.0776096	-0.395269	0.00464869	0.00306847	0.0023984	0
278.4779233266	217.6210725318	-0.00992598	-0.0361892	-0.400873	0.00456434	0.00318137	0.00241027	0
278.9642340921	217.5867054441	-0.00746154	-0.0126122	-0.376672	0.00395589	0.00328537	0.00242301	0
279.2034707635	217.1439080965	-0.00394949	-0.0378849	-0.332701	0.00357332	0.00323	0.00281135	0
279.6560884235	217.290258893	-0.00924677	-0.0470517	-0.41229	0.00397238	0.00338196	0.00281135	0
279.7933865263	217.4772769594	-0.018633	-0.0769289	-0.453224	0.00384971	0.00343539	0.00281135	0
279.3487104407	217.1272788605	-0.00933081	-0.107019	-0.422866	0.00434172	0.00358183	0.00281135	0
280.2859203615	217.5921674045	-0.0101053	-0.0785197	-0.444945	0.00453351	0.00340663	0.00281135	0
279.5033237793	216.9909867238	-0.00948694	-0.062123	-0.496569	0.00487745	0.00339354	0.00237969	0
279.9280287584	217.4559293466	-0.00402644	-0.043104	-0.426078	0.00476942	0.00347738	0.00281135	0
280.0062467559	217.9483575278	-0.00523204	-0.0185443	-0.392278	0.00405522	0.00369263	0.00281135	0
280.0268948491	217.7358007405	-0.00316449	-0.0208195	-0.381624	0.00281844	0.00342903	0.00281135	0
280.3284924074	218.1523022636	-0.000738449	-0.100053	-0.419756	0.00358996	0.00326609	0.00281135	0
279.9697936279	218.3019248285	-0.00334955	-0.0679357	-0.488117	0.00397791	0.00313683	0.00237365	0
280.2405101792	218.0667225369	0.0358121	-0.0575935	-0.506526	0.00232943	0.00341073	0.0023222	0
280.0713937032	218.0337479787	0.0536576	0.0133833	-0.438214	0.00219042	0.00395958	0.0028011	0
281.3345987402	218.5817556633	0.0247002	0.00283715	-0.389413	0.00411112	0.00355397	0.00231218	0
281.2388051274	218.2464940419	0.0118163	0.00448312	-0.390232	0.00522594	0.0036921	0.00261634	0
281.472938361	218.1755561546	0.00122109	-0.0964773	-0.504482	0.00588695	0.00317677	0.00253718	0
281.0819525252	218.7916625886	-0.00642907	-0.0595844	-0.576288	0.0104676	0.00300607	0.00206278	0
281.1136146707	218.0846496645	-0.010157	-0.0850538	-0.608086	0.0114231	0.00317926	0.00175835	0
281.4436456688	217.6179629999	-0.00445738	-0.110544	-0.557633	0.00956813	0.00353151	0.00193691	0
280.7674661824	217.8060626425	0.000422934	-0.0339271	-0.527001	0.00770572	0.00347934	0.00229629	0
280.517527914	217.4097865967	0.0111926	-0.00909217	-0.476948	0.00613422	0.00390076	0.00246246	0
280.1152676466	217.1688519505	0.0183819	-0.00786033	-0.389987	0.0051118	0.0043078	0.00280017	0
281.7572987973	217.7422090802	-0.000597698	-0.0665324	-0.522454	0.0051118	0.00356027	0.00268027	0
281.0793487304	217.5742537966	-0.00922073	-0.0488888	-0.584286	0.00603436	0.00386607	0.00227332	0
280.2000211692	217.2923814866	0.00358763	-0.0776496	-0.531526	0.00659029	0.00355857	0.00207721	0
279.9141765698	217.1695549751	0.0020596	-0.0991278	-0.562503	0.00622021	0.00360156	0.00192859	0
279.9956753488	217.1082836763	0.00207678	-0.0688634	-0.522275	0.00643117	0.00386446	0.00223008	0
280.1173506825	217.1746519036	0.00221221	0.00571528	-0.467825	0.00525126	0.00395517	0.00247861	0
279.6549167159	216.7561765036	0.00420297	0.00272317	-0.477679	0.00440891	0.00406832	0.00233472	0
280.0777209247	217.1404200129	-0.00164669	-0.0405296	-0.501205	0.0050947	0.00379354	0.00252683	0
280.4065021013	217.2111956636	-0.00255879	-0.0422626	-0.527985	0.0050947	0.00369171	0.00245121	0
279.6461679651	216.9191430164	0.00435228	-0.0755405	-0.535054	0.00565202	0.00369661	0.00242062	0
280.3670285713	217.3167845524	0.00982678	-0.0664347	-0.496912	0.0056772	0.00383906	0.00239749	0
279.2818449887	216.8725135571	0.00650496	-0.0916704	-0.556556	0.00515709	0.00406397	0.00236694	0
279.9400582906	217.2658287878	0.0115327	-0.0670311	-0.50823	0.00552283	0.00369485	0.00243692	0
279.5852391655	217.4555102358	0.00843385	-0.00360247	-0.458782	0.00505916	0.0041074	0.0029583	0
279.5006418706	217.2240123431	0.0117814	-0.0136267	-0.480393	0.00463051	0.00453251	0.00284115	0
280.0531931772	217.709004687	0.0221456	0.0174531	-0.423604	0.00369053	0.00456746	0.0029583	0
281.2287805172	218.1047399447	0.0177939	-0.049058	-0.530851	0.00323351	0.00410666	0.0029583	0
279.6896513392	217.4690164202	0.0197593	-0.0859724	-0.517647	0.00314808	0.00359726	0.00289792	0
281.2994735476	218.5557437527	0.0464666	-0.00862389	-0.315751	0.00237902	0.003598	0.00261187	0
282.822693539	218.6564114691	0.0525902	-0.0760657	-0.0648101	0.000194402	0.00294093	0.0029583	0
280.5389571457	218.51018235	0.0497542	0.0174006	-0.13557	0.000175703	0.00348986	0.00330078	0
280.5188298115	218.4446929035	0.0545714	0.0943449	-0.113603	0.000192674	0.00375353	0.00338643	0
280.2918309758	218.0357353752	0.0309478	-0.0555372	-0.187767	0.00106938	0.00269224	0.00313911	0
280.5570014441	218.4214119731	0.0322559	-0.00906066	-0.201772	0.000462549	0.00248389	0.0029583	0
280.9203349784	218.2096528483	0.0536924	-0.0181082	-0.161088	0.000103358	0.00319735	0.0029583	0
280.310968868	218.2274177394	0.0455191	0.0291801	-0.190119	-0.000512823	0.00293738	0.00310536	0
281.7064466837	218.427171367	0.0518141	0.0878278	-0.149194	-0.000359824	0.00303989	0.00355071	0
281.7082433022	218.5612057131	0.060415	0.0739423	-0.0704816	-5.15641e-05	0.00298706	0.00340878	0
281.1826152344	218.39414273	0.055547	0.0343175	-0.138298	-0.00019127	0.00338375	0.00335742	0
281.4003705983	218.2844032921	0.0417504	-0.033376	-0.196532	1.18859e-05	0.00285959	0.0029583	0
280.4469129975	218.6330494205	0.0420371	-0.0206233	-0.158871	0.000333158	0.00311894	0.0029583	0
281.0381827337	217.9881189775	0.0409106	-0.0530979	-0.172657	0.00057087	0.00303032	0.0029583	0
280.6863319346	218.0223643879	0.0452544	-0.0269622	-0.150988	0.000910571	0.00288439	0.0029583	0
280.4661810795	217.7870674583	0.0396506	-0.0164779	-0.179765	0.000524404	0.00314168	0.0029583	0
280.6315741288	218.1947406147	0.0484766	0.025106	-0.124994	0.000372707	0.00342904	0.0029583	0
280.7872550233	217.9683666898	0.0516297	0.05935	-0.124257	5.00468e-05	0.0032385	0.00295829	0
281.7112116283	218.3451473224	0.0420334	0.00641168	-0.235399	6.9616e-05	0.00330397	0.00295829	0
281.267342719	218.1231943408	0.0381552	-0.00353266	-0.228795	0.000544935	0.00305007	0.00270182	0
280.6329281021	218.0605305125	0.0416757	-0.0509885	-0.212143	0.000164828	0.00284402	0.0025298	0
280.4281656746	217.7456430851	0.0467423	-0.0588902	-0.20828	0.000757604	0.00278164	0.0025298	0
280.0913648098	217.4961775056	0.0501641	0.0209752	-0.171223	0.000503709	0.00308308	0.0025298	0
280.9390562635	217.503883737	0.0505811	0.00342874	-0.16224	-5.44372e-05	0.0031143	0.00268316	0
280.7654612603	217.6499641394	0.0521892	-0.0236258	-0.186151	-0.000115288	0.00310757	0.00272954	0
281.5632119286	218.0315307472	0.0340696	-0.00112245	-0.246884	0.000564162	0.00274135	0.0025298	0
280.9546529947	217.9418951093	0.0368456	-0.0586695	-0.259123	0.000269301	0.00279761	0.0021995	0
280.614232855	217.857207683	0.0469188	-0.0453735	-0.253283	0.000427007	0.00268658	0.0025298	0
281.3359006376	217.8736746826	0.0433908	0.00569286	-0.277734	0.00122611	0.00276184	0.0025298	0
280.903358236	218.2200224613	0.0405866	0.0625761	-0.283268	0.000284539	0.00284043	0.0025298	0
280.8617235562	217.9091774254	0.0420787	0.0446965	-0.224773	0.000290284	0.0027244	0.00275783	0
281.3930018588	218.4225611479	0.0301845	0.0158302	-0.278634	6.84602e-05	0.00254894	0.00287367	0
282.0309576368	218.499718099	0.00948426	-0.0309386	-0.371432	0.000638751	0.00241393	0.0025298	0
281.5059024038	217.8473247793	0.021373	-0.0485705	-0.334199	0.00142296	0.00247501	0.00239914	0
281.6692384552	218.3119699687	0.0102491	-0.038954	-0.337932	0.00152654	0.0023719	0.0025298	0
281.1568897412	218.1825999205	0.0188597	-0.0317865	-0.369553	0.00220984	0.00247286	0.0025298	0
281.6812159116	218.117380868	0.0273758	0.0127103	-0.286398	0.00151592	0.00241555	0.0025298	0
281.2416693017	218.1248167053	0.0267273	0.0139366	-0.256754	0.000894246	0.00276984	0.00273209	0
280.5154969541	218.1621851673	0.0290474	0.0102398	-0.256202	0.000732043	0.00254298	0.00276395	0
282.1686202709	218.4101365399	0.0235618	0.00445561	-0.352837	0.00101366	0.00250128	0.0025298	0
280.7444225979	218.1635912165	0.0202703	-0.0367262	-0.368927	0.000820878	0.00245279	0.0025298	0
280.1867678534	217.7940571453	0.0270148	-0.0538912	-0.325311	0.00180618	0.00248258	0.0025298	0
280.5549444461	218.0239732327	0.027757	-0.037131	-0.305225	0.00148948	0.00227683	0.00241722	0
280.2109831455	217.7712629243	0.0253666	-0.0371191	-0.302609	0.00167465	0.00229155	0.0025298	0
280.8450592691	218.1543978178	0.0370713	0.0180248	-0.211924	0.00118234	0.00237801	0.00268296	0
279.8875657863	217.5849478825	0.0296689	0.00178495	-0.223614	0.000559115	0.00281882	0.00292612	0
279.9065474508	217.4420851697	0.0329485	-0.0136983	-0.245399	0.000552133	0.00264813	0.00275442	0
280.3228161346	217.5677102599	0.019861	-0.0299357	-0.270246	0.00114591	0.00267874	0.00279975	0
279.5123849854	217.6156240911	0.0227443	-0.0574472	-0.308917	0.000854331	0.00250445	0.00273177	0
280.0172087323	217.5947631877	0.0280685	-0.0499289	-0.269682	0.00158637	0.00232333	0.00269605	0
280.0268688112	217.7942734606	0.0251881	-0.0232796	-0.272694	0.00194028	0.00208601	0.00268353	0
279.5243364038	217.4141805005	0.0244567	-0.0138759	-0.297946	0.00203593	0.00241773	0.00265746	0
279.6974887618	217.5749973803	0.0288582	0.0198858	-0.236188	0.00196797	0.00275628	0.00276882	0
281.1981859276	217.5826495328	0.0248655	-3.67292e-05	-0.215298	0.00132255	0.00273633	0.00313513	0
279.706966575	217.6145425147	0.0320842	0.0106611	-0.225436	0.00161102	0.00303325	0.00313513	0
279.9941911857	217.433392	0.0238492	-0.0386956	-0.226621	0.00194935	0.00305722	0.00319109	0
280.183408958	217.6445021789	0.0223976	-0.0818998	-0.249772	0.00192534	0.00271285	0.00324884	0
280.8064710293	218.0496065916	0.0320502	-0.059039	-0.228832	0.00206895	0.0025469	0.00313513	0
282.2552224878	218.0371819835	0.0735745	-0.0850807	-0.10127	0.00296413	0.00298165	0.00313513	0
281.9614102761	218.2581615465	0.0802003	0.0280391	-0.028886	0.00140814	0.00220302	0.00334478	0
281.0540138064	217.6704870502	0.111955	0.0920902	0.0341637	0.000560449	0.0013476	0.00376426	0
280.2253821311	217.3566811991	0.145834	0.0228089	0.0578466	0.00113626	0.00177606	0.00376426	0
280.5385145006	217.9725713178	0.121151	0.0195376	0.0589776	0.000985853	0.00247464	0.00446262	0
281.2516157981	219.0908266002	0.0942757	-0.026348	-0.175639	-0.00117519	0.00255238	0.00376426	0
281.5286335329	219.1768524771	0.0867268	0.00565012	-0.244294	-0.00105583	0.00255238	0.0042466	0
281.8082811006	219.4522353293	0.0436642	0.0378614	-0.172052	0.00143316	0.00275606	0.00315499	0
281.7671411419	219.2875788534	0.0190982	0.0345763	-0.0905164	0.000995208	0.00285958	0.00267904	0
280.5838465691	218.4498979895	0.0435395	0.0458783	-0.0539121	0.000281033	0.00356457	0.00277777	0
281.7484198568	218.9967970584	0.079612	0.0150512	-0.0575697	0.000971352	0.0026885	0.0031556	0
281.282574919	218.7407473831	0.0645347	0.00473347	-0.17954	0.000815612	0.00300551	0.0031556	0
280.9406445783	218.6034007095	0.0801182	-0.00208687	-0.171859	0.000850555	0.0032382	0.0031556	0
279.4252880474	218.2907305136	0.0708591	-0.0271296	-0.209461	0.000571707	0.00329112	0.0031556	0
280.0545731885	218.5819449391	0.0699343	0.0523596	-0.12843	0.000450661	0.00316349	0.00361998	0
281.6400499149	218.5134676381	0.0780678	0.0358886	-0.0583652	-5.84597e-05	0.00312815	0.00369353	0
281.1140833538	218.344160384	0.0522682	-0.00800947	-0.168481	0.000153623	0.00303202	0.00348622	0
281.1593373084	218.1216530945	0.0541904	-0.0122205	-0.179163	0.000632415	0.00313372	0.00331376	0
280.3010484096	218.0135089817	0.0464114	-0.0607267	-0.174425	0.000838842	0.00299676	0.00283504	0
279.862907849	217.6684590946	0.0534351	-0.0699945	-0.17675	0.000882564	0.00288609	0.0031556	0
280.2114778665	217.918059871	0.0433018	-0.0106915	-0.175903	0.000695293	0.00327662	0.0031556	0
279.6384867703	217.8961985095	0.0551088	0.0452679	-0.164679	0.000427355	0.00325158	0.00349464	0
280.19556868	217.7419522059	0.0584253	0.0537513	-0.144892	0.000558665	0.00343643	0.00348772	0
280.1255526363	218.3669681248	0.0439256	0.0263466	-0.202345	0.000371732	0.00305856	0.0031556	0
280.1632295478	217.7835388156	0.0443298	-0.0147423	-0.223747	0.000493305	0.00296609	0.00279052	0
279.8825144243	217.9267260013	0.0515498	-0.0285524	-0.193609	0.000786352	0.00332297	0.00307616	0
280.4450122273	218.0726171279	0.045942	-0.0366342	-0.165757	0.000985571	0.00313979	0.0031556	0
279.4191951674	217.9952303418	0.0430208	-0.031411	-0.191905	0.000897797	0.00297553	0.00280472	0
279.1942533297	217.8665362788	0.0435008	0.0077309	-0.162725	0.00108425	0.00328037	0.0031556	0
279.387012263	218.0747532411	0.0490437	0.033913	-0.129198	0.000226415	0.00325932	0.00315561	0
279.5855516209	218.0095341887	0.0529061	0.0325916	-0.0967123	-0.000101407	0.0034102	0.00315561	0
280.0390024952	218.1799365388	0.0280229	-0.00257219	-0.156111	-0.000196205	0.00323485	0.00303218	0
278.9211152492	218.0356136979	0.0304164	-0.0134641	-0.193984	0.000310302	0.0032634	0.00267343	0
279.1050473179	218.1507745371	0.0395828	-0.0212957	-0.158749	0.000735585	0.00325527	0.00240464	0
278.9938132016	218.0671822069	0.0368785	-0.0206661	-0.15994	0.000475315	0.00315398	0.00267343	0
278.8455270845	217.7723985794	0.039809	-0.0114578	-0.180804	0.000844592	0.00298165	0.0026146	0
279.8800147812	217.4897015674	0.0343491	0.0142483	-0.158738	0.00101746	0.00301898	0.00224435	0
280.5838205311	217.8122817064	0.0402961	0.019451	-0.128723	0.000262294	0.00301455	0.00267343	0
280.1001656364	217.9380149542	0.0472847	0.00406941	-0.116891	0.000204423	0.00313258	0.00284437	0
280.5112267305	217.8485685921	0.0434397	0.00587791	-0.181351	0.000231153	0.0032079	0.00267343	0
280.3665598882	217.6528438364	0.0409863	-0.0345742	-0.203756	0.000129019	0.00323016	0.00257521	0
279.3735506436	217.734773243	0.0422941	-0.0399119	-0.197369	0.000821407	0.00297932	0.00233757	0
280.2777184077	217.9040128985	0.0455473	0.00490333	-0.173879	0.00106307	0.00312169	0.00255914	0
280.0150736205	217.6024288599	0.0401505	-0.0294526	-0.186658	0.000233199	0.00314164	0.00236062	0
280.390462725	217.8523270698	0.0386964	-0.00312712	-0.187883	3.93469e-05	0.00292862	0.00261067	0
280.3646070421	217.7590411118	0.050965	0.098568	-0.127992	0.000306567	0.0031887	0.00267343	0
281.0704697899	217.5454162678	0.0344041	-0.0115907	-0.173471	-0.000196205	0.00367256	0.00267343	0
281.1042930851	218.0341806092	0.0356874	-0.0201542	-0.245956	0.000492946	0.00315221	0.00267343	0
280.8797678546	218.2715190141	0.0388408	-0.0176873	-0.199969	0.000503176	0.00334932	0.00255196	0
280.8917973868	217.8721739954	0.0357568	-0.0656389	-0.22093	0.000349382	0.00333078	0.00267343	0
280.2254602449	218.0258524715	0.0406213	-0.0482055	-0.220158	0.000674759	0.00310459	0.00267343	0
280.8910943622	218.1253169343	0.0453823	-0.00690595	-0.194901	0.000956159	0.00323551	0.00267343	0
279.8065356904	218.0633155715	0.040412	-0.0281095	-0.224538	0.00063022	0.00336152	0.00255992	0
280.5683279517	218.1270068973	0.0486148	0.0242101	-0.19263	0.000673491	0.00351227	0.00267343	0
280.3071152516	218.15292417	0.0528154	0.036925	-0.156976	0.000125882	0.00348642	0.00267343	0
279.8853004848	218.0849741374	0.0554806	0.0233572	-0.162602	-2.14667e-05	0.00378765	0.00292616	0
280.6281110816	218.4960542592	0.0456133	-0.0150141	-0.179907	0.000242517	0.0034964	0.00281742	0
279.8696777157	218.3534619404	0.0351634	-0.0602661	-0.21898	1.90719e-05	0.00337247	0.00267343	0
279.8437178809	218.0788497115	0.0425128	-0.0714149	-0.196139	0.000708703	0.00332781	0.00267343	0
280.2216587044	218.2576883568	0.046818	-0.0120296	-0.183861	0.00102298	0.00337187	0.00267343	0
279.9755480146	218.0838249626	0.045342	-0.0266399	-0.210066	0.00052264	0.00352083	0.00280073	0
279.8966269924	217.9220887428	0.0525327	-0.00644462	-0.174172	0.00128777	0.00334018	0.00267343	0
280.7310911682	217.9229540039	0.0429468	0.00610696	-0.185054	0.000595108	0.00358689	0.00267343	0
280.8656552864	218.1166102449	0.0514367	0.0432121	-0.158196	0.000684948	0.00350503	0.0028984	0
281.6653588009	218.2262009661	0.0682598	0.0704651	-0.101754	0.000319127	0.00343506	0.00300401	0
280.3192749736	217.8030747879	0.0609153	-0.00816265	-0.111804	1.90719e-05	0.00359134	0.00267343	0
280.7353613918	218.0449693331	0.0561049	-0.0494474	-0.178191	0.000410886	0.00348097	0.00267343	0
280.8530268814	218.0723737732	0.0652825	-0.0468023	-0.140775	0.000609913	0.00329884	0.00267343	0
281.1538953771	217.9213992379	0.0601364	-0.0673517	-0.153816	0.000399149	0.00329308	0.00297845	0
281.0238097861	217.617543889	0.0592246	-0.0334925	-0.172949	0.000954656	0.00342494	0.00294383	0
280.6150660694	217.7026233867	0.0625535	-0.0102297	-0.155409	0.00113664	0.00342706	0.00267343	0
280.9163511723	218.1271556141	0.058069	-0.0157115	-0.191529	0.000724736	0.00343044	0.00267343	0
281.50988621	217.8635619439	0.0727864	0.0353977	-0.131117	0.000958188	0.00368175	0.0029765	0
280.6765937419	217.9473165106	0.0749828	0.088402	-0.127255	0.000183973	0.00378156	0.00295088	0
281.1173120594	217.7732503208	0.0677086	0.037178	-0.142712	0.000167293	0.00372248	0.00305551	0
282.0775134888	218.2465481207	0.0591227	-0.0142023	-0.180231	0.000271229	0.00357521	0.00267343	0
281.0788800473	218.184492679	0.0478382	-0.0522316	-0.200967	0.000277257	0.00347707	0.00242343	0
280.6350892518	218.0156856541	0.0485409	-0.0597854	-0.206987	0.000941011	0.00343081	0.00267343	0
281.0057134118	217.9394750822	0.0496504	-0.0195473	-0.165441	0.00114149	0.00349745	0.00267343	0
281.3947724393	218.4130297566	0.056705	-0.00727313	-0.139851	3.14848e-05	0.00361216	0.00267343	0
280.903332198	218.033869656	0.0701203	0.0267186	-0.090487	-0.000134367	0.00393199	0.00282563	0
280.672479746	218.054568323	0.0504734	0.030593	-0.154859	-0.000264107	0.00380836	0.00307779	0
281.9409965245	218.2361379486	0.0398076	-0.00451656	-0.221781	4.54239e-05	0.00342853	0.0023733	0
281.0722403704	218.3119429293	0.0505112	-0.018297	-0.198422	0.000699317	0.00351308	0.00257092	0
280.9769935545	217.9181409892	0.0514019	-0.0286647	-0.191803	0.000289348	0.00342524	0.00259515	0
281.1948270323	218.1446636309	0.0589926	0.0240008	-0.179673	0.000697265	0.00358278	0.00267343	0
282.0307753711	218.3430382486	0.0572646	0.0605093	-0.0821142	-0.000133781	0.00332473	0.00278916	0
281.017248223	218.069872628	0.0585692	0.0162524	-0.0913859	-0.000940102	0.00361206	0.00308615	0
283.1101264532	218.3013975601	0.0406707	-0.0275371	-0.22123	-0.000236772	0.00359521	0.00267343	0
281.6549436215	218.2587969726	0.0387448	-0.00264258	-0.189154	0.000113609	0.00346867	0.00267343	0
281.6968386807	218.2628123247	0.0479391	-0.0777771	-0.185176	-6.54781e-05	0.00358048	0.00267343	0
280.9495495567	218.241370074	0.0494826	-0.0428534	-0.194081	0.000410404	0.00358677	0.00267343	0
281.2672906431	218.0621934361	0.0468289	0.0257262	-0.165184	0.000693336	0.00364925	0.00267343	0
281.0567998669	217.8197175436	0.0454426	0.0456916	-0.154021	-0.000106068	0.00405524	0.00282491	0
281.2909591384	217.705989793	0.0578462	0.0547909	-0.121652	-0.000177149	0.00395049	0.00320658	0
281.6033624453	218.1343480966	0.0444857	0.0223539	-0.211029	-4.31637e-06	0.00365591	0.00285196	0
281.6253384739	218.2508473866	0.0358374	-0.00449452	-0.239066	0.000117848	0.00347049	0.00267343	0
281.2111267881	218.1181109321	0.0497101	-0.0474138	-0.194064	0.000662894	0.00370917	0.00267343	0
281.1173120594	218.4094605547	0.0474051	-0.024245	-0.201352	0.000552817	0.0034359	0.00267343	0
280.8334463441	218.2301216803	0.0404076	-0.0184733	-0.21311	0.000416094	0.00371119	0.00267343	0
280.7798862838	217.956117838	0.0558861	0.0241775	-0.165273	0.000693398	0.00409117	0.00267343	0
281.4942634408	218.3907763237	0.0559152	0.0359356	-0.127064	0.000297551	0.00383712	0.00267343	0
281.2727846503	217.9969473442	0.0559309	0.0343331	-0.159444	0.000297651	0.00393124	0.00267343	0
281.8248672738	218.2153852028	0.0505155	0.0240749	-0.196839	0.000131023	0.0039863	0.00274963	0
281.1518123412	218.3837460775	0.0491148	-0.0473483	-0.245316	0.000294499	0.00399956	0.00260093	0
280.1080290969	218.1160694568	0.044047	-0.0351243	-0.224979	0.000906272	0.00353329	0.00267343	0
280.9141379467	218.3702398932	0.038047	0.00101888	-0.229989	0.000911873	0.00364787	0.00255381	0
281.13824657	218.35667963	0.0458453	0.020441	-0.217516	0.000325168	0.00378898	0.00267343	0
281.716419218	218.2350428525	0.0518118	0.0246616	-0.153766	0.000221268	0.00409882	0.00267343	0
281.4251326874	218.2614603543	0.052871	0.0598105	-0.170514	5.69567e-05	0.00390308	0.00298978	0
281.3477218663	218.357869364	0.0467058	0.00239174	-0.237769	8.75298e-05	0.00368581	0.00267343	0
280.8666968044	218.0196063682	0.0448261	0.00479699	-0.202364	0.000470846	0.00391277	0.00267343	0
281.3196789957	217.765016821	0.04277	-0.0325274	-0.208423	0.000439533	0.0038386	0.00255242	0
280.422359212	217.9627560126	0.0452549	-0.0513121	-0.211292	0.00059812	0.00372448	0.00267343	0
280.5871794265	217.8951034135	0.0390805	0.0221131	-0.184983	0.000652906	0.00381267	0.00267343	0
279.9267789369	217.9683396504	0.0532594	0.0374022	-0.173542	5.67206e-05	0.00390156	0.00267343	0
279.9537282136	217.5807567743	0.0589849	0.0436139	-0.140074	0.000152058	0.00413141	0.00289921	0
280.5836382655	218.148949377	0.0463442	0.0129383	-0.223389	0.000239521	0.00386845	0.00267343	0
280.1095132599	218.0084661321	0.0431248	-0.0165955	-0.228814	7.99483e-05	0.00347212	0.00267343	0
280.399576007	217.9052837507	0.0498034	-0.0449697	-0.180103	0.000536017	0.00372142	0.00267343	0
280.3137028526	217.8948870982	0.0428762	-0.0233948	-0.184193	0.000529145	0.00368546	0.00267343	0
280.2942004292	217.6367824279	0.0445937	-0.0154171	-0.191496	0.000724098	0.00342427	0.00267343	0
280.1795032657	217.4550640856	0.0481799	-0.00238952	-0.155812	0.000817788	0.00366569	0.00267343	0
280.5912934224	217.8146476546	0.039054	0.0143116	-0.158615	0.000244622	0.0037166	0.00267343	0
280.155053632	217.4667451099	0.0475569	0.012928	-0.170829	0.000362174	0.00385588	0.00267343	0
280.7577800655	217.624033347	0.0367512	0.0443042	-0.0341686	0.0026511	0.00417551	0.00350055	0
281.6246614873	217.8603577741	0.0398218	-0.0707937	0.0319074	0.00189427	0.00282862	0.00305806	0
280.6833375705	217.5504455978	0.0444866	-0.0236806	0.0599138	0.00131464	0.00315342	0.00305797	0
281.1160622378	217.9951627433	0.0445215	-0.15835	0.0872106	0.00174962	0.00311802	0.00299834	0
279.6242440124	217.352206177	0.0366716	-0.0541184	0.0737043	0.00168777	0.00365542	0.00336167	0
281.4199511356	218.225335705	0.0325027	-0.0964629	-0.0178641	0.00143285	0.00377154	0.00250546	0
281.1576708797	218.5186862438	0.00135384	0.0317625	-0.109795	0.000665679	0.00303544	0.00209794	0
281.2938233127	218.9527633823	0.0256845	0.0729333	-0.0667507	-0.000301832	0.00278026	0.00209794	0
281.1547025535	218.9172606394	0.0257416	0.0849048	-0.179117	5.49767e-05	0.00349312	0.00209794	0
280.9870442027	218.5986012146	0.0255599	0.158363	-0.0903195	-0.000116606	0.00358554	0.00267296	0
280.2229606019	218.4198031283	0.0422203	0.112999	-0.0398449	-0.000500562	0.00315596	0.00273118	0
280.9514763649	218.7799410052	0.0354298	0.0204223	-0.150717	-0.00032958	0.00370084	0.00241095	0
281.4300278217	219.0231469616	0.0454043	-0.00397955	-0.187841	-3.28508e-05	0.00351287	0.00237176	0
280.5004730577	218.8045063075	0.0507902	-0.0844604	-0.203447	-0.000658767	0.00356151	0.00238691	0
280.110007981	218.6670649959	0.0501133	-0.0827572	-0.20809	0.00021267	0.00399685	0.00245042	0
280.2601688304	218.4147197196	0.038496	-0.0357198	-0.242261	0.000152617	0.00410559	0.00238691	0
280.0042418339	218.1718787951	0.0467363	-0.0345983	-0.265186	0.000220889	0.00389788	0.00238691	0
279.9992946236	217.9779791994	0.0329145	0.0311034	-0.238235	0.000672641	0.00371442	0.00238691	0
280.0088765887	217.8628589193	0.0313723	0.0503368	-0.150955	0.000582173	0.00402466	0.00289016	0
280.6311835596	218.4504793368	0.0326382	0.0423978	-0.156795	-0.000739793	0.0037308	0.00301193	0
280.7066675725	218.7022162265	0.0132201	0.00876821	-0.339379	-0.000157055	0.00301144	0.00257548	0
279.5589408374	218.407527237	0.00750043	-0.005006	-0.303558	-0.000420067	0.00327056	0.00239833	0
279.4819986994	218.2443173695	0.00477641	-0.0518456	-0.32465	-0.000368985	0.00301262	0.00253818	0
278.8854953356	217.9428414886	0.010816	-0.00807499	-0.294238	-8.76229e-05	0.00320912	0.00209571	0
279.3684211677	217.4360553817	0.00875278	-0.0181803	-0.312928	-0.000428416	0.00357961	0.00222555	0
279.964195469	217.853597922	-0.00403015	-0.00924646	-0.250893	-0.000517971	0.00306977	0.00253818	0
279.8270796318	218.0678446724	0.00820616	0.0612954	-0.233234	-0.00083007	0.00360063	0.00293054	0
280.5648909425	218.1439876456	-0.00174241	-0.0202875	-0.306979	-0.00172966	0.0039355	0.00253818	0
279.7923970843	218.0009356569	0.00295457	-0.0255067	-0.315014	-0.00150959	0.00387004	0.00217552	0
278.877683951	218.1617930959	0.00951889	0.00436349	-0.27694	-0.000951074	0.00389003	0.00222009	0
279.0185752907	217.9428414886	0.0054494	-0.0260254	-0.296565	-0.00151802	0.00411308	0.00211826	0
279.2510681335	217.9350135799	-0.000124659	-0.0200852	-0.257049	-0.000990131	0.00361855	0.00239721	0
279.4982984552	218.145799286	0.0048718	0.0155581	-0.261397	-0.00093473	0.00370621	0.00219417	0
279.6441109672	218.3614520855	0.00348155	0.042192	-0.245517	-0.00143325	0.00376333	0.00227263	0
280.424910931	218.1667413076	0.00492188	0.0375493	-0.163435	-0.00154157	0.00354523	0.00253818	0
280.3747097661	218.1695939651	0.00882708	-0.0244131	-0.235725	-0.00210926	0.0035167	0.00253818	0
279.9395635696	218.0829056227	0.00884923	-0.02794	-0.278741	-0.00169963	0.00368867	0.00236747	0
279.854810047	218.0848659798	0.0162538	-0.0409149	-0.220508	-0.00148985	0.00335516	0.00211596	0
279.1852441995	217.8454455405	0.0117587	-0.0618544	-0.261253	-0.00172716	0.00370451	0.00253818	0
279.7667757429	217.8085232287	0.0158906	-0.0402318	-0.246677	-0.00148146	0.00371762	0.00220772	0
279.6656183127	217.8003978865	0.0154108	0.0147717	-0.237969	-0.00124487	0.00349162	0.00222122	0
280.1558608084	217.8189063614	0.0151495	0.0168714	-0.274912	-0.00190019	0.00375033	0.00217441	0
280.0225725497	217.7964501329	0.0202871	0.0414218	-0.198995	-0.00178048	0.00401765	0.00253818	0
280.8302436764	218.4155849806	0.0181233	0.0400684	-0.171284	-0.00190019	0.00341136	0.00253818	0
280.6504516415	218.1265607471	0.012675	-0.0156293	-0.260338	-0.00232857	0.00357324	0.00253818	0
280.3404959017	217.6532359078	0.0145268	-0.00802547	-0.25104	-0.00186049	0.00334856	0.00230049	0
279.5992996577	218.0650596133	0.0107328	-0.034833	-0.269997	-0.00150497	0.00351461	0.00212619	0
280.3538012934	217.7542416168	0.0104352	-0.0319078	-0.297381	-0.00164254	0.00349773	0.00199362	0
280.6372764395	217.9942569231	0.00853202	-0.0369411	-0.248455	-0.00148445	0.00347782	0.00211687	0
280.4737841605	218.2970577351	0.00553773	0.0178128	-0.234117	-0.00210123	0.00363938	0.00211687	0
280.5119037172	217.7662876732	0.010505	0.0300892	-0.241043	-0.0029263	0.00434062	0.00211687	0
280.7356217713	218.3489058002	-0.0274982	0.0106348	-0.226178	-0.00293021	0.00428655	0.00195836	0
281.8178630657	218.8276790802	0.000988251	-0.0491112	-0.341828	-0.00268914	0.00392696	0.00185481	0
280.6553728138	217.904080497	-0.0101616	-0.0468109	-0.355449	-0.0030506	0.00425707	0.00160104	0
280.4908650547	218.0916258318	-0.00692433	-0.0699139	-0.289536	-0.00258418	0.00425878	0.00168662	0
280.5965010121	218.3197573182	-0.00217442	-0.0297066	-0.314649	-0.00257345	0.0039568	0.00160104	0
280.8570106875	218.1326446139	-0.00186539	0.0216712	-0.320502	-0.00235659	0.00422031	0.00193203	0
280.9184342082	218.2103288335	0.0115903	0.0465131	-0.236689	-0.00260888	0.00445607	0.00227975	0
280.6256635145	218.4377572953	0.00426432	0.0342814	-0.271458	-0.00323788	0.00427629	0.00227975	0
282.296622826	218.3697126247	-0.00144122	-0.0205133	-0.370734	-0.00272323	0.00429941	0.00189534	0
281.6524179405	218.9460170499	-0.000736077	-0.0161016	-0.312673	-0.00241406	0.00406309	0.00187287	0
281.0739067991	218.2074220971	-0.00303084	-0.0592843	-0.317681	-0.00254177	0.00422093	0.00187287	0
281.2911153661	218.1475974066	-0.00356307	-0.0380464	-0.31759	-0.00188972	0.00402068	0.0017157	0
280.8807833346	218.2344615053	-0.00658335	-0.00418819	-0.279201	-0.00187156	0.00388875	0.00179928	0
281.275987318	218.2103017941	-0.000127069	0.0236119	-0.269546	-0.00286994	0.00404786	0.00187288	0
280.8409192353	218.2987612178	0.0126479	0.057993	-0.181627	-0.00262814	0.0038221	0.0016921	0
281.6719203639	218.3609788959	0.000777846	0.0210488	-0.260449	-0.00270409	0.00444118	0.001465	0
282.0239534286	218.9549535743	-0.0148499	-0.00143294	-0.378778	-0.00295039	0.00398373	0.00131261	0
281.3770145584	218.1225318753	-0.00260566	-0.0459405	-0.320638	-0.00207896	0.00412293	0.00131261	0
280.838549782	218.3681578588	-0.0158537	-0.0413347	-0.369061	-0.00179314	0.00381513	0.00108179	0
281.3247563956	217.6138259704	-0.0126106	-0.017629	-0.335907	-0.00197389	0.00341284	0.00131261	0
281.4378392063	217.7229164625	-0.0109542	0.0240329	-0.29272	-0.00237274	0.00363035	0.00160646	0
280.887162632	217.6921185767	-0.018559	0.0446875	-0.305009	-0.00313368	0.00398924	0.00190306	0
280.7923063853	218.0213639298	-0.0185007	0.0225526	-0.333987	-0.00350604	0.00427059	0.00190306	0
282.1652092996	217.7206045931	-0.0150444	0.011644	-0.365594	-0.00281084	0.00396143	0.00162544	0
281.2406017459	217.6735289836	-0.0161376	-0.0818657	-0.39337	-0.00293447	0.00408471	0.00129049	0
281.5157707864	217.9818052757	-0.00842033	-0.0524094	-0.361052	-0.00221899	0.00366989	0.00114792	0
282.1107899871	218.296787341	-0.0133126	-0.0209716	-0.288772	-0.00199407	0.00330487	0.00143392	0
280.9654587433	217.6006712984	-0.0124917	-0.0101951	-0.370839	-0.002447	0.00395557	0.00150275	0
280.9415819445	217.6513161098	0.000939636	0.0567618	-0.280033	-0.0023746	0.00401116	0.00150275	0
281.0049843492	217.6651467671	0.0149938	0.0606179	-0.281975	-0.00379265	0.00408932	0.00150275	0
281.222817827	217.630793199	0.00824508	0.0519113	-0.32156	-0.00382717	0.00380462	0.00150275	0
281.3699061985	217.9238733438	-0.00234978	0.00219548	-0.337406	-0.00344705	0.00380462	0.00150275	0
280.7390327425	218.0693994383	-0.00212982	-0.0427422	-0.339598	-0.00299927	0.00366789	0.00150275	0
280.3445838596	217.8201772136	0.00403704	-0.0518681	-0.342	-0.00284972	0.00361871	0.00113786	0
280.2266059147	218.2166154959	0.00595137	-0.0102883	-0.292965	-0.00231498	0.00360312	0.00150275	0
279.9490413829	218.239315079	0.00191688	-0.0323876	-0.304003	-0.00282605	0.00382252	0.00137205	0
280.7604359363	218.4038498775	0.0164102	0.0264626	-0.227295	-0.00217101	0.00358135	0.00150275	0
280.0080694123	218.1327122125	0.0194215	0.0701292	-0.237487	-0.00321028	0.0038928	0.00150275	0
280.7071362555	218.0036936766	0.0126103	0.0136685	-0.317514	-0.00352812	0.00375204	0.00150275	0
280.7736892521	217.8724173501	0.0126055	0.001128	-0.297495	-0.00297037	0.00373099	0.00150275	0
280.1179755932	217.7320152234	0.0126856	-0.043249	-0.310846	-0.00307662	0.00396681	0.00123383	0
280.2072597189	218.318946136	0.0125843	-0.0476086	-0.287008	-0.0025411	0.00355314	0.00114644	0
279.7938291715	218.1049968191	0.00582355	-0.00862486	-0.27557	-0.00216092	0.00361649	0.00118162	0
279.1499367413	217.817324556	0.0129673	-0.0154648	-0.320567	-0.00275919	0.00361881	0.00115978	0
279.9086044488	217.8864508029	0.0118142	0.0105816	-0.288705	-0.00221728	0.00371501	0.00105516	0
280.1731239683	218.0031799278	0.00603141	0.0114821	-0.310511	-0.00257743	0.0038549	0.00111865	0
279.9431828445	218.1581022167	0.00610055	0.0237615	-0.295975	-0.00262105	0.00398473	0.00145076	0
281.3776394692	217.898050709	0.00613146	0.0488761	-0.264359	0.000579065	0.00411819	0.00150275	0
281.5310290242	218.0313685108	-0.00135492	-0.00851438	-0.244412	0.00162986	0.0038789	0.00150275	0
280.5919183331	217.6060115815	-0.00316508	-0.0559311	-0.200517	0.000169491	0.00373004	0.00175874	0
279.9227170169	217.5211213596	0.000282968	-0.0666512	-0.148112	-7.54542e-05	0.00383788	0.00174436	0
280.0075746913	218.0542708895	0.00609582	-0.112407	-0.164764	-0.00038957	0.00349709	0.00150275	0
280.6012919946	217.5976699241	-0.0123856	-0.0664277	-0.178409	-0.00055747	0.0032128	0.00173506	0
280.3780426236	217.57729573	-0.0123981	-0.0497187	-0.154863	-0.000466127	0.00350541	0.00201112	0
281.5339192365	218.0632074139	-0.074941	0.0554272	-0.134763	-0.00115845	0.00316266	0.00111131	0
281.847546327	218.0414271706	-0.0795895	0.00807658	-0.117248	-0.00115845	0.00352209	0.00125741	0
280.8768255664	217.9629723279	-0.0118309	0.0571825	-0.116603	-0.00104172	0.00346246	0.00209279	0
281.9148283861	218.1528295321	-0.0209288	0.000927255	-0.162204	-0.00208223	0.0032185	0.0019172	0
281.7047021412	218.4651211763	-0.0288032	-0.0071014	-0.237786	-0.0018111	0.00342601	0.00157538	0
281.3912312783	218.5650723485	-0.0225154	-0.013499	-0.250302	-0.00163902	0.00322103	0.0010631	0
281.4876237639	218.0567179559	-0.00884834	-0.0309138	-0.282958	-0.00205044	0.00352907	0.000962587	0
281.1943323112	218.2690043491	-0.00880536	0.00315559	-0.218427	-0.00208351	0.00369563	0.001501	0
280.3776520543	218.2964358287	-0.017716	0.0359208	-0.204402	-0.00299794	0.00370794	0.001501	0
281.2328163992	218.422966739	-0.0234091	0.0069484	-0.261319	-0.00275347	0.00343911	0.00161591	0
280.5663230297	218.4354454259	-0.0244605	-0.00976883	-0.268485	-0.00202728	0.00336855	0.00126368	0
280.9471280275	218.4919037101	-0.0189332	-0.0514255	-0.271561	-0.00213611	0.00322782	0.000981361	0
280.581320888	218.3763643191	-0.00883709	-0.0218733	-0.238009	-0.00198802	0.00337269	0.00108764	0
280.364138359	218.714302842	-0.0174023	0.00883628	-0.257827	-0.00258205	0.0034769	0.00138233	0
280.1723167919	218.1093231244	-0.0088226	0.0521443	-0.253264	-0.00261776	0.00359512	0.0014489	0
280.3780686615	218.223645742	-0.00882139	0.0732393	-0.198897	-0.00251114	0.00363829	0.00164169	0
280.2121808912	218.1350916804	-0.0217522	-0.0316758	-0.271021	-0.00341894	0.00366896	0.00149234	0
280.7797040182	218.2559172756	-0.0190592	-0.0230638	-0.267531	-0.00288142	0.00351074	0.00142064	0
280.6271216396	218.1698102804	-0.0150031	-0.0205638	-0.273653	-0.00256335	0.00359747	0.001223	0
279.8911590232	218.1195034616	-0.0224275	-0.0208911	-0.284571	-0.00257336	0.00382074	0.00112667	0
280.3348456669	217.6897661482	-0.0110284	-0.0121656	-0.25582	-0.00235184	0.00340669	0.00123947	0
280.0396794819	217.8275319326	-0.0214889	0.0107593	-0.265971	-0.00303204	0.00372619	0.00141851	0
280.7356998851	217.7680046756	-0.0126488	0.0206582	-0.198197	-0.00269803	0.0037123	0.0016899	0
280.4988587049	217.9642296604	-0.0126754	0.022754	-0.226705	-0.00335953	0.00368153	0.00168216	0
280.5474715549	218.0899764279	-0.0258919	0.0062067	-0.308836	-0.00308303	0.00346338	0.00142121	0
279.9526606578	217.5321669579	-0.0186825	-0.00270007	-0.254001	-0.00257921	0.003668	0.00134426	0
279.6158858309	217.4556454329	-0.0126414	-0.0365208	-0.272381	-0.00262324	0.00371663	0.00118384	0
279.5214461915	218.0316253852	-0.0178976	-0.0235378	-0.244895	-0.00242999	0.00332493	0.00120948	0
279.8949605637	217.5389132902	-0.0126794	0.0176393	-0.233066	-0.00219114	0.00369535	0.00134426	0
279.4616890995	217.4822116513	-0.012677	0.00142384	-0.277085	-0.00243383	0.00352293	0.00134426	0
280.3620553231	217.7859182835	-0.0126505	0.0407783	-0.222752	-0.00213028	0.00369773	0.00134426	0
280.7649405014	217.9109079476	-0.00935749	0.0194091	-0.20919	-0.00328456	0.00386901	0.00128006	0
280.1294322906	217.5927487518	-0.0126022	0.0238475	-0.199714	-0.00336641	0.00385772	0.0014695	0
280.0804288714	218.0217695209	-0.0126609	0.0146084	-0.229602	-0.00328855	0.00377667	0.00134426	0
279.8582991321	217.9620394683	-0.0126463	-0.0363837	-0.266712	-0.00366426	0.00376445	0.00111945	0
279.4106286824	217.8049675465	-0.00897142	-0.047523	-0.231211	-0.00291133	0.0034867	0.00091423	0
280.0654830889	218.3982392003	-0.00933936	-0.0155553	-0.210693	-0.0029802	0.00354527	0.000914231	0
280.3630708031	218.0027472973	-0.0080362	-0.00676581	-0.221626	-0.00257372	0.00359995	0.00118927	0
279.933809183	218.0155639767	0.00151079	0.0193018	-0.172079	-0.00241706	0.00331069	0.00115287	0
280.677010349	218.3273824313	0.00403018	0.0405853	-0.172989	-0.00347813	0.00385632	0.00128478	0
280.1571366679	217.9769111428	0.00846302	0.0607513	-0.133023	-0.0038014	0.00426985	0.001347	0
280.5327080381	218.1762456595	0.00761786	0.0573867	-0.142305	-0.00417615	0.00428273	0.0013387	0
280.5224751243	218.1437713304	0.00558179	-0.0196076	-0.206729	-0.00390071	0.00399165	0.00111395	0
280.7067977622	218.2492385418	0.00831152	-0.0451554	-0.163918	-0.00301491	0.00400659	0.000914231	0
281.3280892531	218.5218363349	0.00649546	-0.0299721	-0.162384	-0.00288578	0.00373712	0.000914231	0
280.8713055213	218.170013076	0.00993974	-0.0310444	-0.17272	-0.00290453	0.00387134	0.000914231	0
280.7251805539	217.9258877797	0.0198552	0.0087216	-0.143591	-0.00245049	0.00393188	0.000914231	0
280.4314204181	217.7979508201	0.0232882	0.0311343	-0.157754	-0.00358986	0.00436372	0.000914231	0
280.178852317	218.0315983458	0.0382272	0.0592154	-0.108158	-0.00283911	0.0046399	0.00119708	0
280.9716036992	218.1286833406	0.0298679	0.0577931	-0.130028	-0.00371657	0.00447929	0.00124267	0
280.7204937232	217.7345569277	0.0188193	0.00565275	-0.17031	-0.00383795	0.00447929	0.00111182	0
281.0070153092	217.7432771368	0.0188053	-0.0116531	-0.158057	-0.00339064	0.00434973	0.000914232	0
280.9785297935	217.8006547609	0.0188221	-0.0426067	-0.20507	-0.00379471	0.00447929	0.000914232	0
279.9455783357	217.9036208271	0.0187972	-0.0304305	-0.175731	-0.00319301	0.00430791	0.000914232	0
280.8691183336	218.0442933479	0.0152292	0.00940283	-0.18766	-0.00323078	0.00415145	0.000914232	0
280.4938333808	218.223145513	0.0166878	0.0271639	-0.187712	-0.00379695	0.00447929	0.0011268	0
281.5943272772	218.2899058116	0.0350407	0.0547923	-0.117043	-0.00320941	0.00453976	0.000914232	0
281.0543783377	217.7781309339	0.0248865	0.0528576	-0.13165	-0.004098	0.00414402	0.000914232	0
281.6932194059	218.3359539237	0.0122681	-0.0106901	-0.20287	-0.00403139	0.00414402	0.000914232	0
281.1411367823	218.0596246923	0.0122354	0.00897912	-0.172258	-0.00353083	0.00398268	0.000796656	0
280.9127318975	218.2200224613	0.00537078	-0.0533995	-0.20617	-0.003613	0.0045	0.000914233	0
280.7535619178	217.8245575977	0.0123037	-0.0321513	-0.210287	-0.00317949	0.00452128	0.000914232	0
280.6044946623	218.1844791593	0.0123038	0.0338759	-0.1934	-0.0030721	0.00459454	0.000914233	0
281.410160867	217.7053002881	0.0226258	0.060714	-0.219968	-0.0041302	0.00499861	0.000914233	0
283.5400129841	218.9833719923	0.0404438	0.0818241	-0.045183	-0.00289054	0.00443908	0.000914233	0
282.3713517384	217.8469597473	0.0627679	0.140518	0.102286	-0.0016272	0.00350459	0.00215896	0
281.9722160248	217.6337269748	0.107866	0.0910507	0.366158	-0.00252497	0.00291369	0.00251195	0
279.3776646395	217.5320993593	0.13191	-0.00764399	0.442578	-0.0027965	0.00299906	0.00223184	0
276.5038041798	216.8475426637	0.0337402	-0.0345092	-0.0537322	-0.00237792	0.00232691	0.00186643	0
281.7150131688	219.246343756	0.0623994	-0.0488534	-0.0545803	-0.00519258	0.0027646	0.00165031	0
280.264907737	218.6058342562	0.0818872	-0.0571756	-0.0433831	-0.00687612	0.00356961	0.00253293	0
282.0868611124	219.3292330617	0.0947985	0.0765824	0.0460125	-0.00622023	0.00286072	0.00240426	0
281.1163746932	218.8587203208	0.111079	0.0913916	0.0664347	-0.00701136	0.00337234	0.00315381	0
281.1343408777	218.9566840964	0.109701	0.277651	0.118871	-0.00764573	0.00383248	0.00353704	0
281.561024741	218.9647959189	0.108056	0.290768	0.194855	-0.00777706	0.00389673	0.00315381	0
281.4549982144	219.1753382703	0.108054	0.202201	0.109621	-0.00714656	0.00394888	0.00315381	0
281.4113065367	218.9772205269	0.10805	0.180849	0.102148	-0.00532445	0.00397353	0.00315381	0
281.1395224295	219.1891148487	0.114301	0.0303917	0.13506	-0.00695531	0.00395644	0.00310228	0
281.2691132995	218.9611320791	0.118792	-0.00767306	0.146315	-0.0072215	0.00365811	0.00315381	0
281.9040486754	218.9352688852	0.122131	0.0106238	0.146361	-0.00714185	0.00392466	0.00315381	0
280.9537677044	218.8796082636	0.115685	0.0205383	0.128226	-0.00690013	0.00351377	0.00315381	0
281.3409259617	218.7605943087	0.123042	0.0974898	0.19474	-0.00760984	0.00393262	0.00339786	0
281.343816174	218.4743956933	0.126588	0.0689922	0.206841	-0.00647867	0.00405528	0.00315381	0
281.3444410848	218.8469446585	0.121723	0.0798729	0.136455	-0.00575287	0.00346688	0.00303365	0
280.121620906	218.7121937681	0.116766	0.119737	0.141157	-0.00639428	0.00405717	0.00307764	0
279.6380441252	218.3700776567	0.119704	0.1139	0.168586	-0.00565483	0.00379646	0.00315381	0
279.7168089196	218.6253296695	0.117517	0.133143	0.168193	-0.00599513	0.00382265	0.00315381	0
278.9687386572	218.562490085	0.113481	0.132389	0.183102	-0.00613294	0.0039515	0.00315381	0
278.5784298081	218.4442332335	0.120495	0.15383	0.203785	-0.00644842	0.00411471	0.00336831	0
278.8534946968	218.9348768138	0.120298	0.13786	0.235344	-0.00729697	0.0042307	0.00332268	0
277.7425075072	218.9082429968	0.107605	0.0823954	0.21707	-0.00694571	0.00402335	0.00315381	0
278.2486591894	218.4676358413	0.114485	0.0638925	0.230095	-0.00638959	0.00406451	0.00315381	0
278.5320822596	218.4367568372	0.116287	0.0656465	0.234237	-0.00667578	0.00383928	0.00300467	0
277.9948673047	218.7184398714	0.11433	0.0760561	0.240665	-0.00697727	0.00369656	0.00315381	0
277.5265487617	218.4425567902	0.119432	0.101954	0.257571	-0.00724338	0.00401629	0.00315381	0
277.4738219159	218.349324911	0.117034	0.0927794	0.262189	-0.00751494	0.00429145	0.00315381	0
277.8773059669	218.2628123247	0.119803	0.105094	0.268713	-0.0073382	0.00378947	0.0031538	0
278.5863713824	218.2094906118	0.119426	0.145074	0.25198	-0.00754379	0.00409105	0.0031538	0
278.6315211852	218.1286833406	0.128338	0.115176	0.251955	-0.00772134	0.00387725	0.00300428	0
278.2890440477	218.0847037433	0.124098	0.110717	0.274075	-0.00731684	0.00386614	0.00315381	0
280.2017136358	218.6995393251	0.118058	0.146503	0.33013	-0.00798498	0.00405576	0.00336418	0
279.5965396352	218.2346237417	0.11524	0.107436	0.312475	-0.00764546	0.0038604	0.00315381	0
280.0425436562	218.6499896097	0.105184	0.040898	0.24647	-0.00743315	0.00388242	0.00315381	0
280.0035127713	218.2408968844	0.109979	0.0579179	0.196483	-0.0070991	0.00382763	0.00315381	0
279.3538399165	218.2071922622	0.109556	0.0447629	0.226455	-0.00746615	0.00388242	0.0031538	0
279.6784029455	218.4434896498	0.124609	0.0991626	0.267097	-0.00790515	0.00349561	0.0031538	0
281.355975896	218.8491754097	0.129911	0.111095	0.345363	-0.0088046	0.00381168	0.0031538	0
280.5521583856	218.7126399183	0.107868	0.119396	0.361033	-0.00876582	0.00388242	0.00304151	0
280.8359720251	219.0965183956	0.104203	0.135164	0.228827	-0.00822796	0.00346241	0.00298116	0
279.7539129963	218.8207299524	0.103009	0.0863779	0.218045	-0.00822411	0.00355873	0.00268443	0
280.8753153654	218.8967377286	0.115345	0.0672229	0.228832	-0.00804385	0.00388242	0.00289339	0
280.3376056894	218.8883690318	0.107348	0.100238	0.232817	-0.00805545	0.00375403	0.00282165	0
280.8941668401	218.72033263	0.113778	0.152877	0.280796	-0.00838208	0.00388242	0.00268443	0
280.985377774	219.0763740365	0.125209	0.155668	0.334244	-0.00933878	0.00440287	0.00268443	0
281.3650110641	218.6296830142	0.115958	0.0729135	0.300538	-0.00922667	0.00388242	0.00259579	0
281.6597866799	219.3028696387	0.110086	0.0617024	0.225991	-0.00758563	0.00381996	0.00252214	0
280.9902468704	218.7683140597	0.101954	0.0608168	0.235347	-0.00807569	0.00388242	0.00268443	0
281.0130300753	218.7618922003	0.110737	0.0444516	0.213135	-0.00801336	0.00300215	0.00235119	0
280.7827764961	218.1954841984	0.106019	0.0876739	0.228312	-0.0071834	0.00376597	0.00268443	0
281.9244363892	218.7914733128	0.122566	0.124326	0.270669	-0.00806332	0.00376597	0.00253596	0
281.2002168876	218.8955615144	0.122546	0.126216	0.319476	-0.008863	0.00385063	0.0025791	0
281.4812705045	218.7937851822	0.122576	0.176204	0.286249	-0.00912911	0.00376597	0.00268443	0
282.5902006962	219.3501345242	0.102378	0.0873874	0.204017	-0.00875284	0.00342397	0.00244978	0
281.3777696589	218.6363347086	0.0986666	0.0349591	0.206164	-0.00815018	0.00376597	0.00216312	0
282.3932496532	218.9151380458	0.105597	0.0602209	0.204608	-0.00794064	0.00364843	0.00224498	0
281.7226683257	218.54307579	0.0998319	0.0549425	0.181825	-0.00776081	0.00368118	0.00217498	0
281.9921871314	218.6954158154	0.0952933	0.113354	0.1889	-0.0075132	0.00369839	0.0018159	0
282.5076864372	218.7258486692	0.0968826	0.151604	0.259465	-0.00883045	0.00376597	0.00224498	0
281.8940761411	219.2170871164	0.110949	0.093256	0.30959	-0.00943043	0.00376597	0.00224498	0
282.6211337791	219.0322592422	0.090522	0.114091	0.197715	-0.00865554	0.00319792	0.00188492	0
282.3020126814	219.0789833394	0.0905698	0.0450969	0.182242	-0.00860354	0.00308792	0.00181858	0
281.6215629714	218.5423998048	0.106483	0.0374759	0.211136	-0.0083177	0.00320286	0.00181858	0
281.8724386059	219.074021608	0.0976941	0.0864743	0.222722	-0.0084336	0.00320285	0.00181858	0
281.8974350365	218.7957860984	0.0892583	0.0884489	0.222733	-0.0084336	0.00328265	0.00181858	0
281.9552913582	218.6174882411	0.106515	0.123879	0.222645	-0.00799442	0.00320286	0.00200108	0
281.8331473415	218.6345636274	0.0970003	0.144938	0.279526	-0.00899749	0.0036436	0.00214579	0
