4044.382861248	3017.40151661	0.0670875	0.158895	-0.00829368	-0.000726539	0.000694196	0.000787955	1
3946.270690935	3004.658079696	0.0716119	0.171904	-0.0187839	-0.00110014	0.000672792	0.000965377	1
3874.248200554	3009.336151606	0.0795786	0.219892	0.0144138	-0.00095339	0.000632153	0.000831934	1
3829.08779565	3003.45679635	0.086108	0.241442	0.0188585	-0.00199472	0.000727919	0.000950401	1
3787.16059703	3002.671224993	0.0843764	0.249768	0.0089027	-0.00146538	0.000736414	0.000952155	1
3768.181214622	3007.088820887	0.0832415	0.238749	-0.000395688	-0.00135055	0.000458328	0.00095895	1
3731.095812923	3003.40983885	0.0838444	0.255051	-0.0309535	-0.000591913	0.000747015	0.000959247	0
3705.121513073	3001.331002691	0.0802622	0.245891	0.00775727	-0.000828344	0.000605564	0.000953078	0
3707.083615459	3000.792924982	0.0787471	0.258316	0.0078711	-0.000885011	0.000379527	0.00110249	0
3691.211803246	2999.822285829	0.0970386	0.271038	0.00709616	-0.000268567	0.000458328	0.00106015	0
3745.763826285	3020.073122155	0.0983156	0.323729	0.0997522	0.000563079	-0.000494542	0.000186269	0
3686.351417312	2975.953512216	0.816658	0.455839	0.0716469	0.0117293	-0.0351395	0.0109898	0
3657.508960936	2981.754973266	0.861488	0.25926	0.11251	0.0141772	-0.0271502	0.0124951	0
3650.47878847	2984.600045341	0.784294	0.288535	0.150141	0.0128137	-0.0254442	0.0119341	0
3641.97207146	2989.154646648	0.660973	0.292336	-0.0113571	0.0121363	-0.0221763	0.0106896	0
3632.808969987	2985.384788037	0.65886	0.314434	-0.0780655	0.0125285	-0.0197936	0.0108284	0
3629.848188895	2992.041428033	0.582858	0.322541	0.0600447	0.0102723	-0.0181474	0.00930564	0
3686.443400877	3008.532073469	0.418664	0.295298	0.566048	0.000103576	-0.0162619	0.00766829	0
3653.610396182	3009.155779561	0.433479	0.420504	0.334916	0.000811707	-0.0146329	0.00776548	0
3656.22663953	3004.911650197	0.460531	0.443209	0.237787	0.00141684	-0.0144064	0.00826036	0
3650.817877709	3000.614486481	0.462562	0.409638	0.206907	0.00174155	-0.014689	0.0084688	0
3655.103927237	3003.716443705	0.464247	0.378606	0.213797	0.00221605	-0.0143414	0.00842387	0
3651.267860027	3006.08834991	0.468751	0.364308	0.177176	0.00221605	-0.0139036	0.00802562	0
3660.780947748	3004.249273223	0.464742	0.326404	0.143283	0.00237352	-0.0138513	0.00811008	0
3670.403967046	3016.09499322	0.459397	0.303712	0.107934	0.00248698	-0.0121271	0.00742642	0
3655.529551538	3013.378087498	0.43554	0.288711	0.0661856	0.00325255	-0.0122779	0.00738317	0
3670.086992322	3014.536556651	0.397104	0.312668	0.161667	0.0033088	-0.0121596	0.00739055	0
3667.661126108	3007.382719594	0.402729	0.330418	0.167204	0.00285508	-0.0120906	0.00749581	0
3669.750467084	3003.642140366	0.397552	0.36965	0.177052	0.00330841	-0.0121165	0.0074178	0
3666.29002614	3006.578917678	0.423709	0.355642	0.140786	0.00290533	-0.0111361	0.00745218	0
3666.119520019	3001.792291076	0.446444	0.428752	0.123552	0.00243486	-0.0111278	0.00760002	0
3664.983667217	3001.413868868	0.448477	0.372266	0.133774	0.00215497	-0.0108355	0.00759282	0
3682.987767436	3000.793477423	0.426142	0.376438	0.0858877	0.00252138	-0.0105116	0.00716658	0
3680.312872546	3003.305151246	0.442898	0.331371	0.0227656	0.00315884	-0.0095045	0.00732397	0
3659.344786233	2998.565482145	0.440748	0.309742	0.0487064	0.00260538	-0.00942835	0.00716658	0
3666.340344675	2994.898930035	0.439742	0.31097	0.0672062	0.00301414	-0.00967272	0.00747451	0
3660.238020364	2998.834244779	0.440602	0.337913	0.0574233	0.00301487	-0.00957169	0.00736737	0
3654.404595743	2988.882016926	0.431502	0.345328	0.0925333	0.00305144	-0.00997478	0.00744311	0
3648.371499481	2992.886663038	0.441954	0.338901	0.0746362	0.00281722	-0.00965331	0.00766562	0
3652.020394559	2992.0356274	0.44621	0.340589	0.0749839	0.00260538	-0.00942341	0.00745722	0
3656.649699829	2989.631403386	0.444678	0.355001	0.0815628	0.00315808	-0.00971059	0.00772296	0
3654.305561173	2995.667651936	0.440427	0.363159	0.0557523	0.00295165	-0.00999692	0.00778355	0
3651.17235096	2991.078523056	0.436499	0.360071	0.0843054	0.00311902	-0.00979876	0.00763101	0
3655.23533233	2991.371316881	0.442194	0.330998	0.0642221	0.00297462	-0.00987292	0.00793184	0
3654.190181092	2987.717470919	0.453931	0.361946	0.089763	0.00264004	-0.0097213	0.00834528	0
3692.045744835	3008.259167526	0.410777	0.413877	0.230802	0.000373057	-0.00942823	0.00729255	0
3695.179275549	3009.488349151	0.352364	0.326601	0.332095	0.000399664	-0.0087373	0.00621507	0
3675.846060891	3004.132431913	0.367017	0.250925	0.263712	-0.000706351	-0.00920864	0.00531842	0
3669.769376598	2997.356464623	0.409389	0.152993	0.448601	0.00103947	-0.0102516	0.00564166	0
3667.279410339	3004.446494724	0.382147	0.146271	0.461217	0.000980523	-0.00987266	0.00477812	0
3671.931471125	3014.440708107	0.38115	0.213461	0.331066	0.00217621	-0.0091194	0.0052102	0
3656.033377894	2994.928209417	0.426577	0.176968	0.324316	0.00129365	-0.00835148	0.00593705	0
3676.551481889	3004.663880328	0.436357	0.245789	0.300089	0.00342411	-0.00842819	0.00625751	0
3648.689756206	2990.149593212	0.416736	0.296393	0.283137	0.00331039	-0.0084638	0.00586827	0
3688.919265126	3010.013720713	0.412068	0.2657	0.362864	0.00395684	-0.00746826	0.00576723	0
3697.806095405	3016.929179401	0.441076	0.299848	0.384346	0.00227459	-0.00641343	0.006653	0
3708.294465314	3012.990273789	0.491	0.39604	0.559152	0.00122053	-0.00700948	0.00764527	0
3695.290809628	3019.219048091	0.467584	0.314766	0.560709	0.000783928	-0.00579938	0.00708723	0
3676.291235705	3019.433671489	0.418343	0.226829	0.441852	0.000624626	-0.00581943	0.00652671	0
3677.001143707	3016.346077736	0.403177	0.294816	0.407014	0.000370816	-0.0047618	0.0065411	0
3679.097856188	3015.978980572	0.402087	0.255793	0.412983	0.00107721	-0.00496289	0.00634021	0
3699.471414581	3018.610534132	0.430905	0.301587	0.410839	0.00166026	-0.00575337	0.00736759	0
3699.722686759	3018.968239795	0.453463	0.322704	0.346649	0.00237778	-0.00569611	0.00801946	0
3699.79511981	3023.149943306	0.451704	0.341458	0.33428	0.00190625	-0.00554481	0.00827732	0
3698.428827345	3019.45273071	0.452349	0.351802	0.288545	0.00166401	-0.00554686	0.00828793	0
3685.790221416	3012.819845685	0.445522	0.333474	0.260991	0.00186405	-0.0047266	0.00802145	0
3675.803754861	3009.266544017	0.44849	0.344934	0.264537	0.00183098	-0.00489321	0.00807769	0
3665.471789062	3005.714071011	0.463992	0.355462	0.259577	0.00180739	-0.00448087	0.00806074	0
3680.151340432	3008.888950471	0.463099	0.368005	0.336766	0.00137248	-0.00519196	0.00825692	0
3676.05791154	3005.099203978	0.462765	0.362446	0.369468	0.00122554	-0.00519029	0.00788147	0
3679.89269675	3004.784312505	0.455995	0.326224	0.362155	0.000496604	-0.00498612	0.00794419	0
3676.391231776	3008.857461324	0.45032	0.332207	0.231954	0.000932613	-0.00476988	0.00753639	0
3655.776016212	2998.835349661	0.490683	0.363374	0.2638	0.00130685	-0.0046972	0.00819953	0
3669.796619117	2989.072885353	0.519184	0.352735	0.26505	0.00100807	-0.00475663	0.00848008	0
3658.688081269	2991.603065956	0.522682	0.343017	0.273957	0.000524324	-0.00493705	0.00850537	0
3666.461814261	2988.749154822	0.525682	0.365405	0.286797	0.000225929	-0.00522507	0.0085877	0
3662.137945707	2986.951511223	0.517991	0.385151	0.275603	-0.000205216	-0.00559641	0.00842536	0
3675.117563876	2984.692855459	0.498316	0.384124	0.284474	-0.000808216	-0.00539469	0.00822707	0
3680.143007426	2988.424319408	0.50712	0.407535	0.29787	-0.000954501	-0.00542042	0.00836901	0
3669.677072533	2988.424871849	0.505688	0.388104	0.331705	-0.000932696	-0.00559742	0.00823671	0
3680.503890681	2993.790733028	0.506014	0.330177	0.260869	-0.00106085	-0.00538083	0.00814002	0
3663.299118027	3001.154221513	0.499914	0.336139	0.227747	0.000316013	-0.00510424	0.00803648	0
3657.601906002	2993.426950511	0.507662	0.311014	0.241264	0.000226842	-0.00543636	0.00817029	0
3649.178198551	3000.426104038	0.515023	0.351191	0.233116	1.16942e-05	-0.00547001	0.00817739	0
3664.386895795	2999.299400252	0.490481	0.339509	0.270276	2.54218e-05	-0.0059028	0.00810828	0
3656.965392552	2996.14247513	0.485571	0.35979	0.242659	1.09355e-05	-0.00616127	0.00816942	0
3660.437692005	3001.507507648	0.478508	0.379152	0.25617	-9.0742e-05	-0.00614666	0.00814253	0
3666.348036681	3008.995847839	0.500179	0.355626	0.218299	-0.000121613	-0.00583738	0.00837842	0
3671.223165625	3009.984993771	0.479967	0.360026	0.272682	-9.33544e-05	-0.00574566	0.00799815	0
3675.393194071	3004.390974385	0.485607	0.378313	0.234589	0.00018925	-0.00577691	0.00794058	0
3674.449000404	3008.80442697	0.516099	0.380935	0.268944	-0.00118805	-0.00536359	0.00847787	0
3689.261879869	3012.136475946	0.518108	0.371348	0.310643	-0.0015613	-0.00586659	0.00846641	0
3675.260506977	3004.122211751	0.516529	0.387769	0.309276	-0.00172705	-0.00579641	0.00835728	0
3674.039080614	3007.018384636	0.512393	0.354211	0.296092	-0.00112264	-0.00556637	0.00832278	0
3676.490586846	2997.574678889	0.52394	0.364106	0.240187	-0.00092894	-0.00586463	0.00854722	0
3654.539526339	3004.386554856	0.5361	0.362569	0.261874	-0.000568675	-0.00558763	0.00870373	0
3678.725114425	2998.398644909	0.53347	0.383866	0.264638	-0.000696588	-0.00563677	0.00860219	0
3662.988232807	3003.476684233	0.533884	0.387597	0.265477	-0.000685329	-0.00568642	0.00870373	0
3668.011753356	3002.240320873	0.524279	0.40371	0.27037	-0.000923759	-0.00577656	0.00888496	0
3668.958831525	2999.404640297	0.522092	0.387296	0.248926	-0.000898879	-0.00589509	0.00902266	0
3671.507769826	2998.536478983	0.522824	0.395128	0.281119	-0.000785136	-0.00601604	0.00893764	0
3679.078626174	3002.460744903	0.537185	0.384062	0.275783	-0.000689769	-0.00589366	0.00916652	0
3684.727122165	3000.063426404	0.547003	0.35775	0.276874	-0.00102424	-0.00564503	0.00895385	0
3675.273647486	2996.084192586	0.529282	0.34065	0.316123	-0.00135441	-0.00564454	0.0090394	0
3700.26208864	3009.275106855	0.51919	0.349612	0.323407	-0.00230575	-0.00513822	0.00790227	0
3711.479596565	3012.005271166	0.502086	0.299138	0.400509	-0.00157258	-0.00407425	0.00656121	0
3695.105560497	3005.148095022	0.473943	0.214874	0.440087	-0.00146273	-0.00385226	0.00567986	0
3683.283268645	2998.492007468	0.488981	0.237089	0.414217	-0.001625	-0.00400446	0.00694924	0
3683.020778959	2997.04157315	0.473456	0.286253	0.412381	-0.00167549	-0.00452423	0.00630842	0
3678.261350597	3000.150988331	0.486087	0.269703	0.478034	-0.00139813	-0.00490463	0.00646449	0
3670.782477814	3003.728597411	0.582737	0.336533	0.422277	-0.00304555	-0.00482681	0.00842653	0
3681.552887922	3012.969833466	0.572261	0.368301	0.388219	-0.000978285	-0.0032372	0.00767093	0
3675.016926805	3004.889000109	0.55298	0.404292	0.462039	-0.0022209	-0.00336376	0.00767093	0
3678.640502365	3005.205825125	0.543681	0.41803	0.412878	-0.00193697	-0.00393463	0.00761425	0
3678.327694144	3004.591510534	0.52282	0.402194	0.427428	-0.00144736	-0.00441002	0.00719725	0
3676.635132448	3005.043683639	0.533987	0.424845	0.401102	-0.0025394	-0.00390831	0.00745901	0
3680.959321503	3008.498650777	0.537167	0.3841	0.443977	-0.00396183	-0.00372067	0.0070423	0
3685.803682425	3004.33711137	0.495248	0.383197	0.412601	-0.00209292	-0.00476397	0.00689968	0
3681.652883993	3002.599407639	0.504776	0.339477	0.388008	-0.00269528	-0.00483378	0.00723458	0
3676.446037315	3016.079248646	0.510973	0.336139	0.338872	-0.00184599	-0.00425194	0.00725617	0
3672.274406368	3000.584102216	0.513166	0.384239	0.327982	-0.00226784	-0.00373467	0.00725278	0
3666.410854725	2997.365856123	0.500909	0.36339	0.364494	-0.00182315	-0.00394202	0.00694145	0
3659.943160156	3003.469778718	0.484269	0.321156	0.397017	-0.00160431	-0.00322962	0.0061625	0
3659.282609189	3006.025371616	0.459028	0.439519	0.439893	-0.00267142	-0.00109028	0.0064401	0
3669.377084321	2997.554238565	0.474182	0.45275	0.396013	-0.000542084	-0.00179147	0.00678885	0
3672.764451214	3002.059396386	0.493127	0.474784	0.37367	-0.00195437	-0.00233849	0.00701696	0
3665.999011934	2992.85020192	0.48936	0.431587	0.393292	-0.00200742	-0.00253842	0.00687969	0
3667.547028028	2989.950161947	0.494628	0.409695	0.38702	-0.00284059	-0.00235087	0.007152	0
3673.818576458	2998.546975365	0.48497	0.391565	0.430799	-0.00371886	-0.00249857	0.00692671	0
3679.453290939	3001.600041545	0.472456	0.35677	0.500572	-0.00473571	-0.00208142	0.00674688	0
3675.050258829	2991.021897835	0.459519	0.368345	0.471684	-0.00488256	-0.00226951	0.00653057	0
3667.696381133	2989.569529974	0.459979	0.396646	0.429915	-0.00421024	-0.00165798	0.00650221	0
3668.975818037	2988.708274174	0.474436	0.392177	0.405466	-0.00400618	-0.00174587	0.00664775	0
3687.838538363	2988.897209058	0.473792	0.422593	0.442348	-0.00426512	-0.00199989	0.00650258	0
3680.425047626	2998.442011541	0.451546	0.398922	0.525489	-0.00497038	-0.00323186	0.00564008	0
3691.511150458	2994.946716197	0.451372	0.413869	0.555135	-0.00564956	-0.00371369	0.00587852	0
3682.990972438	2996.745188458	0.467094	0.437802	0.489253	-0.00553624	-0.00315686	0.00585536	0
3708.901813243	3020.180295744	0.428294	0.416563	0.553362	-0.00382402	-0.00282272	0.00444813	0
3718.372274434	3016.327294736	0.420253	0.37799	0.580001	-0.00167435	-0.00332134	0.00430258	0
3707.277197596	3013.622266499	0.412252	0.330378	0.634747	-0.00182802	-0.00286181	0.00401287	0
3714.96984403	3017.764470465	0.427353	0.355435	0.887096	0.000383997	-0.00452513	0.00403681	0
3701.653700623	3008.274359658	0.423716	0.311024	1.2741	7.08875e-05	-0.00372688	0.0039535	0
3685.464593186	3006.993801004	0.407018	0.201436	1.42097	-0.000194102	-0.00359516	0.00375442	0
3674.424962887	3007.592094801	0.404739	0.319665	1.10004	-0.00317014	-0.00453508	0.00448185	0
3686.160399177	3011.711648679	0.414256	0.422204	0.706426	-0.0033379	-0.00294174	0.00512376	0
3686.736017584	3012.522079889	0.432663	0.484634	0.596233	-0.00343819	-0.00183364	0.00512376	0
3695.262926108	3022.133175314	0.441148	0.539313	0.543566	-0.0031666	-0.00160246	0.00563431	0
3693.4120373	3007.458956477	0.456877	0.540745	0.51572	-0.00352447	-0.00203028	0.00615037	0
3702.197269007	3009.185058943	0.444304	0.513431	0.533423	-0.00396293	-0.00215777	0.00599231	0
3692.388039077	3011.096229205	0.438468	0.477945	0.519679	-0.00401263	-0.00200181	0.00595359	0
3687.010686278	3010.852326424	0.451959	0.440617	0.475386	-0.00376414	-0.001606	0.00628791	0
3688.406785264	3006.369818691	0.463325	0.369401	0.455319	-0.00426081	-0.00153547	0.00677739	0
3675.877469913	3000.388814259	0.466403	0.333482	0.463217	-0.00424692	-0.00150317	0.00631076	0
3673.072772432	2997.384362902	0.469255	0.353469	0.467125	-0.00449542	-0.00202911	0.00694446	0
3663.386614589	2994.574094621	0.487787	0.372349	0.446611	-0.0044034	-0.00202911	0.00682981	0
3663.805187884	2991.686760795	0.478683	0.397563	0.482941	-0.00452954	-0.00221807	0.0069476	0
3669.362661811	2983.743209071	0.48812	0.404999	0.454324	-0.0045616	-0.00210897	0.00719438	0
3672.672147149	2991.047033909	0.491298	0.456797	0.451289	-0.00398286	-0.00230683	0.0069476	0
3673.972737067	2990.67772698	0.502167	0.464346	0.459174	-0.00436889	-0.00258978	0.00738418	0
3667.693817132	2989.088077486	0.506758	0.462807	0.448037	-0.0041881	-0.00258881	0.00706804	0
3666.342908677	2988.493650776	0.513946	0.463577	0.456585	-0.00392379	-0.0028294	0.00716775	0
3662.981181802	2992.63502608	0.511354	0.427098	0.437054	-0.00430411	-0.00266616	0.00736508	0
3649.515685289	2987.617755286	0.508393	0.425236	0.453104	-0.0044593	-0.00292497	0.00694761	0
3651.543169722	2994.371072488	0.508685	0.431121	0.444316	-0.00430698	-0.00309101	0.00728838	0
3640.547127453	2992.483933417	0.497075	0.400848	0.426589	-0.00425134	-0.00318633	0.00716786	0
3636.135121337	2996.050769895	0.504744	0.398624	0.446803	-0.00444013	-0.00314779	0.00707171	0
3630.725718515	2996.631661795	0.487836	0.441968	0.433204	-0.0042004	-0.00338357	0.00694761	0
3618.740292048	2992.532824462	0.49045	0.417514	0.469685	-0.00471111	-0.00347197	0.00694761	0
3623.296202766	2992.477027903	0.490258	0.42043	0.426584	-0.00486475	-0.00340992	0.00694761	0
3615.34651515	2995.826754996	0.484946	0.467045	0.451459	-0.00432847	-0.0033642	0.00694761	0
3622.518028217	2991.269667704	0.47902	0.469755	0.436841	-0.00430069	-0.0036651	0.00713551	0
3622.408096639	2990.302343199	0.472405	0.449065	0.430554	-0.00417669	-0.00373236	0.00668449	0
3626.793821737	2987.463624196	0.465744	0.462696	0.403094	-0.00357229	-0.00353916	0.00651972	0
3634.320128554	2990.407583243	0.473222	0.470329	0.388101	-0.0035985	-0.00422307	0.00676818	0
3618.342230767	2984.406690928	0.480193	0.470039	0.41158	-0.00354473	-0.00429223	0.00694761	0
3637.542758331	2985.662665951	0.47753	0.469133	0.40118	-0.0033097	-0.00436311	0.00694761	0
3627.263675069	2985.949106702	0.483703	0.42078	0.407518	-0.00414447	-0.00388035	0.00694761	0
3641.582663685	2995.984476953	0.428249	0.403542	0.460216	-0.00524793	-0.00318525	0.00536274	0
3643.011453694	2995.910449835	0.301698	0.312795	0.502734	-0.00618382	-0.00403316	0.00128213	0
3623.007111562	2988.703854645	0.377061	0.272457	0.442199	-0.00188277	-0.00416112	0.003644	0
3644.034169917	2997.525511624	0.348908	0.377381	0.495536	-0.00385505	-0.00430758	0.00411719	0
3650.007012136	2995.435902862	0.380132	0.394526	0.546357	-0.0048603	-0.0045444	0.00395505	0
3664.882068645	2996.864515752	0.40156	0.418889	0.903914	-0.00730789	-0.00555535	0.00171965	0
3644.595045313	2989.752388004	0.425665	0.300366	1.11335	-0.00983244	-0.00625311	0.00225214	0
3641.284598474	2999.225925575	0.446421	0.238376	1.15895	-0.00944384	-0.00642176	0.00361359	0
3621.599474568	2992.577572197	0.466368	0.342254	1.20097	-0.0101753	-0.00712105	0.00425215	0
3634.618514265	2999.873939079	0.46188	0.404427	1.20147	-0.0115092	-0.00765369	0.00389145	0
3645.186688731	3009.531715783	0.463417	0.437063	1.27446	-0.0119178	-0.0077386	0.00307491	0
3639.413197652	3004.194857766	0.458711	0.370386	1.29021	-0.0114797	-0.0076048	0.00367055	0
3642.304109695	3002.119060034	0.48691	0.350597	1.24737	-0.0100401	-0.00740388	0.00468961	0
3643.872958303	3004.514444989	0.495269	0.371183	1.23938	-0.0101064	-0.00714117	0.00500427	0
3654.601382882	3009.735842799	0.502113	0.402707	1.15043	-0.00928116	-0.00757804	0.00572539	0
3673.756719915	3009.628945431	0.497712	0.443967	1.00996	-0.00798481	-0.00767418	0.00589443	0
3661.833790992	3006.488869765	0.495191	0.410261	0.972519	-0.00764465	-0.00708586	0.0058474	0
3664.282733222	3003.493533689	0.493842	0.428813	0.909383	-0.00735838	-0.00713089	0.00576482	0
3652.620050482	2996.811481399	0.48577	0.411776	0.932915	-0.00846223	-0.00648734	0.00565543	0
3656.134655965	2997.132173504	0.474336	0.418943	0.949078	-0.00889156	-0.00644816	0.00567615	0
3653.948523921	2988.971788617	0.465461	0.442272	0.923309	-0.00856504	-0.00627584	0.0054515	0
3658.66019775	2986.263998175	0.470338	0.418084	0.923301	-0.00856578	-0.00577502	0.00556386	0
3658.149320389	2989.76454171	0.465674	0.417563	0.893332	-0.00845914	-0.0060399	0.00546649	0
3656.43784918	2980.909738261	0.474956	0.436116	0.916247	-0.00856842	-0.00605166	0.00536137	0
3658.934545943	2986.880798752	0.474988	0.453055	0.852381	-0.00741378	-0.00675945	0.00592015	0
3669.945010722	2990.180529919	0.459191	0.451508	0.895299	-0.00675222	-0.00626204	0.00551656	0
3652.332561779	2984.407795811	0.440589	0.392628	0.950846	-0.00780011	-0.00580224	0.00501288	0
3654.465170286	2982.376193372	0.419574	0.401081	0.915078	-0.00940571	-0.00559827	0.00469558	0
3665.654474191	2993.740737101	0.386932	0.421952	0.869764	-0.00946587	-0.00545925	0.00382607	0
3658.637121733	2993.126974951	0.409818	0.416066	0.876207	-0.0091582	-0.00439033	0.00408484	0
3671.310662187	2985.698574627	0.430342	0.455188	0.737141	-0.0078247	-0.00495368	0.00454746	0
3677.93956837	2990.581602215	0.455898	0.497157	0.667392	-0.00782853	-0.00478667	0.00517049	0
3663.07701137	2982.261285607	0.459776	0.503102	0.669343	-0.00727118	-0.00536096	0.00559295	0
3673.298725091	2987.084925768	0.450699	0.467866	0.670599	-0.00736786	-0.0050243	0.00559296	0
3671.409696757	2986.649325898	0.45715	0.435316	0.746325	-0.00804172	-0.00476728	0.00559296	0
3692.338041042	3001.374645544	0.459859	0.396441	0.6093	-0.00589825	-0.00408976	0.00559295	0
3696.332435364	3005.201129375	0.44736	0.416592	0.525381	-0.00625292	-0.00404962	0.005167	0
3689.799999749	2997.140460122	0.464643	0.417358	0.534829	-0.0058478	-0.00383991	0.00584208	0
3695.107803998	3000.940150556	0.461886	0.403623	0.540106	-0.00555758	-0.00401283	0.00617423	0
3700.993790657	3006.865358429	0.453872	0.40856	0.554731	-0.00619825	-0.00423943	0.00559295	0
3692.645721259	3003.250183349	0.429325	0.412687	0.592372	-0.00594075	-0.00438059	0.00534936	0
3705.677901466	3009.8673238	0.434969	0.446602	0.61055	-0.00772734	-0.00430371	0.00493434	0
3708.833867195	3018.262496188	0.440288	0.425976	0.731402	-0.00700457	-0.00496748	0.00492519	0
3702.117464451	3008.849450926	0.427404	0.459969	0.688841	-0.0049873	-0.00448507	0.00509554	0
3710.612002452	3008.971540427	0.447477	0.454129	0.56303	-0.00430328	-0.00453299	0.00570959	0
3719.3151861	3019.90683736	0.433386	0.440297	0.320423	-0.00184535	-0.00509447	0.00625027	0
3685.999828564	3005.903282115	0.51707	0.462515	0.275263	0.00125813	-0.00947752	0.00829149	0
3684.746031678	2996.271746366	0.539121	0.433455	0.286799	0.00143535	-0.00960666	0.00847304	0
3674.363106343	3000.798725614	0.525839	0.453232	0.31591	0.000562272	-0.0088617	0.00829149	0
3684.548283039	2996.622546516	0.513639	0.458764	0.339382	0.000328219	-0.00839044	0.00791467	0
3692.106319378	2991.350324117	0.521653	0.48173	0.322513	0.000183861	-0.00904556	0.00788725	0
3698.568885944	2999.696053019	0.506278	0.502606	0.417916	-0.000954366	-0.00863488	0.00762366	0
3704.238214449	3000.268658302	0.540485	0.49938	0.436564	-0.00196887	-0.0086013	0.00806731	0
3692.098306872	2997.374971402	0.524809	0.443007	0.436561	-0.00149532	-0.00788763	0.00762366	0
3696.076355683	2994.872689079	0.516149	0.461839	0.415409	-0.000972913	-0.00725135	0.00735197	0
3689.22149684	2993.511474012	0.516101	0.458782	0.357047	-0.000465753	-0.00734332	0.00722044	0
3681.973063719	2988.048659406	0.51414	0.458446	0.361504	-0.000357385	-0.00736048	0.00697353	0
3675.784524847	2983.935182381	0.54181	0.48702	0.3698	-0.000976732	-0.00741342	0.00774776	0
3675.491908141	2983.63465438	0.548906	0.480976	0.381415	-0.00106593	-0.00748578	0.00790039	0
3688.96669916	2993.722782763	0.539277	0.483003	0.433533	-0.00112986	-0.00711251	0.00766956	0
3699.264050935	2999.277578826	0.524955	0.44675	0.53685	-0.00367872	-0.00649377	0.00752897	0
3676.257903682	2997.956139524	0.484815	0.3531	0.568707	-0.00505778	-0.00595665	0.00647035	0
3680.443316139	2994.213626751	0.474261	0.432243	0.519546	-0.00389247	-0.00599866	0.00634341	0
3657.055132616	2993.73548891	0.491998	0.374179	0.485935	-0.00360094	-0.00543647	0.00715686	0
3668.276166043	2995.030134815	0.499531	0.431111	0.420222	-0.00332836	-0.00523171	0.00739885	0
3673.29648159	2991.617705648	0.49537	0.516522	0.413574	-0.00308089	-0.00545494	0.00672138	0
3688.178909603	2999.936088712	0.502568	0.463913	0.479802	-0.0031173	-0.00630572	0.00654278	0
3696.22891379	3002.048347563	0.509423	0.406115	0.562168	-0.00343532	-0.0067449	0.00602097	0
3700.088057017	3006.89380915	0.483048	0.348236	0.580062	-0.00436112	-0.00591958	0.00559305	0
3700.613036388	3002.284792387	0.508587	0.332627	0.650792	-0.00508208	-0.00722756	0.00641308	0
3699.303792963	3005.644187202	0.513781	0.347889	0.676019	-0.00555215	-0.00649006	0.00649956	0
3700.7713635	3005.639491452	0.521757	0.357728	0.644414	-0.00575447	-0.00624417	0.0064953	0
3694.187006848	3015.73949732	0.532598	0.390523	0.663162	-0.00504456	-0.00578446	0.00703983	0
3694.92575987	3011.586244531	0.544538	0.423427	0.59369	-0.00440675	-0.00621419	0.00770526	0
3704.65069824	3014.700355461	0.544007	0.458218	0.562359	-0.0038048	-0.00651333	0.0081173	0
3681.951910704	3011.359467427	0.556023	0.532577	0.553327	-0.00335168	-0.00721772	0.00878108	0
3682.590667656	3009.877267741	0.554636	0.552431	0.588128	-0.00325965	-0.00763834	0.00840567	0
3682.869823353	3009.836110874	0.565422	0.502943	0.597943	-0.00367736	-0.0062933	0.00839231	0
3688.031479499	3014.10040434	0.553781	0.468453	0.507857	-0.00368264	-0.00615509	0.00847956	0
3682.288435942	3015.052260493	0.571852	0.502187	0.431456	-0.00203277	-0.00702385	0.00865871	0
3675.430051597	2998.302796364	0.568221	0.462897	0.408852	-0.00141642	-0.00741662	0.00876655	0
3666.326242665	2999.121790413	0.573679	0.463331	0.466144	-0.00320139	-0.00688032	0.00918679	0
3666.345152179	2999.181730281	0.570652	0.444986	0.450958	-0.00305274	-0.0072379	0.00925855	0
3671.927304622	2990.892074158	0.561052	0.487687	0.469447	-0.00259709	-0.00676275	0.00865872	0
3668.667176319	2991.432637852	0.576201	0.490837	0.440892	-0.00290571	-0.00683895	0.00925588	0
3674.201253729	2986.852900472	0.563073	0.513727	0.510935	-0.00271563	-0.00747361	0.00892663	0
3671.076697021	2988.908534102	0.57197	0.524996	0.530907	-0.00346016	-0.00742059	0.00910151	0
3665.120520814	2983.507040467	0.577244	0.471114	0.519042	-0.00385961	-0.00682217	0.00908968	0
3667.033907165	2983.404010187	0.578332	0.476185	0.478425	-0.00320674	-0.00626304	0.00907054	0
3664.69137101	2986.344930808	0.585724	0.495891	0.429362	-0.00252614	-0.00674131	0.009257	0
3664.042999052	2980.566948508	0.593089	0.482679	0.486675	-0.00294435	-0.00660039	0.00984115	0
3663.182455944	2979.592166047	0.608139	0.497789	0.456623	-0.0024112	-0.00682706	0.00981211	0
3660.708514697	2972.428385048	0.608382	0.483747	0.447465	-0.00208566	-0.0073711	0.0093267	0
3669.443107367	2982.672025624	0.601506	0.486703	0.47251	-0.00235301	-0.00699327	0.00971978	0
3679.863531229	2977.433502137	0.605675	0.492912	0.490386	-0.00284865	-0.00736415	0.0097007	0
3669.217795708	2978.983099646	0.590769	0.504168	0.511547	-0.00303053	-0.00740644	0.00949634	0
3681.441033343	2985.593334582	0.584576	0.478301	0.46892	-0.00355308	-0.00687592	0.00932671	0
3689.000992684	2989.622011886	0.600713	0.45335	0.409274	-0.00316758	-0.00609594	0.00903077	0
3679.952950792	2986.425034779	0.599455	0.464872	0.42634	-0.00287829	-0.00663402	0.0093267	0
3670.986315958	2999.633627166	0.616816	0.4623	0.425461	-0.00266859	-0.00704056	0.00932671	0
3677.740217229	2991.081285262	0.624184	0.488526	0.453547	-0.00242663	-0.00684602	0.00954379	0
3675.274608987	2996.617850766	0.621817	0.495309	0.435837	-0.00232659	-0.00733987	0.00965748	0
3678.271927105	2991.85746512	0.631096	0.482262	0.454256	-0.0023165	-0.00674073	0.0099572	0
3678.70428191	2999.112675133	0.639459	0.496746	0.47752	-0.00260626	-0.00745396	0.0099874	0
3688.029876998	2999.350777282	0.636557	0.502944	0.511601	-0.0029661	-0.00733242	0.00983403	0
3676.744423025	2999.919791697	0.634197	0.515076	0.559373	-0.00334602	-0.00790559	0.0100209	0
3693.205955655	2998.545318042	0.607721	0.500731	0.466524	-0.00272259	-0.00780822	0.00949414	0
3679.659052085	2998.621278704	0.609698	0.47377	0.462198	-0.00303338	-0.00716432	0.00932671	0
3679.451047438	2998.042872789	0.597304	0.47617	0.425472	-0.00265769	-0.00741835	0.00932672	0
3677.847264305	2998.008621436	0.609511	0.488348	0.405184	-0.00187017	-0.00762162	0.00932672	0
3671.564177866	2997.45341805	0.597235	0.497725	0.412934	-0.00182334	-0.00709431	0.00940646	0
3683.494157794	3006.497156383	0.59145	0.442955	0.194845	-0.000902769	-0.00662492	0.00932672	0
3694.769355759	3011.790095326	0.642002	0.579015	0.282629	-0.00141343	-0.00668951	0.0102198	0
3672.414144466	2997.320279726	0.606205	0.506876	0.312724	-0.00199394	-0.00655855	0.00959503	0
3708.079409662	3005.701088643	0.515594	0.513028	0.371166	-0.00230994	-0.00629838	0.0079449	0
3686.749158093	3004.059509677	0.438974	0.473915	0.282949	-0.00322168	-0.00586915	0.00701073	0
3669.306894771	3003.780803102	0.235966	0.302599	-0.0339813	0.000851539	-0.00434331	0.00115379	0
3645.174830223	3004.74453674	0.266244	0.0434998	-0.0738482	-0.000537279	-0.00540549	-0.000175461	0
3669.863924165	3004.558640283	0.362147	0.282186	0.604753	-0.00222376	-0.00754066	-0.000702631	0
3664.046845055	2996.709832222	0.372221	0.26199	0.913597	-0.00479805	-0.00877388	-0.00205439	0
3644.23736706	3003.762848764	0.265762	0.288108	0.775507	-0.00837	-0.00496737	-0.00164782	0
3644.596968314	2999.126209942	0.2144	0.312067	0.793666	-0.0113403	-0.00415029	-0.000728567	0
3649.2471061	3001.393428544	0.256117	0.290296	0.640231	-0.00484164	-0.00541832	-0.00149092	0
3640.281112265	2982.269019783	0.353648	0.462983	0.702328	-0.00550392	-0.0042711	-0.00221295	0
3662.726704622	2998.728728513	0.318324	0.420227	1.51259	-0.0132304	-0.00293485	-0.00155075	0
3639.684981844	2995.106647918	0.215436	0.676633	1.09791	-0.0210446	-0.00320992	0.000666293	0
3635.267847724	3004.77713077	0.287602	0.724654	1.60557	-0.0236168	-0.00521175	0.00107165	0
3630.813535577	2995.079025859	0.36434	0.576801	1.74608	-0.023893	-0.00458705	0.00150319	0
3606.565770447	2995.826754996	0.398309	0.618216	1.70194	-0.0240325	-0.00403703	0.00260574	0
3612.376119052	2985.284796184	0.384741	0.625172	1.6357	-0.0222854	-0.00256541	0.00308432	0
3621.48986349	2986.78605509	0.375547	0.651186	1.51319	-0.0229377	-0.00263466	0.00297629	0
3615.597466827	2989.70819271	0.338235	0.687612	1.39686	-0.0199638	-0.00205536	0.00251367	0
3640.927561222	3000.612000495	0.342312	0.691631	1.18251	-0.0152904	-0.00352862	0.00287761	0
3600.281081507	2990.449844994	0.366875	0.618971	1.13094	-0.015663	-0.00463839	0.00327092	0
3598.443333209	2988.296429275	0.384227	0.550124	1.1898	-0.0168076	-0.00452241	0.00321991	0
3621.548515032	2996.848771179	0.350307	0.707165	0.967107	-0.0131967	-0.00410679	0.00356275	0
3607.088826816	2996.932466017	0.336104	0.665428	0.873892	-0.0118259	-0.00424393	0.00338798	0
3601.767561557	2991.012782556	0.327997	0.622296	0.824539	-0.0120712	-0.00408449	0.00319427	0
3598.771845941	2991.213318704	0.319362	0.588741	0.809987	-0.0110891	-0.00292776	0.00298148	0
3602.166904839	2992.314886416	0.314018	0.53494	0.808637	-0.0100691	-0.00316514	0.00298668	0
3617.267273007	2996.991301003	0.330513	0.560438	0.845881	-0.0101725	-0.00558485	0.0027705	0
3605.037945868	2987.801718199	0.331107	0.554483	0.910819	-0.0129115	-0.00504502	0.00364584	0
3609.822693748	2989.250771413	0.329023	0.60422	0.922488	-0.0129995	-0.00462761	0.003788	0
3602.400229004	2991.137081821	0.322184	0.621802	0.933096	-0.0125613	-0.00490639	0.00338798	0
3604.597899057	3004.004818001	0.322455	0.659581	0.91791	-0.0130394	-0.00485667	0.00347194	0
3616.09648568	3004.619132593	0.306414	0.634743	0.887057	-0.0129343	-0.00471049	0.00344013	0
3618.809520097	3012.243649535	0.322484	0.642971	0.879701	-0.0128323	-0.00473485	0.0039207	0
3622.72154586	3019.162975311	0.331554	0.626205	0.890764	-0.0123573	-0.00514546	0.00377944	0
3640.550011955	3022.745832583	0.334173	0.605739	0.947319	-0.0134137	-0.00442935	0.00374948	0
3646.479907145	3028.649771471	0.313511	0.582022	0.870576	-0.013254	-0.00421375	0.00289627	0
3661.500150256	3044.400145726	0.303734	0.429697	0.959976	-0.0116885	-0.00404826	0.00174121	0
3683.621716884	3048.002338438	0.285731	0.356657	0.979585	-0.00910526	-0.00365345	0.00105212	0
3659.796050552	3040.728345425	0.283946	0.459944	0.866759	-0.0102728	-0.0028875	0.00263089	0
3669.444709868	3041.623023915	0.282593	0.531838	0.804102	-0.00942007	-0.0033275	0.00287832	0
3669.950138726	3037.302657669	0.278858	0.599459	0.737776	-0.0109719	-0.0032915	0.0028499	0
3669.027098073	3036.220425398	0.284295	0.645736	0.763854	-0.0101711	-0.00279747	0.00311338	0
3659.408245278	3032.174069977	0.273355	0.654841	0.694751	-0.00982131	-0.00331459	0.00278709	0
3659.36882375	3030.26510948	0.266406	0.634181	0.756395	-0.00944218	-0.00288185	0.00265883	0
3662.478957947	3035.035991509	0.264211	0.60993	0.684416	-0.00903073	-0.00303709	0.0024854	0
3659.989312189	3034.674142536	0.274627	0.582967	0.716902	-0.00793463	-0.00279246	0.00254442	0
3658.471743616	3034.118110488	0.262801	0.56323	0.652474	-0.00750225	-0.00320183	0.00252495	0
3660.980939889	3029.097248826	0.267529	0.510419	0.67842	-0.0065589	-0.00291034	0.00260201	0
3662.657476574	3029.062997473	0.264376	0.529178	0.614206	-0.00671011	-0.00278438	0.00219759	0
3655.698455157	3022.363267066	0.262114	0.49374	0.646813	-0.006489	-0.00271394	0.00254844	0
3654.298510168	3027.534668949	0.273242	0.553767	0.681068	-0.0081231	-0.00306458	0.00262316	0
3654.444658272	3027.480805934	0.259918	0.498663	0.643649	-0.00581347	-0.0030179	0.00240321	0
3658.710516285	3021.847010783	0.262294	0.533832	0.638224	-0.0061462	-0.00291088	0.0025047	0
3654.493053806	3020.976087263	0.265001	0.542906	0.620688	-0.00605749	-0.0026449	0.00215502	0
3660.123281283	3017.736572185	0.270754	0.585221	0.636352	-0.00588957	-0.00336054	0.00241508	0
3655.700698659	3010.619472466	0.269229	0.640363	0.705759	-0.00962651	-0.00345377	0.00257712	0
3663.183417445	3023.200767894	0.25711	0.666128	0.845005	-0.011975	-0.00377656	0.00234077	0
3655.110657742	3004.089617722	0.254243	0.673026	1.4297	-0.0216567	-0.00425719	0.000698392	0
3653.004971254	3014.073058502	0.311757	0.658848	2.39015	-0.0258104	-0.00241597	-5.10405e-05	0
3626.422361975	3025.265240583	0.526856	0.622007	2.87053	-0.0273414	-0.00104926	-0.00359477	0
3604.321948362	3002.887229494	0.711625	0.0660005	3.43517	-0.0267176	-0.00342693	4.45049e-05	0
3627.649557342	3007.959744406	0.801795	0.092982	3.94268	-0.0340222	-0.00381132	0.000511559	0
3631.345245453	3017.876339804	1.07585	0.165774	4.9051	-0.0375544	-0.00894597	0.00192502	0
3622.652958812	3026.7250664	1.08644	0.0776253	5.73816	-0.0377601	-0.00878534	0.00207769	0
3607.029534275	3021.735970106	1.105	-0.0348048	6.07017	-0.0354189	-0.00828718	0.00108446	0
3589.44272535	3011.246493205	1.09659	-0.0877895	6.10154	-0.0324636	-0.00702966	0.00199597	0
3583.01605481	2999.553799415	0.959923	-0.0764053	5.67401	-0.028782	-0.0048333	0.00179708	0
3611.444424893	2990.320849978	0.55702	0.0926413	4.2899	-0.0290521	-0.000793607	-0.00299875	0
3606.194310684	3001.111131101	0.422107	0.361391	3.17705	-0.0241657	0.000676769	-0.000518371	0
3620.328050169	3004.251759208	0.455858	0.561263	2.32041	-0.0211786	-0.00209965	0.00297429	0
3610.431644178	2997.563077624	0.460742	0.768446	1.99277	-0.0190366	-0.002031	0.00359463	0
3598.821843976	2998.968764206	0.494181	0.746583	1.85456	-0.0200091	-0.00169935	0.00454268	0
3611.764284119	3001.70528159	0.505247	0.783851	1.74996	-0.0200956	-0.00255273	0.00473418	0
3620.058188979	3003.880794956	0.514144	0.705696	1.67979	-0.0207987	-0.00182529	0.00465367	0
3624.658969729	3010.408716156	0.486086	0.643045	1.62064	-0.0211998	-0.00163648	0.00356024	0
3641.045825806	3003.01650073	0.502391	0.51946	1.54061	-0.0196982	-0.0021382	0.00375471	0
3627.444437197	3002.933634553	0.511742	0.500541	1.54561	-0.0193607	-0.00187306	0.0041097	0
3641.027557293	3004.234633531	0.514252	0.519755	1.5447	-0.0194145	-0.00199211	0.00392269	0
3640.847115665	2998.461623203	0.522469	0.484726	1.57158	-0.0198024	-0.00173931	0.00378775	0
3640.518923433	2992.205779283	0.537105	0.554129	1.56641	-0.020799	-0.0013425	0.00405579	0
3657.732349594	3006.376171765	0.521147	0.624165	1.66357	-0.0205658	-0.00216728	0.00378775	0
3660.934467356	3001.156983719	0.518773	0.646085	1.73977	-0.0209124	-0.00150935	0.00353775	0
3648.551620608	2995.95050182	0.516025	0.648689	1.68335	-0.020776	-0.00160021	0.003633	0
3654.293061664	3000.320035332	0.533448	0.637179	1.5998	-0.0199836	-0.0021674	0.00378775	0
3642.592880399	2996.002431291	0.539584	0.679849	1.52944	-0.0204001	-0.00230955	0.00398455	0
3644.160126506	2998.478196438	0.543962	0.662816	1.51093	-0.0202071	-0.00215611	0.00421759	0
3636.539592622	2992.36819699	0.548027	0.647267	1.52637	-0.0208457	-0.00218923	0.00428252	0
3625.669506943	2994.394551238	0.55222	0.604579	1.54163	-0.0209598	-0.00210322	0.00431993	0
3629.947864465	3001.023569174	0.559228	0.593837	1.56613	-0.0211333	-0.00183636	0.00439423	0
3627.988326081	2996.33886797	0.530701	0.575212	1.5227	-0.0212345	-0.00283612	0.00475498	0
3630.935646163	2993.81034469	0.545924	0.621542	1.50241	-0.0199949	-0.00271396	0.00415287	0
3615.506444763	2997.307021137	0.548888	0.638574	1.5397	-0.0215669	-0.0026952	0.0046059	0
3617.742574843	2999.771737461	0.552543	0.636224	1.55318	-0.0216181	-0.00253327	0.0047985	0
3608.59421638	2995.32762439	0.547234	0.627474	1.55153	-0.021754	-0.00272272	0.00461809	0
3618.777470074	2996.660112516	0.536589	0.650988	1.50444	-0.0219168	-0.00333528	0.00483639	0
3624.048416798	2989.030071162	0.542755	0.646798	1.53652	-0.0222945	-0.00292347	0.00494779	0
3610.635161822	2989.339438222	0.54838	0.678392	1.51574	-0.0222078	-0.00306022	0.0048087	0
3626.503448532	2992.636130963	0.546487	0.625505	1.59824	-0.0221804	-0.00291047	0.00470894	0
3628.162037204	2997.067261665	0.543452	0.633968	1.62953	-0.0231445	-0.00310338	0.00460775	0
3624.795823326	2989.818680946	0.530792	0.630542	1.53582	-0.0226337	-0.00338681	0.00431584	0
3632.110920494	2986.658717398	0.553436	0.597005	1.50447	-0.022677	-0.00283123	0.0043782	0
3619.754354764	2984.200354148	0.549398	0.599562	1.51916	-0.0226898	-0.00276667	0.00465664	0
3628.918097238	2985.979214747	0.536762	0.623074	1.47575	-0.0218424	-0.00398666	0.00407703	0
3630.45040882	2987.986509773	0.549895	0.619567	1.48215	-0.0220113	-0.00316173	0.00481867	0
3624.155463873	2987.225798269	0.559603	0.640855	1.52786	-0.0231961	-0.00303993	0.00425121	0
3633.615669057	2997.947024244	0.552166	0.634552	1.49662	-0.0223815	-0.0032954	0.00459638	0
3630.389834278	2992.576191095	0.551718	0.641875	1.49163	-0.0223948	-0.00337114	0.00476757	0
3628.929955746	2995.094770433	0.548873	0.580733	1.49278	-0.0229137	-0.00411718	0.00489418	0
3626.137437274	2994.711928695	0.565691	0.578968	1.52973	-0.0228842	-0.00305638	0.00461191	0
3624.443914077	3000.277497361	0.566367	0.583443	1.51909	-0.0229875	-0.003185	0.00496	0
3633.344846365	3004.292916076	0.567465	0.513935	1.52372	-0.0224198	-0.00319881	0.00500529	0
3625.308623688	2999.873386638	0.570424	0.572249	1.5424	-0.0220127	-0.00313624	0.00502085	0
3630.210995151	2999.19554131	0.56477	0.615484	1.51442	-0.0224127	-0.0039041	0.00528486	0
3642.049632515	3003.678601484	0.585746	0.63748	1.66197	-0.0227237	-0.00313808	0.0039022	0
3668.629677793	3013.146062202	0.685263	0.542017	2.25013	-0.0211421	-0.00315158	0.00343188	0
3674.530407461	3012.956298657	0.713185	0.459243	2.60298	-0.0196137	-0.00314241	0.00322211	0
3647.756459547	3008.832877691	0.849488	0.446561	2.9086	-0.0193905	-0.0040998	0.00561982	0
3622.988202049	3006.890770724	0.886662	0.388149	3.10786	-0.0185536	-0.00541846	0.00677389	0
3624.842936859	3014.224979826	0.87493	0.387946	2.92082	-0.0174961	-0.0065762	0.00945163	0
3617.465983147	3002.994679303	0.946457	0.465119	2.74196	-0.0190808	-0.00643665	0.0112132	0
3608.968560644	2996.618955648	0.945035	0.577475	2.50388	-0.019171	-0.00533626	0.0102796	0
3601.687757001	2990.215057492	0.912732	0.611412	2.2723	-0.0180637	-0.0057689	0.00982124	0
3597.374144453	2989.855418284	0.899915	0.831173	2.16964	-0.019367	-0.00648453	0.00935552	0
3606.235014213	2989.707364048	0.871624	0.74892	2.13992	-0.0190435	-0.00618551	0.00835854	0
3620.705599436	2996.291634249	0.866141	0.688258	2.09611	-0.0202047	-0.00611087	0.00834392	0
3632.762817954	3003.768925617	0.82865	0.611206	2.04083	-0.0200498	-0.00594617	0.00774381	0
3641.224344432	3003.483865968	0.813114	0.581437	1.95651	-0.0208465	-0.00494798	0.00736759	0
3634.817224405	2994.4517289	0.814831	0.542077	1.96862	-0.0214091	-0.00418488	0.0078351	0
3648.116701801	3006.320375206	0.837563	0.513292	2.05346	-0.0210416	-0.00413767	0.00796848	0
3643.230355349	3001.891730488	0.830679	0.513671	2.00718	-0.0211044	-0.00473339	0.00764381	0
3650.83358222	3003.331115982	0.843064	0.515755	1.90764	-0.0199415	-0.00490722	0.00810456	0
3633.189403755	2990.708387466	0.838464	0.597468	1.8454	-0.0207956	-0.00477226	0.00765623	0
3622.487260195	2987.686534213	0.849703	0.664547	1.85527	-0.0206207	-0.00508263	0.00796256	0
3622.822503432	2979.849327416	0.852597	0.696651	1.82572	-0.020977	-0.0046069	0.00807504	0
3625.772708016	2985.787517657	0.853216	0.696213	1.80984	-0.0207906	-0.00483934	0.00789284	0
3619.234503397	2982.733622815	0.855798	0.715173	1.80219	-0.0214868	-0.00453026	0.0079178	0
3622.368995611	2980.556728347	0.845051	0.661836	1.85722	-0.0205757	-0.00480814	0.00775491	0
3626.454411997	2983.266728554	0.833035	0.630951	1.8799	-0.0212655	-0.00408464	0.00797303	0
3625.831680058	2984.010038161	0.822558	0.552725	1.7785	-0.0207294	-0.00430905	0.00756663	0
3636.108199317	2982.082570885	0.831739	0.545961	1.71963	-0.0200747	-0.00449173	0.00744194	0
3610.318507598	2971.027946658	0.831656	0.551867	1.70151	-0.0202939	-0.00507079	0.0079449	0
3618.084228084	2973.184400803	0.834475	0.558133	1.68023	-0.0201182	-0.00450143	0.00790671	0
3621.927666799	2977.384887313	0.758871	0.554368	1.61498	-0.018916	-0.00562271	0.00690841	0
3641.069542822	2976.363976013	0.588985	0.531401	1.20128	-0.0154256	-0.00446009	0.00548686	0
3683.201220587	2981.124361659	0.401739	0.588757	0.708044	-0.00410387	-0.00459993	0.00407357	0
3683.636459894	2985.607421833	0.269887	0.52925	0.326085	-0.00319474	-0.00558814	0.00347371	0
3671.005545971	2985.000288976	0.282785	0.547493	0.262812	-0.00318572	-0.0049503	0.00324137	0
3641.157680385	2987.740949669	0.256504	0.49335	0.189136	-0.0014527	-0.00434209	0.00289383	0
3639.684661344	2987.69482083	0.292951	0.427638	0.148146	0.000691962	-0.00417208	0.00340122	0
3649.980731118	2984.205878559	0.308864	0.424463	0.142056	0.000375049	-0.00404849	0.00298933	0
3652.525502916	2989.529754209	0.335613	0.41954	0.171955	0.000547391	-0.00442629	0.00364067	0
3668.840887442	2990.547627082	0.346346	0.431995	0.144412	0.000422748	-0.00497227	0.00364067	0
3663.780829867	2993.645993439	0.356917	0.428503	0.112804	0.000689577	-0.00456493	0.00364067	0
3674.970454272	2994.158382633	0.37006	0.435624	0.139121	0.000414895	-0.00488105	0.0038076	0
3690.463435217	3000.264514993	0.368224	0.482927	0.142354	0.000396521	-0.0048008	0.00409395	0
3706.95797937	3008.343691026	0.364833	0.518571	0.22962	9.28051e-05	-0.00595156	0.00389151	0
3704.790115839	3009.49249246	0.391152	0.51292	0.258026	-0.000848324	-0.00577193	0.00426385	0
3687.539191152	3001.340394191	0.415604	0.462467	0.258219	-0.000647676	-0.0055802	0.00426385	0
3708.023963123	3012.788356538	0.394919	0.393968	0.34817	-0.00101855	-0.00573078	0.00248004	0
3711.085381286	3017.837668921	0.414173	0.352014	0.489882	-0.00186573	-0.00635474	0.00193575	0
3700.818156533	3017.857280583	0.417836	0.335891	0.599195	-0.00279878	-0.00524989	0.00165305	0
3684.802439718	3016.445517148	0.400889	0.286732	0.739674	-0.00463802	-0.00619063	0.00155394	0
3678.521276281	3006.54742853	0.421202	0.377822	0.748204	-0.00452616	-0.00602638	0.00258935	0
3674.349324833	3001.484857559	0.436716	0.3481	0.770166	-0.00571861	-0.00605414	0.00222679	0
3674.838087679	3004.157291766	0.451365	0.424317	0.832277	-0.00477955	-0.00565997	0.00240754	0
3670.411338551	3004.932919183	0.500023	0.458841	1.12049	-0.00338047	-0.00503517	0.00329864	0
3648.423100018	2997.687100669	0.513244	0.37124	1.47342	-0.00530609	-0.00413386	0.00289977	0
3624.716018769	2998.835902102	0.510295	0.351004	1.46531	-0.00582283	-0.00488654	0.00294717	0
3624.67435374	2997.676880507	0.515391	0.343018	1.46599	-0.00617725	-0.00465093	0.00367642	0
3634.46980216	3011.601989105	0.524576	0.3463	1.21062	-0.00483057	-0.00463582	0.00441394	0
3644.112051472	3008.379323483	0.533988	0.457096	1.09019	-0.00284574	-0.00504988	0.00571867	0
3656.181448998	3007.350678006	0.530213	0.497278	0.94424	-0.00168764	-0.00494165	0.0061255	0
3659.662401958	3008.671012425	0.530423	0.545005	0.82892	-0.00131774	-0.00366696	0.00674245	0
3652.892475675	2997.691243978	0.52002	0.575415	0.816093	-0.00283805	-0.00422847	0.00657907	0
3640.177270192	3001.617719663	0.533432	0.560701	0.813158	-0.00316071	-0.00337943	0.00657907	0
3633.646437078	3003.838809426	0.543458	0.516853	0.931821	-0.00379873	-0.00581185	0.00684303	0
3643.88289381	2999.283379458	0.53999	0.472586	0.923189	-0.00422109	-0.00545658	0.00625929	0
3651.068188386	3004.179389413	0.536037	0.448689	0.856393	-0.00325991	-0.00474357	0.00614159	0
3647.366731271	2998.798888543	0.554495	0.464087	0.737141	-0.0017888	-0.00410295	0.00640998	0
3632.664424385	3001.563304207	0.550989	0.423724	0.794263	-0.00189536	-0.00422278	0.00614159	0
3652.30563976	3000.141596831	0.58991	0.418932	0.860698	-0.000410529	-0.00469874	0.00658296	0
3644.865547504	2992.929201008	0.578333	0.462963	0.872633	2.34949e-05	-0.00484215	0.00619576	0
3638.109082231	2989.376451781	0.570989	0.481393	0.864397	-0.000243628	-0.00455513	0.00614159	0
3627.141884983	2984.363876737	0.555199	0.511044	0.850488	-0.00063648	-0.00427961	0.00614159	0
3632.181110043	2981.645866133	0.544234	0.520971	0.857355	-0.00109635	-0.00429091	0.00614159	0
3621.364227401	2985.260488772	0.557519	0.536786	0.83659	-0.00158264	-0.00387593	0.00633474	0
3629.089885359	2984.203116354	0.54834	0.528856	0.894534	-0.00256517	-0.00465766	0.00614159	0
3635.893464166	2980.921615746	0.547523	0.488651	0.927862	-0.00343073	-0.00493966	0.00567388	0
3631.575685115	2977.732925256	0.538646	0.485723	0.936108	-0.00368829	-0.00485566	0.00533919	0
3647.229557174	2981.818227781	0.542707	0.452205	0.794678	-0.00368358	-0.00368575	0.00587514	0
3634.822672909	2974.155039956	0.561557	0.46765	0.793278	-0.00293802	-0.00378733	0.00638775	0
3641.257676455	2976.769467839	0.553585	0.490132	0.798462	-0.00272139	-0.00385971	0.00643387	0
3634.433906135	2975.136727932	0.564483	0.492042	0.81629	-0.00295171	-0.00377537	0.00642701	0
3639.221538517	2978.988624058	0.554086	0.512414	0.830928	-0.00257659	-0.00433363	0.00652685	0
3638.173823277	2973.625801305	0.533578	0.526297	0.787798	-0.00245901	-0.00415837	0.00641046	0
3644.217496046	2973.069493037	0.533509	0.526054	0.795612	-0.00202238	-0.00405561	0.00604675	0
3649.40318971	2982.515132329	0.537654	0.513078	0.754927	-0.0020627	-0.00386881	0.00595347	0
3645.761025137	2976.941553266	0.530778	0.506945	0.863144	-0.00334818	-0.00475436	0.00555349	0
3646.212930456	2981.094806056	0.53008	0.507175	0.857386	-0.00343627	-0.00527815	0.00567388	0
3657.540049458	2982.797153551	0.526975	0.469816	0.796158	-0.00386727	-0.00408705	0.00542537	0
3662.576390016	2985.445556567	0.530113	0.480287	0.733953	-0.00324777	-0.00359535	0.00580293	0
3665.127892319	2987.933199199	0.531941	0.477825	0.704448	-0.00281391	-0.00375847	0.00557857	0
3658.468859114	2990.96333907	0.529917	0.499818	0.732116	-0.00258259	-0.0035055	0.00585463	0
3666.087149496	2986.424206117	0.533953	0.517349	0.719103	-0.00240332	-0.00369533	0.00596505	0
3669.623228495	2985.813482393	0.53537	0.495478	0.713913	-0.00205904	-0.00367128	0.00573219	0
3671.133746062	2990.601490097	0.525192	0.514555	0.69951	-0.00247208	-0.00412734	0.00558827	0
3669.336701292	2983.010948288	0.532521	0.51539	0.69219	-0.00267262	-0.0036005	0.00556667	0
3670.066159807	2991.14564466	0.511824	0.534505	0.726521	-0.00251566	-0.00374614	0.00587729	0
3672.644263629	2991.296737322	0.513564	0.518326	0.731443	-0.00308008	-0.00427662	0.00525078	0
3683.748634974	2989.052997471	0.504222	0.504188	0.779035	-0.00351146	-0.00444144	0.00519528	0
3677.313631428	2993.773607352	0.497185	0.47905	0.709106	-0.0037657	-0.0037848	0.00497786	0
3687.600406695	2994.714967122	0.498865	0.491825	0.637103	-0.00318279	-0.00355678	0.00525078	0
3688.449732295	3000.381356303	0.499199	0.520937	0.564563	-0.00247131	-0.00380112	0.00573333	0
3675.913365938	2993.263980363	0.515524	0.491318	0.574955	-0.00295652	-0.00394752	0.00559154	0
3676.554686891	2987.222483622	0.521332	0.491097	0.564729	-0.00284728	-0.00351418	0.00579623	0
3679.775073166	2988.986704529	0.512122	0.523804	0.589708	-0.00262753	-0.00405804	0.00578757	0
3691.507304455	2994.682649313	0.518958	0.516508	0.628904	-0.00334572	-0.00414914	0.00525077	0
3693.291208715	2991.19287838	0.518067	0.513183	0.668387	-0.00356447	-0.00396319	0.00525077	0
3685.349854105	2988.840583837	0.514137	0.521343	0.665182	-0.00338451	-0.00364619	0.00525077	0
3691.828766182	2989.110727574	0.517273	0.482598	0.58775	-0.0035498	-0.00320386	0.00489066	0
3690.063130435	2989.984137079	0.523786	0.538647	0.597502	-0.00264682	-0.00347824	0.00525077	0
3682.937448901	2990.885168643	0.518485	0.501117	0.622	-0.0031723	-0.00393001	0.00550077	0
3677.194725844	2981.965177134	0.526452	0.506051	0.625567	-0.00297031	-0.00348578	0.00560616	0
3683.808248016	2988.13484023	0.516283	0.502959	0.633968	-0.00328561	-0.00354601	0.00575339	0
3684.01176566	2990.266434522	0.508304	0.497983	0.585886	-0.00304461	-0.00372961	0.00586614	0
3681.135596628	2990.655629333	0.504358	0.515414	0.63674	-0.003303	-0.00364177	0.0054879	0
3687.602970697	2986.140527571	0.496671	0.522354	0.662486	-0.00367311	-0.00405545	0.00501345	0
3696.646205085	2985.664323274	0.502855	0.492693	0.653552	-0.00409029	-0.0035653	0.00503988	0
3689.636865133	2993.274200525	0.491325	0.491478	0.640138	-0.0037703	-0.00318581	0.00508748	0
3683.533579322	2992.365158564	0.503888	0.490752	0.582379	-0.00359491	-0.00353049	0.00583983	0
3673.315070603	2986.402660911	0.502584	0.507025	0.575206	-0.00334414	-0.003905	0.00576046	0
3680.937527488	2986.924165384	0.501056	0.487557	0.593998	-0.00364763	-0.00335972	0.00575241	0
3669.283177754	2984.163616809	0.509601	0.49019	0.577204	-0.00342237	-0.00343848	0.00566614	0
3683.032957968	2987.943695582	0.518895	0.518314	0.61783	-0.00347639	-0.00345804	0.00540115	0
3683.75696798	2993.472803129	0.502067	0.509963	0.70245	-0.00394128	-0.00420288	0.00542018	0
3684.192207287	2985.18480433	0.498248	0.523011	0.688353	-0.00391109	-0.00422234	0.00525076	0
3687.010365778	2984.420225737	0.492126	0.5277	0.676539	-0.00350306	-0.00390524	0.00525076	0
3690.872714007	2992.942183376	0.495439	0.503836	0.590559	-0.00345222	-0.00348974	0.00558044	0
3704.190139415	3001.929572709	0.496567	0.485041	0.387605	-0.000401603	-0.00257959	0.00613417	0
3680.391715602	2999.825600476	0.458022	0.349079	0.437931	-0.0038805	-0.00138351	0.0048275	0
3696.314807851	3000.198774493	0.47673	0.548603	0.431838	-0.00282755	-0.00346029	0.00545748	0
3699.306356965	2996.431678088	0.462713	0.538116	0.391036	-0.00286726	-0.00376581	0.00550076	0
3700.916870602	2998.604705469	0.466628	0.528535	0.4154	-0.00305627	-0.00342574	0.00560582	0
3697.787826892	3005.448623024	0.466504	0.515706	0.466088	-0.00322963	-0.00325841	0.00579353	0
3697.596488257	3005.737825982	0.472875	0.509023	0.431127	-0.0033342	-0.0031682	0.00582826	0
3703.459078398	3001.38679925	0.474838	0.497038	0.447086	-0.00352886	-0.00308849	0.00561737	0
3701.02616118	2996.014861218	0.48472	0.491429	0.482429	-0.00377523	-0.0039408	0.00578305	0
3691.803126164	3001.333212455	0.488758	0.469318	0.503626	-0.00417223	-0.00377255	0.00582089	0
3694.863262326	3002.558526992	0.494691	0.455355	0.552532	-0.00440795	-0.00384457	0.00589355	0
3681.13944263	2994.633205827	0.501502	0.458033	0.513913	-0.00427106	-0.0039664	0.00593112	0
3687.377338537	2994.110872692	0.500483	0.482945	0.554343	-0.0039819	-0.00400525	0.00580592	0
3683.490632291	2992.918428405	0.520065	0.517244	0.567513	-0.00535339	-0.00393445	0.0062684	0
3690.92014804	3000.579682686	0.502511	0.51016	0.642395	-0.00583373	-0.00391493	0.00588083	0
3676.798908064	2991.582901853	0.501876	0.487698	0.738185	-0.00712888	-0.00456925	0.00595106	0
3676.471356833	2992.334774299	0.51548	0.494651	0.697355	-0.00733268	-0.0046807	0.00620597	0
3666.300923148	2982.984431111	0.517891	0.487514	0.69975	-0.00767708	-0.00441842	0.00639263	0
3665.212824879	2981.320754498	0.511865	0.491813	0.676246	-0.00742383	-0.0046374	0.0063108	0
3669.525796426	2985.696364862	0.509368	0.519222	0.602127	-0.00757089	-0.00423919	0.0062848	0
3682.20093938	2984.545077444	0.499478	0.509934	0.581839	-0.00654761	-0.00423274	0.0059666	0
3683.272371637	2984.539829253	0.513292	0.510702	0.572987	-0.0065438	-0.00420284	0.00636664	0
3675.665619263	2987.992310406	0.50209	0.510426	0.5535	-0.00644704	-0.00424686	0.00636664	0
3690.399976173	2985.914855349	0.499898	0.486074	0.555217	-0.00542788	-0.00379321	0.00636664	0
3699.085532309	2989.261267795	0.515659	0.478459	0.594065	-0.00609461	-0.00380351	0.0061982	0
3693.60914494	2991.645051486	0.515789	0.496128	0.682073	-0.0079468	-0.0038862	0.00636664	0
3688.79619304	2985.598582774	0.515689	0.47842	0.625078	-0.00650191	-0.00366615	0.00590113	0
3696.710305131	2993.596549954	0.519447	0.470206	0.562178	-0.0059762	-0.00323209	0.00590532	0
3691.643517051	2993.310937864	0.516916	0.471126	0.574518	-0.00530414	-0.00332099	0.00636664	0
3692.630657748	2995.944977409	0.511234	0.453256	0.573315	-0.00556264	-0.0035382	0.00643862	0
3694.053678754	2998.865181485	0.518763	0.470098	0.605523	-0.00548135	-0.00297994	0.00636664	0
3695.048190956	3000.283574214	0.512353	0.492708	0.591044	-0.00585821	-0.00313534	0.00636664	0
3699.93646041	2995.9032681	0.511506	0.551804	0.67046	-0.00634693	-0.00362605	0.00636664	0
3693.725166022	2992.977539612	0.523501	0.539221	0.659528	-0.00694224	-0.00366796	0.00610376	0
3692.313362524	2993.844596043	0.524265	0.513713	0.691348	-0.00770075	-0.00364843	0.00608685	0
3689.125667272	2993.113992583	0.521813	0.512763	0.732982	-0.00677849	-0.00409684	0.00591749	0
3703.140180673	3007.045178033	0.526816	0.491043	0.945724	-0.00566576	-0.00471786	0.00593976	0
3680.031793848	2986.604578162	0.51612	0.512859	1.07878	-0.00340762	-0.00434515	0.00636664	0
3675.381656063	2991.558042	0.526565	0.536286	1.31408	-0.0025987	-0.00319276	0.00636664	0
3660.241866367	2988.179035524	0.537516	0.49915	1.45835	-0.00184895	-0.00229447	0.00636664	0
3653.252076929	2978.156371421	0.516543	0.484667	1.38301	-0.00108569	-0.00177842	0.00675439	0
3651.635473787	2988.440063982	0.495247	0.4754	1.16158	-0.00284012	-0.00251948	0.00665389	0
3657.081093134	2987.039901812	0.526502	0.501364	0.990371	-0.0034511	-0.00262954	0.00653807	0
3664.581118933	2991.669358898	0.532665	0.503326	0.955951	-0.0041593	-0.00257989	0.00668931	0
3684.213680802	2992.723140448	0.524307	0.579465	0.835985	-0.00326425	-0.00269172	0.00658889	0
3686.825116647	3000.835186732	0.534345	0.603492	0.63962	-0.00265963	-0.00205518	0.00711138	0
3683.3614707	2991.160836792	0.525009	0.567488	0.657563	-0.00303234	-0.00172102	0.00763749	0
3677.534135583	3001.160850807	0.537459	0.552644	0.620844	-0.00354159	-0.00162876	0.00825239	0
3675.000260793	2997.071404974	0.551379	0.50942	0.621213	-0.0038956	-0.00126117	0.00840497	0
3678.361987668	2997.999782377	0.548219	0.485527	0.630307	-0.00392752	-0.00108959	0.00837316	0
3677.663938175	2995.135098639	0.542289	0.471109	0.617696	-0.00418161	-0.0013254	0.00819094	0
3668.901141484	2997.605339374	0.541551	0.462551	0.652817	-0.00399671	-0.00165834	0.00849034	0
3677.541507089	2993.415901688	0.549397	0.466105	0.624226	-0.00409626	-0.00141445	0.00865451	0
3679.065165165	2992.240030637	0.543488	0.498728	0.600828	-0.00351434	-0.00130826	0.00819094	0
3672.456450496	2989.117080647	0.551619	0.513734	0.641543	-0.0037929	-0.00139581	0.00857186	0
3667.430045445	2991.640908177	0.557284	0.541564	0.636667	-0.00371932	-0.00180352	0.00848453	0
3656.479834709	2990.961957967	0.559915	0.546623	0.657035	-0.00349256	-0.00162416	0.00853295	0
3664.925977176	2997.173330372	0.556942	0.541359	0.6104	-0.00367176	-0.00154871	0.00848025	0
3659.256007671	2996.366490029	0.555724	0.539894	0.592816	-0.0034098	-0.000902148	0.00837682	0
3648.80898229	2999.955147932	0.559142	0.543717	0.624083	-0.00343387	-0.00165605	0.00868996	0
3638.57412806	2991.644222824	0.559077	0.539374	0.620918	-0.00350268	-0.0017617	0.00844228	0
3641.670480747	2986.469230073	0.546842	0.534266	0.645317	-0.00340805	-0.00195883	0.00865089	0
3640.69744206	2990.856441702	0.548358	0.508886	0.613148	-0.00370968	-0.00147059	0.00852128	0
3632.583337827	2988.884502911	0.532301	0.520834	0.602394	-0.00377233	-0.00171262	0.00846506	0
3640.036570593	2989.142492942	0.539249	0.510578	0.639512	-0.00403814	-0.00165377	0.00867765	0
3627.445719198	2989.346067517	0.54515	0.528018	0.638791	-0.00391134	-0.00164883	0.00859313	0
3628.679324569	2985.895519908	0.544025	0.543074	0.649209	-0.00394897	-0.00166189	0.00858445	0
3636.314921964	2988.329575746	0.536666	0.541598	0.591631	-0.00350826	-0.00175572	0.00819094	0
3638.198822294	2986.757880589	0.528272	0.558152	0.594791	-0.00325652	-0.00196305	0.0080321	0
3638.658740119	2988.461885408	0.541751	0.561972	0.612626	-0.0036506	-0.00185649	0.00888071	0
3625.005109974	2987.240990401	0.547608	0.509224	0.619935	-0.00431277	-0.00187961	0.00851553	0
3634.176544453	2982.199135974	0.548141	0.503665	0.642298	-0.00401586	-0.00176142	0.00851553	0
3635.453096855	2981.749172633	0.550881	0.505765	0.603821	-0.00414076	-0.00188569	0.00875322	0
3631.196853848	2979.475324737	0.554145	0.500255	0.594853	-0.00418664	-0.00171605	0.00857482	0
3637.835054537	2979.269816618	0.552189	0.509286	0.624091	-0.0046494	-0.00154056	0.00851553	0
3632.559941311	2982.474527902	0.55255	0.533926	0.662498	-0.00516643	-0.00203533	0.00851552	0
3640.478860905	2977.303126018	0.537469	0.520285	0.67599	-0.00421958	-0.00272485	0.00829719	0
3644.084808953	2982.118479562	0.539856	0.51509	0.626538	-0.00581264	-0.00209869	0.00819025	0
3655.438208973	2980.960286628	0.540448	0.503781	0.581409	-0.0056323	-0.00169829	0.00809133	0
3652.727097558	2981.296170866	0.527184	0.510128	0.60476	-0.00566243	-0.00197273	0.00809133	0
3654.034738482	2983.788233028	0.540703	0.491266	0.566974	-0.00486308	-0.00202983	0.00809133	0
3654.140183056	2990.816942158	0.537954	0.506134	0.587539	-0.00548769	-0.00197341	0.00809133	0
3670.022892277	2985.69525998	0.541585	0.517743	0.570603	-0.00591117	-0.00210293	0.00809132	0
3676.197329139	2991.284307396	0.547481	0.494811	0.570774	-0.00496098	-0.00222307	0.00809132	0
3673.078220935	2988.382057658	0.558897	0.525104	0.583996	-0.00590232	-0.00232345	0.00809132	0
3682.59675716	2992.807111508	0.548808	0.499002	0.556454	-0.00544391	-0.00225793	0.00769453	0
3670.340828502	2990.067279477	0.557155	0.520634	0.619207	-0.00561184	-0.00284327	0.00809132	0
3676.402449284	2992.709605639	0.551347	0.472483	0.605826	-0.00576667	-0.00250494	0.00809132	0
3661.592133821	2993.001570803	0.547894	0.449103	0.625331	-0.00531302	-0.00290475	0.00809132	0
3666.156057045	2990.643751848	0.546194	0.459983	0.567424	-0.00513572	-0.00224315	0.00845596	0
3662.688244595	2991.08018038	0.547549	0.478832	0.558872	-0.00519614	-0.00224315	0.00839193	0
3671.525397338	2992.887215479	0.562862	0.515322	0.581229	-0.00536219	-0.00236724	0.00897196	0
3676.08515406	2992.452720491	0.570477	0.557387	0.635934	-0.00683641	-0.00182381	0.00881318	0
3666.512773797	2990.186882992	0.558437	0.529947	0.761117	-0.00813813	-0.00319253	0.00870753	0
3664.445547337	2989.155199089	0.556953	0.518384	0.703611	-0.00818387	-0.00289224	0.00809131	0
3681.490069878	2997.346796902	0.559378	0.504041	0.573696	-0.0060856	-0.00234509	0.00809131	0
3677.550160595	2988.583422468	0.559479	0.499253	0.594193	-0.00485212	-0.00231039	0.00823094	0
3688.660621444	2993.966961765	0.554815	0.473477	0.587779	-0.00542084	-0.00258815	0.00857616	0
3685.848231957	2998.944456794	0.548067	0.473534	0.591257	-0.00468022	-0.00268923	0.00822425	0
3693.25499219	2997.525235403	0.547242	0.466416	0.598695	-0.00496757	-0.00257833	0.00814496	0
3700.667841926	3005.639491452	0.504903	0.522731	0.686553	-0.00485886	-0.00504725	0.00753252	0
3696.357754882	3001.360005853	0.541685	0.475286	0.655547	-0.00510326	-0.00359285	0.00817507	0
3674.441308398	2991.684827251	0.538789	0.519464	0.628056	-0.00577373	-0.00315707	0.00810172	0
3688.760617514	3002.96954323	0.536614	0.49959	0.663943	-0.00538026	-0.00349971	0.00799771	0
3700.004726958	3005.636453025	0.520353	0.515975	0.737896	-0.00482637	-0.00297074	0.00722166	0
3691.176548221	2997.704778787	0.507621	0.546514	0.749126	-0.00289592	-0.00252602	0.00595274	0
3691.805049165	3002.053319533	0.50183	0.507403	0.81772	-0.00341118	-0.00245771	0.00608113	0
3678.852673515	2994.620775901	0.475424	0.481572	0.749415	-0.00239954	-0.00312564	0.00654608	0
3678.568069314	2988.465200055	0.425904	0.427994	0.783033	-0.00345041	-0.00280538	0.00644209	0
3683.716264451	2992.392780623	0.35018	0.444958	1.33554	-0.00402889	0.00121466	0.00358471	0
3678.119048497	2995.352484243	0.218922	0.451176	1.11181	0.00277077	0.00360369	0.0015843	0
3668.882231971	2986.679986383	0.204381	0.509683	1.65334	0.00194375	0.00104731	-0.000779315	0
3667.463377469	2987.082716003	0.208594	0.413039	2.20958	0.0010531	0.00210251	0.000183695	0
3677.334143442	2986.601263515	0.146384	0.2981	2.27921	0.00255114	0.00151354	-0.00132443	0
3673.561535277	2993.955912941	0.187123	0.216922	2.3058	0.00127069	0.002193	-0.00278387	0
3645.047912133	2995.016047565	0.207131	0.332377	2.09992	-9.96126e-05	0.00328794	-0.00297379	0
3633.978795813	2986.693521192	0.256227	0.483772	1.72367	-0.00208679	0.00250844	-0.00334983	0
3642.941264145	2986.870026149	0.28468	0.604538	1.56535	-0.0018639	0.00486584	-0.0023067	0
3644.510433253	2980.30067186	0.275209	0.602503	1.46019	-0.00229133	0.00500501	-0.00213502	0
3678.173854035	2995.40220395	0.326575	0.512648	0.935054	0.00167506	0.0044831	0.000222332	0
3651.909501481	2988.403602864	0.337469	0.56403	0.689238	-0.0015194	0.00375234	0.00117902	0
3643.247021361	2986.832460149	0.335789	0.62134	1.64781	-0.00490749	0.00441313	0.00123403	0
3651.259847522	3007.644024272	0.262799	0.472873	1.07823	-0.00424585	0.00477382	0.000164803	0
3630.609697433	2992.460454667	0.308861	0.414644	1.0117	-0.00642781	0.00344915	0.00173512	0
3635.48963388	2994.234619516	0.354267	0.491313	1.24403	-0.00597758	0.00258742	0.00262629	0
3640.379185335	2998.289261555	0.333132	0.441329	1.34083	-0.00722186	0.0022325	0.00209792	0
3642.529100854	3003.150467716	0.336453	0.397569	1.36669	-0.00850252	0.00202291	0.00220208	0
3635.75853357	2993.092447377	0.352687	0.445989	1.42556	-0.00890388	0.00256394	0.00235984	0
3646.961618985	2997.063118356	0.370066	0.491841	1.44825	-0.00914946	0.00384214	0.0027952	0
3634.719471836	2992.780870552	0.373261	0.526254	1.47126	-0.00945295	0.00384166	0.00256825	0
3636.369727502	2995.064109948	0.380453	0.539064	1.45654	-0.00870048	0.0035929	0.00243383	0
3636.064611287	2995.848576423	0.385773	0.563798	1.45376	-0.00936492	0.00385818	0.00254359	0
3626.523319546	2993.938234823	0.387632	0.567262	1.47136	-0.0098915	0.00370501	0.00279445	0
3620.295359146	2994.409190929	0.385048	0.558022	1.47855	-0.00957137	0.00365313	0.00264212	0
3615.814445481	2997.613625992	0.384017	0.548504	1.48294	-0.00931054	0.00352664	0.00278342	0
3610.636443823	2991.959114297	0.382148	0.538572	1.48025	-0.00973113	0.00338328	0.00298435	0
3602.93225938	2996.820044237	0.383626	0.51068	1.51063	-0.0101136	0.00372288	0.00304968	0
3601.634233463	2998.274898084	0.379392	0.503528	1.52467	-0.00933165	0.00375573	0.00304229	0
3601.171110636	2997.361712814	0.380946	0.491221	1.49648	-0.00997513	0.0036178	0.00310196	0
3599.034656126	2991.671016221	0.388906	0.495379	1.50185	-0.0101803	0.00337373	0.00334795	0
3594.914305216	2985.75133276	0.377518	0.509664	1.49151	-0.00907731	0.00360384	0.00292024	0
3593.625253305	2984.022191867	0.375917	0.534841	1.52496	-0.00968827	0.00325739	0.00282649	0
3597.513562052	2982.372602504	0.382762	0.540761	1.527	-0.00962014	0.0037093	0.00284103	0
3587.046024657	2979.614539915	0.38814	0.55744	1.47204	-0.0103886	0.00350454	0.00287233	0
3584.497406856	2977.556144079	0.381731	0.546404	1.50529	-0.00946273	0.00307077	0.00290313	0
3583.021182814	2972.485838931	0.393578	0.508956	1.49862	-0.00927495	0.00344991	0.00282312	0
3589.191453173	2971.696676706	0.393529	0.513686	1.46778	-0.009952	0.00272651	0.00265168	0
3609.168232285	2985.269880272	0.337488	0.534752	1.38721	-0.0100781	0.000792895	0.00276427	0
3635.57328444	2996.281966528	0.145517	0.498215	1.85703	-0.00978207	0.000501585	0.0029509	0
3640.111888146	2995.003065197	0.0807318	0.46568	2.07816	-0.00774404	0.00268883	0.00219446	0
3614.05842474	2981.025750908	0.0824007	0.452336	2.02244	-0.00820545	0.00335221	0.00217569	0
3618.395433804	2984.961341873	-0.0343032	0.422203	2.1781	-0.00699091	0.00473012	0.00137066	0
3626.61370061	2985.140885256	-0.435256	0.19716	2.87099	-0.00799014	0.00685382	-0.00147426	0
3613.366464751	2988.928421985	-0.133133	0.105156	3.84752	-0.0157386	0.00637061	0.000507174	0
3595.447617592	2987.792326698	-0.0143329	0.0744382	4.53018	-0.0199665	0.00605756	0.000744114	0
3624.852872366	3009.242512826	0.296862	0.0816446	5.52975	-0.0201097	0.00729308	0.000640252	0
3599.553225493	3007.20759574	0.406439	0.0582922	5.55225	-0.0203804	0.00784541	-0.000156599	0
3616.845815209	3025.092050273	0.445476	0.0891677	5.52657	-0.00931848	0.00716385	-0.00150315	0
3606.717367054	3022.423206934	0.39061	0.154236	5.44152	-0.00262799	0.00737342	-0.00448566	0
3593.67461034	3009.718440902	0.414378	0.261779	5.01694	-0.00683132	0.0080094	-0.00389823	0
3586.824559	3009.044462663	0.397893	0.383369	4.67886	-0.00587697	0.00917797	-0.00228661	0
3604.625141576	3018.95636231	0.39179	0.332402	4.43617	-0.00264189	0.0102652	-0.00137579	0
3610.368505633	3009.168485708	0.24671	0.465114	4.14603	-0.00547763	0.00795849	-0.00651434	0
3603.799212492	3004.106743398	0.248137	0.462403	3.97465	-0.0118224	0.00952636	-0.00378183	0
3614.520906567	3013.937986633	0.248964	0.610693	3.67433	-0.0139053	0.00955821	-0.0027946	0
3618.447354841	3008.370760644	0.232288	0.675781	3.54023	-0.015249	0.00998636	-0.0024387	0
3623.856437162	3014.019195487	0.274336	0.685115	3.39549	-0.0164098	0.0106514	-0.00138057	0
3621.044688676	3004.9318143	0.305701	0.722778	3.29529	-0.0163277	0.0106286	-0.00136954	0
3622.387264124	3005.149199905	0.316586	0.690758	3.28095	-0.0163512	0.0105573	-0.0014142	0
3624.639098715	2999.045277309	0.333603	0.671573	3.26198	-0.017033	0.0105107	-0.000857807	0
3611.048286614	3001.002300189	0.361732	0.715472	3.25352	-0.019537	0.0102422	-0.0006391	0
3614.077654754	3000.981859865	0.380343	0.738693	3.24906	-0.0199842	0.0100715	-0.000406136	0
3590.609666675	2992.465702859	0.45013	0.742026	3.2393	-0.0203575	0.0100012	0.000389898	0
3600.844841405	2999.956805256	0.532492	0.735085	3.31647	-0.0203295	0.00962165	0.00167183	0
3590.309998963	2985.040617182	0.562487	0.732833	3.35919	-0.0205677	0.00925903	0.00287218	0
3573.368997995	2986.990734547	0.591522	0.754268	3.35368	-0.0201556	0.00934032	0.0031813	0
3579.750798503	2985.143923683	0.589677	0.741612	3.41813	-0.0210963	0.00901111	0.00331691	0
3572.2440422	2978.885041337	0.614752	0.764532	3.48474	-0.0216863	0.00879484	0.00438506	0
3585.190007846	2983.031112391	0.607854	0.793597	3.43221	-0.0224585	0.00876034	0.00431891	0
3579.527089345	2982.221509842	0.605041	0.794285	3.42087	-0.0224894	0.00823118	0.0043124	0
3573.755841768	2981.201703424	0.613866	0.78244	3.4239	-0.0222808	0.00800318	0.00460578	0
3569.85214901	2983.729950483	0.595936	0.774076	3.39028	-0.0235974	0.00786369	0.00492624	0
3586.097023486	2987.647034668	0.575012	0.778929	3.34781	-0.0238603	0.0083101	0.00481012	0
3581.398810667	2983.0258642	0.580851	0.7736	3.31031	-0.0234487	0.00835066	0.00517947	0
3589.410995828	2992.003585812	0.555041	0.771005	3.24228	-0.024639	0.00856388	0.00505573	0
3597.244341862	2990.280245551	0.544895	0.769712	3.20886	-0.0245005	0.00874329	0.00492171	0
3596.531869858	2994.469130797	0.544922	0.747633	3.16979	-0.0246448	0.00857437	0.00507351	0
3609.321751894	2998.279870055	0.522246	0.746101	3.13624	-0.0242614	0.00858915	0.00464411	0
3607.147478358	2999.412098253	0.54021	0.784116	3.11118	-0.0242034	0.00880083	0.00518784	0
3604.228362296	2999.493859547	0.52973	0.773819	3.09255	-0.024301	0.00791014	0.00502103	0
3610.08101693	3003.045780113	0.516538	0.784845	3.05786	-0.0242572	0.00795536	0.00480781	0
3605.209092988	2998.850541794	0.514627	0.775561	3.04867	-0.0239157	0.00788896	0.00486654	0
3650.131045724	3019.774527697	0.417536	0.737861	2.82671	-0.0216102	0.00430179	0.00521518	0
3648.251311896	3014.695935932	0.307547	0.7336	2.39533	-0.0199134	0.00443889	0.0035191	0
3638.912576299	3001.819913135	0.295543	0.722986	2.10849	-0.0150485	0.00457703	0.00262872	0
3617.433933125	2994.010604618	0.257724	0.685859	1.93966	-0.0126184	0.0042681	0.00296287	0
3608.983303655	2987.174145018	0.212074	0.669287	1.85655	-0.0103051	0.00415522	0.0022187	0
3591.062533494	2981.887282928	0.215602	0.619844	1.87606	-0.00994039	0.00441296	0.00264373	0
3603.613963362	2985.083707594	0.2302	0.594499	1.82804	-0.00966011	0.00506384	0.00264373	0
3621.31999837	2988.99664847	0.268211	0.559972	1.65901	-0.00824887	0.00489896	0.00294186	0
3610.780989425	2979.998762755	0.293331	0.605578	1.6805	-0.00757541	0.0045361	0.00382897	0
3616.111549191	2974.563846429	0.298018	0.63194	1.70658	-0.00702398	0.00444571	0.00382897	0
3620.368112698	2975.152748726	0.314363	0.647065	1.72047	-0.00618349	0.00466021	0.00403797	0
3625.82142405	2972.11542712	0.307747	0.652524	1.75855	-0.00702866	0.00441504	0.0040628	0
3630.913531648	2976.439936675	0.32083	0.675628	1.77669	-0.00728499	0.0045573	0.00412195	0
3632.308348633	2973.62773485	0.317262	0.6722	1.76933	-0.00612985	0.00435584	0.00418869	0
3627.541228265	2976.608431235	0.332413	0.635351	1.76075	-0.00622213	0.00407057	0.00446271	0
3634.669473801	2980.289899257	0.360307	0.607433	1.78578	-0.00691099	0.0040981	0.00461943	0
3628.547278476	2976.591858	0.36042	0.609263	1.79696	-0.00755139	0.00341748	0.00495507	0
3635.848594134	2982.462097976	0.369849	0.613969	1.80522	-0.00778156	0.00328648	0.00513359	0
3631.657412673	2978.66157888	0.362307	0.612075	1.80957	-0.00725586	0.00352677	0.0049614	0
3630.811933076	2981.312467881	0.365218	0.595052	1.78667	-0.00755197	0.00314161	0.00482288	0
3637.772236493	2976.962546031	0.35648	0.625777	1.78787	-0.00728947	0.00353765	0.00499995	0
3635.752123566	2978.661026438	0.356449	0.659774	1.78403	-0.00782649	0.00328294	0.00545102	0
3648.912183363	2983.338269687	0.355069	0.624133	1.79324	-0.00786223	0.00310993	0.00491215	0
3632.560261811	2984.142624044	0.336246	0.6298	1.77833	-0.00841717	0.00313793	0.00497655	0
3648.532070094	2984.801962592	0.337962	0.661668	1.78996	-0.00848376	0.00333045	0.00494951	0
3637.111365026	2983.57885782	0.352627	0.636182	1.80354	-0.00835523	0.00327936	0.00514384	0
3638.915460801	2981.661058265	0.351862	0.647481	1.78908	-0.0088049	0.00347669	0.00517196	0
3631.307426426	2985.471797523	0.349315	0.632524	1.77916	-0.0089471	0.00323321	0.00535014	0
3629.538906177	2983.915018278	0.347748	0.647181	1.77512	-0.00907871	0.00346864	0.00522475	0
3628.659133055	2982.707381859	0.355857	0.656024	1.77429	-0.00910492	0.00348384	0.00532526	0
3636.641511694	2986.483593544	0.379712	0.645664	1.76635	-0.00858731	0.00360915	0.00558904	0
3634.693190818	2985.180661021	0.34465	0.658483	1.78149	-0.00882688	0.00260587	0.00510794	0
3646.150112412	2988.616845159	0.370113	0.65338	1.82787	-0.00937206	0.00282413	0.00515265	0
3659.644133445	2987.41390449	0.348213	0.574295	1.48781	-0.00731693	0.0047763	0.00383278	0
3666.551233824	2989.090839691	0.292389	0.538366	0.965922	-0.00688452	0.00452523	0.00314888	0
3661.149843508	2991.306128822	0.291251	0.604654	2.08505	-0.0103128	0.00398527	0.0025683	0
3653.294703459	2988.498622747	0.259242	0.561011	2.03237	-0.0101001	0.00338993	0.00205076	0
3621.001100645	2994.143742942	0.0890891	0.593545	1.73387	-0.0101618	0.00378143	0.000406476	0
3632.460906741	2984.74920446	0.0833546	0.514322	1.40198	-0.00852615	0.00347329	-1.2794e-05	0
3643.875522305	2984.686502386	0.102978	0.71451	1.46899	-0.0069927	0.00307246	-0.000498051	0
3659.534522367	2989.796307078	0.0498902	0.60629	1.4697	-0.0071261	0.0044689	-0.00133291	0
3675.856316898	2996.101318263	0.0569422	0.648742	1.14843	-0.00779983	0.00597778	-0.000649072	0
3673.271482572	2986.58469028	0.112208	0.631285	1.25644	-0.00686763	0.00662685	7.15381e-05	0
3666.953461608	2992.44277655	0.12257	0.646178	1.20645	-0.00693162	0.00624254	0.000536111	0
3674.511818448	2986.197152792	0.130944	0.648625	1.15373	-0.00766187	0.00649254	0.000712823	0
3671.388223241	2986.002141055	0.148827	0.627096	1.20954	-0.00807117	0.00665546	0.00103351	0
3654.466772787	2987.237123313	0.185868	0.609267	1.26421	-0.00900446	0.00619092	0.00147451	0
3664.193634159	2989.724213504	0.213914	0.611473	1.26606	-0.00966569	0.00571642	0.00181022	0
3658.092271348	2983.821655719	0.22786	0.624361	1.31598	-0.00919907	0.00553262	0.00200675	0
3658.047080816	2980.186316536	0.228344	0.616936	1.28107	-0.00991221	0.00514284	0.00205691	0
3656.083696429	2984.697274989	0.233368	0.62935	1.33857	-0.00944867	0.00557198	0.00216292	0
3656.800655436	2982.629487653	0.241035	0.647843	1.31426	-0.0106738	0.00466552	0.00247887	0
3661.880263524	2976.880784737	0.250123	0.636096	1.32837	-0.0107726	0.00492738	0.00247887	0
3647.313848734	2973.697066218	0.243925	0.653612	1.35111	-0.0111007	0.0040342	0.00261614	0
3643.221060842	2980.628821921	0.244141	0.662262	1.31976	-0.0108486	0.0046346	0.00247887	0
3644.481908733	2976.164544747	0.234207	0.655256	1.33965	-0.01133	0.0035091	0.00277912	0
3640.351301815	2974.290111824	0.241877	0.656364	1.32199	-0.0116432	0.00379269	0.00288209	0
3640.242652238	2972.212932988	0.255418	0.654042	1.35543	-0.0119043	0.00464874	0.00283343	0
3634.79478939	2976.01593807	0.250584	0.624048	1.34493	-0.0121044	0.00459273	0.002905	0
3654.083775017	2980.840406892	0.287039	0.661023	1.3507	-0.0114558	0.00465192	0.00290751	0
3654.592088376	2983.134695112	0.316768	0.624249	1.40488	-0.0105335	0.00474236	0.00344138	0
3649.301911638	2981.71961703	0.281321	0.582328	1.48456	-0.0126912	0.00410064	0.00345611	0
3659.449269307	2984.899744681	0.299886	0.631074	1.55659	-0.0126633	0.00468523	0.00287547	0
3653.279639948	2985.491685405	0.31811	0.614291	1.66016	-0.0122629	0.00451524	0.00247386	0
3666.084264994	2992.895778317	0.302181	0.530958	1.74694	-0.0116388	0.0046452	0.001653	0
3648.279836416	2978.37154726	0.308386	0.524737	1.7413	-0.0108496	0.00497597	0.000688917	0
3655.812232738	2998.22131129	0.274619	0.501003	1.57417	-0.0116494	0.00447356	0.000782725	0
3651.850208939	2992.221247637	0.259111	0.62823	1.90905	-0.0103577	0.00273077	-0.000616395	0
3700.27715215	3011.202850352	0.279965	0.644375	2.96345	-0.0153615	0.00429637	-0.00146385	0
3660.623902637	3012.135094843	0.299264	0.511312	2.93239	-0.0165606	0.00482365	-0.000156065	0
3668.860117455	3005.655788466	0.228534	0.523605	2.18925	-0.0153428	0.00577226	-1.34895e-05	0
3629.358144049	3001.993379665	0.217803	0.56558	1.59503	-0.0111804	0.00493817	0.0015827	0
3631.146855812	2996.566473736	0.207875	0.625406	1.41195	-0.0107973	0.00383022	0.00182523	0
3640.134643662	2997.80477064	0.196914	0.713806	1.40127	-0.0114262	0.0043867	0.00173963	0
3651.523939708	3001.462759912	0.175112	0.703652	1.43934	-0.010598	0.00533659	0.00136282	0
3652.394097823	2999.316802149	0.150367	0.650156	1.46805	-0.0110011	0.00564906	0.00126565	0
3655.253921343	2999.602138019	0.129141	0.608793	1.47796	-0.0116325	0.00550554	0.000860731	0
3666.668536907	2998.374613717	0.148316	0.574363	1.51272	-0.0116289	0.00609231	0.00106264	0
3667.514337005	3000.047405609	0.106961	0.563878	1.47865	-0.0126128	0.00557628	0.000456043	0
3683.190644079	2998.817947764	0.147792	0.588004	1.5345	-0.0104617	0.00587247	0.000817476	0
3679.190480753	3002.201097549	0.177518	0.610713	1.61853	-0.010614	0.00546042	0.00133569	0
3667.303768356	2978.779248851	0.202938	0.628291	1.67203	-0.0117095	0.00523324	0.00188617	0
3655.015469175	2978.348620951	0.192478	0.638909	1.67586	-0.0117036	0.0059272	0.00188617	0
3649.466648755	2974.809682754	0.185117	0.650038	1.64816	-0.0125196	0.00600086	0.00162858	0
3665.799660793	2980.158418256	0.202405	0.668799	1.5535	-0.0112189	0.00643547	0.00173114	0
3647.751011043	2972.477552313	0.222212	0.702668	1.55273	-0.011697	0.00650443	0.00188617	0
3654.642727411	2968.230936965	0.250664	0.676984	1.62127	-0.0119926	0.00611897	0.00245138	0
3652.196669683	2970.456446257	0.267725	0.677174	1.67968	-0.0114262	0.00583179	0.00303605	0
3649.91246457	2966.155139232	0.270009	0.67426	1.65874	-0.011895	0.00610253	0.00284111	0
3667.90342428	2971.131253158	0.264354	0.672441	1.72119	-0.0122863	0.0059301	0.00264416	0
3655.325072393	2968.417938304	0.271374	0.646112	1.77572	-0.0119039	0.00558512	0.00261239	0
3666.324960664	2971.54392672	0.348313	0.611723	1.8149	-0.0106518	0.00435459	0.00387231	0
3654.504271314	2971.780923986	0.35486	0.492229	1.84286	-0.00747018	0.00463566	0.00378446	0
3640.529499941	2965.750476068	0.45994	0.529821	1.77856	0.00174836	0.00417331	0.00326691	0
3655.497181015	2982.838034198	0.449668	0.420078	2.0181	0.00456959	0.00613024	0.0004483	0
3653.875129369	2980.774666392	0.244465	0.213663	2.21389	0.00167333	0.00534664	-0.0032792	0
3648.827250803	2981.113865276	0.255201	0.197964	2.13902	-0.000560982	0.00453258	-0.00292239	0
3634.5262102	2988.858814396	0.188208	0.331635	2.02867	0.0054799	0.00696721	-0.00229422	0
3639.166732978	2988.75771766	0.231523	0.300011	2.03892	0.00765816	0.00649339	-0.000503287	0
3625.791297029	2990.34957692	0.177589	0.362116	1.93343	0.00690238	0.00649339	-0.000775354	0
3637.693072937	2998.582607821	0.125309	0.404658	1.88226	0.0116229	0.00663449	-0.000445649	0
3634.021101843	3002.331197447	0.0348006	0.302151	1.70784	0.0203048	0.00766191	-0.00104314	0
3638.013893664	2996.118167718	-0.0989039	0.295843	1.54145	0.00756406	0.00708304	-0.00310772	0
3646.928927962	2998.463004306	-0.182186	0.447213	1.37611	0.00519535	0.00669689	-0.00533709	0
3652.056611084	2990.720264951	-0.0890969	0.272116	1.55588	-0.00787453	0.00561799	-0.00487411	0
3658.886150409	2991.519371118	-0.0472158	0.243809	1.6971	-0.0172509	0.00437432	-0.00468882	0
3644.933493552	2989.21210053	-0.0589893	0.409719	1.61787	-0.0172952	0.00450611	-0.00464606	0
3658.17880641	2994.333506487	-0.0797258	0.421079	1.56603	-0.0157954	0.00479871	-0.00455361	0
3649.388126199	2996.067619351	-0.0369181	0.499767	1.58705	-0.0157332	0.00582727	-0.003821	0
3652.822927126	2991.036261306	0.0222068	0.553316	1.57901	-0.0127681	0.00538043	-0.00251607	0
3655.594613084	2997.978237171	0.0490348	0.632514	1.54431	-0.0118066	0.00477014	-0.00231953	0
3652.069431093	2997.647324904	0.0608191	0.608667	1.57736	-0.0114995	0.00550261	-0.00226607	0
3637.544360832	2999.53722618	0.0769442	0.574375	1.61897	-0.0127988	0.00589885	-0.00219595	0
3637.021304463	2994.806396137	0.0739101	0.580851	1.61575	-0.0139897	0.00564578	-0.00176843	0
3626.466911506	2990.023912844	0.0850031	0.551803	1.6059	-0.0140949	0.0058336	-0.00173586	0
3610.854704477	2995.708808804	0.0808081	0.556987	1.65028	-0.0145959	0.00555327	-0.0014872	0
3608.32595769	2992.031484091	0.0754616	0.579885	1.63329	-0.0154575	0.00465165	-0.00150197	0
3608.190386095	2982.89023989	0.0816938	0.603146	1.6448	-0.0159327	0.00507403	-0.00145274	0
3602.611438653	2979.568687297	0.0832015	0.638327	1.63765	-0.0163772	0.00460994	-0.00130851	0
3598.563200293	2977.305335783	0.0857156	0.616565	1.68533	-0.0169059	0.00470782	-0.00125042	0
3598.751333926	2979.886064754	0.0875284	0.634425	1.67416	-0.017142	0.00448485	-0.00137119	0
3592.410236947	2977.866892242	0.0853889	0.642408	1.63962	-0.0178271	0.0037345	-0.00121209	0
3606.735956067	2974.605003297	0.0955088	0.660789	1.64799	-0.0179114	0.00404417	-0.00147537	0
3593.544487248	2972.122332635	0.0846034	0.657524	1.63651	-0.0179268	0.00352369	-0.00130635	0
3607.050366789	2980.212833712	0.0803871	0.662413	1.70118	-0.019138	0.00311459	-0.00160262	0
3609.572383071	2975.122364461	0.100643	0.62201	1.69429	-0.018135	0.00403919	-0.00160994	0
3602.715280727	2967.388187945	0.0974291	0.604446	1.64553	-0.018232	0.00332369	-0.00127068	0
3629.579289205	2974.143714911	0.144836	0.616925	1.64049	-0.0162696	0.00445646	-0.00104962	0
3629.649799255	2982.406025196	0.182385	0.568438	1.61987	-0.0158449	0.00189386	-0.000474771	0
3637.533784325	2987.310321769	0.422166	0.44373	1.35556	-0.0165609	0.00453107	0.00353763	0
3614.232135863	2974.229067074	0.484782	0.515409	1.5457	-0.017831	0.00329558	0.00409907	0
3633.031397144	2986.19632413	0.451988	0.621722	1.71958	-0.0192913	0.0029102	0.00447883	0
3645.990182799	2993.707590631	0.342695	0.590749	2.01515	-0.017579	0.00444054	0.00378201	0
3644.829971979	2986.281123851	0.282255	0.572153	2.13121	-0.0147413	0.00488376	0.00327925	0
3633.710857624	2989.981098653	0.274055	0.460767	2.20008	-0.0141782	0.00596037	0.00363699	0
3623.529847431	2990.080538065	0.27715	0.479487	2.19588	-0.0137076	0.0061198	0.00333392	0
3615.816688982	2991.416340838	0.276707	0.450344	2.17733	-0.0136391	0.00619464	0.00363699	0
3627.53417726	2993.111506598	0.294935	0.454674	2.18941	-0.0126866	0.00643019	0.00333907	0
3645.993708301	3003.109310848	0.28211	0.470432	2.21194	-0.0128058	0.00630098	0.0033478	0
3648.644565674	3004.698684122	0.29247	0.518507	2.12666	-0.0138397	0.00646471	0.00296106	0
3650.83326172	2999.786100931	0.280492	0.675588	1.9976	-0.0184135	0.00637433	0.00225768	0
3656.800975936	3009.016840604	0.217641	0.667585	1.90424	-0.017868	0.00728776	0.00129011	0
3665.110264806	3010.455673657	0.204246	0.616241	1.85521	-0.016236	0.00671027	0.000799321	0
3678.268081102	3012.774269288	0.230874	0.588118	1.89648	-0.016887	0.00626184	0.000757688	0
3663.874095433	3012.946630936	0.213825	0.607101	1.9845	-0.0175394	0.00653534	-7.97247e-05	0
3656.377595137	3001.244821867	0.230249	0.55629	1.93763	-0.016066	0.00643939	0.000245643	0
3655.432119469	3008.72487544	0.255444	0.546876	1.92059	-0.0156871	0.00592436	0.000371344	0
3657.279482774	3003.192177025	0.259683	0.524653	1.88658	-0.0153441	0.0058372	0.000815296	0
3653.644369206	3005.265212552	0.273383	0.51324	1.8783	-0.0156988	0.00570047	0.000641891	0
3645.984734295	2994.547853665	0.272209	0.555911	1.87786	-0.0157357	0.00581937	0.000948238	0
3642.640314432	2994.891195858	0.278741	0.573929	1.89547	-0.015359	0.00578221	0.000696854	0
