4009.687965212	3806.49160189	-0.0359649	0.110023	-0.139345	-0.00385013	-0.00159242	0.000532128
3929.574756817	3803.182871738	-0.0229929	0.090395	-0.181859	-0.00396696	-0.0014824	0.000640791
3844.454932304	3802.339713353	-0.0209194	0.146116	-0.105353	-0.00377764	-0.00124893	0.000745103
3825.776367603	3800.526403865	-0.0295153	0.169976	-0.0630206	-0.00397571	-0.00167193	0.000667607
3785.530487773	3800.264481384	-0.0300361	0.11073	-0.124677	-0.0046563	-0.00165646	0.00089478
3757.984451581	3802.354162845	-0.0288599	0.109581	-0.112234	-0.00475551	-0.00155202	0.000791634
3745.164243342	3798.469081125	-0.0379367	0.121305	-0.126082	-0.00492123	-0.00158643	0.000801355
3711.041338335	3799.606724227	-0.0393355	0.187717	-0.0435032	-0.00529867	-0.00119171	0.00102144
3718.543452595	3793.079217099	-0.0394318	0.177528	-0.0152702	-0.00554224	-0.00169399	0.00089478
3715.955154264	3794.575858847	-0.0394335	0.16675	-0.0747436	-0.00638354	-0.00126441	0.00089478
3718.366121541	3789.554965651	-0.0457358	0.137358	-0.0554647	-0.00552706	-0.00133111	0.00084373
3712.698878338	3790.16469351	-0.0360899	0.15124	-0.115736	-0.00586771	-0.00172362	0.00089478
3714.447380902	3796.551572484	-0.0433453	0.177256	-0.0365019	-0.00592465	-0.00166185	0.00089478
3716.313491626	3790.178735974	-0.0437229	0.229807	-0.0120482	-0.00629386	-0.00178796	0.000824713
3709.539077856	3793.508631579	-0.0441759	0.178716	-0.0190063	-0.00704698	-0.00150933	0.00089478
3713.524891898	3790.445949819	-0.0433594	0.162749	-0.0209449	-0.00608683	-0.00192093	0.00089478
3715.797118299	3787.351316365	-0.0444434	0.152844	-0.108861	-0.00677433	-0.00165353	0.00106746
3699.223555897	3791.421595799	-0.0485184	0.194534	-0.0196601	-0.00628092	-0.00157186	0.000950509
3730.454954036	3788.750271407	-0.0465187	0.228133	0.0208464	-0.00700112	-0.00176968	0.00089478
3695.750439926	3791.933433438	-0.044208	0.193971	0.0194557	-0.00729421	-0.00155374	0.00104741
3705.65065807	3789.096245159	-0.0458344	0.16277	-0.00823912	-0.00585576	-0.00164189	0.00109842
3697.636764552	3785.554898537	-0.0509102	0.171812	-0.0531074	-0.00719123	-0.00142438	0.00107003
3709.316724928	3788.371938934	-0.0451304	0.173288	-0.0159593	-0.00653156	-0.00139389	0.00107387
3707.984444992	3791.290125774	-0.037746	0.231188	-0.0461464	-0.00747537	-0.00141778	0.00116883
3722.600015296	3800.302538497	-0.0444328	0.249183	0.048289	-0.00778437	-0.00144894	0.000894781
3704.005062646	3790.401787287	-0.0391304	0.25553	0.0271049	-0.00820584	-0.0014189	0.00089478
3704.447930873	3797.056490648	-0.0477676	0.184686	0.0260854	-0.00731018	-0.00124931	0.00124852
3720.482149605	3797.909010675	-0.0512696	0.141927	-0.014725	-0.00697707	-0.00164168	0.00116001
3715.871542213	3791.836967816	-0.0438656	0.177052	-0.0967549	-0.00767174	-0.00151146	0.000894781
3711.157108867	3802.528167291	-0.0359519	0.261968	0.0403007	-0.00740407	-0.00141	0.00101701
3721.406476237	3801.553335367	-0.0375833	0.263659	0.0215222	-0.00783349	-0.00170201	0.000947667
3717.173501295	3809.060151727	-0.0373968	0.19809	-0.194982	-0.0089926	-0.00105546	0.00107102
3713.029651288	3798.892593701	-0.0383154	0.181276	-0.13964	-0.0072999	-0.0014249	0.00107308
3690.902778586	3789.347177886	-0.0529329	0.199213	-0.153791	-0.00787398	-0.00134414	0.00123343
3708.785650582	3812.696539373	-0.0402244	0.249809	0.0181885	-0.00770589	-0.00131323	0.00108682
3734.65668931	3799.230833922	-0.0399613	0.236832	0.0637687	-0.00840933	-0.00135338	0.000994617
3699.281441163	3792.763973957	-0.034502	0.245185	-0.0155345	-0.0091403	-0.00125734	0.000894781
3706.992126144	3798.377296324	-0.0444042	0.166214	0.0275852	-0.00699284	-0.00130424	0.00109986
3702.526691324	3793.213332806	-0.0475985	0.197461	-0.0235503	-0.00734773	-0.00116441	0.00105754
3711.84162511	3795.998421509	-0.0360405	0.244714	0.00503815	-0.00740564	-0.00127874	0.00089478
3715.675834885	3794.628975993	-0.026485	0.286919	0.0242528	-0.00659477	-0.0014941	0.000717394
3714.797448941	3797.795042851	-0.0350458	0.258993	0.00645352	-0.00796568	-0.00110169	0.00089478
3716.981469222	3797.503000302	-0.0322362	0.169645	0.00696284	-0.00631279	-0.0013404	0.00102924
3699.258470819	3797.592749963	-0.0385619	0.187123	-0.054774	-0.00626538	-0.00133261	0.00115877
3724.393539734	3794.955819432	-0.0376051	0.208232	0.000387446	-0.00657993	-0.00119184	0.00123357
3712.87345295	3797.993061946	-0.0309622	0.276653	-0.014561	-0.00786932	-0.000981366	0.00101445
3708.806783298	3796.280491874	-0.0325623	0.256754	0.0233433	-0.00795974	-0.00135985	0.000979371
3719.222455955	3804.69253838	-0.0399983	0.21805	-0.026656	-0.00736703	-0.00134407	0.00125996
3712.286330965	3805.05072297	-0.0377066	0.198927	-0.0193127	-0.00599034	-0.000897019	0.00148359
3733.277549872	3805.403412683	-0.042202	0.189501	-0.0349338	-0.0061465	-0.00123234	0.00124814
3724.54698163	3796.056015963	-0.0309231	0.24846	-0.0330208	-0.00696134	-0.00100685	0.00089478
3698.061256504	3806.057506588	-0.0340223	0.270633	0.00513483	-0.00791764	-0.00125362	0.00089478
3713.584614792	3801.620698491	-0.0320291	0.192088	-0.0176929	-0.00704719	-0.0012959	0.00104087
3710.434921261	3796.898970834	-0.0322305	0.184296	-0.14475	-0.00777192	-0.0010162	0.00116765
3699.428451363	3795.747692296	-0.0363258	0.20982	-0.0365502	-0.00699534	-0.00140674	0.00125723
3705.861985232	3793.83608556	-0.0366854	0.296536	-0.0172233	-0.00732056	-0.00116008	0.00128039
3714.666977388	3798.245419271	-0.0377895	0.265794	0.029504	-0.00816878	-0.00116287	0.00103775
3695.558407852	3795.757053939	-0.0368275	0.227072	-0.0027392	-0.00697755	-0.00127417	0.00110753
3709.167877101	3801.570023512	-0.0433528	0.22775	0.0109228	-0.00641955	-0.0012396	0.000894781
3707.733608839	3796.693014694	-0.059313	0.18709	0.0112107	-0.0060139	-0.00162686	0.000782878
3709.82207249	3799.399750518	-0.0638104	0.250166	-0.0466306	-0.00610049	-0.00125663	0.00089478
3727.661760239	3800.047942518	-0.0663175	0.182392	-0.0324651	-0.00647018	-0.00153792	0.000724491
3713.722436854	3804.747080124	-0.0553935	0.175476	-0.0603537	-0.00633669	-0.00140174	0.000990597
3745.804656525	3803.045499807	-0.0492513	0.24848	0.0126415	-0.00699072	-0.00157934	0.00089478
3735.220840951	3806.184092279	-0.0367231	0.261932	0.0132674	-0.00784857	-0.00137248	0.000954097
3751.975409663	3804.439570513	-0.0505323	0.203879	-0.0409756	-0.00734822	-0.00184457	0.000986125
3735.919139401	3807.323363492	-0.0458415	0.186369	-0.0452909	-0.00674688	-0.00131663	0.00128389
3748.344257727	3801.678496459	-0.0577994	0.208966	-0.0724642	-0.00644717	-0.00186288	0.00103707
3752.448598743	3800.665200394	-0.0416612	0.224086	-0.0302256	-0.00492602	-0.00131041	0.00082711
3728.020097601	3803.022299214	-0.0426944	0.299022	-0.00172246	-0.00716542	-0.000778932	0.000894781
3716.855591738	3804.414741809	-0.0488448	0.25088	-0.0154562	-0.00737465	-0.00147285	0.000894781
3700.765325367	3798.658145605	-0.039304	0.209681	-0.0878962	-0.00746425	-0.00115955	0.0010111
3685.292501836	3798.3376111	-0.0530568	0.210621	-0.0369491	-0.00682413	-0.00164722	0.000986324
3701.504970435	3795.502254446	-0.0474154	0.192529	-0.0461032	-0.00616964	-0.00180483	0.000894781
3696.417498707	3800.609844594	-0.054463	0.250582	0.0146135	-0.00627082	-0.00162071	0.000894781
3702.446754528	3793.918305204	-0.0491409	0.24791	0.0104237	-0.00684567	-0.00181689	0.000894781
3689.532827287	3789.600349267	-0.0422196	0.242071	-0.0594194	-0.0073419	-0.00158363	0.000747001
3680.147144842	3789.62049715	-0.057977	0.204837	-0.0228338	-0.00647849	-0.00153419	0.000894781
3701.381849393	3786.411895872	-0.068271	0.183741	-0.061501	-0.00569538	-0.00177784	0.000894781
3687.871612029	3793.413997582	-0.0627468	0.248454	-0.113229	-0.00662686	-0.00220228	0.000894781
3699.940230621	3792.28144233	-0.0461078	0.274111	0.0489837	-0.00710827	-0.00204505	0.000588637
3680.49721288	3783.310953485	-0.0479657	0.241891	0.0141497	-0.0075039	-0.00156597	0.000894781
3690.385486446	3784.387949424	-0.0441389	0.198512	0.0153619	-0.00626394	-0.0013532	0.000894781
3694.103925688	3784.309189516	-0.0603167	0.210553	-0.0291019	-0.00620667	-0.00190096	0.000894781
3681.649405321	3792.501237419	-0.0461151	0.25617	0.0293025	-0.00606909	-0.00152828	0.000894781
3717.930603824	3786.113137362	-0.0502781	0.256781	0.0453841	-0.00675772	-0.00193026	0.000894781
3705.929058636	3787.267265095	-0.043917	0.26037	-0.00498053	-0.00767026	-0.0017494	0.000666271
3724.253880044	3789.970744695	-0.0446837	0.197395	0.00754103	-0.00652568	-0.00157344	0.000985072
3697.434625527	3786.909691047	-0.0411002	0.211365	-0.065942	-0.00691844	-0.00165452	0.000952472
3703.120245006	3797.006426211	-0.0412061	0.276346	0.0156297	-0.00658128	-0.00151616	0.000839287
3734.306621271	3794.884589542	-0.0433007	0.290994	0.0357495	-0.00721696	-0.00187167	0.000753191
3718.633496342	3797.928344503	-0.0417511	0.243877	-0.0565814	-0.00777052	-0.00174326	0.000894781
3723.837657416	3795.221608679	-0.0461287	0.200904	-0.0136608	-0.00635783	-0.00162463	0.000843055
3742.915906099	3796.167338106	-0.0504524	0.212195	-0.041063	-0.00628829	-0.00207827	0.000894781
3707.938504305	3804.988447695	-0.0444593	0.26653	-0.0341671	-0.00616898	-0.00156768	0.000894781
3728.493286682	3800.660926601	-0.0359671	0.304879	0.0359392	-0.00700502	-0.00175995	0.000894781
3720.582300304	3799.383062372	-0.0406861	0.275101	-0.0475231	-0.00809272	-0.00196142	0.00072181
3726.204521633	3800.111438877	-0.0494549	0.212519	-0.0197803	-0.00674527	-0.00185669	0.000832329
3706.190001741	3801.343105434	-0.0460174	0.266048	-0.0573651	-0.00616853	-0.0019162	0.000946645
3714.95180965	3804.859216323	-0.0494226	0.35098	0.0439621	-0.00627731	-0.00178265	0.000894781
3715.125465449	3801.869596079	-0.0418112	0.29974	0.0638039	-0.00731915	-0.00155112	0.000894781
3722.537535961	3799.978951282	-0.0450431	0.224667	0.0476794	-0.00648617	-0.00157017	0.000973261
3743.049134092	3823.321596808	-0.0448285	0.150035	-0.124877	-0.00605233	-0.0018089	0.000894781
3718.012378248	3810.702509478	-0.0536211	0.286824	-0.227268	-0.00685079	-0.0016296	0.000894781
3751.639123831	3808.181378397	-0.0469444	0.197444	-0.336216	-0.00549849	-0.00136724	0.000894781
3731.282805224	3809.456189916	-0.0247415	0.229411	-0.404203	-0.00619706	-0.000583408	0.000894781
3728.349032923	3804.839678982	-0.0419589	0.194678	-0.28772	-0.00601499	-0.00108638	0.000894781
3724.266743437	3810.616423068	-0.02596	0.1302	-0.377359	-0.00518386	-0.00111255	0.001491
3717.960924678	3808.76363187	-0.0437151	0.164632	-0.254926	-0.0042743	-0.000939139	0.00116329
3737.167807285	3799.722727191	-0.0453863	0.149358	-0.290217	-0.00417366	-0.00176287	0.000894781
3744.231647387	3798.103773546	-0.0363587	0.195837	-0.231625	-0.00477866	-0.00132714	0.000839915
3703.531873565	3803.201798537	-0.0414387	0.222319	-0.214484	-0.00554445	-0.00128277	0.000894781
3700.195660843	3792.465622474	-0.0506071	0.21654	-0.242082	-0.0050678	-0.00203703	0.000894781
3699.315437272	3801.668524275	-0.0443631	0.217682	-0.140018	-0.00440494	-0.00130221	0.000894781
3730.588182029	3811.127039623	-0.0481312	0.203431	-0.106836	-0.00404197	-0.00182135	0.000894781
3708.340025913	3791.947068874	-0.042774	0.292392	-0.155455	-0.0054015	-0.00161256	0.000952128
3707.470828107	3800.134435956	-0.0428191	0.30915	-0.0492697	-0.00571163	-0.00183191	0.000894781
3704.382695097	3790.840970438	-0.0397131	0.311123	-0.052256	-0.00621542	-0.00209393	0.000894782
3694.144353493	3788.464944819	-0.052221	0.25535	-0.0201102	-0.00555371	-0.0015306	0.000894782
3713.629636666	3787.814107137	-0.0504215	0.203038	-0.0689964	-0.00572219	-0.00212774	0.000816825
3715.028071192	3788.61208542	-0.044627	0.222125	-0.139575	-0.00594505	-0.00169397	0.000946903
3695.164236754	3795.640236919	-0.0488128	0.278942	-0.0297896	-0.0055001	-0.00149531	0.000894781
3723.099849976	3790.183823824	-0.0553656	0.307699	-0.00319133	-0.00596722	-0.00218862	0.000793574
3691.340133931	3789.703734364	-0.0539316	0.267006	-0.0429273	-0.00609443	-0.00171241	0.000954601
3709.600638377	3789.268417979	-0.0565225	0.258352	-0.0200426	-0.00590609	-0.00155037	0.000957842
3702.455023852	3783.524439642	-0.0557401	0.243657	-0.0406458	-0.00573381	-0.00170772	0.000894781
3692.543779942	3794.336119388	-0.0582624	0.284513	0.0114734	-0.00542003	-0.0014292	0.000956248
3700.864557252	3791.710382125	-0.0508248	0.313787	0.0412484	-0.00607368	-0.00157668	0.000894782
3685.849302967	3789.785139953	-0.0506964	0.288387	-0.00124991	-0.00643472	-0.00201659	0.000894781
3702.299744328	3788.411013616	-0.0439965	0.228976	0.0129619	-0.00538342	-0.00153692	0.000962101
3696.920089828	3786.653466956	-0.0526593	0.256183	-0.0311301	-0.00565787	-0.00143593	0.00105814
3706.640220478	3791.250440549	-0.0496095	0.268467	-0.00116749	-0.00515118	-0.00167876	0.00100405
3713.352154914	3785.680873686	-0.0611908	0.319028	0.000317484	-0.0057722	-0.00197297	0.000996279
3721.844750395	3789.166864507	-0.0530652	0.323485	-0.0408897	-0.00691936	-0.00160788	0.000894781
3708.306948618	3798.734870373	-0.0605658	0.333471	0.0329573	-0.00691435	-0.0013935	0.000804393
3705.770103858	3791.880519806	-0.058508	0.289567	0.00053524	-0.00694373	-0.00163885	0.000894781
3698.834897681	3799.98810941	-0.0602152	0.253532	0.0231402	-0.00606835	-0.00162665	0.000976423
3732.712479417	3795.978680654	-0.0539903	0.293094	0.0413414	-0.00621577	-0.00141232	0.000894781
3718.284347118	3804.717367085	-0.0424156	0.317108	0.00076585	-0.00710766	-0.00150881	0.000968294
3717.020978213	3801.726932784	-0.0400469	0.284783	0.0548491	-0.0067264	-0.0014791	0.000807396
3716.02774055	3798.873259873	-0.0494782	0.28242	0.00656535	-0.00641207	-0.0013802	0.000894781
3717.961843492	3802.644984311	-0.0485033	0.261966	0.0187251	-0.00625988	-0.00151452	0.00106694
3732.046339449	3800.196711231	-0.0569339	0.320605	0.00183466	-0.0061105	-0.00157615	0.00111824
3730.045163104	3802.733512888	-0.0498752	0.336706	-0.0350989	-0.00669652	-0.00153469	0.0010745
3718.196140998	3809.893337927	-0.0431056	0.370634	0.0374993	-0.00666564	-0.00158193	0.000894782
3724.641619446	3804.743009845	-0.0485588	0.336417	0.0579555	-0.00722598	-0.00162306	0.000894782
3715.617949618	3805.547500575	-0.0506671	0.302022	-0.0268139	-0.0079244	-0.00164758	0.00103447
3730.413607417	3808.012868828	-0.0529277	0.267142	0.00611137	-0.00726229	-0.00103691	0.00123069
3720.190885647	3797.239856736	-0.0488335	0.266025	-0.0435037	-0.0077537	-0.00132684	0.00133126
3723.782528591	3805.883502142	-0.0464901	0.353475	0.0330981	-0.00798378	-0.00114256	0.000894782
3713.191362508	3804.013412256	-0.0497358	0.353077	0.0542834	-0.00901063	-0.00159917	0.000997962
3709.185334562	3797.255323798	-0.0426179	0.357222	0.00829445	-0.0100944	-0.00128588	0.000894782
3719.023073372	3803.514192484	-0.0517522	0.280686	0.0254045	-0.00861525	-0.00147172	0.00103644
3724.604866896	3795.706785988	-0.0469598	0.291117	-0.0665748	-0.00904034	-0.000994772	0.00119017
3717.29478471	3795.882011517	-0.0440639	0.325331	0.0216411	-0.00771769	-0.00109474	0.00112408
3739.559479474	3794.903923369	-0.0510595	0.364416	0.0646967	-0.00852139	-0.00176627	0.0010026
3723.636437205	3796.484616387	-0.0467365	0.337469	0.0467367	-0.00911636	-0.00124554	0.000894782
3733.979523577	3796.003916386	-0.0511461	0.293252	0.0436434	-0.00793933	-0.00139218	0.00115043
3712.698878338	3789.30586455	-0.0575407	0.296556	-0.0616991	-0.00876719	-0.00113396	0.00122248
3733.180155615	3794.479393224	-0.0486915	0.325403	0.0528548	-0.0078887	-0.00138795	0.00111601
3731.302100312	3790.598992326	-0.0432453	0.367863	0.0330217	-0.00852327	-0.00131076	0.00121103
3715.493909762	3792.968709012	-0.0569586	0.445217	-0.0267468	-0.0104031	-0.0014315	0.000362843
3710.460648046	3796.616900469	-0.0550014	0.32812	-0.114561	-0.0102757	-0.00166215	0.000446118
3714.624711956	3795.87549907	-0.0502561	0.243051	-0.0592157	-0.0104977	-0.000878323	0.000690899
3708.152587909	3794.852841362	-0.0550251	0.27266	-0.066647	-0.0108846	-0.000792584	0.00062672
3720.792708652	3800.417727404	-0.0448915	0.365826	0.0498275	-0.011551	-0.000899382	0.000657244
3737.104409137	3797.349550767	-0.0412532	0.3722	0.0494691	-0.0115633	-0.000899631	0.000717583
3718.069344701	3795.644714226	-0.0508491	0.372505	0.0368164	-0.0106063	-0.00095367	0.000975799
3747.876581529	3804.269229319	-0.060104	0.404251	0.0331295	-0.0095744	-0.00111537	0.000894782
3746.076625395	3806.106960483	-0.0589304	0.351039	-0.0354989	-0.00944673	-0.0010227	0.00097397
3734.816562902	3807.135927124	-0.0526828	0.326624	0.0571091	-0.00840425	-0.00113071	0.000894782
3749.6857258	3803.389234905	-0.0477404	0.383288	0.0810217	-0.00932029	-0.00124187	0.000894782
3725.663340335	3803.264887869	-0.0396838	0.379315	0.0654011	-0.0108448	-0.000770769	0.00101236
3723.035533013	3802.464670932	-0.0489437	0.328665	0.0433425	-0.00936414	-0.000843621	0.000894782
3703.170779762	3799.277235107	-0.0460025	0.351928	-0.0175467	-0.00971043	-0.00108696	0.00108258
3716.341974853	3800.262446244	-0.0473494	0.35117	0.0475187	-0.00874507	-0.00111233	0.0010475
3725.697336444	3795.851687935	-0.0492461	0.443813	0.0763048	-0.00964319	-0.00120862	0.00103059
3716.938284976	3800.69267478	-0.0434974	0.446669	0.116515	-0.0102599	-0.00130529	0.000894783
3706.797337629	3801.565342691	-0.0551411	0.370124	0.0783258	-0.00984832	-0.00136686	0.00105046
3706.235023615	3804.736904426	-0.0531938	0.333749	0.0789793	-0.00921426	-0.000773376	0.00127869
3734.312134154	3807.203290249	-0.0553198	0.315187	0.0560257	-0.008682	-0.00120969	0.00110901
3711.732286274	3804.523011242	-0.0517732	0.363155	-0.0136611	-0.00999494	-0.00079866	0.00134285
3725.484171654	3807.636571495	-0.042889	0.373926	0.0874286	-0.00953964	-0.00158601	0.00127125
3733.464987877	3802.545465979	-0.0529579	0.4055	0.0961429	-0.0102936	-0.00137411	0.00127125
3704.838426716	3803.005814583	-0.0516996	0.343464	0.0798697	-0.00943476	-0.00107183	0.00127125
3729.320219056	3803.529456032	-0.0553683	0.324657	0.0410185	-0.00868031	-0.00105585	0.0010883
3727.800501115	3802.485429357	-0.0401869	0.374245	-0.0556681	-0.0106216	-0.00107831	0.00117554
3714.664220947	3803.959481054	-0.0533061	0.452065	0.0665225	-0.0096671	-0.000996429	0.00115381
3725.693661189	3801.590985451	-0.0548387	0.491426	0.102734	-0.0102937	-0.00155052	0.00127125
3707.683992897	3803.911858785	-0.0501282	0.407489	0.0379792	-0.0101944	-0.000967115	0.00127125
3730.868420223	3802.714993117	-0.059083	0.361062	0.0485335	-0.0088174	-0.00137188	0.00115592
3727.580904629	3796.088578198	-0.0611696	0.399347	-0.0597038	-0.0103005	-0.000933898	0.00127125
3712.350647927	3802.678157088	-0.0505955	0.386468	0.071647	-0.00936441	-0.000990791	0.00127125
3723.958022017	3794.233955374	-0.0550233	0.419982	0.10541	-0.0102688	-0.00167994	0.000931101
3706.713725578	3798.503678501	-0.0485812	0.414195	0.065492	-0.0102437	-0.00114698	0.00117951
3717.115616029	3798.09420839	-0.0547459	0.350763	0.0690808	-0.00902263	-0.000933459	0.00127125
3698.713614266	3799.485633414	-0.0535685	0.382545	-0.00765072	-0.0102513	-0.00115778	0.00118026
3720.022742731	3796.889202163	-0.0562727	0.411572	0.0845104	-0.00983396	-0.00100276	0.00127125
3722.910574344	3792.042720441	-0.0500987	0.465199	0.0882536	-0.0104994	-0.000803338	0.00127125
3717.017302958	3801.53969993	-0.0449876	0.442438	0.0963327	-0.0107687	-0.000817253	0.00117829
3707.957799394	3795.490247122	-0.0491503	0.368275	0.0703361	-0.00976643	-0.00127409	0.00127125
3712.432422351	3796.067005717	-0.0498697	0.364131	0.073979	-0.00903331	-0.000805301	0.00127125
3717.423418635	3791.24331756	-0.0524821	0.348483	0.0513502	-0.00909721	-0.00128279	0.00113427
3712.184342639	3795.983972017	-0.0435171	0.44048	-0.00667763	-0.0109202	-0.00111627	0.00127125
3732.065634538	3802.281915385	-0.0450087	0.442724	0.0923057	-0.010715	-0.000860382	0.0011382
3710.603064177	3798.557813217	-0.0451681	0.431506	0.0786274	-0.0110903	-0.00136315	0.00127125
3713.674658539	3803.889472248	-0.0454085	0.402727	0.065473	-0.0102316	-0.000780431	0.00127125
3735.250242991	3805.460600109	-0.0631509	0.354241	0.0390776	-0.00882634	-0.00151406	0.0011396
3731.528128495	3806.856705955	-0.0502155	0.364533	-0.0218041	-0.00864414	-0.00103083	0.00127125
3726.592261035	3800.642813857	-0.0452275	0.371504	0.0711627	-0.00870032	-0.00123808	0.00117435
3730.742542739	3801.38136606	-0.0384665	0.433958	0.0689461	-0.00973993	-0.00107237	0.00109549
3705.923545754	3797.40042926	-0.0445786	0.40268	0.086482	-0.00956456	-0.00103288	0.00127125
3710.926486616	3805.793548967	-0.0540587	0.349788	0.0539126	-0.00860948	-0.000798514	0.00127125
3704.904581306	3806.430751212	-0.0346778	0.381095	0.0649029	-0.00856588	-0.000930362	0.00121128
3717.043029743	3806.733172974	-0.0407745	0.477435	0.116228	-0.00863634	-0.00115393	0.00114887
3737.997496101	3813.912738868	-0.0261961	0.495598	0.145139	-0.00842582	-0.000848335	0.000842137
3745.571277833	3822.966871955	-0.00773691	0.439726	0.256006	-0.00558593	-0.000217163	7.48954e-05
3725.470389448	3808.990346434	0.000784741	0.448533	0.301352	-0.0034723	0.000561325	0.000320689
3729.749305077	3813.213261347	0.00468123	0.37299	0.25111	-0.00328041	0.000719132	7.48954e-05
3716.436612669	3812.07073391	-0.00189135	0.364582	0.181853	-0.00427416	0.000619117	0.000424127
3739.818584951	3815.629989761	-0.00897993	0.376397	0.13188	-0.00418617	0.000240729	0.000411815
3728.414268699	3807.080164296	-0.00877869	0.55141	0.0997762	-0.00460657	0.000173809	0.000402443
3740.801715662	3809.490583777	-0.00540699	0.608971	0.195343	-0.00455569	-0.000167317	7.48954e-05
3749.318200301	3813.013614141	0.00985293	0.6553	0.235254	-0.00289507	-5.64693e-05	7.48954e-05
3739.745998665	3814.755083197	-0.00295649	0.616795	0.270278	-0.00196078	-1.81579e-05	7.48954e-05
3745.905726037	3812.487734038	0.00197386	0.525037	0.204619	0.000314278	0.000326299	0.000375533
3732.275124072	3812.219909651	0.0100963	0.469735	0.190644	0.00102614	7.46036e-05	0.000541567
3725.882018007	3811.54139407	0.00805659	0.432171	0.0961398	0.000478239	-0.000375731	0.000306936
3726.345100137	3814.023857496	0.004835	0.366631	0.0539291	0.000814039	-2.74201e-05	7.48954e-05
3726.907414151	3814.302875152	0.00564341	0.392201	0.035761	0.00233562	0.000665438	0.000386554
3729.81637848	3798.557609703	0.00419076	0.396322	0.0162557	0.00148739	0.000904364	7.48954e-05
3739.564992356	3798.4395716	-0.0169252	0.474184	0.00231371	0.000769287	0.00115513	0.000254019
3754.572896131	3802.804539265	-0.0301884	0.44779	0.0142136	0.00172152	0.00171999	0.000544939
3758.220586714	3811.105060114	-0.0249754	0.467714	-0.0389774	0.00244746	0.00233107	0.00106913
3745.19548301	3810.766819893	-0.0453623	0.43227	0.00507213	0.00329374	0.00184908	0.00105199
3766.462346042	3811.678562487	-0.0357459	0.397017	-0.00405994	0.00470052	0.00177412	0.000941941
3741.233558124	3812.134026755	-0.0446514	0.372372	0.0145496	0.00431573	0.00101611	0.00170096
3754.97717418	3809.513987884	-0.047012	0.34056	0.0151275	0.00469553	0.000862172	0.00149877
3719.40989396	3800.010699461	-0.0376833	0.335239	0.0108186	0.00487396	0.00170142	0.00136002
3711.708397117	3796.014295599	-0.0499155	0.370197	0.0107226	0.00323603	0.00122967	0.00136346
3715.125465449	3791.389237078	-0.0374769	0.318466	0.00136189	0.00360638	0.00115837	0.00154373
3709.33418239	3796.131926674	-0.0251391	0.387699	0.0383502	0.00296441	0.000995098	0.0020371
3706.227673105	3789.365494143	-0.0177673	0.466716	0.0721531	0.00306764	0.000955355	0.0017677
3706.419705178	3799.434347893	-0.0286426	0.52661	0.114605	0.00243065	0.000940024	0.00194698
3699.637940897	3787.474238804	-0.0240748	0.447111	0.124854	0.00292506	0.000882455	0.00173746
3687.07775695	3789.741994991	-0.0308652	0.43258	0.0912932	0.00291695	0.0010976	0.00178481
3683.650581666	3787.563377924	-0.0296441	0.41074	0.0923062	0.00294434	0.00121498	0.00169469
3692.609015718	3789.567990545	-0.0338799	0.40726	0.0671621	0.00261639	0.00103171	0.00168739
3695.579540568	3782.95765323	-0.043159	0.406754	0.101341	0.00359102	0.000575574	0.0016474
3696.918252201	3787.012669117	-0.0469704	0.430164	0.0677059	0.00311402	0.000704672	0.00162938
3715.56925249	3790.965113961	-0.0487095	0.431781	0.050512	0.0026938	0.00049679	0.0016643
3722.414414919	3791.751491948	-0.0468412	0.390238	0.0537437	0.00250432	0.000940275	0.00149181
3719.057988294	3790.549538431	-0.0496903	0.386528	0.0588127	0.00191886	0.000709075	0.00159087
3710.841955752	3801.74260336	-0.051334	0.45334	0.101774	0.0015019	0.00101766	0.00157125
3724.574546043	3796.466707158	-0.0467786	0.395488	0.07237	0.0015583	0.000898373	0.00164369
3702.082904283	3792.823400037	-0.0562329	0.439674	0.0720749	0.00197386	0.000681729	0.00164763
3723.571201429	3793.481360707	-0.0415354	0.3746	0.037747	0.00187229	0.000953431	0.00184161
3702.403570282	3791.896190381	-0.0522904	0.465175	0.071845	0.00239158	0.000968156	0.00194691
3741.137082681	3786.974001462	-0.0518278	0.390285	0.0649784	0.00235588	0.000646679	0.00184435
3698.64102798	3796.503136159	-0.0510047	0.442448	0.0590773	0.00238327	0.000703562	0.00173402
3731.597039526	3787.361492064	-0.0521251	0.471199	0.0723251	0.00168816	0.00068086	0.00178708
3715.737395406	3798.069583199	-0.041809	0.514631	0.0933801	0.00128613	0.000621137	0.00183035
3734.407690784	3794.633046273	-0.0474454	0.416271	0.107279	0.00136366	0.000540478	0.00169065
3699.843755177	3793.156755922	-0.042631	0.420963	0.0443757	0.000883688	0.000589376	0.00172152
3733.254579529	3798.459108941	-0.0521727	0.430982	0.0870358	0.00116834	0.000396797	0.00179704
3684.861578187	3797.778761733	-0.0467377	0.441865	0.0709801	0.00120304	0.000577499	0.00201323
3746.03619759	3798.755018256	-0.055082	0.509351	0.136106	0.00149602	0.000824072	0.00209113
3703.664182745	3798.073246451	-0.0389623	0.569753	0.153855	0.000660684	0.000945262	0.00192425
3728.570467037	3793.588409056	-0.0541425	0.501455	0.141777	0.000694065	0.000428244	0.00208122
3702.192243119	3794.721371337	-0.0485485	0.461267	0.0984775	0.00104553	0.000613417	0.00214899
3729.737360498	3799.911791671	-0.0489294	0.450207	0.117143	0.00134181	0.000438109	0.0020193
3702.285043308	3794.041634671	-0.045223	0.517504	0.116219	0.000680833	0.00058337	0.00230396
3727.875843843	3805.011648288	-0.0490533	0.569199	0.183434	0.000892176	0.000678404	0.00225273
3718.047293171	3803.985734356	-0.0463611	0.553717	0.193237	2.02546e-05	0.000542323	0.0021921
3728.528201604	3805.033017255	-0.0510167	0.474592	0.164674	0.000467389	0.000711627	0.00216023
3751.85963913	3802.853382618	-0.0437331	0.459384	0.134692	0.000998323	0.000775633	0.00214118
3727.306179318	3798.208583242	-0.0419753	0.499599	0.0891852	0.000436735	0.000717913	0.00221861
3746.724389088	3812.606382684	-0.0437787	0.565537	0.182084	-0.000179831	0.000768248	0.00227012
3739.553047778	3811.71356689	-0.0440388	0.611625	0.263449	-0.000324193	0.000944334	0.00227821
3731.229514026	3810.523824211	-0.0434452	0.588935	0.25929	-0.000828405	0.00095827	0.00243163
3740.850412791	3807.380754432	-0.048354	0.449092	0.197571	0.000474123	0.000969578	0.00204557
3722.541211216	3808.982816417	-0.043661	0.473432	0.154948	0.000871131	0.000873328	0.00225558
3741.107680641	3802.79558465	-0.0516127	0.527947	0.186834	0.000712055	0.000670781	0.0022982
3725.6743661	3813.668115074	-0.0397887	0.619119	0.232526	0.000254284	0.000902361	0.00244646
3742.851589136	3818.370508904	-0.0479764	0.591928	0.311878	-0.00031942	0.000797623	0.00232437
3718.081289279	3811.529590259	-0.050388	0.509498	0.221157	0.000144253	0.00060367	0.0022884
3754.790654989	3814.011036116	-0.0546248	0.503081	0.197244	0.000557738	0.00110219	0.00241545
3741.039688423	3814.043191324	-0.0529009	0.53677	0.160217	0.000204443	0.000940315	0.00230177
3749.130762296	3808.784797323	-0.0492689	0.565012	0.188133	0.000767344	0.000763692	0.00243193
3760.720678925	3812.90595525	-0.0494761	0.613034	0.284611	0.00119867	0.000643993	0.00225581
3775.407916701	3822.613164672	-0.00140934	0.554348	0.46107	0.00464592	0.00301935	0.00149895
3747.770917948	3815.830858051	-0.00077553	0.560542	0.877611	0.0134714	0.00436435	0.00090981
3727.602956159	3816.519142304	0.0223125	0.57625	1.19535	0.0149478	0.00524984	0.000915042
3691.596482967	3809.488141609	0.0135149	0.544254	1.18567	0.0134823	0.00523998	0.000979839
3682.727173849	3806.008459721	0.00478908	0.642837	1.10087	0.0114854	0.00466762	0.00138104
3684.640144074	3806.850397022	-0.0084167	0.659501	1.10802	0.0091575	0.00468442	0.00169194
3670.302974336	3801.829300312	0.0021415	0.738153	1.08489	0.00781475	0.00576017	0.00188907
3711.313307205	3816.647152592	-0.00809587	0.859059	0.968073	0.00776143	0.0056963	0.00139795
3711.91513021	3818.892929269	0.00566641	0.833119	0.780097	0.00836288	0.00620791	0.000488696
3691.156371181	3810.497163881	0.0196184	0.824258	0.718971	0.00726449	0.00664643	0.000262295
3687.590455022	3803.661536599	0.00765213	0.809062	0.775119	0.00820961	0.00631237	0.000468954
3696.581966369	3805.330351167	-0.00560624	0.737046	0.761064	0.00887013	0.0061207	0.000470653
3686.991388457	3811.7807265	-0.0157272	0.620254	0.679124	0.00742042	0.00526626	0.00068982
3693.750182394	3808.175476492	-0.0220671	0.55152	0.699004	0.00801342	0.00463932	0.000494679
3664.907700002	3803.644034398	-0.0219383	0.595138	0.742903	0.00799896	0.0055458	0.000785972
3702.453186224	3801.736090913	-0.0310449	0.617365	0.753299	0.0106827	0.00503414	0.00067484
3698.647459676	3802.178326774	-0.0220943	0.623323	0.660594	0.0118898	0.00417339	0.000630102
3684.539993375	3798.795314022	-0.0415783	0.631557	0.652876	0.00992806	0.00400069	0.00116793
3692.095398833	3794.949510499	-0.0359531	0.642122	0.652344	0.00896795	0.00340457	0.000980278
3672.524665981	3790.600009896	-0.0303682	0.722958	0.632183	0.00838917	0.00375721	0.00145364
3684.12928363	3788.740909764	-0.0314115	0.742037	0.665566	0.00851015	0.00368014	0.00123889
3703.837838544	3787.007988295	-0.0314438	0.729208	0.681001	0.00925337	0.00389781	0.00123889
3671.539697642	3793.814309565	-0.034608	0.694522	0.628753	0.00877984	0.00372361	0.00187079
3683.106643927	3794.396359524	-0.0521213	0.603255	0.617546	0.00867368	0.00304024	0.00124858
3676.798987541	3796.78296787	-0.0406456	0.611565	0.5855	0.00816235	0.0034512	0.00160341
3688.059968847	3800.432787438	-0.0519613	0.59072	0.592334	0.00759595	0.00297436	0.00169877
3672.961102512	3793.460602282	-0.0518209	0.594294	0.572553	0.00650031	0.00355012	0.00212459
3686.080844032	3798.357351955	-0.0546034	0.61627	0.590858	0.00567428	0.0034758	0.00209105
3690.968014363	3795.592207622	-0.0553671	0.648418	0.575368	0.00541765	0.00330631	0.00207066
3676.264237939	3795.323162151	-0.0590386	0.690404	0.578847	0.00489324	0.00354839	0.00219118
3705.723244356	3794.49811651	-0.067521	0.647344	0.574751	0.00573392	0.00306276	0.00209343
3705.295077149	3801.349210853	-0.0542804	0.704756	0.548753	0.00620807	0.00323412	0.0019683
3696.845665914	3799.004526385	-0.0567558	0.713348	0.632448	0.0068211	0.00285728	0.00192948
3700.46211683	3795.965452246	-0.0655533	0.707977	0.668853	0.00649923	0.00275432	0.00180589
3690.927586558	3796.962467193	-0.0574275	0.648075	0.604522	0.00564237	0.00332323	0.00175548
3704.399233744	3798.080979981	-0.0572465	0.609609	0.600409	0.00626702	0.00274114	0.00180265
3715.34138668	3797.644646026	-0.0519415	0.619696	0.594695	0.00616781	0.00296029	0.00175589
3699.082058579	3791.666830135	-0.0621395	0.651999	0.57712	0.00538429	0.00307057	0.0021446
3698.747610375	3793.0136856	-0.0573364	0.638444	0.595478	0.00534991	0.00316173	0.00199428
3696.919171014	3790.220659852	-0.0539664	0.706018	0.60032	0.00578164	0.00323071	0.00215804
3692.521728412	3795.053302624	-0.0502827	0.730197	0.627991	0.00537312	0.00335538	0.00206148
3684.487620992	3788.430347443	-0.0612862	0.658493	0.602695	0.00602673	0.00276634	0.00187646
3692.028325429	3789.240333051	-0.0600005	0.671762	0.575956	0.00476632	0.00318916	0.00206036
3710.389899387	3788.562428011	-0.0662934	0.665065	0.585289	0.00475376	0.00296054	0.0020068
3690.69788312	3792.694575692	-0.0611439	0.696845	0.554394	0.00354665	0.00296895	0.00206686
3699.586487327	3801.065308862	-0.0636023	0.705491	0.635761	0.00368777	0.0030759	0.00172539
3689.100066011	3793.795993307	-0.0748361	0.749897	0.684109	0.0031352	0.00236301	0.00196555
3691.819754708	3795.001406562	-0.0630443	0.692626	0.67685	0.0022627	0.00315048	0.00217337
3698.924022614	3792.975628487	-0.0603119	0.644165	0.643058	0.00315818	0.00289629	0.00200463
3700.180959823	3798.351246536	-0.0626195	0.668794	0.576665	0.0021411	0.00271446	0.00223185
3708.044167886	3794.563240981	-0.0542042	0.664755	0.591359	0.0024443	0.00308054	0.00211341
3694.872972796	3794.3377475	-0.0729402	0.739796	0.639973	0.00206097	0.00247851	0.00215212
3694.092899923	3794.845311345	-0.0541436	0.741764	0.637586	0.00149971	0.00292087	0.0020854
3700.342671043	3798.288767747	-0.0554244	0.69635	0.633498	0.000576337	0.00274924	0.0021195
3692.800128978	3800.031457886	-0.0545801	0.679049	0.570917	0.00116627	0.00294575	0.00204001
3702.949345648	3801.635147983	-0.0577584	0.682695	0.585011	8.19138e-05	0.00276107	0.00218729
3711.610084046	3798.586101659	-0.0621372	0.681631	0.560378	0.000401653	0.00252019	0.00215383
3707.728095957	3802.210685495	-0.0603591	0.726461	0.59657	0.00043952	0.00296748	0.00213928
3700.578806176	3808.614049101	-0.0448769	0.736031	0.648069	-0.000163681	0.00305804	0.00223994
3711.404269766	3804.614185501	-0.0587537	0.706182	0.66441	-0.000398905	0.00278289	0.00220828
3700.044056574	3803.363795659	-0.0541108	0.66193	0.592821	-0.000240804	0.00299361	0.00205614
3717.299378779	3806.56384935	-0.0489638	0.631689	0.585499	0.000791733	0.00278438	0.0021396
3712.199043659	3801.74667364	-0.0691944	0.675692	0.569339	0.000672329	0.00230273	0.00210528
3698.8762443	3806.408975217	-0.0440302	0.712924	0.606874	-0.000368097	0.00276177	0.00201293
3712.857833117	3803.045703321	-0.0491425	0.74042	0.629385	0.000434958	0.00233065	0.00210649
3707.819977331	3806.46087128	-0.047538	0.747335	0.600578	4.65553e-05	0.00259269	0.00198395
3713.114182153	3809.274248425	-0.0488484	0.670829	0.564605	0.000781659	0.00292496	0.00208979
3720.010798152	3803.876650868	-0.058429	0.679973	0.577692	0.000201465	0.00212734	0.00202811
3710.999072903	3806.201797994	-0.0535625	0.724159	0.552	0.000160308	0.00267257	0.00208883
3727.652572102	3807.084234575	-0.0435912	0.722712	0.63681	-0.000298675	0.00263977	0.00193174
3724.807005921	3804.895848838	-0.0412002	0.726709	0.60951	-0.000177575	0.00298572	0.00174908
3722.855445519	3806.445811246	-0.0448463	0.668938	0.586741	-0.000696843	0.00251283	0.00168723
3720.430696035	3806.168218189	-0.0521506	0.665881	0.545538	-0.000228208	0.00210916	0.00184951
3711.873783592	3807.488616837	-0.0566588	0.693485	0.518889	1.17046e-05	0.00251843	0.00229095
3722.883009931	3805.927054132	-0.0465794	0.728954	0.603751	-0.00035542	0.00257695	0.00211182
3721.810754286	3802.501099933	-0.0451831	0.753283	0.656086	-0.000841053	0.00268735	0.00188938
3717.909471108	3804.715128431	-0.0584073	0.714672	0.6339	-0.00106547	0.00301995	0.00207338
3702.659000504	3804.136945237	-0.0566689	0.671536	0.583822	9.46341e-05	0.00290165	0.00217853
3694.05063449	3805.48420773	-0.0530862	0.688846	0.537975	-0.000132356	0.00274384	0.00216512
3708.385966601	3804.962804934	-0.0551305	0.741558	0.600562	0.000549617	0.00237913	0.00194717
3703.335247423	3803.224185074	-0.0552364	0.736625	0.620225	-0.00112891	0.00279585	0.0020139
3704.401990185	3802.961041509	-0.0509461	0.695368	0.613858	-0.000314029	0.00277932	0.00199448
3714.676165526	3799.223100391	-0.0560195	0.685865	0.573722	-0.000441217	0.00291427	0.00213122
3707.29992875	3801.746470126	-0.066453	0.657702	0.585455	-0.000387871	0.00263562	0.00218843
3726.467302366	3805.51595591	-0.0699514	0.685771	0.575163	-1.70146e-05	0.00236168	0.0019276
3739.060563608	3806.966196472	-0.058223	0.697165	0.570917	0.000958081	0.00294733	0.00218835
3701.189817319	3808.44391142	-0.0521868	0.775574	0.645811	-0.000326788	0.00270771	0.00189037
3700.98400304	3806.770009003	-0.0578791	0.698579	0.656244	-0.000814559	0.00293902	0.00213945
3702.916268353	3802.022028043	-0.0472702	0.704559	0.564122	-0.000102415	0.00296107	0.00183935
3688.616769979	3796.240603135	-0.0718969	0.686934	0.550246	-0.000508891	0.00244366	0.00195673
3692.154202913	3802.059678128	-0.0666584	0.702687	0.535791	-0.000485902	0.00201778	0.00199136
3701.459029748	3796.946593103	-0.0685422	0.709351	0.525608	-0.000890709	0.00207791	0.00208314
3697.413492811	3798.581420838	-0.0615749	0.717113	0.607526	-0.00135057	0.00249339	0.00225026
3701.025349658	3796.330149283	-0.0658864	0.774917	0.623941	-0.00185344	0.00291669	0.00213355
3699.260308447	3797.596006187	-0.0682318	0.711165	0.613502	-0.00142598	0.00279092	0.00225231
3699.946662317	3799.38448697	-0.0684327	0.658078	0.573109	-0.000948325	0.00239094	0.00228538
3695.34708069	3800.677614746	-0.0700471	0.666073	0.574126	-0.000705828	0.00274967	0.00242826
3708.117672986	3802.017347222	-0.0617385	0.677462	0.569896	-0.000615498	0.00230825	0.00212288
3727.625007689	3796.352128792	-0.0601909	0.730915	0.61486	-0.000153762	0.00246933	0.00199284
3703.221314518	3793.272148344	-0.0547558	0.755814	0.623525	-0.00122514	0.00258223	0.00208043
3696.10693966	3799.39832592	-0.0548669	0.705131	0.612838	-0.00085734	0.00272903	0.00222776
3700.029355554	3798.757053395	-0.0658495	0.707156	0.591039	-0.000781183	0.00240959	0.0021863
3683.731437276	3801.845377916	-0.0627566	0.688973	0.53361	-0.000729584	0.00279319	0.0021823
3702.543229971	3797.842461607	-0.0658952	0.708786	0.576848	-0.0012865	0.00269869	0.0021316
3686.983119134	3794.987771126	-0.0604961	0.767671	0.648255	-0.00215696	0.00234708	0.00210045
3693.293531961	3791.944219679	-0.0587062	0.715249	0.62785	-0.00205238	0.00284957	0.00239211
3696.869555072	3792.547028063	-0.0542868	0.678973	0.581333	-0.000902641	0.00269494	0.0021831
3680.977752471	3789.916202951	-0.0661727	0.685986	0.533899	-0.00107638	0.00225264	0.00209597
3702.108631068	3806.376005954	-0.0541641	0.763233	0.587449	0.0006659	0.00259567	0.00196379
3706.780798981	3804.339848667	-0.0604173	0.819999	0.721955	0.00219939	0.00308332	0.00223963
3692.660469288	3806.011308917	-0.039357	0.782288	0.817732	0.00304563	0.00340095	0.00188117
3681.944344535	3805.155532666	-0.0483537	0.729281	0.777385	0.00222676	0.0036054	0.00225671
3700.24160153	3804.267601207	-0.0395288	0.635353	0.660023	0.00258117	0.00334633	0.0020045
3694.890430257	3804.441605653	-0.0456602	0.668712	0.579642	0.00211476	0.00336328	0.00200701
3707.008664791	3805.924204937	-0.0473246	0.702168	0.578362	0.00223801	0.00311769	0.00214457
3714.690866546	3805.943131736	-0.0495658	0.773528	0.538387	0.00128821	0.00290122	0.00219657
3701.897303906	3806.097802355	-0.0446019	0.829969	0.571315	0.00110461	0.0029493	0.00189082
3712.781571576	3812.678223116	-0.051926	0.8028	0.58799	0.00115368	0.0025456	0.00188026
3708.061625347	3821.068493627	-0.0420845	0.750908	0.584909	0.00129343	0.00310815	0.00195494
3736.147924024	3820.791511111	-0.0427779	0.667679	0.557975	0.0069476	0.00282407	0.00193851
3719.056150667	3819.547023174	-0.0368047	0.707846	0.521703	0.00689421	0.00277573	0.00204118
3720.840486967	3815.817629643	-0.0480253	0.683013	0.538335	0.00652517	0.00296607	0.00212942
3722.591745973	3814.902020284	-0.0389075	0.634982	0.509885	0.00615667	0.00306241	0.00211928
3721.117968719	3813.01870199	-0.0474626	0.632226	0.504769	0.00651232	0.00297671	0.00203377
3721.5911578	3815.374172699	-0.0437084	0.719936	0.537295	0.0061923	0.00315641	0.00213591
3733.206801214	3816.554146707	-0.0381823	0.734568	0.594215	0.00620325	0.00312265	0.0022318
3740.365279132	3814.492957201	-0.0415998	0.727076	0.561946	0.0067099	0.00304625	0.0021749
3735.168468568	3814.666554619	-0.0624528	0.745268	0.527527	0.00663134	0.00245568	0.00226309
3738.064569504	3804.654684781	-0.0563105	0.705336	0.550772	0.0076144	0.0025229	0.00197492
3724.640700633	3811.131923959	-0.043943	0.691455	0.536095	0.00771433	0.00292927	0.0019444
3692.011786781	3806.101262092	-0.0463231	0.77832	0.551304	0.00713635	0.00284755	0.00207429
3713.088455368	3801.575314876	-0.0564076	0.745475	0.607764	0.00654671	0.00276455	0.00194322
3676.03177806	3800.361761062	-0.0495961	0.716552	0.567955	0.00513551	0.00312511	0.00203265
3697.842578832	3801.589967881	-0.0604321	0.683751	0.572796	0.00516182	0.00288018	0.00235143
3670.639260168	3792.819329757	-0.0564899	0.694155	0.550485	0.00502543	0.00317665	0.00220569
3685.996313167	3806.37580244	-0.0656639	0.769558	0.666957	0.00604328	0.00284263	0.00218609
3664.544768572	3800.851212164	-0.0584899	0.760871	0.826139	0.00658377	0.00316513	0.00207546
3665.543519117	3796.920339801	-0.0649551	0.822375	0.906004	0.00747909	0.00379822	0.00213895
3664.570495357	3801.043939895	-0.0482278	0.668991	0.750443	0.00716315	0.00427891	0.00207604
3667.452814087	3795.38462337	-0.0627325	0.722502	0.688387	0.00689707	0.00373338	0.00194765
3677.646133817	3791.813970737	-0.0472488	0.676455	0.630577	0.00655598	0.00387774	0.00195714
3687.164125442	3789.267807437	-0.056773	0.742767	0.643919	0.00626208	0.00314092	0.00190735
3685.179487745	3793.628501309	-0.0615796	0.749296	0.581791	0.00613898	0.00319528	0.00223444
3695.540031577	3792.532782085	-0.0511198	0.805435	0.580101	0.00557121	0.00329327	0.00227502
3711.938100554	3796.362100976	-0.0564266	0.742382	0.582126	0.0059776	0.00304194	0.00210137
3691.78851504	3803.308643372	-0.0634765	0.791829	0.614858	0.00537119	0.0030268	0.00214447
3709.24597627	3800.899444976	-0.0605455	0.695048	0.610105	0.00586194	0.0025448	0.00178241
3711.933506485	3826.166722132	-0.0545621	0.720773	0.783376	0.00633397	0.00319151	0.00192621
3720.594244883	3812.605975656	-0.0664295	0.620476	0.911406	0.00643169	0.00273001	0.00199613
3688.059968847	3810.583657319	-0.05498	0.705596	0.8407	0.0061929	0.00323614	0.00208749
3696.909064063	3805.392219415	-0.0610556	0.749776	0.834308	0.00616474	0.00272115	0.00193721
3688.686599824	3803.243315388	-0.0479096	0.810991	0.840518	0.00558694	0.00320388	0.00214642
3711.625703879	3804.034781224	-0.0619466	0.791836	0.777664	0.00582671	0.00275685	0.00217551
3704.039058755	3810.093595675	-0.0627677	0.81058	0.692096	0.00565365	0.00263197	0.00209702
3732.525960226	3816.016869821	-0.0711182	0.815948	0.6593	0.00541609	0.00243677	0.00214956
3720.386592975	3811.5126986	-0.0532822	0.813927	0.604204	0.00526721	0.00315062	0.00222448
3710.117930517	3812.304774978	-0.0716897	0.801723	0.633495	0.00464124	0.00298843	0.00232695
3711.305037881	3805.244671785	-0.0679305	0.77568	0.666636	0.00242342	0.00299444	0.00197612
3691.537678887	3810.767226921	-0.0574176	0.726515	0.64536	-2.07757e-05	0.00269716	0.00189186
3692.487732303	3804.676460776	-0.0583183	0.702843	0.653486	0.000772949	0.00274808	0.00191592
3702.516584373	3802.003508272	-0.0677681	0.685806	0.640412	0.00147527	0.00306072	0.00197845
3676.115390112	3806.650749816	-0.0653998	0.725632	0.643365	0.000794169	0.00283412	0.0021346
3676.345093549	3795.644510712	-0.0791997	0.737486	0.677637	0.0010023	0.0026408	0.0020438
3670.772488162	3806.064629577	-0.0665737	0.762767	0.734175	0.00133078	0.00313582	0.00208184
3693.434110465	3798.582845436	-0.0795933	0.746254	0.708442	0.00149207	0.00282718	0.00231931
3669.797626774	3797.213196406	-0.0567763	0.744246	0.638747	0.000345569	0.00290588	0.00200274
3706.224916663	3795.847414142	-0.0724454	0.731134	0.639869	0.00038774	0.00291984	0.00204721
3692.382987536	3787.204379278	-0.0719761	0.747878	0.584437	-0.000118501	0.00309644	0.00233899
3705.4521943	3794.353214562	-0.0652533	0.745653	0.61199	-8.33904e-05	0.00301199	0.00257482
3685.521286459	3791.141764088	-0.0634974	0.766715	0.64323	-0.000719077	0.00255121	0.00239966
3696.710600293	3800.643017371	-0.0582476	0.787341	0.691196	-0.00192665	0.00311311	0.00222158
3684.398496058	3796.512904829	-0.0623638	0.725681	0.686463	-0.0021187	0.00274911	0.00221928
3697.134173432	3793.395274297	-0.0698234	0.676305	0.631445	-0.00204846	0.00271834	0.0022691
3709.40768749	3797.287275492	-0.0636424	0.67462	0.643433	-0.00121067	0.00291649	0.00239639
3722.63768666	3791.706311846	-0.0705617	0.72026	0.621943	-0.000158469	0.00224893	0.00240877
3699.569029866	3796.144341027	-0.065855	0.78655	0.622766	-8.70851e-06	0.00250066	0.00202452
3711.690939656	3799.858674524	-0.0605924	0.784911	0.70754	-1.31848e-05	0.00230886	0.00214686
3701.630847919	3792.974000376	-0.050185	0.805008	0.710453	-6.99978e-05	0.00232681	0.0019384
3705.204114588	3795.625176885	-0.0548197	0.74146	0.642265	-0.000219839	0.00248084	0.00209937
3710.245645629	3791.458838856	-0.0615697	0.706265	0.600111	0.00083204	0.00244274	0.00237956
3699.620483436	3799.035664023	-0.0630698	0.743289	0.594584	-7.06631e-05	0.0025049	0.00241909
3726.308347587	3800.915726093	-0.0580997	0.780067	0.688391	-0.000273902	0.00258088	0.00250699
3706.68983642	3802.056625419	-0.0694912	0.836941	0.706552	-0.000908949	0.00202395	0.00213863
3718.405630533	3806.489363236	-0.0640219	0.758155	0.716004	0.000278748	0.00264199	0.00225182
3718.695056864	3808.778895418	-0.0693045	0.73863	0.604444	-0.000497489	0.00237338	0.00236912
3716.935528534	3811.219027939	-0.0535907	0.714098	0.59198	-0.000281891	0.00247987	0.00244124
3727.174788952	3807.996384197	-0.0604201	0.777503	0.594352	-0.000247741	0.00205376	0.00222339
3719.810496755	3809.662960111	-0.0425688	0.828564	0.685744	-0.000332482	0.00275919	0.00207328
3708.326243707	3807.159127717	-0.0457317	0.835538	0.712831	-0.00077745	0.00242331	0.00219296
3694.807737019	3812.922032854	-0.0642676	0.727638	0.647746	-0.000467413	0.00257231	0.00224499
3701.197167829	3814.089185481	-0.0480892	0.709635	0.589089	-0.00012094	0.00264533	0.00236341
3717.911308736	3810.84965008	-0.0578483	0.735189	0.569406	0.000369307	0.00245556	0.00237906
3727.832659596	3817.235104456	-0.0517528	0.760093	0.541684	0.00140033	0.00286043	0.00233963
3718.899033516	3817.574972789	-0.0504974	0.862452	0.65199	-0.000565705	0.00254658	0.00231667
3703.808436504	3814.702373078	-0.0619328	0.813156	0.720173	-0.000208639	0.00243432	0.00213654
3704.601372769	3812.039392758	-0.0594261	0.759998	0.619521	-0.000492282	0.00243827	0.00218115
3705.109476772	3812.475726714	-0.0581149	0.725437	0.581174	0.000115456	0.00248426	0.00235719
3704.156666915	3810.661399656	-0.066007	0.743335	0.565023	-0.000779429	0.00255615	0.00237628
3707.561790668	3810.581825693	-0.0560488	0.783114	0.651044	-0.000932517	0.00261587	0.00225062
3703.492364574	3806.442758537	-0.0426539	0.82534	0.675556	-0.000940226	0.00225898	0.00207873
3713.853827221	3803.063409037	-0.0610397	0.777485	0.657714	-0.000573144	0.00252248	0.00203884
3737.640077552	3816.493906571	-0.0518548	0.729527	0.563533	0.000907913	0.00182259	0.00220895
3699.175777582	3817.053366479	-0.0556675	0.75755	0.56009	0.00248005	0.00186319	0.00266444
3721.355022667	3808.366169083	-0.0646729	0.759807	0.567675	0.00332631	0.00146152	0.00250316
3717.453739489	3810.827467057	-0.0549161	0.853782	0.62405	0.00391836	0.00208543	0.00240892
3703.474907113	3817.163467538	-0.049735	0.83613	0.709901	0.00359402	0.00212177	0.00226173
3690.875214174	3808.902835427	-0.0591555	0.817958	0.633556	0.00289655	0.00248008	0.00215833
3703.279199784	3811.884315112	-0.0566301	0.758983	0.614841	0.00316739	0.00245383	0.002414
3718.63533397	3806.880313576	-0.0605838	0.751876	0.569602	0.00313686	0.00197866	0.00207396
3695.346161876	3806.050790627	-0.0633352	0.811194	0.584617	0.00222767	0.00188889	0.0024896
3710.687595042	3808.093663875	-0.074139	0.802291	0.657206	0.00231836	0.00164554	0.00212948
3702.737099672	3804.800807813	-0.0514876	0.805672	0.701303	0.0045963	0.00214679	0.00207599
3678.689906236	3809.799925014	-0.0638055	0.788449	0.679662	0.00304177	0.00227282	0.00235775
3694.044202794	3803.804606922	-0.0709843	0.722463	0.643776	0.00328667	0.00165531	0.00200929
3671.227300967	3799.530610002	-0.0670866	0.747529	0.583973	0.00290899	0.00206135	0.00229532
3683.556862664	3811.017345593	-0.0739289	0.807362	0.710409	0.00357391	0.00213206	0.0022126
3675.582478137	3809.696132888	-0.0602491	0.833014	0.839142	0.0044606	0.0026596	0.00213423
3675.95092245	3808.277436992	-0.0609145	0.866965	1.02128	0.0074347	0.0028638	0.00175353
3685.660027335	3805.42681679	-0.0410035	0.841474	1.16793	0.0103766	0.00300907	0.00122593
3679.569210994	3812.689009356	-0.012493	0.860342	1.35079	0.0123598	0.00347498	0.00111735
3671.35777252	3801.744027958	-0.021692	0.756264	1.44188	0.012313	0.0035796	0.00118128
3656.557520652	3805.081250066	-0.0317082	0.847031	1.3065	0.0120974	0.00291365	0.00132049
3685.054529075	3815.057097931	-0.0428837	0.872257	1.02186	0.011512	0.00324971	0.00226024
3682.691340112	3807.772518828	-0.0723947	0.945469	0.831624	0.00897272	0.00354795	0.00332748
3697.945485972	3812.108383995	-0.0656573	0.924862	0.650674	0.00679132	0.00292173	0.0029071
3682.45061091	3803.517652221	-0.0617866	0.970958	0.648944	0.00685178	0.00272872	0.00253305
3689.151519581	3801.131450903	-0.0588582	0.916617	0.730371	0.00746242	0.00257517	0.00221576
3682.654587563	3810.925153763	-0.0563488	0.88986	0.741288	0.0071874	0.00298022	0.00243394
3701.430546522	3818.374579183	-0.0504502	0.72995	0.685457	0.00754382	0.0025023	0.00206508
3681.005316883	3819.661194513	-0.0518985	0.732005	0.654444	0.00712344	0.00271959	0.00235481
3716.273982635	3812.064017949	-0.0672493	0.69778	0.64075	0.00743659	0.00232099	0.00249079
3692.394932115	3815.664180108	-0.0521524	0.730417	0.630909	0.00743673	0.00308473	0.00235798
3698.275340108	3816.608891965	-0.0513716	0.80315	0.737999	0.00909886	0.00279521	0.00240578
3696.704168597	3818.541053612	-0.0419692	0.907991	0.841093	0.0101407	0.00320421	0.00222104
3689.718427664	3818.575447474	-0.0463149	0.974551	0.975828	0.0108944	0.00259264	0.00185217
3688.943867674	3815.633653013	-0.035927	0.902788	1.01121	0.0114382	0.00256571	0.00172464
3661.5861883	3807.977660911	-0.0434204	0.93356	1.03743	0.0114476	0.00230453	0.00158699
3683.867421711	3812.253489457	-0.037782	0.893032	1.06932	0.0127999	0.00217032	0.00133559
3679.388204685	3822.719602479	-0.0355347	0.913582	1.25989	0.0138408	0.000844057	0.00173568
3688.08753326	3814.578026041	-0.0315545	0.776726	1.29639	0.0159097	0.00224548	0.00193949
3668.087714387	3807.624767684	-0.050331	0.781772	1.14686	0.013749	0.00245268	0.00161687
3663.750913492	3807.539291816	-0.0366501	0.883397	0.995087	0.0124395	0.0027858	0.00216506
3670.508788616	3809.996315997	-0.0579066	0.863893	0.907931	0.0112903	0.00269111	0.00188482
3685.224509618	3807.359385465	-0.0481484	0.882976	0.814634	0.0099623	0.00277498	0.00211857
3663.540505144	3800.296840105	-0.0558185	0.968168	0.74442	0.00802157	0.00230218	0.00190399
3686.006420119	3789.322756209	-0.060971	0.917196	0.745701	0.00825694	0.0023958	0.00186953
3672.623897866	3794.0041881	-0.0477361	0.903028	0.716795	0.00788342	0.00285963	0.00239207
3671.238326732	3791.485702701	-0.0611215	0.884628	0.733437	0.0077064	0.00227648	0.00229068
3671.16665926	3789.681144313	-0.0729335	0.765073	0.726127	0.00795068	0.00227532	0.00214941
3675.293051806	3794.961110795	-0.0696306	0.811637	0.699055	0.00807638	0.00188045	0.00195568
3673.794466582	3793.052556769	-0.0719908	0.686893	0.698073	0.00828373	0.00196197	0.00191702
3681.103629954	3794.971897036	-0.0726805	0.672715	0.714959	0.00800378	0.00214731	0.00208936
3678.346269894	3788.292364971	-0.0763215	0.666533	0.701454	0.00854394	0.00143373	0.00215527
3676.006970089	3786.006089013	-0.0639103	0.748294	0.712845	0.00834336	0.0018846	0.00226943
3688.768374248	3783.700886255	-0.0759536	0.751542	0.703338	0.00866854	0.00148552	0.00189039
3657.692255632	3785.456601289	-0.0625236	0.852864	0.710635	0.00804928	0.00185383	0.00220343
3688.149093781	3783.015858226	-0.0694964	0.872656	0.708853	0.00870779	0.00157841	0.00204434
3664.073417118	3790.401787287	-0.0622326	0.888664	0.714847	0.00839774	0.00186702	0.0019607
3705.550507372	3790.462637965	-0.0784667	0.848578	0.715518	0.0088955	0.00182156	0.00207651
3670.88733988	3794.050589286	-0.0769105	0.838968	0.697275	0.00783229	0.00196477	0.00208995
3706.286477184	3796.826316346	-0.0841857	0.793923	0.7199	0.00794421	0.00131202	0.00198117
3678.281952931	3794.390254105	-0.0712107	0.755292	0.694788	0.00769544	0.00218314	0.00217891
3697.362039241	3799.940690655	-0.0850902	0.766973	0.737869	0.0073786	0.00154256	0.00214934
3681.276366939	3796.272351315	-0.0654039	0.729603	0.734411	0.00805597	0.00181673	0.00210706
3682.586595345	3803.046517377	-0.0746594	0.801546	0.732674	0.00771822	0.00160903	0.00235217
3672.9068925	3795.539497503	-0.0690013	0.749525	0.737101	0.00794939	0.00198395	0.00214711
3681.338846274	3813.026435521	-0.0789174	0.870344	0.79107	0.00776093	0.00203072	0.00224376
3679.647310162	3794.402464943	-0.0779272	0.876059	0.823177	0.00748759	0.00194328	0.00211275
3680.669031051	3798.260072277	-0.0729342	0.808486	0.763922	0.00688809	0.00240932	0.0021896
3680.136119077	3800.519687904	-0.0773378	0.814476	0.749406	0.00739799	0.00214007	0.00222194
3682.342190888	3799.858267496	-0.0699534	0.802225	0.715181	0.00701463	0.00249229	0.00243749
3688.274052451	3791.986347071	-0.0753685	0.80627	0.713102	0.00723866	0.0022106	0.00239839
3668.278827647	3795.675241322	-0.0635302	0.822894	0.709421	0.00720027	0.00264656	0.00235746
3704.793404843	3800.546144721	-0.0576485	0.85951	0.78273	0.00736068	0.00213574	0.00215107
3684.853308864	3810.506118496	-0.0566768	0.892365	0.843583	0.00667163	0.00247424	0.00207351
3695.969117598	3802.866000484	-0.0616649	0.75304	0.846587	0.00655376	0.00233919	0.00183192
3671.732648529	3800.993671944	-0.0660506	0.725975	0.715203	0.00566435	0.00256067	0.0023742
3700.380342406	3795.600755208	-0.0659476	0.750408	0.705086	0.00470129	0.00232786	0.00271146
3688.644334392	3802.82122741	-0.0657602	0.790949	0.565819	0.00287272	0.00247646	0.00255725
3715.320253964	3805.892456757	-0.0586221	0.845642	0.646723	0.00276022	0.00246833	0.00239793
3688.121529369	3801.202680793	-0.0600029	0.950895	0.744118	0.00447167	0.00256828	0.00235755
3686.97484981	3801.581623809	-0.0617834	0.960871	0.77054	0.00459538	0.00239284	0.0023778
3683.316133462	3801.392355815	-0.0571298	0.808596	0.736479	0.00499443	0.00219811	0.00234942
3695.943390813	3799.688943872	-0.0627961	0.792358	0.6767	0.0051634	0.00205789	0.00242163
3711.629379134	3799.419694887	-0.0571133	0.73748	0.647326	0.00582894	0.00192844	0.00237648
3715.067580183	3802.524911067	-0.0618182	0.807871	0.604619	0.00513133	0.00222697	0.0025195
3708.164532487	3807.463177591	-0.0518274	0.863927	0.744641	0.00565142	0.0024302	0.00257515
3714.024726578	3804.687450531	-0.0552487	0.91556	0.789506	0.00563777	0.00234381	0.00248222
3705.684654179	3801.661197772	-0.0560605	0.836963	0.71556	0.00520989	0.00235135	0.00258658
3719.884920668	3802.485225843	-0.0714847	0.768455	0.682684	0.00562007	0.00164034	0.00237331
3719.735154027	3803.461075337	-0.0641478	0.840325	0.632998	0.00489618	0.0019291	0.00240327
3714.895762012	3802.24935315	-0.0592733	0.885291	0.707477	0.00526801	0.00201156	0.0023779
3710.80979727	3807.412095584	-0.0579001	0.915824	0.772263	0.00550788	0.00258466	0.00232553
3702.82714342	3807.317461587	-0.0495771	0.890303	0.774577	0.0050748	0.00205838	0.00219843
3703.838757357	3809.832080221	-0.0585338	0.828582	0.702043	0.00566852	0.00179998	0.0022758
3697.495267235	3808.370849905	-0.0570751	0.848765	0.673761	0.0057372	0.00195235	0.00242342
3717.758785653	3814.759967532	-0.0728164	0.808039	0.679176	0.00584465	0.00150838	0.00234174
3724.920020012	3809.664588223	-0.0540848	0.889427	0.715654	0.00635782	0.00226442	0.00227245
3720.203749039	3823.09935955	-0.0608073	0.895443	0.850451	0.00687408	0.00235078	0.00201967
3717.376559134	3827.351173447	-0.031236	0.894989	1.04019	0.0101151	0.00337172	0.00162264
3718.960594037	3826.433325435	-0.033611	0.872838	1.40157	0.0149026	0.00420341	0.00136903
3728.774443689	3836.515814621	-0.0103821	0.827186	1.7645	0.0178517	0.00345999	0.00136527
3713.999918607	3831.896658005	-0.00778783	0.820421	1.80882	0.0135663	0.00390044	0.00118226
3673.810086416	3834.75053443	-0.0195625	0.944228	1.62198	0.0130894	0.00439688	0.00138218
3690.417644927	3832.835264443	-0.0313069	1.03528	1.39408	0.0126923	0.00421414	0.00163472
3682.59762111	3822.145286051	-0.0512124	1.10192	1.18691	0.0127843	0.00393763	0.00194632
3695.817513329	3823.636636436	-0.0402584	1.03736	1.02039	0.0121978	0.00367601	0.00214141
3707.308198073	3821.281979783	-0.0546693	1.02973	0.941153	0.01307	0.00351206	0.00200545
3701.624416223	3807.843138176	-0.0392508	0.963643	0.963391	0.0126709	0.00386549	0.00176389
3671.579206633	3821.818035585	-0.0473876	0.963472	1.04317	0.011208	0.00398482	0.00176389
3680.406250319	3814.071072738	-0.0569851	0.893942	1.02384	0.0106724	0.00343092	0.00152193
3676.496697817	3818.128327278	-0.0513039	0.821912	0.949332	0.00994641	0.00388195	0.00162588
3676.522424602	3808.801892497	-0.0518603	0.791777	0.953293	0.0100741	0.00331226	0.00166558
3684.221165004	3808.684057907	-0.0586887	0.809385	0.951561	0.010747	0.00297216	0.00176695
3658.555021742	3800.368884051	-0.0511105	0.886402	0.937402	0.010444	0.00324621	0.00188152
3681.747718392	3799.657399206	-0.0612506	0.912245	0.983498	0.0105904	0.00245155	0.00162594
3673.951583733	3794.795246908	-0.0589526	0.942907	0.951966	0.010188	0.00300382	0.00186772
3673.261554607	3796.97203235	-0.0631361	0.936531	0.966434	0.0105314	0.00304256	0.00197821
3683.242628362	3795.113746274	-0.0599603	0.925176	0.954241	0.0112656	0.00324693	0.00197875
3663.366849345	3794.928752074	-0.0643718	0.936478	0.948466	0.0107242	0.00304104	0.00204214
3680.110392292	3798.875905555	-0.0802476	0.886298	0.950728	0.0108755	0.00274839	0.00184675
3670.949819215	3798.283476383	-0.0670036	0.886492	0.953142	0.0108408	0.00317488	0.00187304
3673.381919209	3795.962196022	-0.0844424	0.878785	0.96294	0.0110288	0.00273364	0.00187953
3672.750694163	3795.332116766	-0.0815407	0.837699	0.946736	0.0107472	0.00283195	0.00193525
3686.024796394	3798.216113259	-0.0764224	0.836677	0.951215	0.0106006	0.0031957	0.0020914
3686.705637381	3795.192506181	-0.067807	0.854893	0.931239	0.0112104	0.00328822	0.00235006
3663.205138126	3793.642747287	-0.0739409	0.895484	0.93961	0.0105464	0.00315714	0.00200369
3701.022593217	3794.698170744	-0.0792437	0.912898	0.966962	0.0113094	0.0025202	0.00190705
3693.086798868	3797.599058896	-0.0658174	0.928788	0.952333	0.010791	0.00350587	0.00187879
3677.402648174	3799.556456276	-0.0775049	0.904879	0.945218	0.0105048	0.00320246	0.0020686
3671.151039426	3794.778965791	-0.078994	0.926811	0.924573	0.0110837	0.00302435	0.00206077
3658.496217662	3798.464807332	-0.0800743	0.913838	0.939988	0.0106132	0.00355064	0.00264788
3677.050742508	3796.295958936	-0.0810399	0.939865	0.971031	0.0111475	0.00276356	0.00201699
3662.336859133	3798.239110337	-0.0681316	0.94017	0.993708	0.0108088	0.00286498	0.00227035
3696.701412156	3798.530338831	-0.0830103	0.845681	0.96948	0.0113436	0.00254557	0.00210261
3670.507869802	3796.655161096	-0.0745637	0.848109	0.926257	0.0116134	0.00305633	0.00219563
3692.180848511	3800.150920588	-0.0775679	0.849845	0.928123	0.0117977	0.00293553	0.00217559
3686.224178977	3795.96463819	-0.0698901	0.88988	0.921776	0.0120414	0.00333848	0.002376
3674.777597293	3802.421118942	-0.0651961	0.98181	0.964593	0.0117364	0.00290687	0.00233435
3683.084592397	3805.343783089	-0.0703799	0.989087	0.997932	0.0109252	0.00292282	0.00201168
3692.412389576	3800.153566269	-0.0709276	0.961639	0.973096	0.0111245	0.00326828	0.00220568
3704.944090297	3804.870002563	-0.0745541	0.872058	0.918775	0.0115275	0.00343879	0.00248017
3697.510887069	3800.843275119	-0.0793557	0.910361	0.891529	0.0116299	0.00296211	0.00244992
3689.838792265	3800.339171011	-0.0793788	0.937001	0.909818	0.0113806	0.00326051	0.00231174
3706.914945789	3806.708547784	-0.0693622	0.987357	1.00249	0.0111675	0.00322275	0.00234692
3678.307679716	3809.415283607	-0.0686425	0.996968	1.05011	0.010791	0.00363372	0.0026455
3698.003371238	3807.029489317	-0.0678233	0.871458	0.962701	0.0111014	0.00353986	0.00257558
3691.856507258	3802.520840788	-0.0735217	0.912366	0.883711	0.01061	0.00337008	0.0027748
3708.662529539	3804.071820766	-0.0817907	0.913118	0.889226	0.0104431	0.00362767	0.00247651
3686.238879997	3803.408568733	-0.0806993	1.00789	0.946372	0.0104741	0.0037507	0.00278713
3702.642461856	3813.395406352	-0.0705512	1.0231	1.02947	0.0101482	0.00317188	0.0027753
3692.489569931	3807.390319589	-0.0750526	0.981789	0.999074	0.00994111	0.0031292	0.00252792
3708.565135282	3808.423152995	-0.0708196	0.933509	0.916534	0.0106687	0.00344562	0.00269148
3719.018479303	3815.106958854	-0.0720851	0.883607	0.867724	0.010404	0.0030333	0.0027118
3704.722656184	3812.344663716	-0.0756362	0.960775	0.81259	0.00872312	0.00306445	0.00257084
3723.363549522	3809.432378781	-0.0663187	0.968734	0.959267	0.00894333	0.00349821	0.00251534
3700.769000622	3807.791242113	-0.0721294	1.03241	0.989234	0.00913259	0.00368035	0.00282972
3703.286550294	3809.565883946	-0.0696668	0.989651	0.963159	0.0092399	0.00318255	0.00262888
3713.979704704	3810.845172772	-0.0730941	0.942655	0.891018	0.010099	0.00327412	0.0025499
3701.72916099	3810.096241357	-0.0762589	0.950462	0.847554	0.00944204	0.00290127	0.0026817
3718.718027207	3808.737582082	-0.0753176	0.918713	0.852158	0.00983083	0.00282998	0.00289806
3717.247925209	3809.578501813	-0.0653891	0.987197	0.87313	0.00971102	0.00316447	0.00282639
3717.459252371	3814.987089125	-0.0681083	0.992715	0.978975	0.00987953	0.0033087	0.00281708
3726.168687897	3807.304029665	-0.0713165	0.960919	0.951166	0.0101143	0.0030932	0.00284211
3704.500303257	3811.480746906	-0.0636384	0.94472	0.872874	0.00977806	0.00298229	0.0027737
3721.747356137	3810.282456641	-0.0911845	0.907652	0.824823	0.00814153	0.00255375	0.00278983
3725.336242641	3810.669947243	-0.0774767	0.957214	0.77797	0.00665691	0.00218268	0.00237055
3701.338665147	3813.641658258	-0.0719448	0.979783	0.888288	0.00740137	0.00276775	0.00274645
3718.435032573	3816.405785021	-0.0669998	1.04405	0.979522	0.00839385	0.00252037	0.00237055
3688.23454346	3811.72740584	-0.0685823	0.996029	0.960438	0.00799581	0.00272722	0.00237055
3702.653487621	3812.011104316	-0.0825538	0.916908	0.899216	0.0084981	0.00231069	0.00263395
3705.134284743	3810.460938394	-0.0912029	0.938593	0.870068	0.00894656	0.00232913	0.00237721
3711.152514799	3807.172763153	-0.078379	0.929313	0.865042	0.0091204	0.00264496	0.0025084
3710.115174076	3808.693216036	-0.0853362	0.947084	0.837056	0.00854874	0.00251813	0.00265161
3709.794508078	3808.330350624	-0.0762653	0.957709	0.906588	0.00846614	0.00277516	0.00254758
3726.965299417	3809.017413793	-0.0731918	0.98865	0.972183	0.009595	0.00272414	0.00249035
3719.184784592	3811.393642926	-0.0700107	1.0072	0.978704	0.0089728	0.00295695	0.00254982
3700.791052152	3813.421252626	-0.0679397	0.951346	0.929835	0.00969288	0.00275275	0.00194092
3690.79343975	3813.845375743	-0.0661198	0.945297	0.86894	0.00848089	0.00299646	0.00247393
3699.148213169	3806.637521408	-0.0852449	0.922736	0.905423	0.00860484	0.00292148	0.00238392
3722.184711482	3805.163469711	-0.0842306	0.945174	0.856051	0.00888872	0.00305509	0.00260714
3687.907445765	3810.698846227	-0.0793029	1.02162	0.925636	0.00882345	0.0029728	0.00267974
3708.598212577	3807.493297659	-0.0818137	1.01562	0.985493	0.00910216	0.00231557	0.00257046
3705.777454368	3802.878821864	-0.074895	1.03222	0.980283	0.0086063	0.00315116	0.0024092
3692.755107104	3805.0963101	-0.0692171	0.932586	0.946168	0.00907777	0.00300176	0.00217343
3707.458883528	3806.742331103	-0.0920807	0.949513	0.937208	0.00935928	0.00215163	0.00239361
3706.835008993	3806.940757225	-0.0729903	0.915772	0.86095	0.00915074	0.00303562	0.00259744
3697.821446116	3811.134162612	-0.0818973	0.966768	0.918484	0.00943152	0.00317953	0.0024263
3698.180702292	3809.617576495	-0.0870571	1.02373	0.981962	0.00937054	0.00226256	0.00233548
3689.922404316	3802.901411915	-0.0628676	1.00141	0.906702	0.00904201	0.00312522	0.00279864
3693.689540687	3808.788664088	-0.0680297	0.935458	0.859717	0.00922754	0.00307705	0.00273334
3699.031523823	3794.885403598	-0.066735	0.962014	0.892029	0.00954554	0.00263055	0.00244208
3681.432565276	3799.433940865	-0.0747522	0.959268	0.86743	0.00915876	0.0029682	0.0026589
3687.24681868	3802.120528806	-0.0769225	0.992181	0.963887	0.00959363	0.0021752	0.00241638
3691.191286104	3799.4023962	-0.0738401	1.03327	0.98195	0.00899041	0.00248421	0.00251095
3688.541427252	3798.120258178	-0.0631218	0.969085	0.961613	0.0083736	0.00301387	0.00252128
3688.297941608	3799.842393406	-0.0774234	0.959384	0.892368	0.00795701	0.00276036	0.00279353
3694.56517019	3797.878076552	-0.0823984	0.947655	0.848384	0.00791988	0.00273877	0.00277335
3685.939346715	3795.115170872	-0.0912363	0.986312	0.835365	0.00752376	0.00250332	0.00272343
3685.126196547	3807.075483475	-0.0820167	1.03801	0.96058	0.00800025	0.00293346	0.00274868
3700.689063826	3802.921559798	-0.0878234	0.982552	0.970996	0.0080624	0.0023757	0.00262498
3688.055374779	3801.080368896	-0.0819303	0.962539	0.916036	0.00732955	0.00309378	0.00289379
3703.854377191	3805.539767044	-0.0893195	0.940153	0.873182	0.00726828	0.00269542	0.00319925
3698.612544754	3804.797348075	-0.0921417	0.942162	0.815795	0.00707606	0.00320516	0.00300481
3693.096905819	3808.996655368	-0.0845046	0.959376	0.896752	0.00752164	0.00302251	0.00306011
3717.154206207	3811.331367651	-0.0909736	1.022	0.985384	0.00847606	0.00226501	0.00281037
3683.933576301	3810.671778869	-0.069889	1.01561	0.967314	0.00801652	0.0029124	0.00274663
3707.526875746	3807.176629919	-0.0808663	0.941199	0.889294	0.00730654	0.0033404	0.0027923
3709.256083221	3805.258307221	-0.0843202	0.944415	0.848475	0.00749752	0.00294461	0.00296387
3712.438854047	3804.340255695	-0.0800702	0.94143	0.856602	0.00725695	0.00307524	0.00300406
3708.198528596	3807.52463881	-0.0653378	1.0114	0.888374	0.0075938	0.00338607	0.00270261
3713.312645922	3817.490310976	-0.0758001	0.978765	0.945879	0.00662891	0.00332959	0.0026824
3712.408533193	3812.292767653	-0.0727474	0.962938	0.849264	0.00653133	0.00352645	0.00315862
3697.997858356	3812.218688568	-0.0848564	0.983228	0.923075	0.00712889	0.0032054	0.00292787
3720.712771856	3807.163197996	-0.0985702	0.949322	0.902584	0.00805855	0.00290519	0.00320469
3737.769630291	3804.390930674	-0.0817102	0.937898	0.909745	0.00908701	0.00333854	0.00303168
3704.730006694	3806.935669376	-0.0807076	1.04157	0.965229	0.00782986	0.00304498	0.00302081
3695.269900335	3803.230901035	-0.0858653	0.939149	0.926321	0.00762187	0.00277071	0.00284467
3682.981685257	3811.605500971	-0.0857368	0.96381	0.855442	0.00745691	0.00275656	0.00272601
3693.953240233	3802.43740006	-0.0971574	0.95837	0.870553	0.00761366	0.00286762	0.00270412
3695.204664559	3808.429868956	-0.0836052	0.988835	0.938634	0.00761457	0.00318402	0.00268998
3691.758194187	3810.54885643	-0.0818859	1.00941	0.996562	0.00728156	0.0032998	0.00297806
3686.440100208	3803.004797013	-0.083417	0.978961	0.947492	0.00654192	0.00315594	0.00278346
3709.483030217	3805.735343971	-0.0840736	0.924196	0.932178	0.00677307	0.00295255	0.00305089
3694.599166298	3807.742805788	-0.0876369	0.945318	0.947501	0.00747446	0.00292724	0.00307226
3726.25505639	3823.671844353	-0.0811528	0.954061	1.04731	0.00835641	0.0029373	0.002962
3722.172766903	3810.663231282	-0.0909838	0.987932	1.04272	0.00872394	0.00258343	0.0027182
3701.685976744	3810.856162527	-0.070566	1.08561	0.992792	0.00835728	0.00306598	0.00256406
3694.073604834	3804.550689142	-0.069687	1.01171	1.00624	0.0081286	0.00313301	0.00263928
3701.847687964	3808.549128144	-0.0881466	0.983415	0.959535	0.00841828	0.0026333	0.00255765
3691.390668687	3805.997876995	-0.0778964	0.98517	0.874162	0.00782596	0.0031138	0.00248271
3708.836185338	3805.388556163	-0.0829832	1.00032	0.959039	0.00875346	0.0030257	0.00276805
3702.05258343	3803.432176353	-0.0757746	1.02409	1.01094	0.00836543	0.00306999	0.00257867
3692.741324898	3806.889878733	-0.0748938	1.05633	1.03458	0.00774788	0.0032646	0.00262491
3693.889842084	3803.465145617	-0.0936896	0.962494	0.991098	0.00875661	0.00294799	0.0024621
3699.604863602	3799.450629011	-0.0913024	0.948232	0.95169	0.00833713	0.00329332	0.00286433
3693.169492105	3801.900733716	-0.0857614	0.943856	0.927255	0.00849613	0.0030788	0.00300976
3716.370458079	3798.8838426	-0.0878063	1.00924	0.996291	0.00930208	0.00262518	0.00299924
3697.926190883	3804.416980462	-0.0797933	1.05228	1.00012	0.0077394	0.00334369	0.00265383
3694.455831354	3808.979763708	-0.0766888	1.02598	1.04953	0.00738913	0.00284593	0.00266011
3685.630625295	3798.754000686	-0.0762717	0.987525	0.940892	0.0072873	0.0026353	0.00235059
3707.125354137	3800.809695314	-0.0795688	0.948919	0.909729	0.00703211	0.0028866	0.0029612
3701.634523174	3803.098820468	-0.0904153	1.00042	0.869084	0.00737466	0.00220366	0.00279529
3699.590162582	3807.08240295	-0.08144	1.0202	0.934433	0.00697822	0.00315136	0.0027923
3715.954235451	3808.481154477	-0.0748963	1.03164	1.01723	0.00713554	0.00270182	0.00272176
3676.889031288	3802.123581515	-0.0934837	1.0106	0.986484	0.00679821	0.0028295	0.00277213
3707.896238873	3804.08891594	-0.083656	0.931289	0.954075	0.00703164	0.00319461	0.00304604
3704.428635784	3808.194403291	-0.0800861	0.973979	0.866232	0.0067286	0.00318064	0.00308411
3694.189375366	3809.618594065	-0.0781333	1.0071	0.919564	0.0067859	0.00301537	0.00298331
3715.468182977	3811.324855204	-0.0787194	1.00626	0.999954	0.00741208	0.00247428	0.00261049
3703.599865783	3806.570361797	-0.0721973	1.04909	1.00233	0.00761164	0.00328794	0.00264221
3695.818432143	3807.323159978	-0.07993	0.978983	1.00057	0.00742392	0.00281683	0.00249806
3699.185884533	3812.415486578	-0.0736724	0.986905	0.912711	0.00769876	0.00287378	0.00261346
3692.401363811	3810.581825693	-0.077931	1.01557	0.880182	0.00717809	0.00291543	0.00274601
3712.962577884	3812.721775106	-0.0878435	0.976856	0.872676	0.00701021	0.00218991	0.0027074
3714.006350303	3806.768991433	-0.0761321	1.0413	0.932668	0.00753702	0.00316052	0.00273153
3702.269423474	3816.317866985	-0.070959	1.02651	0.973387	0.00454506	0.00300915	0.00226166
3699.37883542	3810.860029292	-0.0713829	0.973681	0.954951	0.0036679	0.00290468	0.00240997
3692.042107635	3813.175204234	-0.0724383	0.968177	0.936291	0.00501846	0.00276566	0.00248748
3705.938246774	3813.503065243	-0.091958	0.956482	0.949732	0.00589832	0.00273386	0.00242854
3706.001644922	3809.846529713	-0.083814	0.94936	0.951049	0.00685411	0.00267175	0.00241302
3689.027479725	3811.808607915	-0.0729577	1.01881	0.994032	0.00612689	0.00289839	0.00238325
3696.48916618	3811.38407777	-0.0794822	1.02962	1.05086	0.00628222	0.00287913	0.00237953
3699.634265642	3806.779981188	-0.071139	1.00883	1.01511	0.00648374	0.00276272	0.00245956
3694.60192274	3807.438145372	-0.0676595	0.962401	0.978648	0.00654897	0.00316044	0.0025469
3699.427532549	3800.513175457	-0.074852	0.932059	0.980595	0.00700915	0.00273456	0.00236544
3705.020351838	3801.055743706	-0.0731591	0.977738	0.934163	0.00671749	0.00294491	0.00249202
3684.033727	3802.943132279	-0.0590874	1.06124	0.976143	0.00625237	0.00277215	0.00245783
3690.89634689	3800.825772918	-0.0728659	1.04726	1.04546	0.0062663	0.00261597	0.00239518
3684.533561679	3797.41528578	-0.0612182	1.03658	0.987305	0.00582569	0.00252758	0.00233635
3687.510518226	3801.757866908	-0.0726035	0.964342	0.960032	0.00576476	0.00287852	0.00234814
3691.224363399	3799.556049248	-0.0807205	0.974338	0.883167	0.00542835	0.00230083	0.00243826
3691.023143188	3804.757255823	-0.0822315	0.95959	0.890479	0.00409161	0.00211996	0.00278704
3699.686638026	3804.541531013	-0.0772497	0.943117	0.957325	0.00343546	0.0024009	0.00272319
3682.264091719	3796.593699876	-0.0776737	0.988687	0.946457	0.00283176	0.0024016	0.00254305
3687.03365389	3798.304031294	-0.0734355	0.925585	0.923028	0.00219386	0.00246315	0.00253879
3704.696929399	3801.377092267	-0.0767208	0.949099	0.88347	0.00274698	0.00236996	0.00254023
3689.275559437	3805.8464626	-0.0757061	0.917825	0.857636	0.00306938	0.00225702	0.0027102
3708.033142121	3800.030847344	-0.077898	0.914774	0.857353	0.00264952	0.00228216	0.00266462
3716.610268467	3802.891236217	-0.0780325	0.971701	0.919445	0.00463877	0.00249445	0.0026774
3701.992860536	3810.013004142	-0.0750386	0.973325	0.976319	0.00257609	0.00235013	0.00265426
3693.968860067	3803.549807429	-0.0711589	0.869468	0.947736	0.00216636	0.00222803	0.00256741
3684.331422654	3802.987905353	-0.0653518	0.879051	0.847186	0.00233667	0.00269322	0.00255848
3686.024796394	3804.099091639	-0.0791121	0.8764	0.871101	0.00263422	0.00250221	0.00271063
3673.437966847	3798.599737095	-0.0737417	0.975259	0.906421	0.00338996	0.0020842	0.00257841
3669.258283103	3815.142980827	-0.0614027	0.991156	0.900065	0.00342555	0.00257389	0.00271291
3685.086687556	3808.233885002	-0.0749151	1.00398	1.01436	0.00326983	0.00246744	0.00265182
3679.8770136	3804.512225001	-0.0705779	0.953789	0.903515	0.00281264	0.00250107	0.00259027
3681.339765088	3803.086609629	-0.0732572	0.92952	0.864458	0.00289096	0.00262286	0.00262806
3689.965588563	3809.718519425	-0.0643727	0.993573	0.889509	0.00395525	0.00263858	0.0024421
3714.53007414	3828.39865986	-0.0616373	1.0307	1.19319	0.00622493	0.00307594	0.00211355
3718.720783648	3828.295071248	-0.037282	1.00529	1.47439	0.00923909	0.00366952	0.00175524
3722.729568035	3830.511541914	-0.0440703	0.969268	1.68933	0.0105684	0.00378958	0.00211016
3678.101865437	3830.91205741	-0.0519965	0.951005	1.52433	0.0100531	0.00347325	0.0021892
3698.344251139	3835.250568259	-0.0677598	1.02858	1.23514	0.00945587	0.0037245	0.00226563
3673.413158876	3829.048276457	-0.0630305	1.09673	1.0343	0.00728238	0.00385686	0.00237794
3703.82221871	3825.144267938	-0.0710871	1.06183	0.939208	0.0055401	0.00383473	0.00291764
3704.017007225	3817.412975667	-0.0523406	1.08509	0.858036	0.00544449	0.0041568	0.00275822
3702.362223663	3815.103295602	-0.0581596	1.11821	0.936799	0.00566521	0.00363378	0.00275822
3702.938319883	3822.683987534	-0.0572292	1.02254	0.948659	0.0076816	0.00348266	0.00247682
3705.43749328	3823.812676021	-0.090285	0.955586	0.895255	0.0112572	0.0028652	0.00211915
3697.773667801	3816.042105554	-0.0776989	0.958315	0.837514	0.0109189	0.00276453	0.00208431
3698.886351251	3825.656105577	-0.0755377	0.931761	0.785484	0.00783479	0.00292943	0.00237546
3703.516253732	3819.842525461	-0.0594624	0.851384	0.752289	0.00691154	0.00287092	0.00290517
3704.049165706	3820.629921018	-0.0552534	0.978342	0.85499	0.00890126	0.00277011	0.00242974
3708.837104151	3818.431970124	-0.0535945	0.962508	0.93667	0.0106894	0.00339081	0.00238833
3702.104955813	3815.217466941	-0.0770122	0.944642	0.912327	0.00947377	0.00217005	0.00296909
3699.659073614	3806.135045411	-0.0608135	0.998367	0.83203	0.00919746	0.00286197	0.00317294
3688.469759779	3806.901275515	-0.0710879	1.03351	0.844288	0.00904539	0.00262052	0.00320621
3714.866359972	3806.160891686	-0.0767979	1.02855	0.931186	0.0107604	0.00229384	0.00245753
3684.718243243	3808.370035849	-0.0578731	1.0523	0.97216	0.0103424	0.00294044	0.00266823
3692.865364754	3806.776724964	-0.0650556	0.986374	0.984065	0.0101148	0.00237295	0.0024635
3683.601884538	3802.847887741	-0.0583368	0.939931	0.888846	0.00923589	0.00295354	0.00277944
3686.101976748	3799.396697808	-0.067624	0.926162	0.884671	0.00808965	0.00244105	0.00280122
3697.110284274	3795.211025953	-0.0716596	0.932202	0.848208	0.00694825	0.00256286	0.00300969
3677.134354559	3797.515007626	-0.0869619	0.928708	0.853386	0.00239576	0.00303599	0.00308886
3694.641431731	3793.191760325	-0.101746	0.90913	0.862562	-0.000384078	0.00295252	0.00371353
3672.13233251	3794.413251183	-0.0867992	0.970738	0.890906	-0.00171916	0.00356457	0.00376996
3686.882968435	3803.09536073	-0.103715	0.966823	1.16585	-0.00748359	0.00334899	0.00343355
3667.822177214	3794.258987593	-0.100996	0.919147	1.14343	-0.0139609	0.00414719	0.00398053
3672.310582377	3795.038446105	-0.100436	0.983885	1.09544	-0.011701	0.0041268	0.00452478
3647.349169261	3796.694642806	-0.100569	0.948219	1.01496	-0.00783242	0.00405559	0.00438167
3663.915381154	3801.020535789	-0.104891	0.98042	1.00367	-0.00524876	0.00409844	0.00459568
3670.854262585	3795.152413929	-0.0970176	0.914207	1.01016	-0.00285145	0.00360402	0.00398245
3659.055775236	3803.448253957	-0.0952357	0.977912	1.03974	-0.00306192	0.00388214	0.00428689
3674.444986716	3798.220183538	-0.08255	0.891482	1.02224	-0.00253154	0.0034825	0.0040198
3670.661311698	3806.368068909	-0.0895835	0.884688	0.912177	-0.00249804	0.0037432	0.00384951
3693.872384623	3802.930310899	-0.0966729	0.874153	0.883558	-0.0021338	0.0034512	0.0040198
3651.210943447	3804.442419709	-0.0790071	0.974484	0.838437	-0.00232515	0.00365009	0.0040198
3699.18037165	3802.669405987	-0.0848656	1.01255	0.931735	-0.00252881	0.00299386	0.0040198
3668.752935542	3811.363522858	-0.0808121	1.08356	0.971656	-0.00413929	0.00337605	0.0040198
3699.18037165	3808.305725434	-0.0817481	0.981875	0.981056	-0.00418502	0.00406981	0.0040198
3678.370159051	3811.921354655	-0.0724425	1.01808	0.881311	-0.00477004	0.00366405	0.0037698
3706.91035172	3813.740362534	-0.084082	0.959569	0.864118	-0.0047394	0.00377993	0.0040198
3719.721371821	3821.414670893	-0.0823064	0.982918	0.732278	-0.00641456	0.00271508	0.0040198
3712.134726696	3826.96856718	-0.0756969	1.03089	0.75161	-0.00798372	0.00266444	0.0040198
3707.29257824	3815.927527188	-0.076234	0.97464	0.885903	-0.00816431	0.00321629	0.0040198
3696.585641624	3817.714990401	-0.0764403	1.02204	0.900476	-0.00787676	0.00378076	0.0040198
3701.392875158	3809.595596986	-0.0766636	0.89041	0.895474	-0.00698504	0.00368074	0.0040198
3690.257771335	3815.658685231	-0.0751626	0.904286	0.769601	-0.00577638	0.00278602	0.00396617
3708.894989418	3824.592134533	-0.0743119	0.945657	0.615608	-0.00520386	0.00273784	0.00384951
3712.808217174	3818.274857337	-0.0851557	0.962057	0.435572	-0.00486378	0.00273751	0.00395797
3703.483176437	3806.128939992	-0.0842106	1.06937	0.454433	-0.00524935	0.00293865	0.00384951
3732.954127433	3822.760305274	-0.0775067	0.923573	0.307565	-0.00453238	0.00279348	0.00408553
3719.400705823	3811.907108677	-0.0783462	0.891986	0.286585	-0.00375498	0.00294193	0.00401981
3742.880991176	3819.702711363	-0.0829611	0.800771	0.20587	-0.0025808	0.00195648	0.00384951
3718.571017007	3809.271399229	-0.0775142	0.850856	0.240243	-0.00255426	0.00235639	0.00401981
3760.869526752	3814.918097888	-0.0805536	0.854381	0.272911	-0.00261996	0.00202847	0.00376981
3733.102056446	3812.078467441	-0.0714802	0.903447	0.312104	-0.00379161	0.00241187	0.00365721
3739.109260737	3818.83045048	-0.0689098	0.804676	0.304169	-0.00302557	0.00250727	0.00361531
3729.028955097	3803.13687758	-0.0823437	0.842959	0.273287	-0.0030725	0.00231974	0.00401981
3747.957437139	3823.201523564	-0.0785599	0.882628	0.415283	-0.00384265	0.00266624	0.00401981
3751.414933276	3821.039798157	-0.082605	0.88131	0.689121	-0.00410735	0.00254799	0.00383631
3727.466052911	3810.70820787	-0.054636	0.98421	0.77239	-0.00449598	0.00307047	0.00340166
3703.190993664	3808.254643427	-0.0635178	0.972248	0.781921	-0.0044979	0.00281895	0.00340166
3715.909213577	3805.935805233	-0.067358	0.955973	0.728141	-0.00406549	0.00266456	0.00340166
3695.008038417	3804.578163528	-0.074679	0.964463	0.70488	-0.00397858	0.00252341	0.00340165
3694.960260102	3801.286935578	-0.0835872	0.968076	0.688643	-0.00339454	0.00221751	0.00352692
3713.360424237	3802.47688177	-0.0899761	1.00602	0.717072	-0.00347199	0.00307259	0.00345347
3688.503755888	3810.546617776	-0.0869984	1.0405	0.82308	-0.00412433	0.00315055	0.00418597
3686.789249433	3805.41196027	-0.0877693	0.977948	0.834286	-0.00459248	0.00256638	0.00348546
3670.492249968	3806.585828859	-0.0768228	0.971369	0.753242	-0.00661512	0.00265709	0.00359774
3679.180552778	3809.6700831	-0.080429	0.948373	0.775086	-0.00754144	0.00227695	0.00354732
3684.55101914	3798.500829305	-0.0827394	0.974424	0.760031	-0.00692448	0.00177967	0.00383144
3685.578252912	3808.583318491	-0.0754014	1.00614	0.796209	-0.00615959	0.00246103	0.00350569
3688.127961065	3806.670083643	-0.0719173	0.984872	0.859853	-0.0059976	0.00225335	0.00355082
3669.814165422	3808.203764934	-0.0638311	1.03448	0.865813	-0.00705287	0.00268285	0.00330082
3681.598870565	3808.23123932	-0.0686316	0.951648	0.858117	-0.00633647	0.00270921	0.00355082
3679.394636381	3802.215162803	-0.0650862	0.966389	0.785945	-0.00624966	0.00255948	0.00336888
3697.922515628	3807.37037522	-0.0662818	0.949709	0.753336	-0.00594755	0.0027197	0.00355082
3698.644703235	3797.536173079	-0.0699111	0.975518	0.757487	-0.00595529	0.00221186	0.00364571
3707.914615148	3808.146373994	-0.0586374	0.997097	0.820899	-0.00614147	0.00281231	0.00355082
3688.750916787	3811.550755712	-0.0651387	1.04179	0.898015	-0.00680575	0.00231105	0.00355082
3692.39860737	3809.435024463	-0.074356	0.978119	0.830722	-0.00602041	0.00200675	0.00330082
3697.533857412	3817.489293407	-0.0601595	0.962468	0.743647	-0.00595953	0.00272832	0.00355082
3705.85647235	3814.949846068	-0.0753724	0.958739	0.748868	-0.00559604	0.0023986	0.00374831
3710.584687902	3810.56167781	-0.075841	0.973159	0.74033	-0.0059736	0.00226709	0.00355082
3701.69975895	3822.562286179	-0.0721932	1.0173	0.857545	-0.00525574	0.00253011	0.00355082
3717.008114821	3815.082537177	-0.0801849	1.05137	0.87627	-0.00502061	0.00246973	0.00355082
3691.243658487	3812.971283235	-0.0679347	1.01197	0.836695	-0.00565423	0.00256506	0.00343998
3690.463585615	3813.767022864	-0.0716105	0.886859	0.823971	-0.00484942	0.00236784	0.00363753
3719.496262453	3807.711464636	-0.0733927	0.937732	0.802315	-0.00500953	0.00192494	0.00338444
