4065.079318716	3808.957207428	-0.0928432	0.160219	-0.120468	-0.00440343	-0.00157951	0.00214623
3937.464038905	3808.768714105	-0.0946469	0.158084	-0.190033	-0.0055247	-0.00231342	0.00223484
3888.566557636	3805.886394247	-0.103493	0.138107	-0.168613	-0.00464192	-0.00231342	0.00212052
3838.914339313	3798.420018763	-0.0897647	0.164351	-0.196725	-0.00469212	-0.00194571	0.00199869
3808.692954042	3800.933393834	-0.0982582	0.184441	-0.143267	-0.00410282	-0.00215616	0.00222184
3785.44468285	3802.586486162	-0.103338	0.189278	-0.156416	-0.00440705	-0.00268539	0.00250951
3754.106687808	3801.46141051	-0.107496	0.222472	-0.102662	-0.00444201	-0.00252067	0.00256192
3760.720663725	3809.664694855	-0.108467	0.157643	-0.137061	-0.0045466	-0.00241667	0.00206347
3737.043067471	3808.135957122	-0.109165	0.167098	-0.113448	-0.00485245	-0.00245532	0.00206347
3757.44193283	3803.88397142	-0.113513	0.157756	-0.137429	-0.00509889	-0.00253274	0.00206347
3726.453049251	3812.823183911	-0.115646	0.160987	-0.127722	-0.00426662	-0.00221209	0.00216053
3749.789737706	3808.86992384	-0.114253	0.163908	-0.114883	-0.00559707	-0.0026276	0.00217496
3712.189612764	3810.915694246	-0.111802	0.176595	-0.133558	-0.00568221	-0.00255344	0.00220603
3729.700788528	3813.644826503	-0.114187	0.191751	-0.0769129	-0.00551483	-0.00256804	0.00199353
3725.014673563	3822.487928975	-0.112528	0.233714	-0.0610593	-0.00516983	-0.00217348	0.00215363
3730.880293053	3820.871907653	-0.127036	0.246154	0.0170245	-0.00568168	-0.00171702	0.0019763
3711.237987784	3810.330011558	-0.116488	0.157585	-0.0641469	-0.00510387	-0.00194479	0.00192478
3709.283692805	3809.241418485	-0.121689	0.166261	0.00206075	-0.00477409	-0.00200278	0.00171179
3724.061225546	3807.404736406	-0.127402	0.164743	-0.0262415	-0.00501002	-0.00222547	0.00169505
3707.391381063	3811.458617783	-0.129029	0.203056	0.0194539	-0.00498381	-0.00198505	0.00184343
3739.284490677	3802.065922916	-0.118551	0.185228	-0.00346743	-0.0044568	-0.0023707	0.00187189
3706.971171181	3806.096071003	-0.128792	0.209676	0.0200304	-0.00574107	-0.00188366	0.00169505
3732.791746678	3801.045195284	-0.122445	0.204615	0.0153735	-0.00505882	-0.0022189	0.00163052
3730.430003072	3824.551548385	-0.120657	0.210871	0.0286062	-0.00664988	-0.00216475	0.00180391
3755.048286089	3816.819006991	-0.124722	0.157982	0.0846077	-0.00659914	-0.00220703	0.00180391
3724.580790909	3805.393291006	-0.129333	0.195014	0.065509	-0.00648487	-0.00232588	0.00189361
3738.790447823	3805.038860792	-0.133666	0.188312	0.0655115	-0.00652338	-0.00225443	0.00215712
3719.854569143	3798.225248867	-0.118676	0.181545	0.0752785	-0.00625869	-0.00253259	0.00213729
3725.28630598	3799.033161456	-0.124793	0.218591	0.0776574	-0.00645535	-0.0022814	0.00209087
3719.035114299	3798.965884443	-0.13269	0.192499	0.0597458	-0.00637888	-0.00236477	0.00213134
3715.438263559	3799.46212597	-0.126842	0.219441	0.0892325	-0.00676931	-0.00242596	0.00217027
3736.001202191	3794.522267131	-0.12748	0.192302	0.0659359	-0.00699486	-0.00236813	0.00249514
3729.477466574	3800.696845501	-0.121612	0.253291	0.0662057	-0.00725124	-0.00213388	0.00235295
3745.197509113	3798.012629967	-0.109088	0.217517	0.0660544	-0.00707666	-0.00226782	0.00222176
3721.358574141	3813.404747598	-0.0831202	0.195452	-0.016203	-0.00700143	-0.00104913	0.00249143
3746.537440838	3809.734325583	-0.106502	0.224727	0.0706206	-0.00574716	-0.00196109	0.00143776
3746.017875475	3802.453697422	-0.102283	0.234142	0.0616659	-0.00574846	-0.00230371	0.00170302
3749.698585888	3809.842400319	-0.11169	0.266617	0.0908267	-0.00675227	-0.00233679	0.00170769
3744.014358515	3810.292155979	-0.116914	0.142463	0.0708037	-0.00611413	-0.00281754	0.00143776
3719.021441526	3805.035918649	-0.118571	0.152893	0.0631442	-0.0062668	-0.00263287	0.00164998
3744.254087796	3804.072072457	-0.125027	0.167349	0.048854	-0.00612616	-0.00269713	0.00140593
3726.544201069	3812.416971973	-0.118639	0.203357	-0.0235015	-0.00566517	-0.00299363	0.0018478
3751.180714449	3810.265872831	-0.0951198	0.271642	0.0476824	-0.00542261	-0.00266232	0.00156924
3732.452661915	3805.653376486	-0.101743	0.30837	0.0490818	-0.00707158	-0.00324486	0.000896439
3744.407222851	3817.899754348	-0.100928	0.208484	0.0484308	-0.00628845	-0.00263816	0.00116006
3729.122886002	3815.837704082	-0.100129	0.166923	0.0232642	-0.00561344	-0.00253632	0.00144507
3752.744879647	3817.095372331	-0.113785	0.144758	0.0174324	-0.00588746	-0.00231323	0.00155984
3732.388855642	3814.769902155	-0.108456	0.178344	-0.0119708	-0.00607968	-0.00231232	0.00149021
3736.041308991	3817.996452796	-0.123748	0.283822	0.0606793	-0.007107	-0.00265796	0.00167394
3743.537634506	3817.015934459	-0.118173	0.220169	0.0612157	-0.00780426	-0.00266872	0.00116006
3733.249328804	3811.155184722	-0.12153	0.191655	0.0423073	-0.00746005	-0.0022694	0.00158245
3745.935838839	3819.023653143	-0.117438	0.139492	0.0169773	-0.00637554	-0.00254226	0.00156801
3712.566981291	3817.905442492	-0.114899	0.176026	-0.01174	-0.00706117	-0.00286381	0.00187527
3752.684719447	3814.256988482	-0.106381	0.181606	0.0150381	-0.00661338	-0.00224829	0.00219841
3734.234679957	3821.007050109	-0.0894946	0.251344	-0.0806408	-0.00782992	-0.00236428	0.00222391
3768.650871895	3824.460734224	-0.100916	0.247797	0.0315053	-0.00660396	-0.00245345	0.00148066
3739.794940858	3818.922247266	-0.0996761	0.217712	-0.00899813	-0.00643934	-0.00236655	0.00163203
3760.344206717	3830.639235452	-0.109917	0.228595	0.0506279	-0.00639477	-0.00252308	0.00159431
3753.672805154	3816.790370128	-0.108901	0.178468	0.00835686	-0.00593214	-0.00262178	0.00118466
3735.446087619	3818.708059223	-0.110696	0.204457	-0.0769661	-0.00832557	-0.00291081	0.00116705
3751.471488749	3821.161218425	-0.108701	0.209099	0.0422547	-0.00788002	-0.00264828	0.000926244
3740.95621502	3814.579055117	-0.111119	0.225728	-0.00667009	-0.00855018	-0.00310094	0.0011394
3726.645379587	3816.451827489	-0.108591	0.163794	0.0152921	-0.0070678	-0.00299214	0.00141245
3748.36503479	3814.32799221	-0.113315	0.185221	-0.0313922	-0.00742466	-0.00307548	0.00108939
3737.310142298	3817.539243705	-0.119553	0.22155	0.0389997	-0.00743194	-0.00263583	0.00136695
3743.750018243	3814.82168388	-0.115279	0.195278	0.00788837	-0.00731427	-0.00274735	0.00144418
3729.018972929	3815.033125922	-0.114008	0.236782	-0.013758	-0.00686596	-0.00299504	0.00112279
3758.946849346	3809.381072227	-0.121853	0.290904	0.029412	-0.00778732	-0.00292063	0.000795172
3740.276222457	3817.416850538	-0.118637	0.279621	0.0389603	-0.00834695	-0.00276378	0.000930962
3740.436649657	3819.002861996	-0.131437	0.170339	0.00203654	-0.00821734	-0.00278393	0.00087494
3732.793569714	3815.767092639	-0.123183	0.168044	-0.0498586	-0.00731813	-0.00309882	0.00114108
3735.617453037	3814.307593349	-0.119118	0.163274	0.0268894	-0.00757517	-0.00264607	0.00108541
3734.498108711	3813.706219229	-0.119558	0.196822	-0.00340026	-0.00756969	-0.00281773	0.00130694
3730.363462245	3813.054436385	-0.12424	0.228563	0.0339639	-0.00733792	-0.00264481	0.00123818
3752.491477593	3809.882021184	-0.120171	0.220127	0.0157961	-0.00801061	-0.00299739	0.00123818
3731.464576207	3811.468424927	-0.122689	0.246275	-0.0367401	-0.00906166	-0.00315338	0.00118186
3734.982124865	3808.337788162	-0.118299	0.214604	0.0331927	-0.00848214	-0.0029604	0.0013271
3734.86453902	3813.242733566	-0.115664	0.195766	-0.0564344	-0.00939878	-0.003177	0.00134175
3722.028540004	3817.918387924	-0.126161	0.174963	0.0396131	-0.00871726	-0.00309527	0.00120982
3756.541352868	3818.792204526	-0.114152	0.183527	0.0185546	-0.00814925	-0.00290369	0.00196953
3738.095870969	3831.683304088	-0.116799	0.208266	0.0329363	-0.00843036	-0.00344978	0.00136489
3741.160395092	3816.679549392	-0.112466	0.21106	0.0614144	-0.00732083	-0.00315157	0.00113525
3723.996507755	3809.166099613	-0.120849	0.22415	-0.0269027	-0.00813972	-0.00339843	0.00103415
3733.141769659	3812.673526881	-0.111068	0.188052	0.0218231	-0.0064686	-0.00274155	0.0010498
3737.134219289	3815.7129572	-0.0999642	0.216606	0.0211371	-0.00545408	-0.0023679	0.000632759
3761.103501361	3806.49953694	-0.101217	0.253737	0.0587997	-0.00622126	-0.00251175	0.000537459
3755.755624197	3816.051695981	-0.119222	0.20623	0.0445746	-0.00711374	-0.00287689	0.000537459
3756.442908905	3816.035808407	-0.115238	0.185091	0.056405	-0.00564597	-0.00234266	0.000888523
3745.785438339	3816.879026717	-0.118723	0.105195	-0.00189674	-0.00478764	-0.00268081	0.000537459
3740.041050766	3810.326480986	-0.120003	0.164603	0.0188402	-0.00442074	-0.00247896	0.000324917
3761.52462276	3807.739944615	-0.128131	0.185105	-0.0286987	-0.00511598	-0.00303701	0.000133534
3735.286571937	3819.504399382	-0.122446	0.220937	0.00384621	-0.00549023	-0.0028002	0.000216883
3753.044769128	3808.835206547	-0.125661	0.256005	0.00581787	-0.00571408	-0.00305435	0.000363414
3765.349353045	3813.205662558	-0.120356	0.238133	-0.0341899	-0.00560376	-0.00301833	0.000537459
3733.058821505	3819.668570986	-0.126025	0.259715	-0.0316149	-0.00560235	-0.00297253	0.000459162
3742.307996481	3814.880134463	-0.126677	0.229059	0.0247216	-0.00628201	-0.00310878	0.000348327
3729.521219446	3817.917603352	-0.12611	0.158954	-0.0495485	-0.00661035	-0.00323442	0.000537459
3743.468359125	3814.551006683	-0.125935	0.131455	0.0142646	-0.00613325	-0.00291457	0.000537459
3731.230316035	3815.073335215	-0.136919	0.106354	0.0099571	-0.00568639	-0.00313161	0.000537459
3728.117481449	3818.684325933	-0.134403	0.146353	0.00859492	-0.00570072	-0.00307758	0.00110701
3745.176544195	3819.652879554	-0.125199	0.143594	-0.0201636	-0.00569842	-0.00262201	0.00166057
3734.723253702	3823.359391862	-0.125876	0.177632	0.0491099	-0.00511403	-0.0022574	0.000762401
3759.822818318	3817.648299156	-0.117832	0.216936	0.0425542	-0.00481913	-0.00245165	0.000607296
3729.717195855	3816.815084133	-0.133265	0.295014	0.0559559	-0.00608468	-0.00170055	0.000204871
3744.589526487	3819.963766044	-0.127322	0.219115	0.051831	-0.00631935	-0.00226755	0.000300518
3739.677355012	3821.350104034	-0.133651	0.166485	0.0101133	-0.00504762	-0.002264	0.000517545
3760.175575853	3822.69211373	-0.132299	0.172372	-0.00157265	-0.00587942	-0.00214102	0.000517545
3732.070735797	3822.029150741	-0.139051	0.182005	-0.116397	-0.00765056	-0.0028655	0.000517545
3776.283013619	3818.918324408	-0.150488	0.197891	-0.0196807	-0.00654175	-0.00224147	0.000517545
3761.214706579	3819.232153042	-0.177908	0.152972	-0.0857427	-0.00545793	-0.00226154	0.000517546
3752.290943593	3816.97474445	-0.182682	0.157121	-0.0445831	-0.00445013	-0.0023464	0.000517546
3765.0813667	3824.389534353	-0.184762	0.214749	-0.120652	-0.00419923	-0.00276152	0.000517545
3763.609264839	3825.955539235	-0.165625	0.19029	-0.0545235	-0.00473961	-0.0023464	0.000517545
3755.923343542	3827.245963349	-0.151922	0.181375	-0.111863	-0.00558743	-0.00287323	0.000517546
3762.574691704	3824.668645694	-0.151102	0.198885	-0.0296692	-0.00476931	-0.00253402	0.000752683
3746.401624629	3824.326768626	-0.137441	0.144033	-0.152229	-0.005598	-0.00340638	0.000743747
3753.791302518	3818.779455238	-0.142173	0.173129	-0.0948441	-0.00565632	-0.0027769	0.00100382
3760.112681099	3819.421234794	-0.135664	0.203053	-0.0930782	-0.00551038	-0.00254898	0.000926288
3760.300453844	3835.617342155	-0.140734	0.304039	0.0318273	-0.00577243	-0.00242707	0.00105624
3749.84260576	3823.15403025	-0.141205	0.268783	0.0174504	-0.00653437	-0.00238755	0.0011079
3754.979922225	3824.886364308	-0.144302	0.196425	-0.0129219	-0.00577035	-0.00200483	0.00148498
3748.479886081	3822.867269336	-0.132605	0.145026	-0.104534	-0.00578247	-0.00200483	0.00116095
3723.709379528	3813.449468178	-0.138116	0.176286	-0.0270149	-0.00527909	-0.00193268	0.00100014
3748.837201207	3806.646055683	-0.140915	0.162197	-0.0514112	-0.005788	-0.00207052	0.00100014
3713.410135608	3804.171713049	-0.135647	0.211918	-0.117064	-0.00670612	-0.00273898	0.00100014
3758.887600664	3812.765714042	-0.135695	0.21396	-0.0232157	-0.00636736	-0.00232486	0.00183209
3734.005888894	3799.767716602	-0.137491	0.201439	-0.1085	-0.00536528	-0.00211705	0.00121987
3740.070219348	3806.610357676	-0.145083	0.22823	-0.0175863	-0.00515654	-0.00198291	0.00101378
3743.450128761	3797.086639355	-0.147483	0.237404	-0.0175862	-0.00635024	-0.00227732	0.00086052
3729.168461911	3813.328251868	-0.160271	0.251564	0.0404254	-0.00584627	-0.00218457	0.000796566
3736.3074723	3808.466065616	-0.156351	0.24522	0.0497564	-0.00679807	-0.00252243	0.000610841
3744.361646942	3801.232119464	-0.161002	0.123788	0.0364554	-0.00563842	-0.00214284	0.000773265
3739.895207858	3800.345553574	-0.156078	0.107977	-0.00502903	-0.00586265	-0.00192172	0.00105956
3745.972299566	3804.33098108	-0.164492	0.151782	0.0133019	-0.00473259	-0.00225958	0.00167123
3769.627107866	3822.342194803	-0.125343	0.19356	0.0514819	-0.00618386	-0.00206698	0.00271374
3772.238607453	3837.32908121	-0.101396	0.219149	0.0507462	-0.00539151	-0.00150542	0.00223247
3785.152997033	3833.157906381	-0.111857	0.258198	0.0313627	-0.00681621	-0.00195114	0.00173889
3743.394526152	3822.451446396	-0.129893	0.287241	0.0317245	-0.00641506	-0.00154878	0.00160894
3752.616355583	3819.594821257	-0.128042	0.251022	0.00425849	-0.00635002	-0.00169905	0.00160324
3747.253894128	3832.311157498	-0.121372	0.253021	0.00550516	-0.00624047	-0.00138503	0.00150374
3759.658745045	3828.027004361	-0.124782	0.187911	-0.0371115	-0.00624915	-0.00162895	0.00171508
3730.319709372	3837.983413911	-0.123202	0.218373	-0.068693	-0.00706978	-0.00145838	0.00150374
3754.485879371	3836.406032741	-0.118732	0.194404	0.0201014	-0.00610308	-0.00121023	0.00150374
3731.788165161	3841.703067794	-0.113727	0.187262	-0.0416791	-0.00718286	-0.000996974	0.00160959
3780.15514285	3847.010890706	-0.111006	0.193613	0.0945243	-0.00796761	-0.000938984	0.00255633
3751.396744258	3849.463069193	-0.158653	0.199532	-0.0285187	-0.00817181	-0.00159261	0.00335508
3762.582895368	3844.096795698	-0.159307	0.302453	-0.0506255	-0.00711004	-0.00133995	0.00312462
3728.309811785	3832.643423564	-0.163363	0.186549	-0.0434731	-0.00814651	-0.00168653	0.00251985
3711.04474593	3829.308209759	-0.170182	0.230578	0.0171956	-0.00757376	-0.00196673	0.00200684
3734.452532802	3822.616991	-0.16151	0.21404	0.0154411	-0.00880187	-0.00165803	0.00189825
3720.233760706	3828.815106518	-0.148159	0.240891	0.0398749	-0.00813633	-0.00199478	0.00185588
3738.246271469	3827.868913187	-0.140423	0.202832	0.0201389	-0.00786907	-0.00209896	0.00164521
3710.397568022	3820.806395926	-0.12937	0.243235	-0.0297146	-0.00812439	-0.00214891	0.00147153
3732.79083516	3819.950428327	-0.132509	0.204977	0.0738418	-0.00835456	-0.00221232	0.00157782
3728.278820167	3814.324853924	-0.136407	0.193177	0.0179227	-0.00816625	-0.0026998	0.00182423
3730.231292109	3819.513618098	-0.133281	0.251254	0.0478543	-0.00737232	-0.00247718	0.00191246
3740.484048602	3811.323083041	-0.141544	0.277231	0.0607464	-0.00754631	-0.00298236	0.00208925
3730.639652254	3812.598208009	-0.140808	0.279419	0.0667329	-0.00865494	-0.00316367	0.00193986
3733.58203294	3808.909348562	-0.137717	0.20141	0.0541313	-0.00768975	-0.00287496	0.00170183
3699.710017356	3804.267626925	-0.146401	0.20754	0.0360424	-0.00728049	-0.00328274	0.00186532
3734.485347457	3799.058856175	-0.160392	0.212518	0.0288441	-0.0080133	-0.00255575	0.00160886
3722.494325794	3800.382624581	-0.153206	0.208678	-0.030342	-0.00820135	-0.00236624	0.00181338
3732.171002797	3803.489920342	-0.162898	0.273995	0.0446727	-0.00692536	-0.00221547	0.00155364
3721.528116522	3799.270886646	-0.15113	0.264074	0.0201711	-0.00722902	-0.00298082	0.00121357
3744.162935978	3797.990661963	-0.132073	0.285314	0.0416212	-0.0072313	-0.00309783	0.000841695
3728.288846867	3806.848475152	-0.145067	0.165561	9.56704e-05	-0.00687881	-0.00309783	0.000919307
3769.696383248	3803.112345267	-0.147126	0.123932	-0.0268052	-0.0064322	-0.00309783	0.00112533
3738.368414905	3801.089719722	-0.143052	0.157564	-0.0996205	-0.00700973	-0.0034706	0.00135024
3765.63739279	3818.010575085	-0.127214	0.215346	-0.0404785	-0.00750283	-0.00208761	0.00189909
3750.564528159	3813.899223839	-0.137421	0.25714	-0.0724755	-0.00675888	-0.00269652	0.00102483
3750.908170513	3815.286738686	-0.118576	0.257929	0.00698529	-0.00436278	-0.00273335	0.000322742
3752.544345647	3812.9118405	-0.130976	0.154028	-0.0211808	-0.00448758	-0.00214285	0.000504542
3754.000040181	3821.515256353	-0.153806	0.212445	0.00732662	-0.00530926	-0.00166175	0.000830617
3782.324556119	3829.363914341	-0.158589	0.138812	-0.0362387	-0.00514073	-0.00213449	0.00075819
3741.342698728	3822.085051466	-0.173459	0.249091	0.0305967	-0.00623378	-0.00269937	0.000579134
3751.178891413	3808.250504574	-0.175948	0.245879	0.00984656	-0.00695487	-0.00311752	0.000566017
3733.459889504	3814.599650121	-0.17322	0.185971	-0.0238752	-0.0076135	-0.00315237	0.000503491
3739.367438831	3817.550816136	-0.183658	0.164128	-0.00289296	-0.00692258	-0.00321134	0.000546275
3741.659907055	3819.25098276	-0.191647	0.19566	-0.15096	-0.0069588	-0.00332735	0.00022559
3768.534197568	3817.215215641	-0.179054	0.295717	-0.0135931	-0.00440509	-0.00111564	1.04333e-05
3757.544022867	3827.868128615	-0.175285	0.272449	-0.0283143	-0.00339343	-0.000796453	-5.06615e-06
3780.147850704	3829.142665154	-0.164085	0.225556	0.0571355	-0.0013228	0.000448937	-0.000272376
3760.52286428	3829.605170103	-0.190814	0.219247	0.183327	-0.000555459	-4.44953e-05	1.73962e-05
3765.199864064	3828.917689253	-0.193233	0.102541	0.163165	0.000562761	0.000383224	0.000430471
3731.130049035	3821.499172635	-0.230475	0.105707	0.0771098	-0.00243806	0.00105295	0.000577752
3758.585888147	3827.307748361	-0.264481	0.131584	0.034561	-0.00319943	0.00178781	0.000661398
3751.938186057	3824.284009474	-0.267245	0.182258	-0.0416124	-0.00484747	0.00179366	0.000716421
3732.787189087	3818.030189374	-0.265036	0.282567	0.00142218	-0.00526233	0.00207021	0.000983739
3741.570578273	3821.352850035	-0.24979	0.308454	-0.0434726	-0.00587584	0.00167979	0.00132473
3740.767530756	3822.474787401	-0.243146	0.269064	-0.0386487	-0.00505095	0.00218393	0.0010496
3721.112464232	3819.268635621	-0.25862	0.264436	-0.0389812	-0.00600126	0.00192979	0.00135723
3739.731134585	3821.717283536	-0.27748	0.199076	-0.0455903	-0.00578494	0.00155969	0.00135723
3709.253612705	3812.720012748	-0.273339	0.145845	-0.0639141	-0.00544237	0.00134417	0.00154921
3732.840057141	3811.132236003	-0.279149	0.0908519	-0.00333355	-0.00530142	0.00108064	0.00135723
3719.217417935	3812.447962551	-0.279084	0.0489634	-0.0612405	-0.00525984	0.00108064	0.00145533
3727.262477395	3805.366419429	-0.278698	0.102483	0.0120077	-0.00510253	0.0011645	0.00154011
3723.590882165	3799.396025814	-0.278572	0.107641	-0.031003	-0.00606874	0.00118247	0.00163735
3713.442950262	3798.077749409	-0.280939	0.154972	0.00596909	-0.00645843	0.0009617	0.00158941
3720.114351825	3799.395241242	-0.28361	0.193791	0.00664705	-0.00700461	0.00109887	0.00184016
3698.854101785	3797.769412776	-0.282298	0.21025	-0.0725087	-0.00766737	0.00105154	0.00184016
3728.16670343	3803.215320287	-0.286775	0.211458	-0.00543368	-0.00742367	0.000583726	0.00190939
3714.455646961	3800.28435699	-0.279172	0.19557	-0.0511987	-0.00726882	0.00061674	0.00159093
3717.995983573	3802.774783342	-0.281525	0.193534	-3.65306e-05	-0.00743227	0.000486293	0.00184016
3716.767257066	3804.275472641	-0.292213	0.178595	-0.0391127	-0.00686377	0.000628853	0.00184016
3715.802870831	3807.097772773	-0.287719	0.151974	0.0159116	-0.00721013	0.00105539	0.0018969
3725.066630099	3800.847090959	-0.282774	0.142723	-0.013409	-0.00838437	0.000598247	0.00226531
3693.658448157	3807.104833917	-0.276434	0.126714	-0.047127	-0.00877425	0.000508012	0.00266987
3707.818883089	3806.654685971	-0.279895	0.14488	-0.000113642	-0.00863279	0.000553764	0.00276174
3712.029185565	3805.609832763	-0.277501	0.174665	0.0126542	-0.00786189	0.000526437	0.00235532
3684.782084116	3804.931766771	-0.264377	0.193505	-0.0198558	-0.00860987	0.000295849	0.00220639
3696.160565562	3804.314897363	-0.272552	0.204311	0.0542869	-0.00800211	0.000560584	0.00235532
3710.53338423	3798.873697281	-0.27195	0.226781	0.0458515	-0.00713066	0.000651741	0.00276633
3682.674654083	3804.952754061	-0.2643	0.226676	0.0708119	-0.00783833	0.00086676	0.00235532
3710.595367467	3802.01002219	-0.275626	0.201727	0.0698773	-0.00828127	0.000509828	0.00265174
3676.997718855	3804.647751858	-0.284434	0.19254	0.0522568	-0.00787702	0.000740564	0.00289357
3722.083231094	3806.321046904	-0.271936	0.168247	0.0760037	-0.00873562	0.000504087	0.00289357
3690.057951344	3797.324952974	-0.277184	0.183485	0.0727651	-0.00835057	0.000507678	0.00304284
3727.994426494	3805.23441526	-0.269238	0.176656	0.0523136	-0.00745993	5.15656e-05	0.00289357
3708.708524833	3809.003301009	-0.256786	0.163141	0.0061842	-0.0067874	4.83898e-05	0.00196022
3727.281619277	3801.417670644	-0.262796	0.210107	0.0156811	-0.00560597	0.000329279	0.00156431
3730.213061745	3814.983501769	-0.270821	0.244667	0.0858775	-0.00909846	-0.00048001	0.00154578
3744.070872642	3814.670065421	-0.26795	0.210298	0.0242542	-0.00759091	0.000403513	0.00153803
3734.749687729	3817.813059188	-0.267615	0.100034	-0.0883237	-0.00679525	0.000231404	0.00170701
3739.153232059	3811.671628968	-0.292562	0.101909	-0.0814462	-0.00592417	0.000926213	0.00216984
3722.635611112	3812.208472075	-0.294936	0.125701	-0.14327	-0.0054384	0.000937922	0.00211929
3726.960764878	3810.661885339	-0.311499	0.161859	-0.120413	-0.00560754	0.000923742	0.00196716
3757.424613985	3809.192775047	-0.312588	0.142212	-0.168834	-0.00595771	0.000923742	0.00196716
3736.648380099	3811.444103208	-0.30016	0.181231	-0.141039	-0.00567717	0.0016155	0.00212373
3753.721115618	3812.066464618	-0.307794	0.178868	-0.158222	-0.00651397	0.000879124	0.00155251
3724.389372091	3822.213721206	-0.299194	0.0914186	-0.320781	-0.0064062	0.000757911	0.00205228
3767.266275779	3837.494233529	-0.297423	0.0535088	-0.288503	-0.00646146	0.00215752	0.00262851
3738.744871914	3822.699371017	-0.295625	0.0457125	-0.257365	-0.00545526	0.00148315	0.00198576
3737.852495615	3821.303814311	-0.295482	0.0948558	-0.170589	-0.00529389	0.00190898	0.00183155
3755.051932161	3810.957864969	-0.295105	0.12916	-0.19102	-0.005685	0.00161317	0.00161151
3743.780098342	3816.840190424	-0.299436	0.0727851	-0.192265	-0.00630407	0.00197653	0.00127524
3745.932192766	3813.431619175	-0.306237	0.0823091	-0.231276	-0.00517191	0.00176398	0.001609
3736.347579099	3812.14178349	-0.30808	0.0814302	-0.265209	-0.00643597	0.0020465	0.00165968
3752.35748442	3808.396827174	-0.297281	0.105519	-0.235149	-0.00540724	0.00173057	0.00167706
3731.051658471	3815.137866228	-0.285429	0.14938	-0.299059	-0.00699141	0.00140872	0.0014476
3761.908371914	3809.728833582	-0.308047	0.0666591	-0.250864	-0.00526349	0.00172605	0.00141795
3745.332413804	3815.515637446	-0.288104	0.0973599	-0.267211	-0.0057359	0.00138919	0.00122222
3767.532439087	3816.096220419	-0.302839	0.128555	-0.19396	-0.00557268	0.00169876	0.00112163
3738.929910105	3809.176887472	-0.287637	0.0483214	-0.320715	-0.0067225	0.00161431	0.0014656
3780.426775267	3810.344133847	-0.310909	0.0153617	-0.211658	-0.00541477	0.00172367	0.00166424
3727.722794076	3807.178583646	-0.316227	0.0195642	-0.309323	-0.00558096	0.00135911	0.00176303
3767.403003506	3812.350871817	-0.315766	0.0561425	-0.240946	-0.00508142	0.00143937	0.00172254
3742.205906445	3805.784988369	-0.314968	0.0774358	-0.294995	-0.00545651	0.00143937	0.00195169
3768.133129568	3808.002579953	-0.308934	0.15455	-0.236592	-0.00540058	0.00143937	0.00182686
3762.37142315	3818.478768178	-0.288566	0.163341	-0.293041	-0.0062234	0.00217583	0.00233173
3777.903692944	3818.564482623	-0.29401	0.0514029	-0.269395	-0.00449449	0.00162389	0.00148129
3739.458590649	3814.494517529	-0.304638	0.0511907	-0.307044	-0.00442633	0.0022444	0.00165909
3778.060474071	3825.883554792	-0.310503	0.0719112	-0.202332	-0.00439653	0.00266146	0.00153677
3775.860069184	3838.166219091	-0.291788	0.0533314	-0.169067	-0.00495388	0.00205292	0.00169882
3776.522742901	3824.029612138	-0.289483	0.0788145	-0.141276	-0.00398258	0.00193081	0.00209797
3764.296549547	3815.007038916	-0.299539	0.088445	-0.190317	-0.00480102	0.00193081	0.00225975
3771.148431709	3820.639870607	-0.305017	0.130131	-0.144321	-0.00484062	0.00151747	0.00218675
3772.765464961	3818.320088575	-0.309557	0.0953978	-0.204166	-0.00576517	0.00110477	0.00241898
3745.77996923	3825.091922064	-0.291332	0.221483	-0.218081	-0.00620374	0.00158274	0.00236928
3749.344916834	3810.41611829	-0.291897	0.143757	-0.261982	-0.00692409	0.00152352	0.00236593
3745.292307004	3821.648045093	-0.294785	0.0616437	-0.258796	-0.00614281	0.00179187	0.00216933
3735.076011238	3820.551802447	-0.304571	0.0363762	-0.335397	-0.00675436	0.00179187	0.00230567
3726.855028769	3810.572051892	-0.302051	0.0642171	-0.255667	-0.00542853	0.00179187	0.00229066
3728.978866129	3811.837173572	-0.302014	0.0456479	-0.304576	-0.00643075	0.00162158	0.00238944
3725.538796516	3812.671369309	-0.296297	0.0846989	-0.241488	-0.00589064	0.00216503	0.0025023
3731.625003407	3812.734527322	-0.298966	0.0818075	-0.29374	-0.00738691	0.00227493	0.00263834
3733.775274794	3819.191159177	-0.295362	0.123202	-0.208706	-0.00681343	0.00268472	0.00258973
3740.167751794	3815.179448522	-0.298268	0.0765204	-0.282587	-0.00836978	0.00234927	0.002844
3747.742467873	3816.657581387	-0.293334	0.0845617	-0.258152	-0.00672188	0.0027582	0.00345099
3754.698263107	3809.346354934	-0.295536	0.100095	-0.291874	-0.00770918	0.00239481	0.00275008
3730.948656917	3811.839919573	-0.29704	0.091677	-0.40149	-0.00849002	0.00277209	0.00328579
3737.353895171	3816.607368806	-0.303246	0.108309	-0.299199	-0.00715364	0.00279292	0.00294431
3760.807257952	3819.545393247	-0.290351	0.144754	-0.262111	-0.00785758	0.00376878	0.00301528
3751.608216476	3826.107746123	-0.287091	0.0988232	-0.201666	-0.00713161	0.00351125	0.00246388
3743.111043998	3813.686801083	-0.279879	0.0379936	-0.275558	-0.00722114	0.00353292	0.00258459
3730.965064244	3813.828808539	-0.283603	0.0818579	-0.246972	-0.00740978	0.00336373	0.00278226
3741.430204473	3807.81683263	-0.28165	0.0494518	-0.295242	-0.00823342	0.00317024	0.00286888
3714.464762143	3805.137716812	-0.279271	0.0969649	-0.388923	-0.00910334	0.00316337	0.00294786
3740.170486348	3805.525491318	-0.277628	0.149255	-0.26433	-0.00818844	0.00341337	0.00262512
3745.241261986	3822.121141759	-0.280075	0.120976	-0.249326	-0.0091666	0.00316337	0.00299519
3759.0899577	3811.519618223	-0.289893	0.0837105	-0.2126	-0.00859454	0.00263556	0.00328327
3726.649937178	3808.035335817	-0.28943	0.100583	-0.227132	-0.00907758	0.00241072	0.00328327
3758.492001774	3815.594290747	-0.29157	0.115282	-0.225113	-0.00846445	0.00291868	0.00405384
3733.048794805	3816.873534716	-0.300338	0.127666	-0.279007	-0.00952123	0.00336508	0.00504153
3737.620058479	3818.148071255	-0.297875	0.161564	-0.223688	-0.00700254	0.0029181	0.00317384
3756.497599995	3817.414496823	-0.25633	0.117208	-0.276533	-0.00785703	0.00409169	0.00198623
3749.841694242	3823.190905114	-0.209674	0.247333	-0.388162	-0.0103589	0.00683119	0.00103005
3769.957077447	3832.930184479	-0.225818	0.133487	-0.171811	-0.0097369	0.00599004	0.00156201
3755.865006378	3819.281188766	-0.252569	0.032109	-0.0710177	-0.0079556	0.00666334	0.00188018
3759.770861781	3813.758197097	-0.256622	0.0414676	-0.167965	-0.00848594	0.00757184	0.00200158
3752.778605819	3820.168735371	-0.281655	0.0889223	-0.201959	-0.00903295	0.00778893	0.00304197
3748.527285026	3818.61704892	-0.295303	0.128875	-0.327876	-0.0107742	0.00759672	0.00329267
3741.768377718	3817.188147921	-0.32007	0.181548	-0.354923	-0.0108896	0.00819734	0.00364183
3742.014487627	3807.994145808	-0.314071	0.207794	-0.413853	-0.0121748	0.00791175	0.00319703
3744.581322823	3810.654628051	-0.307474	0.223901	-0.357298	-0.0122488	0.00773149	0.003504
3747.460808755	3818.208875553	-0.310305	0.110132	-0.479636	-0.0126278	0.00712353	0.0038907
3751.532560467	3817.867979199	-0.35164	0.0996127	-0.447025	-0.0122932	0.00760263	0.0034194
3747.087997819	3813.61010921	-0.372483	-0.0484199	-0.559778	-0.0124096	0.00798774	0.00392351
3740.504102002	3812.142568061	-0.386792	0.0406367	-0.491338	-0.0111768	0.00769414	0.00262133
3750.906347477	3811.683201399	-0.388769	0.0136129	-0.601626	-0.0127972	0.00792141	0.00332146
3753.372004155	3811.785980276	-0.365433	-0.0170744	-0.54723	-0.0124303	0.00780663	0.00341939
3757.430083094	3805.872664244	-0.380148	-0.0128545	-0.705187	-0.0144613	0.00827332	0.00504371
3765.774120517	3804.391785378	-0.36595	0.0556114	-0.620449	-0.013433	0.0079437	0.0040871
3729.658858692	3798.724236395	-0.357048	0.0778578	-0.71333	-0.0133682	0.00820301	0.00379194
3775.782590138	3821.63764952	-0.341205	0.150635	-0.498659	-0.0132605	0.00747303	0.00327592
3772.889431434	3826.971363294	-0.340341	0.11974	-0.430294	-0.0127902	0.00699085	0.00307503
3762.382361368	3824.245957753	-0.346319	0.0760474	-0.435543	-0.0121917	0.0065765	0.00358179
3737.154272689	3817.81384376	-0.327882	0.125813	-0.549369	-0.0131902	0.00743984	0.00381005
3732.951262359	3809.982642489	-0.347735	0.11422	-0.528408	-0.0128137	0.00696698	0.00341303
3716.751761257	3806.296136757	-0.342823	0.0601286	-0.554316	-0.0131159	0.00776977	0.00371562
3705.227436902	3806.529546803	-0.355364	0.0850426	-0.49361	-0.0123326	0.00713953	0.00374778
3710.124112567	3801.796422577	-0.3557	0.037199	-0.542443	-0.0135941	0.00760535	0.00396434
3691.182764779	3804.22192563	-0.360143	0.0698325	-0.488374	-0.013342	0.00720104	0.00377252
3705.767055665	3799.607663999	-0.36751	0.0338775	-0.528242	-0.01357	0.00712752	0.00374703
3685.101115479	3804.38178209	-0.35282	0.119526	-0.509549	-0.0132483	0.00718847	0.00344928
3729.523954001	3810.756426214	-0.36859	0.15394	-0.340606	-0.0125506	0.00651605	0.0033083
3690.994080515	3798.885073569	-0.361801	0.0555249	-0.508179	-0.0132475	0.00682069	0.00321105
3709.986473322	3796.029233002	-0.366876	0.0708743	-0.445059	-0.0123199	0.00663232	0.00341413
3675.274949494	3791.453219235	-0.361285	0.0700943	-0.480011	-0.0122009	0.00683421	0.00350909
3718.743428481	3798.434337194	-0.35914	0.1208	-0.372899	-0.0117057	0.00687221	0.00328188
3701.833854717	3806.948508029	-0.359288	0.14077	-0.3458	-0.0124493	0.00729146	0.00324167
3744.580411305	3796.827142303	-0.384504	0.0887638	-0.328623	-0.0129639	0.00711639	0.0030212
3698.859570894	3800.605835197	-0.367078	0.0557076	-0.388588	-0.0124829	0.00720681	0.00340355
3731.757173543	3790.588229063	-0.377427	0.0728749	-0.407145	-0.0127914	0.00681642	0.00395595
3689.757150345	3791.649362131	-0.36245	0.0692031	-0.445053	-0.0126669	0.00675595	0.00395445
3743.152973834	3793.960513876	-0.35966	0.104883	-0.389826	-0.0131131	0.00690662	0.00377361
3706.715946091	3801.159742736	-0.361165	0.122763	-0.360684	-0.0143024	0.00695179	0.00363118
3744.008889406	3806.206695596	-0.361908	0.0769177	-0.372372	-0.0141915	0.00681365	0.00416035
3708.644718561	3797.447346141	-0.359408	0.0679739	-0.409158	-0.0137642	0.00668499	0.00406436
3741.474868864	3801.339409629	-0.36917	0.0518411	-0.417915	-0.0135347	0.00648078	0.00434845
3715.287863059	3802.399954268	-0.369629	0.0830074	-0.449794	-0.0141705	0.00664614	0.00406303
3727.88139824	3807.527129573	-0.356426	0.135354	-0.414582	-0.0134675	0.00664314	0.00384254
3741.006348519	3799.133194333	-0.371486	0.124857	-0.403439	-0.0142555	0.00575485	0.0034526
3738.303697115	3809.216312194	-0.372983	0.0885912	-0.433235	-0.0150963	0.00601077	0.00389802
3732.423493333	3805.884628961	-0.375324	0.0532964	-0.442748	-0.0136095	0.00569069	0.0036853
3710.359284258	3806.211991454	-0.379164	0.057384	-0.543332	-0.0149423	0.00626966	0.00404488
3742.672603753	3807.794864626	-0.364866	0.046513	-0.45504	-0.0151096	0.00620794	0.00397371
3737.144245989	3807.510065141	-0.353237	0.115948	-0.457636	-0.015609	0.00565544	0.00356532
3756.036371796	3818.740226658	-0.364753	0.137876	-0.347666	-0.0153384	0.00561257	0.00350791
3732.779896941	3809.954790198	-0.362558	0.0873177	-0.432947	-0.0158823	0.00586987	0.00368194
3738.287289787	3808.160278841	-0.369698	0.0732454	-0.421065	-0.0146667	0.00625719	0.00436762
3742.317111663	3810.297451838	-0.372973	0.088074	-0.443136	-0.0155217	0.00675436	0.0048461
3739.44309484	3818.576055054	-0.35787	0.090667	-0.371137	-0.0141971	0.00675436	0.00376645
3747.275770564	3807.955505658	-0.36372	0.115634	-0.351051	-0.0149213	0.00602949	0.00327628
3732.705152451	3812.172774067	-0.348664	0.146174	-0.399791	-0.0157773	0.00611808	0.00347826
3740.616218738	3809.457960242	-0.368447	0.0723581	-0.360043	-0.0149494	0.0064379	0.0034261
3730.063572764	3808.493133336	-0.3691	0.0747941	-0.482399	-0.0158798	0.00615977	0.00391794
3762.022311687	3811.672021254	-0.374147	0.0703329	-0.367999	-0.0146225	0.00599428	0.00400122
3762.235606941	3802.224602519	-0.369796	0.118172	-0.379457	-0.0156391	0.00578063	0.00355272
3738.073083015	3806.704506266	-0.349012	0.172079	-0.444065	-0.0171751	0.00637021	0.00371006
3734.002242821	3814.451169949	-0.363052	0.13275	-0.353251	-0.0163086	0.00587434	0.00373172
3713.750131889	3809.776300163	-0.352868	0.0700966	-0.418289	-0.0163017	0.00645643	0.00352398
3734.504489339	3803.607017651	-0.353478	0.0778747	-0.366952	-0.0153389	0.00646484	0.00389734
3722.937323629	3803.715092386	-0.377089	0.081218	-0.417085	-0.0160522	0.006448	0.00417898
3737.445958507	3805.108099235	-0.365249	0.116796	-0.349612	-0.0158159	0.00619962	0.00403093
3724.857892435	3804.257231351	-0.353454	0.196597	-0.355868	-0.0169431	0.00578034	0.00379562
3741.615242664	3810.305297553	-0.343435	0.163992	-0.271798	-0.0162269	0.00597973	0.0036074
3735.933749846	3809.702746577	-0.352888	0.094541	-0.34812	-0.0154488	0.00556145	0.00359966
3760.820930725	3814.337995498	-0.344986	0.0776911	-0.313901	-0.0153374	0.00571391	0.00394923
3759.197516846	3810.509678451	-0.354657	0.0830993	-0.378304	-0.0157889	0.00520631	0.00379995
3731.45819558	3810.709940348	-0.344039	0.120259	-0.516918	-0.0172094	0.00597974	0.00362333
3742.522203253	3816.234697303	-0.350808	0.13986	-0.385013	-0.0168886	0.00580213	0.00332844
3757.277859558	3816.304524174	-0.347006	0.116232	-0.34594	-0.0164256	0.00521392	0.0031586
3725.881527352	3809.608205701	-0.346479	0.0689384	-0.474795	-0.016478	0.00559398	0.00348095
3724.443151663	3809.579176552	-0.360595	0.0798712	-0.365056	-0.0160307	0.0050597	0.00360758
3736.075946682	3808.037689531	-0.354911	0.123455	-0.401597	-0.0162555	0.00552979	0.00377404
3709.324711123	3814.763233297	-0.352581	0.17479	-0.308121	-0.0156893	0.0052551	0.00354386
3725.465875062	3811.153615579	-0.338403	0.150026	-0.27966	-0.0158459	0.00491191	0.00305119
3700.894079473	3806.323008333	-0.351995	0.124499	-0.449457	-0.017485	0.00516598	0.00415897
3723.639192628	3805.662399059	-0.359042	0.0641526	-0.327176	-0.0157588	0.00544713	0.00366955
3714.339884152	3801.919796458	-0.357886	0.088916	-0.398415	-0.0170188	0.00570974	0.00443482
3754.556977789	3806.36204077	-0.336479	0.0854053	-0.339483	-0.0163347	0.00670358	0.00434301
3749.015858771	3800.531889325	-0.33982	0.18042	-0.291608	-0.0164386	0.00599908	0.00323273
3752.994635628	3806.251808462	-0.345787	0.135298	-0.255796	-0.015266	0.00578914	0.00329003
3734.090660085	3800.135680675	-0.350158	0.0686482	-0.290685	-0.0155677	0.00578914	0.00324662
3742.567779163	3811.995068604	-0.352359	0.0810204	-0.268643	-0.0147625	0.00512969	0.00343533
3757.535819203	3803.857099843	-0.344654	0.0342159	-0.299394	-0.0148775	0.0039595	0.00331646
3739.909792148	3800.865528392	-0.341629	0.0986806	-0.294384	-0.0147963	0.0053623	0.00349865
3754.791237962	3800.004461078	-0.351627	0.159094	-0.280182	-0.0150518	0.00498219	0.00348187
3734.971186647	3800.896126683	-0.347309	0.193064	-0.431868	-0.0168157	0.00447417	0.00312355
3756.638885313	3805.150662243	-0.355611	0.134585	-0.405511	-0.0150733	0.0044349	0.00345123
3736.752293172	3803.305742162	-0.372142	0.0751806	-0.432003	-0.0152683	0.00420031	0.00338329
3737.241778434	3805.338567138	-0.364134	0.00529235	-0.420168	-0.0145825	0.00499573	0.00357347
3737.264566389	3807.780153909	-0.352147	0.0347609	-0.437059	-0.0145357	0.00467308	0.00388501
3747.036952801	3807.832720205	-0.335684	0.0544273	-0.433053	-0.0137116	0.00535567	0.0044147
3759.407166027	3806.139810868	-0.335028	0.100927	-0.449408	-0.0138791	0.00535567	0.00463946
3744.551242723	3811.831093142	-0.30901	0.137856	-0.443542	-0.0138591	0.00645951	0.0034863
3753.883365854	3817.18873635	-0.314316	0.150504	-0.372459	-0.0133839	0.00533118	0.00312129
3732.673249314	3809.916738476	-0.307427	0.125722	-0.532466	-0.0145827	0.00624411	0.0031945
3742.422847772	3816.336691609	-0.302088	0.0823703	-0.480922	-0.0129073	0.00672489	0.00321739
3741.272511828	3809.800229596	-0.30923	0.0776508	-0.427768	-0.0127187	0.0066346	0.00301838
3730.1756895	3819.421823222	-0.309965	0.071951	-0.391363	-0.0115833	0.00618378	0.00301921
3742.009930036	3804.168182477	-0.307053	0.080742	-0.352239	-0.012363	0.00579814	0.00262761
3718.893828981	3810.83939466	-0.304419	0.10686	-0.510295	-0.013767	0.00629224	0.0033577
3755.847687533	3815.909688524	-0.306223	0.0710228	-0.340554	-0.0127569	0.00580234	0.00275718
3719.580202171	3810.288233121	-0.30599	0.0846551	-0.363367	-0.0132371	0.00571359	0.00236317
3753.551573236	3812.615076298	-0.30005	0.0877705	-0.3284	-0.0127908	0.0067093	0.00208982
3736.463341908	3800.462258597	-0.303225	0.126416	-0.348351	-0.0130242	0.00604934	0.00268813
3759.293226255	3807.007743184	-0.305409	0.14285	-0.287735	-0.0129887	0.00621483	0.00214278
3744.364381496	3804.173086049	-0.302702	0.147745	-0.299876	-0.013931	0.00640083	0.00203696
3750.002121442	3806.842787008	-0.302495	0.125748	-0.271288	-0.0126481	0.00610277	0.00244937
3760.900232807	3805.915031109	-0.310094	0.0646535	-0.312327	-0.0133068	0.00581568	0.00238864
3740.130379548	3807.141316496	-0.31016	0.0505687	-0.308907	-0.0130559	0.00579161	0.00244937
3757.777371521	3803.911235283	-0.318886	0.064249	-0.319519	-0.0134535	0.00564026	0.00244937
3736.934596808	3804.78269817	-0.308824	0.117421	-0.404979	-0.0137718	0.00564026	0.00244937
3762.488097477	3812.648616733	-0.321882	0.151787	-0.300004	-0.014318	0.00579322	0.0023388
3740.529624511	3807.009704613	-0.322471	0.134464	-0.311344	-0.0149679	0.00556438	0.00219052
3757.214053285	3806.204734167	-0.325591	0.0714714	-0.298313	-0.0140153	0.00613023	0.00229015
3736.249135136	3807.907842934	-0.328833	0.104867	-0.340477	-0.0142681	0.0058532	0.00271862
3749.865393715	3806.663316258	-0.31493	0.106471	-0.311903	-0.0144191	0.0057087	0.00274842
3741.064685683	3803.582892075	-0.324759	0.115897	-0.337859	-0.014533	0.00581852	0.00262613
3758.243157311	3815.785726214	-0.331739	0.174374	-0.263024	-0.0140879	0.00548498	0.00222884
3764.132476274	3813.754470382	-0.321484	0.160306	-0.266098	-0.0151218	0.00578415	0.00212577
3754.063846454	3820.743630199	-0.33014	0.127027	-0.243194	-0.0145422	0.0055317	0.00245136
3752.472335711	3816.591481231	-0.32339	0.038773	-0.302299	-0.0145487	0.00533612	0.00256329
3764.124272611	3821.52525964	-0.335697	0.0535973	-0.298798	-0.0148719	0.00578415	0.00273904
3775.468116366	3819.64719141	-0.329053	0.106498	-0.295739	-0.0152847	0.00546536	0.00241428
3748.628463544	3822.918854917	-0.331249	0.147328	-0.367431	-0.0171465	0.00560899	0.00259752
3755.724632578	3820.875830511	-0.332533	0.110763	-0.302964	-0.0163415	0.00571828	0.00237554
3744.079987824	3822.120945616	-0.329828	0.0876142	-0.37651	-0.0161984	0.00583479	0.00297442
3779.64378115	3820.448631284	-0.321169	0.0827093	-0.302563	-0.0148879	0.00608711	0.00265477
3763.488944439	3817.419204253	-0.317754	0.16053	-0.302721	-0.0144476	0.00575594	0.0023676
3807.810604443	3839.266580738	-0.303452	0.227733	-0.00397332	-0.00937217	0.00615865	0.00168179
3791.40601175	3832.203475048	-0.302078	0.185924	0.0514058	-0.0057553	0.0056047	0.000835759
3796.81131456	3828.50304317	-0.306467	0.136834	0.0465382	-0.00399632	0.00659112	0.00125725
3762.794367586	3826.961163864	-0.304869	0.0161601	-0.0354972	-0.0031627	0.00718566	0.00178011
3763.640256457	3821.727679109	-0.331983	0.0399883	-0.0595926	-0.00365357	0.00743025	0.00206192
3765.428655127	3817.823650905	-0.325752	0.030217	-0.168984	-0.0031627	0.007617	0.00221316
3767.717477278	3819.764288719	-0.326697	0.11441	-0.157609	-0.00454545	0.0077863	0.00236785
3770.928755828	3820.977824817	-0.325849	0.150745	-0.230214	-0.00456438	0.00745795	0.00261022
3774.393436431	3818.608418632	-0.30783	0.178341	-0.260013	-0.00640829	0.00808928	0.0027462
3772.563107925	3816.54872208	-0.314386	0.211239	-0.235864	-0.00721378	0.00845302	0.00215394
3761.371487706	3818.333622435	-0.302765	0.168027	-0.319605	-0.0075508	0.0086843	0.00187285
3745.102711222	3817.26189765	-0.293735	0.0650365	-0.325616	-0.00611131	0.00860161	0.00172708
3753.487766964	3814.152836604	-0.301315	0.0136416	-0.291994	-0.00660847	0.00834956	0.00205294
3743.357153907	3816.030708691	-0.310349	0.0305836	-0.259522	-0.00668976	0.00829966	0.00229272
3756.477546595	3806.902806734	-0.319693	-0.0101087	-0.316344	-0.00724659	0.00789565	0.00246771
3733.105308932	3803.977139296	-0.318692	0.0382307	-0.320762	-0.0071977	0.00824959	0.00306554
3766.242640862	3807.248802803	-0.321883	0.0625531	-0.312043	-0.00777675	0.00794601	0.00301021
3715.035372523	3810.726612494	-0.318521	0.0790602	-0.467595	-0.00860334	0.00835735	0.00376505
3747.121723992	3811.385260339	-0.320216	0.169463	-0.325352	-0.00724566	0.00798292	0.00293128
3748.205519108	3822.831767472	-0.320327	0.145985	-0.240597	-0.00750786	0.0079787	0.00288342
3762.497212659	3821.382075326	-0.326839	0.0864631	-0.162702	-0.00796962	0.0075287	0.00299597
3734.250175766	3811.691831686	-0.331953	0.0851379	-0.210487	-0.00779922	0.00809642	0.00331383
3731.829183479	3811.728902693	-0.332678	0.111876	-0.142772	-0.00791664	0.00817831	0.00323275
3729.128355111	3804.775048597	-0.340039	0.0613554	-0.186085	-0.00851777	0.00783161	0.00358599
3720.072421988	3809.994607206	-0.337767	0.123536	-0.124043	-0.00786977	0.00855002	0.00350186
3727.174060132	3804.450235961	-0.336935	0.126036	-0.15398	-0.00897679	0.00815354	0.0029661
3729.295162938	3808.569432923	-0.338129	0.114989	-0.108143	-0.00908632	0.00859251	0.00323228
3743.149327762	3806.22121017	-0.350518	0.10193	-0.166176	-0.00925271	0.00832122	0.00334493
3727.446604068	3813.841753971	-0.355215	0.102127	-0.11419	-0.00882837	0.00919787	0.00404075
3724.628189854	3804.364717658	-0.354341	0.118079	-0.143632	-0.00963847	0.00909396	0.00374527
3736.738620399	3811.575518949	-0.32321	0.177664	-0.228649	-0.00865691	0.0100246	0.00272116
3760.439916126	3820.026924057	-0.327438	0.303056	-0.10855	-0.00729068	0.00807511	0.00182756
3738.771305941	3820.16461637	-0.298519	0.214536	-0.138876	-0.00769641	0.00754655	0.0015229
3751.79143163	3820.12734922	-0.312265	0.0604641	-0.154384	-0.00722502	0.00773951	0.00158147
3731.446345843	3819.000900567	-0.317707	0.0225134	-0.0947754	-0.00781819	0.00750489	0.00247164
3745.134614359	3811.188332872	-0.337664	0.0699791	-0.0979286	-0.00756402	0.00739187	0.00267934
3713.137591672	3810.191534674	-0.327883	0.126217	-0.11911	-0.00764003	0.0070854	0.00267149
3759.4007854	3806.363806056	-0.328025	0.184405	-0.109717	-0.00787633	0.00703477	0.00286673
3732.614000633	3816.524400361	-0.298175	0.16858	-0.222189	-0.0080253	0.00912445	0.00347425
3771.366284554	3816.794489129	-0.296636	0.208797	-0.118578	-0.00746	0.00855356	0.00218867
3752.679250338	3807.337067106	-0.279964	0.215081	-0.159279	-0.00755398	0.00850658	0.00218867
3744.862070423	3815.532701878	-0.293419	0.168238	-0.137832	-0.00686243	0.0079134	0.00218867
3755.145818534	3811.803633137	-0.300119	0.118519	-0.15441	-0.00758195	0.00835581	0.00218867
3724.826900817	3816.846859282	-0.299014	0.0989612	-0.13323	-0.00758876	0.00835581	0.00218867
3749.70770107	3809.923407335	-0.300577	0.0988321	-0.146127	-0.00758791	0.00758354	0.00185304
3727.39555905	3814.532569251	-0.287744	0.143112	-0.193416	-0.00818404	0.00769341	0.00172586
3762.099790732	3811.860514577	-0.305831	0.10696	-0.147882	-0.00698367	0.00755605	0.00157076
3728.959724247	3811.27149746	-0.309783	0.0873799	-0.216245	-0.00692591	0.00755605	0.00211136
3775.726076011	3813.153096262	-0.294819	0.111669	-0.110515	-0.00756453	0.00755605	0.00224754
3744.411780441	3820.157555226	-0.268715	0.131464	-0.124821	-0.00817748	0.0073537	0.00247033
3771.565907036	3816.837836709	-0.258487	0.17566	-0.0505927	-0.00808381	0.0070092	0.00287695
3751.534383503	3819.166445172	-0.252608	0.190728	-0.106148	-0.00827396	0.0067415	0.00282551
3781.410303384	3821.541343358	-0.266672	0.218904	-0.0614432	-0.00753598	0.00607505	0.0025954
3753.186965964	3819.314925344	-0.280034	0.208555	-0.150868	-0.00712086	0.00673329	0.00252464
3764.402285656	3820.821106643	-0.268293	0.2487	-0.0481397	-0.00793938	0.00497053	0.00204456
3764.714024874	3824.106500153	-0.281787	0.153046	-0.159374	-0.00871184	0.00578542	0.00254719
3765.128765646	3825.788817774	-0.294939	0.119602	-0.100576	-0.0071015	0.00587605	0.00237157
3762.550080713	3819.585406398	-0.316693	0.0472034	-0.206076	-0.00693521	0.00539144	0.00208829
3769.582443475	3822.654258151	-0.322949	0.156048	-0.154113	-0.00533015	0.00531136	0.00213764
3750.90999355	3817.417242824	-0.296605	0.130544	-0.221295	-0.00679063	0.00503292	0.00234514
3758.914034692	3825.763319197	-0.294205	0.119321	-0.18085	-0.00668907	0.00494599	0.00255289
3754.687324889	3817.322701948	-0.288998	0.118555	-0.26095	-0.0071952	0.00497883	0.0029718
3767.765787742	3815.784157071	-0.294726	0.167293	-0.195946	-0.00682532	0.00437736	0.00298325
3769.967104147	3823.67145521	-0.2796	0.228271	-0.202984	-0.00775614	0.00466285	0.00274606
3784.539545297	3822.332583801	-0.27777	0.13866	-0.174897	-0.00662907	0.00437736	0.00299488
3755.668118451	3821.805351696	-0.270311	0.147758	-0.226851	-0.00729394	0.00477855	0.0032053
3771.120174645	3819.562261536	-0.284366	0.125954	-0.164568	-0.00590062	0.00466181	0.00306184
3772.539408452	3814.832471739	-0.283246	0.140837	-0.221692	-0.00640318	0.00447932	0.00291606
3758.036242684	3818.021362944	-0.289426	0.179064	-0.140442	-0.00578987	0.00409823	0.0026224
3791.854478695	3822.362005235	-0.290958	0.197792	-0.0449617	-0.00659468	0.0042109	0.00237445
3788.459073473	3827.58195613	-0.299887	0.166785	0.0235404	-0.00493559	0.00397319	0.00236245
3772.510239871	3817.204035496	-0.298698	0.145907	0.0917419	-0.00295664	0.00416001	0.00252688
3760.41257058	3820.385669414	-0.281908	0.132637	0.14364	-0.00279718	0.00407638	0.00172049
3748.13442069	3810.210364392	-0.270694	0.0821099	0.144349	-0.0031921	0.00471284	0.00147199
3722.224516412	3807.473582562	-0.284353	0.085775	0.111036	-0.00252605	0.00514579	0.00193352
3739.829578549	3805.759489793	-0.273106	0.0263151	0.0953431	-0.00250093	0.00477998	0.00191215
3725.526035262	3810.033639642	-0.293147	0.155029	0.0760774	-0.00333288	0.00552146	0.00200584
3779.465123587	3808.956030571	-0.280442	0.206051	0.0447085	-0.00375016	0.00407413	0.00194751
3752.514265547	3807.760343476	-0.260613	0.228572	-0.0218842	-0.00316708	0.00418848	0.0015793
3762.611152431	3813.592260207	-0.256256	0.259575	-0.00958384	-0.00393852	0.00481902	0.00132099
3769.67997592	3806.416764638	-0.259827	0.260485	-0.0061358	-0.00308569	0.00435963	0.00119342
3738.823262477	3809.506211395	-0.272664	0.192555	-0.0461877	-0.00426742	0.00523362	0.000880022
3768.03195105	3813.484381614	-0.261098	0.130261	-0.00269751	-0.00438922	0.0051726	0.000908086
3747.381506673	3810.796243222	-0.269971	0.0800344	-0.0240602	-0.00505923	0.00587218	0.000637945
3758.169324338	3814.383108364	-0.273902	0.100559	-0.000393645	-0.00479849	0.00553271	0.00106409
3770.156699929	3810.283329549	-0.268209	0.0465387	0.00460248	-0.00557111	0.00471009	0.000637945
3752.511530993	3817.215411784	-0.276767	0.134224	0.0338699	-0.0058679	0.00510828	0.000803003
3748.569214862	3809.726872153	-0.280657	0.185386	0.0294325	-0.00574004	0.00467015	0.000637946
3761.002322843	3812.740411609	-0.279961	0.11087	0.00433236	-0.00625589	0.00499098	0.000422124
3765.280077664	3820.353305836	-0.279596	0.117441	-0.03816	-0.00553483	0.00395917	0.000205509
3745.219385549	3819.203123893	-0.282273	0.144167	-0.0182692	-0.00450382	0.00405541	0.000429219
3764.32024902	3820.916432091	-0.279093	0.185228	-0.0693955	-0.00462374	0.00380366	0.000616401
3741.108438556	3827.731220874	-0.278128	0.21091	-0.119983	-0.00600514	0.00408848	0.0007987
3778.41140857	3833.173990098	-0.282915	0.185436	-0.107635	-0.00447722	0.00371062	0.000287045
3753.005573846	3830.628055307	-0.26475	0.143052	-0.1306	-0.00516348	0.00368295	0.000399162
3750.58913915	3834.937118592	-0.27103	0.150491	-0.12214	-0.0056412	0.00397928	0.000517669
3752.360218975	3835.282526232	-0.259862	0.0936292	-0.100716	-0.00434659	0.00326418	0.000370817
3733.223806295	3831.246101572	-0.280045	0.10822	-0.107104	-0.00631373	0.00354093	0.000566258
3734.393284121	3830.986800664	-0.28215	0.13378	-0.060926	-0.00658534	0.00287991	0.000493765
3714.548621815	3829.262312321	-0.275571	0.142372	-0.0791125	-0.00670645	0.00326681	0.000512577
3712.617114791	3824.550371527	-0.264674	0.133784	-0.0433626	-0.00639361	0.0034416	0.000840961
3701.306997208	3827.22772206	-0.268226	0.151299	-0.06018	-0.00623329	0.00330795	0.000921463
3693.055934639	3824.066879288	-0.27921	0.182151	0.000732638	-0.00560768	0.00303096	0.000921463
3717.539312965	3817.48334298	-0.282622	0.171446	-0.0115726	-0.00623931	0.00305705	0.000921464
3704.575701403	3817.422146396	-0.283484	0.193599	0.0093323	-0.00750425	0.00347835	0.000921463
3743.899507224	3821.008815395	-0.291472	0.217857	0.0166209	-0.00772951	0.0025533	0.000551251
3710.161484813	3830.437012126	-0.294101	0.14117	-0.0976395	-0.00607452	0.00316987	0.00142313
3767.820478832	3833.327569986	-0.304159	0.150177	-0.0874892	-0.00493704	0.00348377	0.00245983
3739.736603694	3827.18849348	-0.31816	0.126923	-0.187809	-0.00603031	0.00289393	0.00248187
3732.312288115	3815.416192998	-0.31875	0.102103	-0.117944	-0.00636131	0.00303272	0.00246183
3738.908945186	3814.179119752	-0.312092	0.0426611	-0.181001	-0.00541656	0.00314354	0.00271149
3717.36156692	3814.984090198	-0.311482	0.0925236	-0.146988	-0.00429969	0.0033155	0.00252531
3733.222894777	3798.38255547	-0.334532	0.0511303	-0.175124	-0.00579103	0.00304985	0.00247885
3736.403181708	3806.643309683	-0.3296	0.0784318	-0.122101	-0.00497242	0.00335036	0.00280141
3742.33351899	3805.905223965	-0.339293	0.133504	-0.122824	-0.00556461	0.00295261	0.00192167
3743.570449161	3808.40604589	-0.32725	0.243343	-0.148996	-0.00657983	0.00295261	0.0018857
3754.338213426	3810.03148207	-0.338018	0.229973	-0.058177	-0.00661854	0.00252206	0.00207296
3732.881075459	3803.861414987	-0.335161	0.131842	-0.20128	-0.00834627	0.00285003	0.0020692
3742.324403808	3806.621930107	-0.332089	0.118328	-0.106543	-0.00714602	0.00328443	0.00232425
3722.421404339	3804.855467185	-0.334919	0.098054	-0.1598	-0.00792898	0.00374803	0.0023948
3746.610362293	3799.422505105	-0.34861	0.129971	-0.0961219	-0.00774147	0.00421889	0.00291523
3728.468415948	3800.155883393	-0.352132	0.131358	-0.147694	-0.00824768	0.00455011	0.00328975
3748.607498626	3804.086194746	-0.361496	0.165297	-0.109687	-0.00886799	0.0041733	0.00331948
3729.563149283	3803.580342217	-0.361525	0.160677	-0.173185	-0.00869173	0.00452338	0.00367038
3760.191071662	3806.642525111	-0.351848	0.150019	-0.180575	-0.00915783	0.00599865	0.00448068
3745.309625849	3805.473709593	-0.344775	0.185846	-0.170282	-0.00881563	0.00579309	0.00424452
3761.254813379	3822.999273505	-0.356133	0.185752	-0.107212	-0.00679745	0.00469077	0.00484539
3777.961118589	3831.292587439	-0.35671	0.12082	-0.242014	-0.00737116	0.00667668	0.00649505
3742.287031563	3813.814882394	-0.35769	0.0987872	-0.280189	-0.00694932	0.00775919	0.00697008
3741.332672028	3803.300642447	-0.360096	-0.000165287	-0.327606	-0.00775299	0.00832895	0.0068406
3711.778518065	3810.228213395	-0.370456	-0.0048384	-0.309804	-0.00716496	0.00870919	0.00677925
3761.21926417	3814.054765156	-0.37315	-0.00571869	-0.297593	-0.00702672	0.00756048	0.00649404
3742.174914827	3811.209712447	-0.348517	0.0789664	-0.349096	-0.00669193	0.00746766	0.00593639
3745.195686077	3809.746878728	-0.365164	0.0876344	-0.263067	-0.00608925	0.00691405	0.00601333
3724.118651191	3810.19329996	-0.363695	0.117521	-0.316293	-0.00758098	0.00719302	0.00575525
3751.558994494	3804.837225895	-0.360147	0.127822	-0.262129	-0.00714954	0.00732036	0.00564797
3730.92222289	3808.076721968	-0.350443	0.133726	-0.308704	-0.00758165	0.00759755	0.00575802
3744.789148968	3806.968122319	-0.358089	0.169121	-0.237597	-0.00658506	0.00693644	0.0053941
3730.635094663	3808.294440582	-0.36152	0.165224	-0.234336	-0.00769372	0.0070186	0.00533336
3751.575401821	3821.566253506	-0.362209	0.106664	-0.177917	-0.00757277	0.00691525	0.00532507
3736.953738689	3809.08803474	-0.359718	0.0059593	-0.250523	-0.00777294	0.00700631	0.00541661
3753.517847064	3811.304645609	-0.362517	0.0483501	-0.215383	-0.00726284	0.00740758	0.00581435
3748.414256772	3808.703202378	-0.37348	0.0100105	-0.27529	-0.00777135	0.00803665	0.00604082
3746.507360738	3817.376052816	-0.3627	0.109973	-0.22505	-0.00701211	0.00769723	0.00577839
3759.353386455	3813.866271833	-0.33524	0.230163	-0.177808	-0.00575869	0.00613537	0.00448145
3770.867684109	3832.148947323	-0.299779	0.304038	-0.0919574	-0.00337997	0.00498945	0.00263029
3784.960666697	3824.641381831	-0.315041	0.210228	0.0072569	-0.00344746	0.00483877	0.00279266
3757.191265331	3818.061768381	-0.315139	0.0984343	-0.0365278	-0.0030927	0.00611919	0.00297211
3751.143342204	3818.255949848	-0.329134	0.0405638	-0.0902322	-0.00159742	0.00669232	0.00344569
3736.084150345	3813.425342602	-0.328084	0.076071	-0.109299	-0.00242544	0.00708696	0.00334924
3752.448636238	3798.687557673	-0.324996	0.0906099	-0.127621	-0.00322984	0.0070798	0.00332741
3735.714985482	3807.691693463	-0.339224	0.173942	-0.111789	-0.00338274	0.00697466	0.00393357
3759.695205772	3804.175635907	-0.333261	0.211272	-0.126299	-0.00473986	0.0066254	0.00363393
3735.860828391	3808.381331885	-0.325948	0.238211	-0.229603	-0.00504876	0.00715409	0.00385505
3769.507698984	3808.067895537	-0.324474	0.221522	-0.0992066	-0.00484522	0.00612292	0.00325274
3753.535165909	3815.820247364	-0.317938	0.216849	-0.150458	-0.00568986	0.00646463	0.00378324
3762.583806886	3815.624496753	-0.314249	0.125887	-0.101775	-0.00519026	0.00675519	0.00388524
3750.480668487	3814.69909457	-0.308738	0.0778958	-0.135917	-0.00516415	0.00634859	0.00378324
3782.609861309	3811.784018847	-0.321485	0.0670035	-0.0895031	-0.00496074	0.00664222	0.00416908
3760.453588898	3806.496398654	-0.320506	0.0582929	-0.124698	-0.00506616	0.00626171	0.003977
3756.414651841	3808.713205666	-0.315356	0.103643	-0.0818137	-0.00515528	0.00616784	0.00428362
3768.236131123	3798.498475921	-0.329626	0.115523	-0.118528	-0.00572521	0.00627082	0.0043722
3753.790391	3807.942560227	-0.315526	0.176185	-0.195684	-0.00660809	0.00688041	0.00432163
3771.777379253	3803.482270769	-0.327846	0.205023	-0.119206	-0.00625123	0.00679495	0.00430213
3777.811629608	3810.35041042	-0.325107	0.154315	-0.191386	-0.00637866	0.00751316	0.00444995
3749.684913115	3807.44023827	-0.331653	0.205268	-0.15857	-0.00511463	0.00648052	0.00456801
3761.330469388	3807.716799753	-0.318366	0.157201	-0.181919	-0.00600113	0.00637765	0.00438418
3746.808161738	3828.137040526	-0.30264	0.149612	-0.136725	-0.00585928	0.00577287	0.00357647
3755.806669215	3826.323111023	-0.307434	0.114236	-0.0279503	-0.00629061	0.00466133	0.00264945
3727.036420887	3816.013840402	-0.30623	0.13802	-0.0706534	-0.00637978	0.00576744	0.00264945
3734.636659475	3813.475359041	-0.306917	0.167718	-0.00069688	-0.00610633	0.00544027	0.00247713
3721.915511749	3806.972045177	-0.299633	0.261298	-0.0359455	-0.00710053	0.00474496	0.0022036
3737.12875018	3812.473068841	-0.30616	0.230145	-0.00662341	-0.00649483	0.00566616	0.00209626
3731.007905599	3810.382773997	-0.310967	0.115187	-0.0421526	-0.00669051	0.0056908	0.00223165
3753.095814146	3815.245940964	-0.316415	0.109998	-0.035795	-0.00626589	0.00593528	0.00256606
3733.657688949	3814.805011733	-0.31565	0.146195	-0.0741191	-0.00564129	0.00545957	0.00256606
3739.464971276	3811.353681333	-0.337892	0.176621	-0.0260503	-0.00632074	0.00567842	0.00272579
3732.960377541	3816.821556848	-0.33604	0.182135	-0.079921	-0.00656643	0.00581549	0.00280373
3748.324016472	3813.436130461	-0.333428	0.216132	-0.0285201	-0.00641274	0.00530622	0.00271082
3789.210164454	3814.591019834	-0.34294	0.251799	-0.0442661	-0.00696076	0.0053379	0.00246734
3737.001137635	3818.397565019	-0.339911	0.198383	-0.134096	-0.00841769	0.00595272	0.00277489
3761.510038469	3810.430829007	-0.347892	0.117953	-0.0879644	-0.00755786	0.00581529	0.00275652
3734.806201856	3811.319160183	-0.344866	0.10327	-0.0971208	-0.00685084	0.00566691	0.00275652
3749.859924606	3811.232465023	-0.350085	0.127136	-0.0277627	-0.00679816	0.00555083	0.00275652
3738.157854206	3814.030247294	-0.346313	0.128926	-0.044133	-0.00694657	0.00578401	0.0031842
3738.974574495	3803.227088861	-0.346442	0.16508	-0.0333053	-0.00653806	0.00587006	0.00296657
3746.615831402	3803.343401598	-0.340356	0.184856	-0.0424152	-0.00770182	0.00586288	0.0027692
3751.61095103	3807.330790534	-0.348055	0.143955	-0.0161788	-0.00721646	0.00561898	0.00295095
3743.870338642	3798.789355836	-0.352879	0.120156	-0.0527455	-0.0073379	0.00575069	0.0030399
3760.104477435	3812.854370631	-0.339987	0.116085	-0.0685176	-0.00713839	0.00629014	0.00381115
3757.060006713	3808.36877874	-0.366284	0.152591	-0.0647933	-0.00695782	0.00585494	0.00375426
3747.760698236	3807.802906485	-0.34748	0.148523	-0.0340961	-0.00735391	0.00535835	0.00321162
3773.694301987	3816.905702151	-0.350361	0.232598	0.0060516	-0.00775535	0.0052298	0.00245686
3763.024070167	3823.60574734	-0.342191	0.247709	-0.00900478	-0.00714737	0.0051278	0.00169599
3798.748290693	3827.115528323	-0.3418	0.192983	0.0333425	-0.00299107	0.00436305	0.00118965
3784.596970943	3823.489630745	-0.350158	0.166449	0.0887724	-0.00258185	0.0055022	0.00134963
3781.44220652	3821.371287467	-0.373215	0.137018	0.184354	-0.00132277	0.00552906	0.00227736
3775.435301711	3817.86464477	-0.400548	0.0596206	0.210173	-0.00121853	0.00538511	0.00351601
3756.837596277	3813.53694791	-0.413193	0.0554253	0.180306	-0.00230729	0.00625712	0.00396846
3743.878542306	3815.669021191	-0.395956	0.0918425	0.145087	-0.0028766	0.0063627	0.00388273
3767.960852632	3817.771084609	-0.392329	0.134356	0.108916	-0.00356309	0.00591832	0.00344504
3763.475271666	3818.540160904	-0.382319	0.234174	0.0802357	-0.00390688	0.00580865	0.00389039
3750.714017141	3817.030841319	-0.392599	0.339399	0.0207739	-0.00517	0.00590414	0.00426307
3766.720276389	3813.502230617	-0.393647	0.345662	0.0280337	-0.00560194	0.00540137	0.00455073
3730.964152726	3816.426917341	-0.390629	0.30244	-0.0713663	-0.00605079	0.0059108	0.00456808
3756.119319951	3816.255880736	-0.392588	0.234078	0.0101248	-0.0053479	0.00571219	0.00456808
3742.75919798	3812.024686181	-0.390288	0.141485	-0.0185262	-0.00468183	0.0057162	0.00456808
3760.419862726	3816.776640125	-0.412082	0.116454	0.0269526	-0.00547417	0.00571878	0.00395385
3761.217441134	3818.384423445	-0.44137	0.022155	0.00182546	-0.00416291	0.00582346	0.00337575
3753.871516118	3803.844742841	-0.462492	0.014731	-0.00894422	-0.00340499	0.00542442	0.0029908
3748.788890744	3805.80126823	-0.44803	0.0672101	-0.0447294	-0.00394937	0.0054724	0.0027849
3765.655623154	3804.220748773	-0.4477	0.0774057	-0.0238256	-0.00393321	0.00562827	0.00332818
3748.22466099	3810.26646126	-0.400243	0.0838856	-0.0789481	-0.00447867	0.0050282	0.00399199
3774.421693495	3808.156159841	-0.40775	0.171636	-0.0167209	-0.00443455	0.00481746	0.00404953
3767.733884605	3810.696602631	-0.398469	0.224903	-0.0674502	-0.00514433	0.00519417	0.00429953
3784.011776271	3819.088576442	-0.405132	0.2211	-0.000980471	-0.0044245	0.00474436	0.00411044
3762.763375968	3823.649487205	-0.40349	0.241095	-0.0661722	-0.00483499	0.00488457	0.00391457
3780.218949122	3827.771037882	-0.399017	0.208288	-0.0510252	-0.00399069	0.00463655	0.00404953
3751.178891413	3828.4373353	-0.393523	0.154874	-0.0889235	-0.00459908	0.00496376	0.0036597
3772.329759271	3830.827728775	-0.393766	0.162635	-0.0490553	-0.00466688	0.00495785	0.00383922
3757.375392003	3831.498145194	-0.364623	0.106907	-0.111152	-0.00452448	0.00531839	0.00346025
3752.573514229	3833.778698647	-0.381911	0.151038	-0.0644327	-0.00441609	0.00484917	0.00474184
3741.19138671	3842.348770208	-0.321626	0.133321	0.00822846	-0.00419021	0.00513622	0.00476162
3778.359452034	3870.589424392	-0.15967	0.13934	0.142731	-0.00316189	0.00174728	0.00210947
3743.338012025	3846.584083764	-0.124456	0.345215	0.0670564	-0.00249865	0.00108775	0.0021351
3719.528245635	3832.439631095	-0.123494	0.414037	0.0337061	-0.00189461	0.00234923	0.00268502
3715.168454178	3833.213807106	-0.118659	0.30147	0.0389597	-0.00235339	0.00288387	0.00206451
3731.348813398	3825.443998562	-0.136706	0.256792	0.030394	-0.00188835	0.00290128	0.00237555
3723.341126183	3823.151284249	-0.145694	0.176496	0.00946304	-0.00227972	0.0034802	0.00210772
3739.433979658	3822.059356747	-0.17934	0.24422	0.0260601	-0.00175786	0.00268014	0.00244198
3744.298752187	3834.799622422	-0.170306	0.202487	0.0666753	-0.00300722	0.00343857	0.00244198
3748.480797599	3824.294208905	-0.193409	0.241301	0.0720734	-0.0036577	0.00335712	0.00244198
3757.01625384	3821.903030858	-0.1858	0.212831	0.0375288	-0.00292946	0.0038619	0.00244198
3746.400713111	3816.633651954	-0.201868	0.283508	0.028919	-0.00321638	0.00344024	0.00244198
3761.142696643	3814.524135106	-0.192741	0.206579	-0.0216907	-0.00279012	0.00357721	0.00244198
3747.244778946	3810.376105139	-0.213376	0.24991	-0.0115272	-0.00264628	0.00380078	0.00260706
3754.704643735	3800.25179727	-0.230548	0.227566	-0.0273424	-0.00322312	0.00399103	0.00250841
3740.350966948	3803.394398751	-0.242086	0.210644	-0.00667132	-0.00289749	0.00393614	0.00271534
3768.062942668	3797.42969328	-0.246296	0.180874	-0.0517961	-0.00303811	0.00415578	0.00265475
3742.875872307	3798.835057131	-0.246651	0.200761	-0.0468996	-0.00271814	0.00432514	0.00284449
3775.38607973	3805.432519585	-0.256184	0.20718	-0.112122	-0.00329593	0.00427099	0.00321908
3733.647662249	3811.732629409	-0.258015	0.227549	-0.265775	-0.00398239	0.00519808	0.00368528
3756.794754922	3803.159419562	-0.256248	0.211139	-0.207979	-0.00399172	0.00534601	0.00384511
3727.332664295	3804.161513618	-0.249716	0.283554	-0.161259	-0.00373481	0.00483061	0.00310352
3755.32812217	3804.746411734	-0.254344	0.259492	-0.0840667	-0.00479812	0.00488918	0.00295872
3728.769216948	3800.929667119	-0.239857	0.197809	-0.141593	-0.00466546	0.00509258	0.0029457
3766.08859429	3809.068028165	-0.242739	0.154021	-0.16654	-0.00442273	0.00563374	0.00285785
3719.307658235	3809.620562703	-0.261541	0.177744	-0.260199	-0.00367832	0.00504009	0.00314664
3761.411594506	3798.334892746	-0.268637	0.164555	-0.230499	-0.00380493	0.00542867	0.00314664
3741.309884074	3799.887363769	-0.274137	0.205797	-0.244358	-0.00401179	0.00525541	0.00341294
3771.328912309	3807.835466205	-0.288843	0.19644	-0.186413	-0.00442939	0.00572657	0.00325393
3744.478321269	3807.649915026	-0.277055	0.240864	-0.201169	-0.00533767	0.00515432	0.00273172
3769.153118412	3808.645340223	-0.281313	0.215243	-0.15367	-0.00491724	0.00534731	0.00298548
3736.341198472	3806.265538465	-0.280369	0.170482	-0.204371	-0.00482344	0.00509692	0.00318
3768.974460849	3811.282285319	-0.287317	0.152237	-0.182991	-0.00429611	0.00529568	0.00334035
3747.476304564	3808.82186883	-0.282299	0.18467	-0.24429	-0.00406225	0.00522603	0.0036187
3768.780307476	3817.432149684	-0.283141	0.218069	-0.175349	-0.00388505	0.00505498	0.00353973
3770.999854246	3817.566703711	-0.285413	0.270477	-0.129847	-0.00555406	0.00493039	0.00343874
3773.148302597	3827.561557269	-0.286956	0.268837	-0.074533	-0.00497796	0.00470114	0.00322403
3763.910065838	3815.544274309	-0.285259	0.179748	-0.150161	-0.00581418	0.00495077	0.00370015
3757.263275267	3820.991162534	-0.289108	0.200904	-0.104633	-0.00462421	0.00521312	0.00418467
3761.037872052	3813.429657746	-0.287863	0.22296	-0.156221	-0.00501827	0.00491553	0.00418468
3759.459122564	3819.641699409	-0.271299	0.235579	-0.157498	-0.00527625	0.00613637	0.00459109
3767.667343778	3820.732646197	-0.284291	0.29956	-0.0813549	-0.00508633	0.00471363	0.00384962
3765.333857236	3826.269956298	-0.277551	0.292877	-0.115178	-0.00748951	0.00500048	0.00366456
3767.134105643	3820.479818004	-0.286599	0.206963	-0.0243723	-0.00707786	0.00467414	0.00348598
3754.129475763	3823.181686398	-0.278681	0.201134	-0.0774231	-0.00641075	0.00485282	0.00405513
3762.072445187	3812.129230344	-0.287374	0.231122	-0.0188137	-0.00680163	0.00479075	0.00401696
3746.889286856	3812.153552064	-0.286299	0.224584	-0.10295	-0.00763547	0.00579463	0.00392619
3781.002854757	3815.464248007	-0.285658	0.286857	0.0102138	-0.00772903	0.00518557	0.00392619
3770.684468955	3809.903793045	-0.270838	0.33552	-0.0394766	-0.00842083	0.00479696	0.00371792
3765.642861899	3811.286208177	-0.262892	0.268918	-0.0032582	-0.00799537	0.00488356	0.00374375
3760.418039689	3812.544857141	-0.273343	0.2139	-0.0745334	-0.00799177	0.0052865	0.00395318
3742.184941527	3814.331326639	-0.278546	0.256734	-0.0186745	-0.00708476	0.00488356	0.00420869
3782.052012183	3808.236186142	-0.28481	0.246543	-0.058759	-0.00766639	0.0049478	0.00406441
3761.829981351	3811.642795962	-0.269985	0.256123	-0.0859512	-0.00743418	0.00539067	0.00415032
3738.753987096	3814.817761022	-0.279352	0.329014	-0.0505204	-0.00773301	0.00462455	0.00374375
3755.337237352	3803.308488163	-0.285538	0.275058	-0.0511431	-0.00851715	0.00481025	0.00330168
3744.520251105	3809.268093919	-0.276187	0.240399	-0.0821992	-0.007402	0.00481025	0.00396881
3751.827892357	3804.791916886	-0.275798	0.246049	-0.0312621	-0.0069051	0.00436709	0.00336209
3732.020602297	3808.576494067	-0.288777	0.225293	-0.0920799	-0.00653078	0.00477842	0.00362923
3745.867474976	3805.247360691	-0.296129	0.22149	-0.0325249	-0.00614422	0.00491827	0.00341481
3735.17992431	3806.223563885	-0.284973	0.290192	-0.0414548	-0.00670896	0.00448846	0.0036143
3760.63315798	3805.255598693	-0.297259	0.298678	0.014504	-0.00720076	0.00429418	0.00358062
3746.412562847	3808.807550399	-0.293504	0.219012	-0.0515203	-0.00691932	0.00462694	0.0037227
3762.243810605	3809.619581989	-0.293559	0.216935	-0.0329891	-0.00593663	0.00475963	0.00363696
3763.130717794	3809.182771759	-0.292329	0.239547	-0.0554769	-0.0058311	0.00444262	0.00347998
3766.355669116	3815.814363077	-0.292747	0.329169	0.0256549	-0.00680492	0.00407743	0.00286175
3762.831739831	3813.981603855	-0.289341	0.297177	0.00653168	-0.00765849	0.00435424	0.00205721
3765.074986073	3818.16670483	-0.286766	0.255558	0.0107574	-0.00693127	0.00428164	0.0023475
3773.869313478	3817.654379585	-0.277409	0.164466	-0.0721284	-0.00715413	0.00438703	0.00272074
3765.133323237	3818.380500587	-0.275088	0.214558	-0.0221833	-0.00561462	0.00426167	0.00309413
3780.867038548	3815.606843893	-0.288476	0.238058	-0.068555	-0.00572387	0.00443561	0.00339742
3764.644749492	3811.81128271	-0.287439	0.293519	-0.0948873	-0.00686125	0.0051146	0.00337569
3772.543054525	3813.390625309	-0.288186	0.339891	-0.0049841	-0.00700288	0.00451944	0.00311583
3755.473965079	3820.619275603	-0.296647	0.324211	-0.0810235	-0.00844029	0.00559227	0.00326654
3761.60483636	3813.434365175	-0.281115	0.25188	-0.0377422	-0.00798486	0.00533706	0.00332226
3771.440117527	3826.167961992	-0.294857	0.217537	-0.0854821	-0.00769131	0.00573324	0.00385204
3764.184432811	3830.22125494	-0.301314	0.232741	-0.0861799	-0.0064891	0.00574824	0.0037057
3761.333203942	3821.553111932	-0.297566	0.195981	-0.161834	-0.00686297	0.00625194	0.00361807
3754.144971572	3823.674005068	-0.299824	0.252979	-0.0907896	-0.00596077	0.00560238	0.00442727
3774.815469349	3818.352844439	-0.332376	0.279226	-0.0322059	-0.00835601	0.0042518	0.00505879
3753.797683145	3820.918981949	-0.35252	0.219118	-0.20908	-0.009286	0.00510939	0.00517743
3759.680621481	3813.937667847	-0.376609	0.219727	-0.0978711	-0.00941604	0.00499003	0.00582935
3749.147117389	3816.268237739	-0.373168	0.205075	-0.081666	-0.00863457	0.00529196	0.00582935
3753.993659554	3812.811219194	-0.366054	0.193325	-0.0522018	-0.00925092	0.00529725	0.0058328
3773.235808342	3837.521105105	-0.337991	0.216734	-0.126029	-0.0071361	0.00747142	0.00666162
3771.828424272	3825.201958228	-0.337855	0.342387	-0.170332	-0.00712933	0.0084918	0.00684537
3751.627358358	3812.561921573	-0.333164	0.25102	-0.210288	-0.00695971	0.00896376	0.00665232
3748.173615972	3808.538442345	-0.346385	0.152033	-0.224434	-0.00724072	0.00883221	0.00698853
3748.263856272	3812.30026695	-0.325809	0.122262	-0.207978	-0.00639179	0.00937131	0.00709446
3760.387048071	3811.88581701	-0.337936	0.137314	-0.272357	-0.00608496	0.0088912	0.00780672
3732.235720588	3804.482599539	-0.330875	0.136631	-0.383275	-0.00709589	0.00971701	0.00829082
3745.681525267	3810.294117408	-0.337629	0.161651	-0.282055	-0.00743408	0.00924137	0.00836302
3759.664214154	3803.957917292	-0.328761	0.171461	-0.342096	-0.00772711	0.00943763	0.00845965
3724.504223381	3806.248866319	-0.325699	0.204282	-0.290437	-0.0080086	0.00952009	0.00865499
3734.632101884	3804.555564696	-0.342652	0.219344	-0.229015	-0.00795348	0.00882619	0.00847257
3716.800071721	3799.271671218	-0.341569	0.145463	-0.320928	-0.00818262	0.00938344	0.00884121
3736.646557063	3808.15204084	-0.355025	0.129222	-0.251344	-0.00755695	0.00953901	0.0087532
3734.626632775	3797.368496697	-0.375857	0.13533	-0.274275	-0.00735728	0.00946542	0.00915534
3729.562237765	3801.818194438	-0.371487	0.142241	-0.229859	-0.00793673	0.0094587	0.00892328
3743.206753407	3799.376607667	-0.374084	0.140082	-0.224966	-0.00889266	0.00904224	0.00837808
3726.345490106	3798.193081432	-0.36183	0.191376	-0.252145	-0.0089402	0.00980838	0.00861398
3730.955949062	3797.419689992	-0.367073	0.106052	-0.252519	-0.00853816	0.00979038	0.00886449
3747.315877364	3827.198496768	-0.355326	0.0721979	-0.236401	-0.00859547	0.00962613	0.00818662
3765.342972418	3812.493075417	-0.334665	0.111884	-0.185056	-0.00811782	0.0076452	0.00706148
3731.264953726	3808.254819717	-0.293266	0.223593	-0.172494	-0.00851469	0.00719093	0.00572191
3751.099589331	3810.429848292	-0.295486	0.250412	-0.0672515	-0.010603	0.0069644	0.00517481
3721.959264622	3814.317008208	-0.295094	0.261963	-0.116784	-0.0102586	0.00644311	0.0042508
3748.890069262	3813.718772375	-0.303019	0.215083	-0.0886357	-0.00895584	0.00581805	0.00373915
3725.703781307	3816.258234451	-0.313561	0.175561	-0.106352	-0.00883512	0.00626387	0.00463072
3758.883954592	3814.043388868	-0.325357	0.13454	-0.084414	-0.00907682	0.00570752	0.00485719
3738.575329532	3811.658683537	-0.316182	0.130185	-0.138621	-0.00902012	0.00604224	0.00523086
3768.275326404	3816.582262515	-0.312762	0.183235	-0.0983271	-0.00882331	0.00588348	0.00522717
3744.914026959	3810.000491493	-0.297716	0.263668	-0.110529	-0.00951032	0.00556876	0.00473681
3759.432688536	3823.731671079	-0.302649	0.25448	-0.0477636	-0.00924282	0.00507884	0.00458909
3744.841105504	3818.794558241	-0.300492	0.22555	-0.107198	-0.00990517	0.00555794	0.00476744
3757.594156366	3821.159453139	-0.310504	0.220135	-0.0757675	-0.00937875	0.00613144	0.00490462
3785.251440996	3817.966835219	-0.325124	0.192511	-0.126289	-0.0100358	0.0055991	0.00528162
3751.320176731	3821.014503539	-0.314643	0.227425	-0.17138	-0.0108552	0.0059125	0.00490462
3779.866191586	3821.817512556	-0.336166	0.231072	-0.0710814	-0.0113298	0.00537014	0.00490462
3741.963442609	3820.079098067	-0.328585	0.214416	-0.181883	-0.0122511	0.00583452	0.00496619
3770.174018774	3822.518331124	-0.332503	0.150406	-0.153351	-0.011707	0.00592676	0.00544179
3761.08891707	3829.708145124	-0.323043	0.16267	-0.273614	-0.0117779	0.00689182	0.00668413
3760.006033472	3820.565728593	-0.321814	0.192726	-0.160574	-0.0100023	0.00651674	0.00509808
3762.094321623	3819.368472355	-0.3277	0.230932	-0.169331	-0.0108728	0.00715302	0.00478373
3762.40150325	3815.894193236	-0.336481	0.27097	-0.0824504	-0.0108244	0.00665062	0.00497305
3752.31737762	3810.145637236	-0.338508	0.240485	-0.153189	-0.012071	0.00642135	0.00537355
3754.44668409	3816.113284851	-0.3509	0.194535	-0.138433	-0.0105984	0.00674094	0.00569809
3762.344989123	3810.287644693	-0.349753	0.168572	-0.198665	-0.0120464	0.00694346	0.00553386
3749.010389662	3811.123409573	-0.355687	0.203645	-0.167564	-0.0113773	0.00700741	0.00558462
3754.68185578	3803.106657123	-0.370755	0.225189	-0.159552	-0.0125723	0.00659646	0.00562115
3755.068339489	3808.574336495	-0.365087	0.237069	-0.16817	-0.0137855	0.00683476	0.00561727
3758.062676711	3803.192175425	-0.371198	0.162524	-0.168291	-0.0136261	0.00679143	0.00575181
3730.355258581	3802.062980772	-0.37587	0.168967	-0.256416	-0.0138487	0.00727255	0.00621747
3756.162161305	3805.117317951	-0.369662	0.150059	-0.16369	-0.0133389	0.00680334	0.00619379
3738.187934306	3798.439240767	-0.374887	0.181307	-0.259502	-0.014963	0.00708165	0.00671658
3751.623712285	3805.205778397	-0.371302	0.226094	-0.154365	-0.014308	0.00694259	0.00638526
3741.320822292	3796.031390574	-0.367072	0.271278	-0.171594	-0.0158067	0.00697058	0.00612392
3763.470714075	3812.380685537	-0.363514	0.230936	-0.132164	-0.0146147	0.00647002	0.00571343
3750.181690523	3809.319875643	-0.362399	0.150194	-0.191814	-0.0146952	0.00722716	0.00614205
3751.314707622	3822.367693379	-0.343873	0.13177	-0.177553	-0.0136809	0.00869632	0.00680534
3767.186062179	3821.64372995	-0.360155	0.112925	-0.25071	-0.0138537	0.00800499	0.00658479
3730.512951227	3809.526610256	-0.355131	0.167681	-0.366698	-0.0146029	0.00833063	0.00670049
3725.52694678	3805.920326968	-0.353749	0.214232	-0.231812	-0.0138983	0.00759852	0.00594639
3729.493873901	3804.292537073	-0.341967	0.242708	-0.290324	-0.0144815	0.00734246	0.00560459
3732.171914315	3804.231340489	-0.338003	0.181097	-0.233363	-0.0143382	0.00744686	0.00553208
3737.086820344	3806.195711594	-0.34244	0.193778	-0.249818	-0.0151219	0.00780804	0.00618782
3713.736459116	3808.175185701	-0.336977	0.177344	-0.198747	-0.0140454	0.007669	0.00636687
3743.122893734	3818.185926834	-0.334066	0.141852	-0.1864	-0.0135414	0.00726823	0.00602226
3750.192628742	3802.511755719	-0.313654	0.199185	-0.225853	-0.0134361	0.00735852	0.00544305
3734.65397832	3813.857445402	-0.304703	0.261201	-0.159583	-0.0138318	0.00703839	0.004975
3736.73315129	3809.256913774	-0.31168	0.222214	-0.142982	-0.0133569	0.0067326	0.00494037
3708.722197606	3799.227539066	-0.311545	0.218128	-0.208885	-0.0134976	0.00697183	0.00494448
3732.000548897	3803.229246433	-0.314249	0.185106	-0.108157	-0.0127515	0.00698786	0.00498008
3721.187208723	3806.063707425	-0.320114	0.206576	-0.162668	-0.0132098	0.00699072	0.00504539
3747.912921772	3810.033247356	-0.311477	0.247346	-0.0570179	-0.0130924	0.00684756	0.00468833
3719.166372917	3807.453575987	-0.298815	0.286107	-0.0797258	-0.0136807	0.0074776	0.00499235
3757.390887812	3818.908909549	-0.303152	0.166657	-0.0889982	-0.0129316	0.00826738	0.0057566
3748.123482472	3816.928847013	-0.302629	0.222577	-0.0874318	-0.0122958	0.00770468	0.00462829
3756.17492256	3818.936957983	-0.306743	0.179547	-0.0531627	-0.0117579	0.00738606	0.00483048
3743.350773279	3812.529557995	-0.309173	0.201479	-0.0925693	-0.012501	0.00721381	0.00468818
3742.565956126	3819.734278856	-0.300354	0.272584	-0.0419121	-0.0118088	0.00706975	0.00431643
3767.96176415	3813.790560675	-0.311512	0.237321	-0.0237158	-0.0126486	0.00605576	0.00397711
3755.444796497	3817.178340777	-0.307268	0.194153	-0.0257109	-0.0122504	0.00689055	0.00406135
3768.432107531	3820.11989579	-0.312245	0.162675	-0.0877875	-0.0124757	0.00657839	0.00412502
3731.025224444	3816.748395548	-0.304244	0.196062	-0.198889	-0.0132985	0.00711861	0.00437663
3752.388476038	3817.053201609	-0.314794	0.233566	-0.051231	-0.0131101	0.00685539	0.00403331
3747.121723992	3812.143352633	-0.304713	0.295466	-0.109647	-0.0152703	0.0075813	0.00404316
3753.8405245	3820.024962628	-0.3146	0.261007	-0.0526178	-0.0143696	0.00714034	0.00415024
3741.366398201	3810.714255492	-0.316696	0.221294	-0.103261	-0.0139117	0.00750622	0.00408203
3756.341730387	3813.444368463	-0.325871	0.254503	-0.082869	-0.0139117	0.00816067	0.00481828
3759.090869219	3817.868763771	-0.330156	0.202231	-0.144993	-0.0139849	0.00775655	0.00500708
3764.261911856	3827.250866921	-0.31923	0.28964	-0.0234645	-0.0137235	0.00744564	0.00469182
3752.644612647	3814.60023855	-0.328159	0.296065	-0.0816696	-0.0142063	0.00699237	0.00454924
3768.631730013	3822.404568244	-0.331222	0.266687	-0.0452509	-0.014776	0.00737325	0.0045105
3766.086771253	3814.110077452	-0.332344	0.181386	-0.0660784	-0.014464	0.00708386	0.0044104
3761.394275661	3815.541920594	-0.339683	0.199495	-0.0861451	-0.0144691	0.00769709	0.00451685
3746.984084747	3813.836261969	-0.348294	0.195943	-0.0861097	-0.0145108	0.00769709	0.00450973
3738.382087678	3816.657189102	-0.347836	0.286106	-0.262176	-0.0163105	0.00794548	0.00403234
3767.013785243	3807.393948546	-0.333913	0.304423	-0.117101	-0.0157808	0.00762058	0.00355345
3763.105195285	3807.661095171	-0.329819	0.334608	-0.166648	-0.0170876	0.00776525	0.00364629
3749.252853498	3810.934327821	-0.335794	0.244565	-0.145332	-0.0152216	0.00765978	0.00407574
3773.475537624	3811.723606835	-0.351622	0.222065	-0.156555	-0.0157935	0.00737688	0.00435095
3737.503384152	3805.211466541	-0.345057	0.252478	-0.262868	-0.0161087	0.00810471	0.00456553
3750.514394659	3805.610225049	-0.342623	0.283776	-0.0885104	-0.0153117	0.00712974	0.00406134
3748.262944754	3804.591066561	-0.332914	0.320566	-0.145831	-0.0179151	0.00773099	0.00378216
3757.905895584	3804.116400752	-0.335171	0.226676	-0.0957686	-0.0165136	0.00733177	0.00404815
3725.750268734	3804.258015923	-0.345744	0.224367	-0.148517	-0.0161657	0.00770742	0.00455953
3727.017279005	3803.636831371	-0.358663	0.253586	-0.0905271	-0.0152995	0.00735113	0.00445843
3752.770402156	3808.505490339	-0.360376	0.302892	-0.0911961	-0.0146408	0.00719666	0.00390001
3755.61889647	3806.330265621	-0.343809	0.281101	-0.0373107	-0.0151568	0.00742424	0.00363616
3743.996128151	3809.220627338	-0.344464	0.180521	-0.0916836	-0.0142592	0.00733221	0.00304025
3747.664988827	3810.205656962	-0.356837	0.189361	-0.0818684	-0.0141407	0.00731281	0.00352851
3755.700021588	3806.261027178	-0.351781	0.194766	-0.121095	-0.014694	0.00695517	0.00396265
3724.524276781	3807.235661229	-0.345804	0.245788	-0.183256	-0.0158829	0.00779061	0.00445301
3760.937605052	3810.314712412	-0.338962	0.304528	-0.114875	-0.0161321	0.00742307	0.00391505
3749.047761907	3808.944850426	-0.334923	0.328575	-0.167421	-0.017082	0.0070027	0.00355647
3757.879461557	3827.898334621	-0.332809	0.250254	-0.061119	-0.0157427	0.00678727	0.00364534
3761.125377797	3817.670659446	-0.351843	0.244099	-0.056723	-0.0154971	0.00653568	0.00380907
3745.784526821	3819.030518145	-0.357959	0.265552	-0.0411175	-0.0153752	0.00666933	0.00438897
3752.611797992	3811.69751983	-0.359951	0.243235	-0.0664988	-0.015706	0.00661182	0.00448513
3734.306689894	3814.9219129	-0.343971	0.313319	-0.174531	-0.0173521	0.00714226	0.0044024
3757.462897748	3815.937540816	-0.360599	0.30499	-0.0169389	-0.0173963	0.00600495	0.00410894
3726.669990578	3809.634292706	-0.369506	0.304584	-0.0967183	-0.0180434	0.0062058	0.0043279
3753.668247563	3814.271895342	-0.369182	0.229981	-0.0780055	-0.0166402	0.00623397	0.00439445
3725.430325853	3812.567413574	-0.367731	0.264183	-0.12839	-0.0178064	0.00661863	0.00437276
3749.622929879	3809.072539451	-0.365195	0.247692	-0.0631522	-0.0168573	0.00660471	0.00452927
3730.959595135	3805.39427172	-0.362473	0.289054	-0.113377	-0.0173289	0.006598	0.00456865
3760.450854344	3813.827239396	-0.3661	0.313853	-0.0245029	-0.0164646	0.00599144	0.00422919
3739.466794313	3806.806500572	-0.354328	0.336209	-0.0376095	-0.0184474	0.00624099	0.00441753
3753.6600439	3812.459142696	-0.366143	0.316289	-0.00449172	-0.017464	0.00619956	0.00436901
3750.054989496	3812.148256205	-0.368749	0.225696	-0.0980959	-0.018047	0.00636197	0.00438365
3746.697868038	3814.344075928	-0.372322	0.268649	-0.0533612	-0.0168899	0.00670579	0.00429424
3760.535625535	3809.47816296	-0.370763	0.218416	-0.0820278	-0.0174914	0.00635058	0.0045053
3766.801401507	3833.544504029	-0.361971	0.327451	0.0664116	-0.0170287	0.00614389	0.00396283
3769.260677557	3820.207179378	-0.354902	0.328187	-0.0825955	-0.0184979	0.00642366	0.00351175
3759.764481154	3823.276815703	-0.345605	0.249774	-0.152129	-0.0174235	0.00647366	0.00319692
3765.154288155	3822.874722766	-0.355104	0.259351	-0.25425	-0.0170939	0.00646722	0.0034117
3739.221595922	3812.14315649	-0.385825	0.276931	-0.290802	-0.0177794	0.00732379	0.00328336
3741.578781937	3811.316610326	-0.409	0.243413	-0.274563	-0.0163489	0.00710478	0.00319348
3742.914156071	3814.770098298	-0.370567	0.300925	-0.224374	-0.0172883	0.00659707	0.00316384
3756.526768577	3828.83962438	-0.378115	0.204589	-0.247051	-0.0144173	0.00690162	0.00347176
3746.719744474	3819.341208492	-0.362441	0.284024	-0.243317	-0.0137628	0.00617721	0.00332012
3757.397268439	3824.192999171	-0.350969	0.264387	-0.2212	-0.01384	0.00608231	0.00309055
3747.224725546	3817.488442695	-0.369357	0.187869	-0.186402	-0.0141444	0.00674664	0.00386563
3756.174011041	3815.601744177	-0.381082	0.192011	-0.297742	-0.0149573	0.00653709	0.00392891
3754.130387281	3816.946892159	-0.376208	0.294086	-0.232738	-0.014534	0.00566331	0.00379217
3744.539392987	3811.22069645	-0.383978	0.32058	-0.390235	-0.0173435	0.00595719	0.00405137
3772.338874453	3812.905956213	-0.379636	0.183613	-0.371173	-0.0155084	0.00622417	0.00396922
3741.630738473	3824.462695653	-0.368122	0.188491	-0.514791	-0.0156523	0.00634508	0.0050821
