4633.072004385	3631.284346769	-0.0222234	0.115658	-0.0647584	-0.00156664	-0.000760558	0.000893617	1
4529.339887057	3628.716432465	-0.0138241	0.0734216	-0.0776962	-0.00116995	-0.00048553	0.00101331	1
4434.627234642	3626.85554978	0.00119478	0.119759	-0.0589724	-0.00104828	-0.000601015	0.00129739	1
4390.259876825	3627.319826799	0.00160817	0.130839	-0.0591488	-0.000750624	-0.00048553	0.00148338	1
4352.716747654	3628.40667854	0.0292935	0.13133	-0.11321	-0.00149033	-0.000598311	0.00183546	1
4311.476294197	3635.329549026	0.0566421	0.154718	-0.0964529	-0.00111639	-0.000400715	0.00231851	1
4299.821905439	3633.453331988	0.053802	0.174088	-0.11847	-0.00103413	9.62452e-06	0.00260888	0
4281.067416099	3630.816531054	0.0179579	0.152897	-0.124728	-0.00171487	-0.000419804	0.00220588	0
4280.605850865	3634.451952222	0.0164883	0.0988377	-0.0532246	-0.00111639	-0.000852416	0.00157837	0
4268.200151298	3625.851739457	0.00757097	0.0928433	-0.0456252	-0.00136873	-0.000839525	0.00132361	0
4253.330813945	3628.310897813	0.0047167	0.118859	-0.00277825	-0.0012995	-0.000762035	0.00137321	0
4236.681382232	3615.823780494	0.00658043	0.0882577	-0.0191563	-0.00139061	-0.000739568	0.00127798	0
4240.555862191	3622.546360743	0.00511661	0.0762069	0.00324348	-0.000610395	-0.000757817	0.00141569	0
4227.049342881	3612.006706224	0.0166929	0.07015	-0.0158536	-0.000517719	-0.000643193	0.0012823	0
4224.612385166	3626.102043277	0.0177195	0.155156	-0.0625488	-0.00136184	-0.00048553	0.00209906	0
4233.749242393	3618.75028274	0.0359678	0.167494	-0.0586379	-0.00105534	-0.00048553	0.00226041	0
4221.490283219	3623.778534965	0.0386268	0.164355	-0.0683338	-0.00108199	-0.000404626	0.00245612	0
4229.29687209	3617.476115982	0.0346518	0.185738	-0.044059	-0.000750755	-0.00048553	0.00262506	0
4224.028625205	3623.65562423	0.017479	0.125169	-0.0700925	-0.00090739	-0.00048553	0.00261857	0
4120.798093218	3602.050700762	-0.0322253	-0.0567642	1.77537	-0.023062	0.02137	-0.0051628	0
4239.913939675	3601.315123656	-0.63884	-0.283354	0.849579	-0.0185019	0.0200211	-0.00119083	0
4214.779711678	3601.573920348	-1.00322	-0.555164	1.08123	-0.0244016	0.0256815	-0.0112019	0
4202.226738118	3602.032771365	-1.10438	-0.319706	0.206177	-0.0122932	0.0198879	-0.00679507	0
4198.222059411	3608.17807221	-1.05733	-0.284202	0.162965	-0.010897	0.0180158	-0.00709622	0
4207.308224503	3594.885783415	-1.12758	-0.222238	0.132449	-0.0106652	0.0193982	-0.00833435	0
4216.899176545	3602.822844402	-1.16011	-0.216196	0.144172	-0.0105458	0.0200507	-0.0101079	0
4209.911665863	3596.125270944	-1.18857	-0.16544	0.127873	-0.0101625	0.0212579	-0.0106418	0
4229.774445367	3610.513140265	-1.18402	-0.101167	0.156818	-0.00994288	0.0227576	-0.0101523	0
4245.574383608	3611.658734373	-1.2103	-0.0822212	0.140394	-0.00900124	0.0238893	-0.0103887	0
4248.560417191	3613.573169336	-1.17685	-0.0434295	0.0722664	-0.00835639	0.0225315	-0.0103473	0
4258.878134376	3613.527874017	-1.21929	-0.0624251	0.156333	-0.0096696	0.0214483	-0.0103473	0
4262.370022111	3614.126385601	-1.23935	-0.12072	0.171585	-0.0100221	0.0201241	-0.0112335	0
4268.162799198	3619.03620944	-1.21732	-0.170579	0.204128	-0.00956018	0.0213465	-0.00941958	0
4260.228145985	3624.796028248	-1.18476	-0.201008	0.185076	-0.00919886	0.0218919	-0.00814891	0
4273.514821507	3611.081690883	-1.26669	-0.214107	0.082352	-0.00584108	0.0210275	-0.00978445	0
4263.430821747	3615.073576775	-1.26778	-0.276526	0.197747	-0.00805147	0.0206338	-0.0100429	0
4274.848825073	3607.442731018	-1.29954	-0.2768	0.211285	-0.00841955	0.0205613	-0.0105569	0
4247.286710586	3617.875516893	-1.291	-0.208893	0.154243	-0.0079347	0.019977	-0.0110863	0
4268.030999646	3609.370377115	-1.3044	-0.135369	0.136051	-0.00783507	0.020412	-0.0114514	0
4242.568606772	3604.353920546	-1.30131	-0.0659134	0.107752	-0.00770068	0.0204277	-0.0120221	0
4259.588357874	3615.302176588	-1.28684	-0.0488079	0.0832645	-0.00627049	0.020259	-0.0120221	0
4235.417280453	3612.416959138	-1.27837	-0.0351415	0.101899	-0.00812928	0.0201547	-0.0120221	0
4248.213042662	3606.501437671	-1.25009	-0.0595267	0.111974	-0.00673246	0.0198988	-0.0116268	0
4230.901945181	3600.793991576	-1.24665	-0.106023	0.126123	-0.00743189	0.0205847	-0.010804	0
4235.803074284	3602.743105768	-1.2267	-0.211513	0.160538	-0.00783926	0.0206525	-0.0106225	0
4219.002633368	3605.060008512	-1.24277	-0.275382	0.109339	-0.00763144	0.0210041	-0.011585	0
4224.619855586	3594.946649	-1.27074	-0.274847	0.124036	-0.00661698	0.0210463	-0.0121006	0
4220.890515215	3593.658799282	-1.24685	-0.243782	0.11624	-0.00674337	0.0208249	-0.0119183	0
4211.876386316	3593.03244995	-1.24937	-0.160008	0.120391	-0.00609871	0.0196144	-0.0126623	0
4220.221379026	3584.754730419	-1.2523	-0.157256	0.146762	-0.00653601	0.0202478	-0.0126293	0
4200.788148672	3590.204559389	-1.24236	-0.0676551	0.095382	-0.0064553	0.0200674	-0.012859	0
4215.262620969	3586.827934912	-1.252	-0.0691773	0.11667	-0.00649829	0.0207651	-0.0129576	0
4217.715053126	3592.810927531	-1.25189	-0.0403028	0.0658028	-0.00452229	0.0207418	-0.0126069	0
4213.610057351	3592.427096886	-1.23161	0.00242181	0.105288	-0.00589544	0.0196637	-0.0125854	0
4224.894126719	3587.071397251	-1.24746	-0.114366	0.14987	-0.00693564	0.0203633	-0.0125676	0
4218.981289311	3591.706618219	-1.23378	-0.148784	0.136953	-0.00636332	0.0204612	-0.0119571	0
4219.99086321	3589.357159464	-1.23686	-0.214544	0.0838828	-0.00546656	0.0204612	-0.0127303	0
4214.408325085	3592.126779485	-1.21045	-0.192617	0.0845185	-0.0047371	0.0195127	-0.0127179	0
4211.374800975	3581.081327238	-1.19124	-0.196436	0.0614312	-0.00444944	0.0194307	-0.0127499	0
4204.650889399	3578.836142082	-1.1689	-0.0773166	0.0629363	-0.00252377	0.0188501	-0.0123938	0
4220.890515215	3581.737401623	-1.16954	-0.0419893	0.0373483	-0.0025264	0.0197074	-0.0127179	0
4190.539799673	3594.104439164	-1.13926	-0.00636883	0.0374958	-0.0042189	0.0184911	-0.0118706	0
4229.006059312	3591.875060187	-1.15047	-0.00191801	0.0215899	-0.00278988	0.0185322	-0.0114372	0
4205.849891804	3591.839437306	-1.1585	-0.0435085	0.0404871	-0.00459553	0.0189774	-0.0118127	0
4213.202919463	3594.900881855	-1.16626	-0.0776637	0.0725449	-0.00498987	0.0189516	-0.0118127	0
4216.343697459	3600.086724044	-1.1912	-0.113932	0.0650573	-0.00464434	0.0191985	-0.0121313	0
4217.361808981	3599.387477558	-1.18395	-0.15156	0.0932623	-0.00555057	0.0190792	-0.0116491	0
4216.093971992	3597.641720475	-1.18614	-0.189398	0.069774	-0.00471646	0.0191445	-0.0122936	0
4222.268274099	3605.257703706	-1.18218	-0.201799	0.0813924	-0.00473971	0.0200047	-0.0126116	0
4232.766348565	3602.39914444	-1.19879	-0.229374	0.070643	-0.00287365	0.0213368	-0.0132415	0
4225.463479441	3597.604682116	-1.17722	-0.206595	0.0902552	-0.00228209	0.0208552	-0.0127541	0
4214.90777602	3596.03491622	-1.1752	-0.164974	0.0573635	-0.00164671	0.0202729	-0.0133843	0
4204.147703253	3599.832173788	-1.15542	0.00793676	0.00473775	-0.000913519	0.0199342	-0.0123903	0
4230.904079587	3609.412605564	-1.13775	0.0493493	-0.0183462	-0.00134385	0.0189683	-0.0123839	0
4219.875605302	3607.420555184	-1.11527	0.0422609	-0.063466	-0.00238376	0.0180535	-0.0117564	0
4227.105904632	3602.693328099	-1.10394	0.0951892	-0.0749964	-0.00063778	0.0187533	-0.0111802	0
4226.69343073	3602.948586094	-1.07996	0.0713722	-0.055596	-0.000831049	0.0185633	-0.0103795	0
4235.324967406	3606.868282572	-1.06075	0.0169937	-0.0238757	-0.000823856	0.0183055	-0.00933876	0
4227.061082112	3601.725376571	-1.03211	-0.0299896	-0.0487943	-0.00137836	0.0179265	-0.00861646	0
4233.06729977	3601.410196643	-0.993927	-0.0979312	-0.0310765	-0.00150142	0.0171099	-0.0080735	0
4214.814395771	3600.346464388	-0.987483	-0.0994359	-0.0755167	-0.00103469	0.016871	-0.00808472	0
4238.589540934	3596.472299143	-0.979932	-0.079421	-0.0484364	-0.000348399	0.0170713	-0.00792035	0
4212.617025096	3595.179023423	-0.981029	-0.0343747	-0.0645061	-0.00131556	0.0164545	-0.00781172	0
4201.053348581	3590.165869637	-0.96429	0.0538118	-0.0575654	-0.000243588	0.0165729	-0.00738295	0
4225.050471937	3594.216969722	-0.946411	0.126297	-0.0889837	-0.000360868	0.0163081	-0.00821656	0
4209.343380344	3605.415057757	-0.918921	0.140303	-0.117723	-0.00095956	0.0161791	-0.00750489	0
4223.677515466	3601.677958034	-0.872103	0.0913072	-0.0732931	-0.00169558	0.0155076	-0.00651667	0
4215.00115627	3603.635565098	-0.93351	0.0266322	-0.0347127	-0.0020217	0.0168414	-0.00699497	0
4230.424371904	3613.056991431	-0.973684	-0.0733262	0.0283188	-0.00149398	0.0168108	-0.00769784	0
4221.810444075	3598.422828813	-1.00884	-0.0860911	0.0326944	-0.00109615	0.0172916	-0.0079658	0
4232.623343383	3604.192084146	-1.00058	-0.0924023	0.0395055	-0.000879871	0.0169805	-0.00849533	0
4210.777167377	3597.838000191	-0.995221	-0.0673695	-0.0931979	0.00120037	0.0169876	-0.00764525	0
4213.489463429	3596.235442371	-0.967232	-0.0199205	-0.0663031	0.00107605	0.0147325	-0.00730205	0
4198.462713655	3590.18875321	-0.952936	0.0137311	-0.081639	0.000680486	0.0145025	-0.00724689	0
4202.790754826	3597.106669521	-0.9288	0.106277	-0.0923065	0.000760858	0.0138459	-0.00699233	0
4233.386393423	3597.843662105	-0.850079	0.181246	-0.148331	0.000723172	0.0121647	-0.00733808	0
4202.549033379	3602.316338935	-0.809577	0.185833	-0.1129	-0.000260242	0.0110678	-0.00674004	0
4226.189177381	3609.128094342	-0.81372	0.130225	-0.118621	-2.25209e-05	0.0113325	-0.00655481	0
4202.370276901	3603.944847197	-0.833379	0.123545	-0.190856	-0.00115058	0.0117205	-0.00660341	0
4241.385612409	3609.444217922	-0.827327	0.0491461	-0.0893196	-0.00104323	0.0103212	-0.00615943	0
4228.215261998	3610.931886052	-0.822054	0.0288691	-0.0902897	-0.000403944	0.0097896	-0.00579089	0
4233.359713352	3611.97084743	-0.758476	0.0259403	-0.0299867	-0.000136069	0.00856441	-0.00525471	0
4225.449605804	3606.392917637	-0.730464	-0.00154724	-0.03108	-0.000271154	0.00809984	-0.00492393	0
4206.802370351	3601.095016716	-0.722017	0.0232005	-0.0206623	-0.00033592	0.00858131	-0.00467494	0
4216.136660106	3603.845527774	-0.729168	0.0173473	-0.0542191	0.00043067	0.00838086	-0.00481316	0
4194.003406533	3601.848523219	-0.721437	0.123634	-0.0381222	-7.65726e-05	0.00809719	-0.00494024	0
4211.888125547	3602.838414668	-0.709719	0.125676	-0.0459229	-6.50514e-06	0.00802705	-0.0049229	0
4203.827542397	3608.531705976	-0.686019	0.170468	-0.0927392	-0.000661839	0.00785495	-0.00469779	0
4233.37038538	3618.101521662	-0.646189	0.173236	-0.0945943	-0.000618012	0.00720329	-0.00392504	0
4216.965876723	3616.430077211	-0.607411	0.173966	-0.114228	-0.00030973	0.00672073	-0.00374489	0
4216.880500495	3622.335454414	-0.588706	0.143419	-0.0494537	0.000123349	0.00614007	-0.00364116	0
4238.511635126	3623.032341768	-0.598485	0.0956374	-0.0278258	0.000273101	0.00654314	-0.00439305	0
4220.190430144	3617.635829164	-0.560959	0.0487621	-0.017691	0.00029349	0.00618974	-0.00405446	0
4215.530488885	3614.614253932	-0.539087	0.030814	-0.0455548	0.000829742	0.00625949	-0.00335923	0
4213.825632327	3612.956492442	-0.521426	0.0569023	-0.0492301	0.00121025	0.00598489	-0.00237755	0
4228.764337866	3609.001173084	-0.492551	0.0706069	-0.057252	0.00152213	0.0061533	-0.00148519	0
4210.093090348	3625.851267631	-0.410912	0.15215	-0.106558	0.00123495	0.00505655	0.000176928	0
4244.589888976	3622.081847811	-0.296696	0.188655	-0.096049	0.0016511	0.00389748	0.00122341	0
4228.54129247	3622.335218501	-0.247801	0.196584	-0.0838528	0.000576802	0.00377128	0.00165797	0
4213.236002751	3619.606883276	-0.244802	0.181393	-0.0442512	0.00034905	0.00348994	0.0013278	0
4243.810830893	3626.946848157	-0.254417	0.103409	-0.114105	0.00023009	0.00447566	0.000930937	0
4227.302803559	3631.368095927	-0.264234	0.161253	-0.232629	0.000431321	0.00441338	0.000550572	0
4231.987290483	3620.904169519	-0.298812	0.111843	-0.141234	0.000245779	0.00447566	0.000239619	0
4216.583818101	3620.119758397	-0.320769	0.0662581	-0.171879	0.000787875	0.0050228	0.000184754	0
4249.637758471	3617.726419802	-0.3476	0.0612502	-0.141692	0.00138342	0.00516258	0.000150338	0
4234.133969022	3613.202313913	-0.371521	0.0725919	-0.152168	0.00175853	0.00605899	0.000264436	0
4244.573347332	3611.664396288	-0.370291	0.0585321	-0.103463	0.00116241	0.00616513	0.000180976	0
4214.878427942	3608.869769476	-0.379256	0.0589074	-0.142018	0.000957854	0.00649649	-2.44287e-05	0
4237.921471948	3609.923121554	-0.377473	0.0655588	-0.150933	0.00203099	0.00590595	-0.000269981	0
4219.847324426	3611.699311429	-0.372385	0.106828	-0.183656	0.0027714	0.0065469	0.000141292	0
4236.178729689	3606.601228921	-0.353386	0.132182	-0.138331	0.00238694	0.00679766	0.000158244	0
4238.631161845	3616.047190218	-0.381912	0.135444	-0.159709	0.00288978	0.00758754	-0.000303523	0
4224.416019841	3615.712665415	-0.371571	0.14696	-0.175336	0.00250526	0.00713387	-0.00017458	0
4238.385171587	3618.951752544	-0.38073	0.118539	-0.170742	0.00276998	0.00713387	-8.92382e-05	0
4220.975357842	3615.997884377	-0.38568	0.121968	-0.202157	0.00155127	0.00713387	-0.000392308	0
4236.834525842	3621.427188905	-0.397096	0.100803	-0.166548	0.00225801	0.0070817	-0.000399946	0
4227.682727774	3616.278620989	-0.398362	0.112894	-0.198212	0.00287494	0.00735275	-0.000554706	0
4237.488187589	3619.887383975	-0.408103	0.118891	-0.247181	0.00469933	0.00804252	-9.24283e-05	0
4218.556542575	3616.640039887	-0.406618	0.11689	-0.319028	0.00448082	0.00739988	0.000136771	0
4223.290120831	3613.441057989	-0.382679	0.135849	-0.278909	0.00501819	0.00655123	0.000376879	0
4229.557269586	3619.226119501	-0.340369	0.187976	-0.318447	0.00454187	0.00535532	0.000625571	0
4220.585295199	3618.238351271	-0.311033	0.281276	-0.29392	0.00389339	0.0049753	0.000881411	0
4239.12314236	3619.457786185	-0.291801	0.264184	-0.304662	0.00408405	0.00485565	0.000983646	0
4224.961360499	3624.976737698	-0.223608	0.287481	-0.361751	0.00356651	0.00360248	0.00188542	0
4240.299733506	3618.032870944	-0.224199	0.276332	-0.283208	0.00424866	0.00364155	0.00201894	0
4234.90395588	3618.09538792	-0.210496	0.204079	-0.247143	0.00419608	0.00298143	0.00238685	0
4232.569983241	3628.345812955	-0.179173	0.199241	-0.215478	0.00420472	0.0022944	0.00291875	0
4224.759125558	3621.783889541	-0.154397	0.155291	-0.275283	0.00518894	0.00213944	0.00343798	0
4224.313568367	3617.754493463	-0.12326	0.172689	-0.255286	0.0055577	0.00170676	0.00363879	0
4232.790894231	3605.204387341	-0.100912	0.140444	-0.273661	0.00576595	0.0015263	0.00398652	0
4204.436915227	3607.247159042	-0.0723415	0.222701	-0.322595	0.00611531	0.00114553	0.00439808	0
4220.412941939	3609.968416873	-0.057654	0.223055	-0.256878	0.00455602	0.00099848	0.00425607	0
4213.710908021	3609.566656831	-0.0516474	0.193655	-0.253977	0.00336777	0.00125849	0.00419032	0
4213.621796582	3608.259934063	-0.062207	0.222745	-0.222311	0.00359998	0.0015263	0.00393128	0
4227.220095338	3605.899151478	-0.0742664	0.196864	-0.266841	0.00482445	0.0015263	0.00363879	0
4218.55440817	3610.798831053	-0.0951223	0.233604	-0.245895	0.00432509	0.00144661	0.00351454	0
4233.131865543	3619.594379881	-0.114112	0.200473	-0.21241	0.00493159	0.00221975	0.0034449	0
4242.786316154	3619.849401963	-0.138762	0.171245	-0.232086	0.00515332	0.00275807	0.0029682	0
4245.130960822	3614.604109668	-0.139323	0.137436	-0.234258	0.00651811	0.00274098	0.00249598	0
4230.3480669	3615.648025221	-0.138393	0.115188	-0.275574	0.00742708	0.00285885	0.00311357	0
4249.504891716	3611.987833174	-0.123589	0.128311	-0.295029	0.00910932	0.0031403	0.00308923	0
4213.00388613	3612.811169961	-0.112982	0.190638	-0.378494	0.011146	0.00305115	0.00380563	0
4240.325346375	3614.35852411	-0.11133	0.308575	-0.431995	0.0125853	0.00208554	0.00394159	0
4226.932484169	3618.694135417	-0.129676	0.344952	-0.544934	0.0117225	0.00208554	0.00371052	0
4232.000630518	3620.894732994	-0.113576	0.355818	-0.421899	0.00786018	0.0011564	0.00337206	0
4231.786122745	3617.45323241	-0.10845	0.372896	-0.518913	0.010943	0.00183212	0.00379757	0
4228.617597474	3622.972655749	-0.115013	0.31149	-0.378758	0.00911592	0.00141027	0.00349427	0
4239.644470954	3623.102172052	-0.112506	0.228521	-0.355514	0.00983817	0.00173922	0.00305819	0
4239.622059694	3624.751676582	-0.13933	0.233045	-0.371718	0.00921161	0.00192821	0.00288343	0
4255.170138062	3622.129738174	-0.132858	0.154514	-0.341689	0.0100809	0.00207651	0.00275028	0
4242.094768705	3622.671630609	-0.140079	0.146331	-0.37847	0.0104605	0.00205409	0.00239072	0
4234.286045428	3621.232088755	-0.134351	0.14256	-0.356798	0.0112004	0.00206174	0.00244541	0
4227.439939125	3609.216325849	-0.130703	0.169281	-0.375631	0.0119777	0.00241065	0.0025815	0
4239.302966041	3606.713523566	-0.115323	0.209871	-0.41116	0.0137393	0.00216542	0.0025815	0
4218.502648831	3609.602515625	-0.10517	0.292377	-0.471209	0.0137091	0.00188354	0.0030043	0
4219.185658657	3608.721380124	-0.101788	0.338902	-0.439775	0.0140888	0.0015808	0.00365522	0
4228.987916864	3614.287514261	-0.0955792	0.354638	-0.450314	0.0143145	-3.40987e-05	0.00365522	0
4219.439119335	3613.859567863	-0.0776595	0.37559	-0.461029	0.0135602	0.000146742	0.00365522	0
4229.25204957	3613.514662883	-0.0884177	0.312146	-0.432193	0.0138251	0.000224603	0.00346157	0
4213.508139479	3611.571210606	-0.101068	0.262909	-0.468851	0.0132893	0.000407112	0.00303391	0
4221.68131253	3610.68441319	-0.099749	0.218414	-0.405359	0.0128991	0.000410179	0.00271845	0
4224.170563185	3605.606855123	-0.106273	0.261144	-0.504002	0.0161312	0.000583039	0.00231522	0
4212.028996324	3600.432336764	-0.122304	0.183171	-0.414741	0.0143027	0.000193099	0.0014602	0
4198.598248417	3599.167370618	-0.109988	0.155067	-0.457972	0.0150889	0.000502977	0.00155867	0
4198.952559764	3601.587131483	-0.10101	0.197469	-0.422253	0.015139	-0.000152113	0.00191474	0
4212.350224383	3592.144237056	-0.0920107	0.281444	-0.511572	0.0173914	0.000132125	0.00275043	0
4194.676277931	3600.448614769	-0.0708737	0.400241	-0.54547	0.0168812	-0.000393816	0.00300491	0
4231.142065823	3601.675362989	-0.0556094	0.450629	-0.545189	0.0159522	-0.000458342	0.00329774	0
4203.270462508	3606.030083259	-0.0453582	0.467063	-0.618407	0.0148921	-0.000458342	0.00347813	0
4209.152351033	3606.54673299	-0.0267473	0.430729	-0.523157	0.0142628	-0.000458342	0.00326505	0
4214.961669765	3603.50109462	-0.041797	0.386631	-0.507771	0.0152422	-0.000888694	0.0029773	0
4221.276309047	3613.967616072	-0.0419515	0.347419	-0.467418	0.0152936	-0.000888694	0.00285781	0
4230.401960644	3610.166583893	-0.0469157	0.225315	-0.445551	0.0141031	-0.000340811	0.00307031	0
4212.165598289	3609.447048879	-0.047035	0.233129	-0.456934	0.0160426	-0.000704692	0.00273783	0
4226.982642703	3603.492365834	-0.0431087	0.192776	-0.449735	0.0164439	-0.00115697	0.00235435	0
4209.748917428	3601.662623681	-0.0443999	0.252782	-0.463874	0.0170484	-0.000824326	0.003032	0
4208.084080977	3600.397421622	-0.0230711	0.304562	-0.482904	0.0172005	-0.000800876	0.00359479	0
4211.473517239	3606.651950242	-0.0110795	0.373138	-0.554206	0.0150977	-0.000715899	0.00421333	0
4201.65151578	3603.505812882	-0.0353022	0.394012	-0.497658	0.0140355	-0.000158234	0.00441049	0
4208.974128157	3609.27318091	-0.0509955	0.400604	-0.497043	0.0134294	-9.77839e-05	0.00470898	0
4203.920389046	3612.253471347	-0.0338222	0.417168	-0.474297	0.0136015	-0.000175181	0.00490801	0
4245.156573691	3621.257567372	-0.0452601	0.348168	-0.364385	0.0128357	0.000303988	0.00443495	0
4220.172287695	3617.474700503	-0.0629024	0.277116	-0.452052	0.0124336	0.000885998	0.00372387	0
4236.127503952	3610.455813377	-0.0762385	0.229915	-0.488522	0.0139579	0.00112758	0.00360558	0
4223.051600993	3618.063539649	-0.0914612	0.197159	-0.440759	0.0132921	0.000591818	0.00361168	0
4231.776517919	3606.606654923	-0.0805822	0.152954	-0.46184	0.014796	0.000675437	0.0041117	0
4210.46394334	3601.641863327	-0.0823557	0.261588	-0.572026	0.0176018	0.000561778	0.00424582	0
4216.84154759	3594.200691717	-0.0796644	0.296104	-0.529559	0.0166836	-0.000227955	0.00382103	0
4197.26050964	3602.997891936	-0.0637401	0.321584	-0.5637	0.01692	-6.5346e-05	0.0039924	0
4223.19620698	3603.596639433	-0.0524319	0.410222	-0.580772	0.0173471	-0.000274086	0.00452662	0
4196.515068447	3596.849760134	-0.0590145	0.414321	-0.629308	0.0173434	-0.000483787	0.00411784	0
4224.394142182	3609.514048205	-0.0430411	0.471977	-0.613036	0.0180289	-0.000274086	0.00462744	0
4227.243040199	3602.07853851	-0.0560323	0.475986	-0.57454	0.0175559	-0.000624584	0.00454838	0
4235.646195465	3611.079803578	-0.0358075	0.436016	-0.538197	0.0170752	-0.0013377	0.00505434	0
4238.896361754	3601.081805581	-0.0350201	0.394503	-0.573275	0.0166902	-0.0011941	0.00505434	0
4235.061368301	3604.129331257	-0.0388337	0.310143	-0.548023	0.0168066	-0.000702935	0.00479568	0
4235.526135144	3602.49445334	-0.0213032	0.253168	-0.579641	0.016448	-0.000103887	0.00495606	0
4218.642452405	3611.052437656	-0.0151954	0.306912	-0.51915	0.0165433	-0.000870165	0.00532927	0
4232.783423811	3603.798581063	-0.00181899	0.318684	-0.560487	0.0170352	-0.000568588	0.00536111	0
4218.390592532	3604.809704693	-0.0174297	0.39822	-0.663712	0.0164901	-9.83672e-05	0.00635561	0
4228.059983983	3616.221765927	-0.0371727	0.446317	-0.679541	0.0170234	-3.70726e-05	0.00717437	0
4233.012872425	3618.418824807	-0.00624666	0.484879	-0.705191	0.0165488	-0.000514584	0.00812189	0
4206.807706365	3613.071618044	0.0495749	0.511484	-0.704887	0.0151086	-0.00160196	0.0100236	0
4217.622206478	3608.673017935	0.0806484	0.475852	-0.6972	0.0152445	-0.00144588	0.0108029	0
4195.230156212	3601.412555775	0.0809614	0.428881	-0.7555	0.0136769	-0.00152539	0.0112997	0
4197.596144938	3600.921856486	0.0735507	0.371461	-0.668419	0.0136481	-0.00193508	0.0113209	0
4219.991396812	3612.362227295	0.0958225	0.349003	-0.582683	0.0128381	-0.00206812	0.0115434	0
4225.246837262	3619.224939936	0.0876036	0.317696	-0.53534	0.0126684	-0.00232514	0.0114379	0
4219.852126839	3611.429662734	0.0725528	0.295168	-0.448313	0.0113441	-0.00232514	0.0105621	0
4193.098952114	3598.700498555	0.0604829	0.329836	-0.498904	0.0110063	-0.00226658	0.00988415	0
4199.727882637	3592.357030689	0.0691829	0.337577	-0.512978	0.0130795	-0.00286632	0.00909913	0
4186.446009528	3587.170244848	0.0722292	0.37271	-0.556566	0.0140996	-0.00253779	0.00954478	0
4191.214271876	3592.037840239	0.0940703	0.373566	-0.508136	0.0132893	-0.00207206	0.00994062	0
4195.669843788	3588.32527548	0.080693	0.421451	-0.566766	0.0155291	-0.00217905	0.0100844	0
4181.89865817	3592.370949563	0.079978	0.451652	-0.548842	0.0143148	-0.00284318	0.00904752	0
4196.496925999	3590.352948741	0.0987147	0.440098	-0.566991	0.0157891	-0.00252451	0.00953374	0
4181.738044141	3599.178930361	0.0937317	0.436174	-0.578742	0.0144691	-0.00251667	0.00936301	0
4211.730713127	3592.775068737	0.0919349	0.398199	-0.54195	0.0157023	-0.00302831	0.00878081	0
4202.821170107	3597.70636067	0.0806691	0.41545	-0.531767	0.0155201	-0.00315934	0.00870591	0
4211.60104798	3603.005441156	0.0601175	0.404908	-0.474133	0.0155454	-0.00380099	0.00839291	0
4197.200746281	3607.901817948	0.0460852	0.314346	-0.458943	0.0151686	-0.00458119	0.0101636	0
4197.911503381	3606.715174958	0.0625541	0.297897	-0.465509	0.0168026	-0.0053773	0.00925851	0
4196.594041459	3595.715961682	0.0699727	0.310127	-0.511318	0.0176454	-0.00451204	0.00925851	0
4196.036427968	3603.235692361	0.0915745	0.417683	-0.507682	0.0183591	-0.00486455	0.00925852	0
4206.347208334	3608.55317407	0.104538	0.422203	-0.573294	0.0190787	-0.00451204	0.0111197	0
4206.011573036	3610.329128032	0.141841	0.523098	-0.641399	0.0185295	-0.00400704	0.0122514	0
4215.516615248	3608.93582515	0.205313	0.504084	-0.596133	0.0179339	-0.00522479	0.0129285	0
4204.75600888	3610.938963446	0.165919	0.480039	-0.677077	0.0194	-0.00600722	0.0111235	0
4190.043550346	3608.636687314	0.150813	0.445342	-0.613286	0.0179899	-0.00634106	0.0106121	0
4210.803313847	3608.263708673	0.176677	0.460865	-0.609662	0.01999	-0.00537117	0.0116929	0
4216.908247769	3614.481434846	0.156913	0.418445	-0.575238	0.0174238	-0.00609078	0.0108502	0
4223.182866944	3608.05327417	0.114675	0.362057	-0.573093	0.0185989	-0.00531971	0.0103318	0
4204.413436764	3601.416330384	0.0927026	0.385089	-0.567102	0.0169159	-0.00564393	0.0098109	0
4214.988883437	3599.5986198	0.107481	0.35993	-0.55808	0.0189316	-0.00541498	0.0108027	0
4196.282951827	3605.062603557	0.124824	0.435104	-0.609884	0.0197515	-0.00606111	0.0111536	0
4204.449721661	3605.088318087	0.17145	0.473661	-0.58186	0.0210519	-0.0070355	0.0117718	0
4207.343975799	3607.916680474	0.196581	0.439014	-0.618075	0.0214013	-0.00743559	0.0125881	0
4189.619870813	3607.87327246	0.217546	0.496717	-0.59623	0.0212191	-0.00752985	0.0134721	0
4202.781683601	3596.347737016	0.218306	0.462281	-0.616068	0.0212673	-0.00735826	0.0138341	0
4195.941980515	3603.086831182	0.216614	0.479659	-0.656017	0.0188947	-0.00707272	0.0137019	0
4196.185836367	3599.311041708	0.205846	0.435993	-0.593189	0.0193636	-0.00703665	0.0132941	0
4211.519940563	3598.424244292	0.202293	0.40715	-0.614537	0.0201049	-0.00659675	0.0127523	0
4192.803336924	3601.401703771	0.190235	0.416389	-0.586842	0.0196729	-0.00687503	0.0126004	0
4213.173037783	3597.202922073	0.180185	0.369822	-0.563216	0.0198355	-0.00659676	0.0125112	0
4220.479642117	3597.885418728	0.180862	0.409349	-0.636784	0.0204843	-0.00602381	0.0118753	0
4223.490754967	3598.601650958	0.154168	0.422482	-0.57109	0.0197227	-0.00621468	0.0116894	0
4203.763510226	3589.08609529	0.145074	0.447293	-0.62734	0.0192465	-0.00614698	0.0114688	0
4220.746976432	3588.658856631	0.154239	0.427539	-0.609687	0.0195302	-0.00649522	0.0113302	0
4204.28483882	3587.407809359	0.167555	0.424481	-0.670849	0.0206507	-0.00621626	0.0126771	0
4220.105587517	3594.709792228	0.212561	0.483597	-0.680761	0.0212062	-0.00607215	0.0131577	0
4221.404373389	3602.219614556	0.299804	0.604751	-0.774096	0.0222292	-0.00597373	0.0152586	0
4220.165350877	3598.993266736	0.290836	0.641149	-0.746503	0.0198984	-0.0064837	0.0167387	0
4235.567222454	3601.143378905	0.236752	0.561708	-0.808452	0.0188858	-0.00579705	0.016825	0
4205.465698777	3595.217005435	0.21309	0.542469	-0.892173	0.0182045	-0.00510341	0.0175674	0
4204.987591899	3600.651028225	0.256882	0.494716	-0.80946	0.0187127	-0.0059605	0.0171771	0
4222.61671583	3603.13354198	0.354606	0.48579	-0.695111	0.0187809	-0.00731126	0.0172477	0
4217.077399421	3608.451495516	0.340617	0.442773	-0.584454	0.0183992	-0.00781012	0.0167178	0
4220.761917272	3603.349166571	0.323348	0.392948	-0.566673	0.0186992	-0.0076028	0.0174056	0
4202.397490574	3593.44081556	0.32107	0.415662	-0.629956	0.019027	-0.00731834	0.0176322	0
4199.422662621	3590.893425697	0.327056	0.427295	-0.610246	0.0200205	-0.00759212	0.0178559	0
4196.853905353	3586.676242776	0.336873	0.478727	-0.639252	0.0197728	-0.00739766	0.0183546	0
4183.67501732	3588.784126497	0.357168	0.550087	-0.643464	0.0202795	-0.00721677	0.0185442	0
4205.406469019	3587.611166468	0.353285	0.512053	-0.606049	0.0186713	-0.00735724	0.0178657	0
4184.923111056	3595.061066863	0.347929	0.502945	-0.659649	0.0183166	-0.00659118	0.0175673	0
4199.715609804	3589.547305438	0.333759	0.466791	-0.647787	0.0187415	-0.00614313	0.0169402	0
4192.698751045	3585.892775307	0.317348	0.449797	-0.655829	0.0189171	-0.00636759	0.0163613	0
4205.033481621	3598.156246989	0.293578	0.489889	-0.628145	0.0205477	-0.00770813	0.015912	0
4219.319592616	3594.976845879	0.266954	0.471065	-0.624548	0.0212154	-0.00709475	0.0150879	0
4225.358893562	3596.221995323	0.255764	0.512802	-0.605101	0.0200717	-0.00678187	0.0146747	0
4212.00124905	3595.088668698	0.246089	0.438172	-0.557203	0.0188712	-0.00708231	0.0143484	0
4213.017226166	3587.280416275	0.27206	0.459954	-0.616291	0.0207486	-0.00758864	0.0149421	0
4220.141338812	3591.546197298	0.285402	0.465142	-0.627739	0.021453	-0.00751451	0.0155151	0
4196.107930559	3587.80791801	0.291559	0.533815	-0.708995	0.0219911	-0.00810309	0.0156301	0
4231.331494329	3596.924072766	0.264197	0.603971	-0.779894	0.0227742	-0.00890971	0.0160165	0
4226.779874161	3604.886848283	0.241868	0.643668	-0.853995	0.020904	-0.00724406	0.0163639	0
4215.747131065	3605.924630095	0.22916	0.626007	-0.889269	0.0224242	-0.00533012	0.0173219	0
4216.688937582	3600.675327277	0.219819	0.563212	-0.869342	0.021756	-0.00505565	0.0176769	0
4202.423103443	3597.389057525	0.215382	0.548317	-0.907991	0.0203873	-0.00571099	0.0176913	0
4213.57964207	3605.61039382	0.231208	0.496955	-0.768983	0.0194409	-0.00603072	0.0180771	0
4228.833706052	3604.667449082	0.247562	0.482824	-0.706817	0.0198927	-0.00619587	0.0182994	0
4232.420574841	3605.243077093	0.25488	0.501084	-0.664409	0.0202375	-0.00592299	0.0186608	0
4213.586578888	3597.43789154	0.259229	0.474522	-0.641877	0.0216559	-0.00572768	0.0188899	0
4185.310505692	3591.484859887	0.263473	0.479893	-0.747757	0.0218394	-0.0056504	0.0189466	0
4208.172125213	3594.247638428	0.254284	0.53634	-0.732583	0.0220597	-0.00557305	0.0188671	0
4195.578597944	3589.557213789	0.232309	0.533647	-0.720626	0.0217906	-0.00551412	0.0186421	0
4188.938461791	3587.404742489	0.250926	0.597955	-0.739237	0.0218247	-0.00562146	0.0193249	0
4224.989641374	3591.083807584	0.232964	0.573254	-0.79909	0.0211231	-0.00501148	0.0189575	0
4205.445421923	3599.967352006	0.241752	0.597607	-0.855396	0.0184808	-0.00513754	0.0192371	0
4192.000266777	3588.476259877	0.241059	0.525144	-0.777414	0.0179048	-0.00531225	0.0190923	0
4193.511959619	3581.589012271	0.236133	0.494679	-0.795458	0.0185443	-0.0054987	0.0188199	0
4200.669155553	3588.697310469	0.223781	0.546467	-0.777086	0.0205051	-0.00628534	0.0177472	0
4229.563672803	3594.839072618	0.200889	0.488275	-0.687155	0.0201218	-0.00695104	0.016733	0
4221.098619772	3591.445934223	0.20128	0.523462	-0.694764	0.0208067	-0.006839	0.0165195	0
4208.561654254	3589.273882133	0.220529	0.515477	-0.625712	0.0203359	-0.00670865	0.0162753	0
4200.862852871	3585.392639494	0.227036	0.516743	-0.638399	0.0201041	-0.00689415	0.0165268	0
4211.51887336	3578.377055152	0.253494	0.471537	-0.654206	0.0220569	-0.00668643	0.0166139	0
4191.377553912	3574.982029451	0.244857	0.523087	-0.660831	0.0216413	-0.00621457	0.0164195	0
4206.252760881	3583.226485232	0.249776	0.521445	-0.684392	0.0228299	-0.00717267	0.0159303	0
4198.272751547	3580.950159544	0.257415	0.588268	-0.725586	0.023251	-0.00746979	0.0160515	0
4200.708108458	3600.247852704	0.517296	0.634784	-0.676327	0.0224913	-0.0104348	0.0198495	0
4203.991358035	3594.507614685	0.965217	0.67915	-0.589511	0.0211664	-0.0144867	0.0240808	0
4191.482139792	3594.604574977	0.83632	0.682058	-0.644836	0.0209232	-0.0131558	0.0231478	0
4197.199145476	3594.593958887	0.694911	0.592137	-0.573942	0.0206613	-0.0116829	0.0221476	0
4193.035987146	3597.233118953	0.651191	0.542616	-0.562762	0.0211571	-0.0118602	0.0214551	0
4199.821262887	3597.711786672	0.651641	0.512841	-0.500562	0.0203514	-0.0110915	0.0218705	0
4184.553325268	3592.349245557	0.656447	0.46163	-0.585402	0.0225506	-0.0117269	0.0209592	0
4189.678033369	3589.749247068	0.665822	0.514116	-0.561506	0.0233149	-0.0117541	0.020767	0
4203.629576268	3589.379571211	0.669735	0.539175	-0.584384	0.0233376	-0.0121421	0.0208388	0
4178.151708953	3583.804944201	0.68478	0.607878	-0.60345	0.0231344	-0.0121057	0.0209163	0
4194.824085527	3579.673869569	0.694128	0.613655	-0.619526	0.0242512	-0.0122298	0.021147	0
4189.453920769	3589.926889647	0.70136	0.671395	-0.691551	0.0238935	-0.0122682	0.0215987	0
4184.981273612	3588.568265993	0.704223	0.701271	-0.67571	0.0249053	-0.0119815	0.021658	0
4200.448778164	3585.843233552	0.682138	0.631986	-0.618461	0.0231139	-0.0120106	0.0211683	0
4199.847409357	3586.528797077	0.661582	0.579435	-0.577678	0.0217602	-0.011132	0.0211327	0
4208.031254436	3592.517215697	0.641152	0.509548	-0.568195	0.023173	-0.0106013	0.0206369	0
4204.682371883	3586.883610408	0.57932	0.487073	-0.5773	0.0234915	-0.010252	0.0202688	0
4197.518239129	3583.088947884	0.564428	0.436254	-0.537807	0.0245386	-0.0104793	0.0201006	0
4226.530682294	3604.613660891	0.547327	0.417504	-0.403668	0.0242219	-0.0109461	0.0200638	0
4204.090074299	3595.025208069	0.565322	0.367851	-0.454077	0.0276823	-0.0116698	0.0206408	0
4187.560702908	3591.737522838	0.58169	0.583497	-0.607352	0.0294024	-0.0096869	0.0213343	0
4185.102401136	3587.101830043	0.537417	0.631623	-0.692305	0.0297495	-0.0101996	0.0211465	0
4189.046782881	3580.348345177	0.52914	0.733742	-0.740014	0.0291645	-0.0103035	0.0211377	0
4210.203545844	3586.211493931	0.519356	0.731301	-0.801347	0.0293456	-0.0102338	0.0209666	0
4200.527751175	3585.580426337	0.509626	0.709338	-0.793763	0.0276404	-0.0108841	0.0204678	0
4214.181010877	3582.001388404	0.492251	0.673467	-0.757028	0.0282032	-0.0100491	0.0200759	0
4210.532244322	3593.412741898	0.467792	0.58306	-0.756479	0.0274875	-0.00993062	0.0196091	0
4235.81641432	3595.806080494	0.471211	0.476928	-0.655666	0.0266494	-0.00964551	0.0206234	0
4209.204643973	3587.764745909	0.487941	0.46689	-0.73417	0.0275105	-0.0101663	0.0210887	0
4203.234711212	3580.437992162	0.509742	0.450623	-0.738767	0.0284271	-0.0097181	0.0218495	0
4199.092363338	3575.118859061	0.512596	0.496576	-0.772058	0.0290952	-0.00965521	0.0219075	0
4183.982371741	3574.942396047	0.530473	0.611356	-0.755193	0.0296917	-0.0101562	0.022056	0
4207.076107882	3572.627616521	0.527686	0.637062	-0.781732	0.0297605	-0.00972764	0.0221721	0
4204.410768757	3595.319627642	0.521051	0.738634	-0.992281	0.0342935	-0.00825216	0.0244737	0
4202.090136152	3594.32950028	0.464045	0.73593	-0.936112	0.0323721	-0.00667295	0.0243515	0
4196.679951288	3582.100707827	0.450523	0.634827	-0.94609	0.0293314	-0.00664819	0.0246686	0
4161.144764285	3580.952518675	0.45378	0.701964	-0.904901	0.0291531	-0.0063296	0.0248358	0
4187.024967076	3574.935082741	0.432596	0.597852	-0.914477	0.0291608	-0.00611887	0.0249697	0
4164.185225213	3585.752878827	0.393397	0.597469	-0.96333	0.0282889	-0.00612099	0.0247241	0
4190.7372322	3581.197396493	0.413797	0.58395	-0.87215	0.0284281	-0.00651682	0.0253185	0
4175.026405397	3582.908946174	0.422996	0.582239	-0.86236	0.0282444	-0.00709352	0.0253599	0
4185.954562614	3581.148562477	0.444381	0.583782	-0.805697	0.0282824	-0.00771186	0.0251712	0
4159.753131764	3580.561610637	0.498924	0.613234	-0.860762	0.0279806	-0.00684422	0.0261836	0
4169.772565751	3581.120960642	0.492224	0.667595	-0.885478	0.0268384	-0.00637928	0.0264225	0
4182.954655394	3576.934210514	0.459005	0.634116	-0.910352	0.0257992	-0.00634426	0.0258384	0
4176.051987339	3577.015364627	0.447088	0.688907	-0.932831	0.0248878	-0.00623962	0.0257023	0
4187.649280745	3578.052438699	0.441183	0.639939	-0.913897	0.0252147	-0.00626544	0.025916	0
4162.171413429	3576.761758024	0.441287	0.651537	-0.956669	0.0245993	-0.00642928	0.0257473	0
4183.355923666	3575.111309841	0.440608	0.622692	-0.922189	0.024786	-0.00656384	0.0258012	0
4175.939397438	3579.683542006	0.433112	0.615647	-0.91711	0.0249221	-0.0063996	0.0257023	0
4209.071777218	3593.056984914	0.413294	0.608557	-0.861152	0.0243988	-0.00689849	0.0251814	0
4211.637332877	3590.868182993	0.405446	0.539407	-0.804517	0.0252421	-0.00696117	0.024678	0
4208.609144781	3596.445876874	0.404075	0.577308	-0.807045	0.0251821	-0.00710045	0.0250517	0
4200.874058501	3590.618586913	0.411357	0.525605	-0.813404	0.0262315	-0.00720975	0.0253529	0
4187.562303712	3584.224397727	0.420877	0.569294	-0.85631	0.0263427	-0.006885	0.0258383	0
4195.657570955	3588.188445871	0.433031	0.603753	-0.84762	0.0269466	-0.00679397	0.0258436	0
4209.565892139	3581.372208115	0.437131	0.625468	-0.869512	0.0267219	-0.00659024	0.0260464	0
4192.916994028	3584.442381449	0.448271	0.670407	-0.876427	0.0253889	-0.00679149	0.0259867	0
4225.316739049	3587.357559865	0.4552	0.637226	-0.826815	0.0246334	-0.00750335	0.0256768	0
4208.668908141	3591.328921315	0.464452	0.614139	-0.878412	0.024344	-0.00691484	0.0256321	0
4220.263533539	3594.891209417	0.453378	0.586791	-0.826458	0.0248155	-0.00702564	0.025077	0
4224.993910186	3593.523856978	0.418376	0.58367	-0.825205	0.0263906	-0.00754952	0.0239091	0
4232.763146957	3600.52811749	0.404426	0.63622	-0.799282	0.0268113	-0.00780868	0.0231602	0
4239.587909203	3597.293040885	0.385687	0.566369	-0.689534	0.0245556	-0.00787728	0.0228848	0
4237.880384638	3592.085730602	0.380834	0.560296	-0.644431	0.0234431	-0.00809319	0.0225176	0
4224.761793565	3586.77485446	0.378521	0.550768	-0.71422	0.0269619	-0.00842906	0.0217867	0
4228.231270041	3585.460346559	0.368948	0.616813	-0.740303	0.0277802	-0.00880481	0.0208814	0
4219.473269826	3583.55298899	0.390486	0.582126	-0.807686	0.0291085	-0.00907792	0.0217022	0
4210.197676228	3583.289238122	0.419343	0.651462	-0.797461	0.0291955	-0.00947532	0.0222686	0
4236.535709043	3590.3612057	0.422832	0.67118	-0.887291	0.0301266	-0.00943254	0.0233223	0
4231.295743034	3598.478268396	0.435164	0.757151	-1.00788	0.0283257	-0.00962761	0.0233596	0
4215.739660645	3592.230817171	0.430308	0.727985	-0.974879	0.0291789	-0.00899536	0.0237741	0
4223.527039864	3592.423322276	0.425662	0.692553	-0.948652	0.0297685	-0.00859261	0.0237968	0
4225.267647718	3594.538047478	0.426369	0.680029	-0.907904	0.0299796	-0.00835654	0.0233303	0
4228.456983444	3590.104768139	0.391801	0.623574	-0.882454	0.0293345	-0.00712907	0.0222551	0
4216.207095494	3589.761750464	0.385276	0.581814	-0.900301	0.027929	-0.00756483	0.0225407	0
4216.251384413	3587.622490298	0.388654	0.513251	-0.859278	0.0287157	-0.00803448	0.0242086	0
4201.091234282	3587.105132827	0.394175	0.534923	-0.888804	0.0289675	-0.00827133	0.0249645	0
4205.720760259	3583.602530745	0.351215	0.56741	-0.815653	0.0290918	-0.00719542	0.0246823	0
4207.424549614	3592.782382044	0.372942	0.594089	-0.88561	0.0285927	-0.00704985	0.0252113	0
4211.380136989	3600.538497667	0.400785	0.738021	-0.9706	0.0264219	-0.00693745	0.0259109	0
4205.225578135	3584.505842078	0.411701	0.688315	-0.960539	0.0259792	-0.00684465	0.0260871	0
4195.434525559	3590.481521391	0.415245	0.683781	-1.00656	0.0258701	-0.00751888	0.0274876	0
4185.529282277	3596.463806271	0.414494	0.676709	-0.870083	0.0274281	-0.00858517	0.0288908	0
4221.753348722	3590.995811991	0.420611	0.638344	-0.802979	0.0285076	-0.00874827	0.0288908	0
4186.253379413	3585.415523067	0.416155	0.618595	-0.813764	0.0274325	-0.00887901	0.0283753	0
4199.199617225	3579.188596282	0.397658	0.571109	-0.744284	0.0261268	-0.00776134	0.0265621	0
4178.646357475	3581.433309612	0.389372	0.505559	-0.841148	0.0278308	-0.00804591	0.0258815	0
4186.076757341	3571.595024797	0.389997	0.544806	-0.795303	0.0289072	-0.00835868	0.0249044	0
4173.042475293	3563.724727224	0.394959	0.551716	-0.841646	0.0299607	-0.00801164	0.024633	0
4173.704674664	3566.789002731	0.415439	0.656743	-0.832743	0.0301225	-0.00829024	0.0253317	0
4188.942197001	3571.478247803	0.440335	0.655678	-0.83191	0.0294136	-0.0081393	0.0259148	0
4179.403004298	3580.190283387	0.471411	0.747535	-0.918532	0.0286422	-0.00774516	0.0258572	0
4188.175411751	3578.956457773	0.44287	0.714454	-0.827213	0.0290305	-0.00760941	0.0255613	0
4201.204357784	3587.456643375	0.424942	0.678762	-0.807348	0.0309415	-0.00764261	0.025629	0
4193.614944694	3588.067894267	0.404852	0.704814	-0.750794	0.0301179	-0.00827033	0.0247592	0
4202.237410146	3581.352155499	0.398121	0.63911	-0.767581	0.029367	-0.00804999	0.0244158	0
4198.950425358	3580.552881851	0.405727	0.610274	-0.771278	0.0291296	-0.0083702	0.0243532	0
4190.930929518	3584.257189651	0.415325	0.564594	-0.787291	0.0306902	-0.00803471	0.0246526	0
4205.229313345	3602.194371852	0.423647	0.575571	-0.962954	0.0329657	-0.0107311	0.0246509	0
4210.362025467	3598.677614982	0.444351	0.691066	-0.958655	0.0329096	-0.0101136	0.0248093	0
4187.231470828	3592.78662848	0.451052	0.589728	-0.927721	0.0316393	-0.00883913	0.0259894	0
4174.632607545	3593.190983566	0.455993	0.660591	-0.8778	0.0313459	-0.0087082	0.0264393	0
4208.554717436	3588.533350851	0.466763	0.682578	-0.9008	0.0307541	-0.00907125	0.0266287	0
4205.013738369	3594.10561873	0.436383	0.679494	-0.9727	0.0285265	-0.00865864	0.026489	0
4188.550533554	3600.949930148	0.3874	0.5991	-0.882339	0.0296054	-0.00705378	0.024517	0
4208.18973406	3593.966429989	0.428109	0.61965	-0.892862	0.0283316	-0.00753711	0.0264962	0
4188.793855805	3588.451017173	0.465464	0.656699	-0.883385	0.0280904	-0.00771486	0.0264395	0
4204.868065179	3591.475187449	0.467888	0.597328	-0.79806	0.029128	-0.0079585	0.0260748	0
4199.341021603	3592.742984553	0.457352	0.591626	-0.809953	0.028866	-0.00885007	0.0264361	0
4199.898635093	3591.900066977	0.460584	0.565714	-0.751015	0.0296543	-0.00885741	0.0263107	0
4191.029112181	3583.634614929	0.453103	0.575764	-0.77059	0.0308068	-0.00925269	0.0262465	0
4192.153943988	3586.123498338	0.420068	0.587567	-0.747361	0.0308147	-0.00833617	0.0259574	0
4194.60851055	3580.831495245	0.356119	0.553428	-0.728533	0.0304356	-0.00826192	0.0247637	0
4180.781830385	3573.328750311	0.348942	0.612533	-0.748992	0.0288808	-0.00852375	0.0248548	0
4179.57215595	3571.189254232	0.346821	0.611777	-0.747394	0.0303479	-0.00889356	0.0243618	0
4196.69916094	3579.045632932	0.350143	0.668859	-0.804637	0.0318325	-0.00946534	0.0234427	0
4195.792572116	3572.44148107	0.382142	0.695694	-0.812337	0.0321643	-0.00941959	0.0235901	0
4194.112261224	3567.121640229	0.39196	0.644441	-0.76533	0.0317996	-0.00983037	0.0235534	0
4183.771065576	3572.310549288	0.386525	0.660121	-0.792869	0.0318683	-0.00961202	0.023438	0
4208.586733521	3567.625786565	0.403324	0.608092	-0.761265	0.0316771	-0.00953357	0.0235351	0
4189.860525057	3579.107442169	0.442716	0.602442	-0.834549	0.0323871	-0.0120634	0.0244529	0
4215.3117123	3588.194815525	0.44545	0.559065	-0.723479	0.0317033	-0.0135072	0.0252804	0
4204.575651597	3577.782790004	0.442562	0.514082	-0.729552	0.032322	-0.0115982	0.0258213	0
4182.321804102	3580.390573625	0.458288	0.662114	-0.749514	0.0318716	-0.0113616	0.0258213	0
4188.254384762	3573.455907483	0.46206	0.647743	-0.770686	0.0322287	-0.0111777	0.0263757	0
4188.514248657	3581.375274985	0.471447	0.722867	-0.828829	0.03246	-0.0112012	0.026855	0
4191.12622764	3583.437863387	0.557663	0.724421	-0.832659	0.0354434	-0.00908689	0.0271812	0
4203.973215587	3585.677858455	0.548167	0.690876	-0.827723	0.034906	-0.00928569	0.026654	0
4198.296763611	3591.87458836	0.549138	0.654794	-0.896118	0.0337026	-0.00966221	0.0269264	0
4198.225794621	3585.802892408	0.513228	0.583352	-0.813416	0.0334974	-0.0095975	0.0266443	0
4217.410366711	3591.247295376	0.466638	0.535286	-0.788039	0.0331178	-0.0104473	0.0251153	0
4198.300498821	3590.863700644	0.445977	0.574001	-0.725222	0.0320879	-0.0102085	0.0245571	0
4201.623768506	3590.289252199	0.43383	0.572833	-0.843598	0.0339926	-0.010037	0.0241783	0
4218.061360452	3584.187359367	0.408469	0.648967	-0.760828	0.0323725	-0.0108399	0.0237115	0
4188.277329624	3575.674906283	0.425041	0.58049	-0.78762	0.0320701	-0.0108825	0.0237502	0
4196.799478008	3576.701128352	0.444188	0.672426	-0.791797	0.0332658	-0.0110934	0.0241178	0
4196.174630737	3578.42989969	0.453497	0.675354	-0.830646	0.0345566	-0.0107615	0.0241812	0
4192.098983041	3580.382316666	0.45967	0.741447	-0.837389	0.0348664	-0.0107274	0.0244019	0
4219.748608162	3583.042944826	0.459286	0.716391	-0.834158	0.0341797	-0.010463	0.0244788	0
4219.051724699	3585.344985044	0.455537	0.744869	-0.92087	0.0338732	-0.0111476	0.0242288	0
4217.797761347	3584.886841766	0.444613	0.707559	-0.847158	0.0339808	-0.0103914	0.0234482	0
4213.408889613	3582.490908126	0.421281	0.657581	-0.823627	0.0330536	-0.0105226	0.0223937	0
4212.557795338	3587.361570388	0.424374	0.642803	-0.776645	0.0327681	-0.0103515	0.0217612	0
4224.724441465	3577.050751595	0.421704	0.618665	-0.794937	0.0334474	-0.0102874	0.0217598	0
4201.878296386	3579.390301999	0.416377	0.570434	-0.781269	0.0339485	-0.0102473	0.0219398	0
4198.572101947	3581.669458645	0.442684	0.540739	-0.805228	0.0340479	-0.0102874	0.0229384	0
4188.745298075	3573.610430576	0.457982	0.629499	-0.799009	0.0350844	-0.0106536	0.0229633	0
4214.457950018	3573.225184452	0.468608	0.661963	-0.835499	0.0361365	-0.0105122	0.0238739	0
4196.166626716	3581.543952865	0.496925	0.765308	-0.951316	0.0358366	-0.0110091	0.0244537	0
4193.693384104	3578.81632538	0.525014	0.775214	-0.923708	0.0360989	-0.0108158	0.024692	0
4198.056109367	3583.162080951	0.524922	0.799736	-0.930139	0.0357234	-0.0106094	0.024692	0
4178.560447646	3585.535366931	0.481413	0.741932	-0.860152	0.0355677	-0.0100775	0.024692	0
4195.056735749	3585.590806514	0.464992	0.646704	-0.81139	0.0354742	-0.00980798	0.0244762	0
4194.404674805	3585.084065134	0.460493	0.614639	-0.815561	0.0352856	-0.0103676	0.0244459	0
4198.798882553	3573.802463855	0.506283	0.554955	-0.769083	0.0359082	-0.0106703	0.0245058	0
4184.229962803	3569.927119044	0.538737	0.570368	-0.798641	0.0366422	-0.010811	0.0245438	0
4170.438500332	3571.211430065	0.56074	0.629268	-0.774153	0.0370272	-0.00990895	0.0245926	0
4176.345468124	3568.329987226	0.550573	0.628912	-0.790381	0.036649	-0.00941054	0.0253981	0
4156.191342242	3565.710643862	0.553963	0.698489	-0.844526	0.0359499	-0.00952962	0.0259598	0
4160.075427026	3565.996098737	0.55049	0.693799	-0.771785	0.0357048	-0.00934647	0.0261899	0
4165.623281058	3561.258963301	0.552278	0.688323	-0.775949	0.0353827	-0.00915723	0.0258974	0
4165.662233962	3572.914722787	0.54949	0.728954	-0.789181	0.0349767	-0.00880163	0.0267249	0
4176.505548552	3571.081441937	0.518374	0.693346	-0.803259	0.0344581	-0.00840582	0.0271573	0
4176.610134432	3574.795658087	0.460831	0.713717	-0.910894	0.0315858	-0.00780829	0.0272974	0
4174.278829799	3575.233512837	0.459884	0.675779	-0.882248	0.0299339	-0.00751858	0.0274288	0
4182.058738598	3573.422643733	0.459048	0.639486	-0.843139	0.0300389	-0.00759844	0.026565	0
4189.522221752	3592.770350474	0.453032	0.619097	-0.768052	0.0302699	-0.00806778	0.0263667	0
4190.438949003	3579.902469381	0.447711	0.615483	-0.732907	0.0308971	-0.00827941	0.0261074	0
4166.767856118	3577.196545903	0.44038	0.633171	-0.785614	0.0312035	-0.00839123	0.0263813	0
4185.435368426	3575.133013848	0.455354	0.618672	-0.741064	0.0316937	-0.00837872	0.0268315	0
4167.421517866	3569.668794178	0.458358	0.644579	-0.725781	0.0307741	-0.00859967	0.0268402	0
4171.774638304	3575.153066463	0.452296	0.684175	-0.758391	0.0320388	-0.00869665	0.0260989	0
4188.14499647	3575.581720601	0.455376	0.683536	-0.78299	0.0328773	-0.00904693	0.0254314	0
4171.445406224	3579.980556624	0.467793	0.742332	-0.817134	0.032495	-0.0094035	0.0259469	0
4186.047942864	3581.506206766	0.48408	0.721043	-0.81496	0.0336103	-0.00916996	0.0261414	0
4181.885318135	3585.38178749	0.479442	0.702214	-0.822587	0.0335432	-0.00925453	0.0253429	0
4213.584978084	3598.507049797	0.578157	0.858724	-0.820372	0.0419019	-0.00846715	0.0288048	0
4211.864647085	3598.228908229	0.578331	0.786969	-0.774322	0.0410706	-0.00831939	0.0299262	0
4208.645963279	3597.340223509	0.535094	0.713258	-0.701618	0.0368326	-0.00961265	0.0289165	0
4199.03686879	3589.380750776	0.520138	0.663298	-0.671864	0.0353895	-0.00886603	0.0286398	0
4199.37357129	3591.10008559	0.52631	0.64904	-0.68147	0.0357702	-0.00875648	0.0283313	0
4204.16157689	3590.924330316	0.526555	0.64877	-0.721534	0.0374359	-0.00924292	0.0277772	0
4194.33904183	3590.690068588	0.550291	0.730168	-0.765292	0.0383507	-0.00903609	0.0280544	0
4202.36227288	3593.212687573	0.568881	0.811863	-0.784356	0.038655	-0.00916948	0.028252	0
4212.432932604	3605.226563175	0.606745	0.864197	-0.898017	0.0371132	-0.00914054	0.0288346	0
4213.359798282	3600.520804184	0.59466	0.88699	-0.908956	0.0358325	-0.00838907	0.0288046	0
4218.834015317	3603.501802359	0.563763	0.860777	-0.932183	0.0342698	-0.00806469	0.0285467	0
4209.845499286	3606.759290711	0.550142	0.780071	-0.89037	0.0342848	-0.00872632	0.0278608	0
4218.955676443	3611.663452635	0.543769	0.693366	-0.780939	0.0352676	-0.00871319	0.0275972	0
4219.098681625	3600.592049946	0.530756	0.67203	-0.746113	0.0354787	-0.00839578	0.02795	0
4196.014016708	3596.945304947	0.541496	0.675866	-0.735037	0.035501	-0.00821476	0.0283153	0
4198.155892834	3586.783583245	0.547334	0.619709	-0.762815	0.0360091	-0.00807198	0.0286476	0
4187.73732498	3588.28517025	0.559499	0.683781	-0.787928	0.0364426	-0.00815833	0.0290064	0
4190.072898424	3580.198540346	0.552664	0.724406	-0.764097	0.0366672	-0.00790853	0.0290512	0
4191.070733092	3580.466537649	0.553279	0.771955	-0.797432	0.0363182	-0.00768664	0.0297059	0
4180.00970912	3585.57311303	0.562702	0.817391	-0.796618	0.0360723	-0.00760339	0.0301717	0
4196.130341819	3581.132284472	0.544199	0.805958	-0.805843	0.0358538	-0.00752149	0.0305744	0
4185.982843489	3574.721817281	0.553601	0.804896	-0.851292	0.0353948	-0.00785288	0.0308564	0
4189.841849007	3580.723211123	0.54752	0.759579	-0.758883	0.0359685	-0.00797286	0.0304787	0
4207.796469808	3578.9479649	0.551155	0.741656	-0.741587	0.0358198	-0.00812501	0.0302477	0
4207.525400284	3581.217685021	0.550866	0.705598	-0.70954	0.0353172	-0.0081687	0.0304484	0
4200.810559931	3572.596475989	0.538385	0.622851	-0.696482	0.0353819	-0.00794232	0.0300573	0
4192.577623521	3575.675614022	0.549125	0.641786	-0.750538	0.0356621	-0.0081361	0.0304484	0
4193.028516726	3570.708699208	0.553176	0.659327	-0.724906	0.0359372	-0.00768335	0.0308711	0
4191.15984453	3565.368333926	0.55957	0.72437	-0.755733	0.0362083	-0.0080241	0.0308711	0
4184.536783623	3572.498572044	0.574926	0.789329	-0.765319	0.0352959	-0.00784395	0.0313283	0
4200.706507653	3571.704488485	0.578682	0.778736	-0.777907	0.0357743	-0.00797423	0.0313979	0
4190.173215492	3569.899753122	0.582354	0.826897	-0.827506	0.0352444	-0.00802159	0.0318203	0
4196.986238507	3571.017509481	0.578128	0.790798	-0.74931	0.0352808	-0.00802967	0.0315183	0
4194.558352016	3569.492802991	0.563577	0.768878	-0.732418	0.0354614	-0.00837369	0.0312715	0
4190.417071344	3572.890895562	0.569185	0.766148	-0.706624	0.0350348	-0.00841756	0.031266	0
4205.052157671	3574.931779957	0.563264	0.692702	-0.698299	0.0351849	-0.00855953	0.0312222	0
4195.750951205	3577.395892488	0.558173	0.681628	-0.719669	0.0352603	-0.00794872	0.0313693	0
4212.625562719	3575.937477585	0.546876	0.675347	-0.728493	0.0353701	-0.00795643	0.0316271	0
4187.927820689	3579.072527027	0.56102	0.72606	-0.790136	0.0348982	-0.00805686	0.0321628	0
4208.307659975	3587.333496727	0.578424	0.774027	-0.802485	0.0341069	-0.00742713	0.0322943	0
4214.907242419	3590.429856418	0.591689	0.820564	-0.824681	0.0327629	-0.00784835	0.0319829	0
4190.079835243	3589.550608222	0.583308	0.815069	-0.817238	0.0318418	-0.00844484	0.0316721	0
4203.357439541	3582.3951274	0.582234	0.789955	-0.853205	0.0344394	-0.0089106	0.030754	0
4197.503831891	3587.925402743	0.574883	0.823647	-0.848772	0.0347691	-0.00943959	0.0301085	0
4223.100158723	3601.569437999	0.563984	0.767245	-0.746564	0.0360871	-0.0100549	0.0291516	0
4206.26716812	3587.931300571	0.56094	0.76429	-0.74253	0.0365474	-0.00972858	0.0289828	0
4222.903259796	3588.916237844	0.672151	0.864793	-0.725452	0.0381809	-0.0101947	0.0303817	0
4224.087321362	3585.076515914	0.622122	0.744895	-0.69787	0.0363815	-0.0092858	0.0294637	0
4218.271599414	3589.555562398	0.639671	0.667365	-0.727064	0.0372414	-0.00977124	0.0289761	0
4213.269619641	3583.057807352	0.639115	0.723856	-0.728286	0.0377604	-0.0100847	0.0289653	0
4206.70472129	3581.140541431	0.649159	0.797544	-0.778709	0.03685	-0.0096157	0.0296517	0
4197.067345924	3576.826870045	0.635997	0.820324	-0.753412	0.0375771	-0.00973352	0.0296284	0
4224.37813414	3588.532643112	0.570404	0.876955	-0.828376	0.0362068	-0.00945076	0.0302988	0
4220.9219977	3597.917502912	0.544015	0.901549	-0.932191	0.0323005	-0.00930336	0.0309533	0
4202.26889263	3591.8896868	0.582823	0.865708	-0.860843	0.0321236	-0.0089826	0.0304795	0
4198.847973885	3589.218678463	0.601332	0.808662	-0.844572	0.0323628	-0.0092549	0.0301286	0
4197.903499359	3594.353799331	0.655759	0.82687	-0.905273	0.0341016	-0.00827055	0.0303205	0
4214.050278528	3583.486697403	0.643859	0.798923	-0.881863	0.0347117	-0.00745757	0.0298974	0
4222.422484911	3596.928791029	0.604333	0.667804	-0.795689	0.0346373	-0.00805892	0.0296912	0
4211.525810179	3588.07945401	0.611715	0.611273	-0.756872	0.0354084	-0.00802313	0.0297245	0
4199.363432863	3581.532864949	0.608376	0.666853	-0.776422	0.0347832	-0.00770375	0.030678	0
4191.161445335	3576.189904622	0.600299	0.701282	-0.738141	0.0348446	-0.00741239	0.0310893	0
4187.771475471	3576.768599504	0.593758	0.787633	-0.775854	0.0348465	-0.00788544	0.0316495	0
4200.424232499	3577.931415269	0.579459	0.872961	-0.827271	0.0346301	-0.00809372	0.0318289	0
4199.327147966	3580.974694508	0.560716	0.857361	-0.820819	0.0338908	-0.00791184	0.031846	0
4196.350185607	3579.639426253	0.564748	0.846848	-0.830369	0.0325065	-0.0083914	0.0316576	0
4181.985101602	3576.619030586	0.564879	0.792239	-0.790362	0.0327501	-0.00860637	0.0315965	0
4207.017411726	3571.854057402	0.562927	0.747955	-0.756056	0.0336321	-0.00892092	0.0308157	0
4213.200251455	3578.291890516	0.559909	0.70908	-0.775607	0.0338694	-0.00977009	0.0301038	0
4214.102037866	3580.617522046	0.561409	0.717396	-0.725147	0.0348571	-0.00996035	0.0289423	0
4205.958212894	3572.566043197	0.544882	0.721895	-0.724789	0.0343098	-0.0100971	0.0285495	0
4208.534440581	3574.856051846	0.557926	0.691915	-0.69924	0.0347417	-0.00994203	0.0285903	0
4188.891504866	3570.548750113	0.561136	0.70974	-0.773386	0.0377107	-0.0101617	0.028549	0
4211.863579882	3577.810863665	0.589133	0.763829	-0.760709	0.0390901	-0.0100836	0.0286053	0
4214.581745549	3574.596075588	0.595654	0.813563	-0.818519	0.0406052	-0.0101466	0.0282098	0
4200.373006762	3582.222910823	0.577277	0.889874	-0.89701	0.0400504	-0.0104369	0.0296051	0
4208.579796703	3584.314044712	0.603031	0.891655	-0.902322	0.0398354	-0.01037	0.0302753	0
4215.462721504	3585.510596054	0.552148	0.911757	-0.965724	0.0380676	-0.0107795	0.0310235	0
4204.394760714	3590.523513926	0.56837	0.853212	-0.906446	0.0366423	-0.0108986	0.0318297	0
4226.555761561	3592.468853508	0.592152	0.752039	-0.80007	0.0372662	-0.0112353	0.0312371	0
4198.766866468	3588.445591171	0.589602	0.750833	-0.790701	0.0369526	-0.0111754	0.0312361	0
4214.826135002	3597.822429925	0.492893	0.886721	-0.52094	0.0381488	-0.00923964	0.0282457	0
4226.545089533	3597.476109466	0.374929	0.806878	-0.380452	0.0369762	-0.00817636	0.0270448	0
4199.110505786	3587.319813766	0.353231	0.817091	-0.499595	0.0399147	-0.00993274	0.0257913	0
4197.363494716	3584.83800775	0.390914	0.83099	-0.588552	0.0431562	-0.0121699	0.0250032	0
4168.12267014	3581.669458645	0.418655	0.915759	-0.682458	0.0425603	-0.0126827	0.0262182	0
4196.052436011	3591.325618532	0.496599	0.934767	-0.753903	0.041584	-0.0127152	0.0279233	0
4190.01153426	3598.171581341	0.553413	0.984515	-0.813422	0.0404124	-0.0125998	0.0280897	0
4179.225848625	3586.779572722	0.588278	0.956739	-0.71224	0.0414257	-0.0130768	0.0276404	0
4194.066371501	3580.990972514	0.588391	0.861443	-0.649605	0.0417029	-0.0128858	0.0276608	0
4192.382325399	3581.703194221	0.58069	0.839997	-0.654398	0.041251	-0.0129258	0.0278569	0
4196.023621534	3578.467409876	0.597682	0.780412	-0.61767	0.0412173	-0.0125959	0.0281129	0
4191.373285101	3574.609286723	0.582015	0.745889	-0.654057	0.041306	-0.011483	0.0280618	0
4202.148832309	3578.303450258	0.572358	0.715056	-0.621794	0.0406052	-0.0102578	0.0292981	0
4202.485001208	3579.825089878	0.55076	0.757865	-0.625574	0.0395463	-0.00966985	0.0302039	0
4188.607095305	3574.382338302	0.540153	0.80313	-0.665675	0.0388596	-0.00951676	0.0306308	0
4180.263169798	3569.588583718	0.544685	0.835145	-0.64924	0.0386455	-0.0089062	0.0303555	0
4192.571220304	3576.993424707	0.537182	0.885127	-0.704554	0.0379424	-0.00918386	0.0302679	0
4200.248144028	3586.015921955	0.51687	0.9389	-0.776319	0.0347916	-0.00893258	0.0302017	0
4201.116313549	3581.435904657	0.499977	0.891798	-0.778782	0.0338791	-0.0087437	0.0300885	0
4177.144803061	3577.918911874	0.496983	0.86997	-0.782245	0.0339742	-0.00899176	0.030223	0
4206.322662668	3591.595974967	0.49367	0.817814	-0.666732	0.0349459	-0.0094451	0.0301044	0
4216.136660106	3582.187523855	0.497583	0.784852	-0.610719	0.0360932	-0.00967341	0.0295624	0
4195.029522076	3583.025251342	0.505382	0.792696	-0.604602	0.0357891	-0.0101454	0.0297616	0
4197.453673357	3573.428069735	0.504572	0.742589	-0.569724	0.0363229	-0.00991394	0.0294398	0
4175.198225057	3570.576587861	0.514002	0.721627	-0.619958	0.036599	-0.00975702	0.0296606	0
4184.666982372	3571.050301405	0.522596	0.74782	-0.595759	0.0377329	-0.00998055	0.0301826	0
4186.5852795	3560.217170966	0.521812	0.798254	-0.611952	0.0376947	-0.00969778	0.0302067	0
4180.603073907	3572.329894164	0.537224	0.862871	-0.642502	0.0367758	-0.00945797	0.030367	0
4194.860370424	3571.476124585	0.52722	0.86038	-0.614533	0.0356619	-0.00986188	0.0300462	0
4182.753487656	3580.521505406	0.533247	0.849462	-0.671442	0.0355049	-0.010094	0.0297243	0
4183.914070759	3580.427140159	0.531668	0.855561	-0.702532	0.0372676	-0.0101878	0.0297044	0
4206.515292783	3574.059137329	0.532276	0.854313	-0.680969	0.0383293	-0.0112049	0.0284141	0
4212.448407045	3586.181061139	0.521201	0.838982	-0.648099	0.039448	-0.011967	0.0278315	0
4214.60469041	3584.817483309	0.521195	0.802598	-0.591127	0.0387056	-0.011514	0.0274496	0
4208.202540494	3582.219843952	0.508199	0.815754	-0.596597	0.0380369	-0.0116953	0.0269231	0
4223.819453446	3585.211694131	0.516625	0.767269	-0.560856	0.0384822	-0.0116974	0.026932	0
4202.878799061	3581.019282088	0.521352	0.804019	-0.60906	0.0392085	-0.0119397	0.0267777	0
4215.536358501	3582.81340136	0.537891	0.785656	-0.570072	0.0396157	-0.011787	0.0267376	0
4196.015083911	3579.073706593	0.531621	0.811393	-0.630817	0.0410163	-0.0121234	0.0259155	0
4207.496585807	3592.805029703	0.553778	0.848263	-0.65045	0.043075	-0.0123854	0.0255343	0
4222.870176508	3592.004812402	0.55215	0.924682	-0.701638	0.0433848	-0.0128231	0.0253748	0
4219.296647754	3593.812614636	0.56738	0.935924	-0.754763	0.0432237	-0.0125979	0.0258813	0
4219.915625409	3597.738680767	0.572888	0.931843	-0.755868	0.0432659	-0.0119611	0.0265717	0
4219.29504695	3589.369426946	0.540468	0.914732	-0.711109	0.0427406	-0.0126578	0.0265251	0
4211.765397219	3599.232010813	0.560287	0.925189	-0.683201	0.0445435	-0.0124156	0.0265298	0
4232.782356608	3596.506034719	0.608725	0.923262	-0.681777	0.0471014	-0.0127106	0.0273298	0
4210.714202409	3591.436733611	0.602744	0.804048	-0.684639	0.0455323	-0.0128523	0.0277296	0
4221.057532462	3584.949830569	0.608976	0.788721	-0.670151	0.046246	-0.0127122	0.0274416	0
4198.399215085	3579.018031097	0.628684	0.832057	-0.695608	0.0467436	-0.0127656	0.0272045	0
4178.459063375	3575.876140174	0.619869	0.873564	-0.708552	0.0460728	-0.012053	0.0273215	0
4216.897042139	3573.632134583	0.587086	0.887001	-0.73987	0.0454278	-0.0115715	0.0275642	0
4197.527310354	3581.399574036	0.5939	0.922713	-0.775331	0.0442785	-0.011225	0.0274654	0
4185.795015787	3577.791282876	0.615033	0.927008	-0.780988	0.0439499	-0.0108402	0.0280984	0
4210.118169615	3577.930943443	0.627284	0.919546	-0.799567	0.0430534	-0.0103172	0.0285598	0
4187.247478871	3580.614691088	0.612265	0.919936	-0.762742	0.0428359	-0.010567	0.0286759	0
4224.326908403	3577.107370743	0.614129	0.832936	-0.69625	0.0431023	-0.0109104	0.0283959	0
4199.971204887	3571.419505437	0.604754	0.839964	-0.679778	0.0435619	-0.0111093	0.0288171	0
4192.326297249	3578.344499141	0.606388	0.805758	-0.643445	0.043575	-0.0109472	0.0285713	0
4188.491837397	3573.469826357	0.606352	0.797779	-0.650479	0.0437736	-0.0108817	0.0287084	0
4176.722190731	3563.104039807	0.613097	0.820586	-0.652007	0.0438824	-0.0110342	0.0289299	0
4186.452412745	3558.279380604	0.620378	0.821815	-0.665433	0.0439492	-0.0107355	0.0291641	0
4170.546821421	3563.26233751	0.610603	0.863543	-0.686013	0.043839	-0.0109569	0.0291742	0
4167.861205441	3564.156448232	0.613965	0.888549	-0.677466	0.0440457	-0.0113746	0.0285972	0
4194.674677127	3563.340896579	0.606319	0.897984	-0.695848	0.0448462	-0.0114744	0.0279983	0
4176.053054542	3565.884747744	0.607328	0.900303	-0.734279	0.0442396	-0.0115499	0.0280221	0
4189.23727859	3569.476289073	0.606232	0.867079	-0.68179	0.0445461	-0.0114769	0.0286119	0
4180.332004382	3565.25368015	0.601066	0.847304	-0.674672	0.043974	-0.0115075	0.0286818	0
4176.207798956	3571.910912464	0.607738	0.864099	-0.657751	0.0438343	-0.0115258	0.0287119	0
4198.831965842	3574.836942883	0.600831	0.849197	-0.633182	0.0430384	-0.0116979	0.0287175	0
4192.183825668	3576.164190092	0.603306	0.812346	-0.628431	0.042666	-0.0115616	0.0292246	0
4189.790089668	3575.497263704	0.602923	0.789863	-0.619691	0.0433267	-0.0117565	0.0291361	0
4175.568010845	3577.834454977	0.608962	0.848417	-0.667327	0.0433395	-0.0117652	0.0293906	0
4187.230937226	3577.655868746	0.612071	0.854977	-0.668535	0.0435965	-0.0116565	0.0296687	0
4200.529885581	3580.604546824	0.609275	0.895277	-0.703408	0.0431704	-0.0113529	0.0296156	0
4194.199238256	3579.555677096	0.59393	0.915811	-0.755565	0.042367	-0.0112756	0.0302198	0
4189.215934533	3580.218357048	0.608763	0.901258	-0.730895	0.0422603	-0.0109273	0.0304402	0
4195.415849509	3583.946492073	0.60628	0.899485	-0.741964	0.0424389	-0.0111516	0.030089	0
4182.421053967	3584.46054676	0.633997	0.911193	-0.740312	0.0419503	-0.0109652	0.0305834	0
4201.47596091	3587.158921018	0.671745	0.861302	-0.761898	0.0413186	-0.0107771	0.0307826	0
4190.7745843	3589.535509782	0.724935	0.872631	-0.789603	0.0402787	-0.0106666	0.0304889	0
4210.126173637	3589.275297612	0.747273	0.831369	-0.671011	0.0417743	-0.0111036	0.0298138	0
4206.665234784	3585.800533277	0.705792	0.813104	-0.630214	0.0417366	-0.0112334	0.029668	0
4199.453077902	3586.057206751	0.661887	0.826741	-0.611633	0.0415515	-0.01131	0.0296062	0
4195.961723768	3572.393826619	0.650837	0.81544	-0.599059	0.0417615	-0.0112203	0.0295648	0
4185.378806675	3569.723997848	0.633295	0.852925	-0.67454	0.0418186	-0.0108987	0.0298581	0
4200.926351441	3570.029033511	0.626555	0.860294	-0.660611	0.0423342	-0.0106562	0.0302254	0
4196.750920278	3572.644838178	0.609094	0.883448	-0.699629	0.0418581	-0.0106758	0.0303612	0
4191.351407442	3573.969726256	0.59924	0.927661	-0.730255	0.0410024	-0.010531	0.0304512	0
4212.260579343	3576.828285523	0.576462	0.883214	-0.779511	0.0404017	-0.0103568	0.0308564	0
4204.940634973	3584.249876344	0.52633	0.925584	-0.870081	0.0370339	-0.0100928	0.0313921	0
4204.335530956	3583.491179752	0.504557	0.884408	-0.84935	0.0340252	-0.0094462	0.0321753	0
4198.757795243	3574.962448663	0.503233	0.859024	-0.830951	0.0322257	-0.00890801	0.0324027	0
4192.100050244	3577.389051008	0.500781	0.833744	-0.794454	0.0308113	-0.00879597	0.0322819	0
4212.439869423	3585.630204005	0.520943	0.789609	-0.682581	0.0312567	-0.00917063	0.0319639	0
4191.509887066	3580.030806118	0.529587	0.816893	-0.648407	0.0321978	-0.00939098	0.0317883	0
4207.272473207	3578.549979468	0.544019	0.819704	-0.586431	0.0329084	-0.00918361	0.0318716	0
4184.6029502	3572.356552347	0.551476	0.828011	-0.598944	0.0336332	-0.00927642	0.0321131	0
4178.563115653	3568.636674281	0.561398	0.854574	-0.589003	0.0333055	-0.00958226	0.0323118	0
4191.043519419	3568.509281197	0.55702	0.828335	-0.602692	0.0338093	-0.010103	0.0318338	0
4188.553201561	3578.149163078	0.567014	0.878855	-0.714964	0.0356329	-0.01054	0.0312965	0
4191.295912894	3577.350833083	0.56827	0.889427	-0.70483	0.0363089	-0.0107102	0.0309465	0
4184.695263247	3575.729402214	0.580069	0.88287	-0.725717	0.0362217	-0.0114316	0.0310854	0
4196.560424569	3584.263795218	0.58697	0.901092	-0.691914	0.0373998	-0.0113538	0.030843	0
4214.406724281	3579.400446263	0.575186	0.845334	-0.657661	0.038062	-0.0118847	0.0298708	0
4203.91825464	3579.668915393	0.571673	0.873906	-0.635787	0.0373443	-0.011841	0.0287524	0
4221.099153373	3581.856065922	0.565805	0.832685	-0.566128	0.0353282	-0.0119082	0.0285031	0
4221.232020128	3585.119216189	0.573802	0.773524	-0.573389	0.0367075	-0.0122048	0.0286186	0
4219.929499046	3591.488162671	0.581382	0.7627	-0.638023	0.0403142	-0.0125502	0.0279643	0
4217.419437935	3582.539506229	0.582653	0.795905	-0.64611	0.0411517	-0.0132411	0.0268288	0
4228.493268341	3591.319720704	0.577788	0.840062	-0.741289	0.0419365	-0.0130997	0.027151	0
4217.077933022	3595.574885637	0.596646	0.94778	-0.814755	0.040874	-0.0126525	0.0288531	0
4239.456109651	3597.678287009	0.630425	0.945656	-0.809552	0.0409082	-0.0123805	0.0290535	0
4228.439908199	3594.384468037	0.607849	0.951978	-0.777565	0.0403551	-0.0125329	0.0283482	0
4219.804636312	3589.517108559	0.604035	0.900444	-0.734058	0.0401481	-0.0127391	0.0280534	0
4223.912833696	3592.587281894	0.604136	0.89961	-0.775841	0.0421399	-0.0128195	0.0279376	0
4225.458143427	3600.944268233	0.616947	0.83631	-0.774157	0.0429953	-0.0123601	0.0277709	0
4215.677229278	3583.151936687	0.605259	0.783849	-0.796317	0.0435252	-0.0128209	0.0276676	0
4210.83799794	3588.97191334	0.611179	0.78909	-0.77154	0.0438109	-0.0127254	0.028159	0
4220.191497347	3590.14794024	0.609087	0.832779	-0.821027	0.044142	-0.0128137	0.0283939	0
4212.67465405	3590.888707435	0.61087	0.888534	-0.871629	0.0440466	-0.0131518	0.0290023	0
4230.158638394	3599.088811549	0.631763	0.958323	-0.919467	0.0424561	-0.0124369	0.0298825	0
4227.867353868	3601.044059482	0.601274	1.00366	-1.00522	0.0408955	-0.0124507	0.0304456	0
4198.622794082	3592.928884091	0.633491	0.983396	-0.932568	0.0408536	-0.0125182	0.0295049	0
4229.33422419	3599.354449722	0.639211	0.918529	-0.797413	0.0420166	-0.0123986	0.0290181	0
4201.062953406	3592.404449226	0.609783	0.876354	-0.727288	0.0424597	-0.0125533	0.0293167	0
4197.88855852	3583.896478491	0.611518	0.843871	-0.697318	0.042828	-0.0119233	0.0292537	0
4198.342653334	3574.861006021	0.613715	0.810021	-0.72495	0.0436295	-0.0116959	0.0293413	0
4178.92116221	3584.068695068	0.612242	0.845467	-0.708972	0.043722	-0.0116583	0.0299244	0
4183.308433139	3573.668937029	0.626956	0.840161	-0.7274	0.0438451	-0.0115224	0.030402	0
4167.018115187	3567.988149116	0.619693	0.881233	-0.782243	0.0432789	-0.0115794	0.0305576	0
4165.313258629	3565.985482646	0.63232	0.905934	-0.76075	0.0432601	-0.0116818	0.0308753	0
4191.867933623	3561.326670366	0.638044	0.929074	-0.771236	0.0432861	-0.0114889	0.0306726	0
4163.348538177	3566.009309871	0.626607	0.942329	-0.830985	0.0415439	-0.0114696	0.0312428	0
4185.452443671	3577.604675599	0.607024	0.944138	-0.85348	0.0399734	-0.0107634	0.0319833	0
4186.825933744	3572.345700343	0.559575	0.929564	-0.916359	0.0375535	-0.0106263	0.0319833	0
4172.954964659	3571.573084877	0.568757	0.921067	-0.842442	0.0375535	-0.0110114	0.0315916	0
4208.127302693	3577.638883001	0.575682	0.802876	-0.743915	0.0388445	-0.0112011	0.0312968	0
4188.143395666	3570.744322089	0.578496	0.828378	-0.701809	0.0384309	-0.0119338	0.0315106	0
4196.110598566	3567.675564233	0.616569	0.777009	-0.601699	0.0375432	-0.0126649	0.0317203	0
4157.733983966	3561.715927013	0.620507	0.763961	-0.616061	0.0370843	-0.01253	0.0318666	0
4165.992533245	3564.294929233	0.631625	0.801615	-0.610878	0.0380956	-0.012312	0.0319832	0
4168.364391586	3556.242506731	0.631703	0.853579	-0.644001	0.0383691	-0.0126391	0.0324444	0
4156.180670213	3563.186845312	0.630022	0.906833	-0.668876	0.0374112	-0.0127345	0.0337284	0
4164.132932274	3559.944219487	0.634705	0.910414	-0.672489	0.0371583	-0.0123222	0.0338461	0
4179.182093308	3571.825747828	0.623745	0.922208	-0.718538	0.0372578	-0.0121743	0.033848	0
4178.815509128	3580.596053952	0.589126	0.926537	-0.720017	0.0361812	-0.0118903	0.0339837	0
4185.416692376	3581.209899888	0.567828	0.851329	-0.75503	0.0355133	-0.0120222	0.0341857	0
4170.380337776	3581.385183336	0.550904	0.853087	-0.79042	0.0350326	-0.0121464	0.0343276	0
4196.036961569	3586.651471899	0.573597	0.792324	-0.701926	0.0354964	-0.012347	0.0341536	0
4192.597900375	3583.518309761	0.575243	0.796457	-0.671965	0.0354987	-0.0124023	0.0337433	0
4195.624487666	3584.789645561	0.577338	0.814771	-0.645801	0.0351549	-0.012299	0.0336073	0
4206.490747118	3581.992895531	0.559899	0.787745	-0.627876	0.0356198	-0.0127062	0.03325	0
4185.281157614	3578.013748948	0.545247	0.810635	-0.70379	0.0353891	-0.012284	0.0339526	0
4195.005510012	3582.332138597	0.535991	0.823427	-0.702182	0.035794	-0.0123058	0.0342444	0
4191.959179467	3579.963099053	0.532573	0.860515	-0.737408	0.0355258	-0.0121876	0.0345491	0
4184.750224194	3580.372408315	0.528101	0.913101	-0.716671	0.0355093	-0.0126186	0.0348995	0
4207.35197982	3577.588161681	0.542749	0.869914	-0.744673	0.0356847	-0.0123888	0.0340905	0
4194.674143526	3587.34057412	0.527295	0.894445	-0.819458	0.0345528	-0.0119584	0.0347711	0
4210.815053079	3593.495783316	0.489273	0.880098	-0.819544	0.0337074	-0.0117565	0.0352191	0
4221.111959807	3593.06878057	0.450201	0.847625	-0.863252	0.0320459	-0.0121972	0.0360931	0
4206.708990101	3591.301083567	0.432544	0.850966	-0.832204	0.0303698	-0.0136308	0.0361441	0
4216.696408002	3593.510174017	0.462678	0.800577	-0.738346	0.0311115	-0.0139615	0.035526	0
4204.500947398	3587.229694954	0.487364	0.835537	-0.726813	0.0314809	-0.0138448	0.0352578	0
4214.131919546	3589.476531503	0.507417	0.786928	-0.702951	0.0323472	-0.0135863	0.0349528	0
4189.892541142	3582.070510948	0.519473	0.810144	-0.761887	0.0329337	-0.0133319	0.0356424	0
4195.206144148	3586.873230231	0.558674	0.883241	-0.77196	0.0322382	-0.0130221	0.0361618	0
4217.073664211	3582.963678017	0.560753	0.866978	-0.806468	0.0318972	-0.0128383	0.0358608	0
4202.471127571	3591.403233948	0.570156	0.922801	-0.882332	0.0300711	-0.0123123	0.0356594	0
4205.419275453	3592.005520142	0.549721	0.90285	-0.874181	0.0293406	-0.0118978	0.035407	0
4210.997544766	3590.608442649	0.55243	0.886755	-0.883314	0.0287789	-0.0113935	0.0351656	0
4202.472728375	3592.647675652	0.507848	0.863118	-0.85638	0.0278275	-0.0124093	0.0353445	0
4231.368312828	3594.5798041	0.476541	0.802103	-0.77691	0.0275556	-0.0123133	0.0346483	0
4233.84902586	3594.281374004	0.485562	0.818207	-0.744095	0.0273234	-0.0125303	0.0344446	0
4246.819809337	3601.630067671	0.512697	0.768443	-0.67237	0.0282186	-0.0125387	0.0340397	0
4218.512253657	3583.748796879	0.543343	0.727845	-0.697492	0.0300699	-0.0129126	0.0344525	0
4220.757114859	3592.976302628	0.558221	0.788493	-0.68991	0.0303771	-0.0129842	0.0350878	0
4221.359017268	3581.687623955	0.541987	0.795234	-0.709265	0.0308896	-0.0126476	0.035502	0
4206.54784247	3584.196559979	0.544757	0.86766	-0.779383	0.0306495	-0.0126478	0.0359525	0
4200.603522578	3580.612331957	0.551	0.903722	-0.760666	0.03045	-0.0125161	0.0358812	0
4222.458769808	3594.345306459	0.509678	0.931545	-0.794478	0.0297636	-0.0119815	0.0359321	0
4213.38167594	3593.870649263	0.487408	0.897009	-0.891969	0.0283236	-0.0120505	0.0359842	0
4213.753062533	3597.216605034	0.483599	0.841615	-0.790887	0.0294555	-0.012233	0.0352484	0
4241.679626795	3600.840938286	0.514048	0.764966	-0.678516	0.0320383	-0.0127502	0.032857	0
4220.507922993	3591.541714949	0.521987	0.786009	-0.634323	0.0314296	-0.0124024	0.033764	0
4210.00771412	3590.825246806	0.532224	0.778794	-0.579405	0.02924	-0.0124477	0.033944	0
4197.186339042	3584.906658468	0.527535	0.77721	-0.594037	0.0287067	-0.0128165	0.0338158	0
4215.573176999	3583.11513424	0.538593	0.723158	-0.610788	0.0310744	-0.0129651	0.0332821	0
4194.376927531	3581.304029223	0.542617	0.745157	-0.658465	0.0318286	-0.0130156	0.03289	0
4199.984011322	3583.000008638	0.558185	0.749918	-0.648037	0.0324701	-0.0127964	0.033041	0
4205.56388144	3583.24370689	0.544094	0.838185	-0.749331	0.0339831	-0.0119954	0.0330726	0
4219.15310897	3595.124527492	0.554704	0.937907	-0.801627	0.0329672	-0.011609	0.033236	0
4212.226962453	3587.302120282	0.530305	0.930415	-0.81108	0.0327609	-0.0121064	0.0329455	0
4224.208448886	3595.732947427	0.527861	0.909613	-0.73704	0.0308406	-0.013255	0.0322903	0
4223.755954876	3593.714238865	0.524757	0.865496	-0.701365	0.0321451	-0.013276	0.0316697	0
4223.398975522	3590.130246756	0.51528	0.862897	-0.723	0.0325364	-0.0131921	0.0314094	0
4236.285449974	3593.181075215	0.535066	0.776362	-0.701518	0.0336669	-0.0129194	0.0319322	0
4225.613955044	3598.95198194	0.537394	0.745366	-0.784651	0.0348249	-0.0130039	0.032666	0
4208.137974721	3597.016314796	0.543541	0.774013	-0.770066	0.0359397	-0.0128607	0.032626	0
4234.726266605	3589.448221928	0.553306	0.797779	-0.788325	0.0355719	-0.0125487	0.0327454	0
4201.048012566	3593.318848477	0.572793	0.861839	-0.831937	0.0355167	-0.0126496	0.0329128	0
4215.585449832	3601.155174561	0.591287	0.932062	-0.854408	0.0339215	-0.0114753	0.0332278	0
4214.233303817	3602.225512384	0.564071	0.936111	-0.927944	0.0317748	-0.0113429	0.0336301	0
4194.352915467	3601.560001474	0.54608	0.930639	-0.940568	0.0305644	-0.0114447	0.0341359	0
4188.79972542	3598.681389592	0.515999	0.886254	-0.872024	0.0308433	-0.0114535	0.0344714	0
4205.376587339	3597.291389493	0.5094	0.829447	-0.808283	0.031757	-0.012434	0.0343567	0
4193.569588573	3601.458558833	0.53189	0.825008	-0.716024	0.0327516	-0.0125323	0.0340069	0
4209.129939773	3589.997663583	0.54279	0.775052	-0.702786	0.0332395	-0.0124395	0.0337679	0
4189.312516391	3583.632963537	0.54526	0.753679	-0.730071	0.0337829	-0.0125439	0.0342448	0
4178.295781338	3579.880529461	0.54948	0.759801	-0.718996	0.0346256	-0.0122814	0.0340966	0
4175.286269292	3574.761686598	0.570335	0.788892	-0.738582	0.034432	-0.0121435	0.0342275	0
4159.686965187	3571.54076478	0.566999	0.852531	-0.747498	0.0343137	-0.0119228	0.0346374	0
4173.788450088	3570.909697186	0.571607	0.855073	-0.745009	0.0345763	-0.0118718	0.0348383	0
4167.13870911	3573.560181081	0.555388	0.909498	-0.788229	0.0341309	-0.0121048	0.0347558	0
4160.812330596	3579.499529773	0.556749	0.904263	-0.767799	0.0338017	-0.0117045	0.0349134	0
4177.28300583	3570.054276215	0.558388	0.877902	-0.790543	0.0338017	-0.0117963	0.0348382	0
4166.66753905	3573.911455716	0.540276	0.846268	-0.789362	0.0331274	-0.0124604	0.0350295	0
4195.732275155	3577.355079519	0.553773	0.780398	-0.698461	0.033696	-0.0122562	0.0347756	0
4183.342583631	3569.422972708	0.562136	0.776538	-0.684237	0.0336446	-0.0125192	0.0345436	0
4174.772411118	3572.01117554	0.553886	0.805841	-0.660797	0.0335195	-0.0121705	0.0344362	0
4171.211688799	3559.451161067	0.557217	0.718687	-0.680795	0.034289	-0.0121993	0.0345147	0
4162.159674198	3564.040614891	0.566697	0.7901	-0.706479	0.0339863	-0.0121584	0.0347417	0
4166.469039319	3561.699884921	0.568333	0.802711	-0.699865	0.0341946	-0.0117934	0.0347895	0
4162.558808065	3566.671989823	0.57466	0.847658	-0.740732	0.0340566	-0.0120373	0.0345989	0
4150.507419846	3574.890966987	0.562023	0.894754	-0.740901	0.0336171	-0.0120637	0.0346929	0
4174.898341055	3573.379471632	0.568449	0.837011	-0.751866	0.0340144	-0.0118957	0.0347578	0
4152.4353218	3577.233584262	0.553364	0.884658	-0.794626	0.0330875	-0.0121133	0.0352329	0
4177.168281524	3583.865102046	0.550238	0.842157	-0.813602	0.0320983	-0.0115568	0.0350208	0
4175.45382014	3587.343640991	0.520748	0.839514	-0.824882	0.0305206	-0.011652	0.0351917	0
4187.970508804	3592.312679023	0.518761	0.801979	-0.747307	0.0309616	-0.0127011	0.0359763	0
4198.000081218	3589.96793853	0.523908	0.741945	-0.701573	0.031416	-0.0125647	0.0357263	0
4179.660200186	3594.409238914	0.517684	0.790171	-0.693599	0.0301394	-0.0128747	0.0357263	0
4193.778760332	3591.584651137	0.522098	0.764962	-0.649382	0.0305371	-0.0123917	0.0359829	0
4172.594783696	3586.446463398	0.520881	0.786909	-0.700746	0.0305891	-0.0122838	0.0363333	0
4179.120195542	3588.067422441	0.529426	0.801016	-0.69517	0.0307551	-0.012087	0.0371447	0
4188.90804651	3588.339430267	0.526304	0.854269	-0.738625	0.0305278	-0.0114822	0.0371447	0
4206.800235945	3603.555826464	0.505626	0.921489	-0.830751	0.0282244	-0.0107171	0.0367417	0
4213.252544395	3597.943217442	0.49802	0.880934	-0.837215	0.0272579	-0.0101615	0.036229	0
4200.690499611	3599.448579056	0.500709	0.885265	-0.896229	0.0261204	-0.010679	0.0361303	0
4183.046434839	3598.284583725	0.470094	0.84559	-0.813568	0.0260451	-0.0105395	0.036145	0
4208.836458989	3590.762965742	0.467206	0.82063	-0.787277	0.0271278	-0.0112414	0.0362528	0
4218.678737302	3599.866617104	0.491339	0.839648	-0.746316	0.0280757	-0.0123564	0.035991	0
4217.834579845	3594.360876725	0.50116	0.822281	-0.691435	0.0292919	-0.0120609	0.0356501	0
4210.584537262	3593.35234814	0.510404	0.783799	-0.720608	0.0293617	-0.0123917	0.0358294	0
4211.381737794	3587.576251326	0.531441	0.761064	-0.707764	0.030736	-0.0126753	0.0364114	0
4197.876285687	3583.131884072	0.531552	0.808437	-0.75728	0.0305018	-0.012244	0.0371196	0
4202.718185032	3589.566178488	0.539001	0.845334	-0.756163	0.0308883	-0.0121482	0.0371153	0
4212.308603472	3592.00316101	0.542585	0.887089	-0.807933	0.0309562	-0.0116439	0.0370589	0
4205.870168658	3590.074807173	0.550136	0.93754	-0.823047	0.029557	-0.0117563	0.0371822	0
4221.897421107	3588.036045996	0.570453	0.909146	-0.826549	0.0291193	-0.0110353	0.0367001	0
4210.771297762	3589.190368889	0.585845	0.913902	-0.830305	0.0283824	-0.0115863	0.0364844	0
4225.644903926	3594.544181219	0.559802	0.832096	-0.737601	0.0288004	-0.0116756	0.0361251	0
4214.118045909	3581.811950169	0.567877	0.845897	-0.734877	0.029188	-0.0116392	0.0357375	0
4220.927867315	3584.249168605	0.567247	0.835747	-0.711751	0.0292721	-0.0117807	0.035452	0
4217.299377614	3578.307460781	0.554181	0.759863	-0.712517	0.0299458	-0.0115645	0.0353973	0
4205.344037652	3583.213981837	0.559538	0.794435	-0.754866	0.0304164	-0.0118889	0.0360652	0
4231.936064746	3592.254644396	0.55231	0.842717	-0.8377	0.0307246	-0.0127308	0.0365149	0
4201.982348664	3584.012547746	0.563648	0.885803	-0.877666	0.0292443	-0.0119462	0.036881	0
4202.329723193	3584.205052851	0.571504	0.866565	-0.825007	0.0289789	-0.0113413	0.0369485	0
4218.399130155	3588.318434	0.559048	0.907343	-0.859994	0.0280236	-0.0107846	0.0363565	0
4206.995534067	3586.130575731	0.55216	0.929233	-0.913017	0.0269851	-0.0111736	0.0362	0
4214.127117133	3586.162424002	0.549721	0.882695	-0.830529	0.0268866	-0.01123	0.0362519	0
4216.362907111	3591.558228867	0.550361	0.864411	-0.809688	0.0264251	-0.0119106	0.0362557	0
4242.291667631	3596.094366326	0.549818	0.829303	-0.729801	0.0270213	-0.0118123	0.0360462	0
4214.619097649	3593.873716134	0.552859	0.824563	-0.696272	0.0272454	-0.0118019	0.0358418	0
4223.23355908	3595.594230513	0.562408	0.795911	-0.664103	0.0281867	-0.0118126	0.0360795	0
4212.006585064	3590.012054283	0.56332	0.747895	-0.702356	0.0293458	-0.0117325	0.0362556	0
4205.779456416	3587.762386778	0.580281	0.818532	-0.701861	0.029647	-0.0119114	0.0365787	0
4220.680276253	3587.817354534	0.57288	0.821699	-0.717619	0.0291655	-0.0119555	0.0362556	0
4197.24183359	3588.015521555	0.574752	0.863486	-0.7728	0.0272222	-0.0121662	0.0362307	0
4214.168738045	3586.320957619	0.564574	0.864461	-0.739393	0.0275451	-0.0118723	0.0363385	0
4210.861476403	3589.893861811	0.569395	0.854204	-0.761387	0.0280007	-0.0118015	0.0361415	0
4218.00853391	3598.009509028	0.560098	0.888518	-0.75653	0.0286573	-0.0129065	0.0353566	0
4228.016762267	3595.471319778	0.527096	0.820561	-0.719331	0.0301107	-0.012299	0.0344552	0
4228.854516507	3597.922928914	0.517236	0.855764	-0.733596	0.028755	-0.0120389	0.034162	0
4230.311248402	3592.797716396	0.502315	0.812478	-0.677988	0.0284603	-0.011731	0.0338935	0
4224.35945809	3596.75114845	0.459671	0.731337	-0.695916	0.0270738	-0.0101707	0.0333693	0
4233.40773748	3604.208833978	0.393597	0.642619	-0.640593	0.0259345	-0.00828511	0.0319826	0
4210.131509651	3588.957994466	0.413448	0.754971	-0.694486	0.0265105	-0.00886316	0.0325002	0
4206.268768924	3600.808618189	0.439369	0.814822	-0.691014	0.0276879	-0.00869575	0.0324208	0
4229.839011139	3593.439164168	0.447027	0.859093	-0.732231	0.0281415	-0.0087076	0.0324627	0
4214.718347514	3605.070624603	0.460234	0.853999	-0.74947	0.0272574	-0.00948683	0.0327174	0
4202.900676719	3601.799689203	0.466451	0.844857	-0.748948	0.0287773	-0.00967111	0.0324217	0
4220.817945421	3604.12885943	0.459193	0.839205	-0.711552	0.0297237	-0.0103352	0.0316104	0
4198.634533314	3595.820235281	0.472562	0.859046	-0.681421	0.0298923	-0.0111626	0.0315146	0
4209.068042008	3588.16792143	0.46955	0.79248	-0.670278	0.0301636	-0.0110543	0.0305888	0
4194.455366941	3592.23152491	0.472877	0.7253	-0.673214	0.0306294	-0.0108774	0.0309481	0
4201.530388256	3587.565399323	0.483724	0.684369	-0.687627	0.0321344	-0.0108524	0.031314	0
4181.365056744	3591.963999433	0.501989	0.736582	-0.729071	0.0321641	-0.0110077	0.0320054	0
4184.349489523	3585.836863898	0.511516	0.782176	-0.701938	0.0324021	-0.010556	0.0320043	0
4193.762752289	3584.377977168	0.514217	0.82847	-0.726259	0.0321964	-0.0105757	0.0320001	0
4172.854647591	3583.124098939	0.512759	0.912351	-0.753571	0.0322431	-0.0103873	0.0324711	0
4188.045746605	3579.566057273	0.502902	0.887324	-0.749778	0.0322868	-0.0104652	0.0328754	0
4178.975055954	3586.54342369	0.493438	0.884785	-0.797795	0.031678	-0.0107835	0.0330405	0
4160.944130148	3587.583564633	0.499894	0.89301	-0.73217	0.0316443	-0.0108749	0.0331933	0
4189.863726665	3583.583421782	0.503695	0.809493	-0.699883	0.0319364	-0.010959	0.0331697	0
