4346.93834928	3309.867340001	-0.127032	0.166821	0.0375956	-0.00149396	-0.000869804	-0.000701437
4218.611207819	3305.54365652	-0.145013	0.153588	0.0108176	-0.00103239	-0.000737098	-0.000625337
4132.43360239	3302.770936836	-0.150925	0.152893	0.00864928	-0.000466611	-0.000689424	-0.00095083
4084.688071194	3299.604978625	-0.135594	0.128534	0.00813123	-0.000510377	-0.000986707	-0.0012153
4036.003723372	3293.418155147	-0.125629	0.14162	0.0264338	-0.000590071	-0.000571867	-0.0011514
4027.956723732	3295.263185475	-0.124315	0.189746	0.0366431	-0.000833894	-0.00077857	-0.00144844
3986.847716958	3293.833383987	-0.13095	0.188851	0.0375782	-0.00189906	-0.000538717	-0.00145109
3962.025333394	3298.344416306	-0.130175	0.217625	0.0186394	-0.00199742	-0.00033305	-0.00128596
3967.622228669	3291.313552896	-0.130119	0.187081	0.00400679	-0.000917804	-0.000317675	-0.00129551
3970.208249918	3296.648575156	-0.12035	0.170846	0.0416491	-0.000861478	-0.000415427	-0.00138644
3964.272912599	3299.421726022	-0.113557	0.161913	0.115884	-0.00173863	-0.000553495	-0.00154279
3955.260993092	3295.309968787	-0.121652	0.189875	0.116012	-0.00188125	-0.000370823	-0.00159348
3944.916908096	3289.60671659	-0.146015	0.221301	0.09155	-0.00222262	-0.00041369	-0.00165219
3958.404183556	3301.297370315	-0.154136	0.175787	0.053429	-0.00105061	-0.000652512	-0.00196481
3931.962498833	3296.210278047	-0.135399	0.188225	0.0363578	-0.00112375	-0.000106952	-0.00197447
3937.422577112	3291.582179653	-0.145807	0.178991	0.0613317	-0.000951771	-0.00024618	-0.00194939
3935.642155939	3294.918670581	-0.127841	0.185662	0.0404413	-0.00127598	6.37241e-05	-0.0019532
3928.835510382	3293.624260428	-0.122294	0.189514	0.0552467	-0.00119482	0.000279261	-0.00143185
3944.001494379	3295.39857681	-0.123517	0.241862	0.122819	-0.0014645	-3.31231e-05	-0.00163266
3958.899245055	3295.349421994	-0.122956	0.212688	0.0810098	-0.00170082	0.000166388	-0.00169314
3943.274204031	3300.331090117	-0.111079	0.202796	0.0359402	-0.00104585	0.000318468	-0.00177343
3943.915083645	3295.784054051	-0.103787	0.208325	0.0657594	-0.00126132	0.000458539	-0.0017598
3950.151958421	3295.457217643	-0.0962805	0.194969	0.106738	-0.000932983	0.000941051	-0.00187778
3952.421140311	3297.372315143	-0.100153	0.217241	0.12322	-0.00167202	0.000925071	-0.0018039
3941.881731051	3293.803201205	-0.100202	0.221791	0.138711	-0.00169014	0.00099288	-0.0018965
3926.065866322	3297.452515106	-0.109004	0.239878	0.120445	-0.0028065	0.000961657	-0.00201822
3930.528620709	3299.82337261	-0.109162	0.220798	0.097475	-0.00193221	0.000895185	-0.00196297
3937.791622957	3296.299101662	-0.0921634	0.192814	0.0897805	-0.00165992	0.00101253	-0.00193323
3927.696868934	3295.951352898	-0.102245	0.202422	0.0967249	-0.00089764	0.00116173	-0.00195083
3938.225476852	3296.313330688	-0.0858248	0.207162	0.124963	-0.00160789	0.0010801	-0.00206464
3929.893141766	3293.924363515	-0.112419	0.206065	0.120667	-0.00156027	0.00020942	-0.00236888
3943.960989347	3294.391765449	-0.118904	0.269604	0.0899115	-0.00185468	-0.000104712	-0.00205541
3947.756760878	3297.826350417	-0.14325	0.266261	0.074311	-0.00236123	-0.000124614	-0.00170903
3934.716840991	3293.093474652	-0.147434	0.209722	0.0603857	-0.0026766	-0.000164297	-0.00140031
3930.564625182	3294.62287932	-0.158526	0.143782	-7.29254e-05	-0.00170563	-0.000356325	-0.00155474
3920.622890168	3291.848434906	-0.167887	0.16971	-0.0135672	-0.00148995	-0.000315577	-0.00189091
3938.556718001	3293.390775052	-0.164652	0.17961	0.0337211	-0.0013768	-0.000267983	-0.00203618
3949.112329273	3301.128346737	-0.162962	0.195218	0.0667254	-0.00170563	0.00029827	-0.00259125
3922.400611005	3293.516895961	-0.154748	0.213622	0.0596778	-0.00170563	0.000521938	-0.00250735
3951.462521226	3299.897320426	-0.15126	0.264539	0.138147	-0.00261651	0.000251129	-0.0029007
3915.859498435	3293.178633215	-0.178294	0.268437	0.147279	-0.0022664	-0.00074783	-0.00346703
3922.721950924	3293.070837566	-0.162047	0.275051	0.142245	-0.00251527	-0.000889358	-0.0033244
3924.118924463	3294.515083671	-0.160933	0.218621	0.109805	-0.00258886	-0.000509569	-0.00332499
3919.864996018	3289.348653806	-0.144165	0.204267	0.0931012	-0.0023068	-0.000531021	-0.00286768
3941.231850319	3292.219898713	-0.142399	0.1951	0.113917	-0.0026282	0.000127375	-0.00302642
3925.876842841	3297.251152834	-0.140551	0.185773	0.135493	-0.002191	0.000206223	-0.00285222
3943.31830951	3299.480366855	-0.140529	0.21721	0.159929	-0.00296225	3.74753e-05	-0.002838
3946.258074703	3294.439626717	-0.141256	0.201178	0.1552	-0.00244675	0.000114873	-0.00287905
3931.354923356	3293.988825313	-0.121924	0.21127	0.110142	-0.00283299	0.000553891	-0.0027122
3936.227228619	3294.238048853	-0.138139	0.225127	0.147937	-0.00238463	0.000118511	-0.00281884
3943.188693409	3294.210453167	-0.122473	0.233789	0.153082	-0.00251905	0.000379793	-0.00268197
3931.629457461	3292.306782006	-0.122147	0.242543	0.164364	-0.00211291	0.000436686	-0.00253434
3942.201270746	3295.173715086	-0.102647	0.248312	0.17802	-0.00211585	0.000803399	-0.00265818
3923.188208845	3296.017539427	-0.123154	0.233747	0.162209	-0.00213249	0.000666047	-0.0026502
3937.546792542	3300.610496439	-0.116976	0.259412	0.119927	-0.00261704	0.00112952	-0.00226581
3926.165778734	3298.920907437	-0.118283	0.219989	0.123068	-0.00215459	0.000678133	-0.00226713
3929.606906209	3292.152418636	-0.113681	0.211987	0.146348	-0.00170817	0.00101761	-0.00238389
3911.13031095	3286.72167384	-0.108181	0.202106	0.151027	-0.00194109	0.00111959	-0.00232634
3928.298143627	3290.088778732	-0.0927353	0.219336	0.187557	-0.00170562	0.00143885	-0.0022923
3905.429902816	3287.150916114	-0.0991489	0.210242	0.171721	-0.00212193	0.000995331	-0.00244769
3909.229274794	3285.832790918	-0.101452	0.245485	0.171326	-0.00238812	0.00107195	-0.00260642
3915.093503279	3283.719780607	-0.120371	0.246822	0.157665	-0.00259334	0.000903771	-0.0027269
3930.635734015	3280.972716287	-0.109145	0.255232	0.153046	-0.00221097	0.000756383	-0.00261187
3932.69969041	3280.541533691	-0.111485	0.222955	0.166907	-0.00185031	0.000735583	-0.00273186
3933.198352357	3286.037602651	-0.107777	0.244093	0.142444	-0.00189167	0.00116559	-0.00239908
3910.826973268	3281.144758143	-0.0987476	0.227068	0.179938	-0.00174483	0.00149614	-0.00256255
3923.99830948	3281.509538619	-0.0931965	0.227051	0.165213	-0.00227386	0.00137912	-0.00259676
3909.928661675	3280.040499515	-0.10342	0.23774	0.17432	-0.00188494	0.00130376	-0.00262572
3918.841568883	3279.289595024	-0.104339	0.265528	0.144396	-0.00306177	0.00102645	-0.00278136
3909.977267713	3278.060940217	-0.100128	0.244996	0.159713	-0.00233914	0.00107018	-0.0027109
3901.735843921	3283.217668473	-0.0874906	0.234763	0.144126	-0.0027642	0.00112375	-0.00264705
3917.689425758	3281.994187857	-0.0872917	0.199092	0.181243	-0.00202305	0.00118019	-0.00259858
3929.468288989	3283.141133563	-0.0858166	0.222999	0.175666	-0.00255878	0.00168876	-0.00257673
3920.551781334	3276.053569641	-0.0869063	0.217186	0.187165	-0.00193016	0.00128988	-0.00255799
3906.518138002	3287.498449286	-0.0695129	0.256789	0.142809	-0.00275217	0.00163697	-0.00255842
3911.446250198	3286.656565268	-0.0970727	0.26014	0.1514	-0.00279982	0.00134617	-0.0028222
3926.884968075	3284.785232801	-0.0889711	0.250941	0.146244	-0.0027381	0.00129954	-0.00275613
3909.185169315	3285.010094525	-0.085992	0.216265	0.138849	-0.00235055	0.00122068	-0.00259392
3930.949873039	3295.765297608	-0.0726155	0.22055	0.181931	-0.00216655	0.00165369	-0.00258758
3909.480405991	3292.196399261	-0.0749951	0.206083	0.161761	-0.00208335	0.00149063	-0.00254414
3926.651839115	3288.069766226	-0.0825655	0.23034	0.183117	-0.00196206	0.00159744	-0.00271049
3914.187990791	3292.350547039	-0.0952137	0.240952	0.13633	-0.00276666	0.00109062	-0.00267162
3926.909271095	3300.227821885	-0.0947811	0.262109	0.136653	-0.00272908	0.00104718	-0.00278918
3925.280068707	3294.676777145	-0.094849	0.213849	0.115887	-0.00264431	0.0010121	-0.00271603
3923.506848428	3294.648965867	-0.0846841	0.212203	0.163769	-0.00214394	0.00145867	-0.00262727
3929.686116049	3294.062773128	-0.0905237	0.204664	0.1484	-0.00222968	0.0014284	-0.00234422
3925.72292372	3297.914742849	-0.0752173	0.224087	0.183102	-0.00201099	0.00181275	-0.00235693
3937.561194332	3293.514308866	-0.0858447	0.216194	0.164953	-0.00194774	0.0017899	-0.00260671
3929.983152948	3294.589031486	-0.0840292	0.247693	0.16916	-0.00261973	0.00149356	-0.00268568
3946.101455247	3295.373999402	-0.0914315	0.234325	0.151112	-0.00260605	0.00136692	-0.00273706
3938.420801116	3293.342698193	-0.0943514	0.232664	0.14	-0.00252365	0.00133247	-0.00268447
3934.412603197	3292.081704691	-0.0939192	0.204084	0.153733	-0.00218936	0.00141903	-0.00253734
3940.70708513	3293.444026103	-0.0821988	0.212695	0.153833	-0.00249091	0.0016212	-0.00256769
3936.160620345	3284.890441355	-0.078616	0.198658	0.14679	-0.00206583	0.00153625	-0.00258266
3935.903188365	3289.273412443	-0.0872073	0.249882	0.164428	-0.00293413	0.00119055	-0.00257518
3946.136559608	3285.283895473	-0.094011	0.264519	0.136614	-0.00342777	0.00105277	-0.00278695
3922.300698594	3292.806953817	-0.0938931	0.245907	0.132836	-0.00348148	0.000734237	-0.0026631
3940.526162655	3293.005728994	-0.0970293	0.232034	0.106024	-0.00306946	0.000700664	-0.00260275
3918.749757478	3287.634271804	-0.0867559	0.202534	0.124247	-0.00220017	0.00120282	-0.00248339
3965.216229783	3290.283457674	-0.0792609	0.21538	0.14966	-0.00192839	0.000984507	-0.00259946
3944.351637876	3295.117445758	-0.0726205	0.214389	0.153243	-0.00173885	0.00124043	-0.00254305
3951.435517872	3293.346578836	-0.0812749	0.246887	0.168103	-0.00231502	0.000745829	-0.00244743
3940.313736267	3295.305225778	-0.0925273	0.250547	0.17384	-0.00294593	0.000488628	-0.00256429
3942.696332245	3295.402241862	-0.105415	0.268888	0.128983	-0.00337805	0.000552412	-0.00264697
3939.31461215	3299.525425436	-0.0966556	0.213164	0.115584	-0.0022703	0.000992178	-0.00253484
3947.520931582	3296.567081645	-0.0788556	0.200771	0.11577	-0.00246563	0.00125392	-0.0025641
3947.597441086	3300.642835134	-0.0795534	0.203984	0.127635	-0.00182937	0.00138692	-0.00256429
3959.995581247	3297.541985495	-0.0777224	0.227804	0.10864	-0.00215428	0.00156574	-0.00256126
3950.15105831	3297.978989056	-0.0799852	0.217916	0.138102	-0.00123588	0.000848728	-0.00269697
3955.518425072	3294.855286739	-0.0810717	0.279859	0.142389	-0.00226762	0.000487223	-0.00272695
3948.881900648	3295.682079367	-0.0994091	0.27358	0.144478	-0.00319034	0.000399037	-0.00256239
3946.106855918	3300.048018743	-0.0989323	0.274619	0.105187	-0.00315207	0.00034404	-0.00266626
3943.19409408	3299.855280122	-0.0970097	0.226209	0.0928218	-0.00228945	0.000548933	-0.00268247
3941.916835412	3294.131977935	-0.0983778	0.218874	0.0897987	-0.00272081	0.000839078	-0.00263361
3936.073309499	3292.451443767	-0.0853522	0.195016	0.115112	-0.00191389	0.000735622	-0.00253588
3955.963980421	3296.316780148	-0.0839321	0.222466	0.112784	-0.00203262	0.00114561	-0.00233526
3935.04808214	3290.354387211	-0.0848079	0.23309	0.129502	-0.0015412	0.00095331	-0.00263241
3939.654854417	3288.634615427	-0.0853971	0.252811	0.121894	-0.00245067	0.00076107	-0.0026557
3938.73494014	3290.516511867	-0.0853488	0.278051	0.121143	-0.00248091	0.000793819	-0.00269535
3942.151764596	3288.531993969	-0.086755	0.243449	0.0856202	-0.00236147	0.00106752	-0.00247116
3945.063626322	3290.401386114	-0.0848761	0.235484	0.143942	-0.00183549	0.000913865	-0.00258929
3948.762185777	3292.129565959	-0.0729385	0.218472	0.11187	-0.00167461	0.00150813	-0.00238912
3911.50655769	3294.241713905	-0.0770176	0.220595	0.151031	-0.00150242	0.00138867	-0.00256384
3929.972351606	3291.286388392	-0.0860857	0.225275	0.141272	-0.00194746	0.0012434	-0.00245602
3939.918587179	3290.276774344	-0.0933394	0.249583	0.141616	-0.00231186	0.000953589	-0.00243126
3932.999427645	3295.03810816	-0.0944891	0.268587	0.14042	-0.00304546	0.000622981	-0.00260571
3930.111868938	3293.564757229	-0.0934087	0.213001	0.131561	-0.00202471	0.000999226	-0.00263305
3932.246934167	3292.956142995	-0.0876471	0.202875	0.124611	-0.00239731	0.00118374	-0.00258762
3937.908637493	3290.147203974	-0.0822961	0.214291	0.153023	-0.00155959	0.00123413	-0.00259354
3932.671786944	3294.609297068	-0.0744878	0.214774	0.141893	-0.00195175	0.00112144	-0.00263254
3938.738540588	3287.652381473	-0.0837038	0.235733	0.157327	-0.00184794	0.00101854	-0.00276415
3929.729321416	3293.697345878	-0.0946859	0.253291	0.124263	-0.00277914	0.00116858	-0.00261893
3948.142008735	3291.031128295	-0.095417	0.260477	0.128417	-0.00269739	0.000928038	-0.00266296
3934.821253962	3292.704116768	-0.0789903	0.228486	0.121546	-0.00237085	0.00085781	-0.00265589
3935.369422058	3292.777848992	-0.0830738	0.205075	0.130801	-0.00178796	0.00101064	-0.00272374
3940.328138056	3296.333811861	-0.0730363	0.211747	0.169286	-0.00144563	0.000912905	-0.00266215
3928.10101914	3294.680442197	-0.0798336	0.214709	0.153498	-0.0015042	0.00102226	-0.00258983
3954.979258094	3296.427378484	-0.0889822	0.232428	0.171006	-0.00160902	0.00115375	-0.00261409
3937.737616248	3295.784054051	-0.0958125	0.247967	0.146789	-0.00262576	0.000844597	-0.00276258
3946.437196955	3295.700189036	-0.0869468	0.254504	0.154081	-0.00252879	0.000743866	-0.00258783
3938.795247632	3293.914015132	-0.0885322	0.216397	0.123212	-0.00202836	0.00109277	-0.00260423
3944.096906232	3294.667291127	-0.0828848	0.2258	0.161727	-0.00165557	0.00105416	-0.00255278
3937.977045991	3291.480204969	-0.0739304	0.19507	0.158791	-0.00141133	0.00130403	-0.00247095
3945.986240934	3295.284960196	-0.0756241	0.240941	0.165786	-0.00150243	0.00116185	-0.00254828
3941.551390014	3292.962826325	-0.0877113	0.237043	0.122882	-0.00171817	0.00113854	-0.00242168
3947.771162667	3294.98162324	-0.0893654	0.282169	0.145468	-0.0024083	0.000643221	-0.00256741
3937.098536858	3290.623445151	-0.0887613	0.242206	0.132242	-0.00188819	0.0008512	-0.00260047
3943.90788275	3292.754133949	-0.0877182	0.246162	0.106203	-0.00196094	0.00120382	-0.00259991
3930.456611764	3287.531219164	-0.0877782	0.232397	0.120924	-0.00109619	0.00115546	-0.00254727
3931.261311728	3288.295705906	-0.0715296	0.233037	0.122895	-0.00170267	0.00122152	-0.00246487
3931.492640464	3286.512550281	-0.0821434	0.21719	0.141857	-0.00133459	0.00106573	-0.00229915
3941.125637125	3287.02565757	-0.0910255	0.272178	0.120592	-0.00244278	0.000834929	-0.00256816
3936.267733651	3286.483229864	-0.0905958	0.264574	0.130431	-0.00270177	0.000899822	-0.00263463
3929.331471993	3287.108229037	-0.0791932	0.254358	0.0940435	-0.00184493	0.00086916	-0.00261277
3926.030761962	3281.419852639	-0.085759	0.212434	0.102989	-0.00178685	0.00110884	-0.00230681
3928.64108623	3289.495040297	-0.0668957	0.235913	0.142285	-0.00144516	0.00142111	-0.00233132
3933.661909942	3289.188038289	-0.0792703	0.247688	0.139743	-0.00164398	0.00113086	-0.00255952
3937.128240548	3286.41273151	-0.0798166	0.262082	0.161768	-0.00214075	0.00097697	-0.00262298
3942.105858893	3293.696699104	-0.0848625	0.277225	0.103523	-0.00268229	0.00103738	-0.00260537
3940.926712414	3292.522373304	-0.078744	0.251772	0.121561	-0.00216509	0.00130515	-0.00254591
3936.823102642	3291.433206066	-0.0626202	0.262354	0.0804521	-0.0012549	0.00129418	-0.0021358
3944.44794984	3309.924687287	-0.0571274	0.223644	0.00765824	-0.000319192	0.00134343	-0.00215482
3944.067202542	3306.384246991	-0.0722341	0.329245	0.0196387	-0.00156455	0.00103979	-0.00221038
3956.378931968	3307.360444388	-0.105512	0.289469	0.157791	-0.00344565	0.000745979	-0.00233292
3957.032413147	3302.464366011	-0.103262	0.224367	0.129748	-0.00403458	0.000720159	-0.00230859
3963.398904026	3318.644924108	-0.107797	0.218383	0.27355	-0.00527926	0.000726996	-0.00236908
3956.073794062	3310.901531458	-0.116126	0.0875934	0.193835	-0.00335366	-0.000308943	-0.00269239
3948.117705716	3300.878692014	-0.114508	0.210369	0.19181	-0.00427465	0.000245255	-0.00290857
3944.079804107	3300.256711119	-0.0952883	0.247233	0.166899	-0.0052057	0.00104759	-0.0021987
3942.059953191	3304.697245084	-0.0575611	0.274356	0.154657	-0.00493171	0.00099164	-0.00208534
3969.501662142	3305.097813716	-0.0976654	0.300877	0.228307	-0.00576336	-0.000126181	-0.0025597
3936.896011699	3308.81741038	-0.115822	0.259841	0.215492	-0.00532771	-8.32957e-05	-0.00246017
3948.378738143	3301.706562598	-0.113133	0.261815	0.164088	-0.00471886	3.55378e-05	-0.00267307
3946.331883872	3301.188496709	-0.10835	0.227258	0.193437	-0.004377	0.000451703	-0.00276126
3943.740461952	3301.740410432	-0.0958081	0.226139	0.203611	-0.00441224	0.000615031	-0.00249448
3930.502517466	3297.131284072	-0.0797173	0.229622	0.20369	-0.00405784	0.000372216	-0.00240591
3951.182586451	3299.527365758	-0.0922982	0.242215	0.220934	-0.00366511	-8.52825e-05	-0.00245704
3922.94787899	3299.474761481	-0.112495	0.28119	0.222152	-0.00486612	-0.000579212	-0.00242747
3942.057252855	3295.677983132	-0.112478	0.289744	0.240205	-0.00520135	-0.000293588	-0.00238373
3955.778557387	3301.17038704	-0.111214	0.234545	0.184572	-0.00422879	0.000129552	-0.00233615
3939.147191352	3291.308378705	-0.0994784	0.22638	0.21992	-0.00348474	0.000438349	-0.00244774
3921.919051184	3293.655736757	-0.0878551	0.238643	0.227617	-0.00357914	0.000744114	-0.00232354
3933.369373602	3290.142029783	-0.082114	0.225248	0.255136	-0.00323343	0.000758558	-0.00238363
3926.685143252	3293.757711441	-0.0926557	0.270744	0.26192	-0.00386832	0.000196591	-0.00240646
3935.974297199	3289.970203518	-0.10413	0.263223	0.27606	-0.00410555	0.000231126	-0.00240387
3914.38061472	3286.799933481	-0.111655	0.281063	0.21909	-0.00480471	0.000169278	-0.00257814
3941.23725099	3297.380723204	-0.0873097	0.235798	0.201283	-0.00343035	0.000610843	-0.00249259
3916.747008686	3289.924713754	-0.0841724	0.251482	0.183009	-0.00397931	0.000759215	-0.00258573
3934.885161901	3291.303851287	-0.0854773	0.241	0.245737	-0.00262378	0.000486832	-0.00278627
3941.638700861	3295.574714901	-0.0896188	0.256685	0.279605	-0.00359983	0.000423661	-0.0028186
3934.32979291	3287.354649891	-0.104045	0.285046	0.354339	-0.00446728	-0.000278702	-0.00262396
3929.279265508	3289.854646582	-0.109768	0.220097	0.310226	-0.00453114	-0.000189903	-0.00265716
3933.959846954	3291.287250757	-0.104361	0.221709	0.195506	-0.00312331	-0.000427179	-0.00263216
3914.257299401	3287.789281947	-0.0927793	0.241058	0.194993	-0.00257684	0.000154528	-0.00256283
3931.64925992	3280.739230912	-0.0946042	0.247156	0.206627	-0.00275834	0.000143261	-0.00252094
3914.464325119	3283.159458823	-0.0849029	0.239568	0.212997	-0.00248425	0.000336152	-0.00262928
3934.486412366	3286.048597807	-0.0967054	0.274674	0.21142	-0.00340307	0.000107722	-0.00278141
3917.445495455	3295.565660066	-0.0975376	0.28232	0.238969	-0.00352815	0.000258407	-0.00248866
3923.168406385	3294.666428762	-0.0980126	0.260111	0.174492	-0.00400101	0.000264824	-0.00299664
3919.488749279	3290.201532981	-0.0935847	0.240447	0.192072	-0.00244025	0.000253936	-0.00270082
3920.923527514	3296.495720926	-0.0806566	0.224059	0.1921	-0.0031781	0.000556904	-0.00250111
3919.191712379	3288.9424798	-0.0846912	0.206687	0.220572	-0.00251717	0.000690611	-0.00249876
3910.67935493	3291.17298737	-0.0810809	0.218534	0.199397	-0.00307244	0.000362844	-0.00256754
3928.999330733	3295.168540895	-0.0880395	0.251641	0.214872	-0.00308163	0.000281382	-0.00262601
3915.22311938	3288.052303331	-0.0986317	0.268506	0.184243	-0.00420949	2.50911e-05	-0.00270404
3924.717498821	3292.577349085	-0.089077	0.232772	0.193079	-0.00296526	0.000266824	-0.00242085
3915.784789154	3290.176739981	-0.0916409	0.226809	0.15201	-0.00339849	0.000532644	-0.00245111
3924.100022115	3289.602835946	-0.0785141	0.220179	0.180642	-0.00249119	0.000248904	-0.00251762
3923.027988942	3287.659064803	-0.0794077	0.243379	0.175633	-0.00273497	0.000459829	-0.00255731
3924.851615482	3287.238877364	-0.0791301	0.240368	0.177183	-0.00265994	0.000497805	-0.00258874
3925.647314328	3288.303467193	-0.0928605	0.281022	0.168564	-0.00381636	6.07437e-05	-0.00268942
3922.138678467	3285.49086312	-0.0928952	0.273445	0.159647	-0.00298661	-8.39704e-06	-0.00271681
3934.282987096	3287.278330571	-0.0828074	0.243246	0.153228	-0.00341959	7.87899e-05	-0.00259661
3911.027698203	3286.368750885	-0.0836987	0.215297	0.171152	-0.00241339	8.11518e-05	-0.00264325
3930.398104495	3286.476115351	-0.0744377	0.230376	0.169428	-0.00268533	0.000588795	-0.00246787
3920.751606158	3281.557399888	-0.0795069	0.231987	0.192301	-0.00213012	0.000156648	-0.00265205
3919.239418306	3286.329297677	-0.0796241	0.258852	0.165617	-0.00341106	0.000132863	-0.00274923
3935.490937153	3288.212272074	-0.0977225	0.289862	0.180173	-0.00335652	-5.72402e-05	-0.00276694
3914.27170119	3290.574505926	-0.0877721	0.277691	0.137772	-0.00343513	-7.2647e-06	-0.00286738
3926.11897292	3288.250647325	-0.0915098	0.247474	0.178012	-0.00276365	-8.52143e-06	-0.00263029
3928.193730657	3292.595674345	-0.0855069	0.245639	0.150836	-0.00300682	0.000320751	-0.0026346
3938.648529406	3288.857321238	-0.079423	0.242773	0.168783	-0.00246795	0.000141552	-0.00258118
3930.400804831	3288.245473134	-0.0783054	0.240219	0.157956	-0.00272566	0.000328334	-0.00269921
3927.396231587	3289.798592845	-0.0834776	0.272877	0.178501	-0.00304253	-6.44192e-05	-0.00261827
3910.023173416	3295.316436526	-0.0831791	0.284553	0.136359	-0.00374781	0.000131989	-0.00267666
3950.254571169	3292.660136143	-0.0822424	0.257866	0.132362	-0.00302101	0.000107376	-0.00258996
3925.177455959	3293.696914695	-0.0818675	0.236046	0.131679	-0.00277887	0.000200798	-0.002504
3943.574841378	3293.258617586	-0.0768981	0.239757	0.150159	-0.00168598	0.000227419	-0.00246008
3919.389736979	3292.555789955	-0.0631537	0.236619	0.145517	-0.00269805	0.00051826	-0.00229543
3933.646608041	3292.158670784	-0.0917348	0.264168	0.169945	-0.00287113	0.000222789	-0.00257024
3919.377135414	3290.510259719	-0.0925926	0.281492	0.176656	-0.00408696	-7.37035e-05	-0.00254339
3954.768631928	3291.618830174	-0.0927771	0.258482	0.149557	-0.00380529	-0.000141648	-0.00256806
3921.82813989	3287.484220261	-0.0764892	0.257192	0.1623	-0.00331258	2.21399e-05	-0.00289275
3929.99395429	3289.940020736	-0.0831456	0.235935	0.178074	-0.00284553	8.13443e-05	-0.00263953
3939.627851062	3296.430612354	-0.0751981	0.228116	0.201323	-0.00219729	0.000319365	-0.00244678
3936.384748187	3288.649275635	-0.0757978	0.257863	0.18078	-0.00258087	0.000257708	-0.0028637
3951.29600054	3291.736974205	-0.0762065	0.255711	0.201124	-0.00259281	1.82458e-05	-0.00257673
3945.238248015	3290.051265846	-0.0946812	0.289961	0.156524	-0.00365165	-0.000186623	-0.00272404
3948.760385553	3301.874723811	-0.0791605	0.266474	0.137779	-0.00334632	5.43349e-05	-0.00251589
3936.977021763	3295.809493824	-0.088774	0.26624	0.137309	-0.00291736	-2.78215e-05	-0.00265383
3939.007674021	3296.082432407	-0.0724073	0.243465	0.171543	-0.00170034	9.80125e-05	-0.00258171
3928.956125365	3292.288025563	-0.0777798	0.233233	0.147218	-0.00209656	0.000305593	-0.00245813
3939.511736638	3296.825791203	-0.0768116	0.254059	0.189341	-0.00223888	0.000312429	-0.0025899
3920.535579322	3295.113133932	-0.0870971	0.271421	0.172946	-0.00311975	-2.11507e-05	-0.00268471
3940.01309892	3293.643879236	-0.085382	0.276216	0.181883	-0.00349742	4.40239e-05	-0.0026907
3946.794541346	3291.107663206	-0.0932832	0.234854	0.158037	-0.00272699	0.000105512	-0.00268111
3921.594110818	3290.414752774	-0.0737747	0.22981	0.195122	-0.00242508	0.000144268	-0.00264326
3942.19857041	3291.196918004	-0.0730782	0.237996	0.194873	-0.00217434	0.000354612	-0.00257281
3937.964444425	3290.44730706	-0.0731064	0.233002	0.212949	-0.00189293	0.000439371	-0.00247129
3928.263039267	3285.096115453	-0.0672211	0.279746	0.204559	-0.00301117	0.000415217	-0.00278256
3934.248782847	3294.870809313	-0.0810781	0.284626	0.19532	-0.00330649	6.333e-05	-0.00259466
3951.511127264	3291.019055183	-0.0833414	0.287441	0.157615	-0.0039254	7.9423e-05	-0.00276429
3927.750875643	3295.024957091	-0.0737012	0.210107	0.166753	-0.00236796	0.000461961	-0.00257522
3947.519131358	3290.330240986	-0.0667225	0.229179	0.142389	-0.00278417	0.000511904	-0.00259202
3929.731121639	3288.556355786	-0.0680998	0.215095	0.163559	-0.00182508	0.000114771	-0.00282055
3936.835704207	3292.512024921	-0.0668337	0.229485	0.138338	-0.00210768	0.000445137	-0.00255152
3939.209299068	3291.000514331	-0.0668104	0.241819	0.141727	-0.00231577	0.000532958	-0.00277174
3936.294737006	3287.671353507	-0.0716536	0.285187	0.153326	-0.00352783	0.000314763	-0.00283812
3932.844608413	3295.706441184	-0.0756019	0.290741	0.142721	-0.00278016	0.000172971	-0.0028294
3945.644198444	3290.174368477	-0.0638665	0.268937	0.0996315	-0.00190219	0.00052409	-0.0028953
3927.77427855	3291.199505099	-0.0712804	0.244066	0.151429	-0.00178388	0.000352133	-0.00279507
3943.727860387	3293.850200108	-0.0751988	0.240414	0.131188	-0.0021647	0.000657578	-0.0026525
3909.604621421	3291.49357163	-0.0697216	0.246059	0.157553	-0.0020682	0.000372943	-0.00278884
3931.420631519	3292.893405928	-0.0710308	0.280777	0.14027	-0.00306227	0.00012897	-0.00277965
3930.951673263	3296.447212884	-0.0804399	0.287229	0.135421	-0.0029205	3.02957e-05	-0.0028852
3931.015581202	3292.047856857	-0.0802272	0.261309	0.128819	-0.00260126	5.9381e-05	-0.00276795
3930.166775759	3288.91919594	-0.0794043	0.232543	0.153616	-0.00187227	0.000333337	-0.00274564
3946.110456365	3293.027719306	-0.0593727	0.245652	0.154936	-0.00177403	0.000229566	-0.00278725
3914.08807838	3292.723519985	-0.0715261	0.237453	0.157376	-0.00196669	0.000501064	-0.00280529
3921.663419428	3291.411215754	-0.0668249	0.267745	0.177124	-0.00245209	0.000121189	-0.0028852
3924.02801317	3290.850678379	-0.0771448	0.285494	0.158653	-0.00333807	0.000166521	-0.00277061
3941.957340444	3290.402248479	-0.0770225	0.293317	0.155694	-0.00277988	2.4719e-05	-0.00290469
3928.479066103	3285.484826563	-0.0764948	0.24834	0.151168	-0.00211793	4.85955e-06	-0.00274509
3943.380417226	3297.9432009	-0.0719327	0.232829	0.174279	-0.00186891	0.000102553	-0.00287957
3924.093721332	3293.75426198	-0.0729997	0.240071	0.171286	-0.00167498	0.000220335	-0.00286151
3939.520737756	3290.866632135	-0.0722618	0.254183	0.187942	-0.00191822	0.000117381	-0.0029299
3917.916253935	3288.925448088	-0.0790194	0.237141	0.181728	-0.00238331	6.32594e-05	-0.00285548
3934.659233835	3288.03052861	-0.0704736	0.287321	0.174902	-0.00316384	-0.000101059	-0.00291576
3934.418003868	3292.478823861	-0.0816077	0.261281	0.15016	-0.00271459	0.000176362	-0.00275041
3945.789116447	3291.55178128	-0.0697414	0.257487	0.152697	-0.00233399	7.00369e-05	-0.0028131
3926.276492488	3291.382973294	-0.068636	0.228017	0.152484	-0.00175686	0.000414857	-0.00279416
3943.884479843	3297.382016752	-0.0690839	0.248025	0.171619	-0.00211175	0.000387364	-0.00279336
3927.025385519	3294.573940095	-0.0704908	0.228861	0.167449	-0.00184424	0.000205479	-0.00276399
3927.840886825	3289.713218691	-0.0658231	0.299027	0.162435	-0.00294032	-6.61755e-05	-0.00289568
3930.309893537	3291.650090912	-0.0662445	0.280848	0.136122	-0.00334083	-0.000262493	-0.00274
3918.506727287	3290.108181949	-0.0745522	0.261517	0.134887	-0.00300143	2.1273e-05	-0.0029347
3925.486194313	3291.097530415	-0.0653342	0.244814	0.158015	-0.00268691	4.85833e-05	-0.00278185
3927.507845453	3289.952740623	-0.0679786	0.23908	0.177572	-0.00210933	8.72641e-05	-0.00280048
3910.291406737	3288.309072567	-0.0654366	0.250151	0.169176	-0.00222435	2.00461e-05	-0.00280178
3945.145536498	3291.047513234	-0.069903	0.24564	0.183214	-0.00201723	-1.82265e-05	-0.00280213
3915.254623294	3287.712962628	-0.0786429	0.295853	0.139457	-0.00277929	-0.00028954	-0.00249665
3947.204992334	3300.71527381	-0.0786116	0.294813	0.171899	-0.00367022	-0.000189661	-0.00274541
3938.400998656	3296.156811405	-0.0779905	0.246154	0.123337	-0.00330438	-3.36929e-05	-0.00259967
3934.722241662	3296.656336443	-0.0726731	0.247952	0.149375	-0.00255979	7.39369e-05	-0.00270117
3937.82312687	3293.829072161	-0.0786459	0.202107	0.158079	-0.00211536	0.000158521	-0.00286831
3920.526578203	3294.710624978	-0.0606934	0.230805	0.169593	-0.0022138	8.40577e-05	-0.00262173
3936.033704579	3291.062604625	-0.0692773	0.229831	0.17255	-0.00194714	0.000162419	-0.00270783
3944.842198816	3292.140561115	-0.0673904	0.258435	0.147871	-0.00306635	0.000167126	-0.00256358
3923.570756367	3293.685488356	-0.0689349	0.293154	0.159785	-0.00325069	-0.000131544	-0.00276396
3940.834901008	3297.770081088	-0.0638234	0.266752	0.109697	-0.0031387	0.00047618	-0.00253451
3924.65269077	3290.33088776	-0.06521	0.272216	0.15143	-0.00248601	1.10965e-05	-0.00256056
3929.373777248	3294.859814157	-0.0710994	0.257104	0.128514	-0.00219168	0.000205402	-0.00271406
3926.56992894	3293.663066861	-0.0667577	0.258786	0.159158	-0.00172732	0.000130737	-0.00276346
3930.444010198	3295.861666918	-0.080728	0.286711	0.152257	-0.00321046	0.000156337	-0.00277175
3936.061608045	3288.971584626	-0.07601	0.28187	0.161653	-0.00344814	-0.000120757	-0.00273688
3927.225210342	3287.968869499	-0.0813776	0.274823	0.124942	-0.00357744	-0.00023947	-0.00266619
3935.62775415	3288.961883017	-0.0811646	0.236815	0.143901	-0.00273041	-0.000147348	-0.00273523
3926.145076162	3292.357445961	-0.0663621	0.234541	0.141705	-0.00256601	-7.72006e-05	-0.00269109
3928.371052685	3290.401601705	-0.0740598	0.215371	0.166076	-0.00185757	-0.000106119	-0.0027625
3942.204871193	3291.748400544	-0.0736178	0.24039	0.152955	-0.00218157	-1.18179e-06	-0.0027233
3931.392728053	3290.637674177	-0.0736869	0.262393	0.178064	-0.00272938	-3.63237e-05	-0.00269963
3942.152664708	3294.060617215	-0.0735534	0.282342	0.145033	-0.00380407	4.71575e-06	-0.00266284
3954.801936066	3297.145297507	-0.0745142	0.296697	0.159694	-0.00313267	-0.000330081	-0.00266365
3929.62220811	3299.810221541	-0.0733459	0.244929	0.121888	-0.00304862	9.21089e-05	-0.00274785
3923.522150329	3294.617058355	-0.0656989	0.252829	0.160809	-0.00202644	1.64783e-05	-0.00270113
3934.130868199	3298.188112615	-0.0634685	0.239356	0.148053	-0.00219331	0.000166405	-0.00266317
3927.929097783	3295.536770832	-0.0677854	0.264534	0.174041	-0.00228914	-0.000364707	-0.00268999
3922.27909591	3295.056217829	-0.0757174	0.27907	0.141349	-0.00346929	-0.000103117	-0.00270851
3934.995875654	3296.197126978	-0.0833417	0.283335	0.160863	-0.00328248	-0.000117062	-0.00268296
3942.204871193	3294.914574346	-0.0683326	0.240175	0.112236	-0.00272509	0.000203038	-0.00262739
3940.391145883	3291.089769128	-0.0691811	0.227744	0.158581	-0.00226915	-0.000163143	-0.0028151
3936.416252101	3292.185404105	-0.0558394	0.231766	0.15661	-0.00243394	-5.75287e-05	-0.00270517
3936.925715389	3291.378661468	-0.0769905	0.23951	0.173906	-0.0018993	1.9704e-05	-0.00279649
3927.788680339	3293.391206235	-0.0669868	0.270741	0.161933	-0.00318198	-0.000348985	-0.00272118
3946.717131729	3293.411902999	-0.0753639	0.300301	0.168056	-0.00360717	-0.000188144	-0.00269981
3933.875236443	3290.1415986	-0.0798419	0.276433	0.149222	-0.00350681	-0.000102123	-0.00269351
3938.482908832	3290.953515428	-0.0804906	0.232813	0.14405	-0.00255494	-0.000335148	-0.00268234
3940.491958406	3295.848947032	-0.0664452	0.228209	0.147009	-0.00232445	-0.000196142	-0.00279539
3930.388203265	3292.325538449	-0.0799004	0.226914	0.125066	-0.00222767	9.94889e-05	-0.00242226
3941.522586436	3292.694415159	-0.0664614	0.255681	0.164836	-0.0025965	-7.77491e-05	-0.00261984
3924.924524539	3291.160051892	-0.0718076	0.274044	0.145867	-0.00305829	-0.000338999	-0.00262975
3939.543240552	3294.595714817	-0.0767231	0.312785	0.146388	-0.00309694	-0.000451649	-0.00274578
3938.59092225	3287.826794833	-0.0734791	0.266164	0.122659	-0.00325602	-0.000224727	-0.00266952
3932.030907331	3294.826397505	-0.0674635	0.242608	0.152026	-0.00267686	-4.99003e-05	-0.00263855
3936.387448523	3290.479430164	-0.0638084	0.252425	0.151305	-0.00241564	-0.000317953	-0.00267479
3934.848257316	3290.776946155	-0.0630478	0.244369	0.177609	-0.00192665	5.80674e-05	-0.00266637
3942.041950954	3288.408028973	-0.0721298	0.281843	0.173623	-0.00278231	-0.000175664	-0.0027271
3938.049054936	3287.103270437	-0.058713	0.291916	0.187813	-0.00309412	-0.000232465	-0.0029802
3944.130210369	3291.352143738	-0.0764248	0.301408	0.125596	-0.00374288	-0.000571085	-0.00269232
3924.198134303	3290.390175366	-0.0758581	0.24128	0.135022	-0.00257558	-9.91871e-05	-0.00261746
3938.188572268	3292.452952906	-0.0572998	0.244928	0.124813	-0.0029306	3.35946e-05	-0.00240684
3937.701611775	3296.871712149	-0.0576157	0.220705	0.165184	-0.00203516	-5.57133e-05	-0.00244917
3939.173294595	3297.814277304	-0.0576056	0.255303	0.144412	-0.00276393	1.00603e-05	-0.0026145
3937.209250611	3290.811871945	-0.074069	0.277868	0.169882	-0.00291194	-6.36397e-05	-0.00262685
3921.703024348	3291.837224159	-0.069537	0.292645	0.14083	-0.00408124	-7.97123e-05	-0.0027043
3939.449628923	3291.790656438	-0.0796726	0.290951	0.158928	-0.00322905	-0.000414952	-0.0026779
3934.568322542	3293.804279162	-0.0684753	0.263702	0.115049	-0.00318315	7.98664e-05	-0.00262041
3938.959067983	3291.793674716	-0.0690754	0.243761	0.152535	-0.00225163	-0.000118921	-0.00261997
3929.629409004	3293.807944214	-0.0713928	0.251001	0.148195	-0.00272014	0.000168897	-0.0023863
3927.920096665	3291.878617688	-0.0684355	0.237901	0.170608	-0.00174663	9.34954e-05	-0.00260473
3922.36820698	3290.717874139	-0.069431	0.281288	0.163358	-0.0029124	-0.000214593	-0.0026886
3934.525117174	3293.615205593	-0.0737912	0.286686	0.166198	-0.00318968	-0.000378944	-0.00264123
3914.454423889	3292.474080853	-0.0740959	0.280485	0.148032	-0.00298635	-0.000294036	-0.00267743
3940.390245771	3290.608138169	-0.0729677	0.241377	0.11946	-0.00261643	-2.44604e-05	-0.00238563
3932.561073191	3294.773146455	-0.0672108	0.258925	0.168339	-0.00241892	-0.000165686	-0.00238731
3941.194045623	3290.227403937	-0.0703589	0.242555	0.151349	-0.00185496	-8.07628e-05	-0.00249419
3934.267685195	3293.866369455	-0.0656414	0.248824	0.179551	-0.00222429	-0.000257021	-0.00257831
3945.671201799	3291.508447429	-0.0719492	0.305746	0.183022	-0.00352265	-0.000119417	-0.00284156
3931.326119778	3291.253402924	-0.0727067	0.280281	0.174172	-0.00352111	-0.000322992	-0.00247616
3943.558639365	3293.988609721	-0.0713847	0.270462	0.125433	-0.00360085	-0.000467266	-0.00248239
3923.034289724	3290.970978323	-0.0595007	0.233987	0.153017	-0.00216077	0.000163813	-0.00242797
3945.664901016	3296.127922171	-0.0664493	0.231606	0.148798	-0.00274937	-0.000137464	-0.00221377
3918.878473467	3299.111490144	-0.0581819	0.224779	0.159365	-0.00224849	-5.47323e-05	-0.00244586
3934.006652768	3292.200495496	-0.0741117	0.274727	0.141832	-0.00311958	-0.000139777	-0.00264614
3939.770068729	3292.330281457	-0.0757531	0.291209	0.141559	-0.00290803	-0.000246059	-0.00250269
3929.560100394	3295.680354637	-0.0827123	0.282461	0.123717	-0.00304468	-0.000306618	-0.00244137
3938.035553259	3294.090584405	-0.0722777	0.248872	0.143697	-0.00211062	-0.000122292	-0.00262434
3928.948024359	3292.496286757	-0.0699977	0.245895	0.152635	-0.00231003	-0.00035088	-0.00279186
3941.128337461	3293.558936264	-0.0659946	0.236695	0.154558	-0.00187137	-9.69707e-05	-0.0024506
3912.967439168	3290.991890679	-0.0692191	0.273474	0.15415	-0.00271064	-0.000541562	-0.00257646
3933.164148108	3291.024876148	-0.082246	0.271155	0.16423	-0.00291631	-0.00029574	-0.00253872
3922.915474965	3292.539405016	-0.0854989	0.295651	0.149416	-0.00407003	-0.000307477	-0.0025576
3930.787852912	3289.434674734	-0.0682942	0.237729	0.160247	-0.0024244	-0.000249211	-0.00248989
3912.723508866	3286.912903321	-0.0760884	0.242459	0.154899	-0.00275234	-0.000428946	-0.0024218
3941.487482075	3290.146772791	-0.0674978	0.231058	0.179116	-0.00202258	1.1602e-05	-0.00242743
3918.961283754	3285.254359466	-0.0670803	0.239732	0.173944	-0.00232135	-0.000238067	-0.00239181
3937.706112334	3288.437996163	-0.0717477	0.248432	0.192927	-0.00213793	-7.21533e-05	-0.00278413
3913.435497313	3283.242461473	-0.0738458	0.276783	0.170756	-0.00320051	-0.000294418	-0.0025531
3925.37098	3291.926910139	-0.0797917	0.277608	0.16799	-0.00284568	-0.000201396	-0.00251699
3911.161814864	3284.167348141	-0.0707895	0.270267	0.126594	-0.00310726	-5.47225e-05	-0.00256158
3945.022221179	3288.481976788	-0.0646512	0.239648	0.131876	-0.00242814	0.000162123	-0.00229617
3927.152301285	3286.461455143	-0.0678732	0.244416	0.152212	-0.002775	0.000291693	-0.00224046
3926.555527151	3290.350506568	-0.0661455	0.244423	0.150769	-0.002023	3.04905e-05	-0.00238361
3917.088151064	3289.601111216	-0.0729726	0.286569	0.163917	-0.00372493	-0.000356437	-0.00231275
3932.900415345	3295.80712232	-0.0733338	0.249204	0.0925661	-0.00358946	-0.000366242	-0.00219398
3924.847114923	3301.709149694	-0.0575954	0.183896	0.041381	-0.0019461	-0.000819315	-0.00221373
3927.451138408	3307.663134571	-0.0688759	0.15384	-0.0645418	-0.00195682	-0.00154125	-0.00202634
3928.421458946	3305.574701667	-0.060424	0.240513	0.0113279	-0.0013363	-0.000749996	-0.00222887
3945.689204035	3308.476560538	-0.0566251	0.205251	0.0529473	-0.00204465	-0.000408618	-0.00220799
3935.428829438	3309.497169743	-0.0573265	0.218501	0.10547	-0.00211214	-0.00063933	-0.00219076
3931.821181277	3306.847337099	-0.0688404	0.241696	0.153033	-0.00268723	-0.000815665	-0.00228057
3930.642034798	3304.801375681	-0.0785687	0.275131	0.119966	-0.00351501	-0.000895491	-0.00226127
3938.274983002	3308.718669566	-0.056569	0.227748	0.0807645	-0.0022168	-0.000362831	-0.00221924
3925.296270719	3302.622178841	-0.0557319	0.220011	0.0621455	-0.00204645	-9.1051e-05	-0.00219266
3946.204067994	3303.081603897	-0.0559873	0.221208	0.123322	-0.00145567	-0.000153568	-0.00221739
3927.79408101	3304.870149305	-0.0554956	0.217455	0.0959477	-0.00152921	8.22777e-06	-0.00220427
3935.760070587	3298.117398669	-0.0562377	0.264533	0.126455	-0.00189142	-0.000226636	-0.00229397
3926.224286002	3302.14033229	-0.0714324	0.294032	0.107378	-0.00289577	-0.000586348	-0.00230142
3943.930385545	3304.280722696	-0.0763879	0.263473	0.109843	-0.00250726	-0.000422506	-0.00226327
3943.078879767	3295.858433049	-0.0559839	0.241005	0.100987	-0.00222181	-0.000390403	-0.00233137
3931.775275575	3295.473171399	-0.0504095	0.221316	0.129642	-0.00183833	-0.000235255	-0.00235183
3934.957170846	3296.909656218	-0.0617289	0.211414	0.134386	-0.00154518	-0.000179475	-0.00225068
3931.578151087	3287.866679223	-0.0506357	0.24009	0.141237	-0.00195257	-0.000355566	-0.00224766
3933.935543935	3287.469344461	-0.0616644	0.245388	0.134977	-0.00216672	-0.000496981	-0.00247969
3931.91659313	3294.310487529	-0.0672384	0.280697	0.11905	-0.00337695	-0.000479173	-0.00225316
3939.154392247	3288.901301863	-0.0919635	0.28903	0.119045	-0.00342849	-0.000948125	-0.0022693
3938.663831307	3286.093440797	-0.0703993	0.281915	0.0784103	-0.00349777	-0.000358198	-0.00220991
3933.098439945	3290.473178016	-0.0708916	0.244863	0.0680201	-0.0025387	-0.000432617	-0.00250431
3921.806537207	3291.300186235	-0.0678416	0.233429	0.102817	-0.00239581	-0.000375838	-0.00240961
3932.232532378	3288.145007589	-0.0505741	0.244308	0.0995782	-0.00235456	-7.21483e-05	-0.00219882
3941.44517682	3287.595896553	-0.0459978	0.231807	0.111278	-0.00164665	2.25945e-05	-0.0021917
3939.06168073	3290.571487648	-0.0380315	0.241481	0.120768	-0.00198416	0.000232871	-0.00220626
3938.395597985	3292.423632489	-0.0498628	0.262482	0.140791	-0.00208556	-2.03236e-05	-0.00224055
3923.649966207	3293.803847979	-0.0551435	0.288581	0.0907917	-0.00266893	-0.000228323	-0.00217759
3942.549614019	3293.266378873	-0.0678057	0.28262	0.117792	-0.002619	-0.000229807	-0.00213191
3932.24873439	3297.397539325	-0.0518396	0.265201	0.0853249	-0.00191678	-0.000221453	-0.00220079
3937.995948339	3291.27108141	-0.0517252	0.252434	0.101044	-0.000817686	-0.000233005	-0.00206673
3926.154977392	3295.605544456	-0.0347824	0.228679	0.103865	-0.00157038	9.92764e-05	-0.00219829
3936.999524558	3289.530828453	-0.0567902	0.255885	0.102263	-0.00193329	-0.000161663	-0.00218858
3933.281162644	3292.491328157	-0.0561351	0.296764	0.115551	-0.00271928	-0.000356206	-0.00228013
3925.240463787	3293.516464779	-0.0617001	0.301032	0.0935544	-0.00329345	-0.000434658	-0.00230666
3929.175752649	3293.526381978	-0.0609024	0.284142	0.0676321	-0.00256722	-0.000185914	-0.00227068
3949.202340455	3291.14323577	-0.0616292	0.267432	0.103744	-0.00239225	-0.000394194	-0.00234314
3939.137290122	3289.300792538	-0.0474262	0.246311	0.10961	-0.00151951	-0.000195274	-0.00237334
3934.275786201	3291.788069343	-0.0580437	0.283252	0.0922939	-0.00223415	-0.000137368	-0.00255102
3921.340279286	3286.021002121	-0.064582	0.305745	0.118969	-0.003317	-0.000513352	-0.00221405
3933.193851798	3290.444719965	-0.0784404	0.330697	0.117207	-0.00409893	-0.00069053	-0.00223105
3947.31210564	3301.009340341	-0.0860263	0.321815	0.195497	-0.00496944	-0.000334864	-0.0020296
3942.841250247	3297.192080818	-0.0928386	0.257309	0.273026	-0.00546126	-0.000384962	-0.00211198
3927.496143999	3289.078949092	-0.0941546	0.171979	0.187002	-0.00363838	-0.000383294	-0.00161468
3957.748002041	3295.327647273	-0.111783	0.199574	0.11931	-0.002572	-0.00115117	-0.00207384
3911.553363504	3295.239901615	-0.103019	0.221719	0.0972756	-0.00251292	-0.000808703	-0.00243056
3922.05586818	3291.058939573	-0.109907	0.24886	0.0678157	-0.00266952	-0.000831491	-0.00258426
3918.370810403	3290.997711644	-0.091947	0.283121	0.0797791	-0.00220644	-0.000523664	-0.0026789
3931.38642727	3291.363354486	-0.0918423	0.2999	0.0721731	-0.00213568	-0.000469824	-0.00272927
3918.516628517	3291.840242437	-0.0837413	0.310476	0.0976704	-0.00219728	-0.000489197	-0.00265487
3919.526553975	3294.787806663	-0.070533	0.308412	0.0983544	-0.00281594	-0.000144743	-0.00287571
3934.180374349	3293.001632759	-0.0599209	0.260664	0.134293	-0.0023562	0.000172931	-0.00231623
3933.980549525	3294.378614379	-0.0655239	0.255521	0.12358	-0.00257684	-0.00026218	-0.00264713
3937.257856649	3293.498786292	-0.069412	0.253024	0.133337	-0.00231101	0.000185552	-0.00272795
3934.228980387	3288.469472493	-0.071384	0.267998	0.123788	-0.00279912	-0.000550531	-0.00256169
3940.329038167	3292.154574549	-0.0636605	0.223402	0.132143	-0.00202359	-0.000228369	-0.0025488
3929.406181274	3287.009919405	-0.0594153	0.242336	0.133575	-0.00251606	-0.00024625	-0.00272483
3931.863486533	3288.368360174	-0.0606251	0.23963	0.158934	-0.00163227	-0.000124662	-0.00270889
3926.344900986	3286.096890258	-0.0616623	0.262727	0.144069	-0.00223768	-0.00023935	-0.00269068
3955.630939049	3281.994403449	-0.0646963	0.272421	0.168815	-0.00166635	-0.000203181	-0.0025264
3914.10788084	3279.376478317	-0.053425	0.286628	0.148862	-0.00201531	-0.00026069	-0.0025057
3936.877109351	3276.786795646	-0.0536352	0.288769	0.17291	-0.00192217	-0.000305567	-0.00252541
3906.921388096	3278.851729098	-0.0743065	0.286772	0.145465	-0.00232426	-0.000512269	-0.00246559
3926.876867069	3278.758809248	-0.0608383	0.286185	0.182823	-0.00233829	-0.000250923	-0.00278427
3913.335584901	3277.83219785	-0.0659205	0.255151	0.147828	-0.00244121	-0.000227321	-0.00255177
3921.785834635	3282.832838007	-0.0640473	0.235834	0.182291	-0.00200638	-5.1372e-06	-0.00251792
3911.101507372	3281.18572049	-0.0482502	0.228523	0.178347	-0.00213357	-5.37515e-05	-0.0025618
3922.17018238	3279.309860606	-0.0480287	0.234354	0.187572	-0.0019196	-4.91658e-05	-0.00231623
3917.479699704	3282.362633386	-0.0479134	0.246571	0.168217	-0.00223873	3.01877e-05	-0.00246609
3923.163905826	3274.16154041	-0.0477427	0.258938	0.16125	-0.00202122	0.000109839	-0.00251239
3901.323592709	3280.546923474	-0.0697811	0.29542	0.167651	-0.00267431	-0.000340899	-0.00270374
3911.545262498	3282.724826766	-0.0485928	0.297592	0.149595	-0.00254194	-0.000123631	-0.00268792
3910.967390712	3288.900439497	-0.0597837	0.275845	0.151385	-0.00226297	-0.000221338	-0.00264459
3919.292524903	3291.641682851	-0.0478988	0.244761	0.157251	-0.00225166	4.65575e-05	-0.00249737
3910.842275169	3290.843563866	-0.0500536	0.2578	0.144147	-0.00254522	7.1628e-05	-0.00250391
3925.536600574	3295.195058625	-0.0520553	0.2499	0.157022	-0.00205453	7.90624e-05	-0.00266259
3912.186142111	3294.366110084	-0.0581036	0.277141	0.158318	-0.00275357	-0.000256209	-0.00274689
3930.615931555	3294.951871641	-0.0710013	0.272586	0.144656	-0.00265651	-0.000129848	-0.00270961
3915.494953149	3300.920301135	-0.064841	0.26403	0.133418	-0.00284168	0.000137293	-0.00278085
3934.857258435	3294.340023537	-0.0613225	0.236397	0.156062	-0.00189951	1.91359e-05	-0.00278299
3917.02154279	3300.048665517	-0.059207	0.240409	0.144337	-0.00257059	5.95339e-05	-0.00275459
3933.631306141	3294.214764993	-0.0554185	0.241807	0.152704	-0.00229671	0.00034253	-0.00263078
3918.782161503	3294.629347059	-0.0648666	0.272056	0.167461	-0.00259468	-0.000117044	-0.00252155
3928.809407139	3293.892240411	-0.0647123	0.261866	0.169554	-0.00216451	0.000151721	-0.00254752
3918.969384761	3287.308944536	-0.0641516	0.273386	0.158836	-0.00231253	-0.000173156	-0.00277733
3936.962619974	3293.626200749	-0.063406	0.278461	0.175152	-0.00235222	-8.19693e-05	-0.00257028
3921.746229715	3285.458955607	-0.0595694	0.252161	0.162719	-0.00213061	-8.07081e-05	-0.00254012
3944.285929713	3289.597230572	-0.0488804	0.268509	0.17411	-0.00226316	0.00018551	-0.0026602
3924.663492112	3287.15522794	-0.058406	0.217709	0.170695	-0.00197553	0.000207894	-0.00250866
3933.960747065	3288.619739627	-0.0532179	0.232539	0.152372	-0.00235686	0.000327117	-0.00283625
3905.698136138	3276.071248128	-0.0575827	0.247897	0.166992	-0.00233513	0.000280631	-0.0025849
3929.128946834	3285.04243322	-0.0642631	0.253642	0.167168	-0.00256007	7.67843e-06	-0.00267535
3913.599317663	3277.658215672	-0.0701653	0.253504	0.169387	-0.00240737	0.000230259	-0.00276779
3921.944254314	3284.390916317	-0.0658968	0.299795	0.153453	-0.00349435	8.66156e-05	-0.00273174
3922.763356068	3275.707545608	-0.0667317	0.279715	0.156282	-0.00283027	-2.17104e-05	-0.00267193
3924.046015406	3278.889673166	-0.0648604	0.276062	0.153502	-0.00279007	-4.37989e-05	-0.00273442
3932.554772408	3278.045848826	-0.0585176	0.235299	0.166921	-0.00224431	0.000169234	-0.00266382
3927.367428009	3280.469741789	-0.0620929	0.254172	0.148605	-0.00275017	0.000336306	-0.00246836
3936.055307262	3277.200946529	-0.0601669	0.253653	0.152804	-0.00235172	0.000206906	-0.00265126
3922.206186853	3280.613110002	-0.0622004	0.270723	0.151727	-0.00232671	0.000119092	-0.00279099
3935.454032569	3284.554765704	-0.0610683	0.285759	0.141697	-0.00267012	0.00012108	-0.00280393
3919.11790321	3288.93579647	-0.0630858	0.319953	0.11066	-0.00335757	-0.000251317	-0.00292134
3935.382023624	3286.850597436	-0.0616383	0.25361	0.110298	-0.00296139	0.000195352	-0.00278257
3924.465467513	3299.354030355	-0.0603649	0.24671	0.123643	-0.00295943	0.000521581	-0.00249597
3945.82062036	3295.729293861	-0.0625685	0.240735	0.133881	-0.00254321	0.000486624	-0.00231623
3931.814880495	3300.975923689	-0.0596333	0.252797	0.121168	-0.0028974	0.000444409	-0.00275085
3926.965978139	3295.94337602	-0.0638399	0.289303	0.122719	-0.00296855	0.000187695	-0.00291635
3926.16847907	3298.527453318	-0.0645643	0.309867	0.0940475	-0.00377519	0.000527061	-0.00284541
3935.674559964	3301.848206081	-0.0735314	0.288517	0.107821	-0.00306919	0.000281925	-0.00292582
3943.897081408	3300.545172276	-0.0582444	0.271939	0.0824684	-0.00297618	0.000495717	-0.00269906
3940.522562208	3302.926162571	-0.058454	0.256291	0.120216	-0.00251769	0.0004111	-0.00265826
3949.133931957	3298.305825464	-0.058451	0.276871	0.10667	-0.00284301	0.000417749	-0.00266554
3949.475074335	3297.742916585	-0.0675904	0.304472	0.115747	-0.00280501	0.000266699	-0.00279811
3935.697962871	3296.416598919	-0.068645	0.289079	0.0970388	-0.00356642	0.000143404	-0.00276507
3954.569707217	3298.775598902	-0.0613031	0.28811	0.114457	-0.0027738	5.28241e-05	-0.00279911
3939.161593141	3296.90340407	-0.065439	0.256363	0.0900385	-0.00255064	0.000563574	-0.0027887
3931.322519331	3292.683851186	-0.0645491	0.261441	0.125688	-0.00234463	0.000401061	-0.00274238
3941.646801867	3293.730331346	-0.058253	0.273229	0.0811597	-0.00251331	0.00105198	-0.00275964
3938.961768318	3289.325369946	-0.0608004	0.293796	0.121165	-0.00286963	0.000218632	-0.00280611
3928.022709412	3290.347703881	-0.083089	0.309919	0.11558	-0.00338221	0.000378188	-0.00276601
3949.955734045	3290.245513606	-0.0739191	0.311254	0.115672	-0.00353871	0.000128095	-0.00281897
3932.568274085	3289.367841431	-0.0673423	0.269995	0.0788898	-0.00336702	0.000462541	-0.00281946
3941.015823483	3284.95770584	-0.07334	0.263155	0.115718	-0.00259585	0.000185161	-0.0029025
3934.828454857	3286.125995083	-0.0625982	0.249568	0.0917457	-0.00282659	0.000466171	-0.00277089
3946.866550291	3281.674897145	-0.0629907	0.257913	0.109937	-0.00198389	0.000311736	-0.00272923
3930.507018025	3282.06770449	-0.0813829	0.288203	0.105013	-0.00305831	0.000481668	-0.00279307
3934.976973306	3281.20900435	-0.0827368	0.295549	0.116436	-0.00357627	2.46911e-05	-0.00280742
3935.24160618	3286.078564998	-0.0822488	0.309056	0.105861	-0.00352703	0.000236027	-0.00291857
3945.989841382	3281.404330066	-0.0825395	0.26579	0.0946464	-0.0028138	0.00011094	-0.00286647
3927.710370611	3287.247716607	-0.0648684	0.251337	0.119828	-0.00261204	0.000240459	-0.00279747
3936.938316955	3287.893628136	-0.069847	0.263044	0.131109	-0.00267063	0.00011738	-0.00292397
3939.877182036	3286.057005868	-0.0664074	0.25897	0.137156	-0.00231741	0.000383024	-0.00264223
3932.636682583	3285.735990425	-0.064975	0.296742	0.124437	-0.00304834	0.000217401	-0.00285087
3940.126513009	3295.322257491	-0.0751559	0.305045	0.118212	-0.00339691	0.000104607	-0.00275332
3951.512027376	3296.906206757	-0.0838271	0.306806	0.0797281	-0.00328769	-0.000145447	-0.00281161
3933.511591269	3293.75922058	-0.0746297	0.23977	0.0977707	-0.00239934	0.000214233	-0.00283188
3944.92860955	3294.849465774	-0.0711906	0.251686	0.098278	-0.00288057	0.000224505	-0.00278223
3944.855700493	3294.76409162	-0.0715857	0.241766	0.116921	-0.00218871	0.000345086	-0.00275986
3932.019205877	3294.600457825	-0.0722865	0.271989	0.0982653	-0.00286787	0.000150132	-0.00290238
3943.66485256	3292.623701214	-0.0719109	0.300031	0.121575	-0.00312462	0.000203809	-0.0026704
3929.789628907	3292.408325507	-0.076289	0.297249	0.099331	-0.00386794	0.000271081	-0.00281752
3938.644028847	3295.793108886	-0.072168	0.263365	0.0979683	-0.00260568	-2.94541e-05	-0.00285852
3935.616052696	3294.632365337	-0.0711386	0.249194	0.0796467	-0.00236278	0.000552466	-0.00281233
3939.31461215	3296.963769634	-0.0841748	0.250803	0.11976	-0.0018437	7.07825e-05	-0.00288275
3936.021103013	3291.814587072	-0.0743787	0.264765	0.100381	-0.00226282	0.000442633	-0.00293282
3935.411727314	3288.545791812	-0.0760977	0.290322	0.12594	-0.0027549	0.000192443	-0.00288469
3927.203607659	3294.832865244	-0.0692957	0.2931	0.103334	-0.00380214	0.000303299	-0.00285447
3941.067129857	3294.319757955	-0.0843126	0.275837	0.113514	-0.00243301	6.4527e-06	-0.00285352
3932.444058654	3288.814849752	-0.0908571	0.274251	0.0864144	-0.00281741	0.000119566	-0.00276755
3929.15144963	3288.945929261	-0.0713016	0.242124	0.110582	-0.0022539	0.000497788	-0.00282407
3932.75909779	3290.287553909	-0.0688653	0.258751	0.0982259	-0.00218727	0.000485399	-0.00292034
3918.24569486	3286.813946915	-0.0755262	0.248192	0.115184	-0.00190176	1.28603e-05	-0.00288075
3940.121112338	3285.503151824	-0.0712123	0.286225	0.126561	-0.00303497	9.66421e-05	-0.00277702
3937.228152959	3289.207441506	-0.0750099	0.304868	0.0968547	-0.00365096	0.000406001	-0.00231623
3925.558203258	3285.784714059	-0.0744683	0.295131	0.113915	-0.0030995	-7.97814e-05	-0.00275463
3950.405789954	3286.271303618	-0.069439	0.278586	0.0838902	-0.00253408	0.000182414	-0.0027887
3928.262139155	3284.550238286	-0.0731167	0.250983	0.0928499	-0.00179966	0.000318851	-0.00261335
3943.260702354	3285.721114626	-0.0672962	0.271969	0.109601	-0.0022395	0.000278011	-0.00262753
3944.38854246	3285.638327567	-0.0732353	0.271158	0.121744	-0.00250836	0.000352463	-0.00281964
3927.578054174	3288.713737433	-0.0735314	0.310109	0.101853	-0.00316679	0.000246115	-0.00281345
3948.371537248	3290.97205628	-0.0746494	0.293921	0.111869	-0.00321615	-0.00010245	-0.00286458
3922.329502172	3291.615596304	-0.0708559	0.259388	0.0570484	-0.00307879	0.0006439	-0.00281353
3921.393385883	3294.407934796	-0.0732216	0.253162	0.085737	-0.00238057	0.000412098	-0.00278046
3929.965150712	3292.358523917	-0.0734965	0.256158	0.0678543	-0.00230422	0.000376951	-0.00293976
3930.171276318	3295.644782073	-0.0744573	0.274966	0.100769	-0.00217733	5.84623e-05	-0.00294467
3923.792183874	3293.972871557	-0.0738817	0.295449	0.0781768	-0.00307437	0.000220585	-0.00286332
3943.747662847	3296.653102573	-0.0811441	0.313189	0.100955	-0.00286465	-9.07307e-05	-0.00277832
3937.416276329	3300.194620825	-0.0735141	0.276434	0.0496635	-0.0025933	0.00031364	-0.00278339
3934.871660224	3295.887322283	-0.0742977	0.254391	0.0974525	-0.00197485	2.89579e-05	-0.00274627
3939.220100409	3301.105925242	-0.0567723	0.253954	0.0865416	-0.00250653	0.000278927	-0.00266435
3935.408126866	3293.669103418	-0.064827	0.247192	0.0948266	-0.00217185	7.59748e-05	-0.00271955
3936.987823104	3299.91305859	-0.0695674	0.298911	0.114181	-0.00305698	-0.000162345	-0.00275851
3931.240609156	3291.556955471	-0.0886872	0.299108	0.108259	-0.00371881	-0.000219484	-0.00258647
3943.339912194	3294.842351261	-0.0907164	0.28701	0.108339	-0.00332191	-0.000332976	-0.00272279
3939.020275586	3298.262707204	-0.0748595	0.259708	0.091991	-0.00285345	-0.000160872	-0.00277962
3941.437975925	3297.162975993	-0.0690055	0.248454	0.111611	-0.00230693	-0.000196297	-0.00277421
3937.379371745	3294.791687306	-0.0621832	0.256138	0.0862174	-0.00240452	0.000282054	-0.00263831
3944.274228259	3297.433111889	-0.0628452	0.264631	0.124686	-0.00218234	0.000268335	-0.0027239
3938.049955048	3287.98568562	-0.0655832	0.319028	0.134565	-0.00351826	-0.000232309	-0.00273703
3931.96609928	3295.228044094	-0.0890015	0.307086	0.189018	-0.00406723	-0.000278357	-0.00244494
3948.252722489	3293.118267651	-0.0902794	0.322486	0.169781	-0.00477665	-0.0004866	-0.00231623
3949.376962147	3300.655770612	-0.088924	0.257261	0.0920622	-0.00312808	-0.000406735	-0.00238413
3942.486606192	3291.846063402	-0.0692699	0.261202	0.0678643	-0.00319155	-9.40566e-05	-0.00263756
3922.954179773	3288.906044871	-0.0713073	0.248249	0.10136	-0.00240664	-0.000177707	-0.00263478
3944.394843243	3291.536258707	-0.0669669	0.271548	0.120879	-0.00248108	-5.29717e-05	-0.00261924
3922.397010558	3285.986291922	-0.0690456	0.291488	0.113477	-0.00322361	-0.000267495	-0.00266108
3937.651205513	3292.472356123	-0.0810215	0.305964	0.133343	-0.00333067	-0.000477839	-0.00278279
3929.738322534	3292.613784014	-0.0758061	0.312466	0.103217	-0.00321073	-0.000363052	-0.00258647
3943.84847537	3293.880598481	-0.0688967	0.282014	0.101141	-0.00238982	-0.000272628	-0.00270318
3925.506896884	3286.887679139	-0.0753055	0.275957	0.100045	-0.00232996	-0.000140281	-0.00272798
3933.14524576	3293.263360595	-0.0649926	0.25508	0.12523	-0.00199248	-7.89231e-06	-0.00272506
3929.63751001	3291.752281187	-0.0753717	0.289298	0.118787	-0.00271347	-0.000160515	-0.00265958
3917.447295679	3293.572949699	-0.0753975	0.294961	0.13319	-0.00282226	-0.000160515	-0.002685
3919.117003099	3288.762461067	-0.0759805	0.308543	0.111833	-0.00389546	-0.000423473	-0.00250133
3933.993151091	3292.388275516	-0.0754078	0.268838	0.109934	-0.00251292	-0.000141969	-0.00272268
3905.986171919	3295.463469791	-0.0743238	0.264334	0.0779551	-0.00306012	0.000147029	-0.00254261
3932.374750045	3290.818339684	-0.0646856	0.239423	0.108425	-0.0024605	-2.63238e-05	-0.00250083
3921.618413837	3291.643407582	-0.0528799	0.258687	0.107644	-0.00276159	0.000266186	-0.00237567
3926.515922231	3293.954977479	-0.074677	0.287662	0.111942	-0.00294152	-6.86646e-05	-0.00248432
3930.128070951	3294.112790309	-0.0684498	0.30194	0.141103	-0.00351083	-2.90361e-05	-0.00234919
3933.138044865	3295.499042355	-0.0718509	0.315116	0.131936	-0.00392887	8.78733e-05	-0.00237957
3929.378277807	3301.943928617	-0.0599169	0.274949	0.0895326	-0.0031169	1.66309e-05	-0.0023341
3954.783033718	3295.052552777	-0.0507798	0.279968	0.0901547	-0.0029804	8.91723e-05	-0.00241696
3931.76807468	3294.854424374	-0.0521363	0.257084	0.0960916	-0.00246721	0.000294511	-0.00213054
3935.235305398	3303.892227177	-0.050827	0.276891	0.0808028	-0.00259102	5.67301e-05	-0.00234624
3932.882413109	3300.475105104	-0.0700379	0.286722	0.11804	-0.00306696	-0.000324553	-0.00238371
3942.995169368	3295.753871269	-0.0801943	0.289776	0.0975956	-0.0039409	-6.56016e-05	-0.00263042
3939.238102646	3298.45630819	-0.0703532	0.264175	0.0964031	-0.00284562	-0.000230269	-0.0023628
3934.580924107	3297.905041241	-0.0730429	0.270433	0.0961634	-0.00259823	-7.29906e-05	-0.00258815
3932.465661338	3293.780348527	-0.058237	0.245359	0.0938453	-0.00229515	0.000110587	-0.00213188
3932.571874532	3294.95510551	-0.0585607	0.257203	0.130232	-0.00255921	0.000128165	-0.00240361
3947.787364679	3292.869044111	-0.059571	0.298186	0.132709	-0.00331414	-0.000275795	-0.00224411
3932.260435844	3293.654658801	-0.0708635	0.312987	0.129589	-0.00357733	-0.000539169	-0.00232129
3937.314563694	3294.691437353	-0.0777682	0.303865	0.100904	-0.00385141	-0.000578866	-0.0026141
3934.674535736	3295.908019047	-0.0690418	0.224962	0.109556	-0.00221358	-0.000317813	-0.00237873
3932.755497343	3296.116495833	-0.0593883	0.245245	0.0964818	-0.00268342	5.768e-05	-0.00231612
3935.337918145	3290.018495969	-0.0598626	0.241996	0.124117	-0.00221291	-0.000109712	-0.00233207
3943.368715772	3296.523101021	-0.0600011	0.289133	0.133109	-0.00270011	-0.000154882	-0.00230273
3929.948948699	3292.54005179	-0.0631109	0.290907	0.128431	-0.00368403	-0.000422994	-0.002432
3936.506263283	3289.92902558	-0.0609117	0.306517	0.138455	-0.00378311	-0.000466877	-0.00230169
3942.011347153	3296.694711694	-0.072507	0.289612	0.12888	-0.00361761	-0.000629303	-0.00234843
3930.303592755	3286.355815407	-0.0609354	0.250338	0.124051	-0.00276842	-0.000477885	-0.00230124
3940.478456729	3295.18600379	-0.0593095	0.257025	0.128694	-0.00312011	-5.79052e-05	-0.00189778
3931.304517095	3294.771421724	-0.0530483	0.226383	0.128161	-0.00248813	6.86784e-05	-0.00214913
3931.722168978	3293.939023723	-0.0521061	0.272038	0.123525	-0.00291354	2.60418e-05	-0.0022156
3924.145927818	3290.285829178	-0.0643002	0.298172	0.129636	-0.00366361	-0.000346725	-0.00231757
3928.11092037	3292.505341591	-0.0600115	0.303785	0.14501	-0.00391785	-0.00035131	-0.00253596
3925.907446643	3294.709978204	-0.0592532	0.258011	0.128913	-0.00369405	-0.000530755	-0.00234823
3927.522247242	3294.207219298	-0.0503233	0.241269	0.130019	-0.00290502	-0.000345092	-0.00215955
3939.683657995	3288.614134254	-0.0504498	0.25608	0.119041	-0.00312421	-0.000294524	-0.00189778
3932.038108225	3292.420829802	-0.0502138	0.250689	0.108647	-0.00264342	-0.000232278	-0.0020097
3932.504366146	3295.754302452	-0.0416475	0.265664	0.117988	-0.00270034	-0.000170031	-0.00239063
3941.65310265	3298.227565823	-0.0598749	0.289883	0.13192	-0.00325433	-0.000590762	-0.00216912
3926.825560696	3292.465888384	-0.0542694	0.292844	0.113336	-0.00419582	-0.000419223	-0.00223489
3942.519010217	3297.499082827	-0.0606563	0.276057	0.0914832	-0.0033605	-0.000831392	-0.00232988
3922.193585288	3296.384906999	-0.056098	0.263324	0.109331	-0.00315971	-0.000623287	-0.00237268
3942.879054944	3293.784444762	-0.0603243	0.248382	0.122102	-0.0028679	-0.000770278	-0.00251565
3933.323467899	3293.155349355	-0.0489249	0.246355	0.14038	-0.00234653	-0.000770278	-0.00233287
3928.286442174	3296.582604219	-0.0599264	0.291558	0.127206	-0.00299639	-0.00102071	-0.00262444
3930.691540948	3295.469075165	-0.0583363	0.29328	0.134503	-0.00333659	-0.000545642	-0.00242393
3928.748199536	3295.105157054	-0.0713165	0.315325	0.105625	-0.00361083	-0.000768932	-0.00241412
3932.579075427	3293.588256681	-0.0702032	0.252938	0.10774	-0.00227576	-0.000681945	-0.00240793
3932.255935285	3294.063635493	-0.0525511	0.258554	0.0738656	-0.00270058	-0.000448256	-0.00253928
3933.9481455	3297.236708217	-0.0595917	0.23972	0.114813	-0.00181641	-0.000600846	-0.00257845
3932.165023991	3290.945754141	-0.0522052	0.253662	0.105602	-0.00261414	-0.000510729	-0.00270135
3927.191006093	3293.828640978	-0.0623843	0.2761	0.126636	-0.00274753	-0.000467579	-0.0023929
3924.172931172	3290.619348916	-0.0701957	0.300681	0.102652	-0.00345241	-0.000821489	-0.00238212
3933.073236814	3293.959720487	-0.0615597	0.281345	0.104512	-0.00293174	-0.00088055	-0.00242742
3927.042487643	3291.578514601	-0.0621783	0.282372	0.11125	-0.00299932	-0.000608042	-0.00238102
3932.570974421	3287.405313846	-0.0688596	0.244851	0.100833	-0.0025964	-0.000848947	-0.00247512
3921.785834635	3290.06355455	-0.0462457	0.244719	0.110603	-0.00242723	-0.000359594	-0.00236044
3918.000864446	3288.54708536	-0.0602967	0.271956	0.124099	-0.00271717	-0.000801387	-0.00243835
3934.901363914	3294.850543731	-0.0614846	0.298415	0.145264	-0.00251793	-0.000825458	-0.00244374
3921.794835753	3283.95628426	-0.0643113	0.328991	0.157326	-0.0039959	-0.000907674	-0.00241459
3923.840789912	3290.860595579	-0.0664234	0.305595	0.131502	-0.00360248	-0.000841111	-0.00241459
3946.53890959	3287.621336326	-0.0632903	0.290647	0.10094	-0.00333775	-0.000767963	-0.00259018
3929.471889436	3292.927469353	-0.0542524	0.247314	0.108514	-0.00234324	-0.000430754	-0.00250314
3949.51197892	3288.543420308	-0.0591028	0.256472	0.113154	-0.00277372	-0.000200797	-0.00240862
3921.351080627	3288.930406688	-0.058165	0.245213	0.129819	-0.00213192	-0.000555313	-0.00244765
3930.669938264	3289.765391785	-0.0488429	0.276148	0.116609	-0.00302444	-0.000421713	-0.00265485
3911.548862945	3291.420701771	-0.0612264	0.287441	0.126309	-0.00329069	-0.000517962	-0.00240932
3930.103767931	3291.977358502	-0.0505042	0.299219	0.0822235	-0.00356861	-0.000492165	-0.00226364
3928.111820481	3292.192087435	-0.0460038	0.270307	0.105675	-0.00264471	-0.000545492	-0.00226902
3925.955152569	3294.587306756	-0.0458521	0.262927	0.0912008	-0.00294385	-0.000386199	-0.00257748
3938.898760491	3293.940101679	-0.0450373	0.26129	0.103077	-0.00226597	-0.00021667	-0.00228355
3923.834489129	3293.668672235	-0.0459374	0.279134	0.0922311	-0.00270035	-0.000403475	-0.00261463
3933.995851426	3295.574068127	-0.0661286	0.291801	0.110731	-0.00267996	-0.000658856	-0.00230989
3922.954179773	3293.436695998	-0.0691097	0.313147	0.0780639	-0.00342345	-0.000946953	-0.00231188
3930.506117913	3293.204504171	-0.0645354	0.30405	0.0761217	-0.00269095	-0.000946953	-0.00219297
3914.160987437	3290.225463615	-0.0535263	0.26039	0.099584	-0.00330891	-0.000831756	-0.002296
3931.661861486	3296.639951504	-0.04454	0.220432	0.110077	-0.00310594	-0.00093704	-0.00226344
3926.982180152	3293.036342958	-0.0340226	0.231407	0.142119	-0.00263782	-0.000789172	-0.00218904
3928.523171582	3294.254002609	-0.0391525	0.259681	0.141428	-0.00308566	-0.000769199	-0.00218577
3935.961695634	3293.68117653	-0.0417933	0.257347	0.140279	-0.00296523	-0.000862758	-0.00223213
3932.06511158	3294.281813887	-0.0449799	0.293098	0.133385	-0.00395603	-0.000830523	-0.00229141
3935.995899883	3298.950012262	-0.0471038	0.271084	0.128977	-0.00346642	-0.000830516	-0.00229646
3945.652299451	3295.453121409	-0.0404523	0.269165	0.112679	-0.00375547	-0.00077924	-0.00227522
3940.183220053	3300.358470212	-0.0384924	0.253033	0.133876	-0.00280901	-0.000714513	-0.00226325
3935.619653143	3297.153274385	-0.0381458	0.258534	0.122603	-0.00289456	-0.000615055	-0.00254515
3945.603693412	3300.610280848	-0.0389196	0.240822	0.155608	-0.00268682	-0.000714513	-0.00224682
3926.456514851	3294.593774495	-0.0474104	0.254348	0.130694	-0.00323503	-0.000915129	-0.00249866
3947.096978916	3294.424966508	-0.062428	0.257836	0.152825	-0.00359745	-0.00106284	-0.00225449
3937.373971074	3295.145688218	-0.0558955	0.267989	0.0982482	-0.00355142	-0.00116743	-0.00245203
3944.022196951	3295.030778056	-0.05663	0.245196	0.122694	-0.0031564	-0.000908201	-0.00222991
3931.975100398	3292.656686682	-0.0490588	0.23789	0.11753	-0.00269006	-0.000778813	-0.00234767
3936.706088106	3293.174968163	-0.051639	0.245359	0.151902	-0.00283072	-0.000899459	-0.00220095
3926.164878622	3287.519792825	-0.0517399	0.243222	0.13319	-0.00279958	-0.00120367	-0.00216624
3938.034653147	3290.761639173	-0.0584015	0.262947	0.166991	-0.00305403	-0.000790228	-0.00220053
3932.795102263	3288.794152987	-0.0739072	0.293227	0.134387	-0.00391523	-0.000948001	-0.00226888
3939.034677375	3290.753877886	-0.0655919	0.2732	0.154901	-0.00361525	-0.000988167	-0.00202156
3952.731678888	3285.363233071	-0.0541195	0.267448	0.133902	-0.00340235	-0.000740363	-0.00194366
3925.13335048	3290.581189257	-0.0485069	0.242722	0.143974	-0.00285262	-0.000586331	-0.00209334
3937.716913676	3285.260611613	-0.0439357	0.269858	0.148883	-0.00277974	-0.000831888	-0.0019598
3926.397107471	3290.086407228	-0.0540407	0.281029	0.158664	-0.00231085	-0.00101252	-0.00228522
3948.764886112	3291.604169966	-0.0701277	0.300839	0.174613	-0.00394645	-0.00110623	-0.00238869
3922.893872281	3293.078598853	-0.0791298	0.293015	0.181451	-0.00437997	-0.00126027	-0.00239963
3939.955491764	3294.318033225	-0.0758703	0.268486	0.110279	-0.0042203	-0.00065516	-0.00233061
3939.355117182	3290.55186884	-0.0633702	0.260745	0.108975	-0.00299601	-0.000878144	-0.00232711
3944.61627075	3297.741838628	-0.0574275	0.247209	0.126431	-0.00306475	-0.000687935	-0.0024465
3923.053192072	3292.023279449	-0.0564182	0.239903	0.130217	-0.00262758	-0.000670652	-0.00228893
3935.132692651	3299.154823995	-0.0589115	0.274709	0.152143	-0.00270711	-0.000798854	-0.00230721
3922.370907316	3293.918111367	-0.0634495	0.296722	0.136134	-0.00364046	-0.00109408	-0.00249136
3947.345409777	3299.531461993	-0.0801621	0.299816	0.146488	-0.00377442	-0.00110998	-0.00228863
3935.217303161	3299.511196411	-0.0628251	0.290168	0.106477	-0.00336878	-0.000945386	-0.00231176
3945.465076193	3300.336695491	-0.0514073	0.257551	0.134879	-0.00261501	-0.000761448	-0.0024476
3922.313300159	3296.293280697	-0.0515182	0.255791	0.133869	-0.00266507	-0.000541523	-0.00229909
3943.992493261	3296.215021056	-0.0412087	0.249929	0.17146	-0.00270592	-0.000491608	-0.00223826
3933.904040021	3293.01004082	-0.0498054	0.268921	0.140444	-0.00289493	-0.000705825	-0.00216372
3946.859349396	3294.024397877	-0.0446146	0.297097	0.150716	-0.00317049	-0.000549546	-0.00230845
3934.366697495	3294.33722085	-0.0652323	0.313416	0.125039	-0.00388996	-0.000847913	-0.002113
3942.303883493	3293.767628641	-0.0662886	0.292651	0.109482	-0.00282195	-0.00110139	-0.00218402
3942.157165267	3290.574074744	-0.0473959	0.2628	0.120464	-0.00306271	-0.000476968	-0.002305
3929.956149594	3288.617152532	-0.0420675	0.250177	0.149405	-0.00214429	-0.000613514	-0.00227879
3929.468288989	3293.809668944	-0.0410312	0.278255	0.149823	-0.00253108	-0.00060716	-0.0021825
3937.402774652	3287.38612622	-0.049509	0.283222	0.14972	-0.00241558	-0.000664648	-0.00256768
3933.604302786	3283.28514855	-0.0575316	0.292005	0.150957	-0.0036452	-0.000670814	-0.00235325
3936.199325153	3291.741717214	-0.0636118	0.275597	0.134857	-0.00372663	-0.000785861	-0.00233858
3927.656363902	3291.398495867	-0.0600862	0.259097	0.0858465	-0.00376278	-0.000336954	-0.00221226
3941.751214838	3290.939501994	-0.0573447	0.242353	0.119765	-0.00273335	-0.000301468	-0.00251506
3941.991544693	3290.798074102	-0.0364748	0.250095	0.117401	-0.00274434	-0.000396058	-0.00259867
3920.717401909	3288.770869127	-0.0520624	0.252187	0.139544	-0.00249005	-0.000363469	-0.0022522
3927.805782464	3290.516296276	-0.0522687	0.278803	0.129476	-0.00303339	-0.00053478	-0.00212465
3931.647459697	3290.585501082	-0.0681284	0.293862	0.175874	-0.00336391	-0.000983904	-0.00212465
3929.983152948	3295.613952517	-0.0841566	0.290173	0.169211	-0.00450618	-0.000878539	-0.00222049
3936.045406032	3299.788878003	-0.0780638	0.27527	0.127356	-0.00327065	-0.000664825	-0.00247051
3933.06603592	3296.758311127	-0.0588268	0.2672	0.0935658	-0.00317288	-0.000533479	-0.00229745
3923.801184992	3291.548978593	-0.0578766	0.237822	0.128412	-0.0024994	-0.000236479	-0.00223388
3929.945348252	3295.357398872	-0.0487164	0.253492	0.134021	-0.00312659	-0.000227806	-0.00244006
3929.952549146	3289.904448172	-0.0417778	0.235573	0.142981	-0.00232802	-9.0382e-06	-0.00232827
3927.830985595	3293.997233373	-0.046839	0.272289	0.131316	-0.00303026	-7.92662e-05	-0.00253184
3916.571486881	3290.926997699	-0.0630069	0.280267	0.155237	-0.00316715	-0.000285389	-0.00265549
3938.203874169	3289.923204615	-0.0608313	0.280577	0.1157	-0.00356305	-3.3385e-05	-0.00249979
3922.238590878	3291.577436645	-0.0541512	0.274839	0.126505	-0.00277739	-5.69517e-05	-0.00260955
3928.514170463	3289.646169797	-0.0508613	0.254912	0.106574	-0.00308475	9.92483e-05	-0.00249105
3919.873097025	3287.006901127	-0.0450999	0.230247	0.136925	-0.00253219	0.000192216	-0.00267598
3921.345679956	3288.18338284	-0.0385061	0.249894	0.122081	-0.00299201	0.000480752	-0.00251651
3913.763138014	3283.443392562	-0.0468457	0.257328	0.145376	-0.00288912	-0.000145524	-0.0025555
3928.438561071	3289.452137629	-0.0580826	0.304549	0.148716	-0.00371065	-0.000360846	-0.00260047
3935.096688178	3288.908416375	-0.0600764	0.317072	0.140448	-0.00459667	-0.000196146	-0.00258475
3928.722996405	3288.932562601	-0.0659315	0.313984	0.144279	-0.00497977	-8.44173e-05	-0.00268644
3940.44425248	3290.599514517	-0.0708732	0.27963	0.123636	-0.00473818	-0.000141686	-0.00260068
3925.025337063	3285.51091311	-0.0619109	0.251478	0.0983309	-0.00401583	-2.62352e-05	-0.00262858
3949.677599494	3287.656046525	-0.0614995	0.244237	0.0964814	-0.00369383	0.000125817	-0.00264384
3919.210614728	3292.802857582	-0.060667	0.258109	0.110939	-0.00299977	0.000408314	-0.00263517
3941.605396723	3295.604250909	-0.0476581	0.261788	0.120847	-0.0029251	0.000495755	-0.00268148
3918.044969925	3290.557258622	-0.0553594	0.28528	0.138264	-0.00253752	0.000305695	-0.00271301
3943.5460378	3293.503960483	-0.0543393	0.328262	0.144451	-0.00335469	0.00040493	-0.00267263
3926.989381046	3294.293671408	-0.0550367	0.319788	0.158225	-0.00365223	0.000225596	-0.0028063
3945.11673292	3303.576385926	-0.0758405	0.315171	0.113495	-0.00365334	-0.000125013	-0.00267364
3930.55382384	3295.307381691	-0.0548524	0.2663	0.112499	-0.00259053	0.000264483	-0.00277584
3921.698523789	3294.892368443	-0.0674828	0.262713	0.119156	-0.00309384	6.7564e-05	-0.0027695
3938.951867088	3297.60429138	-0.0452082	0.244878	0.135435	-0.00229653	0.000364172	-0.00272378
3928.851712395	3288.779923962	-0.0556576	0.269973	0.134749	-0.00276456	0.000364172	-0.00288629
3938.724138799	3294.087134945	-0.0606797	0.258216	0.157962	-0.00242188	0.000435135	-0.00291729
3911.158214417	3286.365517016	-0.0561406	0.310523	0.13345	-0.0031843	0.000161009	-0.00276309
3942.875454496	3295.330234369	-0.0596449	0.293461	0.153852	-0.00323547	0.000178575	-0.00269163
3925.834537586	3292.45036581	-0.0683479	0.299461	0.096533	-0.00266762	0.000150836	-0.00269163
3932.007504423	3292.231756234	-0.0570382	0.273109	0.142435	-0.00236789	0.000383189	-0.00283243
3917.102552853	3282.548257493	-0.0543395	0.268567	0.126401	-0.00275602	0.000257574	-0.00269163
3928.152325513	3287.521301964	-0.0577081	0.275696	0.172798	-0.00224865	0.000413285	-0.00269163
3918.662446631	3282.899024535	-0.0613585	0.28685	0.156749	-0.00263747	0.00012977	-0.0028817
3925.235063116	3285.825676405	-0.0590262	0.272907	0.183803	-0.00332771	0.000202942	-0.00269163
3918.979285991	3284.6688135	-0.0631145	0.306949	0.178236	-0.00436065	0.000390591	-0.00269163
3920.800212196	3289.19321248	-0.057273	0.279049	0.145651	-0.00392513	0.000311127	-0.00269163
3957.729999805	3284.241727139	-0.06161	0.269927	0.11488	-0.00360537	0.000642627	-0.00269163
3922.04596695	3289.637330554	-0.0573542	0.251382	0.131169	-0.00283558	0.000490694	-0.00269163
3934.863559217	3293.293758968	-0.0435023	0.245723	0.131636	-0.003247	0.000901249	-0.00269163
3908.752215531	3290.279792622	-0.0488501	0.276145	0.131073	-0.00270833	0.000704751	-0.00248378
3938.448704583	3297.716398855	-0.0546773	0.297978	0.131353	-0.00307399	0.000209447	-0.00269163
3924.397959126	3294.848387818	-0.0529355	0.318694	0.143189	-0.00327313	0.000403384	-0.00262762
3934.936468275	3298.387965748	-0.059728	0.345623	0.160873	-0.00411657	0.000174989	-0.00247992
3944.531660239	3305.303918997	-0.0645472	0.298491	0.0959725	-0.00294711	0.000525058	-0.00254036
3935.495437713	3309.122256475	-0.0587598	0.298929	0.0550433	-0.00289714	0.000244235	-0.00254995
3932.316242777	3301.551336864	-0.0512034	0.25275	0.101287	-0.00241011	0.000643641	-0.00271564
3940.725087367	3299.786506498	-0.0570612	0.274441	0.101772	-0.00290581	0.000359465	-0.00258922
3934.317191345	3298.868518751	-0.0476624	0.282538	0.116136	-0.00242302	0.000480586	-0.00278005
3929.284666178	3299.106100362	-0.0530848	0.330352	0.132651	-0.00368287	0.000231423	-0.00267099
3946.528108248	3297.640510718	-0.0656924	0.306594	0.142128	-0.00384268	0.000570824	-0.0027214
3914.51923194	3298.930609045	-0.0592296	0.308255	0.0861786	-0.00379216	0.000331305	-0.00270204
3935.594450012	3294.25745207	-0.0529584	0.279066	0.109826	-0.00271997	0.000531901	-0.00297747
3930.54392261	3295.709243871	-0.0484438	0.279825	0.106771	-0.00293101	0.000680698	-0.00281374
3935.65295728	3293.375899252	-0.0486566	0.273433	0.138117	-0.00245288	0.000652338	-0.00295134
3934.68173663	3288.559158473	-0.0488013	0.292428	0.130322	-0.00320032	0.00055905	-0.00284256
3946.738734413	3291.960111199	-0.0485325	0.310009	0.141005	-0.00352572	0.000683085	-0.0029213
3920.313251703	3292.025650953	-0.0485818	0.330549	0.129939	-0.00433524	0.000533772	-0.0025703
3930.461112323	3296.99632392	-0.0529686	0.271243	0.104012	-0.00300363	0.000689478	-0.00283244
3919.178210702	3293.914230724	-0.0477763	0.271394	0.104536	-0.00348272	0.000902167	-0.00283857
3926.416909931	3287.276174658	-0.0549823	0.267728	0.122941	-0.0025048	0.00073926	-0.00297245
3920.841617339	3289.379052179	-0.0482533	0.268549	0.104042	-0.00304811	0.000537646	-0.00304016
3934.291988214	3284.771650549	-0.0494364	0.286481	0.128764	-0.00227698	0.000902595	-0.00297228
3915.199716473	3285.198521319	-0.0490797	0.311895	0.141855	-0.00351892	0.000623167	-0.00286641
3938.993272232	3288.802345457	-0.0602011	0.309664	0.14835	-0.0035691	0.000614611	-0.00301929
3908.898933757	3289.208303871	-0.0508526	0.297767	0.0883677	-0.00387235	0.000950054	-0.00282339
3936.103913301	3284.24194273	-0.0555238	0.270899	0.114312	-0.00251911	0.000811358	-0.00281997
3925.796732889	3290.372712471	-0.0463992	0.267897	0.108594	-0.00300012	0.00077007	-0.00284384
3934.710540209	3290.196574381	-0.0477787	0.254916	0.128255	-0.00208068	0.000667068	-0.00286587
3922.162981486	3289.886985277	-0.0509178	0.277502	0.119246	-0.00269531	0.000666468	-0.00293697
3930.412506285	3289.345204345	-0.0508672	0.296528	0.132907	-0.00290273	0.000960424	-0.00282752
3925.025337063	3293.201485892	-0.0446561	0.303955	0.122579	-0.00349387	0.000985886	-0.00282752
3939.02207581	3295.500551494	-0.0663686	0.275113	0.126451	-0.00284379	0.000726848	-0.00282753
3932.334245013	3292.964551056	-0.0482686	0.270796	0.100072	-0.00291965	0.000788308	-0.00282752
3911.088905807	3292.044191805	-0.0455902	0.269126	0.129716	-0.0023432	0.000958675	-0.00315508
3935.541343415	3291.689328528	-0.0481995	0.278852	0.132516	-0.00268324	0.000755215	-0.0029983
3924.055016524	3285.912128516	-0.0544358	0.265133	0.134218	-0.00231333	0.000952524	-0.00302031
3938.199373609	3292.732790411	-0.0401294	0.2942	0.141385	-0.00291887	0.000733524	-0.00302241
3919.841593111	3289.683682683	-0.0635455	0.296718	0.135432	-0.00340854	0.00084873	-0.00282752
3934.041757129	3295.046947403	-0.0475861	0.307651	0.147909	-0.00323253	0.000699444	-0.00301189
3955.827163425	3291.76607903	-0.0475572	0.278474	0.103771	-0.00325556	0.000633585	-0.00282752
3936.892411252	3293.338170775	-0.0541907	0.272137	0.138372	-0.00271805	0.000558554	-0.00298659
3930.761749669	3297.087950221	-0.0789126	0.255983	0.0718483	-0.00190678	-7.69589e-05	-0.00309524
3942.933961765	3295.341013934	-0.0778158	0.323912	0.190007	-0.0038632	0.000372375	-0.00268306
3966.491688227	3301.848206081	-0.0773514	0.356053	0.380791	-0.00742056	0.000437777	-0.00269707
3947.773863002	3299.218854611	-0.0777104	0.283563	0.0713108	-0.00374014	0.000150529	-0.00266486
3936.82220253	3293.663066861	-0.0577568	0.306898	0.0118287	-0.00412402	0.000470498	-0.00230593
3927.261214815	3292.764051149	-0.0555789	0.270234	0.0359	-0.00324239	0.000406063	-0.00258168
3928.945324024	3290.724988652	-0.0496107	0.18053	0.0490037	-0.00232816	-0.000415128	-0.00251006
3900.994151784	3293.287722412	-0.0680563	0.196079	-0.00119345	-0.00194964	-0.000600017	-0.00264513
3936.284835776	3297.208250166	-0.0603425	0.291451	0.0517122	-0.00364461	-0.000418474	-0.00267826
3946.064550662	3299.828115619	-0.0420915	0.226899	0.10932	-0.00324633	-0.000409624	-0.00247442
3959.879466823	3308.129242957	-0.0400404	0.256733	0.157739	-0.0040954	0.000366839	-0.00269336
3930.612331108	3299.579970035	-0.0398312	0.272902	0.191633	-0.00443405	0.000537184	-0.00294949
3920.016214803	3301.723809902	-0.0391506	0.279977	0.174682	-0.00424831	0.000693513	-0.00273029
3924.659891665	3303.040425959	-0.039922	0.316637	0.150675	-0.00468998	0.000427641	-0.00273029
3943.282305038	3301.838288881	-0.0398199	0.269731	0.157564	-0.00317474	0.000481403	-0.00276847
3929.34497367	3301.597473402	-0.0408386	0.298202	0.15329	-0.0032273	9.61393e-05	-0.00268127
3956.549953213	3300.631193204	-0.0563741	0.309512	0.174226	-0.00344625	4.15017e-05	-0.00282997
3932.806803717	3301.954277	-0.0764186	0.338684	0.183579	-0.00504014	-0.000362164	-0.00300525
3968.642055357	3307.018947772	-0.08243	0.364411	0.1695	-0.00539699	-0.000548245	-0.00303498
3929.053337442	3300.573630327	-0.0840724	0.311958	0.16492	-0.00503861	-0.000206968	-0.00278287
3960.0909931	3301.958373234	-0.0728449	0.227264	0.128188	-0.00406275	-0.000451291	-0.00281469
3929.349474229	3299.025253625	-0.0648879	0.235244	0.135103	-0.00380735	0.000110853	-0.00279567
3948.583063525	3300.298535831	-0.0606463	0.286791	0.202329	-0.00575889	0.00025626	-0.00262611
3926.524923349	3301.440954119	-0.060765	0.250086	0.201449	-0.00513753	0.000240867	-0.00270132
3933.149746319	3290.612449995	-0.0634006	0.27533	0.144331	-0.00456514	0.000303074	-0.00282719
3917.280774993	3292.332006188	-0.0640245	0.282842	0.136341	-0.00438306	0.000229721	-0.00267812
3937.996848451	3283.651869348	-0.0640652	0.296626	0.159532	-0.00399107	0.000331711	-0.00267812
3932.030007219	3290.750428425	-0.0555969	0.316289	0.162479	-0.00421734	0.00024242	-0.00267812
3926.462815634	3288.805148144	-0.0388718	0.308161	0.149784	-0.00341771	0.000754156	-0.00267812
3938.067957284	3287.210850495	-0.0466528	0.316967	0.163841	-0.00338909	0.000689701	-0.00289138
3945.913331877	3292.039879979	-0.0425297	0.284536	0.186164	-0.00267475	0.000558882	-0.0027903
3910.300407856	3286.845207654	-0.0497624	0.287026	0.183498	-0.00338922	0.000245714	-0.00267812
3946.27157638	3286.561920688	-0.0487423	0.287424	0.19263	-0.00343687	0.00037429	-0.00285857
3907.338139867	3289.687994509	-0.0685093	0.304365	0.14984	-0.0039827	0.000111681	-0.00267812
3941.630599854	3291.443123266	-0.0557792	0.289944	0.153723	-0.00306626	0.000275093	-0.00285847
3921.423989684	3283.406742042	-0.0641631	0.272097	0.14388	-0.00294265	0.000284725	-0.00283972
3935.034580463	3285.10560147	-0.0541481	0.288185	0.172119	-0.00240813	0.000344935	-0.00285278
3914.50933071	3284.579989886	-0.049199	0.2949	0.190807	-0.00332797	0.000364051	-0.00299799
3935.268609535	3283.522514569	-0.047114	0.299975	0.190242	-0.00272999	0.000502417	-0.00291483
3922.743553608	3284.852712877	-0.0511024	0.350427	0.191388	-0.0038538	0.000338431	-0.00306369
3943.771965866	3293.240723509	-0.0419862	0.3294	0.191414	-0.00384384	0.000749276	-0.00282859
3947.620843993	3287.767507226	-0.0494977	0.322892	0.141777	-0.00408683	0.000613946	-0.0028751
3922.983883463	3288.941401844	-0.0516652	0.288106	0.16081	-0.00281583	0.000401769	-0.00267812
3936.793398952	3291.536043115	-0.0420026	0.284882	0.155858	-0.00315646	0.000725193	-0.00278285
3933.957146618	3299.908315582	-0.0426512	0.293284	0.154194	-0.00271956	0.000457265	-0.00267812
3920.919026955	3296.074024347	-0.0439753	0.285996	0.191037	-0.00302404	0.000610211	-0.00291584
3933.201952804	3300.648009325	-0.0579708	0.296021	0.189416	-0.00337389	0.000339907	-0.00267812
3936.399149976	3304.325996869	-0.0733463	0.29769	0.220187	-0.00405584	5.6785e-05	-0.00281947
3940.873605816	3309.043781243	-0.0566794	0.299715	0.165762	-0.00431475	-5.18918e-05	-0.00267812
3930.705942737	3305.336473283	-0.0571863	0.261114	0.166999	-0.00343477	0.000336192	-0.00280708
3946.359787338	3302.272058573	-0.0510708	0.270619	0.172066	-0.00389477	0.000408448	-0.00267812
3923.099097775	3303.957551341	-0.0455814	0.274972	0.181292	-0.0032734	0.00056458	-0.00267812
3948.578562966	3300.203460069	-0.0499155	0.28841	0.185614	-0.00341115	0.000262945	-0.00267812
3936.655681844	3297.414355446	-0.0491438	0.289013	0.195079	-0.00331056	0.000635488	-0.00284674
3925.297170831	3297.904394467	-0.0554307	0.317285	0.178115	-0.00437517	0.00026835	-0.00267812
3942.48570608	3298.411896382	-0.0540914	0.28837	0.17736	-0.00360602	0.000552618	-0.00267812
3924.238639335	3296.197773752	-0.0548177	0.298502	0.148532	-0.00381636	0.000340496	-0.00267812
3942.944763106	3291.37564319	-0.0538606	0.267052	0.17411	-0.00287695	0.000674849	-0.00282973
3940.734988597	3295.131674783	-0.0594661	0.275257	0.174164	-0.00352749	0.000534312	-0.00267812
3948.012392633	3291.630472104	-0.0531247	0.263522	0.187736	-0.00313083	0.000700348	-0.00281625
3928.241436583	3286.757030813	-0.0480928	0.279607	0.171507	-0.00342899	0.000323645	-0.00267812
3939.47303183	3284.512940992	-0.0579313	0.302459	0.188341	-0.00363425	0.000509112	-0.00267812
3907.730588619	3285.269882039	-0.060094	0.305765	0.17256	-0.0044924	0.000564116	-0.00267812
3941.893432505	3287.915618448	-0.0667185	0.296135	0.168031	-0.00339934	0.000377129	-0.00281325
3920.282647901	3284.043383145	-0.0549515	0.288481	0.157355	-0.00392846	0.000571924	-0.00267812
3933.751921124	3280.574734751	-0.0582325	0.262234	0.157457	-0.00372468	0.000252458	-0.00267812
3928.521371358	3283.865089141	-0.0482012	0.276194	0.186607	-0.00341328	0.000481571	-0.00267812
3930.721244638	3280.746776607	-0.0484727	0.276952	0.186783	-0.00359299	0.000452974	-0.00289067
3920.719202132	3278.941199486	-0.0519305	0.286286	0.186755	-0.00352208	0.000735355	-0.00275389
3936.737592019	3283.278896402	-0.0577884	0.315071	0.187727	-0.00458592	0.000318417	-0.00267812
3943.861977047	3288.619308445	-0.0642904	0.294118	0.187417	-0.00427379	0.00050277	-0.00267812
3935.945493621	3289.749438029	-0.0533304	0.274754	0.128622	-0.0046173	0.00062511	-0.00275228
3933.679012067	3287.739695949	-0.0565612	0.258449	0.159579	-0.00379488	0.000501031	-0.00284862
3941.34616452	3295.77715513	-0.0523299	0.268618	0.166311	-0.00355376	0.000470325	-0.00295253
3926.617634866	3289.26802266	-0.0598654	0.261736	0.167487	-0.00380957	0.00038226	-0.00302837
3935.212802602	3297.186044262	-0.0602188	0.283011	0.190833	-0.00390976	0.000422551	-0.00267812
3937.770020273	3294.729812604	-0.0523729	0.306469	0.18398	-0.00487058	0.000623261	-0.00285512
