5146.939701768	3617.102069426	0.0160069	0.106784	-0.0966683	-0.00281562	-3.80584e-06	0.000698558	1
4999.202077149	3614.088107164	0.0170309	0.110062	-0.14938	-0.00369636	-0.00013997	0.000594371	1
4925.09771493	3614.471885393	0.0186043	0.117553	-0.0962886	-0.00338208	-0.00013997	0.000720395	1
4846.286790996	3615.926877882	0.0196043	0.155438	-0.129325	-0.00360316	-0.00013997	0.000614464	1
4806.882438152	3617.895137553	0.0221252	0.186977	-0.0689606	-0.00458711	-0.00013997	0.000713291	1
4771.288753249	3617.74592877	0.015078	0.199443	-0.0799638	-0.00526972	-0.00013997	0.000693045	1
4737.376775474	3614.715970002	0.0137714	0.163922	-0.0553489	-0.00425497	7.08251e-05	0.00119829	0
4707.418265174	3614.95398697	0.0181561	0.127882	-0.105477	-0.00322052	-8.8464e-05	0.000826609	0
4710.146984028	3614.819395683	0.0181756	0.175768	-0.0797509	-0.00324093	-0.000139971	0.000853062	0
4710.123969735	3614.228490289	0.0232132	0.148193	-0.0762879	-0.00327785	-0.000139971	0.00070771	0
4696.258273666	3614.72479566	0.0189194	0.167038	-0.0813353	-0.00363135	-0.000175357	0.000719092	0
4706.886163612	3613.02227104	0.0148403	0.170422	-0.0824831	-0.00295837	-0.000139971	0.000529026	0
4686.100374418	3613.664889275	0.0284012	0.183876	-0.105496	-0.00338475	-0.000220979	0.000579462	0
4705.240502967	3619.071156503	0.015445	0.208549	-0.0602281	-0.00343209	-8.05521e-06	0.000529026	0
4672.541073465	3609.76132825	0.021132	0.228656	-0.101648	-0.00401896	-0.000586984	0.000529026	0
4701.130926488	3615.155736	0.0164872	0.190105	-0.0532347	-0.0047856	-5.21413e-05	0.000529025	0
4662.056537614	3610.762350947	0.0212664	0.151419	-0.0838949	-0.0047311	-5.21415e-05	0.000947826	0
4694.189482753	3612.881336311	0.020164	0.126818	-0.0639375	-0.00231898	-0.000384246	0.000527662	0
4659.406011903	3611.532527522	0.0176253	0.153055	-0.0860449	-0.00337094	-0.000724652	0.000442476	0
4693.239241974	3607.748940288	0.0180565	0.152478	-0.0529246	-0.00265781	-0.0002706	0.000413899	0
4665.135739207	3609.653903442	0.0194368	0.206283	-0.109204	-0.00263723	-0.000465541	0.000459248	0
4692.241308923	3613.491272031	0.0155183	0.250836	-0.0424931	-0.00390833	-5.21417e-05	0.000285098	0
4679.213277691	3611.437927499	0.0178187	0.211195	-0.0577727	-0.00469256	-0.000210776	0.000285098	0
4682.274456041	3611.896448021	0.0195884	0.225741	-0.0439246	-0.0048635	-5.21417e-05	0.000285098	0
4674.115472983	3613.059504285	0.0165036	0.11451	-0.0819728	-0.00398801	-0.00023071	0.000661158	0
4691.04983398	3617.782196709	0.0177856	0.145559	-0.0548101	-0.00302815	-0.000316737	0.000583403	0
4672.287084392	3613.822096311	0.0259992	0.105427	-0.0644746	-0.00271984	-0.000234544	0.00051766	0
4668.666908256	3614.679426261	0.0148821	0.161371	-0.0473845	-0.00297405	-0.000328932	0.000285098	0
4687.494818795	3613.109148612	0.0245258	0.170501	-0.0232532	-0.00309929	-0.000522816	0.000285098	0
4684.212647769	3615.695480157	0.0151202	0.213191	-0.0631153	-0.00465143	-0.000325979	0.000285098	0
4691.917999688	3615.053827228	0.0114401	0.207889	-0.0323042	-0.00480043	-0.000279136	0.000285098	0
4671.448587713	3616.021753707	0.0114375	0.163745	-0.0781888	-0.0050691	-0.000522815	0.000285098	0
4695.481610572	3615.262471303	0.0250085	0.152564	-0.0908093	-0.00270488	-0.000522816	0.000285098	0
4666.893143952	3609.004252261	0.0224926	0.168422	-0.116036	-0.00359094	-0.000522816	0.000570885	0
4688.671043303	3612.684000111	0.0197586	0.157268	-0.104736	-0.00204669	-0.000522816	0.000617618	0
4672.125984336	3611.153300023	0.0272786	0.182199	-0.114461	-0.00330613	-0.000526552	0.000477536	0
4701.157822711	3621.702305843	0.0264417	0.172448	-0.0371445	-0.00373355	-0.000317172	0.000285098	0
4676.302108171	3612.007320351	0.0151098	0.205135	-0.0584243	-0.00446553	-0.000389999	0.000285098	0
4699.730104656	3617.656293179	0.0236851	0.209163	-0.032806	-0.00436783	-0.000238132	0.000285098	0
4685.571045662	3608.409761443	0.0267425	0.13738	-0.0796011	-0.00371595	-0.000406711	0.000285098	0
4686.29391631	3613.650685481	0.0246086	0.159565	-0.0611189	-0.00355433	-0.000513079	0.000285098	0
4695.935796273	3610.707328484	0.0222524	0.122258	-0.0903802	-0.00307494	-0.000356683	0.000285098	0
4677.433967774	3614.773474681	0.0193767	0.161057	-0.116492	-0.00310166	-0.000277316	0.000285098	0
4697.448639486	3611.596651445	0.0240361	0.181363	-0.0596237	-0.0025439	-0.000263566	0.000285098	0
4665.969244834	3612.922844485	0.0175387	0.199455	-0.107233	-0.00318991	-0.00083218	0.000285098	0
4688.574549638	3613.844849961	0.0239787	0.212651	-0.0401109	-0.0037816	-0.000263566	0.000285098	0
4663.282672639	3616.363334258	0.00706146	0.1833	-0.0657846	-0.00421617	-0.000263566	0.000285098	0
4687.873029599	3613.436939073	0.0134945	0.176158	-0.0375536	-0.00368868	-0.000457102	6.35985e-05	0
4668.34359902	3618.642008875	0.0138104	0.144847	-0.0627916	-0.00293744	-0.000460052	9.99991e-05	0
4673.768040331	3616.303761065	0.00999465	0.153438	-0.0693683	-0.00315336	-0.00061717	7.83428e-05	0
4687.255525596	3614.298130248	0.00932239	0.142544	-0.0139758	-0.00303503	-0.000263566	0.000116322	0
4669.148822021	3617.574104237	0.00443947	0.165101	-0.0550269	-0.00453018	-0.000450933	1.4203e-06	0
4693.624107513	3620.425067625	0.00598802	0.183727	-0.0111259	-0.00471452	-8.71193e-05	7.02072e-05	0
4663.115472408	3612.092956816	0.00280028	0.180946	-0.051948	-0.00437721	-0.000496803	0.000140853	0
4695.497415569	3606.064342786	0.00909158	0.164051	-0.0238345	-0.00422445	-0.000159058	7.35116e-05	0
4673.650196056	3611.010848384	0.00667057	0.175642	-0.0661477	-0.00329176	-0.000263566	-0.000101512	0
4682.418364697	3609.010871504	0.0137334	0.183174	-0.0626891	-0.00242482	-0.000620887	0.000102553	0
4682.181567024	3609.450775403	0.0107327	0.158586	-0.0341338	-0.00317854	-0.000263566	5.25272e-06	0
4680.375360885	3612.96311155	0.00686309	0.187599	-0.0601503	-0.00260827	-0.000394445	-0.000235543	0
4690.675505105	3610.722497584	0.00546355	0.221748	0.000419547	-0.00412819	-5.14812e-05	-2.19649e-05	0
4663.2746315	3610.868396746	0.0115297	0.192941	-0.0769868	-0.00345763	-0.000997259	-0.000115752	0
4698.118272251	3612.822728425	0.00807134	0.163993	-0.0481909	-0.00399329	-0.000668632	0.000166208	0
4657.960547887	3615.528620057	0.00370339	0.147331	-0.13013	-0.00289379	-0.0010051	-9.40422e-05	0
4695.585868095	3614.673772324	0.00844428	0.133126	-0.0769302	-0.00303892	-0.00071551	0.000116977	0
4661.298729604	3608.45485504	0.00813862	0.160026	-0.120224	-0.00238021	-0.00105121	0.000127084	0
4704.594161778	3616.416426108	0.00364192	0.193932	-0.0619907	-0.00299538	-0.00084133	-9.16199e-05	0
4672.061655225	3625.917798723	-0.000102182	0.216248	-0.0543053	-0.00301322	-0.00112658	-0.000340502	0
4693.538705073	3615.128569521	-0.00483378	0.25168	-0.0510509	-0.00283531	-0.00107842	-0.000473556	0
4671.438051049	3619.725772117	-0.0106265	0.19988	-0.0870495	-0.00312487	-0.00123012	-0.000473556	0
4702.885558427	3617.777370177	-0.00301615	0.145313	-0.0685273	-0.00268465	-0.00117516	-0.000473556	0
4681.296487197	3615.770498251	0.00196677	0.142208	-0.117804	-0.00279627	-0.00115685	-0.000269965	0
4701.900657566	3610.764557361	0.00647962	0.130036	-0.0946661	-0.00202189	-0.000646189	-0.000401793	0
4676.263843441	3615.592606079	0.00106051	0.161972	-0.124057	-0.00213179	-0.00108196	-0.000348102	0
4687.515060283	3620.503395342	-0.00054539	0.185639	-0.0819066	-0.00211114	-0.000766657	-0.000473556	0
4701.672732874	3615.739884249	0.00417259	0.178365	-0.0599566	-0.00210539	-0.000215264	-0.000281642	0
4690.880415504	3618.064066166	-0.000325601	0.244811	-0.0782669	-0.00323818	-0.000505292	-0.000314149	0
4701.633913583	3617.710350335	0.00418301	0.205171	-0.0766303	-0.00196702	-0.000447987	-0.000211214	0
4670.841620375	3615.725404654	-0.0039611	0.184175	-0.119038	-0.00318887	-0.000781412	-0.000319711	0
4704.072319599	3614.67473763	0.000883009	0.159534	-0.105071	-0.00168996	-0.000714392	-0.000249911	0
4678.338179967	3613.76583274	0.0142596	0.163346	-0.163432	-0.00211028	-0.000773508	-0.000328348	0
4702.301882663	3618.358898309	0.000235077	0.170592	-0.0609321	-0.00222294	-0.000518972	-0.000473556	0
4688.451714311	3614.34239644	0.00224344	0.191692	-0.0670525	-0.00194775	-0.000911402	-0.000473556	0
4695.865644269	3611.349670917	0.000580939	0.23865	-0.0249089	-0.00288011	-0.00104303	-0.000473556	0
4687.388343027	3612.552166842	-0.000995828	0.179016	-0.0365443	-0.00323912	-0.000823859	-0.000190222	0
4683.484786068	3610.986302023	0.000135217	0.15631	-0.0692891	-0.00328099	-0.000629216	-5.16709e-05	0
4691.592472207	3610.722497584	0.00761414	0.137059	-0.0824768	-0.00125618	-0.000997337	-4.66232e-06	0
4674.507270538	3611.276031832	-0.00356752	0.162354	-0.128649	-0.00192092	-0.000769514	-0.000473556	0
4706.479115621	3610.27569864	0.00908994	0.176452	-0.104874	-0.00103072	-0.000917609	-0.000369667	0
4669.41362504	3605.278169705	0.00644162	0.192263	-0.177361	-0.00171245	-0.000452657	-0.000473556	0
4706.508507369	3615.861512851	-0.00512001	0.234474	-0.0779068	-0.00130179	-0.000563796	-0.00029745	0
4678.110809835	3617.6594649	0.000172702	0.232347	-0.0526394	-0.00294826	-0.000783675	-0.000325073	0
4700.845881982	3613.226364385	-0.000151764	0.249366	-0.0226097	-0.00301912	-0.000733699	-0.000473556	0
4682.495448717	3610.303968326	0.0141243	0.17386	-0.0424657	-0.00281765	-0.00045311	-0.000333957	0
4693.543141564	3614.252209245	-0.000376383	0.158365	-0.0435201	-0.00223754	-0.000710228	-0.000218171	0
4687.931813096	3613.965513256	0.00740237	0.113884	-0.0552685	-0.00249765	-0.00047378	-0.000473556	0
4687.624031577	3612.125639331	0.00321612	0.142864	-0.0799736	-0.00124326	-0.000919991	-0.000473556	0
4691.660960527	3610.657270454	0.00659162	0.161938	-0.0637207	-0.0015292	-0.000452656	-0.000418354	0
4683.310376541	3615.896125979	0.00338176	0.20032	-0.0730244	-0.0028142	-0.000661209	-0.000526687	0
4702.21065733	3617.879692651	0.00324787	0.234589	-0.0160186	-0.00272198	-0.0004463	-0.000473556	0
4676.718860984	3615.394718275	0.00547245	0.24271	-0.0543431	-0.00384755	-0.000809173	-0.000473556	0
4695.80630621	3613.98578469	0.00571188	0.175974	-0.0484163	-0.00277238	-0.000452655	-0.000421758	0
4665.282975231	3615.449327035	0.00127498	0.183555	-0.0928616	-0.00263249	-0.000774121	-0.000473556	0
4695.237326321	3617.5987885	0.00548417	0.157859	-0.0758316	-0.00213987	-0.000925075	-0.000473556	0
4665.751856806	3617.836253865	0.000854767	0.174186	-0.112176	-0.00214063	-0.000860322	-0.000473556	0
4689.982026205	3618.798526406	0.00990704	0.180612	-0.0786384	-0.002215	-0.00078692	-0.000473556	0
4689.124674443	3609.51558883	0.0124664	0.169943	-0.0536834	-0.00219503	-0.000476006	-0.000529655	0
4689.550300237	3619.652133032	0.00405786	0.187517	-0.0369423	-0.00336372	-0.000575461	-0.000651494	0
4694.0383648	3618.784736315	0.00552082	0.223933	-0.0411424	-0.00194603	-0.00040514	-0.000383835	0
4665.460157565	3613.760454605	0.00959151	0.173551	-0.0663811	-0.00299353	-0.000622784	-0.000357738	0
4691.45660469	3613.543812277	0.01242	0.163333	-0.084501	-0.00138471	-0.00080249	-0.000440765	0
4662.146376544	3613.138935209	0.00620151	0.177481	-0.131343	-0.00226582	-0.000913596	-0.000583507	0
4688.675202513	3608.901791885	0.0160692	0.172921	-0.0977324	-0.00111436	-0.00086236	-0.000179469	0
4664.458342585	3620.511669396	-0.00187992	0.217533	-0.0749063	-0.00186856	-0.000971749	-0.000503529	0
4710.317788907	3620.832564811	0.000308141	0.19809	-0.0290112	-0.00140397	-0.000815098	-0.000467579	0
4676.514505147	3614.471333789	0.00122044	0.208743	-0.0262232	-0.00324716	-0.000764615	-0.000606279	0
4702.247812937	3618.342488101	0.00441101	0.193627	-0.0219774	-0.00257855	-0.000559669	-0.000397092	0
4667.527284793	3615.030797776	-0.00160244	0.131524	-0.0665715	-0.00179013	-0.000978866	-0.000337017	0
4698.67033802	3615.360518849	-0.00304931	0.181167	-0.0344436	-0.00182731	-0.00110813	-0.000621007	0
4682.176853253	3610.162344093	0.0077092	0.138352	-0.0654386	-0.00199965	-0.00107945	-0.000635312	0
4679.526604823	3613.418460351	0.0120856	0.182416	-0.054927	-0.00192881	-0.00105891	-0.00047605	0
4693.03627254	3611.202116945	0.00401129	0.166624	-0.0478933	-0.0017324	-0.000791346	-0.000519427	0
4690.443698484	3620.521184559	0.00187084	0.210139	-0.0339113	-0.00298612	-0.00095589	-0.000526868	0
4698.270499326	3615.399131104	-0.00264604	0.241485	-0.0390336	-0.00257574	-0.00064517	-0.000526868	0
4676.535578476	3618.978900795	0.0135603	0.195585	-0.0901576	-0.00350066	-0.000658456	-0.000449556	0
4698.095812518	3615.926050476	0.00682778	0.198391	-0.0640254	-0.00258252	-0.000668644	-0.000100726	0
4675.167753041	3613.892701576	0.0070671	0.173981	-0.130124	-0.00207035	-0.00121277	-0.000319755	0
4721.935570765	3625.553602423	0.00290622	0.145577	-0.141302	-0.00120408	-0.00139081	-3.82696e-05	0
4677.173046685	3618.854376274	0.00868707	0.166679	-0.196807	-0.00210815	-0.00137122	-0.000233594	0
4715.326586527	3621.654592128	0.00331606	0.207623	-0.169082	-0.00177283	-0.00153369	-0.000181206	0
4681.485592599	3617.678633126	-0.00219074	0.255157	-0.215751	-0.00363612	-0.00142522	-0.000526868	0
4712.739835365	3622.462415652	0.00139414	0.237192	-0.139031	-0.0027484	-0.00126952	-0.000526868	0
4680.877516138	3623.864729993	-0.0132971	0.193798	-0.171589	-0.00222155	-0.00140104	-0.000434616	0
4717.438633221	3633.953836282	-0.00700831	0.153996	-0.0580187	-0.00198199	-0.000918157	-0.000470603	0
4678.438555561	3621.247232844	-0.00455536	0.166865	-0.104852	-0.00183978	-0.000949738	-0.000526868	0
4705.745985588	3616.769866137	-0.00340241	0.16744	-0.0746212	-0.00172038	-0.000588328	-0.000526867	0
4664.521285292	3614.094450606	0.00299692	0.204389	-0.152625	-0.000899607	-0.00115264	-0.000526867	0
4704.760252886	3624.330835065	0.00695152	0.263688	-0.0466028	-0.00174884	-0.000960799	-0.000526867	0
4682.233973067	3612.515623101	0.00718223	0.218463	-0.0366337	-0.00274643	-0.000964466	-0.000526868	0
4699.51354847	3619.94930949	0.00917419	0.25681	-0.00914088	-0.00298013	-0.00122656	-0.000526868	0
4669.985655016	3617.270722238	0.000709628	0.180825	-0.0488047	-0.00265508	-0.00124122	-0.000526867	0
4689.82120343	3616.728771666	-0.00535873	0.174395	-0.055406	-0.002416	-0.00141649	-0.000526867	0
4679.740388202	3608.563796758	-0.000302632	0.143445	-0.0801828	-0.00169866	-0.00143539	-0.000703057	0
4688.107331746	3614.568140227	0.00386864	0.182565	-0.0526763	-0.00146695	-0.00136824	-0.000526867	0
4688.420381597	3614.649363863	0.0129838	0.141783	-0.0925875	-0.000497089	-0.00119189	-0.000526867	0
4693.047086485	3618.144324495	0.00943151	0.221395	-0.0948657	-0.00140745	-0.00114799	-0.000660264	0
4699.001411114	3623.747927924	0.0115242	0.241923	-0.0100069	-0.00219245	-0.0012954	-0.000614493	0
4682.488793982	3623.78833289	0.0129744	0.24728	-0.0475145	-0.00211338	-0.0015117	-0.000315993	0
4697.131984987	3618.182660948	0.00967457	0.201468	-0.0261091	-0.00215876	-0.00104124	-0.000390607	0
4665.981445183	3616.188338005	0.00532079	0.18098	-0.0768696	-0.0015492	-0.00135694	-0.000802127	0
4692.519421412	3616.907491244	0.0091684	0.161336	-0.0351123	-0.00151815	-0.00142718	-0.000549096	0
4663.255499135	3614.00853834	0.00225202	0.168253	-0.0640224	-0.00185054	-0.00163054	-0.000498699	0
4697.318594863	3620.966742395	0.00631797	0.174676	-0.0546154	-0.000335313	-0.00152055	-0.000658318	0
4674.736027072	3615.30149726	0.00605378	0.203381	-0.0349271	-0.00139484	-0.0011955	-0.000600228	0
4702.256408637	3625.778656706	0.00128981	0.208398	-0.0114053	-0.00116177	-0.0014065	-0.00101375	0
4687.283253661	3613.492375238	0.0183597	0.212769	0.00784675	-0.00204659	-0.00101288	-0.000676461	0
4692.493079751	3619.765763381	0.00553847	0.210731	0.0115049	-0.00272707	-0.00104324	-0.000620694	0
4679.627534978	3616.280593713	0.0106187	0.179252	-0.0169022	-0.00220179	-0.00116932	-0.000830322	0
4684.823774316	3618.489766272	0.00746783	0.169529	-0.0206499	-0.00212406	-0.00125259	-0.000744837	0
4684.089535161	3616.127247902	0.0185783	0.15127	-0.0291293	-0.00170198	-0.00111643	-0.000628977	0
4684.133622784	3616.154690183	0.0179337	0.173081	-0.0818267	-0.00216419	-0.00108382	-0.000574775	0
4704.080360737	3618.264436187	0.0110956	0.193766	-0.0503014	-0.00173038	-0.000887765	-0.000437898	0
4670.234375757	3620.919856086	0.00824148	0.213007	-0.134623	-0.00163117	-0.00108905	-0.00032925	0
4697.39013327	3619.381295647	0.00557611	0.220988	-0.081008	-0.0012939	-0.00077965	-0.000330808	0
4691.72639876	3627.1129859	0.0135659	0.224974	-0.0155573	-0.00146759	-0.000884257	-0.000599713	0
4697.401224496	3628.679264422	0.00947241	0.197144	0.020241	-0.00225153	-0.000806398	-0.000452414	0
4695.781628233	3621.751674368	0.0133916	0.194265	0.0158749	-0.00231708	-0.000740074	-0.0005365	0
4673.72478455	3618.924429936	0.0151417	0.15211	-0.0309505	-0.0018666	-0.00133403	-0.000610179	0
4693.614679971	3614.770992464	0.0156311	0.15316	-0.00724292	-0.00159088	-0.000863667	-0.000730903	0
4666.894807636	3612.369999741	0.00692747	0.150591	-0.0742371	-0.00121178	-0.00124231	-0.00101375	0
4698.146832157	3612.477700351	0.00998124	0.177605	-0.0243881	-0.00139071	-0.00104379	-0.000777983	0
4667.238081078	3609.55806231	0.0108413	0.19264	-0.0808828	-0.00110614	-0.00155909	-0.000874866	0
4702.251694866	3613.381227105	0.0134006	0.230745	-0.0057908	-0.00128649	-0.00124528	-0.000936554	0
4664.056008365	3617.184396269	0.00090496	0.240038	-0.00292405	-0.00258963	-0.0011347	-0.00101375	0
4711.277457229	3616.974786888	0.00972483	0.258165	0.0195404	-0.00284765	-0.00101529	-0.00101375	0
4665.463762213	3611.401797461	-0.000747321	0.216823	0.000165223	-0.00327679	-0.00103531	-0.00101375	0
4705.318973391	3620.128580672	0.00816104	0.166239	-0.00929775	-0.00174837	-0.000927974	-0.00146754	0
4668.066041092	3617.128270599	0.00405515	0.179604	-0.0642876	-0.00177721	-0.00148779	-0.00121422	0
4702.289127753	3614.866695695	0.0195809	0.154513	-0.0338459	-0.00134287	-0.00152961	-0.000874382	0
4674.497842996	3615.359967246	0.00519144	0.178161	-0.0610425	-0.00174085	-0.00163446	-0.00108417	0
4705.845806621	3626.075833165	0.0134065	0.22731	-0.0132861	-0.00204141	-0.00146305	-0.00146754	0
4690.722365535	3624.521689923	-0.00021846	0.233198	-0.0128423	-0.00274153	-0.00154682	-0.000944765	0
4703.356380966	3621.079545339	0.00984275	0.257466	0.0110061	-0.00305618	-0.00142456	-0.00103959	0
4690.244888259	3618.879887942	0.00746298	0.185018	-0.033113	-0.00262905	-0.00135746	-0.00103433	0
4694.874643234	3624.604982072	-0.00176255	0.19911	-0.0214697	-0.00210063	-0.00148319	-0.00111009	0
4693.538982354	3622.033268024	0.00285035	0.150901	-0.057663	-0.00166009	-0.00110923	-0.00110416	0
4689.459629465	3623.41806895	0.000750186	0.169934	-0.0428495	-0.00171695	-0.00132304	-0.00102288	0
4699.610596697	3622.68678043	0.0108016	0.158311	-0.0297551	-0.000913961	-0.00071707	-0.000873846	0
4677.103449242	3619.745078244	0.00140881	0.235009	-0.0751577	-0.00234538	-0.00112334	-0.00146754	0
4703.94892971	3617.72924276	-0.00273048	0.248287	-0.0433695	-0.00134785	-0.0013907	-0.000931752	0
4677.475837152	3614.206012441	0.00203503	0.255761	-0.0397266	-0.00368994	-0.00118932	-0.00103269	0
4709.510347661	3615.608188881	-0.00606566	0.195495	-0.065967	-0.00184159	-0.00122724	-0.000934686	0
4682.411432681	3616.434215325	-0.00213204	0.206099	-0.0845061	-0.00223102	-0.00131342	-0.000866227	0
4701.675782961	3613.716602116	0.00400822	0.188881	-0.0785356	-0.00133183	-0.0010598	-0.000839375	0
4699.397645159	3615.22868558	0.00738921	0.202841	-0.0798931	-0.00175024	-0.000886065	-0.000883876	0
4683.684705415	3614.072800163	0.00653268	0.215324	-0.094582	-0.000882047	-0.000876244	-0.000865049	0
4716.528043574	3623.650845684	0.00954873	0.213339	-0.0275933	-0.00131246	-0.000721023	-0.00115645	0
4705.031156078	3622.466828481	0.015729	0.224025	-0.0462575	-0.00170527	-0.001045	-0.000985752	0
4700.109701862	3620.365218631	0.0118714	0.231667	-0.0106836	-0.00174309	-0.000785409	-0.000820121	0
4671.787424665	3614.507463828	0.00699587	0.190488	-0.0340714	-0.00251776	-0.00109376	-0.000870687	0
4700.282447706	3614.57310466	0.014018	0.168239	-0.0491316	-0.000857331	-0.00129713	-0.00110128	0
4674.748504701	3612.874165464	0.0105461	0.196564	-0.0609645	-0.00136455	-0.00113466	-0.000848338	0
4688.148092001	3617.147990429	0.0155095	0.198194	-0.0349608	-0.001448	-0.00111165	-0.00112838	0
4667.159610655	3610.464209182	0.0199304	0.169963	-0.0180229	-0.00145335	-0.000781291	-0.00126624	0
4685.783442638	3620.727346418	0.0130533	0.218714	-0.0129539	-0.00296093	-0.00121015	-0.00146754	0
4693.698973288	3621.693204383	0.0072275	0.245432	0.0150484	-0.00263442	-0.000925427	-0.00102497	0
4672.4789626	3610.002379038	0.0066188	0.231603	-0.0213985	-0.00375397	-0.00102863	-0.00122289	0
4692.080208866	3617.155437078	0.00593696	0.191006	-0.0246934	-0.00262133	-0.00137994	-0.00110007	0
4695.91749575	3623.160883755	0.0051061	0.189912	-0.0682122	-0.00298895	-0.00139649	-0.00125235	0
4701.68410138	3619.606763633	0.015136	0.181995	-0.0600388	-0.00127508	-0.000909892	-0.00109246	0
4680.795163786	3622.863983098	-0.000813844	0.217062	-0.0752098	-0.00212573	-0.00114806	-0.000992018	0
4703.719895895	3621.105884412	0.00766911	0.226071	-0.0213711	-0.00161757	-0.00110866	-0.000958721	0
4702.25335855	3637.891872534	0.00109905	0.263954	-0.0171233	-0.00205251	-0.00153256	-0.00111549	0
4727.720199638	3637.600487914	0.00564041	0.20571	-0.012635	-0.00292332	-0.00131873	-0.000781084	0
4690.68631905	3636.86699298	0.00862495	0.20881	-0.237126	-0.00235031	-0.00194623	-0.000643725	0
4722.213405974	3643.870428534	0.0115145	0.225261	-0.101001	-0.00155299	-0.0016436	-0.000692451	0
4686.291698065	3634.849778486	0.0132682	0.120531	-0.0409801	-0.00232285	-0.00129897	-0.000423167	0
4712.449799808	3630.035795662	0.0206979	0.18725	-0.0142051	-0.000727661	-0.000571989	-0.000345884	0
4676.771821588	3627.663348427	0.0199003	0.0886941	-0.0194374	-0.00126081	-4.01554e-05	-0.000115297	0
4690.421238751	3620.076316227	0.00957427	0.176157	-0.00673884	-0.000674842	-0.000170668	-0.000189443	0
4692.131783067	3630.590571018	0.0227948	0.206253	0.000976684	-0.00164408	-0.000652666	-0.000257855	0
4702.292732402	3626.604407348	0.0223645	0.187326	0.0164384	-0.00118812	-0.000308335	-0.000214367	0
4692.258223042	3625.371849025	0.0211086	0.162157	0.00695799	-0.000684991	-0.000568395	-0.000423167	0
4703.495298571	3622.28314447	0.0348584	0.201959	0.0200806	-0.00127634	-0.000563473	-0.000423167	0
4683.474249404	3620.597719563	0.0240767	0.225508	0.0101282	-0.000975283	-0.000948406	-0.000740845	0
4694.59458978	3618.635527532	0.027961	0.215897	0.0392464	-0.00216156	-0.000727783	-0.000825834	0
4667.05063936	3612.375515778	0.0223116	0.255879	0.0161174	-0.00200911	-0.00116295	-0.00054603	0
4698.715534766	3617.618784132	0.0234107	0.181913	0.0205346	-0.0015257	-0.000991631	-0.000375641	0
4673.460813374	3615.076994581	0.0149085	0.194902	-0.0342673	-0.000945319	-0.001606	-0.000365012	0
4696.154847984	3614.996322549	0.0271154	0.188043	0.000774199	-0.000716049	-0.00145768	-0.000542026	0
4671.008820606	3613.170238715	0.0161255	0.216367	-0.0249824	-0.00115205	-0.00177083	-0.000441499	0
4701.378538106	3611.342224268	0.0207331	0.233275	-0.0126175	-0.000741537	-0.00120977	-0.000429978	0
4680.645432236	3613.971442995	0.0194732	0.236306	-0.0387201	-0.000745788	-0.00143463	-0.000825834	0
4708.796349993	3620.393764119	0.0185136	0.222699	0.0173783	-0.00110425	-0.00121889	-0.000825834	0
4686.963549074	3622.744285109	0.0225198	0.205861	0.0620445	-0.00151061	-0.00129056	-0.000899751	0
4685.378890173	3620.589445509	0.0324799	0.218557	0.0703465	-0.00221087	-0.00129001	-0.000858762	0
4689.493457704	3614.332467574	0.0258247	0.142002	0.0681336	-0.00146958	-0.000840092	-0.000572518	0
4655.297821827	3611.990358539	0.0235895	0.145403	0.0161662	-0.00110737	-0.00152286	-0.000844364	0
4693.145521115	3615.220135724	0.0293832	0.151864	0.0027261	-0.000529409	-0.000717198	-0.000569719	0
4668.35191744	3619.300899417	0.0234614	0.222202	-0.0200173	-0.00119908	-0.000942254	-0.000603721	0
4693.032390611	3618.01759356	0.0176696	0.220066	0.013706	-0.00124762	-0.000145265	-0.000634034	0
4691.717248499	3610.667888824	0.0149355	0.257773	0.0312124	-0.00227716	-0.000575271	-0.00103796	0
4706.587255073	3631.075982217	0.0210742	0.25498	0.047376	-0.00202492	-0.00106916	-0.00103596	0
4703.521640232	3616.313965733	0.0220163	0.241301	0.102075	-0.00316296	-0.000790129	-0.00104578	0
4692.442891954	3615.916259512	0.00263901	0.215184	0.0704212	-0.00315377	-0.00116845	-0.00121835	0
4692.579868594	3612.788253198	0.016709	0.182771	0.0543154	-0.00208187	-0.000717545	-0.0012173	0
4679.492222022	3616.244049972	0.00893005	0.176433	0.0349298	-0.00259069	-0.00108884	-0.00133491	0
4705.539966067	3612.647594271	0.0140427	0.183057	0.0284568	-0.001844	-0.00114135	-0.00133491	0
4665.561087721	3617.182741458	0.0012182	0.201089	0.0158427	-0.00223993	-0.0012954	-0.00133491	0
4716.665020214	3617.543076533	-0.0128368	0.210518	0.00913928	-0.00211525	-0.00134695	-0.00176837	0
4679.904815626	3619.108251847	-0.0154882	0.239734	0.0361655	-0.0031325	-0.00172789	-0.00192958	0
4711.435229918	3620.264275166	-0.0114759	0.268293	0.0452347	-0.00335992	-0.00138462	-0.00176837	0
4684.026869735	3625.21326298	-0.0223788	0.311898	0.0460615	-0.00401281	-0.00100232	-0.00202002	0
4711.468780876	3628.489650672	-0.0195627	0.238305	0.0346415	-0.0036552	-0.000981422	-0.00207714	0
4681.2892779	3629.787022422	-0.0214124	0.196905	0.00940274	-0.0037327	-0.00084551	-0.00152878	0
4709.854730226	3619.572702108	-0.0135755	0.165592	0.00293189	-0.00210968	-0.000448686	-0.00178847	0
4683.893497743	3623.05235574	-0.0118357	0.190418	-0.0300822	-0.00181979	-0.000259304	-0.00182826	0
4715.31078153	3614.943230699	-0.00768224	0.207172	-0.0129113	-0.0020048	1.22089e-05	-0.00172821	0
4694.193087402	3623.550729624	-0.0114374	0.264301	-0.0354945	-0.00146521	-0.000504904	-0.0017545	0
4715.617176646	3631.997849792	-0.00631275	0.280452	0.0341441	-0.0028029	-0.000351704	-0.0015765	0
4713.199566679	3621.754156584	0.000852577	0.239841	0.0411658	-0.00234506	-0.000351704	-0.00195664	0
4696.446824506	3618.595122566	0.00548174	0.253457	0.0307454	-0.00217645	2.7457e-05	-0.0015765	0
4704.13692599	3623.004090422	0.00465711	0.226973	0.0208714	-0.00177573	8.04084e-05	-0.00178068	0
4693.445816056	3618.95090691	-0.00962797	0.211243	0.0221207	-0.00269388	-0.00013141	-0.0015765	0
4705.372488556	3619.545949332	-0.00128188	0.210597	0.0111908	-0.00130287	-0.000282635	-0.0019597	0
4683.859114943	3617.054355712	-0.00508836	0.209763	-0.0271672	-0.00213581	-0.00055212	-0.00179083	0
4693.706737146	3616.039956627	0.000772948	0.203727	0.00201251	-0.00164264	-0.000490103	-0.00180165	0
4674.325928994	3622.873911964	-0.0177477	0.23222	-0.000699849	-0.00197336	-0.000797234	-0.00198572	0
4710.654407614	3630.472252038	-0.0054321	0.242871	0.0524317	-0.00190814	-0.000472678	-0.00198572	0
4687.637618329	3620.379836127	-0.0103706	0.247624	0.0897251	-0.0029177	-0.000679896	-0.00198572	0
4700.140202734	3616.587285334	-0.00592115	0.230349	0.0685194	-0.0023545	-0.000546057	-0.00198572	0
4683.184491127	3618.90526171	-0.0135019	0.196495	0.0514023	-0.00291502	-0.000732495	-0.00198572	0
4691.720853147	3621.274123521	-0.0181606	0.193957	0.0258895	-0.00233297	-0.00105865	-0.00198572	0
4689.605201805	3619.730184946	0.00250838	0.17145	0.00118888	-0.000729001	-0.000215274	-0.00227008	0
4677.000578122	3617.844803721	-0.0191046	0.197931	-0.00129894	-0.00118753	-0.000512511	-0.00198572	0
4692.292883123	3617.570656714	-0.00701553	0.22268	0.00915638	-0.000815259	-0.000270217	-0.00198572	0
4683.96059966	3619.850296638	-0.00805945	0.252363	0.0490894	-0.00306345	-0.000311841	-0.00198572	0
4710.381840737	3618.864994644	-0.0054264	0.26526	0.057073	-0.00215192	-0.000164164	-0.00204611	0
4680.295781339	3613.799480562	0.00551321	0.234122	0.0460976	-0.00249197	-0.000372269	-0.00216961	0
4703.721559579	3618.311322496	0.00544863	0.19885	0.0316816	-0.00241117	-0.000326696	-0.00191391	0
4675.917519912	3620.89462022	0.000563816	0.203685	-0.00781475	-0.00145535	-0.00084569	-0.00185818	0
4705.967532826	3619.998126412	-0.000543147	0.20719	0.00622437	-0.00144756	-0.000616341	-0.00190365	0
4673.927476704	3622.282454966	-0.00544822	0.214998	-0.0124108	-0.00190023	-0.000755032	-0.00190365	0
4707.064177787	3621.37561859	-0.0070392	0.213382	0.0205807	-0.00188722	-0.000496988	-0.0020051	0
4675.129488311	3623.14199133	-0.0155787	0.233491	0.0431552	-0.00228829	-0.000607129	-0.00240542	0
4713.978170738	3628.151931347	-0.00300777	0.265006	0.0728869	-0.00318439	-0.000129559	-0.0020074	0
4671.846762723	3620.438168212	-0.00761736	0.206907	0.0569287	-0.00300168	-0.000317256	-0.0019669	0
4700.437170307	3624.084130339	-0.00250125	0.212187	0.0288285	-0.00249043	-0.00024978	-0.00203659	0
4680.027373672	3622.0751899	-0.00654462	0.18759	0.0195909	-0.00237385	-0.000822994	-0.00197967	0
4684.530688672	3614.585653643	-0.00512088	0.217101	0.0249173	-0.00213971	-0.000410961	-0.00185103	0
4688.02331571	3620.053286775	0.00177093	0.191977	0.00164352	-0.000745118	-0.000355256	-0.0020465	0
4689.520908488	3632.749409745	-0.00416571	0.232688	0.0200465	-0.00152167	-0.000622391	-0.00240542	0
4705.129590708	3628.451590021	0.00122041	0.238134	0.070937	-0.00280521	-0.000287147	-0.00205236	0
4686.900329087	3618.197554246	0.00939775	0.265702	0.0790944	-0.00347702	-0.000495491	-0.00226591	0
4699.566509074	3623.062698308	0.0142455	0.210138	0.0571127	-0.0030171	3.27239e-05	-0.00188256	0
4694.716593265	3621.615152468	0.00916607	0.195783	0.0321077	-0.00288191	-0.000490307	-0.00200232	0
4694.712988616	3616.356301312	0.00502975	0.199729	0.0148447	-0.00151685	-0.000772383	-0.00240542	0
4666.034405786	3621.955078208	0.0055724	0.201399	-0.00918529	-0.00204793	-0.00116362	-0.00213941	0
4700.244737538	3618.25436942	-0.00391996	0.22004	0.00997728	-0.0016728	-0.00079828	-0.00217269	0
4679.558214816	3616.143933912	-0.0074454	0.231548	0.036445	-0.00221755	-0.000956869	-0.00226879	0
4720.551108491	3628.575425038	-0.0019028	0.23263	0.0767107	-0.00256347	-0.000477409	-0.00240542	0
4682.129160982	3619.492167977	-0.00855079	0.250095	0.0794203	-0.00218344	-0.000695161	-0.00240542	0
4698.521715593	3616.419597829	0.00178003	0.205342	0.0457992	-0.00177056	-0.000502529	-0.00240542	0
4675.267296793	3617.681115342	-7.52671e-05	0.178065	0.032295	-0.00149162	-0.000705768	-0.00255355	0
4676.574952328	3614.218561424	-0.00321408	0.20716	0.0206321	-0.00141328	-0.000674983	-0.00261845	0
4686.107029154	3611.58230975	0.00676728	0.214067	0.0176442	-0.0011078	-0.000718009	-0.00253673	0
4682.581682999	3622.02513187	0.000513088	0.23033	0.0430899	-0.00218059	-0.000678142	-0.00240542	0
4693.065387008	3622.670232321	-0.000376799	0.223067	0.0481931	-0.00125472	-0.000662016	-0.00240542	0
4681.515538909	3616.966926536	0.00145968	0.260972	0.0700273	-0.00247858	-0.000548023	-0.00240542	0
4702.42471799	3622.888805262	0.00715039	0.219788	0.0645903	-0.00218696	-0.000512631	-0.00235155	0
4679.960826317	3616.233569503	-0.00150517	0.203386	0.0582797	-0.00196708	-0.000715786	-0.00241227	0
4699.616696871	3620.489881053	0.0151081	0.205313	0.0694765	-0.00268975	-0.000875973	-0.00269797	0
4684.045447538	3611.921270184	0.0149219	0.175474	0.0515023	-0.00148829	-0.0008516	-0.0028199	0
4680.756067214	3617.393178245	0.00818784	0.210543	0.0339016	-0.00222824	-0.000999972	-0.0028199	0
4702.284691263	3615.643767316	0.00217464	0.231584	0.055624	-0.000791713	-0.000981336	-0.0028199	0
4674.833907141	3616.072501241	0.000677698	0.247139	0.0836908	-0.00290678	-0.000935738	-0.0025699	0
4698.93985481	3620.31198888	0.00452803	0.237249	0.0794392	-0.00328915	-0.000883175	-0.0028199	0
4674.280454968	3616.639411877	0.000734625	0.210582	0.0350767	-0.0028386	-0.000925959	-0.0028199	0
4705.075520982	3620.102931103	-0.00464416	0.202321	0.0305926	-0.00232287	-0.000827713	-0.00264483	0
4672.417406296	3617.579758174	-0.0116694	0.197514	0.00819641	-0.00221491	-0.00145427	-0.0025699	0
4717.477729792	3625.331857762	0.00703108	0.19151	0.00100455	-0.000389182	-0.00037174	-0.00275243	0
4676.924603225	3625.068880729	-0.010732	0.237189	0.000413603	-0.00160304	-0.00103855	-0.0028199	0
4727.238285872	3627.87778434	-0.0103329	0.262407	0.0284952	-0.00194341	-0.000965847	-0.00263325	0
4685.988907598	3625.906077146	-0.0116403	0.293252	0.0541618	-0.0030063	-0.000718854	-0.00241733	0
4717.923874354	3626.854007993	-0.00361343	0.241162	0.0405956	-0.00203885	-0.000544797	-0.00221849	0
4684.126136207	3624.357725742	0.00116495	0.209987	0.00676223	-0.00149801	-0.000588363	-0.00224071	0
4704.944921797	3628.890804416	0.0144001	0.258856	0.0114004	-0.00161728	-0.000209885	-0.00235372	0
4694.969195935	3618.894781241	0.0129244	0.231596	0.000591728	-0.0012735	-0.00014684	-0.00233473	0
4697.371278186	3621.985140607	0.00829535	0.226712	0.00877201	-0.00231129	-0.000254135	-0.00249752	0
4705.733230678	3621.141187045	0.006518	0.227038	0.00729592	-0.00110044	-5.43476e-05	-0.00220509	0
4689.874718595	3626.569656319	0.0051299	0.228137	-0.00213234	-0.00115745	-0.000370311	-0.00270425	0
4708.33689596	3629.845354507	-0.00286203	0.224104	0.0491023	-0.00202215	-0.000698454	-0.0028199	0
4679.647776466	3623.284994573	-0.00863985	0.257322	0.0785513	-0.0034117	-0.000616408	-0.00247124	0
4703.84189938	3620.752168581	0.00326855	0.234811	0.0844137	-0.00356378	-0.000668866	-0.00221963	0
4675.508808237	3615.168009181	-0.000600474	0.200563	0.0393983	-0.00206998	-0.000532066	-0.00241157	0
4697.687100844	3619.527746412	0.00518053	0.20625	0.015128	-0.00142736	-0.000683343	-0.00239944	0
4680.942122529	3617.654638368	-0.00232413	0.225975	0.0034108	-0.00106977	-0.000447772	-0.00222758	0
4688.028029481	3614.467196762	0.0077201	0.253907	0.0252501	-0.00195383	-0.000497724	-0.00248104	0
4700.600211328	3614.092244191	0.00278548	0.220099	0.0248317	-0.00142502	-0.000672838	-0.00283078	0
4695.624132825	3626.30723089	0.00491548	0.250347	0.0520927	-0.00245187	-0.000439024	-0.00283078	0
4700.418592504	3620.169675142	0.00112166	0.281235	0.0622932	-0.0028687	0.000150941	-0.00257211	0
4669.694233055	3616.599558515	0.00254863	0.225451	0.0368211	-0.00327378	0.000321486	-0.00245654	0
4699.637492919	3616.346510347	0.014375	0.206883	0.0362936	-0.00285851	0.000398441	-0.00214711	0
4676.258575109	3615.797940532	0.014063	0.25174	0.0186372	-0.00285051	0.000522885	-0.00204581	0
4690.601193892	3618.208310517	0.01085	0.285547	0.0325304	-0.00331783	0.000522885	-0.00241003	0
4683.568524824	3612.36682802	0.0174804	0.233788	0.0284513	-0.0029566	0.000900022	-0.00222115	0
4685.351716669	3616.997264736	0.0213477	0.247023	-0.0204495	-0.0041248	0.00137353	-0.00179893	0
4698.888003329	3621.24971506	0.0195171	0.242184	-0.00780249	-0.00436501	0.0029851	-0.00143689	0
4662.565347603	3613.021029932	0.0403597	0.258703	-0.031991	-0.0051606	0.00302604	-0.00130074	0
4697.293085043	3624.888368439	0.0254553	0.255269	0.0395459	-0.00718889	0.0029501	-0.00116374	0
4695.949105744	3618.85520368	0.0337752	0.244563	0.0756967	-0.00799388	0.00282918	-0.00108271	0
4674.614300868	3621.634596496	0.0311806	0.290323	0.0950572	-0.00867395	0.00172624	-0.00138369	0
4706.454714924	3613.085843359	0.0187954	0.281456	0.112509	-0.0084329	0.000992185	-0.00163259	0
4662.301376426	3617.959675178	0.00836506	0.258246	0.0999251	-0.00676651	0.000358328	-0.0020338	0
4720.29795126	3617.950022115	0.000951175	0.175001	0.0790347	-0.00539223	0.00039036	-0.0020338	0
4663.272690535	3614.244348894	0.00695047	0.200932	0.064038	-0.00493236	0.000156301	-0.0023366	0
4699.866249454	3609.535446561	0.00717542	0.201405	0.0594823	-0.00472465	0.000430368	-0.00244875	0
4663.420758401	3617.581688787	0.000915018	0.249581	0.0791833	-0.00488575	0.00044168	-0.00244874	0
4717.304429387	3641.523768769	0.0103478	0.265275	0.130033	-0.0050013	0.00169495	-0.00344722	0
4733.209801901	3648.575193839	-0.00866463	0.180289	0.177889	-0.00316445	0.00278532	-0.00309829	0
4711.824809228	3632.171329135	-0.00509928	0.241162	0.217747	-0.00470375	0.00374425	-0.00256628	0
4685.226108536	3626.788642962	0.000176516	0.16567	0.179377	-0.00456298	0.00398249	-0.00232076	0
4695.693730267	3636.572160837	-0.010109	0.243898	0.121149	-0.00483586	0.00257542	-0.00196772	0
4694.451512966	3635.456818287	-0.00637282	0.23903	0.039301	-0.00463125	0.00209482	-0.00174926	0
4681.582086264	3628.607418048	-0.010066	0.291743	0.0241887	-0.00378092	0.00141895	-0.00210748	0
4710.560132194	3626.985013856	-0.0094947	0.279885	0.0328104	-0.00352227	0.000876283	-0.00221772	0
4686.636635191	3634.788964186	-0.0115261	0.291757	0.0625634	-0.00539369	0.00083457	-0.00221772	0
4706.546772099	3630.896848936	0.000239821	0.282361	0.0794271	-0.00458734	0.000824817	-0.00221772	0
4680.649314165	3631.127557156	-0.0118475	0.227872	-0.00484306	-0.00327586	0.000794174	-0.00200101	0
4720.680043993	3630.339591364	-0.00146926	0.224001	0.0380177	-0.00340293	0.000791188	-0.002239	0
4671.693426525	3631.191543178	-0.00673834	0.211612	-0.0210422	-0.00347562	0.000820134	-0.00205496	0
4713.539235472	3628.385811288	-0.00672798	0.219378	-0.00428626	-0.0028832	0.000634934	-0.00218181	0
4671.563381901	3630.384684961	-0.00669103	0.235242	-0.0142088	-0.00271443	0.000677993	-0.00242532	0
4703.059690673	3633.978244743	-0.0035124	0.279033	0.0543235	-0.00416764	0.000746933	-0.00262467	0
4686.122279589	3630.007663876	-0.00598924	0.250188	0.0922582	-0.00388188	0.000902194	-0.00260769	0
4686.63192142	3627.530411951	-0.0013981	0.247557	0.0991061	-0.0043683	0.000366459	-0.00283729	0
4673.22373842	3622.21474562	-0.0026785	0.229919	0.0551625	-0.00259665	0.000556697	-0.00283729	0
4680.302990636	3619.606625732	-2.89957e-05	0.215156	0.0241757	-0.00198148	0.000204116	-0.00283729	0
4674.907386513	3618.48038901	-0.00537007	0.205991	0.0395362	-0.00268972	5.5409e-05	-0.00283729	0
4678.486802394	3617.162607925	-3.83259e-05	0.217869	0.00309105	-0.00156465	-0.000199126	-0.00283729	0
4680.168232241	3617.848113343	-0.00156084	0.238279	0.0484068	-0.00234688	5.5409e-05	-0.00264516	0
4690.08683829	3619.370125673	-0.00647545	0.229708	0.0833217	-0.00169731	5.5409e-05	-0.00283729	0
4694.78314062	3620.939575916	-0.00778018	0.254998	0.106228	-0.002427	5.5409e-05	-0.00283729	0
4690.887902081	3617.525011514	-0.00810739	0.227711	0.148202	-0.00347023	0.000217545	-0.00283729	0
4658.306871416	3612.159838756	-0.0113797	0.190871	0.110309	-0.0031766	5.5409e-05	-0.0029107	0
4671.777442561	3609.859513697	-0.001469	0.188425	0.0660053	-0.00154506	5.54092e-05	-0.00294111	0
4652.631491119	3610.637274822	-0.00303877	0.21353	0.0482863	-0.00210653	-0.000342625	-0.00305278	0
4688.110104553	3611.460956951	-0.0114908	0.213767	0.0570379	-0.00314955	-0.000242952	-0.00315701	0
4665.394442051	3608.132304814	-0.00523013	0.233508	0.0606561	-0.00168382	-0.000520312	-0.00302421	0
4696.804239261	3623.388144453	-0.00503489	0.262514	0.0719733	-0.00206233	-0.000350794	-0.00334127	0
4675.324971168	3621.668933823	0.00514631	0.225672	0.145264	-0.00294543	5.54092e-05	-0.00320019	0
4688.422045281	3620.127477464	0.00535227	0.253097	0.140282	-0.00392831	-0.000783825	-0.00344498	0
4676.141562676	3617.313333619	-0.00398565	0.199398	0.135454	-0.00333754	-0.000922231	-0.00335571	0
4675.750042401	3615.470425874	-0.00365083	0.183633	0.0926057	-0.0031682	-0.000889425	-0.0031027	0
4682.725868936	3617.380491361	-0.00640334	0.174187	0.0888763	-0.00284986	-0.000661724	-0.00310571	0
4668.824126383	3611.651122304	-0.0107378	0.191402	0.0459468	-0.0024036	-0.000922232	-0.00313331	0
4685.436009986	3615.877647257	-0.0101267	0.210133	0.0422758	-0.001535	-0.000606704	-0.00335571	0
4678.04869897	3620.072455002	-0.0161846	0.255776	0.0765167	-0.00251868	-0.000922232	-0.00335571	0
4697.060169299	3628.309689986	0.00115432	0.270728	0.11153	-0.00324146	-0.000338674	-0.00316851	0
4686.989336175	3618.543271824	-0.0116895	0.254075	0.113197	-0.00294753	-0.000535445	-0.00342696	0
4691.665951579	3617.714349461	-0.00268312	0.254513	0.0776037	-0.00219012	-0.000387142	-0.00344431	0
4690.724306499	3619.344200302	-0.00108599	0.226135	0.0812523	-0.00196975	-0.000445855	-0.00344856	0
4689.561391463	3626.140508691	-0.00954774	0.209092	0.0548889	-0.00257307	-0.000596837	-0.00329202	0
4697.767234951	3619.797204788	-0.00466857	0.201903	0.0454607	-0.00143465	-0.000309392	-0.0032364	0
4667.79541518	3620.261379247	-0.00594723	0.207652	0.053708	-0.00204637	-0.000639872	-0.00363722	0
4703.404627799	3629.397038652	-0.00255117	0.211523	0.116889	-0.00279361	-0.000763678	-0.00366683	0
4664.465551882	3621.240889402	-0.0242277	0.237116	0.131085	-0.00360755	-0.00120214	-0.003744	0
4700.67784991	3621.936185784	-0.0100673	0.24979	0.135557	-0.00357381	-0.000817974	-0.003494	0
4660.727254189	3617.285201833	-0.0131249	0.19852	0.120717	-0.00329164	-0.000907574	-0.003744	0
4698.759622389	3614.670462702	-0.0254226	0.220093	0.0882899	-0.00305646	-0.00129049	-0.00372565	0
4673.162459397	3614.542076956	-0.0305888	0.196029	0.0851419	-0.00272876	-0.00115218	-0.00371662	0
4691.280254198	3616.851503475	-0.0163633	0.22854	0.0811424	-0.00272613	-0.00113439	-0.00352366	0
4694.373874384	3617.032567368	-0.0223181	0.206633	0.0731779	-0.00185429	-0.000633272	-0.00385326	0
4694.234402218	3623.149024277	-0.0165175	0.271531	0.0821366	-0.00270619	-0.00107955	-0.00377105	0
4702.180433739	3616.806134076	-0.0169963	0.259666	0.0959268	-0.00358757	-0.000639529	-0.00347974	0
4703.279296946	3612.472460117	-0.0164477	0.256752	0.0947499	-0.00354123	-0.000653818	-0.00344607	0
4701.27317146	3627.35431249	-0.0153057	0.214244	0.038018	-0.00212766	-0.000961073	-0.0034054	0
4701.175291392	3623.627954133	-0.0133831	0.23311	0.0375406	-0.00251328	-0.000680527	-0.00300944	0
4711.48319947	3624.888230538	-0.00845145	0.198782	0.045101	-0.00259098	-0.000835543	-0.00344375	0
4692.181693583	3620.932956673	-0.0132953	0.225465	0.0198141	-0.00150139	-0.000892522	-0.00325681	0
4710.389327315	3630.098678476	-0.00647607	0.228305	0.0816223	-0.00241342	-0.00058023	-0.00328544	0
4703.923697172	3629.069248192	-0.00368844	0.248361	0.102397	-0.00326564	-0.00078373	-0.00367142	0
4716.142623474	3629.155849963	-0.00937811	0.261874	0.134754	-0.00303194	-0.000291329	-0.00353544	0
4686.903379174	3620.986048522	-0.00113709	0.223126	0.107581	-0.00323975	-0.000648259	-0.00330464	0
4719.716493742	3623.915477528	0.000856592	0.214795	0.0730139	-0.00183745	-0.000495938	-0.00336255	0
4673.679033243	3624.494661345	-0.00646483	0.223382	0.0304135	-0.0019337	-0.0011634	-0.00336255	0
4689.205363111	3622.734356244	-0.00508073	0.22376	0.047286	-0.00217102	-0.000992432	-0.00336255	0
4668.455343121	3622.447108651	-0.0135874	0.229704	0.0377818	-0.00210246	-0.00109478	-0.00336255	0
4711.906329738	3629.7382055	-0.0103552	0.246565	0.0579442	-0.00186958	-0.000816285	-0.00346591	0
4694.186432666	3625.551120207	-0.00278608	0.25391	0.116535	-0.00205336	-0.000799255	-0.00336255	0
4700.977313009	3628.299761121	-0.0179952	0.266806	0.137063	-0.00367638	-0.000799255	-0.00356697	0
4680.614099523	3623.419447959	-0.00609002	0.215657	0.156621	-0.00321326	-0.000799255	-0.00347541	0
4684.168005584	3622.516886511	-0.0110587	0.18912	0.0942799	-0.00258295	-0.000809655	-0.00346484	0
4690.917848391	3615.378997571	-0.0100493	0.211604	0.0886041	-0.00172888	-0.000542198	-0.00344326	0
4673.803809535	3618.167353947	-0.0174747	0.208266	0.0681304	-0.00303861	-0.00101409	-0.00345086	0
4690.134253281	3614.922545563	0.000133307	0.202971	0.051057	-0.00142627	-0.00120856	-0.00325632	0
4681.930073477	3619.44404056	-0.0137692	0.265536	0.0707287	-0.00210435	-0.000923047	-0.00370086	0
4704.378714714	3622.143726652	-0.014981	0.257133	0.142971	-0.00298491	-0.000804121	-0.00370086	0
4680.152981806	3625.395154279	-0.0224907	0.277778	0.158885	-0.00378363	-0.000799255	-0.00356361	0
4700.734692442	3622.629275752	-0.0102591	0.251764	0.148398	-0.00389228	-0.000799255	-0.00332773	0
4672.615107398	3621.555579276	-0.0173007	0.197742	0.115538	-0.00330103	-0.000799255	-0.00330812	0
4694.462326911	3625.223329747	-0.0133652	0.219713	0.0927211	-0.00325934	-0.000925085	-0.00316316	0
4699.335257013	3621.387064365	-0.00948454	0.181126	0.0769341	-0.00273318	-0.00112646	-0.00369489	0
4687.250534545	3620.414311355	-0.0102998	0.223713	0.0352207	-0.00191932	-0.00119233	-0.00359464	0
4705.234402793	3624.972350093	-0.0132239	0.229482	0.0937606	-0.00195604	-0.000799255	-0.0034675	0
4703.417659989	3629.606923835	-0.0216639	0.255065	0.108431	-0.00280067	-0.000944027	-0.00354004	0
4709.113281774	3623.741170779	-0.0153612	0.260678	0.138539	-0.00284766	-0.000690769	-0.00344729	0
4673.880061713	3616.674025005	-0.00906569	0.23708	0.12487	-0.00300202	-0.000799255	-0.00335016	0
4705.490887392	3626.230006381	-0.00199224	0.209655	0.0928297	-0.00188005	-0.00052631	-0.00335016	0
4675.280328984	3624.575609178	-0.0114581	0.251524	0.0684325	-0.00205974	-0.000471402	-0.00341997	0
4705.885457754	3622.430560542	-0.010973	0.257688	0.0672318	-0.00259767	-0.000190334	-0.00314142	0
4692.73680944	3618.460393378	-0.00755078	0.229873	0.0653515	-0.00227011	0.000121024	-0.00280093	0
4695.066798723	3624.657384417	-0.00325764	0.241742	0.0421334	-0.00272811	0.000137906	-0.00298908	0
4708.518514785	3624.258988692	-0.00874229	0.24886	0.0984391	-0.00247354	-0.000394994	-0.00318634	0
4684.33298757	3620.80663944	-0.0197724	0.246788	0.115508	-0.00364311	-0.000339622	-0.00334273	0
4717.380127004	3617.342844413	-0.0148375	0.2564	0.123341	-0.00426671	-7.22723e-05	-0.00316519	0
4690.517732417	3624.032003796	-0.01454	0.236725	0.099614	-0.00540158	0.0015411	-0.00242943	0
4702.278868369	3622.820958015	0.00111332	0.285781	0.0667604	-0.00511939	0.00248828	-0.001656	0
4704.010763295	3620.132028194	0.0133032	0.286332	0.0282638	-0.00465747	0.00244679	-0.00200527	0
4679.303393901	3623.934369952	0.0191	0.309504	0.0137327	-0.00551364	0.00239141	-0.001656	0
4728.177158145	3616.400705404	0.0173446	0.261971	0.022391	-0.00416198	0.00239992	-0.00111248	0
4669.128580534	3619.937450012	0.0137739	0.297281	0.0474478	-0.00564055	0.00190361	-0.00173389	0
4723.901767838	3631.813614178	0.00516437	0.280448	0.0997234	-0.00605372	0.000983382	-0.002196	0
4688.000855978	3620.652328323	0.00135471	0.274642	0.124838	-0.00586893	0.000940063	-0.0024798	0
4696.069445545	3614.288063482	-0.00401969	0.260373	0.119501	-0.00636477	0.000802497	-0.00248237	0
4691.037910912	3620.112722067	-0.00755175	0.186647	0.139952	-0.00632965	0.00111613	-0.002196	0
4696.430187668	3616.960858896	-0.00134911	0.204613	0.111866	-0.005454	0.00100879	-0.00237097	0
4682.213731579	3616.358094023	-0.00536853	0.173852	0.0877398	-0.00465843	0.000984534	-0.002196	0
4681.625896606	3619.905732803	-0.00550575	0.249916	0.0850171	-0.00506696	0.000989369	-0.002196	0
4722.568879765	3618.738263709	-0.00892548	0.245795	0.0695697	-0.00429768	0.000689204	-0.00236808	0
4691.145773084	3625.001585085	-0.00498302	0.322585	0.0915065	-0.00521444	0.000689204	-0.00261808	0
4744.043988648	3627.851445266	-0.00457275	0.307363	0.111648	-0.00496067	0.000681559	-0.00261808	0
4702.620755408	3631.699570126	-0.0093765	0.335814	0.124757	-0.00623173	0.000689203	-0.00291669	0
4726.52706101	3631.054883378	-0.00438827	0.257831	0.0953353	-0.00457613	0.000689203	-0.00261808	0
4693.94408938	3636.956352769	-0.0033938	0.224688	0.0815195	-0.00450007	0.000689203	-0.00218608	0
4722.065338108	3635.955743775	-0.010634	0.216682	0.0771641	-0.00422541	0.000689203	-0.00239912	0
4711.011545088	3631.845193486	0.000417807	0.201221	0.0599034	-0.00285494	0.000689203	-0.00261808	0
4710.546545442	3633.587709369	-0.00385766	0.230521	0.0663969	-0.00415365	0.000520263	-0.00261808	0
4707.706082487	3635.061042679	-0.00248277	0.254547	0.122626	-0.00405914	0.000744145	-0.00261808	0
4699.30808351	3628.872601496	-0.00841566	0.278268	0.122789	-0.00429571	0.00049637	-0.00290372	0
4700.347608658	3630.416953773	-0.00846409	0.273997	0.141289	-0.00453506	0.000689203	-0.00261808	0
4680.746085111	3631.322135339	-0.0115323	0.264347	0.13896	-0.00443187	0.000277788	-0.00261808	0
4698.492323844	3624.699857897	0.00153513	0.255851	0.118463	-0.00414523	0.000498906	-0.00236808	0
4685.549695052	3630.039794788	0.00345828	0.204891	0.135389	-0.00334535	0.000477908	-0.00247473	0
4673.537897394	3624.827554139	-0.00320483	0.230094	0.0984362	-0.00389899	0.000689203	-0.00252646	0
4686.718710263	3627.427675774	0.000649536	0.226559	0.0948948	-0.00350149	0.000489157	-0.00256661	0
4668.237955094	3626.391212543	0.00182408	0.280424	0.122132	-0.00459719	0.000194688	-0.00276782	0
4701.771167503	3622.397602225	-0.00849587	0.263633	0.131277	-0.00550104	0.000298115	-0.00251137	0
4687.070579404	3617.1587467	-0.00466923	0.250238	0.120543	-0.00423066	0.000689203	-0.00251137	0
4698.324014491	3617.329605926	-0.00653516	0.233514	0.0851689	-0.00417501	0.000269513	-0.00251137	0
4692.25295471	3611.72186547	0.0111961	0.19572	0.098436	-0.0037302	0.000689203	-0.00225893	0
4688.119809375	3613.062400204	-0.00190265	0.239836	0.0738629	-0.00394762	0.000571306	-0.00207922	0
4705.863829863	3613.625587516	0.000283265	0.232559	0.0839844	-0.00379549	0.000897145	-0.00251137	0
4681.97832031	3614.513255666	0.0060882	0.280347	0.0789566	-0.00392476	0.000469313	-0.00251137	0
4713.136901253	3619.6928138	0.0048199	0.279059	0.100941	-0.00493226	0.000689203	-0.00251137	0
4700.812331024	3613.026959671	0.0024312	0.304982	0.126414	-0.00513882	0.000489236	-0.00251137	0
4710.741473737	3614.218561424	-0.00580907	0.267438	0.108535	-0.00512762	0.000689202	-0.00226953	0
4694.492827782	3614.262413913	0.00327206	0.20504	0.0900856	-0.0044915	0.000689202	-0.00216507	0
4696.753774183	3615.60639617	0.000786738	0.217392	0.0649893	-0.00455406	0.000623162	-0.00199526	0
4704.199036855	3615.718647509	0.00365052	0.220341	0.08203	-0.00350956	0.000905178	-0.00251137	0
4683.618989902	3616.518886483	-0.00526768	0.223269	0.0510089	-0.00356781	0.000893259	-0.00251137	0
4700.44271592	3616.539847421	0.0044597	0.245773	0.0756398	-0.00418497	0.000931667	-0.00212683	0
4681.859921473	3620.211183316	0.0108804	0.285076	0.0743819	-0.00428186	0.00105757	-0.00251137	0
4709.776814364	3625.338614906	0.00836596	0.336912	0.104057	-0.00555013	0.000563568	-0.00214044	0
4696.201431133	3624.060135581	0.00499393	0.242381	0.0503434	-0.00384467	0.000790697	-0.00220281	0
4694.88601174	3622.771175787	0.00766136	0.252163	0.0403774	-0.00373157	0.0010928	-0.00202087	0
4706.112550604	3616.129592218	0.011689	0.211166	0.0597381	-0.00378296	0.0010763	-0.00197756	0
4681.238812822	3622.329203374	0.01752	0.233138	0.018735	-0.00327031	0.00137139	-0.00208201	0
4706.555367799	3623.36346019	0.0164371	0.233322	0.0372886	-0.00313045	0.00107118	-0.00197756	0
4686.474426012	3625.956962581	0.00812678	0.23843	0.0641234	-0.00337138	0.000566495	-0.00233391	0
4713.0717403	3629.176397198	0.0188703	0.274949	0.0913146	-0.00447115	0.000584761	-0.00247557	0
4700.375059442	3621.714303222	0.0116565	0.272173	0.103952	-0.00442568	0.000364559	-0.00264952	0
4702.560308227	3619.767418191	0.0133915	0.236545	0.0698824	-0.00287122	0.000350847	-0.00247557	0
4700.148521153	3625.630826932	0.00856265	0.204671	0.0634914	-0.00345943	0.000557692	-0.00223507	0
4688.331097229	3622.309483544	0.0146664	0.215484	0.0424828	-0.00338523	0.000569236	-0.00200836	0
4698.765999844	3617.910444554	0.0166574	0.206007	0.0409269	-0.00227497	0.000879517	-0.00192646	0
4680.309368091	3618.79907801	0.0261894	0.246451	0.0246328	-0.00296609	0.00079791	-0.00206242	0
4704.822363751	3624.754190855	0.0137569	0.248873	0.0398151	-0.00228374	0.00073467	-0.00196924	0
4688.843789147	3625.254357451	0.00101532	0.277375	0.0851369	-0.00389099	0.000269948	-0.00247556	0
4714.821103907	3626.835942974	0.018697	0.258806	0.100702	-0.00367966	0.000542956	-0.00247556	0
4676.607116883	3622.853916332	0.00497019	0.271706	0.111717	-0.00437252	0.000382458	-0.00247556	0
4705.740162695	3622.751180155	0.0164834	0.231462	0.0698993	-0.00294385	0.000230846	-0.00247556	0
4672.228300895	3622.434697569	0.00627961	0.211114	0.0680173	-0.00337597	0.000171121	-0.00216719	0
4701.085175181	3619.729357541	0.0148865	0.196252	0.0598334	-0.00315564	0.000430325	-0.00247556	0
4685.436564548	3620.135337816	0.00856524	0.203669	0.0478613	-0.00241483	0.000275323	-0.00247556	0
4693.611075322	3621.185866939	0.0172451	0.241385	0.0564503	-0.002774	0.000291893	-0.00239504	0
4695.576163273	3619.684263943	0.0144643	0.214821	0.113756	-0.00309689	0.000501401	-0.00252512	0
4690.440648397	3626.308885701	0.0145459	0.266319	0.108717	-0.00407681	0.000345637	-0.00245764	0
4700.723046655	3621.867924834	0.0176607	0.244509	0.134208	-0.00335164	0.000688377	-0.0021885	0
4677.533788808	3620.074385614	0.0122464	0.217398	0.0873688	-0.00309124	0.000388523	-0.00246293	0
4696.377504344	3619.470931238	0.0207576	0.193997	0.0753393	-0.00250919	0.000520418	-0.00202056	0
4674.796196973	3623.773301691	0.0173289	0.204861	0.0465755	-0.00245221	0.000566839	-0.00227132	0
4699.557913374	3621.34072966	0.0130686	0.223828	0.0396215	-0.00290624	0.000792168	-0.00210315	0
4690.552392498	3620.961777962	0.0227195	0.213342	0.0583854	-0.00237212	0.000675388	-0.00232216	0
4696.802021016	3627.624184569	0.00851982	0.230361	0.0989636	-0.0036863	0.000363961	-0.00287814	0
4694.499205237	3623.567829337	0.0132622	0.257526	0.123294	-0.00354087	0.000563668	-0.00287814	0
4671.858963072	3622.053815259	0.0120356	0.239962	0.0598483	-0.00212093	0.000434733	-0.00254728	0
4689.659548812	3619.180925626	0.0129902	0.226544	0.0889265	-0.00271025	0.00038775	-0.00247488	0
4678.66093464	3619.686056655	0.0125327	0.204578	0.0431784	-0.0012557	-3.10027e-05	-0.00275297	0
4693.435002111	3621.692376977	0.0188923	0.228928	0.0616659	-0.00180126	0.000301919	-0.0025044	0
4694.891280073	3616.684505475	0.0186351	0.196569	0.0917064	-0.00228498	0.000301919	-0.00287814	0
4687.631795435	3621.297842477	0.0168785	0.235461	0.0810546	-0.00203185	0.000405015	-0.00287814	0
4699.07267224	3624.777082406	0.0176692	0.237629	0.151292	-0.00332078	0.000205011	-0.00287814	0
4669.431925563	3618.320423956	0.0061453	0.25211	0.112993	-0.00344086	-1.07148e-05	-0.00287814	0
4694.265457651	3617.232109983	0.0178592	0.188268	0.114131	-0.00300294	0.000441571	-0.00270188	0
4664.903655305	3618.520380273	0.019118	0.215657	0.0797992	-0.00313891	6.46655e-05	-0.00247054	0
4706.225126547	3620.786092205	0.0296234	0.191966	0.0810027	-0.00243239	0.00010842	-0.00237209	0
4681.825815953	3616.741596451	0.0179765	0.224138	0.0536154	-0.00220294	4.82229e-05	-0.00267176	0
4697.748934428	3625.979716231	0.0158562	0.240707	0.0712717	-0.00273286	0.000322164	-0.0026958	0
4695.148319233	3619.601523398	0.0196994	0.221682	0.116588	-0.00320473	0.000331549	-0.00264252	0
4698.408307808	3623.76254542	0.00801415	0.273338	0.0931569	-0.00348516	0.000480537	-0.00287814	0
4702.117213752	3623.642847431	0.0202764	0.246915	0.104118	-0.00294782	0.000595269	-0.00231164	0
4708.480804616	3621.226823509	0.0165362	0.210004	0.062846	-0.00301654	0.000143725	-0.00205975	0
4702.659574699	3624.233339123	0.0194099	0.20346	0.0269241	-0.00122603	0.000143725	-0.00245186	0
4700.537823182	3627.620047541	0.0222835	0.197912	0.0199942	-0.00249716	0.000143724	-0.00233729	0
4712.564871276	3629.570380094	0.025359	0.222607	0.0213259	-0.0016124	0.000438602	-0.00225593	0
4701.273448741	3635.974498299	0.0113447	0.226767	0.0354396	-0.00281418	0.000143724	-0.00225593	0
4721.535454791	3630.866372835	0.0185764	0.273896	0.0439171	-0.00317539	0.000143724	-0.00225593	0
4718.526127921	3649.448658195	0.0140181	0.285778	0.163067	-0.00375838	0.000143724	-0.00262504	0
4740.411889444	3642.119776497	0.0185612	0.212737	0.411973	-0.00410942	-0.000499882	-0.00255552	0
4682.245341573	3632.422584591	0.0156564	0.232864	0.597943	-0.00522604	-0.00058478	-0.0023026	0
4710.451160899	3639.119604325	0.0176862	0.198873	0.53616	-0.00399782	2.20296e-05	-0.00196188	0
4684.203220227	3635.408001365	0.0233284	0.145461	0.469856	-0.00433207	0.000575967	-0.00165433	0
4688.577877005	3630.433226081	0.0232362	0.261621	0.537114	-0.00384435	0.00110553	-0.00187452	0
4647.429706168	3625.559670063	0.0267907	0.293879	0.46158	-0.00348501	0.000657716	-0.00187452	0
4696.439337929	3631.705086162	0.0183482	0.324028	0.373343	-0.00363256	0.00028543	-0.00187452	0
4658.07756032	3629.239693715	0.0174538	0.391819	0.307881	-0.00399562	-0.000387123	-0.00176885	0
4708.428953135	3632.643226045	0.0245533	0.367037	0.271691	-0.00407592	0.000179641	-0.00157362	0
4671.182675572	3632.404657473	0.018733	0.294513	0.191543	-0.00367038	9.07579e-05	-0.0014697	0
4699.881499889	3627.935702722	0.0303212	0.293503	0.15625	-0.00208344	0.000433745	-0.0013468	0
4667.02485226	3623.191635658	0.0316721	0.254129	0.143548	-0.00255293	0.000271991	-0.00148712	0
4707.639257851	3620.767751384	0.0303729	0.242883	0.11741	-0.00268747	0.000400022	-0.00146036	0
4679.972194823	3617.772957348	0.0281979	0.257821	0.125899	-0.00175603	-1.34954e-06	-0.00137312	0
4703.675253711	3618.893953835	0.0271054	0.286487	0.114267	-0.00327758	9.58787e-05	-0.00140031	0
4688.887876769	3611.409933614	0.0390521	0.270086	0.124807	-0.00287141	-3.44032e-05	-0.0014439	0
4699.069067592	3617.486261358	0.0441094	0.252927	0.0951843	-0.0034859	1.7126e-05	-0.00107514	0
4693.611352603	3623.10544759	0.037118	0.250737	0.0414898	-0.002436	-7.52765e-05	-0.00137183	0
4693.163821638	3618.13453353	0.0340423	0.271771	0.0220063	-0.00247803	-0.000179031	-0.00142657	0
4704.105315996	3617.782334609	0.0411494	0.244103	0.0149824	-0.00185167	-6.82846e-05	-0.00116896	0
4680.6301818	3619.618898913	0.0379245	0.274035	0.0148037	-0.00210513	-0.000387124	-0.00137798	0
4714.986363173	3617.408761048	0.040324	0.280177	0.0525844	-0.00251546	-0.000190384	-0.00153327	0
4702.997025247	3627.591088351	0.0379302	0.288679	0.0655912	-0.00289917	-0.000606827	-0.00170593	0
4716.848025441	3626.82008437	0.0368837	0.258186	0.10416	-0.00339441	-0.000429172	-0.00156573	0
4690.755916493	3621.592950422	0.0389176	0.223516	0.0415616	-0.00246437	-0.000407737	-0.00141484	0
4714.76259769	3624.92339527	0.0381305	0.215047	0.0211085	-0.00197429	-0.000480653	-0.00123946	0
4679.307830392	3622.912110515	0.0442473	0.231387	-0.000232513	-0.00138315	-0.000612845	-0.00128919	0
4704.697310179	3621.536411049	0.0484575	0.207906	0.0155408	-0.00128335	-0.000240336	-0.00122875	0
4686.908647506	3622.733942541	0.0480385	0.246507	-0.0272721	-0.00101558	-0.00054331	-0.00117348	0
4711.037332188	3627.206344815	0.0455861	0.262183	0.0201751	-0.00163184	-0.000370928	-0.00122767	0
4699.105668637	3631.932484761	0.0446934	0.274856	0.0478993	-0.00129131	-0.000806827	-0.00187452	0
4715.242570491	3634.519643711	0.0343251	0.282571	0.0982405	-0.00275887	-0.000721559	-0.00187452	0
4706.233444967	3628.630309599	0.0425094	0.235769	0.0974394	-0.00144035	-0.000497563	-0.00147063	0
4701.590380521	3623.615543051	0.0425839	0.229026	0.0465982	-0.00207987	-0.000816499	-0.00154672	0
4701.10181202	3621.222548581	0.0363565	0.207308	0.0418615	-0.00170085	-0.000939814	-0.00157101	0
4690.663582037	3624.903399638	0.0436438	0.198454	0.0186017	-0.00195201	-0.000719274	-0.00149272	0
4709.32151954	3619.658338573	0.0351361	0.215087	0.012124	-0.000845262	-0.000790797	-0.00134062	0
4679.339717666	3621.802973506	0.0378778	0.240622	0.0134195	-0.00167879	-0.000896276	-0.00161917	0
4716.272945378	3626.950262827	0.0350786	0.241342	0.0599811	-0.00201394	-0.00105621	-0.00156984	0
4682.72753262	3624.095300313	0.0266104	0.269942	0.0952364	-0.00262411	-0.00121074	-0.00187452	0
4709.874139871	3622.161515869	0.0302058	0.257799	0.0972927	-0.00260086	-0.000734397	-0.00177761	0
4684.505178852	3617.757512446	0.0325772	0.233244	0.0487507	-0.00230043	-0.00079623	-0.0016884	0
4709.942628191	3621.500556813	0.0346663	0.220333	0.0324697	-0.00224531	-0.000990295	-0.00165721	0
4682.739455687	3617.114894211	0.0298706	0.17593	0.0259213	-0.00149937	-0.000945947	-0.0022897	0
4696.023416957	3618.02214429	0.0340053	0.228299	0.0332793	-0.00250611	-0.000801533	-0.0016334	0
4701.839655823	3613.543674376	0.0433928	0.238945	0.0479728	-0.00166782	-0.00073894	-0.0016413	0
4692.517203167	3627.112847999	0.0398888	0.297755	0.061781	-0.00284126	-0.00100686	-0.00212153	0
4707.680295387	3620.27558304	0.0392031	0.302401	0.0923345	-0.00264958	-0.00106375	-0.00221181	0
4683.257693218	3617.603890833	0.0401907	0.240478	0.0481667	-0.00151283	-0.0012452	-0.00207259	0
4705.611781755	3620.999562811	0.0424609	0.221893	0.0359006	-0.00138418	-0.0011175	-0.00167365	0
4679.432606683	3620.523804676	0.0400145	0.220936	0.00793276	-0.0014093	-0.0011163	-0.00180423	0
4712.671069764	3619.534089854	0.0390447	0.213287	0.00492768	-0.000879418	-0.00109298	-0.00170488	0
4687.575507464	3621.596397945	0.0401286	0.248192	0.0119456	-0.000854404	-0.00129734	-0.00161948	0
4714.100174223	3629.852801156	0.0353773	0.266933	0.0510068	-0.00131736	-0.00129496	-0.00201417	0
4706.740591271	3621.708649284	0.0409602	0.235182	0.102564	-0.00243404	-0.000837762	-0.0015326	0
4702.826774929	3620.124857347	0.0291172	0.262232	0.0689109	-0.0021133	-0.00119889	-0.00161594	0
4697.515464123	3621.408852709	0.0450428	0.23596	0.0759207	-0.00195757	-0.000710361	-0.00143483	0
4687.838646799	3620.817119909	0.0389337	0.223623	0.0241802	-0.00219556	-0.000993951	-0.00174011	0
4700.96899459	3620.206632586	0.0428982	0.215599	0.0320611	-0.0016306	-0.00125722	-0.00164448	0
4682.44526092	3621.561784817	0.0360202	0.2184	0.0128315	-0.00113679	-0.00142751	-0.00165643	0
4712.474477785	3623.817567883	0.0369561	0.23366	0.0486559	-0.00202448	-0.0012733	-0.0020244	0
4694.324518429	3623.236315552	0.0291839	0.273357	0.0594981	-0.00294527	-0.00180621	-0.0020244	0
4717.882559538	3625.14183031	0.0255427	0.276643	0.0688972	-0.00328388	-0.00142989	-0.00192508	0
4691.670388069	3620.948815277	0.0326632	0.248495	0.0564512	-0.00345681	-0.00119852	-0.00166455	0
4714.744297167	3624.76715354	0.0324939	0.20896	0.02523	-0.00231963	-0.00125469	-0.00129629	0
4693.338785726	3630.239337403	0.0346285	0.218777	-0.0066171	-0.00237681	-0.00132774	-0.00133075	0
4722.646241065	3629.529423525	0.0315937	0.224132	0.00649107	-0.00168594	-0.00061229	-0.00102326	0
4696.071386509	3631.788378311	0.0280904	0.246054	-0.0356529	-0.00201431	-0.00041166	-0.0012462	0
4730.656601697	3627.183177462	0.0247592	0.259182	-0.00236105	-0.00257083	-0.000138633	-0.00122224	0
4698.266062836	3631.679160792	0.0228492	0.309064	-0.0367252	-0.002207	-0.000644741	-0.00141648	0
4729.614026461	3630.519827851	0.022566	0.307792	0.0191949	-0.00317252	-0.000720638	-0.00138944	0
4697.252602069	3627.93694383	0.0256553	0.276931	-0.0293479	-0.00219395	-0.000580417	-0.00100312	0
4723.880139948	3625.691503332	0.0330938	0.245225	-0.000555428	-0.00221166	-0.000504161	-0.00116532	0
4690.601471172	3630.50134913	0.0238991	0.234653	-0.0261172	-0.00237623	-0.000770351	-0.0013101	0
4720.722190651	3623.871073435	0.030827	0.203368	-0.0194646	-0.00114678	-0.000631891	-0.00121514	0
4705.065538879	3626.583584311	0.028931	0.266381	-0.064875	-0.000629141	-0.000849294	-0.00114853	0
4722.491241183	3631.182165916	0.025682	0.289289	0.00878973	-0.00175502	-0.000770247	-0.0012794	0
4719.889794147	3627.183177462	0.038413	0.257535	0.00694383	-0.00150583	-0.001135	-0.0014993	0
4712.918958663	3623.878106381	0.0321056	0.280914	0.0295045	-0.00333843	-0.00133305	-0.00141981	0
4698.76877265	3622.70043262	0.0311548	0.249866	0.0223637	-0.00271099	-0.00111337	-0.0013008	0
4702.892767723	3621.640664136	0.0400928	0.211127	-0.00395451	-0.00250812	-0.0012136	-0.00128702	0
4703.926192697	3615.597984214	0.0392842	0.192609	0.00443956	-0.00179998	-0.000771168	-0.00144155	0
4690.527991801	3619.757489326	0.0323465	0.194945	-0.0142064	-0.00155615	-0.000771719	-0.00145231	0
4698.656196707	3619.404187198	0.0344063	0.228414	-0.00466827	-0.00124161	-0.000726438	-0.00160131	0
4688.808851785	3617.438961347	0.0280273	0.27225	-0.0273459	-0.00217331	-0.000983596	-0.00162671	0
4712.70767081	3625.637032473	0.0267177	0.265525	0.018633	-0.00255754	-0.000918099	-0.00175249	0
4670.112649553	3621.751122764	0.0223981	0.295783	0.0135391	-0.00304218	-0.000961431	-0.0015134	0
4706.897532118	3622.254047379	0.0344579	0.25399	0.00308011	-0.00232877	-0.000556484	-0.00132759	0
4687.375865398	3622.134211489	0.0454461	0.215055	-0.026508	-0.00221694	-0.000305047	-0.00129576	0
4689.992008309	3622.120007695	0.0333993	0.215721	-0.0326094	-0.00177475	-0.000439841	-0.00113019	0
4695.978220212	3618.456945855	0.0370303	0.208857	-0.0445796	-0.000800845	7.78763e-05	-0.00119619	0
4674.010106337	3624.45604909	0.030116	0.258801	-0.103177	-0.0013606	-0.000248623	-0.00112529	0
4709.572458526	3634.944240609	0.0283157	0.252343	0.00495557	-0.00163368	-0.000568247	-0.00139895	0
4690.880970065	3627.784425425	0.0246526	0.262149	0.0118306	-0.00158537	-0.00112535	-0.00171103	0
4704.8861383	3625.327169131	0.0336902	0.286858	0.0369407	-0.00232515	-0.000915861	-0.00135037	0
4690.298126144	3619.314137904	0.0286615	0.226273	0.00847026	-0.00137942	-0.000845436	-0.00148912	0
4697.450857732	3621.178971894	0.0296437	0.24034	0.00329116	-0.000843754	-0.000827069	-0.00140101	0
4691.904690216	3617.847010136	0.038524	0.217187	0.00111482	-0.00067199	-0.00059652	-0.00148078	0
4686.444756983	3620.43182477	0.0330365	0.246494	-0.00584185	-0.00176792	-0.000982072	-0.00156283	0
4709.109399845	3626.111411599	0.0392089	0.244099	0.0218915	-0.00136984	-0.00103913	-0.0014649	0
4681.654179232	3621.991070346	0.034518	0.258818	0.0211536	-0.00180403	-0.0014918	-0.00165947	0
4709.879130923	3622.467793787	0.0337096	0.254647	0.0451862	-0.00245598	-0.00103103	-0.00146625	0
4666.710970567	3621.458772838	0.0303854	0.23259	0.0187939	-0.00165761	-0.000993366	-0.00150361	0
4713.23838597	3628.67747171	0.0360224	0.247108	0.000780153	-0.000740651	-0.000546777	-0.0013691	0
4697.156108403	3628.298657914	0.0364165	0.222234	-0.0239799	-0.000656609	-0.000512969	-0.00133761	0
4697.148067264	3620.426032932	0.0321492	0.248772	0.0058882	-0.0015848	-0.000560004	-0.00127663	0
4697.309167321	3620.236281281	0.042846	0.221185	-0.00476135	-0.00041697	-0.000423953	-0.00111724	0
4684.91971342	3628.443178066	0.0370701	0.255982	-0.0281565	-0.000982971	-0.00103878	-0.00141118	0
4709.320133137	3636.692686232	0.0414112	0.23765	0.0232126	-0.000908917	-0.00125998	-0.00147354	0
4682.597487996	3630.900848062	0.0342711	0.258927	0.0647744	-0.00199501	-0.00130164	-0.00153394	0
4712.94724129	3627.818211147	0.0361404	0.238676	0.0838178	-0.00267886	-0.0011254	-0.00136671	0
4674.921805106	3619.917316479	0.0290661	0.206285	0.0609655	-0.00228355	-0.00124272	-0.00131179	0
4701.120389823	3626.195255352	0.0346104	0.202823	0.0300067	-0.00211726	-0.00117531	-0.00153394	0
4689.043431213	3620.423412815	0.0379616	0.166446	0.0142563	-0.00153555	-0.000791905	-0.00113027	0
4679.923947991	3622.779725643	0.0398993	0.217227	0.0165744	-0.00182274	-0.000553645	-0.00153394	0
4700.402232946	3616.803100256	0.0376546	0.216389	0.0236249	-0.00156172	-0.000632419	-0.00153394	0
4698.626527678	3625.046954484	0.0209617	0.251523	0.0437589	-0.00231088	-0.000820286	-0.00153394	0
4710.216858752	3617.191842918	0.0329699	0.257691	0.0286195	-0.00173856	-0.000876178	-0.00153394	0
4687.202010431	3621.983347895	0.0327543	0.266862	-0.0333904	-0.00117084	-0.000920232	-0.00140464	0
4708.3965113	3621.797733272	0.0431566	0.266005	-0.0131967	-0.000818859	-0.000673522	-0.00125534	0
4684.925813595	3623.138268006	0.0284776	0.252781	-0.0452805	-0.00109293	-0.000892054	-0.00132708	0
4706.705099349	3626.15402298	0.0379132	0.257083	-0.0024142	-0.000306731	-0.000670793	-0.00153394	0
4697.705124086	3630.284293099	0.0369474	0.222632	0.0399026	-0.00160448	-0.00106646	-0.00153394	0
4711.788208182	3629.28437361	0.0350809	0.242142	0.0398869	-0.00143337	-0.00116852	-0.00153394	0
4700.157116853	3622.618105778	0.0364419	0.227077	0.0553048	-0.0019044	-0.000698469	-0.00156063	0
4702.268886266	3617.342982314	0.0361828	0.203072	0.02644	-0.00169015	-0.000974038	-0.00139597	0
4694.248543531	3622.724151577	0.0399159	0.212476	0.0141046	-0.00116287	-0.000703263	-0.00130163	0
4694.180055211	3617.265619904	0.0401598	0.224	-0.0145049	-0.000580413	-0.0010483	-0.00133781	0
4704.472990135	3620.357358279	0.0439875	0.240924	-0.00115158	-0.00039148	-0.000852886	-0.00140956	0
4689.027903497	3623.517909208	0.0384761	0.264824	-0.0203935	-0.00142265	-0.00120108	-0.00152451	0
4716.81336536	3637.300415537	0.0351315	0.244795	0.0166772	-0.000924593	-0.00110264	-0.00172632	0
4676.650927225	3626.494224522	0.0341003	0.277132	0.0352787	-0.00168153	-0.00138624	-0.00194438	0
4714.87406451	3626.167123566	0.0377695	0.260294	0.0574383	-0.00173424	-0.000913955	-0.0016028	0
4678.560281765	3622.042369484	0.0266074	0.23741	0.0209374	-0.000901602	-0.00126471	-0.00194438	0
4706.716745136	3622.5759081	0.0362634	0.198779	0.0245284	-0.00126361	-0.00104055	-0.00150128	0
4681.910386551	3620.297785087	0.0351198	0.212269	0.0158141	-0.00120657	-0.00126812	-0.00165963	0
4707.151243911	3621.685757734	0.0443848	0.216795	0.0183025	-0.00134185	-0.00117506	-0.00194438	0
4690.27954834	3619.865603638	0.0369579	0.21136	0.0238952	-0.000778145	-0.00109373	-0.0017903	0
4711.637090229	3625.490305906	0.0302034	0.263258	0.0365709	-0.00228876	-0.00137868	-0.00194438	0
4711.045927888	3622.621139598	0.0312475	0.282317	0.0590284	-0.00216615	-0.00114349	-0.00194438	0
4705.876307493	3618.282639107	0.0318381	0.263197	0.0384633	-0.00261676	-0.00144059	-0.00194438	0
4709.148773697	3625.47720532	0.0340308	0.234827	0.0176721	-0.00174572	-0.00136055	-0.00194438	0
4704.565601871	3624.984899075	0.0334769	0.214184	0.0106404	-0.00158873	-0.00122425	-0.00194438	0
4706.041012197	3622.09187591	0.0310088	0.21142	0.00212998	-0.00116931	-0.00130791	-0.00169691	0
4697.589775336	3627.282328216	0.0347681	0.254454	-0.00860275	-0.000411041	-0.000911542	-0.00158844	0
4721.89896972	3629.09931059	0.0338279	0.255971	0.0205913	-0.00145335	-0.000809946	-0.00137066	0
4714.383832325	3628.747525372	0.0263534	0.280768	0.00221812	-0.00128504	-0.00109063	-0.00141514	0
4711.880819918	3624.170180506	0.0288911	0.299585	0.0342341	-0.00202349	-0.00106906	-0.00161261	0
4713.012124961	3625.650960465	0.0270339	0.227689	0.0018707	-0.00172135	-0.00121241	-0.00163951	0
4713.863931111	3633.213722105	0.0293798	0.208273	-0.0255595	-0.000431741	-0.00135476	-0.00119838	0
4710.838521964	3636.31759576	0.028366	0.243103	-0.00103036	-0.000740968	-0.00115007	-0.000947194	0
4714.132616058	3625.619519058	0.0293828	0.170488	-0.00672419	-0.000538113	-0.00109033	-0.000888731	0
4704.516800477	3624.164802371	0.0328439	0.236035	-0.0149332	0.000312672	-0.000939849	-0.00108145	0
4717.116155828	3638.780505991	0.0461596	0.220077	-0.131851	0.00228776	-0.000667898	-0.000295828	0
4687.74492594	3630.466873902	0.0487647	0.138801	-0.116037	0.00219407	0.000207763	2.50115e-05	0
4714.704646035	3635.222386742	0.0387116	0.211391	-0.113295	0.00135892	0.000207763	-9.4193e-05	0
4707.434347452	3652.939757602	0.0502845	0.313669	0.00275967	0.000164055	2.39096e-05	-8.289e-05	0
4712.063270585	3633.211791492	0.045616	0.251629	0.0129206	-0.00107344	-0.000145209	-0.000275386	0
4705.454840908	3635.88513851	0.0553985	0.15302	-0.0141232	0.00127327	-1.01422e-05	-0.00013273	0
4717.40813235	3629.749927078	0.0576938	0.169597	-0.048369	0.000419878	-0.000212792	0.000128625	0
4716.925664023	3630.988690941	0.0536408	0.146538	-0.0826411	0.00218991	-0.000103141	-5.55904e-05	0
4708.869829365	3626.594754285	0.0515263	0.172405	-0.118989	0.00122029	-0.000206434	-0.00016834	0
4713.322956567	3620.685010839	0.0494363	0.1963	-0.12048	0.00309637	-0.000349741	-0.000153795	0
4701.588994118	3626.904893428	0.0349075	0.244089	-0.144644	0.00159215	-0.000648579	-0.000457761	0
4702.588313572	3630.751225576	0.0310565	0.215467	-0.0363149	0.000660893	-0.000323038	-0.000736389	0
4701.379647229	3629.170329558	0.0292123	0.2584	-0.02722	0.000106277	-0.000790682	-0.000922793	0
4711.612966813	3621.443190035	0.028455	0.218667	-0.00169858	-0.000330111	-0.000675527	-0.000525542	0
4687.684756039	3619.381019845	0.0329513	0.219938	-0.0635323	0.00118214	-0.000981741	-0.000602871	0
4702.287464069	3619.265045181	0.0347533	0.188469	-0.0228916	0.000261043	-0.000839629	-0.00064947	0
4688.168333489	3617.11779013	0.0332976	0.18396	-0.060934	0.000912105	-0.00100855	-0.000716066	0
4681.542989693	3617.868384777	0.0321558	0.211908	-0.0451015	0.000596979	-0.000966134	-0.000709992	0
4709.590481769	3610.929348947	0.0437576	0.187643	-0.0191127	0.00032089	-0.000675535	-0.000665481	0
4697.305285392	3626.472160377	0.0423337	0.234924	-0.0352454	-0.000204542	-0.000951194	-0.000973902	0
4713.423609442	3625.244014883	0.0396636	0.241236	-0.00402321	0.000271615	-0.00091944	-0.000922793	0
4671.594437334	3616.923074047	0.036012	0.237417	-0.0313525	1.13244e-05	-0.0013964	-0.00054815	0
4707.804517117	3618.725438925	0.0298674	0.20873	-0.0223363	9.23011e-05	-0.00120538	-0.000686044	0
4680.645154955	3620.59716796	0.0364188	0.201542	-0.062442	-0.000271892	-0.00163918	-0.000922793	0
4719.215724892	3614.896620192	0.0449273	0.179166	-0.0596165	0.00174355	-0.00161822	-0.000922793	0
4684.011342018	3619.976751771	0.0392916	0.232063	-0.0567444	0.000817369	-0.00152497	-0.000726362	0
4713.293842099	3632.44671725	0.0366253	0.24267	-0.0222215	0.00130795	-0.00168327	-0.000922793	0
4707.206145479	3626.745479978	0.0456519	0.214575	0.0122837	0.000431075	-0.00214734	-0.00146683	0
4704.998436962	3627.309908398	0.0326524	0.24942	0.00775494	-0.000472577	-0.00220667	-0.00117609	0
4715.596103317	3620.592203527	0.0280153	0.203015	0.00163948	8.47458e-05	-0.0019308	-0.00109388	0
4685.365303421	3623.516254397	0.0383547	0.18575	-0.0590829	0.000729234	-0.00204686	-0.00098215	0
4727.534698884	3631.191543178	0.0437136	0.165301	-0.0479261	0.00194168	-0.00161457	-0.000779604	0
4681.689116594	3623.522184136	0.032867	0.187208	-0.118241	0.00182731	-0.00244903	-0.000981393	0
4716.414081228	3623.072351371	0.0362792	0.210174	-0.0576863	0.00174194	-0.00202585	-0.000946474	0
4694.017846033	3628.689055386	0.0348233	0.241559	-0.0571406	0.000938687	-0.0022867	-0.00123815	0
4732.834363904	3635.757855971	0.0438036	0.265221	-0.0163155	0.00129335	-0.00203248	-0.00139335	0
4704.32131762	3624.76701564	0.0397922	0.27194	-0.0256722	-5.19239e-05	-0.00215222	-0.0010099	0
4728.413955818	3632.361080786	0.0360807	0.222026	-0.0270572	0.00136672	-0.00199468	-0.00095102	0
4695.00136049	3633.136911298	0.0319748	0.217131	-0.0899883	0.00160345	-0.00246395	-0.000853564	0
4714.429860913	3630.152873533	0.0378164	0.210528	-0.0640216	0.00144589	-0.00225319	-0.000813881	0
4706.982934558	3628.991334178	0.0393083	0.212945	-0.0970665	0.00201602	-0.00217768	-0.000936916	0
4714.250737614	3633.018592319	0.0318448	0.248008	-0.0520655	0.00165793	-0.00211092	-0.00106622	0
4716.978901907	3634.383397613	0.0398914	0.22405	-0.00844275	0.00111674	-0.0019745	-0.00113361	0
4697.161931297	3629.543351516	0.0407047	0.248187	0.00668692	-0.000140336	-0.00159984	-0.00107202	0
4714.116811062	3626.381007876	0.044261	0.206705	0.0088436	0.000161508	-0.00158059	-0.000768948	0
4687.665623674	3626.876485841	0.0409687	0.203054	-0.0685492	0.00128256	-0.00265554	-0.000965866	0
4715.731138992	3628.598454489	0.0423931	0.197165	-0.0442232	0.00168461	-0.002215	-0.000959816	0
4682.646843951	3627.156562587	0.0419428	0.199309	-0.104929	0.00135311	-0.00243774	-0.000765298	0
4711.098333931	3621.365413922	0.0384651	0.24062	-0.0592554	0.00163545	-0.00219846	-0.000935006	0
4701.249048044	3621.391752996	0.0385725	0.227252	-0.0276773	0.00110437	-0.00195479	-0.00107736	0
4711.711956004	3628.050160476	0.0408597	0.226605	-0.00279791	8.69494e-06	-0.00202474	-0.001017	0
4703.672758185	3620.970603621	0.0396951	0.238106	0.00403273	5.91809e-05	-0.00156672	-0.00103025	0
4690.361346131	3617.152265357	0.0437247	0.231515	-0.00072208	-0.000555496	-0.00168974	-0.000930494	0
4710.658566823	3621.066582653	0.0491274	0.177942	-0.00483708	0.00022039	-0.00141089	-0.00074872	0
4692.59955552	3618.770670423	0.0353916	0.179179	-0.0192102	0.000148606	-0.00219502	-0.00097404	0
4713.569181782	3620.245658543	0.0384427	0.188833	-0.0328403	0.00129998	-0.00199038	-0.000774418	0
4686.731742453	3619.20119706	0.039586	0.210672	-0.0919415	0.000928892	-0.00242131	-0.000981634	0
4719.156386833	3621.176213876	0.0422159	0.224953	-0.0267813	0.00182746	-0.00214175	-0.000995168	0
4701.842983191	3625.920418841	0.0344798	0.241011	-0.0151147	0.000540032	-0.0024094	-0.000945712	0
4730.402889904	3628.667680746	0.0366563	0.26943	0.00763033	0.00093129	-0.00213974	-0.00106321	0
4698.51616998	3623.673737235	0.0404507	0.224602	-0.000681342	0.000213091	-0.00194842	-0.000897254	0
4708.442817168	3624.323112614	0.0376545	0.213355	-0.0252985	0.00137382	-0.00212496	-0.00114035	0
4698.754076776	3626.623851376	0.0424304	0.184277	-0.0476628	0.00260174	-0.0023208	-0.00133844	0
4701.680496732	3623.786540178	0.0449716	0.217686	-0.0681391	0.0018216	-0.00237529	-0.000763873	0
4699.832143934	3617.81584453	0.0469351	0.200867	-0.0270186	0.00163124	-0.00209015	-0.000931524	0
4693.848704837	3626.568415211	0.0406004	0.204409	-0.0433855	0.00157408	-0.00247282	-0.00140393	0
4716.54329401	3626.299094736	0.0384723	0.220488	-0.000642272	0.00155772	-0.00226719	-0.00141757	0
4688.581204373	3623.283753465	0.0324088	0.24263	0.00969297	0.000896635	-0.00197445	-0.00117765	0
4710.350230743	3625.607383778	0.0448111	0.207979	-0.00672497	0.00127027	-0.00224514	-0.001242	0
4698.080562083	3622.698226206	0.038908	0.191859	-0.0342975	0.00214618	-0.00232823	-0.00124316	0
4689.433010523	3621.861719293	0.0424488	0.21879	-0.0399906	0.00204044	-0.00262248	-0.00138194	0
4700.516749853	3619.322963562	0.0447887	0.214074	-0.0142168	0.00155884	-0.00214017	-0.00128652	0
4681.749286495	3626.549660687	0.0448505	0.21977	-0.0408687	0.00191525	-0.00258237	-0.00137833	0
4706.924428341	3629.208252308	0.0416208	0.220004	0.0076094	0.000637907	-0.00222045	-0.00125345	0
4681.649465461	3624.197484886	0.0297948	0.260506	0.00286083	2.78169e-05	-0.00258552	-0.00148356	0
4711.330695113	3623.798123854	0.0448449	0.190428	0.0101554	0.000527755	-0.00230546	-0.0012173	0
4686.712055527	3623.132751969	0.0372612	0.204065	-0.0370371	0.00159797	-0.00259784	-0.00131577	0
4713.591641515	3623.545213588	0.0387545	0.161894	-0.0178419	0.00157346	-0.0025661	-0.00122819	0
4682.034608281	3627.097403097	0.0379657	0.217475	-0.0571317	0.00228132	-0.00278322	-0.00148074	0
4714.215245691	3628.335753258	0.039845	0.215874	-0.0233148	0.00159416	-0.00241089	-0.00139066	0
4704.562551784	3624.590778278	0.0331656	0.232847	-0.00149425	0.000776032	-0.00240553	-0.00178971	0
4714.64253517	3624.385030122	0.0407712	0.268828	0.0231598	-0.000103118	-0.00222883	-0.001552	0
4701.420130203	3625.852571594	0.0313407	0.188228	-0.0118314	0.000729836	-0.0025797	-0.00155128	0
4708.290590092	3628.818958042	0.0377537	0.201205	-0.0233182	0.000904777	-0.00271447	-0.00139598	0
4705.453454505	3629.852525354	0.0327944	0.1694	-0.0399845	0.00126609	-0.00283476	-0.00114115	0
4692.863249416	3627.969074742	0.0294385	0.187944	-0.0289609	0.00139896	-0.00296442	-0.00133454	0
4713.29439666	3625.781276824	0.0273773	0.183094	-0.0196168	0.00131317	-0.00219863	-0.00139442	0
4705.166746315	3630.610015046	0.0237865	0.233415	-0.0273899	2.82044e-05	-0.00251362	-0.00152259	0
4726.219556772	3626.872210913	0.0385421	0.240973	-0.0022187	-0.000378486	-0.00178474	-0.00115841	0
4691.70061166	3620.666394216	0.0455773	0.205583	-0.0775051	0.00135437	-0.00256386	-0.00109026	0
4717.732273427	3617.85983492	0.0416895	0.223928	-0.0550632	0.00204757	-0.00229422	-0.000883836	0
4683.286807686	3615.612188008	0.0375789	0.214282	-0.0790551	0.00104294	-0.00238443	-0.00099326	0
4710.108719299	3616.758834064	0.0354041	0.21706	-0.0630896	0.00198276	-0.00254876	-0.00115466	0
4700.505935908	3623.145990457	0.0386073	0.235689	-0.0709458	0.00112004	-0.00258295	-0.00101353	0
4720.937360434	3631.335511727	0.0366295	0.213262	-0.018441	0.00114218	-0.00247353	-0.00113331	0
4703.565727855	3620.400521264	0.0457577	0.230555	-0.00542649	0.000709762	-0.00223108	-0.00148534	0
4717.535126886	3617.77337105	0.0296145	0.223194	-0.0149519	0.000281215	-0.00260281	-0.00114514	0
4703.911219542	3622.655890627	0.044396	0.178292	-0.0274613	0.000900862	-0.00226703	-0.00080193	0
4701.87681143	3621.357139868	0.0340547	0.208487	-0.063502	0.000293647	-0.00265125	-0.00094297	0
4715.610521911	3618.473769766	0.0467319	0.187863	-0.0711674	0.0018495	-0.00202253	-0.000888239	0
4686.293361749	3621.206689976	0.0361422	0.215015	-0.0920932	0.000740753	-0.00227922	-0.000798136	0
4715.758035215	3626.382800588	0.0353224	0.223803	-0.031774	0.00179964	-0.002285	-0.00129864	0
4693.942425696	3624.766326135	0.0375594	0.249746	-0.0184565	0.000805366	-0.00228153	-0.00136773	0
4728.392327928	3623.233833336	0.0399282	0.269564	-0.0105727	0.00103663	-0.0022985	-0.00138647	0
4698.702502575	3618.027108723	0.0450523	0.224702	-0.0393992	0.00164607	-0.00211432	-0.00103686	0
4712.869325428	3624.266159539	0.0504076	0.242812	-0.0157819	0.00100305	-0.00193465	-0.00109098	0
4710.290615404	3620.607510528	0.0512499	0.191961	-0.0504661	0.0020677	-0.00190899	-0.00111832	0
4697.079856225	3620.271170211	0.0411575	0.234532	-0.0691887	0.00211742	-0.00231844	-0.000866309	0
4723.183610961	3620.772302114	0.0468891	0.224481	-0.0156865	0.00146706	-0.00188205	-0.00107761	0
4705.36139733	3630.132326298	0.0554684	0.204177	-0.0363969	0.00127097	-0.00244484	-0.00139673	0
4731.906305576	3627.688032689	0.0510205	0.222299	-0.0142005	0.00108928	-0.00144271	-0.00139673	0
4695.625241947	3624.423918178	0.0520042	0.242359	-0.0582927	0.000454531	-0.00144892	-0.000831286	0
4729.071942795	3625.315585455	0.0551576	0.221267	-0.0213265	0.000987341	-0.00118174	-0.000925854	0
4693.964885429	3623.972706405	0.0446093	0.209019	-0.0368542	0.00121799	-0.00143616	-0.00107823	0
4709.470696529	3625.31944668	0.0330741	0.231059	-0.0238599	0.00172839	-0.00191161	-0.00113752	0
4707.729096781	3620.127201662	0.0512452	0.189699	-0.0191647	0.00149007	-0.00174492	-0.00121983	0
4708.697638083	3629.469988233	0.0330815	0.234953	-0.0100381	0.000643245	-0.00179557	-0.00139673	0
4717.795493415	3625.870774513	0.0415663	0.257778	0.0123965	0.000401763	-0.00166043	-0.00139673	0
4693.589724712	3618.810385884	0.0369869	0.239391	-0.00649829	-0.000325224	-0.00194868	-0.00139673	0
4711.163217602	3622.481583878	0.0559956	0.190988	-0.00228936	0.000516984	-0.00167484	-0.00100531	0
4681.402685685	3620.029016215	0.0432482	0.189729	-0.0518143	0.000637125	-0.00230507	-0.00121048	0
4724.806534592	3624.830174256	0.0487358	0.190584	-0.0288364	0.00135768	-0.00207991	-0.00126848	0
4695.109777223	3625.210367061	0.0448518	0.218677	-0.0552683	0.000792617	-0.00221517	-0.00129551	0
4725.025863584	3627.12512118	0.0367792	0.220006	-0.00561949	0.000782427	-0.00201507	-0.00139673	0
4718.514759415	3624.854720618	0.0451968	0.243339	-0.000256273	0.000351954	-0.00169563	-0.00139673	0
4722.10443468	3628.479032302	0.039542	0.275455	0.019808	-3.42396e-05	-0.00186938	-0.00125809	0
4707.331476332	3625.355714619	0.0529617	0.185476	-0.0230763	0.00193515	-0.00194151	-0.00124909	0
4704.213732729	3623.625747718	0.0424073	0.225881	-0.0321615	0.00129299	-0.00234167	-0.00139673	0
4723.719317172	3626.851112074	0.0429478	0.203614	-0.049158	0.00246839	-0.00208198	-0.00101154	0
4709.923495826	3626.995494326	0.0430695	0.227335	-0.0769837	0.000793689	-0.00246615	-0.00100237	0
4718.652845177	3621.09195642	0.0460553	0.199275	-0.0594365	0.000722781	-0.00228311	-0.00127722	0
4695.575608711	3621.532825626	0.0422406	0.226237	-0.0556155	0.000793689	-0.00265797	-0.00146761	0
4723.280381907	3632.957502216	0.0419144	0.228441	-0.000425232	0.000514715	-0.00225956	-0.00145513	0
4699.203548706	3626.928060781	0.0408719	0.25965	-0.0055525	0.000891473	-0.00229424	-0.00146126	0
4707.769857036	3625.467828058	0.0439409	0.263571	0.0140647	0.000443134	-0.0020891	-0.00137454	0
4695.794383142	3620.769268294	0.050708	0.171012	-0.0134189	0.0013818	-0.00219579	-0.000993787	0
4702.570567611	3617.644709502	0.0432438	0.20563	-0.0198376	0.00125517	-0.00212936	-0.00125513	0
4706.196843921	3620.965777089	0.0437777	0.169446	-0.0268998	0.00224214	-0.00234934	-0.00107695	0
4691.594135891	3621.258540718	0.032346	0.208501	-0.0308766	0.00177041	-0.00260638	-0.00124354	0
4716.891835784	3620.81725781	0.0508451	0.227576	-0.000713528	0.00164115	-0.0023187	-0.00124478	0
4698.437422276	3624.512450562	0.0441174	0.22906	-0.0189286	0.00164629	-0.00300258	-0.00135724	0
4705.129036147	3625.676610034	0.0469016	0.257601	0.0218364	0.000497075	-0.00223391	-0.00150052	0
4686.046859253	3619.796928986	0.0400395	0.233977	0.0141807	0.000105091	-0.00262042	-0.00137135	0
4709.701394028	3620.177259692	0.0503965	0.192536	0.00657998	0.000893669	-0.00243501	-0.00131833	0
4688.452823433	3623.902239041	0.0399917	0.20846	-0.0245152	0.0012915	-0.0029151	-0.00129256	0
4722.973986791	3620.396246336	0.0422203	0.194748	-0.0264669	0.00239347	-0.00261565	-0.00117111	0
4691.406139612	3622.604315687	0.0311142	0.232532	-0.0344636	0.00201071	-0.00291745	-0.00142452	0
4717.176325728	3628.204885296	0.031998	0.22713	0.00525544	0.000928365	-0.00257921	-0.0015384	0
4698.449622625	3621.574885403	0.0402975	0.215909	0.0161427	0.000183603	-0.00247263	-0.00160831	0
4710.037180892	3624.051999427	0.0355309	0.277035	0.0151874	8.77969e-06	-0.00234342	-0.00130621	0
4697.942199039	3624.703994924	0.027643	0.195206	-0.00865378	0.000424597	-0.00302516	-0.00148048	0
4710.014443879	3627.70030587	0.0312863	0.206149	-0.0165272	0.000735006	-0.00292713	-0.00144208	0
4701.365783197	3628.951480816	0.0316264	0.18726	-0.0399769	0.00162319	-0.00289699	-0.00135711	0
4706.838194059	3626.631711728	0.0280992	0.216808	-0.0375997	0.00252088	-0.00310854	-0.00153923	0
4712.694638619	3623.146817862	0.0223877	0.198041	-0.0241248	0.00148507	-0.00260215	-0.00182982	0
4703.716013966	3629.018224856	0.0200747	0.240665	-0.0141637	0.000780238	-0.00254464	-0.00159974	0
4736.674423594	3631.115421877	0.0279356	0.256613	-0.010434	0.00109806	-0.00224998	-0.00150873	0
4708.120894336	3623.83687401	0.0230186	0.229886	-0.0235224	0.00106372	-0.00263949	-0.00123537	0
4718.147362556	3623.701317416	0.0352487	0.211447	-0.0274135	0.00175731	-0.0024504	-0.00136522	0
4713.694512635	3626.119547753	0.0226304	0.217285	-0.0235768	0.00134676	-0.00270514	-0.00142801	0
4727.287364546	3628.253426416	0.0417638	0.200028	-0.0252291	0.00197143	-0.00231176	-0.00117319	0
