4913.277722243	3674.86711651	-0.0462451	0.0232734	-0.197801	-0.0026344	-0.000929662	0.00163446	1
4787.548666404	3668.461090467	-0.0510688	0.0306819	-0.177852	-0.00256762	-0.00116049	0.00172663	1
4677.068689816	3677.754014992	-0.0500323	0.0361726	-0.168302	-0.00273312	-0.000915129	0.00181668	1
4615.965492277	3677.340115686	-0.0500684	0.0606747	-0.145344	-0.00217619	-0.000766885	0.00171227	1
4574.19684872	3689.016122363	-0.0468378	0.103256	-0.0866464	-0.00225964	-0.000812559	0.00131311	1
4547.731401141	3687.45212811	-0.0439781	0.0968796	-0.0198942	-0.00221103	-0.000442694	0.00137796	1
4520.098046927	3691.04178434	-0.0586195	0.0962432	0.0553575	-0.00240996	-0.000666753	0.00123971	0
4513.627039181	3681.444265892	-0.0528123	0.127307	0.0852978	-0.00263541	-0.000517361	0.00112724	0
4486.410383772	3683.828472006	-0.0487348	0.13504	0.115241	-0.00281603	-0.000737546	0.000945837	0
4470.894779637	3684.159479054	-0.0439252	0.102384	0.115796	-0.00308135	-0.000457272	0.00107273	0
4443.619610515	3675.188288884	-0.0571385	0.0961043	0.085702	-0.0028195	-0.000518128	0.00111096	0
4446.700205255	3674.077251645	-0.057405	0.102778	0.0831311	-0.00247317	-0.000500715	0.000934936	0
4439.051482217	3679.371397477	-0.0598737	0.121852	0.0477352	-0.00198046	-0.000779375	0.00100148	0
4452.29249263	3673.261816625	-0.0620003	0.137208	0.0340967	-0.00174093	-0.000798465	0.000989259	0
4440.632367132	3684.03781008	-0.0577464	0.15872	-0.00341104	-0.00177989	-0.000493378	0.00120832	0
4450.435950631	3686.511371237	-0.0558562	0.151829	0.0149827	-0.00175957	-0.000582241	0.00109883	0
4440.785585118	3678.07322043	-0.0512013	0.146618	-0.0316505	-0.00226796	-0.000500549	0.00124936	0
4443.186676692	3683.16252404	-0.053075	0.116114	-0.0181548	-0.00175787	-0.000550089	0.00117696	0
4438.381449478	3676.380251445	-0.0513853	0.105912	-0.0925806	-0.00215145	-0.000367627	0.00140569	0
4447.654012585	3683.442952762	-0.051895	0.0936684	-0.0464412	-0.00157612	-0.00050755	0.00131158	0
4432.286552992	3670.279943286	-0.0571403	0.0747528	-0.106222	-0.00230355	-0.000639811	0.00143646	0
4438.386522922	3674.861496696	-0.0555667	0.0935843	-0.061145	-0.00209542	-0.000868728	0.00133101	0
4467.789155911	3682.421832548	-0.0595947	0.0839552	-0.0471991	-0.00235321	-0.000606256	0.00120514	0
4453.654881256	3683.022871661	-0.0600801	0.101778	0.0178953	-0.00226646	-0.000669863	0.00112921	0
4466.838730876	3683.530621861	-0.0634675	0.12055	0.0543456	-0.00262641	-0.000495392	0.00121885	0
4438.139277121	3670.207447685	-0.065619	0.125841	0.0610908	-0.00259487	-0.00061045	0.00126763	0
4442.19634057	3669.939944536	-0.0608465	0.122874	0.0517607	-0.00246079	-0.000595667	0.00102316	0
4438.370964362	3675.086289259	-0.061929	0.113686	0.0161505	-0.00229652	-0.000513225	0.00126369	0
4444.732385734	3669.917184289	-0.0590166	0.115641	0.0314841	-0.0023394	-0.000464093	0.00111551	0
4440.92696507	3667.573440836	-0.0548371	0.141214	-0.0116278	-0.00214319	-0.000655955	0.00124965	0
4443.30066005	3673.080296631	-0.0600521	0.150083	0.0117661	-0.0019864	-0.000362082	0.00115845	0
4435.939770359	3669.663449684	-0.0629351	0.122071	-0.0357348	-0.00223263	-0.000572726	0.00112651	0
4433.691896771	3669.3939796	-0.0672971	0.133217	-0.00933275	-0.00194307	-0.000633595	0.00118501	0
4432.528048891	3671.637690362	-0.0603951	0.0968099	-0.0360315	-0.00209823	-0.00042633	0.00122079	0
4440.361445263	3667.460763564	-0.0606519	0.108471	-0.0333259	-0.00204348	-0.00072213	0.00114912	0
4433.161891067	3669.272591616	-0.0506447	0.0863169	-0.0271299	-0.00170601	-0.000348577	0.00126587	0
4433.341152728	3667.382367158	-0.0497116	0.0799045	-0.0356256	-0.00191758	-0.000465144	0.00140577	0
4432.795926694	3669.705036308	-0.0479868	0.0869791	-0.0212255	-0.0015807	-0.000201703	0.00138454	0
4440.668557694	3679.351447138	-0.0600477	0.0998109	-0.0278398	-0.00171176	-0.000249022	0.00122403	0
4461.136518897	3684.401131059	-0.0566093	0.106059	0.0500555	-0.0017027	-0.000431003	0.00113925	0
4464.838779548	3681.385538836	-0.0631229	0.142299	0.0728985	-0.00223476	-0.000651027	0.0011722	0
4450.235718738	3687.718788287	-0.0605481	0.135374	0.10486	-0.00224097	-0.000894798	0.0010438	0
4451.227746007	3682.968078474	-0.0506985	0.117153	0.108069	-0.00298511	-0.000632605	0.00127393	0
4436.092650115	3675.989112387	-0.0556952	0.0773599	0.0572638	-0.00233562	-0.000445998	0.00113967	0
4449.765917893	3682.453865488	-0.061609	0.0763622	0.0478542	-0.00195487	-0.000782044	0.00105825	0
4435.327236644	3674.563646551	-0.0650135	0.087489	-0.0326357	-0.00199856	-0.000498795	0.0013006	0
4435.999636989	3677.780990099	-0.0636362	0.126828	-0.0132557	-0.00179463	-0.000686072	0.0012959	0
4429.551628853	3674.109284585	-0.0562806	0.118997	-0.0587373	-0.00191491	-0.000412927	0.0011154	0
4430.80815163	3677.263686215	-0.0511347	0.13746	-0.0393285	-0.00196818	-0.000699858	0.00125653	0
4429.900681748	3685.973836023	-0.049172	0.158379	0.00367126	-0.00176353	-0.000546669	0.00120892	0
4455.383910715	3687.071104717	-0.0593875	0.143413	0.0431048	-0.00188418	-0.000742406	0.00128891	0
4455.918313403	3689.039725582	-0.0598413	0.128424	0.104428	-0.00206483	-0.00107625	0.000986074	0
4462.36632154	3687.698837948	-0.0580091	0.090951	0.112007	-0.00235551	-0.000868867	0.00115873	0
4432.351831295	3685.069045959	-0.0613425	0.048257	0.0736614	-0.002069	-0.00106951	0.00109904	0
4445.543798424	3683.674770092	-0.0633151	0.0304247	0.0432263	-0.00206263	-0.000938615	0.00123205	0
4422.221179821	3680.436914223	-0.0546225	0.0774228	0.0255458	-0.0017205	-0.000813586	0.00116367	0
4434.489780279	3671.605938413	-0.0561357	0.10568	0.018992	-0.00163444	-0.00051917	0.00132987	0
4428.601203818	3686.604098169	-0.0453533	0.105844	-0.130769	-0.00239592	-0.000308637	0.00217739	0
4424.086854018	3682.701980278	-0.0596659	0.188617	-0.115162	-0.00152483	-0.000160503	0.00254699	0
4427.281432115	3668.329586818	-0.047072	0.0940272	-0.139412	-0.00219014	-0.000157724	0.00172753	0
4415.317238252	3671.835507817	-0.0516939	0.133511	-0.141771	-0.00216752	-0.000430839	0.00167108	0
4426.260317104	3674.639514041	-0.0532306	0.117654	-0.174192	-0.00206589	-0.000389805	0.00162818	0
4450.036163304	3690.764446516	-0.0630917	0.118613	-0.0284315	-0.00106644	-0.000545237	0.00151295	0
4472.591000828	3692.111234955	-0.0569077	0.0926925	0.0364367	-0.00173438	-0.000446842	0.00158121	0
4452.531620922	3680.674070376	-0.0592495	0.0700912	0.111051	-0.00176178	-0.00112596	0.00115212	0
4460.909905098	3679.206736926	-0.0580227	0.0336654	0.102025	-0.00194108	-0.000925608	0.0012738	0
4417.660154343	3670.386438763	-0.0633681	0.0245175	0.0674723	-0.00131641	-0.000791737	0.00134532	0
4431.397685735	3670.834618934	-0.0654661	0.0836182	0.0494931	-0.00130741	-0.00112368	0.00128897	0
4415.381501866	3669.632540707	-0.0684898	0.107253	0.01734	-0.000888448	-0.000863376	0.00114448	0
4426.578252881	3670.462306252	-0.0662098	0.143287	0.00877069	-0.000966506	-0.00111313	0.00145956	0
4413.601399746	3672.349439813	-0.0537968	0.188738	-0.0298124	-0.0014805	-0.000435534	0.00156153	0
4418.515536874	3672.808297631	-0.057493	0.181417	-0.0327141	-0.00160884	-0.000317935	0.00165652	0
4403.733552632	3672.188994121	-0.0432127	0.146647	-0.114475	-0.00174798	-0.000211412	0.00149361	0
4348.779368307	3637.025536574	-0.0491908	-0.0757394	-0.911515	0.0091922	0.00483965	0.00546961	0
4385.896340867	3663.35745633	-0.0667507	0.0252269	-0.474079	0.00101239	0.00127072	0.00237739	0
4407.767954701	3682.841070676	-0.0623374	0.0307927	-0.0502842	-0.00148655	5.59234e-05	0.00143496	0
4445.595209315	3690.861388308	-0.059449	0.0261363	0.0770473	-0.00217136	-0.000111597	0.0012798	0
4418.60110895	3690.305869689	-0.0555089	0.00371791	0.125661	-0.00188811	3.3461e-05	0.0013001	0
4425.367729322	3676.054864211	-0.053238	0.0158153	0.0904438	-0.00184567	-9.8657e-05	0.00142732	0
4406.066660066	3672.627058627	-0.0555808	0.0622125	0.0409069	-0.000897265	-3.5684e-05	0.0015124	0
4430.564964584	3670.634834544	-0.052859	0.106723	0.0314755	-0.0010721	-8.32577e-05	0.00173631	0
4406.053807343	3671.147923567	-0.0407909	0.149714	0.0165208	-0.000597947	0.000305361	0.00181882	0
4420.861497031	3672.043440937	-0.0451882	0.160714	0.0174717	-0.000601346	0.000229424	0.00177301	0
4397.889284242	3679.519760569	-0.0484488	0.186644	0.00305495	-0.000484182	0.00048476	0.00190232	0
4424.778871676	3686.530478605	-0.0300128	0.144705	0.00329131	-0.00063317	0.00100315	0.00216996	0
4416.411072616	3684.415742575	-0.018158	0.154863	-0.058436	-0.000565154	0.00152405	0.00196581	0
4410.978091358	3677.126562752	-0.0185902	0.0621895	-0.0342979	-0.000716164	0.000829531	0.00137105	0
4408.112272383	3671.296005668	-0.0315734	0.085473	-0.129196	-0.00158914	0.000744041	0.00128447	0
4400.13648137	3674.636142153	-0.0334299	0.0572404	-0.045951	-0.000822632	0.000235729	0.00103542	0
4446.706293386	3680.911226529	-0.0408672	0.091754	-0.000405441	-0.000525979	9.75872e-05	0.000886925	0
4445.864778267	3684.126322151	-0.0332469	0.0729748	0.107628	-0.000663603	-0.000191519	0.000798436	0
4464.652076837	3671.80459884	-0.0448601	0.116627	0.180935	-0.000580688	-0.000392522	0.00063582	0
4444.608255489	3671.362319474	-0.0346463	0.0937089	0.249036	-0.000187019	-0.000614574	0.00081703	0
4448.630143065	3668.400677465	-0.0378029	0.086301	0.231619	-0.000713022	-0.000508498	0.000628915	0
4408.514765547	3663.981536681	-0.0464377	0.101518	0.196874	-0.000179957	-0.000595214	0.000719622	0
4439.181024134	3662.78957412	-0.0398995	0.130948	0.176176	0.000218902	-0.000410018	0.000613644	0
4421.142227557	3676.37406965	-0.0336507	0.15099	0.136494	0.000334417	-0.000232853	0.000745118	0
4434.738717228	3673.55545191	-0.0322193	0.159807	0.1264	0.000342401	-0.000225305	0.000420872	0
4424.991618063	3672.565240673	-0.0339574	0.174997	0.099972	0.000235574	-0.000531825	0.000922221	0
4428.162858322	3685.412135608	-0.0367754	0.152824	0.0961956	0.000599372	-0.000300034	0.000629896	0
4429.784669013	3687.705581724	-0.0427249	0.13468	0.0827138	0.000219489	-0.000783793	0.00082189	0
4423.360675174	3678.494144503	-0.039376	0.0989538	0.0817044	-4.53106e-05	-0.000294775	0.00064835	0
4430.601155146	3686.842378285	-0.0427694	0.0689797	0.0616738	0.000201263	-0.000379485	0.000952849	0
4422.948035124	3688.015233479	-0.042186	0.0746437	0.0546152	-0.0001309	-0.000316657	0.00099846	0
4432.772927085	3682.983251972	-0.0418892	0.0507482	0.0487037	0.000451263	-0.000344682	0.000927544	0
4424.699049503	3680.285179243	-0.0454011	0.0630647	0.0493443	3.40219e-05	-0.000345949	0.00105905	0
4410.084827117	3683.765530089	-0.0470139	0.0957779	0.0336149	0.000178922	-0.000467214	0.000998841	0
4408.21238833	3675.567064351	-0.0350148	0.109976	0.0186045	-0.000189042	-7.07975e-05	0.00103719	0
4413.011865641	3676.57778791	-0.048242	0.133049	0.0237787	-0.000216583	-0.0005189	0.00111121	0
4401.093670996	3667.2753097	-0.0353319	0.108106	0.00742464	-0.000187331	-0.000196034	0.000742351	0
4411.343041042	3674.723811252	-0.0448156	0.129189	0.00730035	-0.000108537	-0.000236085	0.000992658	0
4410.903004398	3675.344238724	-0.0371312	0.0957092	0.0074528	-0.000218038	-0.000183004	0.000926654	0
4435.196341809	3677.59328831	-0.0449976	0.172012	0.0949616	-8.53068e-05	-0.000840237	0.000832615	0
4441.759686221	3690.15863056	-0.0348137	0.122849	0.150324	-0.000604477	-0.000192706	0.000756415	0
4447.634395271	3678.574226853	-0.0481401	0.150285	0.241824	-0.000322126	-0.000865538	0.000813709	0
4426.423681977	3677.511520015	-0.0347907	0.0965148	0.285096	-0.000577095	-0.000440089	0.000762316	0
4420.631839167	3672.005226202	-0.0311872	0.0830913	0.267171	-0.000400096	-0.000620778	0.000682753	0
4403.082798978	3666.022934138	-0.0405214	0.109782	0.241314	-0.000305068	-0.000535709	0.000696016	0
4415.447118399	3659.5713876	-0.0387782	0.083013	0.216975	0.000233015	-0.000488908	0.000802173	0
4419.363816585	3660.26290572	-0.0354181	0.132809	0.208793	0.000171952	-0.00035632	0.000645899	0
4430.636331019	3664.545204031	-0.0321716	0.165916	0.175108	0.000340185	-0.000428605	0.000612192	0
4430.371159052	3665.898455256	-0.0311555	0.169406	0.15569	0.000157736	-0.000417049	0.000619929	0
4440.026936238	3663.178465253	-0.034134	0.189349	0.111259	0.000261468	-0.000335244	0.000507003	0
4425.852750497	3663.45327416	-0.0342079	0.149809	0.108914	-0.000117645	-0.000415164	0.00050142	0
4431.317187102	3665.96785996	-0.0365793	0.148398	0.0754101	0.000362655	-0.00040981	0.000528013	0
4416.380970186	3664.360031158	-0.0362327	0.0967568	0.070167	-1.72109e-05	-0.000290187	0.000481477	0
4458.60284134	3668.535553003	-0.0389133	0.0826403	0.0538701	0.000183884	-0.000541968	0.000640426	0
4423.016695722	3670.253811151	-0.0417175	0.0697059	0.0671303	-0.000235271	-0.000354454	0.000471722	0
4473.473779953	3685.441920622	-0.0422412	0.101939	0.144746	-0.000193236	-0.000794072	0.000547145	0
4450.390966101	3689.599740052	-0.0367955	0.090456	0.187718	-0.00053765	-0.000350505	0.00055225	0
4450.509346444	3672.462960057	-0.045253	0.117396	0.185742	-0.000233427	-0.000910388	0.000730256	0
4413.620002371	3673.127222078	-0.0382032	0.0939028	0.137295	-0.000199877	-0.000395787	0.000613817	0
4444.865309947	3672.469141852	-0.0448733	0.146735	0.14804	0.000316041	-0.000482273	0.000704378	0
4427.731953875	3686.837882434	-0.0136686	0.111558	0.0354883	-0.000502866	0.0013233	0.00127183	0
4442.33129416	3682.221205186	-0.0180992	0.19102	0.0604798	-4.01593e-05	0.000138904	0.00105211	0
4403.72780273	3681.368398403	-0.0188141	0.171678	-0.101621	-0.0012983	7.97333e-06	0.000792445	0
4426.138554466	3673.57961711	-0.0329272	0.185069	-0.0425893	-0.000800804	0.000125939	0.000608094	0
4394.640251187	3674.775513541	-0.0326752	0.134462	-0.0610407	-0.00131717	-0.000206626	0.000711988	0
4452.066217061	3697.598702391	-0.0299073	0.165299	0.0486803	-0.000513414	-0.000385987	0.000485172	0
4434.259107726	3692.354291913	-0.038682	0.102806	0.170313	-0.000369514	-0.000350755	0.00049397	0
4467.3311931	3693.67663416	-0.0411941	0.098514	0.199612	-0.000345301	-0.00066325	0.000718873	0
4425.269304523	3672.713603764	-0.0426766	0.0772414	0.199822	-0.000484477	-0.000499146	0.000564918	0
4447.499441681	3677.179950986	-0.0434449	0.0825477	0.171867	-0.000655878	-0.000747045	0.000608354	0
4400.051247524	3669.080674966	-0.0341109	0.0784742	0.110411	-0.000618195	-0.000314955	0.00056746	0
4451.164835311	3681.121969556	-0.0358087	0.150031	0.100402	-0.000297395	-0.000703914	0.000520341	0
4422.690642436	3670.46146328	-0.0368686	0.155897	0.0493737	-0.000569132	-0.000475368	0.000530044	0
4462.769829392	3670.575264515	-0.0382955	0.192896	0.0626901	-0.000224353	-0.000582609	0.000514687	0
4430.658654169	3669.799168194	-0.0407102	0.182903	0.025308	-0.000120945	-0.000356578	0.000801501	0
4458.105982131	3671.650053953	-0.040609	0.171096	0.0372425	1.80509e-05	-0.000413996	0.000688163	0
4423.545010279	3675.364470055	-0.0340996	0.13475	0.0471848	0.000553042	-0.000230439	0.000712735	0
4467.636952613	3684.398883133	-0.0174083	0.107627	0.0135214	-0.000465984	0.00108572	0.00147084	0
4443.505627157	3677.053224179	-0.0211868	0.171013	0.13081	4.4968e-05	-3.65165e-05	0.000900886	0
4463.805488274	3678.639135706	-0.0111109	0.121563	0.208357	0.000186283	8.67393e-05	0.000317613	0
4441.875698957	3673.800194812	-0.0212508	0.105458	0.273512	4.99489e-05	-0.000317327	0.00034149	0
4444.766546919	3669.018857012	-0.020483	0.0717298	0.260988	9.06585e-05	-0.000165483	0.000423359	0
4415.464368106	3667.224169393	-0.0230199	0.110904	0.211418	0.000150034	-0.000191219	0.000254307	0
4437.484802942	3666.522535607	-0.0232132	0.130011	0.168732	-0.000364406	-0.000433436	0.000238514	0
4435.829845755	3672.742264815	-0.0266256	0.207411	0.0776682	-0.000239536	-0.000396664	0.00030315	0
4421.069846434	3667.436879355	-0.0302713	0.216286	0.0717282	-0.000180498	-0.000321895	0.000455238	0
4442.885314163	3668.703585443	-0.0287553	0.197228	0.0386026	-0.000161896	-0.000407519	0.000349093	0
4429.61420132	3672.293522663	-0.0288297	0.177612	0.0385461	-0.000139549	-0.000257769	0.00034865	0
4442.48180631	3675.51845296	-0.0369298	0.144427	0.0251962	0.000153029	-0.000476832	0.000359712	0
4420.658559301	3679.44052119	-0.0261566	0.111112	0.0164694	-0.000230479	-0.000237784	0.000388781	0
4434.263166481	3678.344657449	-0.0345205	0.1114	0.0233981	-0.000133743	-0.000636944	0.000277218	0
4437.630241649	3689.664086923	-0.0294159	0.0978687	0.059014	-0.000167956	-0.000204723	0.000358597	0
4465.795630945	3692.488886459	-0.035428	0.122484	0.149281	-0.000317803	-0.000626354	0.000476075	0
4449.507510517	3692.499002125	-0.0300238	0.114087	0.170601	-0.000373715	-0.000472752	0.000463758	0
4443.883091335	3685.278103042	-0.0341614	0.125108	0.182696	-0.000337878	-0.00108994	0.000610435	0
4419.253215522	3679.473678093	-0.0347458	0.110442	0.106261	-0.000244567	-0.000174699	0.000565826	0
4434.525970841	3685.758878135	-0.0415701	0.153101	0.106842	-0.000170059	-0.000685235	0.00044049	0
4416.661362482	3682.240874535	-0.0293409	0.135923	0.0553241	-0.0002699	-0.000238323	0.000393193	0
4425.556123182	3681.029242624	-0.0407974	0.182228	0.0817016	0.000183729	-0.00075452	0.000405086	0
4405.133484738	3686.341933843	-0.040866	0.153328	0.0721589	0.000363072	-0.000507524	0.000458754	0
4417.30196925	3689.949292487	-0.0396227	0.170417	0.0728856	8.44312e-05	-0.00074927	0.000315101	0
4404.261528959	3680.104783212	-0.0302984	0.120235	0.0616158	0.000522896	-0.000276108	0.00033051	0
4424.391260612	3680.841259844	-0.0407582	0.114363	0.0714629	0.000285029	-0.000670372	0.000376895	0
4426.786264054	3690.528976307	-0.0434269	0.150364	0.155147	0.000416173	-0.000620342	0.000497184	0
4449.397924143	3688.497694516	-0.0292771	0.115038	0.269671	0.000149048	-0.00036407	0.000284616	0
4425.207746745	3678.159765567	-0.0345585	0.113563	0.301246	0.000154938	-0.000450505	0.000520114	0
4423.791579621	3676.389243148	-0.034335	0.106495	0.287574	0.000389815	-0.000605889	0.000310323	0
4416.308927292	3666.588006441	-0.0447387	0.091807	0.237777	0.0005855	-0.000712594	0.000417043	0
4414.602897443	3668.559718203	-0.0441609	0.109755	0.225285	0.000528105	-0.000782532	0.000415329	0
4427.342989893	3668.06686051	-0.0479252	0.151504	0.191302	0.000684469	-0.000759831	0.000368111	0
4430.995192571	3677.192033586	-0.029548	0.145942	0.0955085	-8.36661e-05	0.000311606	0.00101717	0
4453.762100024	3675.071396751	-0.025525	0.252014	0.0632588	0.000325709	-0.000132413	0.000691967	0
4422.585453046	3672.624810702	-0.0235171	0.155464	0.0375161	0.000180962	-9.77402e-05	0.000373458	0
4444.13439589	3674.403481851	-0.0298912	0.177035	0.00616256	-8.09881e-05	-0.000165904	0.000389495	0
4409.068109091	3672.734116085	-0.0329	0.135136	0.00531081	-2.34185e-05	-0.000253252	0.000351738	0
4438.14029181	3668.516726626	-0.03929	0.139181	0.0146887	-0.000150394	-0.000306703	0.000220747	0
4418.126234662	3681.53109202	-0.0304483	0.0965329	-0.00406227	-0.000140011	-8.81295e-05	0.000185466	0
4462.315587107	3687.631119188	-0.045312	0.147955	0.110749	1.39079e-05	-0.000773611	0.000331025	0
4452.881350276	3686.250611865	-0.0470251	0.115004	0.199041	0.000233248	-0.000672016	0.000422931	0
4465.361682432	3683.606770342	-0.0483783	0.138301	0.279323	0.000129318	-0.00118237	0.00013811	0
4427.749203582	3679.964849842	-0.0471426	0.131193	0.358225	0.000757314	-0.000992649	8.23528e-05	0
4445.060806627	3673.918491898	-0.0428551	0.144171	0.345515	0.000298117	-0.00144995	-3.76939e-05	0
4394.440695753	3666.201644225	-0.0469144	0.163524	0.290832	0.000410684	-0.00119857	0.000359238	0
4426.915129513	3669.609218478	-0.0482299	0.175215	0.279608	0.000491531	-0.00140051	3.87235e-05	0
4402.783127597	3672.969305303	-0.041808	0.178941	0.222251	0.000926353	-0.00111762	0.000132703	0
4434.84931829	3670.237232699	-0.0455294	0.230468	0.201262	0.000522749	-0.00109956	8.46931e-05	0
4401.958185725	3685.741456711	-0.0397697	0.191689	0.15245	0.000587268	-0.000795432	0.00014818	0
4443.043267363	3678.801829323	-0.0440204	0.190354	0.127126	0.000288537	-0.00115413	-1.19079e-05	0
4407.456783516	3678.717813103	-0.0421644	0.136582	0.0930608	0.000458191	-0.00087039	8.02789e-05	0
4437.209145859	3679.551512518	-0.0462432	0.120984	0.0946978	0.00025287	-0.00102457	2.45318e-05	0
4403.128798197	3685.406234803	-0.046867	0.107858	0.0721787	0.000564622	-0.000948705	-2.3224e-05	0
4435.11990193	3678.793118611	-0.0486334	0.0921838	0.0789611	0.000196829	-0.00120282	5.88776e-05	0
4409.194606942	3679.075233277	-0.0488091	0.0815797	0.0574634	0.000214002	-0.000916435	-8.6904e-08	0
4438.438948502	3686.28067787	-0.0525982	0.0943359	0.0538845	2.37728e-05	-0.00109026	-4.75592e-06	0
4421.58327889	3679.937874734	-0.0547602	0.0972452	0.0355835	0.000188048	-0.000845457	2.95579e-05	0
4454.26065038	3687.203732329	-0.0537359	0.129681	0.0724259	-1.03354e-05	-0.00112045	-1.62132e-06	0
4456.778092919	3694.813803535	-0.0486819	0.15592	0.143237	0.000403351	-0.00086478	-2.70181e-05	0
4482.910722621	3699.642628764	-0.0462463	0.161945	0.206881	2.86991e-05	-0.00113443	0.000102527	0
4442.924548791	3686.740659651	-0.0456496	0.175288	0.239225	0.00017159	-0.00102396	6.95593e-05	0
4455.072739529	3686.868510421	-0.0558582	0.146487	0.242773	2.46864e-05	-0.00123693	0.000208594	0
4421.788584227	3679.216290609	-0.0519526	0.129895	0.216944	0.000420008	-0.00113675	0.000300422	0
4441.848978822	3684.115925495	-0.050178	0.110213	0.192496	0.000371476	-0.00120694	0.00023661	0
4421.930978867	3688.857362615	-0.0403994	0.142811	0.149791	0.000610868	-0.000999255	0.000406679	0
4438.32056816	3675.722171219	-0.0450068	0.146982	0.125916	0.000290668	-0.000885407	0.000315624	0
4423.541966213	3684.468849818	-0.0344004	0.171059	0.0587833	0.000205543	-0.00082989	0.000823393	0
4424.867826048	3680.421178743	-0.0288333	0.183629	0.00112285	-4.43401e-06	3.92991e-05	0.00166684	0
4413.652810637	3682.839665723	-0.0185419	0.14664	0.00412213	-0.000123798	-0.000155213	0.000898627	0
4423.117488128	3678.776259169	-0.0242756	0.163867	-0.0105371	-0.000217061	-0.000246219	0.000553062	0
4418.58622685	3669.713185039	-0.0314353	0.115371	-0.0208793	-0.000160545	-0.000416963	0.000248012	0
4416.81356578	3673.281766965	-0.0392911	0.10801	-0.00967575	-0.000178485	-0.000109795	0.000669791	0
4432.574048109	3678.649813352	-0.0433162	0.137387	0.013538	-0.000185771	-0.000610785	0.000625678	0
4456.234219803	3689.806268219	-0.0431044	0.116721	0.132328	4.30707e-05	-0.000883016	0.000532563	0
4451.403625373	3669.834292031	-0.0470421	0.137444	0.213067	0.000248531	-0.00135874	0.000338807	0
4449.525774913	3681.012664173	-0.0451043	0.15133	0.272105	-8.47795e-05	-0.0015305	0.0004606	0
4436.068635817	3664.407799578	-0.0526315	0.149231	0.299516	0.000207212	-0.00174346	0.000377065	0
4414.243021202	3655.790376702	-0.0489922	0.161526	0.259875	0.0002892	-0.00137128	0.000331455	0
4413.262155507	3655.035073693	-0.0571095	0.125558	0.225423	0.000767914	-0.00140109	0.000331053	0
4416.817286305	3656.598786954	-0.0461447	0.156606	0.212017	0.000580203	-0.00127722	0.000395267	0
4423.231133257	3668.51026384	-0.0482869	0.190785	0.175933	0.000811034	-0.00126666	0.000471181	0
4443.223881942	3663.238878254	-0.0445668	0.19108	0.151197	0.000642708	-0.00118519	0.00036196	0
4427.25538844	3664.965847114	-0.0441248	0.206577	0.109388	0.000636343	-0.00124018	0.000385398	0
4427.888215927	3671.328319599	-0.0399534	0.183452	0.105717	0.000398592	-0.00119088	0.000218162	0
4419.080380222	3676.732613787	-0.0486196	0.167255	0.0846833	0.000516704	-0.00111442	0.000299855	0
4429.6666269	3677.371586645	-0.043476	0.13265	0.0997454	0.000407804	-0.00115474	0.00020574	0
4422.553997698	3674.642604939	-0.0442391	0.123377	0.0813498	0.000439805	-0.00130792	0.000401712	0
4408.494810004	3673.834756668	-0.0504824	0.0848853	0.090052	0.000216571	-0.00111827	5.08418e-05	0
4427.313563922	3680.003064577	-0.0492937	0.0833759	0.065431	0.000381807	-0.00131117	0.000112377	0
4412.491330364	3682.709567027	-0.0491312	0.101203	0.0719931	0.000164812	-0.00126115	0.000322191	0
4430.736785195	3681.454381558	-0.0477166	0.0933818	0.0652324	0.000489481	-0.00127027	0.00010145	0
4409.641408177	3684.190950013	-0.0470997	0.102619	0.0486763	0.000269464	-0.00115481	0.000212114	0
4423.543657361	3685.957257571	-0.0567221	0.130467	0.0462605	0.000174315	-0.00133558	0.000286834	0
4408.73089423	3681.36334057	-0.0303293	0.138141	0.0376436	0.000333108	-0.000978201	0.000113261	0
4412.980072063	3676.056831146	-0.04012	0.16421	0.0453497	0.000490538	-0.00118034	0.000548329	0
4430.680977319	3692.901942793	-0.0332625	0.187509	0.0881046	0.000583108	-0.0011492	0.000213547	0
4441.844920068	3692.300341698	-0.0341595	0.17589	0.194804	0.000753858	-0.00142412	0.000543326	0
4425.488477272	3690.797322428	-0.031357	0.154738	0.226008	0.000131802	-0.00128178	0.000373751	0
4422.051388587	3680.904763743	-0.038269	0.184322	0.305343	0.000611184	-0.00166057	0.000452717	0
4412.782884236	3680.776350992	-0.0348525	0.206696	0.34763	3.8577e-05	-0.00161932	0.000402543	0
4412.6371073	3669.949217229	-0.0454297	0.2049	0.406968	-0.000515798	-0.00159122	0.000596344	0
4401.514428556	3665.693613034	-0.0638845	0.128643	0.310423	-0.00124809	-0.00170701	0.00124377	0
4408.779599285	3663.725835142	-0.0578388	0.0474584	0.292808	-0.000935283	-0.0013773	0.000918558	0
4395.385709115	3658.780960753	-0.0602091	0.0744924	0.28265	-0.000454485	-0.00144248	0.000914269	0
4406.405904305	3657.578039554	-0.0628379	0.167443	0.23476	-7.53492e-05	-0.00135026	0.00107988	0
4402.263268779	3659.578412368	-0.0645092	0.199601	0.23416	0.000194583	-0.00159767	0.000858778	0
4427.864539859	3664.06077606	-0.0623399	0.255425	0.188007	0.000364465	-0.00132922	0.0012866	0
4401.534722329	3653.928251314	-0.0607342	0.262489	0.216546	0.000545846	-0.00124934	0.000763507	0
4440.062112111	3664.217568872	-0.0569885	0.221912	0.161822	0.000794659	-0.0016208	0.000669068	0
4409.224371143	3660.461004165	-0.0578152	0.219716	0.104039	3.66051e-05	-0.00155614	0.000705866	0
4436.152854975	3665.277465803	-0.063635	0.149912	0.11416	0.000229129	-0.00176282	0.000669277	0
4410.321926032	3662.566186511	-0.0533312	0.0932025	0.0871478	-4.79966e-05	-0.00165281	0.000560078	0
4446.985332765	3659.701205305	-0.0566183	0.0914891	0.108051	0.000312146	-0.00190825	0.000594325	0
4414.869422328	3661.974701082	-0.0471738	0.052104	0.0655874	0.000195826	-0.00155581	0.000483983	0
4439.601105235	3660.380078843	-0.0578763	0.0913643	0.0713743	0.000435488	-0.00183181	0.000562838	0
4407.704029317	3665.201317323	-0.0518518	0.100937	0.0552682	0.000329818	-0.00127239	0.000594703	0
4440.29582873	3665.681530434	-0.0645002	0.163823	0.0698397	0.000545928	-0.00185184	0.000577998	0
4405.517037048	3672.173539633	-0.0499564	0.144756	0.0688229	0.000691225	-0.00135705	0.00057013	0
4426.394932465	3667.302565799	-0.0564456	0.191417	0.061615	0.000675499	-0.00157375	0.000700459	0
4390.411705356	3677.013042508	-0.0574388	0.152681	0.058145	0.000920668	-0.00126185	0.000448483	0
4419.139232164	3683.244854316	-0.0563759	0.168391	0.0532366	0.00081312	-0.00159885	0.000483456	0
4383.416103579	3688.714900329	-0.0507333	0.107093	0.0559879	0.00128739	-0.00148401	0.000517172	0
4411.361643667	3689.121774867	-0.053038	0.112687	0.0566162	0.000896817	-0.00141871	0.000451317	0
4372.789607585	3692.941281491	-0.0270308	0.0708787	-0.0380228	0.000974862	-0.000134526	0.00125735	0
4405.419288708	3692.241052659	-0.0440877	0.086754	0.0365862	0.000740785	-0.000769712	0.000615056	0
4358.251486848	3682.357485677	-0.0399876	0.0853958	0.032068	0.000758328	-0.000886504	0.00051899	0
4380.241481025	3686.478495325	-0.0447488	0.103109	0.0395364	0.000472716	-0.000579373	0.000484776	0
4388.152670193	3683.070921071	-0.0396253	0.129232	0.0508877	0.000506417	-0.00068838	0.000605321	0
4418.401553516	3693.307974358	-0.0423405	0.150465	0.159687	0.000871659	-0.000757111	0.000330458	0
4413.364639061	3688.94727964	-0.0272859	0.144852	0.224747	0.000958493	-0.000900211	0.000381889	0
4424.454171309	3689.312005573	-0.0330002	0.179068	0.290534	0.000779884	-0.00119308	0.000325599	0
4395.439825843	3673.295254519	-0.0274072	0.150883	0.273764	0.000718192	-0.000950263	4.06551e-05	0
4407.88193806	3670.951511066	-0.0341417	0.158804	0.253519	0.000729313	-0.00123452	0.000187745	0
4411.835165037	3670.699462406	-0.0303834	0.12891	0.20434	0.00117765	-0.000994928	9.0154e-05	0
4411.138750394	3669.274277561	-0.0368105	0.145645	0.202252	0.000895658	-0.00128824	6.23373e-05	0
4410.196781098	3664.837715353	-0.0404246	0.154071	0.177705	0.00127882	-0.0012576	0.000143201	0
4432.823999747	3662.907590215	-0.039378	0.163228	0.153046	0.00083491	-0.00113358	9.47441e-05	0
4423.741183418	3664.682889476	-0.044264	0.16664	0.122824	0.00082686	-0.00125593	0.000223582	0
4428.36714897	3662.894102661	-0.0391537	0.170302	0.12659	0.000757277	-0.00130043	0.00019757	0
4425.589269678	3657.717410942	-0.0407771	0.163949	0.112517	0.000814024	-0.00139454	0.00020086	0
4410.772447792	3661.784751366	-0.0432473	0.137109	0.0859967	0.000710234	-0.0011844	0.000218161	0
4429.519497046	3663.9930573	-0.0487162	0.111222	0.0801258	0.000676233	-0.00138977	0.000238612	0
4412.891117691	3661.68640462	-0.0472843	0.100577	0.0638768	0.000582945	-0.00129313	0.00037711	0
4433.220743008	3662.060965227	-0.048107	0.106355	0.0672965	0.000347543	-0.00136631	0.00035527	0
4410.722389818	3660.06312133	-0.0367087	0.0874842	0.0388685	0.000454341	-0.000848327	0.00026276	0
4436.690639959	3655.551815595	-0.0512952	0.131823	0.051532	0.000317752	-0.0014064	0.000353087	0
4412.079366772	3662.667624155	-0.0418351	0.119912	0.0282741	0.000306708	-0.00106805	0.000409329	0
4448.045005944	3667.114302028	-0.0426173	0.172079	0.110902	0.000570807	-0.00142975	0.000300989	0
4437.829458853	3675.40268479	-0.0327259	0.141656	0.177096	0.000642167	-0.00102344	0.000386942	0
4454.266400282	3672.805768714	-0.0315258	0.189078	0.225747	0.000690607	-0.00131528	0.000222346	0
4433.132465096	3673.535220579	-0.0381321	0.172979	0.26739	0.000598507	-0.00139414	0.000203152	0
4447.220740532	3671.147642577	-0.0369061	0.178187	0.305954	0.000460294	-0.00170064	0.000208274	0
4408.879377002	3668.229273137	-0.0298177	0.133715	0.258109	0.000521552	-0.00118552	7.40468e-05	0
4430.550420713	3667.052765064	-0.0441615	0.154035	0.254953	0.000386313	-0.0014422	0.000186634	0
4404.922767729	3670.057117659	-0.0409432	0.12963	0.19111	0.000261435	-0.00127876	-2.40269e-05	0
4441.08491827	3676.437011567	-0.0493923	0.189583	0.190316	0.000948949	-0.0017538	0.000172578	0
4413.139039951	3674.086524338	-0.0443958	0.17313	0.132083	0.000414994	-0.00157668	-6.87827e-05	0
4442.094533476	3672.934743447	-0.0401736	0.210447	0.131793	0.000557752	-0.00149727	9.4382e-05	0
4424.687211468	3682.61852604	-0.0401302	0.165763	0.098837	0.000925757	-0.00123963	-0.000121833	0
4447.828200803	3678.469417321	-0.0374716	0.164974	0.0825722	0.000549801	-0.00129222	-1.40565e-05	0
4422.917932694	3676.435887605	-0.0415241	0.142325	0.0627586	0.000624265	-0.00109212	9.75825e-05	0
4441.003066719	3685.471986627	-0.0359509	0.123074	0.077466	0.000551231	-0.00125315	0.000195424	0
4422.553997698	3679.50037221	-0.0360066	0.111745	0.0584793	0.000565647	-0.000923571	0.000151981	0
4431.961852624	3677.448578098	-0.0366392	0.0987655	0.0648113	0.000446439	-0.00111264	0.000193415	0
4431.765003026	3675.576337045	-0.0348366	0.108877	0.0406387	0.000381757	-0.000883734	0.000489471	0
4422.27495832	3674.401795907	-0.0320532	0.104836	0.0361837	0.00027567	-0.000899457	0.000190499	0
4442.201414013	3670.7933133	-0.0333197	0.0946598	0.0313154	0.000239048	-0.00098297	0.000312214	0
4431.325642841	3671.398848265	-0.0231047	0.123515	0.0242378	5.7307e-05	-0.000752868	0.000280118	0
4447.887390974	3678.110030212	-0.0314736	0.1765	0.0733831	0.000359856	-0.0012795	0.000238828	0
4463.908648286	3691.450344822	-0.0289907	0.167921	0.159277	0.000389192	-0.00134535	0.00036661	0
4454.166960795	3675.721890229	-0.0266535	0.183189	0.221007	0.000696665	-0.00134539	4.84611e-05	0
4445.277273539	3681.094994449	-0.0283572	0.189156	0.261031	0.000159046	-0.00136407	4.55633e-05	0
4428.180446258	3666.831625381	-0.0281559	0.182863	0.275534	0.000289853	-0.00143879	5.20246e-05	0
4435.89377114	3666.536866133	-0.0312657	0.152292	0.25604	6.53578e-05	-0.00135008	1.97381e-05	0
4433.239007404	3661.019894673	-0.0409404	0.125414	0.201741	0.00044028	-0.00146886	4.03818e-05	0
4428.821053025	3665.524456631	-0.0326423	0.116839	0.190683	0.000360647	-0.00137505	-0.000171454	0
4437.7865037	3665.355581218	-0.0372122	0.17084	0.1446	0.000698998	-0.00146505	-8.39944e-05	0
4440.315107814	3668.377636228	-0.0333237	0.164584	0.1279	0.000608678	-0.00127182	-6.52578e-05	0
4456.800416069	3679.612768491	0.0081363	0.18407	-0.00813086	0.000180396	0.00020635	0.000152614	0
4419.845455464	3675.842154249	-0.00649576	0.216177	0.00951899	0.000947846	-5.42603e-05	0.000477716	0
4439.599414087	3671.355856687	-0.00466325	0.164264	-0.163142	-0.000444175	-0.000362083	0.000432044	0
4400.854204475	3668.905055777	-0.00311004	0.201452	-0.163276	-0.00112911	0.000147051	0.000540742	0
4433.485914975	3678.217649651	-0.0183088	0.154183	-0.151545	-0.00114443	-0.000917733	0.000317126	0
4429.79447767	3696.081633586	-0.0229408	0.12182	-0.00790128	-0.000164646	-0.000206141	0.000502231	0
4463.224071678	3684.101594969	-0.0314921	0.134826	0.0829289	-0.000313082	-0.00107657	9.5204e-05	0
4450.746445358	3680.119394728	-0.0277438	0.100171	0.13214	-0.000119318	-0.000949844	-0.000136994	0
4471.392315304	3676.380532436	-0.029803	0.142816	0.189848	-6.90999e-05	-0.00170127	-9.90046e-05	0
4426.084099509	3677.530908374	-0.0269826	0.0993709	0.134931	-0.000509941	-0.0011727	-0.000113085	0
4443.821871786	3667.729671667	-0.0309044	0.168524	0.13725	6.92769e-05	-0.0013828	-0.000110183	0
4406.760368873	3667.140434163	-0.0348269	0.166544	0.0743407	0.000203265	-0.00132982	-0.000239728	0
4454.253547559	3672.653471753	-0.0380578	0.219511	0.0751126	0.000328036	-0.00160975	-0.00015415	0
4426.339462819	3676.974827773	-0.0392584	0.216716	0.00952136	7.81652e-05	-0.00129651	4.4221e-05	0
4450.893236983	3669.643780335	-0.040333	0.241783	0.020992	-0.00017206	-0.00132471	0.000209589	0
4408.731570689	3675.775840444	-0.0327086	0.184849	0.00791155	0.000158877	-0.000838944	2.35352e-05	0
4444.020074302	3676.328830147	-0.03562	0.17084	0.00112086	-5.12738e-05	-0.00100804	0.00010706	0
4404.367056579	3689.759904753	-0.0302871	0.112844	-0.0239961	-6.00335e-05	-0.000950089	0.000101773	0
4443.975428002	3676.44600327	-0.0387236	0.0962962	-0.0106097	-4.19926e-05	-0.000976676	0.000110407	0
4402.643777023	3678.897647152	-0.0368551	0.0836818	-0.0279186	3.54137e-05	-0.000891891	0.000283489	0
4431.704121707	3676.787687965	-0.0375318	0.082523	-0.0100891	-8.99264e-05	-0.000579934	0.000384235	0
4406.698134636	3678.320773239	-0.0348339	0.111513	-0.0336346	-0.000144606	-0.00101958	0.000431005	0
4458.353904391	3698.05390733	-0.0309602	0.14297	0.0386863	7.78546e-05	-0.00116433	0.000288272	0
4438.780222118	3689.968399855	-0.0298051	0.160773	0.0943888	0.000171513	-0.00120041	0.000140841	0
4457.108543189	3690.114234029	-0.0334446	0.179852	0.154265	0.000260687	-0.0011668	5.26848e-05	0
4431.68721023	3676.811853165	-0.031361	0.176304	0.177563	0.000130205	-0.0011031	0.000125666	0
4434.77423133	3679.605743724	-0.0332446	0.146723	0.152178	0.000172602	-0.00137945	-1.50247e-05	0
4420.465430228	3677.545800881	-0.0299009	0.133826	0.0942475	0.000282935	-0.000961217	-3.37954e-07	0
4438.817089139	3674.366672069	-0.0245062	0.144258	0.0725345	0.00024294	-0.0012814	-8.4313e-05	0
4424.702093569	3677.402495622	-0.0280309	0.158514	0.0461902	0.000305521	-0.00109256	-5.67731e-05	0
4438.153482762	3684.426982203	-0.014151	0.16265	-0.00125199	0.000109056	-1.92264e-05	0.000511931	0
4432.042351257	3678.354492124	-0.0112833	0.182101	-0.0316843	0.000172074	-0.000322798	0.000712027	0
4418.237850414	3676.182433991	-0.00568385	0.13764	-0.0447446	-0.000322854	0.000198245	0.000550199	0
4429.976106938	3674.803331621	-0.0039273	0.1507	-0.0731918	-0.000487853	-0.000277773	0.000349737	0
4421.024523674	3672.64026519	-0.00733504	0.135021	-0.0714795	-0.00056938	-9.3586e-05	0.000536124	0
4445.50185796	3689.357526067	-0.0265228	0.165368	-0.00763936	-0.000424276	-0.000571858	0.000336083	0
4464.893910965	3700.601088051	-0.0178041	0.124641	0.0886744	-0.000357597	-0.000418313	0.000408995	0
4462.086605702	3681.173671846	-0.0319573	0.135063	0.185474	2.97503e-05	-0.00093036	0.000276295	0
4451.49596204	3686.488049009	-0.0251952	0.143124	0.223797	-0.000248103	-0.000840264	0.000304869	0
4452.034761713	3667.391639851	-0.0261544	0.148632	0.233517	0.000368954	-0.00123682	2.39419e-05	0
4426.889424067	3668.340545455	-0.0316659	0.164166	0.2129	-0.000277018	-0.00095651	8.53465e-05	0
4429.446777692	3662.14217154	-0.0345156	0.156028	0.193184	-0.000110227	-0.00135301	0.000148072	0
4418.378553907	3669.393136628	-0.0405029	0.18722	0.149033	-0.00010477	-0.00118186	0.000131728	0
4453.272005406	3667.764233523	-0.0406681	0.198457	0.123876	0.000273212	-0.00148417	0.000117594	0
4422.425808699	3671.875689488	-0.0322552	0.212484	0.0782219	9.31214e-05	-0.00101304	0.000195415	0
4447.377002584	3674.633894227	-0.044062	0.204175	0.0630938	0.000268498	-0.00116137	0.000381864	0
4423.605891598	3671.446897675	-0.0278283	0.193567	0.0143258	-6.32627e-05	-0.000746848	0.000359232	0
4441.625070861	3679.845147802	-0.0453271	0.192852	0.0324112	-0.000203329	-0.00102674	0.000462492	0
4416.586275522	3673.24776709	-0.0406277	0.136586	0.00571532	-0.000162215	-0.00107357	0.00053618	0
4436.146428614	3678.673416572	-0.0446298	0.15166	0.0144174	-5.30883e-05	-0.000842171	0.000560914	0
4407.189243942	3681.336365463	-0.0487313	0.105816	0.00069557	-7.2669e-05	-0.000802338	0.000765025	0
4432.740118818	3680.403195338	-0.0387022	0.133323	0.0133856	-0.000173455	-0.00117275	0.000586625	0
4420.206684623	3685.275855117	-0.0371894	0.130113	0.0316467	0.000147721	-0.000768721	0.000552562	0
4466.064185207	3695.514032366	-0.0293612	0.171476	0.130258	9.4969e-05	-0.00107764	0.000333841	0
4428.000846367	3696.681829727	-0.029775	0.170277	0.189583	0.000508096	-0.0011442	0.000339175	0
4463.629608908	3691.896558058	-0.0293885	0.179146	0.233524	0.000189243	-0.0012902	0.000373931	0
4423.939385934	3678.849878733	-0.0313831	0.183229	0.237947	0.000492291	-0.000984087	0.000313108	0
4441.983255954	3687.54794594	-0.0356543	0.172168	0.236304	0.000246051	-0.0012453	0.000274743	0
4402.547381601	3676.848662947	-0.0276357	0.159389	0.203647	0.000377259	-0.000918784	0.000297952	0
4432.833808404	3680.817656625	-0.0329698	0.190043	0.176874	0.000482679	-0.00119264	0.00042578	0
4421.363429683	3682.60279056	-0.0290663	0.162043	0.115865	0.000570507	-0.000922241	0.000269712	0
4443.575302444	3680.074998197	-0.041604	0.197535	0.0801309	8.87371e-05	-0.00136559	0.000265492	0
4417.28641069	3683.032987326	-0.0372874	0.175738	0.0540243	0.000414082	-0.000989942	0.000262135	0
4428.580910045	3680.165196213	-0.0410744	0.175368	0.0367611	2.62582e-05	-0.00109795	0.000363576	0
4426.166289289	3673.140147651	-0.0384438	0.170921	0.019076	2.70598e-05	-0.000919213	0.000407467	0
4425.803030753	3681.695471581	-0.0434359	0.151654	-0.0016074	-0.000429481	-0.000629064	0.00032076	0
4414.969876504	3678.845663872	-0.0542952	0.149473	-0.0160625	-0.000429481	-0.00101259	0.000466658	0
4404.826710537	3678.998522815	-0.0422464	0.113751	-0.0275635	-0.000429481	-0.000565586	0.000592219	0
4411.207749222	3671.62083092	-0.0386927	0.138574	-0.0209556	-0.000578919	-0.000876009	0.000581127	0
4415.85197917	3674.258490648	-0.0312499	0.0977083	-0.0558715	-0.000777117	-0.000605597	0.0005199	0
4424.091589231	3662.951424765	-0.0447833	0.141942	-0.0231176	-0.000336338	-0.000771504	0.00052324	0
4438.139277121	3682.365353416	-0.0326413	0.158543	0.0256478	-0.000221527	-0.000940977	0.000650414	0
4452.295198466	3676.21025207	-0.0364179	0.177474	0.105689	-0.000245261	-0.00115985	0.000543107	0
4443.063561136	3685.085624411	-0.0259443	0.176292	0.183287	0.000171623	-0.000805644	0.000453581	0
4440.664498939	3675.779493323	-0.0237087	0.193575	0.217359	-0.000439925	-0.00119969	0.000191748	0
4416.498335839	3673.767318899	-0.00239799	0.224021	0.287414	-0.000310352	-0.000319616	4.07752e-05	0
4436.770800363	3678.303913797	-0.000569779	0.214651	0.353428	-0.00129041	-0.00048555	4.25998e-05	0
4416.65595081	3664.671368857	-0.00556233	0.252302	0.417688	-0.00113027	-0.000420711	0.000369144	0
4416.713449833	3668.676048354	-0.0166374	0.205827	0.543458	-0.00149885	-0.000106814	0.00100052	0
4386.716209296	3661.600983447	-0.0232293	0.0875046	0.378081	-0.0015553	-0.000276291	0.00118615	0
4424.103089036	3665.841695134	-0.038982	0.10306	0.242667	-0.00194863	-0.00118808	0.00136432	0
4387.050041861	3656.730009613	-0.0313613	0.207166	0.142982	-0.00164117	-0.000822309	0.00117666	0
4422.377780103	3660.765598087	-0.0343698	0.259338	0.111	-0.00113639	-0.0014195	0.000737974	0
4386.637401811	3667.231756142	-0.0319046	0.253434	0.0208972	-0.000782856	-0.000873741	0.000723342	0
4396.059800607	3672.845107413	-0.0278778	0.307248	-0.0101312	-0.000738345	-0.000892657	0.000860518	0
4398.046222753	3669.692391726	-0.0355866	0.266359	-0.0330342	-0.000821396	-0.000933528	0.000879953	0
4397.288926791	3675.87840205	-0.0389391	0.204905	-0.00245888	-0.000387635	-0.000866951	0.00103343	0
4422.914550398	3675.485858038	-0.0340529	0.155111	-0.016739	-0.000428552	-0.00100345	0.000922142	0
4406.249980482	3674.771860662	-0.0322902	0.0991533	-0.0170448	-0.000314767	-0.000613838	0.000827323	0
4429.444410086	3674.512787234	-0.0316608	0.0966631	-0.0155937	-0.000516412	-0.000882188	0.000951354	0
4411.257807196	3679.427033637	-0.0329264	0.0606691	-0.054259	-0.000739493	-0.000654498	0.000914627	0
4437.716490184	3674.161829846	-0.0307593	0.109025	-0.0222607	-0.000489876	-0.000891044	0.000847987	0
4414.894113085	3678.977729503	-0.0297188	0.0862856	-0.041306	-0.0005007	-0.000736833	0.00112613	0
4427.635558454	3682.65842672	-0.0319333	0.142568	-0.0325413	-0.000571811	-0.000944467	0.00092876	0
4396.368604186	3677.428627758	-0.0334159	0.136867	-0.0458652	-9.22781e-05	-0.000719634	0.000914483	0
4430.130677842	3684.098223081	-0.0316057	0.176539	-0.0343131	-0.000340021	-0.00134253	0.000974097	0
4399.73094414	3682.767170122	-0.0302921	0.185861	-0.0474754	-0.000112537	-0.000903093	0.000972794	0
4409.976931891	3682.008214233	-0.0315879	0.174136	-0.0405567	-0.000281102	-0.00111792	0.00103457	0
4385.517862001	3680.001659624	-0.0259108	0.177937	-0.0540906	-0.000238029	-0.000857142	0.00115615	0
4383.435720893	3683.803744824	-0.0333481	0.144946	-0.0391937	-0.000448465	-0.000809147	0.00114754	0
4374.189201462	3688.570471108	-0.0220957	0.114842	-0.0446908	-1.26899e-06	-0.000755018	0.000964701	0
4378.494187171	3684.552866038	-0.0367533	0.121133	-0.0378079	-0.000327024	-0.000723883	0.00122423	0
4372.056325921	3684.147115463	-0.0288331	0.111214	-0.0401484	-0.000243175	-0.0010251	0.00111427	0
4370.120638208	3686.065158001	-0.0293175	0.101369	-0.0488543	-0.000600028	-0.000621834	0.00115184	0
4360.449302462	3674.473729526	-0.0424137	0.128169	-0.042726	-0.000275225	-0.00100408	0.00100936	0
4371.994429913	3676.812696137	-0.034374	0.135418	-0.0654812	-0.000501575	-0.000981406	0.00100686	0
4386.141557291	3687.937680045	-0.0421253	0.178062	0.0130656	-8.94244e-05	-0.000680953	0.00126508	0
4399.143777642	3692.398407453	-0.0302245	0.155597	0.0468224	7.5757e-06	-0.000838202	0.000719085	0
4401.895951488	3684.222139981	-0.0213285	0.179992	0.157093	0.000365527	-0.00113749	0.00104245	0
4388.011628471	3680.878069626	-0.0152836	0.147937	0.151484	0.000122443	-0.000603631	0.000540566	0
4375.998729553	3676.903737125	-0.0206605	0.137113	0.158121	0.000311384	-0.000961757	0.0007479	0
4367.09145436	3668.525156347	-0.0156362	0.110158	0.0895535	0.000256719	-0.000550403	0.000635596	0
4389.2218138	3663.763487896	-0.0181774	0.14247	0.0817146	0.000440706	-0.000801793	0.000875021	0
4377.206547275	3660.345516986	-0.0145216	0.120763	0.0192352	0.000211353	-0.000380439	0.000680426	0
4396.713598327	3657.82025354	-0.0159589	0.169367	0.0253713	7.63325e-05	-0.000695133	0.000858864	0
4378.324734166	3660.166525909	-0.00704961	0.154934	-0.00741652	-0.000101916	-0.000189949	0.000866409	0
4405.464611468	3656.530787204	-0.0177298	0.189671	0.0116053	4.10583e-05	-0.000712738	0.000642905	0
4388.385033894	3658.492664292	-0.0117876	0.145029	-0.00741266	-6.71741e-05	-0.000280696	0.000850197	0
4411.557140347	3652.931858282	-0.0196084	0.151227	0.0166888	-0.00011765	-0.00061327	0.000783843	0
4386.650592763	3652.46344678	-0.0143111	0.106252	-0.0131852	8.14888e-05	-0.000441011	0.000758629	0
4414.213595231	3653.862218499	-0.0201015	0.119104	0.0124553	2.38529e-05	-0.000666274	0.000865784	0
4415.45388299	3664.004296928	-0.0118784	0.119302	0.0450922	0.000321165	-0.000637676	0.000574735	0
4442.48924736	3670.128208307	-0.0227045	0.135551	0.101583	5.91208e-05	-0.000923494	0.000586423	0
4433.278918491	3673.297783435	-0.0122082	0.13813	0.141003	0.000318963	-0.000464224	0.00062025	0
4441.447500347	3669.898076921	-0.0140706	0.157758	0.203239	0.000200968	-0.00107308	0.000691561	0
4422.468087392	3665.099879679	-0.00665199	0.154102	0.18741	-0.000117046	-0.000529728	0.000387368	0
4426.673295384	3655.606608783	-0.019037	0.178151	0.189643	0.000271366	-0.000891195	0.000438068	0
4404.974178621	3665.658770187	-0.0090095	0.161555	0.12782	-5.49435e-05	-0.000461921	0.000692067	0
4428.776068495	3669.079551004	-0.00935242	0.192472	0.120301	0.000450652	-0.000568863	0.000735927	0
4416.545349747	3682.825335197	0.0153197	0.177194	0.0221337	-2.14082e-06	0.00116292	0.00171121	0
4435.651937012	3674.348969654	0.00150706	0.214218	0.0284599	0.00017784	0.000303031	0.00144624	0
4410.838064324	3679.450355865	0.00314235	0.196645	-0.0481897	-0.000137049	0.000320939	0.00102111	0
4428.309988176	3672.955536759	-0.0113698	0.188721	-0.0323246	-0.000409287	3.25167e-05	0.000987923	0
4399.063955468	3675.953988549	-0.00834124	0.151958	-0.0698533	-0.000774066	0.000294309	0.00126413	0
4424.207940196	3675.341428817	-0.0118316	0.137006	-0.0352404	-0.000502617	-0.000146347	0.000944858	0
4408.781290432	3675.067181891	-0.00668129	0.104782	-0.0679939	-0.000741446	0.000100719	0.00104706	0
4435.576511822	3677.480611038	-0.0117021	0.13005	-0.0304402	-0.000563924	-0.000112919	0.000867057	0
4446.498620443	3691.610228531	-0.00233524	0.128944	0.0131535	-4.84247e-05	-4.99268e-05	0.000881584	0
4460.793215904	3685.869869463	-0.0137426	0.148583	0.0915851	-0.000215501	-0.000334245	0.000794781	0
4451.049499035	3685.56106068	-0.0156858	0.171584	0.124611	-0.000130865	-0.000358496	0.000891622	0
4457.493110187	3678.548375709	-0.01503	0.183327	0.18503	-0.000201131	-0.000675548	0.000579173	0
4435.753405877	3676.320681416	-0.0107774	0.191643	0.191805	-0.000141813	-0.000478974	0.00061214	0
4438.197114374	3674.159581921	-0.0223304	0.223757	0.211323	5.98592e-05	-0.00108018	0.00060743	0
4430.63565456	3672.474761666	-0.00947481	0.203223	0.193934	-0.000278785	-0.000541645	0.000586515	0
4434.392708398	3665.889744545	-0.0135964	0.207476	0.184821	-0.000276418	-0.00043326	0.000523884	0
4426.920879415	3667.128913544	-0.00875647	0.205578	0.181072	-9.21756e-05	-0.000394888	0.000487161	0
4431.41696482	3673.466377857	-0.00750546	0.184513	0.138747	0.000454174	-0.000246285	0.000722725	0
4452.768381607	3671.099593166	-0.0154836	0.191474	0.12648	0.000384138	-0.000723415	0.00046471	0
4454.004272381	3677.887485576	-0.0132613	0.193452	0.0435664	-4.65031e-05	-0.000530528	0.000596948	0
4459.245139255	3683.061648378	-0.0255638	0.200556	0.0429736	0.000311317	-0.000606211	0.000638343	0
4451.93938098	3682.777847768	-0.0130904	0.162955	-0.00548443	-0.000221606	-0.000287765	0.000777614	0
4450.956485909	3684.877691291	-0.0220945	0.163896	0.011893	-0.000103046	-0.000381592	0.000800339	0
4442.946871941	3680.685590995	-0.0154252	0.140639	-0.0157018	-0.000242564	-0.000424696	0.00055615	0
4451.650871174	3688.436438543	-0.0164236	0.165514	-0.0169381	-0.000316196	-0.000620501	0.000691856	0
4431.55969769	3682.827864113	-0.0145012	0.133342	-0.0451895	-0.000201307	-0.000348281	0.000870618	0
4451.003838045	3678.300260918	-0.017561	0.14791	-0.0264931	-0.000203246	-0.000348468	0.000908069	0
4436.473834818	3682.892210984	-0.00882412	0.116398	-0.0507097	0.000139171	2.97857e-05	0.00106357	0
4439.802351817	3678.652623259	-0.0185277	0.161971	-0.0224193	5.6389e-05	-0.000515044	0.000910717	0
4441.172857953	3690.381175197	-0.0267391	0.132198	-0.143331	-0.000224978	-0.000312271	0.00203754	0
4453.40391493	3696.146261448	-0.0200767	0.1968	0.0469161	0.000435958	-0.000249784	0.00105965	0
4451.385360978	3691.206163901	-0.0120602	0.154852	0.128473	0.000640929	-3.14729e-05	0.000551742	0
4450.398068922	3685.876613239	-0.0149054	0.16864	0.205231	0.000200037	-0.000497297	0.000747631	0
4437.162808411	3682.972012344	-0.0127996	0.174874	0.217332	0.000671025	-0.000169696	0.000729744	0
4438.225525656	3677.600594068	-0.0158388	0.172694	0.208993	0.000189039	-0.000659161	0.000677217	0
4416.86632959	3668.387189912	-0.014783	0.157185	0.186778	0.000449041	-0.000336707	0.000864068	0
4425.40696395	3669.654176991	-0.0250176	0.201382	0.175604	0.000443604	-0.000736495	0.000954076	0
4416.572408111	3666.092057851	-0.0198799	0.177594	0.107601	0.000574976	-0.000353145	0.000811908	0
4432.21315718	3666.587163469	-0.0219173	0.248249	0.105751	0.000582566	-0.000847539	0.00091159	0
4420.290903781	3661.013150896	-0.0200133	0.219429	0.0535957	0.000520801	-0.000576134	0.00112412	0
4431.297569789	3666.949360485	-0.0223931	0.232238	0.0443614	0.00046297	-0.000695433	0.00107059	0
4414.487899396	3663.585620781	-0.0252052	0.177787	0.0137286	1.96049e-05	-0.000323058	0.00113723	0
4422.844198652	3666.006074696	-0.0270746	0.180043	0.0157498	0.000163361	-0.000531353	0.00113857	0
4413.043997448	3656.796042428	-0.0218204	0.128628	0.00491561	0.000127429	-0.000307969	0.00127232	0
4421.165903626	3666.351412269	-0.033053	0.151614	0.00259175	2.88164e-05	-0.000417907	0.00106562	0
4413.123481392	3671.192039108	-0.0319131	0.10787	-0.00843209	0.000148946	-0.000508562	0.00113495	0
4433.251860127	3667.584961455	-0.0282551	0.145935	0.0128259	0.000184533	-0.000435963	0.0010781	0
4456.127339265	3677.383388255	-0.0213623	0.134708	0.0737834	0.000442224	-0.000299453	0.00101433	0
4461.258619764	3682.873946589	-0.0128646	0.173102	0.1509	0.000554329	-0.000522622	0.000926861	0
4456.095207458	3683.414853692	-0.00802448	0.163265	0.161918	6.9524e-05	-0.000200357	0.000807043	0
4441.599027185	3676.148153125	-0.00630019	0.175601	0.192489	0.000247874	-0.000377522	0.000865678	0
4433.157832312	3678.845944863	-0.00773634	0.189684	0.174479	1.05223e-05	-0.000301174	0.00102627	0
4416.720214424	3674.01543369	-0.0151117	0.153835	0.146039	0.000588389	-0.000367697	0.00101787	0
4432.757368525	3680.59960784	-0.0130835	0.1687	0.146655	0.000623044	-0.000351145	0.000830195	0
4434.591925603	3690.671438593	-0.0156093	0.184427	0.10376	0.00100713	-0.000385549	0.00103569	0
4438.199143751	3680.642318426	-0.0173057	0.202736	0.084366	0.00077082	-0.000595843	0.00101613	0
4436.390968578	3680.462765367	-0.0214926	0.204959	0.0373114	0.000339077	-0.000477607	0.00124697	0
4446.622074229	3681.769372136	-0.0158154	0.197327	0.0251345	0.000230206	-0.00045149	0.0010526	0
4423.9870763	3680.990465907	-0.0146934	0.181544	0.00180138	0.000337549	-0.000214121	0.00117397	0
4437.862605349	3681.440332023	-0.0145823	0.165171	0.000978236	8.29049e-05	-0.000367658	0.00132919	0
4427.05245071	3685.18116125	-0.0163314	0.142968	-0.0106798	0.000157717	-0.000451669	0.00131208	0
4438.999733095	3685.386846444	-0.0230965	0.155848	0.0335018	0.000277215	-0.000461383	0.00108659	0
4456.322497715	3695.04786879	-0.00778784	0.139138	0.105256	0.00079485	-2.83532e-05	0.00103355	0
4459.545825324	3695.128232131	-0.0122974	0.175615	0.175144	0.000425227	-0.000652224	0.000967341	0
4452.890144244	3684.543874336	-0.0124892	0.167226	0.198426	0.000333474	-0.00040534	0.000962514	0
4443.830327525	3681.295059829	-0.00881339	0.183936	0.232541	0.000352433	-0.00072397	0.00082933	0
4443.674741932	3676.104880557	-0.00749524	0.193753	0.22479	5.99578e-05	-0.000494778	0.000823311	0
4425.819265771	3672.458183215	-0.0139973	0.165058	0.188442	0.000471656	-0.000325384	0.000920269	0
4441.390001323	3671.847028436	-0.0198872	0.188424	0.176095	0.00030603	-0.000623937	0.000865719	0
4434.179962012	3668.910956582	-0.0214027	0.177067	0.10958	0.000221656	-0.000487873	0.000807902	0
4440.004951317	3670.875081595	-0.0322053	0.231086	0.105965	0.000615678	-0.000986044	0.000939441	0
4443.110236813	3669.92982887	-0.0218835	0.209206	0.0443986	0.000471656	-0.000461315	0.000860701	0
4433.904981388	3678.767267466	-0.0352147	0.209824	-0.0241763	-0.000113694	-0.000517881	0.0018715	0
4413.526651015	3681.800281113	-0.0193332	0.221097	-0.0945355	-0.000117648	9.66346e-05	0.00202133	0
4431.434890986	3668.784229775	-0.0208296	0.163411	-0.158014	-0.00121989	-0.000446283	0.00149982	0
4407.397931574	3678.121831822	-0.0192582	0.173556	-0.157623	-0.00114753	-0.000405619	0.00142464	0
4414.793320679	3667.377309326	-0.030967	0.124716	-0.155415	-0.0010728	-0.000492859	0.0014858	0
4406.82226488	3672.686066675	-0.0212583	0.126695	-0.15603	-0.00114451	-0.000538567	0.00183796	0
4420.10352461	3661.486901221	-0.0248076	0.111333	-0.160944	-0.00108013	-0.000485622	0.00138546	0
4426.473401721	3675.67046893	-0.0233657	0.148362	-0.0848947	-0.000947813	-0.000753014	0.00135175	0
4454.021860318	3688.639875811	-0.0251117	0.15815	-0.00257877	-0.000127136	-0.000321331	0.00107685	0
4436.157590189	3676.120897027	-0.0223034	0.164026	0.100511	-9.80482e-05	-0.000623908	0.00105014	0
4462.85404855	3669.611466404	-0.0228653	0.181016	0.150205	0.000621864	-0.00047598	0.000926727	0
4435.431073116	3678.956936191	-0.0342975	0.197033	0.186018	0.000201691	-0.00104519	0.000867863	0
4439.299742706	3672.67229813	-0.0283848	0.222599	0.185707	-0.000116156	-0.000662512	0.00103287	0
4414.789938384	3675.561163547	-0.0286655	0.215078	0.174836	-0.000264367	-0.000855131	0.000692002	0
4421.039067545	3672.630992497	-0.0254035	0.175521	0.151419	-0.000385185	-0.000765725	0.00109176	0
4390.82941885	3674.025549355	-0.0228551	0.1583	0.144303	3.29046e-05	-0.000768548	0.00107986	0
4424.193058096	3672.248845141	-0.0261329	0.189463	0.125761	0.000394898	-0.000886876	0.00094831	0
4417.703447725	3671.83269791	-0.0367574	0.196115	0.0805587	0.000471508	-0.000791646	0.000995314	0
4433.290080066	3675.842997222	-0.0337126	0.201001	0.0561054	0.000309134	-0.000949676	0.0010045	0
4427.521236866	3683.81807535	-0.0231007	0.211194	-0.0150268	-0.000177036	-0.000703953	0.00107665	0
4434.097772231	3677.530065402	-0.0271134	0.206758	-0.00342696	-4.3411e-05	-0.000451447	0.00101576	0
4409.33158991	3684.110586672	-0.0236367	0.171704	-0.0270861	-0.000318533	-0.000436267	0.000804551	0
4429.852991382	3680.674632357	-0.0337427	0.170511	-0.0190201	-0.000342924	-0.000345219	0.000987428	0
4412.922911269	3683.007136182	-0.0195635	0.175294	-0.0880381	-0.00166626	-0.000481794	0.00135469	0
4422.000315925	3678.197418321	-0.00904831	0.123964	-0.0620146	-0.000404701	-0.000279083	0.000924584	0
4369.994478586	3657.365891573	0.00604787	-0.0622424	-0.871541	0.0105634	0.00232923	0.00202234	0
4403.850241827	3667.925803178	0.000444305	0.118238	-0.485545	0.00624716	0.000839697	0.000983684	0
4404.31361631	3692.041830251	-0.00381761	0.0934693	-0.0254676	0.000216737	0.000535081	0.000681595	0
4422.475866672	3685.760283088	-0.0070313	0.122178	0.0399901	-0.000389289	0.00111601	0.000431827	0
4419.223113092	3686.082579425	-0.00113177	0.11051	0.0218236	-0.000310521	0.000763558	0.000805157	0
4421.075934566	3686.284892731	0.00557094	0.159161	-0.0199122	-0.000135525	0.000807837	0.00119469	0
4400.628943595	3677.947336595	0.00200019	0.151362	-0.0680104	-0.000565917	0.000766194	0.00105598	0
4408.261431614	3688.821114815	0.00035858	0.196894	-0.152451	-0.000565917	0.000756361	0.00118516	0
4403.010756084	3675.144735325	0.000375446	0.224606	-0.219359	-0.000791884	0.00067303	0.00135937	0
4406.457315196	3671.859392027	-0.0066058	0.197766	-0.17019	-0.000611279	0.000377807	0.00123264	0
4406.690017126	3669.115798804	-0.00218493	0.209107	-0.217828	-0.000477082	0.000620078	0.00121261	0
4410.749109953	3674.323680491	-0.0103576	0.190868	-0.192959	-0.000192203	0.000267116	0.00124202	0
4441.424838967	3686.765105842	-0.00633592	0.194432	-0.119143	-0.000382429	0.000539483	0.00106908	0
4462.131590232	3691.839516945	-0.00266412	0.167486	0.00189186	-0.000195372	0.000201859	0.0008405	0
4455.299691557	3693.994434645	-0.00179234	0.118051	0.0886624	0.00010689	0.00026668	0.000802244	0
4441.174210871	3679.448950911	-0.00705309	0.134146	0.134734	0.000380276	0.000520789	0.000817555	0
4435.45846971	3674.972769015	-0.00495789	0.114296	0.150553	0.000408245	0.000215391	0.000708618	0
4435.745964827	3666.953575346	-0.00537553	0.151327	0.0957565	0.000534097	0.000639643	0.000901131	0
4432.055880439	3667.881125656	-0.0097285	0.197664	0.0902477	0.00070827	0.000140883	0.00078135	0
4429.484321172	3666.16764435	0.00587448	0.181796	0.0198163	0.000373636	0.000447264	0.00122386	0
4433.864393842	3669.34199632	-0.00255917	0.251058	0.0037488	0.000294152	0.00016966	0.00105962	0
4421.267372491	3668.736461355	0.00319665	0.225506	-0.0323574	0.000248006	0.000756151	0.0012189	0
4429.352073418	3667.488581644	0.00832109	0.236464	-0.0381931	0.000362964	0.000452717	0.0010649	0
4427.849995988	3670.182720503	0.00556608	0.199609	-0.0502727	0.000453711	0.000726781	0.00110981	0
4424.157205764	3665.065598813	0.00710929	0.153466	-0.0517614	0.000450938	0.000762221	0.00114958	0
4427.347386877	3686.68446151	0.00991439	0.1501	-0.00445429	0.000535907	0.00056154	0.00134612	0
4462.994075584	3685.847109216	0.0124399	0.134395	0.0693869	0.00064562	0.00065778	0.00107742	0
4455.829020802	3687.441169473	0.0086293	0.124556	0.149293	0.000824489	0.000699513	0.000731805	0
4457.914544206	3680.680533162	0.0103704	0.139015	0.168683	0.000885583	0.00104214	0.000822133	0
4444.32989257	3684.312899978	-0.00095192	0.142203	0.14973	0.000632036	0.000500701	0.000798486	0
4450.082838982	3671.083295706	0.00452162	0.127909	0.0961797	0.000341081	0.000828534	0.000882143	0
4424.034766667	3675.168057553	0.00784286	0.196958	0.0689514	0.000602769	0.00035458	0.000636549	0
4434.326415407	3674.644571874	0.00851264	0.214397	0.0138123	0.000285302	0.000376673	0.000817065	0
4427.567912544	3678.562144253	-0.00428038	0.260188	0.0248836	0.000408932	0.000131575	0.000888761	0
4421.557235215	3677.039174644	0.0141181	0.192825	-0.0212621	0.000222879	0.000838611	0.000796956	0
4427.559118575	3676.558680542	-0.00694277	0.252137	-0.0451439	0.000544489	0.000128114	0.000942661	0
4413.393050343	3673.197188763	0.00212337	0.177656	-0.0710495	0.000512931	0.000900338	0.00105136	0
4409.560571315	3674.998058178	-0.0150109	0.164316	-0.0572358	0.000213679	0.000176928	0.00108696	0
4403.632083767	3677.680114437	-0.00247099	0.117224	-0.0732778	0.000161471	0.000716634	0.000956267	0
4428.511572987	3682.751434642	-0.010677	0.160695	-0.0192642	0.00039222	0.00046683	0.000948149	0
4435.905270945	3700.510328054	0.00325554	0.119517	0.0327078	0.000269681	0.00067233	0.000830099	0
4452.643574903	3683.17432565	0.00874486	0.155841	0.101512	0.000758019	0.000495009	0.000740121	0
4435.560953263	3680.506037936	0.0071224	0.18536	0.144262	0.000313591	0.000695307	0.000532733	0
4440.577912175	3675.881773939	0.00659791	0.117206	0.10282	0.000645894	0.000724779	0.000875329	0
4427.543560016	3671.550302254	-0.00475845	0.148333	0.0868775	0.000662296	0.000485657	0.000736168	0
4442.299838812	3680.374253296	0.00920768	0.154391	-0.0509874	0.000371055	0.00144142	0.00188839	0
4422.125122629	3678.839201086	0.0155136	0.234842	-0.0227867	0.000513653	0.0011649	0.00151165	0
4419.992923547	3670.943924317	0.0186334	0.173814	-0.090969	0.00035744	0.0013379	0.00116178	0
4424.855988014	3673.788955184	0.0166961	0.236685	-0.0762218	-4.92116e-05	0.00125796	0.00138743	0
4424.500846986	3670.109943911	0.0257643	0.153657	-0.129181	0.000281672	0.00161937	0.00114791	0
4395.721232828	3662.478517412	0.0344353	0.0643521	-0.546547	0.00126618	0.00147847	0.000890434	0
4403.75012588	3677.565751221	0.0314646	0.101732	-0.411294	0.00164857	0.00207798	0.000915679	0
4398.090869054	3674.786191188	0.0332076	0.0745301	-0.281009	0.00115334	0.00115226	0.000689752	0
4431.039162413	3689.556186494	0.0232422	0.103873	-0.118755	0.000415195	0.00145046	0.000608994	0
4424.540419844	3679.881957585	0.02082	0.0633822	-0.0181726	0.000319628	0.000921683	0.000638647	0
4431.591829497	3681.267803731	0.0254287	0.102824	0.00970426	0.000464864	0.00105277	0.000403059	0
4401.082847651	3670.024803728	0.0205037	0.0754283	-0.0397264	0.000700388	0.00121154	0.000625137	0
4419.764618601	3679.41635599	0.0134173	0.114355	-0.0575825	0.000591257	0.000901585	0.000758915	0
4407.945525215	3671.759921318	0.0162852	0.192254	-0.18625	0.000414521	0.000669911	0.00103148	0
4406.105894694	3666.897096214	0.011975	0.188963	-0.170304	0.000509359	0.000316153	0.000878428	0
4411.482391617	3665.580654771	0.0178875	0.209833	-0.202403	0.000596106	0.000605605	0.00113706	0
4402.414119158	3675.865757468	0.00821615	0.19963	-0.202529	0.000294672	0.000776592	0.00090262	0
4413.454946351	3674.949165796	0.00760641	0.201901	-0.221393	0.000431025	0.00038911	0.000768298	0
4401.600000632	3675.519576923	0.0133108	0.143674	-0.209505	0.000333056	0.000960842	0.00060754	0
4407.76152834	3666.184784783	0.00292809	0.125019	-0.205864	0.000244564	0.000312163	0.000865899	0
4428.375942938	3690.212580775	0.0142416	0.0922498	-0.127151	0.000286686	0.00120143	0.000970409	0
4438.39531689	3679.081696063	0.0091419	0.116318	-0.0382653	0.000423735	0.00054212	0.000458218	0
4437.068104137	3685.091806206	0.017504	0.0838602	-0.00513339	0.000170276	0.0010352	0.000477037	0
4434.109272036	3672.590529836	0.0229269	0.118124	0.0201907	0.000380873	0.000551054	0.000512436	0
4412.191320753	3673.905285335	0.020212	0.117058	0.00104528	0.000170276	0.00104454	0.00059468	0
4407.883290978	3668.457718578	0.0303156	0.10706	-0.027568	0.00052768	0.00114714	0.000584562	0
4427.722145218	3675.587014691	0.0306591	0.137604	-0.0623371	0.000925224	0.00122406	0.000831262	0
4431.497125223	3671.70063228	0.0226446	0.225009	-0.187211	0.000758957	0.00145517	0.00117024	0
4417.790372719	3674.79096803	0.0230176	0.184704	-0.169526	0.000461797	0.001633	0.00113986	0
4426.367197642	3674.179813251	0.0286883	0.181121	-0.216803	0.000409153	0.00138125	0.000975934	0
4409.622805552	3672.331456408	0.0248592	0.181109	-0.232897	0.000238445	0.00126986	0.00111775	0
4426.258625956	3674.132606813	0.0168033	0.133078	-0.253692	0.000106018	0.000962934	0.00116942	0
4411.286556707	3683.189218157	0.0214794	0.10557	-0.252937	6.03878e-05	0.00112011	0.00124889	0
4426.613428754	3685.758878135	0.0246434	0.0867887	-0.277295	0.000511777	0.000713731	0.00124058	0
4415.58883658	3684.019545684	0.00964496	0.0816499	-0.271108	9.05076e-05	0.00100646	0.00103707	0
4449.757800384	3696.129963987	0.0146237	0.131972	-0.187059	1.94159e-06	0.000534776	0.00110231	0
4457.762002679	3696.477830477	0.0295382	0.111349	-0.0600114	0.000324092	0.00139452	0.000713452	0
4455.187737576	3691.318841173	0.0187099	0.172192	0.000255753	0.000319696	0.000730006	0.000973566	0
4451.276112833	3690.500877237	0.01932	0.158278	0.0219936	5.65856e-05	0.00109232	0.000735155	0
4438.4778449	3676.904861088	0.0286652	0.144106	0.0143111	0.00044593	0.000971746	0.000724737	0
4414.428370995	3678.798176444	0.0294235	0.157894	-0.00853645	0.000333501	0.00132484	0.000640701	0
4426.047232488	3672.080250719	0.0380065	0.168785	-0.02609	0.000851645	0.00122515	0.00050021	0
4407.000511853	3680.045213183	0.043288	0.171492	-0.0496198	0.000776343	0.00161633	0.000731385	0
4438.791721922	3671.010238123	0.0217154	0.180454	-0.0954991	0.000702795	0.00129247	0.000568983	0
4398.159191423	3677.220132656	0.027237	0.158559	-0.126013	0.000834405	0.0016522	0.000755565	0
4421.842024496	3676.421276088	0.0250695	0.171743	-0.125304	0.000523953	0.00115885	0.000832683	0
4407.051922745	3668.840146925	0.0345832	0.135759	-0.172836	0.000631964	0.00160296	0.000924669	0
4422.082843935	3667.944348564	0.0233195	0.147714	-0.163591	0.000481291	0.000980246	0.00095422	0
4400.280905388	3675.094156998	0.0342609	0.0978312	-0.194644	0.00056384	0.00145659	0.00100367	0
4425.866617908	3667.57877966	0.0376827	0.124612	-0.173674	0.000286179	0.00102206	0.000956968	0
4426.020174124	3674.577134105	0.0346223	0.129828	-0.142892	0.000516899	0.00160808	0.000913361	0
4451.90961678	3679.608553631	0.0249454	0.141744	-0.0234463	0.000452812	0.00100507	0.000809223	0
4429.112268668	3676.564019365	0.0357555	0.14325	-0.0316761	0.000351424	0.00142345	0.000622708	0
4451.895749368	3673.456262191	0.0311597	0.170974	0.0211072	0.000249136	0.000841701	0.00070304	0
4418.283511403	3665.494390626	0.0360191	0.118672	-0.0189846	0.000333296	0.00132205	0.000630561	0
4429.699435166	3666.725972876	0.0380878	0.128315	-0.0246655	0.000629329	0.0012269	0.000757013	0
4416.644789235	3669.690424792	0.0433615	0.141929	-0.044911	0.000560024	0.00150596	0.00102193	0
4436.157928418	3667.150268838	0.0353221	0.157845	-0.0916407	0.000879732	0.00154893	0.000837376	0
4417.469054647	3674.866273538	0.0336917	0.171384	-0.0883635	0.000948329	0.00184786	0.000927304	0
4440.348930769	3673.116825422	0.0327507	0.169353	-0.137028	0.000840719	0.00130017	0.00095136	0
4411.533126049	3668.777205007	0.0295212	0.171199	-0.142479	0.000894027	0.0014061	0.00100155	0
4443.274616375	3681.596281863	0.0309634	0.13614	-0.176902	0.000761036	0.00111705	0.000827369	0
4402.963403947	3679.627660998	0.0304006	0.121826	-0.193209	0.000670762	0.00160427	0.0011495	0
4423.926871441	3679.029150801	0.0272812	0.125956	-0.206145	0.000368199	0.00109803	0.00116015	0
4403.756552241	3677.380578348	0.0315384	0.101879	-0.19187	0.000727852	0.00154262	0.00111193	0
4429.676435557	3672.138977776	0.0156139	0.153261	-0.188546	0.000584388	0.00112716	0.00160137	0
4427.596662055	3683.604522416	0.0344687	0.100084	-0.179024	0.000360892	0.00187293	0.00189607	0
4445.613811941	3683.951826925	0.015998	0.156594	-0.093762	0.000292344	0.00126827	0.00163665	0
4419.709487185	3674.473729526	0.0296039	0.0644671	-0.132521	0.000330576	0.00146502	0.00137841	0
4436.362219067	3671.096221278	0.0186053	0.123813	-0.144448	0.000351547	0.00111684	0.00143662	0
4403.324294877	3668.19864515	0.0299549	0.0977287	-0.18968	0.000581111	0.00158897	0.00151448	0
4432.62579723	3668.526842291	0.0258534	0.151379	-0.183855	0.000523671	0.000974445	0.0016464	0
4411.303806414	3667.401755517	0.0283448	0.125062	-0.226564	0.000448236	0.00159376	0.0014821	0
4442.09893046	3666.922385378	0.0249285	0.172282	-0.196498	0.000587936	0.00109175	0.0015139	0
4419.346566878	3668.581916469	0.0333948	0.145508	-0.249991	0.000658822	0.00157565	0.00159999	0
4436.848593159	3665.286176515	0.0270256	0.16691	-0.206547	0.000664252	0.00116614	0.00147967	0
4416.727655474	3673.585236924	0.0288951	0.157713	-0.19673	0.000257316	0.00140539	0.00125102	0
4475.770358596	3678.621714282	0.0310235	0.134504	-0.0530729	0.000408803	0.00128621	0.00115183	0
4447.029979066	3681.575769541	0.0365601	0.12656	-0.0116222	0.000152574	0.00115039	0.00113293	0
4469.516832451	3679.2286542	0.0419219	0.130629	0.0711592	0.000726676	0.0011201	0.00091178	0
4418.014957141	3671.121791432	0.0456515	0.0946822	0.0527247	0.000531696	0.00166687	0.00100352	0
4439.200303218	3668.899997944	0.0330469	0.119149	0.0480232	0.000707059	0.00147058	0.00102433	0
4400.859954377	3667.570630929	0.0446916	0.0977116	-0.0204786	0.000542071	0.00183039	0.000840248	0
4440.35603359	3665.895364359	0.04333	0.183869	-0.0490469	0.000614904	0.00147712	0.00138647	0
4406.680208469	3672.97211521	0.0401937	0.190834	-0.133775	0.000747442	0.00207515	0.00166144	0
4443.906090944	3672.504546681	0.0393292	0.242816	-0.160906	0.000587399	0.00140232	0.00154208	0
4402.611645216	3673.784178342	0.0368624	0.208895	-0.226293	0.000433906	0.00220128	0.00156678	0
4440.966876157	3665.780439161	0.0456916	0.192772	-0.198697	0.000376375	0.00173432	0.00157699	0
4401.674411133	3668.057868808	0.0535495	0.131285	-0.26369	0.00069037	0.00250026	0.00176366	0
4432.102556117	3669.770788133	0.0510489	0.113515	-0.232902	0.000282397	0.00232603	0.0019389	0
4388.614691758	3681.652760994	0.0571049	0.0683721	-0.361844	0.000591293	0.00315634	0.00253663	0
4419.160540626	3671.629822623	0.0604294	0.0724842	-0.291642	0.000420233	0.00295632	0.00212116	0
4406.467123853	3680.3559889	0.0558067	0.101059	-0.217553	0.000430401	0.00224173	0.00162708	0
4457.115646009	3688.994205088	0.0485995	0.0911889	-0.0514749	0.000397254	0.00167849	0.00121175	0
4426.718618144	3680.420335771	0.0514618	0.119338	-0.0212193	0.000434238	0.00199944	0.00110884	0
4453.657587093	3683.265647628	0.0530593	0.142787	0.0282584	0.000448021	0.00147427	0.000645017	0
4425.398846441	3673.193535884	0.050508	0.134304	-0.018326	0.000537066	0.00194806	0.000960033	0
4432.359272345	3672.499488848	0.0484595	0.15383	-0.0159518	0.000710149	0.00160521	0.000953425	0
4417.485289666	3673.278676067	0.0452553	0.17424	-0.0859295	0.000794965	0.00194661	0.00123232	0
4440.675322285	3676.942232851	0.0435966	0.180716	-0.0982278	0.000819249	0.00172989	0.00125749	0
4421.638748537	3677.51742082	0.0458349	0.181103	-0.197565	0.000686486	0.00173254	0.00138939	0
4437.842649806	3677.845617961	0.042171	0.179847	-0.175559	0.000627123	0.00157311	0.00128769	0
4410.763992053	3683.581200188	0.0476031	0.153565	-0.205028	0.00109562	0.00188396	0.0013582	0
4415.40111918	3679.382918096	0.029286	0.132322	-0.189631	0.000561741	0.00160798	0.00135698	0
4425.01630882	3679.147166897	0.0369102	0.124715	-0.211899	0.000595756	0.00177868	0.00166414	0
4415.136961902	3680.28012141	0.0328431	0.114126	-0.209294	0.00048532	0.00179952	0.00137417	0
4421.249108095	3683.401085147	0.0424845	0.112226	-0.162268	0.00062862	0.001931	0.001382	0
4446.082598097	3698.404302736	0.0444694	0.127277	-0.0798628	0.000607058	0.00208258	0.00116386	0
4432.552739648	3690.87796676	0.0492865	0.118049	-0.0343224	0.000692246	0.00186678	0.0010041	0
4433.577236954	3690.403654453	0.0494095	0.14677	0.000217615	0.00054537	0.0018425	0.000971971	0
4428.017419615	3681.619604091	0.0489444	0.107807	-0.0281376	0.000433028	0.00206863	0.00106464	0
4406.325743901	3674.385498446	0.0540105	0.132387	-0.0372208	0.000485425	0.0020682	0.000991379	0
4420.895658216	3676.124549906	0.0531455	0.130149	-0.0838548	0.000788995	0.00182986	0.00129079	0
4410.522157925	3679.915676469	0.050266	0.152194	-0.12316	0.00071628	0.00230698	0.00128563	0
4426.918173578	3671.293476751	0.0381059	0.172701	-0.144036	0.000786701	0.00180957	0.0016818	0
4409.837919546	3669.966357662	0.0374128	0.156975	-0.186314	0.000880489	0.00220474	0.00145434	0
4421.216299829	3667.975819523	0.0347949	0.170647	-0.180715	0.000676721	0.00130948	0.00137597	0
4399.003750608	3673.802161747	0.0424097	0.109533	-0.217004	0.000569988	0.00235231	0.00147484	0
4411.269983459	3670.331083594	0.034453	0.128164	-0.190909	0.000479027	0.00154243	0.00147093	0
4394.624354398	3668.735618383	0.0446269	0.100754	-0.215501	0.000700651	0.00214123	0.00143024	0
4437.219969205	3672.537422593	0.0316792	0.130998	-0.114152	0.000390581	0.00176116	0.00104992	0
4430.856856685	3676.721655149	0.0420114	0.114325	-0.0835144	0.000626048	0.00213355	0.00108325	0
4446.909569346	3678.639135706	0.0409836	0.163246	-0.00355128	0.000367859	0.0014013	0.000859595	0
4443.988280725	3679.382356115	0.0495601	0.156086	0.0278371	0.00026909	0.00180584	0.000787676	0
4449.785196978	3680.506318926	0.0388723	0.219719	0.14843	0.00044281	0.00116576	0.000540106	0
4438.899955378	3672.919288958	0.0477519	0.277221	0.258766	0.000667377	0.0020664	0.000799464	0
4429.549599476	3672.196861861	0.0429044	0.131592	0.0736554	-0.00135043	0.00154019	0.00210047	0
4400.131746157	3672.7880663	0.0381823	0.165302	0.0305666	-0.00120509	0.00170166	0.00183166	0
4418.568638913	3676.792183816	0.0371847	0.142923	-0.0350638	-0.00129864	0.00119403	0.00165575	0
4392.281100078	3670.015531035	0.0332862	0.179269	-0.0228244	-0.000654861	0.00118943	0.00151502	0
4419.742295451	3667.896018163	0.0267565	0.183594	-0.043789	-0.000639421	0.00120953	0.00151212	0
4400.150687012	3672.617785934	0.0328723	0.196956	-0.0553747	-0.000113323	0.00162411	0.00137349	0
4434.770172576	3676.760712857	0.0215562	0.245394	-0.0604817	0.000230466	0.000989483	0.00120883	0
4409.532836492	3677.083571175	0.0343473	0.226757	-0.11761	0.000132622	0.00168109	0.0011975	0
4443.193779512	3679.991824949	0.0261464	0.208539	-0.185523	0.000101114	0.00111167	0.00219278	0
4403.049314253	3682.029850517	0.0226803	0.201865	-0.275789	1.50425e-05	0.00170653	0.00227824	0
4436.018916074	3676.375193613	0.0366428	0.110552	-0.201374	-0.000126143	0.00174404	0.00164357	0
4388.736116167	3677.162529562	0.0314929	0.0896828	-0.265684	-0.00021198	0.00205523	0.00177942	0
4430.125942628	3669.30181465	0.0312427	0.0917853	-0.235378	-0.00012229	0.00139108	0.00172321	0
4398.714902573	3672.298299505	0.031645	0.0723556	-0.276819	5.84354e-05	0.0018541	0.00159631	0
4424.961515633	3672.211754368	0.0228753	0.0989715	-0.245261	-0.000205943	0.00126662	0.00155902	0
4388.870055068	3673.094627157	0.0284491	0.11011	-0.28104	0.000316634	0.00166278	0.00181886	0
4422.472146147	3672.403671018	0.0227682	0.148121	-0.254991	-0.000157017	0.00119697	0.00153597	0
4395.590676222	3668.911237573	0.0315618	0.161637	-0.268496	0.000433271	0.00166873	0.00167704	0
4412.309362866	3664.825070771	0.0318002	0.181274	-0.272929	0.000209137	0.00136248	0.00182761	0
4392.732298297	3669.336657497	0.0270067	0.176168	-0.28271	0.000286143	0.00154152	0.00183919	0
4399.614254946	3673.79541797	0.0249803	0.163308	-0.272027	-7.34644e-05	0.00168986	0.00188363	0
4375.884069735	3674.518407048	0.0293144	0.141365	-0.29359	0.000180467	0.00160866	0.00190398	0
4382.606382037	3679.539991899	0.0233156	0.121609	-0.289478	-0.000299482	0.0019234	0.00189431	0
4364.283472638	3670.635115535	0.0283894	0.100825	-0.278097	0.000163127	0.00180116	0.00191856	0
4378.093723384	3677.818080872	0.0270185	0.108158	-0.271664	-9.27185e-05	0.0018999	0.00180196	0
4383.475970209	3681.658099817	0.0206786	0.127905	-0.212796	-0.000160594	0.00126792	0.00200091	0
4394.554002652	3683.489878209	0.032125	0.124435	-0.206913	-7.78436e-05	0.0017845	0.00201027	0
4381.895423523	3674.560836644	0.0359624	0.104403	-0.175199	-5.34259e-05	0.00132318	0.00192943	0
4374.771294517	3668.717634978	0.0341153	0.114406	-0.261389	-0.000138528	0.00189242	0.00237818	0
4370.447029723	3658.115012787	0.0435422	0.107804	-0.230437	0.00020008	0.00198626	0.00216535	0
4376.844979886	3663.813504241	0.0454217	0.116256	-0.26392	9.77864e-05	0.00247529	0.00204245	0
4388.375563467	3660.791168241	0.0403337	0.119115	-0.257608	-8.85383e-05	0.00215176	0.00215551	0
4382.034435868	3660.386541629	0.0374236	0.123015	-0.256122	-9.54766e-05	0.00211213	0.00203238	0
4399.714032663	3658.317326093	0.0354063	0.118925	-0.263892	6.71738e-05	0.00192039	0.00193909	0
4403.725096893	3658.041955204	0.0395191	0.111809	-0.276214	-0.000198205	0.00215032	0.00192989	0
4414.839996357	3656.984306199	0.0360888	0.116121	-0.271352	-2.78774e-05	0.00175772	0.0018763	0
4423.826755494	3670.636801479	0.0409565	0.123614	-0.201005	-0.0001283	0.00213227	0.0018416	0
4462.384924165	3679.325034011	0.0444055	0.108917	-0.109474	0.000314989	0.00184832	0.0014874	0
4445.505916714	3675.891889604	0.0411563	0.116917	-0.0440322	-0.000119744	0.00166105	0.00133093	0
4456.541670463	3674.807265491	0.0378101	0.107946	0.00271378	0.000142025	0.00128661	0.00117014	0
4419.769353815	3666.346354437	0.0470446	0.122037	-0.000901633	0.000173332	0.00164973	0.00130009	0
4433.879952401	3668.087372832	0.0472204	0.0991791	-0.0505046	0.00014378	0.0016958	0.00125597	0
4406.598018689	3672.521968104	0.0492016	0.124541	-0.0541138	0.000483268	0.00168265	0.00160709	0
4434.413002171	3671.966730475	0.0343152	0.133034	-0.123768	0.000468326	0.0018039	0.00179911	0
4413.532062688	3668.20651289	0.0306254	0.166309	-0.139805	0.000416369	0.00191732	0.00165856	0
4442.521717397	3672.621438813	0.0392921	0.164253	-0.186029	0.00066243	0.0011881	0.00172021	0
4405.467655534	3676.973984801	0.0338388	0.158021	-0.185681	0.00037795	0.00162191	0.00188048	0
4440.354680672	3675.889922669	0.0271663	0.172415	-0.209345	0.000236702	0.00113943	0.0016299	0
4410.592847901	3678.88050672	0.0302204	0.120469	-0.233796	0.000217719	0.00144685	0.00193428	0
4431.459581743	3679.254224354	0.0248244	0.135396	-0.225873	-6.08845e-05	0.00117309	0.00177719	0
4409.686730937	3680.324236951	0.0325806	0.0823887	-0.253798	0.000125406	0.00192862	0.00189934	0
4454.373957279	3683.89787671	0.0266073	0.107238	-0.172265	-0.000229669	0.00121594	0.00177433	0
4440.19063934	3683.947050083	0.0354228	0.101451	-0.158301	-0.000193724	0.00176132	0.00156115	0
4464.478565078	3675.372056804	0.0273129	0.113693	-0.095053	-0.000348299	0.00124317	0.00145898	0
4414.817673207	3676.247623834	0.0285918	0.0720741	-0.169571	-0.000204113	0.00164498	0.00177263	0
4441.883478237	3669.585615259	0.0259482	0.118666	-0.16308	-2.49166e-05	0.00116978	0.0017597	0
4405.041486301	3667.847125781	0.0263378	0.112968	-0.220638	-3.23925e-05	0.00186195	0.00200686	0
4447.536985161	3672.995437439	0.0312749	0.161475	-0.194883	8.2323e-05	0.00148213	0.00168106	0
4416.097195593	3672.754347416	0.0359363	0.160423	-0.258984	2.26072e-05	0.00177309	0.00179405	0
4443.836077427	3671.853491222	0.0344775	0.170213	-0.213184	0.00010091	0.0014236	0.00181307	0
4407.538296837	3665.101284632	0.0302532	0.131799	-0.261323	0.000224538	0.00179723	0.0018961	0
4448.358882966	3668.373702358	0.0328128	0.139269	-0.23626	0.000468785	0.00131103	0.00168364	0
4406.623724135	3668.755287732	0.0380566	0.0888479	-0.271913	0.000503112	0.00190784	0.00192418	0
4443.839121493	3674.329862287	0.0269952	0.136479	-0.195188	0.000230644	0.00157984	0.00172712	0
4441.633526599	3683.285316978	0.0452185	0.115457	-0.16228	0.000156462	0.00158794	0.00162589	0
4470.95194043	3686.831700639	0.0257235	0.122543	-0.0407737	0.000156958	0.00114614	0.00157958	0
4431.239732536	3673.402873958	0.0393279	0.123612	-0.0446684	0.000315674	0.00151412	0.00145946	0
4452.928364184	3677.853485701	0.0243914	0.152848	-0.0163593	-0.000269001	0.00111369	0.00134683	0
4411.88556124	3662.271989245	0.0364752	0.126255	-0.0640807	-0.000309855	0.00162392	0.00136637	0
4436.989973111	3664.811021236	0.0367153	0.16118	-0.0487098	-0.00019084	0.00131111	0.0014699	0
4406.199584279	3661.634702331	0.0230701	0.131364	-0.113424	2.48186e-05	0.00156575	0.00145354	0
4447.195373315	3669.971134504	0.0222124	0.180346	-0.105469	1.55542e-05	0.00104452	0.00147034	0
4408.615219724	3663.098382902	0.0379169	0.171653	-0.19355	0.000218555	0.00140721	0.00157841	0
4447.767995943	3667.1393102	0.0282459	0.205068	-0.195803	0.000172319	0.00120365	0.00169219	0
4412.820089486	3671.680119959	0.0288151	0.157822	-0.268849	0.000107776	0.00173549	0.0022369	0
4444.526403938	3672.584910022	0.0356421	0.170012	-0.319386	0.000237437	0.00195202	0.00289267	0
4392.161028587	3672.456497271	0.0420276	0.0983568	-0.321379	0.00029191	0.00208265	0.00250034	0
4424.457215375	3668.759221602	0.0373938	0.10391	-0.299182	-0.000106195	0.00185982	0.0020274	0
4415.933830721	3676.702547782	0.0397158	0.11874	-0.274049	-6.34568e-06	0.00210569	0.00183319	0
4464.036837286	3690.210051859	0.0349561	0.0951428	-0.159237	-0.000120704	0.00169431	0.00179794	0
4443.052061331	3682.692426595	0.0316412	0.115601	-0.112389	9.31898e-05	0.00167044	0.00184844	0
4468.915798541	3684.650088821	0.0362648	0.129197	-0.0189886	-1.67821e-05	0.00110653	0.00122394	0
4429.578010758	3672.975768089	0.0333995	0.141869	-0.0566146	-0.000170629	0.00153923	0.00152988	0
4447.793701389	3675.965228177	0.0240763	0.145776	-0.0535561	-9.17828e-05	0.00119583	0.00148142	0
4423.324484612	3671.109708832	0.0393373	0.117201	-0.135451	-0.000234985	0.00150286	0.00161557	0
4450.75219526	3673.74343469	0.0242355	0.177728	-0.117373	0.000147115	0.00110185	0.00140272	0
4427.797232178	3672.078002794	0.0216634	0.166291	-0.199251	8.7852e-05	0.00129918	0.00136789	0
4458.950879546	3677.012199536	0.0240029	0.206495	-0.202095	0.000296749	0.00130556	0.00147195	0
4423.472629155	3684.430073101	0.0313396	0.163915	-0.272568	6.56607e-05	0.00175458	0.00181639	0
4443.298630673	3681.714859939	0.0354538	0.162112	-0.256127	0.000120754	0.00191311	0.00168465	0
4409.951564675	3677.320446337	0.0321085	0.130006	-0.306978	0.000306011	0.0019815	0.00192394	0
4438.225525656	3680.286303206	0.0355387	0.136427	-0.230138	-0.000176258	0.00124134	0.00170228	0
4443.271910538	3690.701504598	0.0299417	0.0910843	-0.18331	0.000152749	0.00158123	0.00175255	0
4473.55867557	3689.711293361	0.0274039	0.107301	-0.0688264	6.51833e-05	0.00138476	0.00176881	0
4430.111736987	3685.139574626	0.0380409	0.104379	-0.0822422	0.000117741	0.00171977	0.00174577	0
4448.640966411	3682.152643454	0.0224904	0.109042	-0.0723682	-0.000199278	0.00125834	0.0013135	0
4407.235243161	3666.373891526	0.0332886	0.110332	-0.149107	-7.02903e-05	0.00138807	0.00146165	0
4443.116663175	3675.199247521	0.0184629	0.152057	-0.121299	0.000142379	0.00111318	0.00150549	0
4419.722678137	3669.25404623	0.0185447	0.161484	-0.205888	0.000546227	0.000915747	0.00150792	0
4448.100137361	3673.855268989	0.0109876	0.199421	-0.180651	0.000257672	0.000820151	0.00129833	0
4420.909863857	3666.522535607	0.0141049	0.18155	-0.218748	0.000441939	0.00103443	0.00169505	0
4444.500360263	3672.299985449	0.0170642	0.174609	-0.197109	0.0003837	0.000847383	0.00186264	0
4408.12241927	3672.099639078	0.0149604	0.16884	-0.234423	0.000402133	0.000772357	0.0015268	0
4422.772155758	3667.33122685	0.0154575	0.130281	-0.21198	0.00032619	0.00107931	0.00164599	0
4418.23345343	3676.001756969	0.0190319	0.103307	-0.251189	0.000258078	0.00117563	0.00177649	0
4429.648362504	3674.630241348	0.0290663	0.0919218	-0.266586	0.000156705	0.00144648	0.00173061	0
4416.901505463	3668.136827195	0.0237008	0.0792769	-0.271191	9.28383e-05	0.00132234	0.00167563	0
4439.865262513	3678.788060778	0.0272136	0.110401	-0.184969	-3.50072e-05	0.00164993	0.00165056	0
4441.441750445	3680.86345811	0.0408106	0.113669	-0.114127	0.000174188	0.0015316	0.00145834	0
4442.627583246	3689.61463256	0.0329494	0.156644	-0.0417421	-2.30829e-05	0.00158128	0.00143878	0
4426.995628145	3668.187686513	0.0424657	0.133784	-0.0640207	-6.17306e-05	0.00166566	0.00139261	0
4418.059603441	3670.735148225	0.0399582	0.144284	-0.0612922	0.000101109	0.00186093	0.00155597	0
4400.956688029	3664.692162169	0.037076	0.127135	-0.103387	0.000335417	0.00202456	0.00153086	0
4405.30530535	3672.171291707	0.0321209	0.139913	-0.0934637	0.000544709	0.00155444	0.00139164	0
4417.521818457	3668.724378755	0.0315897	0.167004	-0.165292	0.000489868	0.00136313	0.00157868	0
4405.707122055	3678.166790334	0.0349119	0.167072	-0.165333	0.000499852	0.00175749	0.00168339	0
4419.350963862	3675.842154249	0.0342296	0.148344	-0.189928	0.000308249	0.00149787	0.00168928	0
4407.653971343	3672.2803161	0.0341956	0.132741	-0.1925	0.000358019	0.00149824	0.00167522	0
4424.497464691	3668.272545705	0.0317372	0.111678	-0.203289	0.000474384	0.00143082	0.00197239	0
4404.684315896	3673.233436564	0.0293598	0.103086	-0.22152	0.000409116	0.00169611	0.00189727	0
4427.602750187	3672.124928241	0.0271297	0.107749	-0.217684	0.000334463	0.00135946	0.00187657	0
4427.594294448	3687.014344595	0.030954	0.11834	-0.144084	0.000449206	0.00203586	0.00183041	0
4452.047276206	3682.558394029	0.0417258	0.123512	-0.100864	0.000395262	0.00155291	0.00155902	0
4434.578734651	3684.695609315	0.0492106	0.139636	-0.0453084	9.23237e-05	0.00134344	0.00138011	0
4456.998956815	3669.862672092	0.0456056	0.145337	-0.0244025	0.000159487	0.00128518	0.00128297	0
4427.066318121	3673.02409849	0.0427738	0.149807	-0.00792242	-9.50795e-05	0.00142166	0.0012084	0
4440.606999916	3672.727372308	0.0417603	0.0996022	-0.078724	-7.95238e-05	0.00180505	0.0015304	0
4414.232197856	3675.634783111	0.0364741	0.129846	-0.0542873	0.000387061	0.00143942	0.00132488	0
4440.286020073	3668.606924641	0.0363062	0.144994	-0.15392	7.32462e-05	0.0015679	0.00166669	0
4424.51302325	3674.467547731	0.0349527	0.173661	-0.163454	0.000142889	0.00103458	0.00158407	0
4454.530219331	3678.600077998	0.0331684	0.143478	-0.189598	0.000279678	0.00171751	0.0016629	0
4428.142226319	3681.7190748	0.0303684	0.176007	-0.21034	0.000262057	0.00146939	0.00183806	0
4442.030269861	3681.42712546	0.038166	0.156227	-0.213631	3.60321e-05	0.0016497	0.00167372	0
4437.502729108	3682.953747948	0.026897	0.1248	-0.248151	0.000198766	0.0017013	0.00175664	0
4441.608159383	3682.993086647	0.0276039	0.117247	-0.233745	1.33472e-05	0.0018277	0.00196574	0
4441.186048905	3685.43714378	0.0237582	0.111322	-0.228828	0.000421356	0.00143432	0.00208477	0
4462.8317254	3707.091692297	0.0262004	0.12611	-0.128638	9.53689e-05	0.00212835	0.00164516	0
4462.901738917	3695.398826178	0.0302246	0.120255	-0.10548	3.25547e-05	0.00151815	0.00161709	0
4446.08733331	3687.946390757	0.0293399	0.114631	-0.146228	-0.000325512	0.0014466	0.00183352	0
4426.57115006	3685.701837022	0.0297275	0.104664	-0.165474	-9.05713e-05	0.00159292	0.00174081	0
4436.391645037	3686.523453837	0.0348858	0.118551	-0.171284	0.000128945	0.00138181	0.00149052	0
4434.053802389	3683.444357715	0.0332696	0.140668	-0.241166	7.99551e-05	0.00191496	0.00200953	0
4434.115360168	3679.845428793	0.0240255	0.153824	-0.219278	0.000101997	0.00137389	0.00137227	0
4433.994273989	3673.720393452	0.027616	0.173812	-0.257711	0.00045916	0.00175902	0.00172714	0
4442.620142196	3678.443004195	0.0293125	0.17023	-0.244136	0.000310489	0.00137673	0.0015519	0
4425.908558373	3681.983768042	0.0320785	0.154613	-0.286139	2.62387e-05	0.00182621	0.00174331	0
