4186.886852198	3430.071366495	0.0205893	0.0722496	0.010836	-0.0018527	-0.000446451	0.00154874
4094.404993536	3432.444964699	0.0282412	0.10385	0.0423381	-0.00242972	-0.000427311	0.00132331
4033.318244362	3432.8457256	0.0260992	0.102324	0.0568322	-0.00247033	-0.000434726	0.00126488
3962.101896814	3431.353559683	0.0299072	0.0767436	0.0478311	-0.00293637	-0.000573302	0.00138365
3946.982415601	3428.096716478	0.0245618	0.0608456	0.0543169	-0.0029228	-0.000909103	0.00146613
3894.652004797	3427.087487839	0.0266479	0.0621786	0.0452569	-0.0030634	-0.000832712	0.00148116
3874.136069928	3424.266300284	0.0396272	0.0728821	0.0532875	-0.0028978	-0.000605597	0.00170953
3856.704707352	3422.410383048	0.029058	0.0942943	0.0659024	-0.00305053	-0.000706637	0.00158884
3854.627274949	3421.548588498	0.0315093	0.0985503	0.0647851	-0.00294939	-0.000819005	0.00166386
3847.068772629	3424.889873973	0.0451097	0.133498	0.0931915	-0.00335371	-0.00067471	0.0015756
3845.1151689	3424.767968943	0.0410315	0.113041	0.0854017	-0.00325453	-0.000616913	0.00152949
3843.140927059	3426.677059129	0.0404424	0.0940735	0.0856366	-0.00349282	-0.000525786	0.00144153
3830.843501347	3427.753056075	0.0302596	0.0588778	0.0687558	-0.00305221	-0.00108116	0.00168237
3828.51222016	3421.709315825	0.0255572	0.0681381	0.0766563	-0.00311394	-0.000759278	0.00151498
3833.54626856	3427.44111817	0.0249944	0.0847263	0.0721793	-0.00301773	-0.00097227	0.00168717
3830.078240136	3428.408805442	0.0265505	0.118056	0.106649	-0.0034317	-0.000535131	0.00142509
3835.153564761	3429.113498092	0.0230986	0.118589	0.116026	-0.00411485	-0.000721089	0.00129415
3832.369896147	3429.939038357	0.0171804	0.0943963	0.124152	-0.00427915	-0.00079118	0.00107141
3825.770240534	3426.601831489	0.00827842	0.0987005	0.0670379	-0.00368141	-0.000810143	0.00100747
3834.472507048	3424.441227206	0.00398259	0.0933248	0.090117	-0.00333446	-0.000799979	0.00108419
3822.206038506	3426.808178791	0.0128541	0.0935575	0.0731289	-0.00324544	-0.00106178	0.00118229
3832.693914514	3426.784764565	0.0160867	0.108027	0.0812306	-0.00326621	-0.000940835	0.00108096
3826.704734268	3427.891426593	0.0201195	0.118854	0.0812008	-0.0032771	-0.000591407	0.00132523
3841.60008558	3430.218347406	0.0268788	0.127901	0.101689	-0.0036396	-0.000750613	0.00116725
3839.282012784	3428.71319037	0.0260664	0.126372	0.122432	-0.00379268	-0.00120112	0.00110559
3839.2774724	3428.247171758	0.0168411	0.0782085	0.0896205	-0.00373131	-0.001257	0.00111327
3832.114809077	3425.384291775	0.0178872	0.0783923	0.0823816	-0.00336943	-0.00105147	0.00111749
3824.225271433	3425.770399903	0.0168985	0.0782707	0.0706062	-0.00332151	-0.000746525	0.00152833
3837.506722347	3427.63553177	0.0159012	0.0922791	0.0709703	-0.00278994	-0.00093389	0.00116307
3830.492653435	3432.692551249	0.0225849	0.103796	0.0747424	-0.00312088	-0.000935262	0.0010858
3841.340870887	3434.065078028	0.021073	0.141791	0.0702358	-0.00314351	-0.00100208	0.00121881
3830.699447322	3431.436491358	0.0184132	0.146333	0.105508	-0.00354777	-0.000847634	0.00112783
3834.342074177	3434.999834324	0.0211292	0.111959	0.0715848	-0.0033866	-0.00100679	0.00104313
3828.130415079	3432.893007229	0.0229339	0.0879711	0.0673005	-0.00293786	-0.000841966	0.00112416
3825.760747002	3429.054282761	0.0236779	0.0721321	0.059242	-0.00315388	-0.00106554	0.00128388
3835.372741515	3432.31006855	0.0216812	0.0915321	0.0685965	-0.00275287	-0.000793643	0.00120232
3823.011337656	3429.784957649	0.0244379	0.105607	0.0650244	-0.00246305	-0.000598121	0.00124916
3826.815767313	3431.360810539	0.023731	0.117052	0.0847996	-0.00288064	-0.00100114	0.00125315
3837.733328823	3431.853264568	0.035145	0.141592	0.0999103	-0.00299624	-0.000633953	0.00104767
3830.857948026	3430.225145084	0.0347912	0.126994	0.0910315	-0.0032658	-0.000626925	0.00094781
3826.142964846	3428.373759634	0.0252155	0.0867689	0.102434	-0.00307538	-0.000517265	0.00139737
3826.879745462	3430.792222514	0.0278295	0.0885699	0.0980866	-0.00327186	-0.000637463	0.00112054
3819.411638074	3424.372495125	0.0283505	0.0621816	0.0843052	-0.00304654	-0.000837342	0.00109084
3816.514459842	3425.316012873	0.0305245	0.0848196	0.0899467	-0.0025569	-0.000710537	0.000815684
3816.062072416	3425.306194005	0.0332553	0.0842647	0.0732114	-0.00248638	-0.000841712	0.000946585
3823.023307761	3420.287694703	0.0310077	0.0773173	0.063897	-0.00261775	-0.000600379	0.00101374
3822.523039914	3421.958866149	0.0400655	0.0870643	0.0777316	-0.00304073	-0.000832068	0.00111463
3855.853591593	3432.187106102	0.0927143	0.168973	0.0881255	-0.00118557	-0.00146916	0.00267032
3845.782192696	3433.622926819	0.0916872	0.192989	0.0982145	0.000928924	-0.00311538	0.00320131
3827.837766644	3433.9233842	0.0809803	0.0577051	0.0454659	0.0082909	-0.00406108	0.00288955
3829.95606251	3432.341942108	0.0707849	-0.00146436	-0.0657331	0.011134	-0.00406173	0.00288773
3797.943047933	3427.019359997	0.0618335	0.0292721	-0.0257021	0.00695992	-0.00395343	0.00199107
3809.615138835	3429.316371025	0.064211	0.0399641	0.0885427	0.00476758	-0.00344341	0.00160781
3837.820008895	3422.407210798	0.0764244	0.0633055	0.174276	0.00411978	-0.0029997	0.00156858
3818.225359368	3403.670996681	0.0801331	0.111129	0.103627	0.00337838	-0.0038725	0.00229067
3809.277086553	3402.69379266	0.0881309	0.0900231	0.110756	0.00246971	-0.00416983	0.00184734
3826.291146493	3395.081752496	0.0807675	0.155885	0.103555	0.00255392	-0.00423787	0.00209631
3840.874036782	3415.163302679	0.105032	0.167659	0.214121	0.00487334	-0.00458073	0.00209331
3832.183327611	3412.563266258	0.116106	0.103546	0.33931	0.00505142	-0.00448073	0.00184024
3831.200540694	3405.655163447	0.0961685	0.0774467	0.334391	0.00515366	-0.00427474	0.0016597
3809.701818908	3410.180000245	0.105349	0.118135	0.37304	0.00763766	-0.00459863	0.00161078
3809.999833252	3411.578358202	0.111532	0.128509	0.32322	0.00750248	-0.00395851	0.00176108
3821.510121353	3417.089009413	0.106812	0.104124	0.342033	0.00722208	-0.00349843	0.0018715
3819.1008281	3418.535857474	0.0834822	0.058216	0.384355	0.00716335	-0.00318329	0.00155847
3796.618493873	3408.009728152	0.0706399	0.072048	0.34222	0.00723678	-0.00305344	0.00154809
3814.273573588	3422.505248425	0.0672843	0.119382	0.421439	0.00506868	-0.00206255	0.00130752
3811.329753221	3426.412856032	0.0711989	0.0826591	0.304154	0.00592335	-0.00174025	0.00119548
3793.264800592	3421.203266441	0.055966	0.148372	0.259815	0.00624579	-0.00181882	0.000800658
3805.462750601	3423.850584491	0.052583	0.140848	0.280882	0.00534276	-0.0016413	0.000694945
3802.567223418	3419.862915339	0.0387743	0.107677	0.328225	0.00478483	-0.00113273	0.000528631
3804.538988686	3425.17280845	0.0304697	0.0959859	0.348859	0.00361597	-0.000667561	0.000345878
3800.54221182	3426.049557892	0.0358326	0.0894832	0.376755	0.0027577	-0.000674314	0.000317622
3803.816241986	3424.502859489	0.0307857	0.0985378	0.412352	0.00245429	-0.000181008	0.000305332
3806.124408488	3423.015225357	0.0288091	0.0746119	0.382277	0.00184215	-0.000463483	2.64996e-05
3813.723361508	3419.625449777	0.0321876	0.0909954	0.355678	0.00232264	-0.00110506	-0.000107221
3801.176627398	3416.201987924	0.0317228	0.106909	0.349635	0.0026448	-0.000992434	-0.000148665
3792.800855823	3412.453899167	0.0380636	0.093796	0.299478	0.00289072	-0.000832412	-6.61705e-06
3802.868952623	3415.277654734	0.0340048	0.130049	0.296483	0.00321814	-0.001042	-0.00010588
3805.603915291	3414.278547083	0.0423281	0.157611	0.314389	0.00314463	-0.0010207	0.000156172
3818.257554824	3418.458363942	0.0400695	0.107492	0.282177	0.0027923	-0.00108867	8.46659e-06
3823.602000435	3419.929532586	0.0371086	0.0925324	0.261449	0.00323521	-0.00123461	-0.000356243
3810.612372431	3417.004567142	0.0223242	0.0725327	0.254012	0.00215436	-0.00114891	-0.000485608
3810.086513325	3416.351838965	0.0127068	0.0774392	0.252374	0.00335257	-0.00100264	-0.000550664
3800.966118651	3418.476340024	0.0132436	0.0957018	0.275526	0.00300716	-0.0006467	-0.00048659
3807.720147346	3422.341499907	0.0142515	0.102573	0.261139	0.00310261	-0.000645684	-0.000313464
3827.073330957	3425.121146095	0.0195996	0.111205	0.264697	0.00300098	-0.000798481	-0.000311804
3818.325247833	3421.904635782	0.0175938	0.104239	0.257389	0.00273486	-0.000872222	-0.000289273
3827.469582717	3429.122259544	0.0168215	0.0544431	0.22071	0.00247727	-0.000767742	-0.000301587
3825.338078458	3423.777471684	0.0112556	0.0507031	0.255696	0.0023633	-0.000869888	-0.000548929
3813.360956253	3429.641148988	-0.000226636	0.0582974	0.273826	0.00123845	-0.000800215	-0.00048889
3820.880658922	3427.633265877	-0.0202297	0.079327	0.286197	0.00135027	-0.000550094	-0.000227914
3820.609886886	3425.808617961	-0.0240117	0.117114	0.263363	0.00130657	-0.000685704	-0.000623675
3824.273151854	3425.137913702	-0.0116034	0.138901	0.2656	0.00114934	-0.000597871	-0.000500834
3833.072004735	3426.888089276	0.00780193	0.148478	0.265768	0.00168151	-0.000801812	-0.000579336
3822.491669983	3435.450142747	0.000871906	0.112819	0.232142	0.00167194	-0.000775126	-0.000637634
3832.879244764	3425.440485916	-0.00314826	0.074416	0.226066	0.00175418	-0.000940003	-0.000602468
3810.833612997	3427.462719681	-0.0102669	0.0658382	0.237123	0.00159771	-0.00070671	-0.000489005
3826.432723945	3427.355165305	-0.0160807	0.0578407	0.234097	0.00202712	-0.00100201	-0.000626532
3822.20314917	3425.637920706	-0.0181552	0.0787889	0.257887	0.0018884	-0.000607898	-0.000636428
3823.574345364	3424.917064687	-0.0168127	0.0910072	0.238209	0.00178977	-0.000802561	-0.000680134
3822.981206011	3424.661018804	0.00338757	0.120341	0.263856	0.00200731	-0.000828539	-0.000487545
3817.684228058	3420.738003126	0.00243962	0.11275	0.252171	0.00114682	-0.00043971	-0.000458402
3823.608191869	3420.477123338	0.00075981	0.0751683	0.256938	0.00191317	-0.000766834	-0.000695833
3809.678704222	3418.75353424	0.00220008	0.0648105	0.251758	0.00138749	-0.00111846	-0.000838069
3813.138890163	3418.826647046	0.015782	0.0326905	0.233738	0.00110807	-0.00115039	-0.000810965
3821.823820663	3417.451401196	0.047046	0.112226	0.243761	0.00208642	-0.00127324	-0.000227388
3837.424995422	3426.759386566	0.0626895	0.129319	0.250325	0.00306365	-0.000902177	0.000283704
3831.514240003	3427.822694512	0.0656803	0.0915885	0.304327	0.00167794	-0.000652328	0.000456098
3834.900128739	3427.574805844	0.0696881	0.0854316	0.293506	0.000602074	-0.000730952	0.000697286
3832.09334544	3432.965968976	0.0708507	0.0522799	0.377411	0.00154182	-0.000544177	0.000960167
3819.977122357	3431.242833056	0.0819458	0.0727566	0.398646	0.00105543	-0.000633384	0.00127522
3838.926211725	3435.419326605	0.106985	0.0529574	0.287348	0.00038608	-0.0014654	0.00176551
3848.472164278	3438.367555215	0.108414	0.0885041	0.0636657	0.0012698	-0.0029527	0.00272089
3832.501567305	3433.605403915	0.143931	0.164673	0.0409049	0.000504053	-0.00202085	0.00347424
3819.285745588	3432.617776787	0.146296	0.132242	0.097472	-0.0016786	-0.00252036	0.0037969
3830.275953254	3432.451309199	0.153866	0.114921	0.287864	-0.00378126	-0.00232537	0.00395229
3825.246858001	3417.608654154	0.158495	0.113101	0.335518	-0.00147314	-0.00292176	0.0039557
3810.249554413	3421.670795648	0.151892	0.114673	0.338899	-0.00112263	-0.00266891	0.00393443
3818.256729299	3421.361425756	0.142482	0.0619013	0.303107	-0.000286961	-0.00156932	0.00396407
3820.345306284	3424.736850682	0.139902	0.0682731	0.332129	0.000319544	-0.00141401	0.0041174
3847.720936983	3436.301514189	0.151244	0.10068	0.43229	-8.93811e-05	-0.00157101	0.00392317
3846.068649697	3438.468311913	0.149998	0.0709423	0.557777	-0.00069374	-0.000961096	0.00382309
3824.654544172	3418.018780745	0.15311	0.0654771	0.564106	0.000471058	-0.00125375	0.00366509
3807.21822845	3417.093239079	0.143382	0.0479507	0.485968	0.000942178	-0.00160216	0.00334696
3799.643628402	3414.475679754	0.122919	0.0588837	0.483954	0.0011643	-0.00145577	0.00288474
3797.879069784	3419.288133873	0.10847	0.0675302	0.562614	-0.00136445	-0.00112875	0.00251305
3784.873344052	3412.095283872	0.0876999	0.077964	0.591925	-0.00193146	-0.00067396	0.00248762
3785.329446338	3411.606757391	0.0886157	0.114154	0.623381	-0.00330917	-0.00063921	0.00207994
3785.385169242	3413.268563147	0.0674085	0.108709	0.641615	-0.00424172	-0.000560905	0.0022552
3788.61916147	3406.958807086	0.0759671	0.135118	0.659427	-0.0025102	-0.000908876	0.0013716
3784.586887051	3407.873623526	0.0640527	0.125506	0.674399	-0.00271696	-0.00103636	0.00177668
3801.960462911	3417.884942012	0.0530904	0.0965873	0.640251	-0.00205719	-0.00103636	0.00169125
3806.066209011	3417.336293843	0.0607397	0.0854818	0.508287	-0.0028443	-0.00136297	0.00199995
3810.385353194	3416.447308581	0.0728841	0.104775	0.469977	-0.00209573	-0.000914278	0.00175581
3821.132443894	3420.137390483	0.0696396	0.109041	0.606034	-0.00262389	-0.000422758	0.00209337
3815.25924984	3416.238091149	0.0732269	0.0520012	0.600095	-0.00308218	-0.00095872	0.00200811
3820.319302262	3419.86880666	0.0676206	0.032938	0.496779	-0.0017726	-0.00138508	0.00176777
3831.328496991	3428.051247563	0.06346	0.0528446	0.402945	-0.0020254	-0.00157906	0.00179985
3821.256685331	3430.877873261	0.0558865	0.094464	0.329561	-0.000995827	-0.00095872	0.00169206
3804.393283612	3433.449661552	0.0532475	0.123033	0.330031	-0.000808422	-0.00099185	0.00193645
3803.157060673	3431.895259114	0.0550872	0.108541	0.305875	-0.000951659	-0.00103278	0.00164078
3809.143764346	3434.09559205	0.0570438	0.112454	0.297759	-0.000131199	-0.00107869	0.00169981
3795.833420073	3434.425052859	0.0692794	0.114618	0.285456	-0.000555451	-0.00113344	0.00146602
3813.215251179	3437.196390773	0.0753984	0.118889	0.307392	-0.000388659	-0.00100521	0.00181788
3806.634582629	3435.966766298	0.0766343	0.0787235	0.30936	-0.000354892	-0.0011369	0.00191991
3813.453002235	3435.450746985	0.0778826	0.00719388	0.287441	-0.000651746	-0.00181883	0.00157604
3810.926484503	3430.428622255	0.0701359	0.0213764	0.302429	-0.000476082	-0.00134002	0.00155284
3823.722939774	3440.910491138	0.0575081	0.0200529	0.326223	-0.00145036	-0.000962207	0.00167691
3827.697014716	3435.204368911	0.0479578	0.052262	0.348658	-0.0014196	-0.000705374	0.00141251
3814.512975692	3427.460906967	0.0443351	0.0934722	0.390487	-0.00242225	-0.000603244	0.00138271
3820.877769586	3434.875210222	0.0407654	0.104991	0.415266	-0.00342812	-0.00040748	0.0011612
3823.625115121	3431.977133372	0.0317965	0.117013	0.461743	-0.00413757	-0.000319689	0.00125152
3823.711795194	3431.217152938	0.0206668	0.0834752	0.396815	-0.00424347	-0.000658157	0.00125079
3821.490308765	3427.282505677	0.0159599	0.104639	0.388811	-0.00312308	-0.000989707	0.00103544
3811.993887681	3424.974014125	0.0264415	0.0624878	0.390084	-0.00341717	-0.00108818	0.00119828
3823.87813838	3417.886150488	0.0309386	0.0681299	0.397695	-0.00217772	-0.00108022	0.001269
3809.737316461	3423.279277394	0.037789	0.0743436	0.36074	-0.00307561	-0.00102971	0.00149461
3821.917104931	3421.801462131	0.0519353	0.0853888	0.393973	-0.00301967	-0.000807973	0.00172069
3820.888088642	3421.988926993	0.0460585	0.102745	0.39386	-0.0032006	-0.00110423	0.00158176
3818.783826692	3422.279112327	0.0530799	0.0865851	0.392666	-0.00326246	-0.00119997	0.00162644
3820.434050167	3419.848866804	0.0582865	0.0559806	0.402026	-0.00282573	-0.00125136	0.00161768
3813.498406082	3418.816374999	0.0571076	0.0503653	0.381164	-0.00315723	-0.00128348	0.00150944
3813.117426526	3421.777896846	0.0544658	0.0606768	0.376908	-0.00204868	-0.00131807	0.00169651
3818.679397843	3423.328522797	0.0542885	0.0745842	0.382119	-0.00231572	-0.000917175	0.00152691
3809.033144063	3422.824588246	0.0552039	0.0797788	0.388013	-0.00206856	-0.0011025	0.00153256
3811.453581896	3423.675053331	0.0584002	0.100122	0.396603	-0.00212985	-0.000936382	0.00158469
3818.793732986	3423.526108646	0.056543	0.106916	0.38646	-0.00199624	-0.00127322	0.00151546
3821.461002645	3426.352734344	0.0609938	0.129411	0.416642	-0.0033649	-0.000650595	0.00149267
3816.882231007	3424.456333157	0.0521485	0.0746679	0.400875	-0.00291573	-0.00125677	0.00149425
3806.779874941	3426.369955129	0.0569585	0.0577315	0.414039	-0.00341784	-0.00105629	0.00145143
3810.65984009	3421.897989163	0.0525581	0.051346	0.386624	-0.00242217	-0.00127886	0.00149548
3806.961490331	3422.665975752	0.0529341	0.0563464	0.415824	-0.00258863	-0.000959542	0.00162144
3809.506995126	3420.547214955	0.0335988	0.0661175	0.392634	-0.00263771	-0.000825047	0.00173199
3810.209929237	3417.203059348	0.0487503	0.0887662	0.422869	-0.00260618	-0.000840386	0.00172258
3806.750156059	3418.266669414	0.0582221	0.120125	0.411415	-0.0022798	-0.00111938	0.0018291
3807.419243666	3417.178134528	0.0766464	0.151145	0.422215	-0.0027137	-0.00147406	0.00209849
3809.498327119	3415.365118195	0.0997179	0.135822	0.415104	-0.00279787	-0.00160093	0.0024108
3822.100784132	3422.251921613	0.125509	0.102267	0.336432	-0.00170907	-0.00172758	0.00279572
3824.269849756	3419.103237023	0.118697	0.093448	0.341481	-0.00227838	-0.00200763	0.00282436
3817.4093284	3414.186249718	0.127015	0.0433771	0.361629	-0.00162866	-0.00261206	0.00281459
3818.443710598	3416.685831559	0.157711	0.0442829	0.40777	-0.0017135	-0.00291737	0.00350927
3806.012137156	3414.058755485	0.165476	0.0136848	0.377342	-0.000967608	-0.00341093	0.00370338
3815.517226246	3413.335180394	0.156312	0.0372953	0.382469	-0.000327909	-0.00319616	0.00377972
3805.596898332	3416.967255441	0.171623	0.0934456	0.41381	-0.000802707	-0.00372655	0.00417406
3818.265397306	3414.581421416	0.170006	0.13384	0.404578	-0.0017172	-0.00343099	0.00469337
3818.02021653	3423.376106545	0.181219	0.16846	0.431389	-0.00343342	-0.00268382	0.00512538
3806.684939623	3424.341074745	0.162948	0.120971	0.427476	-0.00350197	-0.00274554	0.00464651
3806.934248022	3429.259421587	0.170841	0.129246	0.411014	-0.00113762	-0.0023774	0.00441206
3815.630323103	3428.333426742	0.183777	0.128251	0.442082	-0.00139207	-0.00306169	0.00466785
3822.524278201	3431.31352891	0.181654	0.0423986	0.413854	-0.001723	-0.0032242	0.00456307
3826.199100512	3428.525876568	0.178258	0.0091252	0.407132	-0.000599462	-0.00316252	0.00466913
3818.962552746	3430.407322863	0.179253	-0.00542031	0.400524	-0.000846771	-0.00299589	0.004545
3813.942951025	3432.589377598	0.178781	-0.00140467	0.41848	3.11165e-05	-0.00275334	0.00449641
3810.919467545	3427.102140612	0.167373	0.0275428	0.430324	-0.00111327	-0.00275334	0.00432241
3814.110532499	3425.538372484	0.158489	0.0394239	0.448818	-0.00048086	-0.0022773	0.00414198
3786.228029756	3425.522360175	0.147883	0.0862693	0.484542	-0.00165485	-0.00202643	0.00386055
3793.878165296	3423.757833947	0.159879	0.0866555	0.476703	-0.000741709	-0.00232491	0.00417569
3787.339185733	3418.113192944	0.15091	0.087481	0.458405	-0.00172264	-0.0024561	0.00406116
3790.166607145	3416.754865759	0.154504	0.101671	0.456146	-0.000900154	-0.00237307	0.00426049
3773.255737766	3417.328589808	0.14909	0.0867837	0.436222	-0.00158406	-0.00231151	0.00402673
3780.889362816	3417.245356013	0.129893	0.0572509	0.486311	-0.00188212	-0.00166703	0.00384599
3775.482177342	3411.999814256	0.122259	0.0551498	0.487589	-0.00313265	-0.00107385	0.0037844
3776.530593457	3410.229698826	0.101171	0.0545782	0.521525	-0.00383981	-0.000999887	0.0035944
3777.653719539	3404.241699539	0.0980537	0.0407641	0.496419	-0.00441725	-0.00105853	0.0033528
3766.911994748	3405.449420384	0.0830694	0.0766663	0.500569	-0.00305693	-0.00164121	0.00299555
3767.573239872	3399.784386346	0.0901527	0.0551802	0.490818	-0.00355322	-0.00128463	0.00333807
3786.297373814	3402.324603198	0.0885569	0.073611	0.489979	-0.00341686	-0.00158679	0.00342657
3768.838356168	3401.32458919	0.0971865	0.0778679	0.453299	-0.00390956	-0.00142441	0.00368223
3780.82951229	3399.743449217	0.0936157	0.109179	0.467165	-0.00357794	-0.00182521	0.0037844
3784.53364072	3399.574564676	0.115213	0.103136	0.451782	-0.0042813	-0.00189857	0.0037844
3784.204256445	3399.757497752	0.0932652	0.0751881	0.451344	-0.00385831	-0.00162749	0.00371391
3788.555596083	3404.996241831	0.0956914	0.0383813	0.434539	-0.00413549	-0.00170047	0.00361498
3790.854681815	3403.679153894	0.102209	0.0409088	0.414519	-0.00360249	-0.00167741	0.00325393
3778.808628314	3406.772097522	0.0952463	0.0616059	0.43716	-0.00355277	-0.00143878	0.00333232
3800.900489453	3409.753559226	0.0855893	0.0435047	0.412688	-0.00352692	-0.00151057	0.00325392
3793.062134328	3411.996188828	0.0864483	0.0753173	0.42162	-0.00384454	-0.00128757	0.00325393
3807.698683709	3415.894883924	0.0774625	0.0775509	0.40797	-0.00392018	-0.0011243	0.00336801
3795.182494005	3422.413404238	0.0719921	0.0849314	0.407765	-0.00316185	-0.00111973	0.00332074
3808.956783047	3421.65448122	0.0724928	0.0785369	0.38598	-0.00394875	-0.000653419	0.00333997
3806.595782977	3422.886371588	0.0722313	0.111988	0.41047	-0.0041591	-0.000969331	0.00348999
3814.181940368	3424.159350145	0.0810291	0.101889	0.402801	-0.0037474	-0.000942453	0.00339431
3809.40875771	3418.774078334	0.0818455	0.090133	0.423439	-0.00445495	-0.00117128	0.00325393
3816.078995669	3420.183765755	0.0759494	0.035409	0.378139	-0.00332039	-0.00121778	0.00291202
3804.456023474	3416.570724207	0.0702223	0.0368962	0.36652	-0.00289055	-0.00121387	0.00295825
3822.52056334	3418.4338923	0.0654393	0.0263237	0.362939	-0.00289498	-0.00130031	0.00301816
3807.773806438	3414.75272291	0.0631611	0.0704389	0.38142	-0.00302125	-0.00117798	0.00316832
3808.17955173	3416.389603845	0.0706049	0.0628064	0.379112	-0.00285793	-0.0012258	0.00325393
3796.89875944	3413.087895963	0.0639515	0.109937	0.391658	-0.00289193	-0.00125427	0.00330651
3809.288231133	3413.013423621	0.0718796	0.100818	0.397429	-0.0029912	-0.00123396	0.00334001
3811.175792902	3412.678222551	0.0793528	0.141969	0.418244	-0.00423712	-0.00103882	0.00334732
3819.011258692	3415.537174986	0.0702195	0.0721571	0.399446	-0.00352147	-0.00145405	0.00325393
3806.359270208	3409.476365011	0.0697668	0.0502976	0.417049	-0.00432455	-0.00101944	0.00281657
3813.941712739	3411.936671378	0.0538922	0.030614	0.397216	-0.00353272	-0.00106923	0.00284221
3817.083658985	3414.314650308	0.0511991	0.0449677	0.393334	-0.00361546	-0.00079234	0.00285259
3813.124856246	3415.728265276	0.0512267	0.0621575	0.369172	-0.00382427	-0.00084299	0.00295774
3817.514582774	3414.932785855	0.0355243	0.0794988	0.403106	-0.00466537	-0.000252869	0.00268257
3819.685299446	3420.58936056	0.0417941	0.10009	0.416493	-0.00516077	-0.000391799	0.00273366
3814.672301921	3420.815194539	0.0421332	0.094489	0.438491	-0.00565301	-4.87746e-05	0.00248197
3817.082420698	3414.163892909	0.0251169	0.0773193	0.409373	-0.00549083	-0.000386876	0.00240734
3805.830109004	3420.772595755	0.0230598	0.0820009	0.434111	-0.00550106	-0.000498226	0.00221571
3825.253462197	3419.642519502	0.0207154	0.076347	0.412081	-0.00553844	-0.00076565	0.00207791
3829.393880326	3423.542725193	0.0201943	0.0788163	0.446898	-0.00490572	-0.000850423	0.00208054
3826.603194754	3414.368880675	0.0147629	0.0759132	0.439478	-0.00538071	-0.000764243	0.00220294
3805.910597642	3416.085974214	0.0163745	0.0844487	0.432774	-0.00542653	-0.000631813	0.00203733
3821.825884474	3410.709312795	0.0103484	0.0720191	0.407888	-0.00553469	-0.000572351	0.0022839
3812.477645038	3413.567660992	0.0154098	0.0890102	0.412495	-0.00551943	-0.000486769	0.00222263
3818.177478947	3413.584428599	0.0178653	0.10185	0.413222	-0.00561588	-0.000644793	0.00241987
3819.104955723	3412.530335283	0.02307	0.114104	0.408979	-0.00564349	-0.000551294	0.00231917
3824.779611134	3412.726863716	0.0201439	0.0872508	0.405369	-0.0061071	-0.000752038	0.00244086
3812.476819514	3415.379922028	0.0136417	0.0532545	0.388424	-0.00567755	-0.000630492	0.0023205
3813.755969726	3417.865455334	0.0173736	0.0347155	0.374025	-0.00588109	-0.000437892	0.00232393
3817.04238276	3417.523909764	0.00413545	0.0321751	0.392853	-0.00525891	-0.000373661	0.00189056
3819.188333697	3421.704481921	0.00969911	0.0535187	0.393597	-0.00569435	-0.000422217	0.00187499
3828.562577154	3419.585721123	0.00672011	0.0697635	0.406078	-0.00513631	2.96128e-05	0.00175385
3809.716678349	3420.972598557	0.00627994	0.0868173	0.39332	-0.00545448	-0.000120718	0.00218847
3823.040231013	3424.721593671	0.00661185	0.084312	0.387479	-0.00505537	2.96128e-05	0.00194703
3814.264080056	3424.853166511	0.00693399	0.0765952	0.358606	-0.00505463	2.96128e-05	0.00206153
3817.448953576	3431.530752497	0.0146581	0.0927663	0.389273	-0.00544162	2.96128e-05	0.00202072
3812.829731237	3425.79638214	0.0236861	0.0780015	0.398511	-0.00591566	0.000181932	0.0021246
3822.776063173	3424.628087829	0.0224615	0.0526387	0.40616	-0.0057294	-0.000175218	0.00216658
3823.714684529	3423.944392451	0.0214892	0.0093748	0.384729	-0.0057192	-0.000221975	0.00227324
3819.156963766	3422.911900647	0.0145145	0.0115148	0.408253	-0.0053653	-0.000435971	0.00210867
3812.164771253	3419.551279553	0.0126555	0.0446279	0.396396	-0.00571656	-0.000492718	0.00191607
3822.680715093	3418.995531587	0.0139336	0.0515182	0.392067	-0.00458728	-0.000435971	0.00216579
3810.893876285	3419.505961698	0.03288	0.0847834	0.372495	-0.004409	-0.000789006	0.00264426
3822.165587806	3422.515369413	0.0655957	0.132671	0.333264	-0.00352265	-0.00124859	0.00335392
3820.325906458	3423.39030614	0.0728646	0.142638	0.327446	-0.00436242	-0.00103897	0.00407596
3818.780524594	3420.954924593	0.0758593	0.082294	0.313991	-0.00437932	-0.000969975	0.00385185
3799.32951633	3415.028708649	0.0828074	0.0730185	0.334043	-0.0049057	-0.00127639	0.00385185
3813.277165516	3414.018875772	0.0857035	0.0421866	0.318304	-0.00455077	-0.00131171	0.00392515
3820.913267139	3415.500467523	0.0789495	0.0097777	0.317488	-0.00414046	-0.00182431	0.00422412
3817.098105664	3414.690637448	0.0946041	0.0292679	0.333811	-0.00402654	-0.00196502	0.0043949
3822.71497436	3419.08556306	0.0968732	0.0160029	0.336516	-0.00400838	-0.00241044	0.00482114
3819.099589813	3419.515025269	0.0924025	0.0954053	0.344346	-0.00477993	-0.00237509	0.00493471
3803.380777813	3420.135879887	0.114741	0.117351	0.349767	-0.00487802	-0.00217084	0.00539842
3816.202824344	3416.137183391	0.1099	0.141685	0.357546	-0.0033979	-0.0030564	0.00545207
3818.434217067	3418.027844316	0.112817	0.151559	0.376602	-0.00318565	-0.00298193	0.0054271
3815.503605092	3421.106135171	0.111353	0.0756715	0.368526	-0.00390854	-0.00251688	0.00524869
3821.562542158	3420.169717219	0.0947262	0.0456807	0.404325	-0.00391771	-0.00232032	0.00480754
3826.662632518	3428.156536047	0.0823703	0.017025	0.417637	-0.00434385	-0.00205711	0.00439112
3828.72685653	3422.694072822	0.0808777	-0.0228063	0.425351	-0.00491298	-0.00208166	0.00437388
3834.219896552	3424.065240066	0.0815519	0.0238102	0.455706	-0.00496828	-0.00178267	0.00439962
3811.636848335	3420.327121237	0.085495	0.000836999	0.411428	-0.00443074	-0.00188493	0.00435889
3806.429027028	3419.930136824	0.0852013	0.0659048	0.424764	-0.00484771	-0.00165751	0.00429616
3810.650346558	3417.12118509	0.0966997	0.0863591	0.426031	-0.00416643	-0.00164763	0.00451625
3800.711444343	3418.587670889	0.0982189	0.125585	0.43287	-0.00528053	-0.00154507	0.00423461
3817.01307664	3415.452581656	0.0899581	0.0859447	0.401746	-0.00469048	-0.00210487	0.00434219
3790.455953482	3419.669105977	0.0907678	0.0644314	0.418642	-0.00509647	-0.0017461	0.00440689
3790.408485823	3415.632795661	0.065074	0.0399327	0.412769	-0.0054602	-0.00201273	0.00389632
3779.961060516	3412.000267435	0.0525463	0.0451209	0.448779	-0.00571005	-0.00153277	0.00389632
3785.795042156	3416.211504673	0.0360123	0.037112	0.449829	-0.00624564	-0.00120918	0.00389632
3784.486173062	3412.678222551	0.023583	0.0588475	0.475601	-0.00651903	-0.000898786	0.00346727
3779.321279029	3405.884018617	0.005808	0.0647877	0.45746	-0.00635977	-0.000732195	0.00326056
3780.574012457	3409.891627625	0.00626183	0.0916014	0.489908	-0.00681484	-0.000936228	0.00311588
3794.68800483	3406.894606791	0.00829185	0.0665858	0.481442	-0.00605316	-0.00113317	0.00308891
3778.622059777	3405.55395357	0.011946	0.0955768	0.484913	-0.00656773	-0.00112138	0.00308797
3800.715571965	3410.899949907	0.0148075	0.0401559	0.438524	-0.0058183	-0.00110177	0.00349152
3781.020208449	3402.130944896	0.0142526	0.0643927	0.427146	-0.00586524	-0.00141882	0.00317396
3796.547086004	3408.112146505	0.0249153	0.056993	0.407046	-0.00561456	-0.00168898	0.00306312
3791.57288813	3403.131865261	0.0295749	0.0981864	0.429357	-0.00654086	-0.00126185	0.00338509
3794.061431735	3408.835419477	0.0313853	0.0462366	0.415439	-0.00645818	-0.00138132	0.00305994
3799.816575785	3407.566217408	0.026929	0.0280641	0.392805	-0.00659941	-0.00140125	0.00305706
3796.20696991	3409.816702104	0.0289105	0.0315799	0.348959	-0.00612594	-0.00132067	0.0030186
3801.645938076	3419.353240525	0.0170807	0.0284535	0.356584	-0.00521571	-0.00153021	0.00296551
3804.685106522	3424.743195182	0.0106757	0.0516339	0.351029	-0.00532344	-0.00123422	0.00291815
3811.975726142	3427.605470926	0.0111784	0.0667738	0.365001	-0.00522354	-0.0009889	0.00308126
3806.605276509	3428.871651804	0.00940668	0.0905439	0.349541	-0.00548401	-0.00116054	0.00286433
3817.478672458	3429.480270602	0.00667039	0.0906857	0.365603	-0.00496322	-0.000931417	0.00310317
3809.319188302	3435.999999392	0.0102483	0.0915357	0.365179	-0.00483786	-0.00112221	0.00341435
3811.089525592	3432.409616772	0.00310598	0.0482226	0.366669	-0.00464586	-0.00155578	0.00339291
3808.740082865	3431.633019791	0.000594653	0.0531021	0.382078	-0.00571285	-0.00127371	0.00344061
3810.888097614	3431.443742215	0.000259549	0.0544375	0.354726	-0.00544175	-0.00140979	0.00349152
3807.994634242	3433.932145652	-0.000514768	0.0615058	0.370618	-0.0059423	-0.000978228	0.00349152
3801.491152233	3424.380048101	-0.00642259	0.00933111	0.382504	-0.00532269	-0.000954909	0.00349152
3795.231612713	3426.224182695	-0.0143087	0.0465894	0.408934	-0.00469154	-0.000607648	0.00324162
3799.798414246	3425.389276739	-0.0175553	0.0641762	0.402384	-0.00510106	-0.000604807	0.00338303
3801.409425307	3428.324514231	-0.0262617	0.0627947	0.368734	-0.00459307	-0.000317222	0.00349152
3811.033389926	3424.685037267	-0.0276582	0.0416239	0.386876	-0.00554482	-0.000146434	0.00349152
3837.860046833	3424.557845153	-0.0257404	0.0532522	0.45457	-0.00627871	-0.000146434	0.00349152
3825.462319895	3426.563160253	-0.0166663	0.0419132	0.502411	-0.00731239	0.000427011	0.00356793
3836.726188933	3421.241635558	-0.0276905	0.0258481	0.486738	-0.00695038	-6.07136e-05	0.00307905
3814.532375518	3419.738593356	-0.0317811	0.0513934	0.478564	-0.00732076	-0.000581279	0.00295474
3824.381708325	3413.909055502	-0.0270704	0.0369048	0.487364	-0.00612743	-0.000648995	0.0030664
3802.904037414	3415.65182916	-0.0238202	0.0710784	0.454669	-0.00596202	-0.000852278	0.00314148
3819.600683185	3415.472672572	-0.024482	0.0907731	0.442632	-0.00575537	-0.000861236	0.00335529
3804.444878893	3412.92596016	-0.0277332	0.0728007	0.436662	-0.00656455	-0.000907481	0.0034169
3814.700369754	3411.849358977	-0.0264586	0.0973896	0.436536	-0.00647092	-0.000753406	0.00340511
3807.918685988	3416.313923026	-0.0177764	0.10254	0.450853	-0.00743812	-0.000581279	0.00358331
3817.774622991	3410.337555322	-0.0106933	0.11214	0.459171	-0.00691099	-0.000763818	0.00349152
3807.093574251	3407.971056915	-0.00881365	0.0773903	0.463822	-0.00722132	-0.000989943	0.00341369
3815.977456155	3408.901885664	-0.00539529	0.00370587	0.439208	-0.00649233	-0.000989943	0.00349152
3803.388207533	3411.762952932	-0.00598728	0.021235	0.454379	-0.0065226	-0.000747969	0.00340034
3814.471699468	3413.599987729	-0.00781089	0.0322623	0.429577	-0.006299	-0.000827114	0.00349152
3811.348740285	3409.765341868	-0.0166184	0.0644287	0.433681	-0.00607241	-0.000716048	0.00349152
3805.868908655	3415.941561315	-0.00923315	0.0740348	0.398166	-0.00570775	-0.000932764	0.00349152
3823.380759869	3415.851378783	-0.00880309	0.119832	0.421276	-0.0063411	-0.000775506	0.00374796
3827.891838498	3422.618392004	-0.00815881	0.106244	0.408576	-0.00688	-0.000940947	0.00378476
3827.263201592	3421.739527729	-0.00986912	0.0656813	0.395468	-0.00599386	-0.000955509	0.00344918
3812.98616813	3419.563968553	-0.0107666	0.0441422	0.400394	-0.00592562	-0.00083329	0.0033991
3812.639035078	3422.422920988	-0.017434	0.0204962	0.395399	-0.00542978	-0.000739885	0.00344376
3818.84945589	3425.675081347	-0.0147942	0.0466787	0.395498	-0.00570442	-0.000602221	0.00343719
3810.890161425	3424.053306364	-0.0199845	0.0537645	0.364873	-0.00560247	-0.00083228	0.00354658
3815.99479217	3420.206575742	-0.0113455	0.0743977	0.395789	-0.00595091	-0.000659719	0.00358537
3821.895228532	3423.842880455	-0.0123974	0.0981559	0.419104	-0.00640297	-0.000670666	0.00367653
3823.622225785	3424.704826064	-0.00851727	0.095486	0.439322	-0.00710795	-0.00044549	0.00363701
3812.74222564	3416.947768763	-0.0188187	0.0537602	0.411191	-0.00644878	-0.00103212	0.00359449
3810.682129251	3419.398407321	-0.00461996	0.0546327	0.415219	-0.00583956	-0.000669354	0.00363664
3813.185532297	3420.10702752	-0.00160728	0.0486495	0.339621	-0.0048798	-0.00113938	0.00405378
3829.225060566	3425.529913151	0.00669267	0.0955939	0.30532	-0.0053777	-0.00201939	0.00438708
3823.101732588	3421.363540589	-0.00643106	0.0748948	0.248669	-0.00559515	-0.00259573	0.00479076
3815.850738144	3426.280981073	0.0216005	0.114192	0.336465	-0.00555338	-0.00229657	0.00477183
3832.825172909	3424.395607231	0.035166	0.0918824	0.441055	-0.00639395	-0.00267505	0.00540493
3828.548956	3425.867682233	0.0427805	0.112066	0.361668	-0.0058978	-0.00248493	0.00573492
3818.645551338	3431.26337715	0.0349089	0.0414878	0.191063	-0.00484671	-0.00206055	0.00536506
3825.23571342	3419.503997924	0.0354906	0.0285738	0.286739	-0.00684898	-0.00209676	0.00491241
3829.006296573	3415.337776422	0.0303677	0.0190905	0.424192	-0.00781006	-0.00256061	0.00482834
3811.251741156	3403.873869613	0.0539692	0.0100336	0.376149	-0.0064331	-0.00255209	0.00591382
3833.696514019	3404.174931232	0.0700332	0.0623959	0.33571	-0.00550399	-0.00313492	0.00741287
3824.532779309	3408.252329738	0.0689499	0.0976701	0.390157	-0.00573926	-0.0027418	0.00765868
3839.87927976	3411.072006698	0.0653527	0.0844683	0.421624	-0.00514979	-0.00216841	0.00818039
3816.665530826	3414.127034387	0.0560788	0.0764128	0.375774	-0.00383707	-0.00154452	0.00787973
3824.544749414	3436.068580413	0.0497297	0.0813982	0.320721	-0.00167668	-0.000888675	0.00713971
3824.422571788	3426.109981699	0.0319332	0.0797307	0.317452	-0.00114138	-0.000719132	0.0072653
3824.288011295	3426.344879249	0.0423547	0.0837941	0.349524	-0.00084106	-0.000756896	0.00734869
3828.760290272	3437.458932215	0.04132	0.0814842	0.414465	-0.00260258	-0.000459469	0.00755187
3852.726092026	3441.764128474	0.0334838	0.0909788	0.522217	-0.00280884	0.00019771	0.00695669
3825.559731786	3432.631825323	0.0324299	0.0617186	0.554474	-0.00351109	0.000528173	0.00655846
3827.576488139	3427.266191249	0.0151193	0.0494501	0.479397	-0.00226356	5.75971e-06	0.00638914
3812.091712335	3424.386392601	0.00890539	0.0683719	0.409716	-0.00303035	2.98932e-05	0.00615568
3818.338868987	3427.605773045	-0.000936082	0.0410598	0.323925	-0.00113691	-0.000278943	0.00593712
3804.162962276	3423.281694347	-0.000800018	0.0943126	0.271797	-0.00122868	-0.000169792	0.0059943
3803.849675729	3420.737096768	-0.000254298	0.10559	0.304865	-0.00124829	-0.000128923	0.00579327
3774.419314549	3417.860168251	-0.00145456	0.102311	0.337	-0.00252801	7.64307e-05	0.00585778
3801.262481946	3418.608819222	-0.00768726	0.104867	0.374265	-0.00319092	0.000835946	0.00560678
3790.437379181	3419.468649997	-0.0156657	0.102539	0.441206	-0.00442649	0.00136918	0.00513502
3784.47296467	3414.855443382	-0.0336285	0.0396967	0.402523	-0.00372431	0.00127723	0.0044574
3796.781534961	3414.723266304	-0.0299418	0.0594232	0.412925	-0.00343523	0.000875818	0.00465144
3803.770012614	3415.259527592	-0.032856	0.0326136	0.455222	-0.00378732	0.000862631	0.00440144
3802.518104711	3411.238625346	-0.0275778	0.059861	0.382599	-0.00336374	0.000622888	0.00476229
3809.237461377	3420.132556578	-0.0258732	0.0676271	0.30002	-0.00331737	0.000358075	0.00526242
3809.866923808	3423.720371186	-0.0141557	0.0898889	0.439979	-0.00438485	0.000909062	0.00514568
3834.680539222	3421.727140848	-0.00782424	0.0885466	0.509714	-0.00590877	0.000497612	0.00539568
3808.816031119	3414.797587586	-0.00792719	0.128887	0.450368	-0.00431347	0.000382013	0.00449547
3818.023105866	3419.644332216	0.00692351	0.0579218	0.397338	-0.00409836	0.000718789	0.00418967
3817.670606904	3421.749648717	-0.00684511	0.0256508	0.361202	-0.00329638	0.000272927	0.00434287
3798.390069449	3420.891781715	-0.00709212	0.0310557	0.359924	-0.00438162	0.000104083	0.00417576
3803.694477123	3421.910527103	-0.00221395	0.0412602	0.33925	-0.0030543	8.36235e-06	0.00425282
3802.406246141	3422.418842381	-0.00454751	0.0431304	0.322957	-0.00394847	0.000182387	0.00417508
3828.205125046	3424.266300284	0.00552433	0.0806473	0.29362	-0.00285229	3.22423e-05	0.00417508
3829.246524203	3428.720290167	0.00914436	0.103525	0.271608	-0.00384279	-1.89825e-05	0.00417508
3833.317185511	3432.13453739	0.0207974	0.073133	0.243786	-0.00320121	-6.88724e-05	0.00417508
3820.245417819	3428.914099529	0.014318	0.0376052	0.183475	-0.00264641	-1.56081e-05	0.00359485
3815.178348439	3427.809703394	0.0018663	0.0215457	0.185631	-0.00233306	0.000409435	0.00363047
3804.434559837	3430.17952511	-0.00785983	0.0390243	0.185396	-0.00234139	0.000406424	0.00316326
3808.461881109	3425.645171563	-0.0188017	0.0201574	0.19316	-0.00198953	0.000761879	0.00319649
3804.064724861	3424.899541783	-0.0158239	0.0482175	0.185046	-0.00257337	0.0008075	0.00318184
3815.431371699	3427.332657437	-0.00905702	0.0705603	0.20461	-0.00168454	0.000385301	0.00312478
3819.297715693	3432.064747893	-0.00557746	0.0810355	0.239157	-0.00248689	0.000216418	0.00293159
3822.811147964	3427.399123624	-0.00622378	0.0242322	0.210472	-0.00220567	0.000538859	0.00275379
3814.415151039	3425.936414313	-0.00893474	0.0379956	0.181954	-0.00226667	0.000329854	0.0027712
3817.4716555	3425.806654187	-0.0206798	0.00601035	0.178394	-0.00133546	0.000447908	0.00271969
3804.564992708	3424.97854591	-0.0139451	0.0364904	0.179483	-0.00229888	0.000953432	0.00265841
3818.040029118	3423.321876178	-0.0183632	0.0271993	0.187146	-0.00172718	0.000811386	0.00267254
3821.516725549	3422.856763923	-0.0294456	0.0425656	0.168426	-0.00173733	0.000801577	0.00278718
3825.181641566	3424.681865017	-0.023939	0.0665713	0.202173	-0.00189323	0.000879868	0.00262376
3813.436078983	3421.652215328	-0.0147247	0.0737871	0.204377	-0.00251901	0.00119373	0.00271039
3824.187710068	3423.174895267	-0.0125969	0.0499969	0.224099	-0.00206572	0.00100711	0.00272076
3806.584638396	3419.63390911	-0.00886721	0.0125772	0.183534	-0.00221285	0.000941546	0.00253827
3815.570059814	3419.104898678	-0.0155937	0.0114968	0.195762	-0.00166886	0.000835757	0.0027503
3807.843976021	3414.642298402	-0.0131348	0.0218605	0.192246	-0.00213659	0.00103134	0.00267617
3803.67755387	3417.209705967	-0.0221476	0.0405012	0.20657	-0.00200114	0.000876696	0.00278236
3810.176495495	3416.483109686	-0.0216471	0.0263809	0.196994	-0.00189201	0.000703711	0.00288043
3800.130687857	3420.439509518	-0.0158144	0.0771436	0.229157	-0.00257909	0.00123864	0.00254283
3814.877857521	3418.099899706	-0.0159584	0.0697717	0.245947	-0.00247663	0.00101444	0.00278322
3797.654114358	3418.598396115	-0.0139813	0.061103	0.271909	-0.00327808	0.00134673	0.0027671
3813.662272695	3412.441663346	-0.00779686	0.00375393	0.237105	-0.00253642	0.00103511	0.00249079
3798.214645493	3414.610122725	-0.00724079	0.0273044	0.257602	-0.00259816	0.00120135	0.00298935
3799.96062981	3416.552597065	-0.0142811	0.00415504	0.263359	-0.00234893	0.00140292	0.00275582
3793.302774719	3415.301371078	-0.015085	0.0384015	0.288153	-0.00305264	0.00131383	0.00264014
3807.225658171	3417.507897456	-0.017431	0.0127335	0.273019	-0.00271636	0.00137803	0.00278406
3816.921030658	3421.233931523	-0.0106019	0.0724829	0.298084	-0.00345383	0.00148262	0.00267371
3812.452879303	3421.019729126	-0.00715321	0.049839	0.323925	-0.00356373	0.00207959	0.00279389
3801.48330975	3418.095065801	-0.0190356	0.0367385	0.30176	-0.00397365	0.00167441	0.00246582
3806.945392603	3421.801462131	-0.0198374	0.0258815	0.290031	-0.00400767	0.00151795	0.00230377
3815.650135691	3428.680259395	-0.0308482	0.0415864	0.337915	-0.00458152	0.00151795	0.00266171
3824.551766372	3428.153968035	-0.0470197	0.0527318	0.288366	-0.00415154	0.00155505	0.00167542
3819.624210633	3427.51030343	-0.0440935	0.0837104	0.330318	-0.00503235	0.00149406	0.00155905
3822.628294288	3426.747150745	-0.0290604	0.0706922	0.325223	-0.00476819	0.00157248	0.0015585
3825.16967146	3426.431436353	-0.0232502	0.100038	0.310459	-0.00486876	0.00180347	0.00160518
3835.313716514	3430.631495187	-0.0481404	0.0359786	0.273965	-0.00439063	0.000645384	0.0016867
3830.13024818	3428.379650955	-0.0601113	0.0718501	0.239595	-0.00467993	0.000256255	0.0016208
3827.974803711	3432.381217582	-0.058414	0.0552614	0.207976	-0.00351365	-0.000293178	0.00137777
3834.20132225	3429.884656931	-0.0372378	0.094104	0.277094	-0.00369181	7.71572e-05	0.00137668
3833.139697744	3426.4543974	-0.016565	0.0871688	0.258051	-0.00388005	0.000188165	0.00141335
3823.228037837	3425.143956083	-0.0113915	0.117704	0.264945	-0.00367581	0.000114766	0.000955101
3822.188289729	3426.156356971	-0.0164629	0.077618	0.20733	-0.00359142	-0.000253318	0.00108374
3809.829775205	3423.696956961	-0.0149893	0.0414415	0.186151	-0.00344861	-2.78376e-05	0.00118359
3809.894991641	3424.957246518	-0.0215645	0.039472	0.17567	-0.0031106	0.000411421	0.00129514
3817.142271224	3417.616358189	-0.0317571	0.0244223	0.194903	-0.00219767	0.000143167	0.00132064
3812.369501329	3424.973258827	-0.0339754	0.0599488	0.215698	-0.00246755	0.000401721	0.00103233
3817.142271224	3421.804181203	-0.0476137	0.0541112	0.213853	-0.00223816	0.000528865	0.00092448
3798.690973129	3421.493753893	-0.0411668	0.0779009	0.229424	-0.00240308	0.000680942	0.000662755
3818.406561996	3425.130058607	-0.0536521	0.0621555	0.207829	-0.00181373	0.000511991	0.000687092
3808.351260826	3428.286447232	-0.0392211	0.0944144	0.232467	-0.00276839	0.000733386	0.000841864
3817.540999558	3428.472703618	-0.0420461	0.0414647	0.223913	-0.00219621	0.000798048	0.00086211
3799.887983654	3422.456154082	-0.0433939	0.0376079	0.195483	-0.00203221	0.000856217	0.00065519
3822.938278737	3422.293160862	-0.0455555	-0.00236745	0.189898	-0.00137796	0.00092923	0.000610475
3812.246910941	3425.527798317	-0.0295808	0.0111896	0.178959	-0.00128032	0.000706277	0.000857878
3803.573537784	3417.203059348	-0.0233115	0.0223699	0.176407	-0.000668728	0.00107676	0.000871538
3798.728947256	3416.177667341	-0.0170553	0.0146693	0.161321	-0.000667942	0.00116817	0.00111533
3800.728367595	3417.075111937	-0.0157168	0.0477213	0.176098	-0.000274171	0.00072578	0.00153514
3795.91349595	3415.494576202	-0.000386083	0.0542542	0.136799	-0.000476789	0.000956586	0.00192002
3795.027708162	3412.804055129	0.0111168	0.0679942	0.159925	0.000211399	0.000834402	0.00196666
3787.4138957	3415.409076515	0.023972	0.0524602	0.153994	-0.000445631	0.000772258	0.00205272
3785.832603521	3415.110280788	0.0278717	0.0329163	0.179893	8.50528e-05	0.000690008	0.00239065
3791.84077083	3415.558776497	0.0359691	0.044376	0.185209	-0.00195942	0.000990699	0.00269404
3795.143694354	3407.633892072	0.0556356	0.0281335	0.201787	-0.00241396	0.000656102	0.00320664
3793.516998327	3406.708199346	0.0813257	0.0437856	0.272142	-0.00209264	0.000593808	0.00320664
3804.867547437	3397.37060631	0.0903885	0.0681643	0.29106	-0.00243139	-6.52024e-05	0.00372476
3786.478576442	3401.866288621	0.083227	0.0526536	0.323282	-0.00197269	-0.000293688	0.00380592
3795.083431065	3414.617524641	0.0776448	0.0594607	0.330029	-0.00200089	0.000336181	0.00406118
3795.304258869	3414.785956003	0.0676798	0.0421556	0.321758	-0.00205983	0.000275281	0.0037401
3793.068738524	3416.154857354	0.056527	0.0530793	0.321776	-0.00120808	0.000356939	0.00356421
3812.177566883	3424.282916831	0.0499907	0.0726633	0.351692	-0.00299632	0.000985683	0.00319668
3828.014841649	3423.684116902	0.0420936	0.0546787	0.365772	-0.00326367	0.000991649	0.00292128
3808.458166249	3424.849390023	0.0342971	0.0433442	0.334974	-0.00488864	0.00122116	0.00291031
3798.167590597	3416.020263324	0.018498	0.0629591	0.334671	-0.00420491	0.00112954	0.00269998
3794.551793288	3414.696830888	0.0074083	0.0726585	0.331448	-0.00455981	0.00112954	0.00253909
3804.752799531	3418.334041959	0.0139308	0.0917364	0.353164	-0.00458856	0.00171881	0.00189677
3806.6403613	3415.564365699	0.00424057	0.0671726	0.355458	-0.00471902	0.000856724	0.00191619
3799.568505673	3413.356177667	0.009764	0.104045	0.347185	-0.00447228	0.000900032	0.00181017
3804.6809789	3412.805414665	0.00453058	0.111828	0.347493	-0.0047682	0.000960194	0.00188525
3784.26947288	3407.746280353	0.0158577	0.117583	0.351192	-0.00541387	0.00150035	0.00225512
3806.718786128	3409.050830349	0.0124276	0.0909835	0.342517	-0.00548208	0.00121672	0.00193397
3802.737281465	3411.674885233	0.0227145	0.0431915	0.314583	-0.00436965	0.00145706	0.00205697
3802.480956108	3407.081920593	0.0149028	0.0119878	0.282699	-0.00476777	0.0012005	0.00193018
3801.161767957	3403.909066481	0.00352386	0.035801	0.292372	-0.00431898	0.00112266	0.00188075
3800.358532619	3409.466848261	-0.00182102	0.0416468	0.28762	-0.00438521	0.00107678	0.00191835
3806.133076495	3405.411353386	-0.00398958	0.0772095	0.277665	-0.00456434	0.00109875	0.00189709
3811.063934332	3413.998935916	0.0014835	0.126057	0.263987	-0.00515654	0.000884746	0.00185029
3812.303459369	3412.39015205	-0.000646784	0.105064	0.244266	-0.00470262	0.000973063	0.00203923
3815.946498986	3418.061832707	-0.0040516	0.125073	0.247358	-0.00474275	0.000868441	0.00194025
3819.915620781	3421.217768154	-0.000417564	0.100868	0.216092	-0.00462773	0.000723945	0.00193814
3819.767439134	3426.388837569	0.00237505	0.0895636	0.227966	-0.00446428	0.00119665	0.0019185
3789.84836745	3431.411264418	-0.00188822	0.0275663	0.21287	-0.00300005	0.0014427	0.00157946
3831.436227938	3433.467637635	-0.00515815	0.0727598	0.22011	-0.0027762	0.00161806	0.00151051
3819.110321632	3431.687401217	-0.0121635	0.0236724	0.248951	-0.00363039	0.00148047	0.00149546
3844.12825436	3438.452601724	-0.023167	0.0244605	0.30321	-0.00462869	0.00212999	0.00158152
3836.462021093	3435.519932244	-0.027423	0.0520304	0.342768	-0.00505325	0.00234169	0.00153034
3838.166729185	3427.84852569	-0.0147402	0.0574339	0.336332	-0.00435853	0.00204975	0.00156631
3827.006463472	3423.475956886	-0.0220811	0.0336005	0.342064	-0.00442317	0.00212895	0.00152278
3829.405437669	3420.42953959	-0.019777	0.0506968	0.330476	-0.00425475	0.00186372	0.00149703
3813.320505553	3421.677895446	-0.0219839	0.0754136	0.33691	-0.00410924	0.00186372	0.00165834
3812.878849945	3421.064442744	-0.0120752	0.0983284	0.319768	-0.00466478	0.00140071	0.00191199
3821.655000902	3417.716812769	-0.0166498	0.113638	0.32148	-0.00376108	0.000950771	0.00186178
3816.030702485	3418.290385758	-0.00218842	0.13337	0.31516	-0.00424496	0.00105049	0.00198729
3825.548587206	3420.072737009	-0.0101955	0.115135	0.326219	-0.00397764	0.000775459	0.00209468
3815.877154928	3419.482698532	-0.0124287	0.0616458	0.291884	-0.00459771	0.000834341	0.00209713
3829.379433647	3416.054855953	-0.00716155	0.00777049	0.244552	-0.00346479	0.00069498	0.0019609
3815.744245484	3417.417563864	-0.00426088	0.0148419	0.274204	-0.00340245	0.000790134	0.00200836
3804.381313507	3411.215815359	-0.0118929	0.00216479	0.269462	-0.0035641	0.000784943	0.00175764
3808.738844579	3411.454338337	-0.0122598	0.0369888	0.266821	-0.00345956	0.00104784	0.00187378
3813.521108006	3416.370117167	-0.00973729	0.0783553	0.253942	-0.00354343	0.000606527	0.00215419
3814.650838284	3413.678387619	-0.00697138	0.110879	0.2729	-0.00353325	0.00100822	0.00222341
3823.397270359	3417.627385534	-0.00937452	0.078144	0.252768	-0.00407247	0.000890174	0.00220577
3828.867608457	3420.439509518	-0.0103939	0.0629805	0.230446	-0.00351714	0.000704553	0.00217227
3809.094232876	3422.03998511	-0.00660254	0.0410014	0.222703	-0.00321612	0.000606469	0.00220426
3819.756294553	3412.283352971	0.0141391	0.0606702	0.255101	-0.00334188	9.14316e-05	0.00268721
3817.955412857	3410.012022061	0.03666	0.0600177	0.251376	-0.00424555	1.69884e-05	0.00291385
3817.635934875	3413.698327475	0.0417801	0.0344778	0.260843	-0.00366819	-0.000222747	0.00347838
3811.203447973	3418.564558783	0.0650079	0.0380313	0.220473	-0.00306062	-0.000231414	0.00347969
3834.429167012	3420.25400843	0.0611122	0.071908	0.243682	-0.00141358	-0.000778193	0.00439017
3818.741724943	3420.366094593	0.0829241	0.118295	0.28626	-0.00228728	-0.000489073	0.00469313
3824.941826698	3416.23144453	0.0758921	0.0450079	0.265459	-0.00245538	-0.00109816	0.00455511
3813.576418147	3414.391388543	0.0790072	0.0829905	0.260249	-0.00206076	-0.000998101	0.00470255
3841.213740114	3424.986854184	0.0966934	0.0860015	0.367266	-0.00428576	-0.000586901	0.00526553
3845.911800042	3421.778047906	0.11609	0.0316485	0.399666	-0.00597354	-0.00101362	0.00561974
3823.495920537	3410.162175222	0.130459	0.0923637	0.334623	-0.0065725	-0.00176355	0.0063496
3813.525648391	3404.082029629	0.164495	0.0587862	0.378996	-0.00632636	-0.00195978	0.00718478
3818.419770388	3397.259577565	0.18074	0.0471499	0.415406	-0.00541641	-0.00126636	0.00761891
3806.483098883	3404.732189793	0.170543	0.0506243	0.395058	-0.00486932	-0.00111547	0.0076179
3820.879833397	3402.482007216	0.172485	0.034454	0.388296	-0.00501831	-0.000860101	0.0076662
3804.510920853	3407.893865502	0.150633	0.00965595	0.383454	-0.00477763	-0.000731873	0.00731369
3819.33197496	3418.081319385	0.141103	0.0201968	0.313799	-0.00271074	-0.000597338	0.00699078
3818.188210766	3417.731314482	0.12472	0.0501994	0.288563	-0.00185196	-0.000489547	0.00672282
3818.624913226	3421.378042303	0.122487	0.0807814	0.321647	-0.00152131	-0.000135119	0.00701155
3816.618888691	3417.614092297	0.11601	0.0592384	0.267596	-0.000394512	-0.000127179	0.00629802
3805.423125425	3420.960815914	0.108497	0.089345	0.282036	-0.00091638	-0.000150493	0.00630162
3803.972678879	3415.066322469	0.101679	0.064938	0.262641	-0.000747276	-0.000677839	0.0061132
3802.774017305	3421.087252731	0.105911	0.0896221	0.241214	-0.0014203	-0.00010286	0.00616753
3791.819307193	3415.954552434	0.0972415	0.0575922	0.215246	-0.000338577	-0.000345369	0.0061343
3783.189274072	3421.535899499	0.0757423	0.071323	0.273002	-0.00161209	0.00100872	0.00523822
3806.388163566	3421.951464232	0.0585867	0.0356599	0.38395	-0.00300858	0.00105778	0.00481547
3785.672451768	3409.86836446	0.0593354	0.0576752	0.362053	-0.00327477	0.00151307	0.00506195
3791.475889001	3411.612799772	0.047531	0.0703185	0.385834	-0.00434788	0.00162675	0.00475829
3773.027893004	3409.864739031	0.0467333	0.045961	0.38992	-0.0040958	0.0016765	0.00446313
3776.080682605	3406.32783148	0.0414389	0.0564168	0.343858	-0.00375898	0.00183907	0.00394536
3786.763382394	3403.480359569	0.0289231	0.0566325	0.350345	-0.00210869	0.00114002	0.00379041
3788.251390305	3409.152644464	0.0504252	0.0565797	0.344598	-0.0029117	0.00163165	0.00420889
3787.534422277	3405.253798308	0.0424124	0.071484	0.340537	-0.00207222	0.000998054	0.00430353
3801.483722512	3408.534206798	0.0656621	0.10354	0.319442	-0.00292468	0.00110863	0.00473946
3802.936645632	3410.720189081	0.0595402	0.100922	0.317497	-0.00195756	0.00132477	0.00415959
3810.277622246	3417.482066278	0.0652555	0.102031	0.316995	-0.00243506	0.000939669	0.00373945
3814.143140717	3418.480267572	0.0613148	0.0313957	0.295891	-0.00272325	0.000686287	0.00417591
3804.245514726	3424.039257829	0.0555976	0.00516128	0.280275	-0.00207958	0.000464527	0.00373761
3801.104806767	3425.46752557	0.0582559	2.53681e-06	0.266085	-0.00232549	0.00025498	0.00410989
3807.208322156	3423.586079275	0.0409909	0.00696442	0.253844	-0.00126322	0.000324976	0.00379822
3810.406816831	3425.816624115	0.0474692	0.0555871	0.249143	-0.00143076	0.000408574	0.00390925
3812.776484907	3433.58803207	0.0449071	0.0621809	0.228976	-0.000837284	0.000611889	0.00380603
3814.610387583	3431.651146933	0.0444289	0.116041	0.252609	-0.00181569	0.000908347	0.00376482
3814.999209623	3429.882693157	0.0508204	0.0932598	0.229599	-0.00173685	0.00051178	0.00391239
3810.666031523	3435.501200864	0.0452816	0.0657771	0.238676	-0.00152769	0.000784509	0.00373904
3820.248307155	3440.05156672	0.0326816	0.0374377	0.194127	-0.00160225	0.000702808	0.00372414
3805.730633301	3434.933519196	0.0282619	0.0228326	0.208764	-0.00124573	0.000777243	0.0037194
3813.897547178	3428.050643325	0.0291546	0.0178846	0.209078	-0.00172754	0.00116923	0.00384521
3816.994915101	3425.202416116	0.0159892	0.0428824	0.218821	-0.00165703	0.000885939	0.00366422
3815.318687604	3424.823407786	0.0142584	0.0617542	0.239575	-0.00244902	0.00131248	0.00351074
3803.780744433	3427.847770392	0.0106042	0.0576291	0.242806	-0.00299532	0.00166518	0.00337143
3824.521634728	3424.647121328	0.00521053	0.0413654	0.235412	-0.00266791	0.00143201	0.00348106
3793.59831249	3424.274004319	0.00291186	0.0662574	0.256495	-0.00322714	0.00186409	0.0033073
3809.075658575	3420.866252656	-0.00957223	0.045857	0.262851	-0.00249335	0.00166642	0.00322871
3795.63653248	3424.667967542	-0.0146235	0.0765626	0.243685	-0.0027243	0.00152176	0.00267628
3814.734216258	3418.789637464	-0.0116275	0.0586671	0.275529	-0.0021559	0.00127988	0.00286854
3804.503903895	3415.754549632	0.000743019	0.0844039	0.260663	-0.00212559	0.0015553	0.00330303
3810.042347764	3417.280703941	0.0108693	0.0755475	0.25974	-0.00132455	0.00132089	0.00323005
3807.04940869	3416.125249689	0.0149984	0.0565988	0.212495	-0.00182028	0.0012917	0.00339881
3830.609052389	3418.60625121	0.0320772	0.0555085	0.168977	-0.00151698	0.00110889	0.00370766
3805.228301643	3414.671755008	0.0223687	0.0285691	0.170009	-0.00146289	0.00136025	0.00324804
3806.536345213	3412.720519216	0.0211466	-0.019252	0.172933	-0.0014508	0.00124325	0.00319943
3810.769222086	3413.96947931	0.010596	0.0183544	0.212053	-0.00138739	0.00142962	0.00283623
3803.295336027	3414.29531469	0.00858263	0.0236092	0.164074	-0.000948061	0.00138469	0.00304934
3787.061809501	3414.736257422	0.00554788	0.0675828	0.18431	-0.0010372	0.00161912	0.00277967
3822.995239928	3419.355506418	-0.00423506	0.0644368	0.178086	-0.00094837	0.00152394	0.00285237
3798.976604606	3423.981855212	0.0025681	0.0796009	0.20208	-0.000998132	0.00174507	0.00303465
3809.051305602	3425.122052452	-0.0123883	0.0476003	0.174481	-0.00024924	0.0017858	0.00300245
3799.876426311	3425.950916027	-0.0196898	0.0549774	0.182319	-0.000910428	0.00185357	0.00288916
3806.902465329	3423.034409916	-0.0257798	0.0158719	0.171668	-0.000120395	0.00148707	0.0028728
3803.653200898	3426.489594267	-0.00786807	-0.00402012	0.138999	-0.000598734	0.00168047	0.00292116
3807.956247353	3423.093474187	-0.00747845	0.0207293	0.175716	-0.000560239	0.00162093	0.00308114
3802.148269735	3415.71754005	0.0019748	-0.0274886	0.175068	-0.00191455	0.00130413	0.0029058
3805.026460903	3422.080318001	0.0163889	-0.0108929	0.159815	-0.000706939	0.000918572	0.00333501
3794.967444873	3422.680779585	0.0211772	-0.0251221	0.137585	-0.000664805	0.00126332	0.0036024
3798.448681689	3417.733429316	0.01838	0.0105295	0.177859	-0.000138013	0.00085967	0.0039967
3794.694609026	3421.275926069	0.0247529	0.0508705	0.179978	-0.000368942	0.000918554	0.00431597
3804.992614399	3420.970634783	0.0439956	0.104773	0.179706	0.000487363	0.000696972	0.00425729
3813.962763613	3422.431229261	0.0668133	0.0872823	0.186066	-6.11758e-06	0.000948861	0.00471366
3816.367516481	3430.702342101	0.056093	0.0605731	0.13897	-0.000342842	0.00101427	0.0046432
3817.501787144	3430.421522457	0.0494479	-0.0081137	0.152349	6.59417e-05	0.000952606	0.00425109
3809.614726073	3430.865033202	0.0596179	-0.0210596	0.115165	-0.000239452	0.000705247	0.0046875
3805.797500786	3428.624367374	0.0630267	-0.00190131	0.128391	-0.00144017	0.0008639	0.00484206
3814.103928303	3433.154340195	0.0802075	-0.00427545	0.17817	-0.000608283	0.00112197	0.00530757
3798.553936063	3428.468171832	0.0565098	0.0721105	0.153608	-0.000598344	0.000959969	0.00473836
3807.931481618	3427.053499448	0.0479997	0.0776544	0.145048	-0.000457995	0.00102654	0.00468602
3796.606523768	3429.104434521	0.0455342	0.046879	0.162131	-0.000878854	0.00121677	0.0050016
3813.533490873	3432.872009956	0.0339095	0.0372571	0.179452	-0.000379535	0.00113065	0.00476214
3808.857720107	3433.045879461	0.0204333	0.0460374	0.188865	-0.00101892	0.00130995	0.00457706
3817.294580495	3430.710046137	0.0280892	0.0223063	0.190398	-0.00086809	0.00116981	0.00463673
3811.437071406	3434.550885437	0.0145351	0.0476302	0.210356	-0.00186083	0.00142197	0.00424812
3811.838689075	3429.780576923	0.00130399	0.0403579	0.236197	-0.00242051	0.00155311	0.00389395
3807.895571302	3430.21094549	-0.0134157	0.00216965	0.141381	-0.00322129	0.00121963	0.00371991
3803.709749326	3426.465273685	-0.0109506	0.0321036	0.188911	-0.00250808	0.00133482	0.0034503
3792.323702663	3420.839515122	0.00477264	0.018253	0.179679	-0.00190063	0.00151119	0.00386858
3786.132268914	3415.624940566	-0.00353386	0.0534066	0.186117	-0.00184226	0.00142367	0.0038136
3782.130538901	3414.565106988	-0.0030973	0.0573494	0.154494	-0.00201272	0.00134129	0.0038002
3786.107503179	3414.173560718	-0.00781799	0.0841763	0.170202	-0.00190785	0.00141428	0.00356858
3777.432066211	3409.916552446	-0.0025006	0.0591184	0.168168	-0.00263354	0.00157534	0.00386858
3792.379425566	3415.457717679	0.00767541	0.0787155	0.18071	-0.00219784	0.00138797	0.00386858
3782.894974588	3416.47872896	-0.00544048	0.0812959	0.184847	-0.00256739	0.00127259	0.00353672
3792.578376971	3420.558997597	0.00192588	0.0555037	0.202556	-0.00236572	0.00147633	0.00343723
3788.35870849	3412.190451368	-0.00431116	0.00413256	0.170173	-0.0021093	0.0012984	0.00345897
3787.034567192	3411.927456747	-0.00164747	0.000278599	0.181679	-0.00202569	0.00166555	0.00341945
3782.382736636	3412.465832869	-0.00979746	-0.000227156	0.175941	-0.00187881	0.00123699	0.00345985
3787.967409877	3412.709642931	-0.0128253	0.0372874	0.170506	-0.00147614	0.00115458	0.00344998
3794.257493803	3416.934475526	-0.00698297	0.0384723	0.168957	-0.00187476	0.00119216	0.00350205
3795.964678469	3421.357196089	-0.0162526	0.0568556	0.178468	-0.00183096	0.00112781	0.00345774
3789.656433004	3424.616909425	-0.0111192	0.0788017	0.172627	-0.00254953	0.00106012	0.00333612
3806.743964625	3426.214817005	-0.0105798	0.0957948	0.185309	-0.00215804	0.00115801	0.00336151
3802.030219731	3433.965227687	-0.00634728	0.0273669	0.164517	-0.00307838	0.00104941	0.0034322
3806.170225098	3427.09655141	-0.0222983	0.0232487	0.187347	-0.00232812	0.00125023	0.00343703
3807.93560924	3435.194701102	-0.0263495	0.0062388	0.20144	-0.00306277	0.00119694	0.00336319
3815.729798805	3433.206153609	-0.0356737	0.0250688	0.235446	-0.00282356	0.00139846	0.00327158
3805.207663531	3431.03165185	-0.0415689	0.0189334	0.22709	-0.00371038	0.00154739	0.00293972
3821.728472583	3431.008086565	-0.0538188	0.0549483	0.179814	-0.00295491	0.00165742	0.00251308
3799.793461099	3430.078617352	-0.0450037	0.0572302	0.194108	-0.00290139	0.00160237	0.00252287
3827.822081678	3426.364214868	-0.0242862	0.0779078	0.221958	-0.00277057	0.00139473	0.00277708
3833.956554236	3426.456059055	-0.00128428	0.119377	0.291025	-0.00318251	0.000836521	0.00295009
3824.236416013	3427.27525482	-0.000276339	0.120921	0.265967	-0.00270496	0.000586527	0.00309435
3816.359261236	3421.374265815	-0.00384035	0.0117695	0.172035	-0.00261449	0.00102038	0.00295009
3817.468766164	3416.082650905	-0.00916327	0.0078363	0.19624	-0.00218396	0.00111399	0.00295009
3798.623280121	3419.591159266	-0.0136477	0.0168815	0.208089	-0.00249763	0.00137805	0.00259524
3809.637840759	3416.618912193	-0.0199847	0.0193422	0.195536	-0.00245958	0.0012192	0.00246943
3798.593974001	3420.05355245	-0.0129026	0.0573047	0.216519	-0.00235238	0.00126668	0.00233538
3812.549878432	3416.211353614	-0.0216321	0.0528089	0.196081	-0.00255202	0.000930758	0.00249862
3807.166633169	3420.379689949	-0.0135285	0.0960232	0.196237	-0.00230382	0.00101365	0.00202741
3815.781806849	3424.094847731	-0.0208715	0.094781	0.211075	-0.00288696	0.00102533	0.00233763
3815.181237775	3418.560026997	-0.0109438	0.0512263	0.177504	-0.00251613	0.00111973	0.00228255
3810.326328192	3423.621578262	-0.012388	0.015876	0.152817	-0.00174812	0.00103337	0.00242165
3819.663010284	3425.192597247	-0.0143663	0.0291357	0.1643	-0.00173112	0.0011449	0.00252069
3804.740829426	3424.208444489	-0.020118	0.00714571	0.147518	-0.00199474	0.000887686	0.00284096
3831.248421115	3425.35468411	-0.0130438	0.0554658	0.193975	-0.00169419	0.000606547	0.00255654
3831.583996824	3429.388124296	-0.000714097	0.0745219	0.194216	-0.00185016	0.000644565	0.00263204
3837.060939118	3428.529199877	0.00493719	0.0261693	0.161075	-0.00185515	0.000625274	0.00295009
3815.052868715	3426.644430273	0.00728053	0.0365719	0.147799	-0.00188518	0.00109735	0.00295009
3809.195772389	3424.706940897	-0.000545318	0.0391219	0.152136	-0.00172781	0.000897659	0.00320352
3807.682173219	3421.190275322	0.0125273	0.0615824	0.15178	-0.00145206	0.00121396	0.0035606
3815.612574326	3425.833089603	0.0130638	0.111159	0.169058	-0.00099337	0.000405842	0.00349636
3818.738422845	3422.820962817	0.0173448	0.0892403	0.202446	-0.000915204	0.000939705	0.00347667
3818.5650627	3427.011353842	0.00846659	0.0647692	0.221043	-0.00118751	0.000948067	0.00335722
3819.486760804	3420.819122087	0.0168751	0.0152279	0.216653	-0.000942225	0.000782182	0.00349259
3802.48136887	3420.044639939	0.0151305	-0.00728693	0.199111	-0.00142284	0.00115973	0.00347389
3805.791722114	3425.438220023	0.00824543	0.00931759	0.218408	-0.00248446	0.000975097	0.00345005
3794.269876671	3416.407428868	-0.00118193	0.037753	0.201039	-0.00165452	0.000967197	0.00310375
3813.706851018	3419.231033376	-0.00241038	0.0575852	0.223799	-0.00229967	0.00126628	0.00308218
3803.516576593	3415.728265276	-0.00665909	0.0832665	0.19362	-0.00259066	0.000932517	0.0030638
3815.10322571	3422.73848432	-0.0115227	0.113243	0.195942	-0.00332032	0.00156483	0.00299965
3810.428280468	3423.608285024	-0.0170854	0.0881303	0.183399	-0.00384623	0.00116787	0.00266782
3797.725109465	3425.37658774	-0.0209447	0.0687632	0.183544	-0.00362713	0.00155739	0.00222425
3813.977210292	3426.752739948	-0.0309146	0.0714587	0.13942	-0.00169067	0.00112948	0.00169389
3797.078723781	3430.754004456	-0.025104	0.035469	0.156181	-0.00173307	0.00116645	0.00199779
3797.721394604	3425.616470254	-0.0184194	0.00902185	0.133748	-0.00187613	0.00146512	0.00193716
3809.104964694	3427.593537224	-0.00896313	0.00448855	0.1707	-0.00117797	0.0013358	0.00195148
3815.282364526	3424.368869696	-0.000243924	0.0283914	0.147063	-0.0013417	0.00139481	0.00202975
3796.99410752	3421.191634858	-0.00487373	0.00949097	0.135463	-0.00164685	0.0014281	0.00197848
3800.603713396	3425.374775026	-0.00217182	-0.000574195	0.137378	-0.00152999	0.0015163	0.00207437
3792.622542532	3422.117780762	0.00133122	0.0182216	0.117111	-0.00177815	0.00165444	0.0021189
3790.919898251	3415.672373254	-0.00540693	0.0288255	0.119502	-0.00183417	0.00140147	0.00201832
3800.838575116	3416.496705043	-0.00965775	0.0560752	0.135165	-0.00154803	0.0010258	0.00185781
3789.038527916	3415.52947095	-0.0155806	0.0541907	0.128517	-0.0018074	0.000972205	0.0019965
3795.485874259	3420.380143128	-0.0166418	0.0843263	0.131158	-0.00133988	0.00107783	0.00186697
3802.833455069	3417.932827879	-0.0251802	0.0562994	0.118414	-0.00132167	0.000913184	0.00179151
3787.939342044	3423.69423789	-0.0418609	0.0624238	0.15793	-0.00171143	0.00150009	0.00143469
3800.460072133	3421.497228262	-0.0476438	0.00790637	0.160874	-0.00193063	0.000983418	0.00107966
3777.580660621	3420.223947586	-0.05215	0.0204006	0.181409	-0.00197121	0.00141072	0.00105269
3787.800241166	3413.41493982	-0.0690334	-0.0206345	0.182938	-0.00202292	0.00147173	0.00122799
3776.784029479	3414.111324197	-0.0788979	-0.00470737	0.19491	-0.00262061	0.00111839	0.000999742
3781.850273334	3410.118216902	-0.0937107	-0.0175643	0.17574	-0.00199709	0.00132754	0.000778141
3782.707580527	3416.473592937	-0.0790524	0.0145504	0.191768	-0.00271469	0.00135976	0.000809329
3788.891171792	3408.24840219	-0.075359	0.016202	0.163471	-0.00149938	0.000804695	0.000813631
3777.358181768	3411.131826267	-0.0690981	0.0483639	0.151899	-0.0022182	0.000961603	0.00106258
3790.127807493	3411.874585916	-0.0490388	0.0369333	0.14025	-0.00231514	0.00125539	0.00126884
3781.589820354	3407.968035725	-0.0193031	0.100319	0.135623	-0.00261581	0.0017909	0.00126055
3797.591787258	3411.375938448	-0.0235044	0.0678356	0.133031	-0.00222522	0.00136397	0.00121136
3788.532481397	3407.951872357	-0.00548624	0.0757011	0.155082	-0.00179373	0.00152656	0.00117382
3807.319355201	3419.309282206	-0.00122155	0.0587113	0.179712	-0.00187609	0.00127844	0.00114874
3822.778126984	3415.734307657	-0.0148891	0.0170485	0.161962	-0.00230882	0.000851779	0.00149387
3799.444676998	3418.115912015	-0.0193	0.00964947	0.139686	-0.00275611	0.000897969	0.00160628
3800.071250093	3419.79660021	-0.0152604	-0.0210622	0.115121	-0.00255039	0.00130502	0.00154591
3812.798361306	3421.910829222	-0.0209742	0.0137705	0.117739	-0.00192529	0.00169321	0.00122106
3809.185453333	3430.87198194	-0.0173843	0.00537982	0.123716	-0.00239445	0.00183479	0.00128412
3820.563657514	3426.292159478	-0.0242023	0.0576603	0.125178	-0.0015508	0.00221476	0.00118624
3794.400722304	3433.673380698	-0.0247171	0.0698589	0.130703	-0.00185077	0.00186568	0.00103563
3808.552688804	3430.688142506	-0.0369241	0.0891211	0.149917	-0.0016869	0.00183499	0.000837268
3799.092590799	3428.360919575	-0.043411	0.063142	0.155145	-0.00235225	0.00177847	0.000702289
3801.877910461	3437.236874724	-0.0421207	0.0603964	0.185954	-0.00294765	0.00211442	0.000604006
3807.444834925	3426.378565522	-0.0486958	0.0139817	0.202263	-0.00296411	0.00208883	0.000461324
3807.658233008	3428.550499269	-0.0444251	0.0332549	0.222047	-0.00343845	0.00239368	0.000715255
3826.438915379	3424.489415192	-0.0388116	-0.000765298	0.219389	-0.00314381	0.00238599	0.000557237
3809.199074487	3422.539992114	-0.0345616	0.0198126	0.243081	-0.00336248	0.00229591	0.000599651
3820.156261173	3419.307469492	-0.0408627	-0.00519599	0.229963	-0.00229527	0.00212778	0.000349265
3795.948167979	3420.159898351	-0.0412131	0.0496908	0.229624	-0.00317059	0.00244294	0.000518471
3798.851950407	3414.737465898	-0.042048	0.0456578	0.241455	-0.00274597	0.00255955	0.000656236
3792.403778539	3414.887467999	-0.0412497	0.0463424	0.219621	-0.00285156	0.0023597	0.000592305
3796.878946852	3414.622207486	-0.0417513	0.064876	0.239717	-0.00303861	0.00250418	0.000644998
3791.353711375	3414.406947673	-0.0361572	0.0495356	0.231845	-0.00304321	0.00278777	0.000634602
3796.062503122	3413.090615035	-0.0393273	0.0469116	0.246826	-0.00292616	0.00258185	0.000812175
3787.192655134	3410.941944453	-0.0353789	0.0222352	0.236462	-0.00311913	0.00249196	0.00087115
3779.256888118	3411.879419821	-0.0396289	0.0351026	0.244221	-0.0030259	0.00258186	0.000761279
3779.657680262	3410.891792693	-0.0359841	0.02828	0.243058	-0.00310855	0.00258185	0.000774725
3781.53409745	3415.628112815	-0.032832	0.0473707	0.285577	-0.00362736	0.00287763	0.000627573
3782.554445732	3406.642035277	-0.0303706	0.0356665	0.269588	-0.00391076	0.00263566	0.00119345
3786.231331854	3410.551455599	-0.0263516	0.0185546	0.257692	-0.00388365	0.00276714	0.00107333
3779.304768539	3408.326348901	-0.0354139	0.00761554	0.232915	-0.00312309	0.00226281	0.00110364
3776.710557798	3408.504599132	-0.0252656	0.0256699	0.270064	-0.00329706	0.00290429	0.00100391
3781.21296842	3410.372903249	-0.0288714	0.0296741	0.245744	-0.00283874	0.00265355	0.000813249
3779.155761366	3412.010086304	-0.0256969	0.0401062	0.253933	-0.00323114	0.00298145	0.000806906
3793.302774719	3409.521229688	-0.031137	0.0260502	0.225827	-0.00256701	0.00270847	0.000742931
3783.226422675	3410.920040823	-0.0281368	0.0388552	0.24784	-0.0029018	0.00304783	0.000842755
3794.200532613	3412.339849231	-0.0374437	0.00241672	0.250654	-0.00231581	0.00271967	0.000736845
3789.610616394	3417.65382095	-0.03348	0.0193923	0.235965	-0.00273072	0.0028883	0.00104336
3795.356266913	3414.775835016	-0.0365594	0.00024705	0.251825	-0.00217477	0.00307319	0.000823522
3789.02284295	3413.203456495	-0.0447366	0.0092072	0.236077	-0.00290754	0.00307319	0.00100493
3799.703478928	3412.345136314	-0.0439056	0.0095865	0.241753	-0.0020487	0.00307319	0.00109139
3794.184022123	3421.125319729	-0.0276107	0.0425712	0.266489	-0.00384007	0.00307319	0.0010217
3806.263509366	3414.999705221	-0.0247077	0.0277748	0.256754	-0.00403547	0.00307319	0.000882224
3810.664793237	3412.102685788	-0.00849487	-0.0196098	0.21596	-0.00399532	0.00261502	0.00120899
3807.347010272	3415.297141412	0.00130994	0.0214255	0.227618	-0.0029093	0.00307319	0.00144646
3825.647237383	3420.311562107	0.0054323	0.0142287	0.288868	-0.00272474	0.00307319	0.0016192
3818.665776689	3425.249244566	0.0186521	0.0304467	0.195853	-0.00153851	0.00236827	0.0016192
3819.910254872	3433.23092737	0.038737	0.0678702	0.0592437	-0.00120064	0.00190943	0.00210684
3818.195640486	3425.182929438	0.0569306	0.0751201	0.0410004	-0.000969287	0.00187092	0.00234217
3817.969446773	3423.048307391	0.0794742	0.0411604	0.113049	-0.00149805	0.0021137	0.00253018
3820.273898414	3419.179068901	0.100897	-0.0197753	0.0836503	-0.00175717	0.00176501	0.00266993
3813.5933414	3421.407952087	0.101687	0.00859127	0.104604	-0.00126693	0.00146191	0.00290757
3820.647861013	3429.197487184	0.105235	0.00145633	0.0501653	-0.000579525	0.000995469	0.00299437
3817.064671921	3427.830851726	0.107475	0.0128232	0.0143664	1.48294e-05	0.000736151	0.00285803
3816.153705636	3429.826650076	0.11062	0.0282668	0.0229175	-6.29557e-05	0.000847672	0.00337865
3819.178014641	3430.366234674	0.112561	0.0751431	0.0398215	-0.000800797	0.000959602	0.00374781
3816.79844027	3430.629984592	0.115625	0.0737818	0.0421977	-0.00139275	0.00123761	0.00409876
3808.0235276	3429.740395091	0.120534	0.0853743	0.0548597	-0.00162564	0.00133548	0.00417781
3800.726303784	3431.59555703	0.109099	0.039397	0.066873	-0.000892054	0.00171605	0.00370342
3822.036393221	3432.944971703	0.102797	0.0517716	0.0843636	-2.7346e-05	0.00176794	0.00354553
3830.919036839	3433.845890667	0.102588	0.00569319	0.114347	-0.000603113	0.00167666	0.00371884
3832.610949301	3435.438209045	0.107578	-0.0178242	0.136933	-0.00019183	0.00183226	0.00375198
3832.268356634	3433.464314325	0.0962499	-0.0176246	0.148281	0.000230426	0.00192295	0.0037436
3819.890442284	3422.823832948	0.103818	-0.0225224	0.140835	0.000389557	0.00188373	0.00375957
3798.612961064	3423.958138867	0.0947128	0.0046305	0.138827	-6.70296e-05	0.00261279	0.00377031
3797.366831832	3422.883350398	0.0950829	0.00911485	0.137898	-0.000303914	0.00221245	0.00331866
3793.489756019	3422.142554522	0.0770281	0.0438898	0.166517	-0.00103065	0.00270952	0.00345601
3796.348134599	3415.337625363	0.069755	0.0254307	0.180797	-0.00129942	0.00264136	0.00322456
3773.397315218	3415.246385414	0.062627	0.060564	0.191538	-0.00209425	0.00303566	0.00310995
3787.860917217	3415.622674673	0.0521984	0.0351445	0.164627	-0.00142451	0.00267759	0.00299723
3779.126455247	3417.924368546	0.0540806	0.0563593	0.191165	-0.00234788	0.00302424	0.00288103
3790.331712045	3411.173971872	0.0497498	0.0228355	0.180668	-0.00122489	0.00252795	0.00268214
3779.542932357	3412.864176817	0.046095	0.0458052	0.186654	-0.00216757	0.0028568	0.00289998
3794.032125615	3408.230426108	0.0551503	0.0364803	0.199384	-0.00160001	0.00279467	0.00300215
3787.171604259	3408.927112604	0.0496882	0.0605049	0.194626	-0.00179465	0.00305125	0.00284832
3802.483845444	3411.687725292	0.051032	0.0113784	0.180185	-0.00226442	0.00262616	0.00257654
3807.839435636	3412.51251026	0.0663127	0.00167372	0.166748	-0.00280903	0.0030365	0.00286719
3820.455926566	3426.115570901	0.0623828	-0.0172442	0.260828	-0.00348649	0.00284045	0.0025371
3825.502357834	3425.289728517	0.0370682	-0.019422	0.240681	-0.0033026	0.00260459	0.0024728
3798.397086408	3422.400715238	0.0407461	0.0611938	0.17313	-0.00286382	0.00245431	0.00248812
3819.386046815	3428.745214988	0.0295994	0.0311699	0.100979	-0.00246861	0.0021663	0.0019249
3804.069265246	3423.767199637	0.0341146	0.0851757	0.0964928	-0.00216659	0.00215911	0.0016883
3811.020181534	3429.502929529	0.0314688	0.0838958	0.0790081	-0.00192732	0.00174733	0.00164969
3799.473570355	3427.33477227	0.0432148	0.0899303	0.0927249	-0.00236704	0.00245957	0.00174325
3815.421465405	3429.983903034	0.0403937	0.0393708	0.107411	-0.00308975	0.00220682	0.00191815
3814.712752621	3431.599786697	0.0349973	-0.00412428	0.112538	-0.00246035	0.00214431	0.00172225
3805.227888881	3429.863810718	0.0324506	-0.00848072	0.1023	-0.00257782	0.00212562	0.00173273
3814.063477602	3429.344619155	0.0225929	-0.0027994	0.129985	-0.00262058	0.00228187	0.00168903
3813.02826988	3430.06653259	0.0113544	0.00740959	0.131388	-0.00335849	0.00237524	0.00146571
3824.894771802	3423.954815558	-0.00383977	0.0382845	0.151787	-0.00318692	0.00227153	0.00101387
3811.569155326	3422.134699428	0.00526024	0.0523717	0.148605	-0.00339128	0.00225591	0.0012047
3818.441646787	3420.526066622	0.000923204	0.0982694	0.147585	-0.00229134	0.00187614	0.00126501
3805.337270877	3417.588714298	0.0192247	0.103207	0.131368	-0.00305304	0.00216764	0.00146997
3828.57454726	3422.455700903	0.0251606	0.0958144	0.121316	-0.00251553	0.00191265	0.00160153
3809.812026428	3413.976881226	0.0293601	0.0219815	0.0921338	-0.00270253	0.00206747	0.00147863
3825.445809405	3413.666756036	0.0254731	-0.00383214	0.093616	-0.00210279	0.00173647	0.00139028
3799.084748316	3411.990448566	0.0211825	0.00771414	0.071977	-0.0021578	0.00186652	0.00156673
3818.706227389	3412.510244367	0.0233178	0.00852607	0.0752796	-0.00203246	0.00195894	0.0015298
3798.379750393	3415.117531645	0.0195786	0.0329104	0.0869663	-0.0025084	0.0019516	0.00159816
3809.68200632	3415.686421789	0.0205198	0.0364445	0.0882412	-0.00243066	0.00215368	0.00153816
3795.471840343	3414.77779879	0.0280198	0.0665365	0.0959561	-0.0023595	0.00180639	0.00172083
3829.612644318	3424.854526046	0.0491164	0.090542	0.154755	-0.00203979	0.00185424	0.00185233
3806.295704822	3422.523224507	0.0717371	0.0856772	0.149856	-0.00243628	0.0016369	0.00211323
3815.636927299	3419.881948838	0.0723712	0.00467405	0.105422	-0.00282946	0.00116364	0.00233208
3812.763276515	3416.638852049	0.0673853	0.036836	0.0923994	-0.00329462	0.000269878	0.0028601
3807.886490533	3416.081895607	0.0937683	0.0330828	0.0796631	-0.00329716	-0.000147589	0.00316034
3820.875293012	3424.319020056	0.102408	0.0699841	0.0888125	-0.00310246	0.000283589	0.00363267
3819.581696121	3430.215477275	0.126871	0.0465771	0.0852943	-0.00376133	0.000708421	0.0043726
3829.21309046	3428.797028403	0.146499	0.0358373	0.139676	-0.00356129	0.00105284	0.00504482
3816.838890971	3428.806545152	0.159799	0.0328846	0.1917	-0.00385047	0.0010419	0.00537675
3807.556280733	3415.45122212	0.195362	0.0506411	0.190898	-0.00460683	0.00035747	0.00654195
3825.148620586	3419.47076483	0.206937	0.0455517	0.200395	-0.00405765	-3.57001e-05	0.00736449
3824.823363933	3430.923795354	0.229768	0.0306662	0.175576	-0.00278863	0.000347054	0.00800396
3817.428728226	3429.00775643	0.228491	0.0455031	0.137656	-0.00234579	0.000355859	0.0081791
3819.898697529	3426.856668896	0.203417	0.0482923	0.161433	-0.00272162	0.000346913	0.0080712
3823.793109357	3426.520863588	0.18924	0.0756178	0.146498	-0.00298255	0.000541189	0.00772529
3824.45972039	3429.708974712	0.186241	0.0828186	0.147457	-0.00361245	0.000272852	0.00712345
3849.407896299	3435.211317649	0.172526	0.0657582	0.211135	-0.00290468	0.000669505	0.00611364
3841.407738371	3435.340473537	0.177166	0.0539917	0.28056	-0.00133432	0.00123251	0.00550938
3842.956835095	3431.544649973	0.172457	-0.00690031	0.24433	-0.00121705	0.000859486	0.00536558
3810.148840424	3427.455317765	0.169596	0.00307777	0.181055	-0.00214666	0.000445677	0.00487643
3794.302072126	3422.184549068	0.136627	0.0185787	0.17517	-0.00234534	0.000309285	0.00445217
3797.332572565	3424.796217072	0.104831	0.022333	0.205792	-0.00367278	0.000798499	0.00381148
3808.327320616	3420.912778988	0.0888364	0.0451509	0.276037	-0.00380705	0.000795952	0.00307217
3798.275321544	3419.651734133	0.0721973	0.0305239	0.292463	-0.0043763	0.00123382	0.00318523
3802.274987745	3413.07339425	0.0569481	0.0405352	0.311326	-0.00381316	0.00108817	0.00273494
3795.875109061	3410.17214515	0.0699699	0.0510261	0.295356	-0.00402413	0.000907584	0.00266793
3797.990102829	3408.505052311	0.0684188	0.0496541	0.298564	-0.00404992	0.000685838	0.00233345
3789.100855015	3403.946529241	0.0806492	0.0813836	0.291021	-0.00404068	0.00100433	0.00274371
3808.92623864	3410.041780786	0.0769859	0.0637079	0.241998	-0.00359668	0.000736558	0.00306811
3802.549887404	3407.028445524	0.0863017	0.0501949	0.22234	-0.00410933	0.000874533	0.00305689
3817.893085757	3414.828252668	0.0770059	-0.00283615	0.155186	-0.00261234	0.000534504	0.00263094
3799.398447626	3406.532819246	0.0765472	0.00498131	0.168329	-0.00300459	0.00097754	0.00221675
3797.609536035	3406.646264944	0.0737792	0.00290081	0.139841	-0.00303681	0.000929467	0.00195086
3810.107564199	3413.290315717	0.0584082	0.0425686	0.104003	-0.0028296	0.0010583	0.00173279
3804.125400912	3419.95959343	0.0656761	0.0535263	0.0965674	-0.00321621	0.00134049	0.00161339
3823.800539077	3426.034754059	0.0494289	0.0797365	0.0731079	-0.0030208	0.00156705	0.00157994
3816.129765425	3426.747150745	0.0513763	0.0938111	0.0612969	-0.00285481	0.0014574	0.00165575
3815.8829336	3431.969882515	0.0435423	0.0889766	0.0391322	-0.00258867	0.00165493	0.00118054
3822.150315602	3437.740205037	0.0413431	0.0816372	0.0557357	-0.00294704	0.00173519	0.00113615
3808.603045798	3439.884041715	0.0380295	0.0416101	0.0402991	-0.00326059	0.00193907	0.00105293
3811.055679087	3438.997624464	0.0455104	0.00766034	0.0397021	-0.00219605	0.00160431	0.000937562
3806.589591543	3440.462750728	0.0385529	0.052275	0.0396645	-0.00168396	0.00209516	0.000781101
3818.956774075	3440.810489738	0.0326581	-0.0278428	0.02717	-0.000874308	0.00199108	0.000728916
3817.102646048	3437.177659393	0.0326879	-0.0284491	0.0579069	-0.00126269	0.00269776	0.00065048
3818.497369691	3435.860269338	0.05138	0.00940692	0.0595961	-0.00215775	0.00251209	0.000884924
3830.441883678	3439.424669721	0.0558232	0.0658088	0.0366638	-0.00229995	0.00280032	0.000807228
3819.68612497	3432.82986435	0.0387403	0.0667471	0.0499833	-0.0031154	0.0030843	0.000711985
3814.347045268	3435.487907626	0.0454961	-0.00112056	0.0538268	-0.00355569	0.00281571	0.000865204
3811.622401656	3426.378565522	0.0414946	0.0248572	0.0676963	-0.00312468	0.00299316	0.000505083
3811.227800946	3434.122027466	0.0210909	0.0360291	0.0674939	-0.00294494	0.00299672	0.000267149
3817.633871064	3423.742879055	0.0190258	0.0614188	0.0981488	-0.00327591	0.00323456	-5.31517e-06
3800.874072669	3421.426834527	0.0193187	0.094624	0.0812899	-0.00355775	0.00317284	0.000322747
3820.513713281	3420.904621774	0.0143462	0.0943026	0.08154	-0.00311721	0.00318916	0.000171544
3807.852231266	3422.77942145	0.0206229	0.0972612	0.0892135	-0.00357294	0.00318916	0.000210127
3808.541956985	3420.632714642	0.0279384	0.0760902	0.109267	-0.0037045	0.00290331	0.000427535
3814.847725877	3420.919123487	0.039421	0.0608956	0.101971	-0.00378739	0.003423	0.000501425
3816.219334834	3418.250808164	0.0504233	0.0438599	0.0705532	-0.00371337	0.00315608	0.000435982
3823.570630504	3421.926841531	0.0442589	0.0180468	0.060682	-0.0034455	0.00346315	0.000534378
3801.077564458	3416.367095977	0.0403051	-0.00420424	0.04258	-0.00329777	0.00290532	0.000499059
3809.700167859	3419.953551049	0.0340446	-0.0172789	0.0466272	-0.00345253	0.00277246	0.00072958
3812.98988299	3419.078463263	0.0240866	0.0147934	0.0790468	-0.00341387	0.00264394	0.000515414
3807.690015702	3420.872597156	0.029555	0.0437521	0.0963054	-0.00393822	0.00264754	0.000290397
3813.25405083	3419.771222211	0.025735	0.0996136	0.114556	-0.00424284	0.00257636	0.000151049
3805.245637658	3422.338780836	0.0206927	0.129219	0.090713	-0.00416276	0.00229744	0.000104025
3822.131741301	3421.582727949	0.016975	0.113441	0.0856233	-0.00402162	0.00257956	-3.95006e-05
3813.091835266	3421.757352752	0.0241723	0.101963	0.0896804	-0.0041706	0.0030154	2.8988e-05
3792.95068852	3423.386076473	0.0193281	0.00110092	0.0850735	-0.00292611	0.00297747	-0.000213747
3793.976815473	3426.613463072	0.0239157	0.0405243	0.0726502	-0.00252283	0.00309427	-0.000174328
3802.028981444	3428.159859356	0.0233897	-0.0154549	0.0636894	-0.00247718	0.0028019	5.86344e-05
3814.972380077	3425.646682158	0.024764	-0.0321947	0.0791165	-0.00229333	0.00266477	0.000182528
3830.505449065	3432.356292762	0.0375398	0.00875027	0.110329	-0.0031181	0.00291323	0.000604263
3814.42258076	3424.220982428	0.0436406	0.0130638	0.11362	-0.00319812	0.0027282	0.000794075
3806.27341566	3422.107810833	0.042585	0.00439264	0.11708	-0.00329304	0.00280602	0.000959683
3793.514521754	3419.844335018	0.0422136	0.0154658	0.0889009	-0.00322763	0.00295161	0.00112518
3794.851458681	3418.652928601	0.0452888	0.0352987	0.111006	-0.00448033	0.00290926	0.00133253
3808.965451054	3414.311629117	0.0489006	0.0425414	0.153114	-0.00628733	0.00255351	0.00181853
3808.470961879	3412.731546561	0.0486717	0.0433388	0.185322	-0.00762893	0.00220918	0.0022147
3800.234291182	3417.306535118	0.040769	0.0450109	0.188933	-0.0065475	0.00263551	0.00233914
3801.521283877	3419.711402642	0.0450514	0.0457697	0.143818	-0.00556286	0.00278568	0.00224548
3805.49370777	3418.565616199	0.034404	0.0408342	0.140104	-0.00526214	0.00289033	0.00188534
3805.985720372	3424.418870397	0.0210248	0.0340883	0.146747	-0.00564258	0.00342979	0.00146938
3814.666523249	3426.675699593	0.00474627	0.0308918	0.20024	-0.00691021	0.00415018	0.00116334
3821.798642165	3424.999845302	-3.07162e-06	0.0409712	0.24228	-0.00813952	0.00415018	0.000950856
3805.343049549	3423.195288302	-0.0131673	0.00593603	0.212411	-0.00773619	0.0037002	0.000701777
3794.204660235	3414.211929836	-0.0232889	0.041255	0.194075	-0.00696663	0.00370019	0.000273194
3802.222979702	3416.371627762	-0.011184	0.0543143	0.207061	-0.00721021	0.00317526	0.000523191
3793.973513375	3414.999705221	0.00343798	0.0770611	0.190202	-0.00657079	0.0033546	0.000540129
3806.613531754	3412.467343464	-0.0017603	0.0957855	0.150043	-0.00648666	0.00273881	0.00071728
3793.833586973	3415.822224296	0.00338144	0.138562	0.156919	-0.00660828	0.00311723	0.000585712
3798.304214901	3414.754384564	-0.00136678	0.12065	0.152894	-0.00687933	0.00310431	0.000231059
