4762.9445768	3889.943677777	0.0373761	0.200778	-0.0930792	-0.00239276	-0.000763761	0.00143355
4628.462493287	3884.523522871	0.033342	0.179955	-0.101581	-0.00291812	-0.000837905	0.00137051
4536.633487582	3887.370238236	0.0496602	0.194446	-0.0891676	-0.00218098	-0.000806292	0.00121724
4475.931078963	3886.771022907	0.0492586	0.211498	-0.0664072	-0.00224211	-0.000926822	0.00133459
4426.40468648	3884.051983778	0.0428892	0.231317	-0.120106	-0.00332695	-0.000676822	0.00128806
4401.753185649	3875.896857873	0.0299615	0.263935	-0.0650754	-0.00325599	-0.000926822	0.00135198
4364.056794025	3882.747119378	0.0427029	0.276703	-0.117482	-0.0041535	-0.000592758	0.00113548
4368.557795309	3874.274462455	0.037465	0.218999	-0.0863165	-0.00342443	-0.000926822	0.00107507
4332.384670079	3876.528822046	0.0470575	0.19044	-0.117264	-0.00379131	-0.000456303	0.00107422
4348.633114745	3871.066624706	0.0420542	0.221523	-0.0799337	-0.00317726	-0.000926822	0.0012276
4324.447011457	3873.630328104	0.0485793	0.226361	-0.101851	-0.00378146	-0.000711307	0.00107538
4331.102601021	3870.125980554	0.0502902	0.233397	-0.0275799	-0.00251126	-0.000873644	0.00137113
4320.570047574	3872.43278255	0.0390304	0.274057	-0.045377	-0.00344245	-0.00115647	0.0013054
4327.763879514	3873.671485434	0.0388589	0.296358	-0.00214158	-0.00263625	-0.00108423	0.00111633
4308.861454771	3868.800316213	0.0312167	0.269946	-0.0359717	-0.00355204	-0.00132405	0.00126164
4312.239836242	3871.410708841	0.0256095	0.255275	-0.0186777	-0.0027918	-0.00117919	0.00142645
4310.383911778	3869.92683218	0.0339948	0.213149	-0.0738404	-0.00333611	-0.00128455	0.00125715
4319.939535077	3876.648753622	0.0416158	0.238896	-0.00904892	-0.00241308	-0.00104649	0.00125058
4302.196152563	3868.348691956	0.0490074	0.220967	-0.0284103	-0.00273717	-0.00100601	0.00134828
4326.340167725	3874.554597834	0.0497696	0.248026	-0.00171106	-0.00185265	-0.0007673	0.00130361
4324.574894608	3877.778588729	0.0306644	0.252064	-0.0136234	-0.00229749	-0.00118473	0.00127373
4340.277812414	3882.953569858	0.0631091	0.273989	-0.0415484	-0.00255761	-0.000698495	0.00123552
4328.527131485	3881.98415983	0.0246114	0.278418	-0.0492316	-0.00289762	-0.00132346	0.00144058
4326.948826773	3880.881099116	0.0315025	0.23745	-0.0398666	-0.00226618	-0.00129701	0.00139718
4330.302117246	3880.126548055	0.027445	0.241476	-0.0374508	-0.00257228	-0.00148075	0.00117754
4335.549373374	3886.664810441	0.0412884	0.22521	-0.0614713	-0.00278517	-0.0010487	0.00121132
4334.49231391	3884.248698116	0.0366895	0.261504	-0.0434822	-0.00240139	-0.00117271	0.00110107
4337.098540153	3889.854946112	0.0228462	0.252767	-0.10336	-0.00358275	-0.00118924	0.00110371
4350.727808383	3885.754259821	0.0188023	0.286799	-0.0439304	-0.00307425	-0.00143865	0.00132357
4326.918879453	3885.977527276	0.0167651	0.262537	-0.130151	-0.004203	-0.00126043	0.00126546
4338.721361152	3884.97227054	0.0132425	0.237796	-0.0900657	-0.00293611	-0.00143865	0.00122286
4320.705215209	3883.569380885	0.0259864	0.205914	-0.136753	-0.00342282	-0.00114402	0.000973302
4344.794192053	3879.534192281	0.0209555	0.22386	-0.0897677	-0.00250944	-0.00143865	0.00107264
4305.619859708	3880.628844509	0.0304115	0.223835	-0.14958	-0.00367884	-0.000957211	0.00108551
4349.935418479	3880.489661923	0.0257815	0.231139	-0.0817783	-0.00261548	-0.00136809	0.00102544
4321.185181719	3880.16969687	0.0204637	0.257282	-0.123009	-0.00375101	-0.0011459	0.000871088
4340.740781797	3872.683930777	0.0304233	0.272723	-0.100052	-0.00334248	-0.00132129	0.000902211
4327.113941727	3877.783899352	0.0188941	0.2827	-0.0857455	-0.00361144	-0.00108946	0.000970932
4335.931404053	3878.688032969	0.0237532	0.262914	-0.0617825	-0.00312443	-0.00157714	0.00100377
4318.874381743	3876.653400417	0.0266562	0.235942	-0.0822726	-0.00330597	-0.00157714	0.000940847
4327.493544245	3873.033989363	0.0244579	0.228951	-0.047412	-0.00256682	-0.00134886	0.000906305
4312.414663841	3872.514875935	0.0236228	0.217975	-0.0548755	-0.00265028	-0.00161561	0.000996913
4331.530766761	3874.593984957	0.0328778	0.250858	-0.0404045	-0.00213751	-0.00129339	0.000888948
4311.990545036	3869.148604591	0.0411931	0.235987	-0.0365735	-0.00255674	-0.00161142	0.00108577
4314.493979126	3877.855371491	0.0478976	0.290833	-0.036498	-0.0018313	-0.00146724	0.000892409
4308.798322582	3871.611627422	0.0422005	0.286587	-0.0367695	-0.00290284	-0.00164056	0.000988854
4319.293644225	3876.220584618	0.0512959	0.288456	-0.0183271	-0.00298464	-0.0015548	0.00119561
4335.389924129	3875.534407833	0.0397495	0.296313	-0.0959832	-0.00445695	-0.00182029	0.00093352
4316.71250898	3875.769181638	0.0355522	0.281082	-0.0741502	-0.00414252	-0.00222329	0.00109291
4342.132927492	3879.365579992	0.0456433	0.2636	-0.138782	-0.00513652	-0.00170731	0.000901297
4318.842815648	3883.77782285	0.0499315	0.250975	-0.0877613	-0.00455767	-0.00200662	0.000877285
4325.594722269	3888.323716394	0.0990335	0.241132	-0.113158	-0.00461515	-0.00154107	0.00124856
4325.721796033	3888.112397842	0.139346	0.191994	-0.218672	-0.00582372	-0.000739726	0.00124286
4328.103822068	3879.221750611	0.131891	0.208256	-0.164108	-0.0044545	-0.00118695	0.00149822
4307.387560986	3888.139393511	0.144427	0.234478	-0.130263	-0.00391363	-0.00090939	0.00150996
4333.444967091	3889.415934586	0.156177	0.271902	-0.113323	-0.0038639	-0.00113874	0.00162525
4330.548980291	3891.811689522	0.149769	0.272686	-0.0948572	-0.00344514	-0.00143735	0.00175946
4348.940681817	3895.474028115	0.156013	0.289574	-0.1298	-0.00423196	-0.00118951	0.00173386
4332.762653823	3899.205847363	0.139315	0.318626	-0.095039	-0.00405506	-0.00118735	0.0016692
4364.218671431	3893.354868143	0.12892	0.268112	-0.140422	-0.00481893	-0.00102058	0.00155435
4360.67679378	3895.796205929	0.127577	0.22631	-0.092138	-0.00378512	-0.0014402	0.00178551
4344.731869251	3895.104054692	0.131753	0.178805	-0.128314	-0.00395035	-0.00125082	0.00159252
4349.343756559	3892.432589896	0.129177	0.191999	-0.0810854	-0.00336826	-0.00138816	0.00170258
4342.485820238	3893.517948533	0.137346	0.168169	-0.110605	-0.00358668	-0.00150537	0.00144165
4342.891323141	3884.851675136	0.136982	0.23487	-0.0950833	-0.00329168	-0.00154809	0.00179152
4328.039071105	3883.518266136	0.142472	0.236757	-0.139549	-0.00365138	-0.00152451	0.00162433
4342.172587456	3891.708132368	0.146075	0.286251	-0.137807	-0.00400878	-0.0014616	0.00170954
4316.771594234	3881.673709643	0.150958	0.256568	-0.178783	-0.00442809	-0.00132079	0.0016449
4336.158841809	3882.557928423	0.146966	0.273191	-0.139459	-0.00396158	-0.0016734	0.00168951
4320.665555244	3881.460620883	0.151458	0.230826	-0.162993	-0.00417622	-0.00115928	0.00169646
4334.252735349	3877.501551213	0.151447	0.253204	-0.127371	-0.00344912	-0.00115739	0.00176558
4320.772394332	3874.509678812	0.157589	0.225606	-0.163852	-0.00406181	-0.00146189	0.00159725
4314.95371096	3873.080457316	0.145369	0.264223	-0.113045	-0.00353436	-0.00119717	0.00179105
4322.472107099	3873.403298958	0.139724	0.247886	-0.178422	-0.00484281	-0.00121572	0.00165608
4316.275439983	3873.13135079	0.137932	0.24492	-0.133567	-0.00405479	-0.00140525	0.00167037
4316.935899801	3871.004224882	0.150825	0.227355	-0.179688	-0.00465345	-0.00115688	0.0016048
4326.926973323	3870.249673822	0.129782	0.236542	-0.108004	-0.00401092	-0.00172305	0.00163861
4313.020085341	3871.956375385	0.162218	0.232609	-0.174567	-0.00425605	-0.001031	0.00143899
4312.756225168	3875.506748336	0.144492	0.261818	-0.135126	-0.00350449	-0.00147131	0.00164749
4324.260043053	3868.748095084	0.147098	0.26855	-0.143997	-0.00375809	-0.00144161	0.00142093
4315.416680342	3880.245151976	0.13939	0.275302	-0.114671	-0.00364019	-0.00185501	0.00160763
4328.35392266	3874.852435291	0.141336	0.277811	-0.10487	-0.0035782	-0.00138004	0.00143042
4329.16654724	3884.823351812	0.169695	0.239594	-0.144492	-0.00371092	-0.000969426	0.00141444
4320.962600285	3878.269600108	0.169326	0.227402	-0.120909	-0.00351875	-0.00108358	0.00137585
4318.478591484	3876.066133991	0.181405	0.2021	-0.151948	-0.00329365	-0.000969251	0.0017163
4326.948017386	3883.040088763	0.196119	0.187118	-0.175256	-0.00306759	-0.000961236	0.00217451
4335.175436565	3890.901360178	0.172552	0.182532	-0.246591	-0.00269639	-0.00141545	0.00273551
4318.637231342	3887.873862346	0.163563	0.240318	-0.165546	-0.00394383	-0.00122907	0.00257964
4331.689406619	3884.318178771	0.200715	0.201306	-0.245149	-0.00457251	-0.00095417	0.0028442
4313.814094019	3890.271387489	0.211253	0.245204	-0.171307	-0.00396358	-0.00128593	0.00288599
4352.293162903	3885.599587918	0.220817	0.199708	-0.233873	-0.00481651	-0.000784279	0.00306381
4326.676063343	3882.362763016	0.215897	0.211441	-0.174629	-0.00406403	-0.00131369	0.00299362
4335.463578349	3889.174743778	0.192185	0.238804	-0.220114	-0.00489698	-0.00100668	0.00300891
4330.08843907	3885.376984291	0.191179	0.240255	-0.164014	-0.00383573	-0.00131535	0.00297638
4335.930594666	3886.524742752	0.191308	0.279232	-0.199412	-0.00490506	-0.00127533	0.00301536
4345.138990928	3885.643621836	0.19097	0.290913	-0.16715	-0.00451744	-0.00139769	0.00276524
4347.992080216	3890.568339842	0.190105	0.292646	-0.168039	-0.00509762	-0.00166303	0.00279893
4347.606002601	3886.415874974	0.178261	0.241415	-0.139398	-0.00459829	-0.00163169	0.00266771
4331.89903786	3882.400379931	0.171846	0.260654	-0.186398	-0.00533738	-0.0012696	0.00250846
4321.027351248	3877.654231633	0.189708	0.241677	-0.154741	-0.00496415	-0.00178029	0.00277284
4335.121207634	3875.658764928	0.179038	0.216785	-0.246505	-0.00629565	-0.00127097	0.00259642
4304.113590442	3877.044173782	0.185106	0.20336	-0.193881	-0.00456978	-0.00151305	0.00231729
4310.856593805	3874.878988407	0.183346	0.209259	-0.238954	-0.00506541	-0.00115379	0.00245915
4323.215933782	3874.166701057	0.207709	0.260102	-0.149465	-0.00382674	-0.00178029	0.00278213
4308.894639639	3874.389083408	0.213777	0.244716	-0.194346	-0.0045182	-0.00118382	0.00258715
4330.631537768	3876.992395205	0.208277	0.300886	-0.142714	-0.00385856	-0.00162616	0.00254377
4333.410972836	3879.631553709	0.200081	0.298529	-0.152227	-0.00463301	-0.00175461	0.00265651
4349.822104295	3884.278791648	0.202699	0.297758	-0.101761	-0.00442627	-0.00163328	0.00290312
4327.560723369	3888.78197893	0.169374	0.273068	-0.093272	-0.00463924	-0.00166424	0.00254377
4344.247046419	3889.219220248	0.180423	0.193711	-0.200683	-0.00566709	-0.00114475	0.00254377
4337.308980781	3876.911850751	0.17586	0.163603	-0.142208	-0.00474771	-0.00166424	0.00267481
4350.532746109	3882.07421915	0.166738	0.162299	-0.174214	-0.0047177	-0.00142512	0.00270706
4335.233712432	3889.689874238	0.1715	0.199107	-0.0996573	-0.00414706	-0.00162128	0.00267393
4334.422706626	3886.505713018	0.164712	0.224153	-0.0695858	-0.00356303	-0.00159064	0.00270405
4326.613740542	3887.467157111	0.173652	0.250297	-0.100239	-0.00399899	-0.0019135	0.00284322
4332.421901883	3892.38789215	0.16564	0.291099	-0.0702257	-0.00317967	-0.00161995	0.0027169
4338.646088158	3881.609760888	0.173403	0.300667	-0.110347	-0.00443606	-0.00184181	0.00272894
4351.082319903	3893.082034871	0.173792	0.312565	-0.094466	-0.00420633	-0.00171042	0.00286155
4344.303703511	3890.915964392	0.172463	0.230177	-0.139854	-0.00457128	-0.00213595	0.00288787
4353.457061455	3891.753272666	0.184967	0.234921	-0.138152	-0.00406203	-0.00197103	0.00300878
4327.127701307	3885.331401441	0.20336	0.199365	-0.172614	-0.00421292	-0.00190472	0.0027629
4331.973501467	3885.525903019	0.178452	0.193187	-0.173624	-0.00403544	-0.001553	0.00240366
4317.345449639	3883.399883492	0.173717	0.229434	-0.118412	-0.00379488	-0.00203598	0.0025438
4318.584621185	3884.085396449	0.186356	0.225872	-0.176955	-0.00498535	-0.00174073	0.00279499
4321.937102271	3872.589003385	0.171686	0.256522	-0.122449	-0.0044446	-0.00183808	0.00276891
4310.327254686	3872.955215117	0.183157	0.235261	-0.190742	-0.00531017	-0.00172839	0.00268072
4326.51337655	3868.714461136	0.173835	0.251599	-0.124479	-0.00429642	-0.00181891	0.00320203
4299.64172709	3874.570087152	0.187397	0.262907	-0.176017	-0.00495153	-0.00169264	0.00247749
4326.615359316	3867.85480399	0.182184	0.266307	-0.114882	-0.00410939	-0.00151856	0.00280792
4308.485899188	3869.900279064	0.165087	0.268443	-0.142389	-0.00505534	-0.00190652	0.00249221
4329.399650706	3867.30891617	0.154573	0.291539	-0.0893926	-0.00450164	-0.00191257	0.0025192
4298.00838406	3863.359803918	0.162042	0.274963	-0.146513	-0.00544751	-0.00191257	0.00261887
4330.257600959	3860.615318052	0.155345	0.239923	-0.0967757	-0.00428346	-0.00191257	0.00277012
4301.373815339	3868.481678815	0.164132	0.214822	-0.123141	-0.00448609	-0.0017458	0.00256637
4331.129310793	3866.753513483	0.160142	0.217136	-0.0915345	-0.00376519	-0.00206771	0.00267732
4303.052484043	3874.114479928	0.195236	0.209106	-0.10809	-0.00357581	-0.00152272	0.00243044
4323.392380155	3880.347824026	0.149829	0.256903	-0.0929216	-0.00336755	-0.00223593	0.0023855
4330.063348072	3883.490827916	0.167179	0.27086	-0.0995695	-0.00391027	-0.00187061	0.00246714
4343.800264777	3882.005844875	0.158234	0.301357	-0.0535675	-0.00415454	-0.00217562	0.00266382
4319.686196936	3885.171418914	0.141119	0.294923	-0.0976489	-0.00490645	-0.00209232	0.00224429
4335.264469139	3888.411341679	0.147784	0.255474	-0.101025	-0.00441209	-0.00205408	0.00287204
4321.066201825	3889.79741436	0.15454	0.228098	-0.0886565	-0.00384679	-0.00183641	0.00241799
4339.176236664	3884.562467442	0.153307	0.234528	-0.0918095	-0.00387756	-0.00220296	0.00285102
4335.918453861	3897.075402316	0.147278	0.221395	-0.095613	-0.00372702	-0.00175262	0.00219212
4349.906280546	3887.438612511	0.145306	0.257875	-0.0919197	-0.00367893	-0.00241237	0.00262675
4328.690627666	3890.586263196	0.138395	0.26588	-0.148602	-0.00442543	-0.00191077	0.00219212
4358.010672897	3890.935436678	0.149581	0.298685	-0.0968529	-0.00435454	-0.00232698	0.00274397
4344.226002356	3886.664589165	0.165239	0.269019	-0.194633	-0.00576686	-0.00191077	0.00223233
4360.769063901	3888.822029881	0.146954	0.234571	-0.144113	-0.00439163	-0.00199061	0.00271122
4343.02244384	3884.243387492	0.165915	0.236094	-0.168565	-0.00521747	-0.0016742	0.00265588
4340.442927369	3888.124125469	0.146976	0.223266	-0.13242	-0.00425911	-0.00204589	0.00266786
4337.372922357	3880.200675505	0.165444	0.23405	-0.119011	-0.00390457	-0.00181773	0.00271829
4335.439296738	3877.564172313	0.165674	0.275784	-0.080965	-0.00390809	-0.00174693	0.00265844
4314.769980104	3870.823442414	0.159385	0.27842	-0.098542	-0.00422935	-0.00218473	0.00293601
4337.653779657	3879.751927837	0.160165	0.268786	-0.108926	-0.00461393	-0.00210513	0.00268271
4312.130568993	3872.468629257	0.163556	0.275147	-0.110856	-0.00436464	-0.00206892	0.00277185
4355.363167915	3876.421060648	0.172253	0.225822	-0.142762	-0.0046055	-0.00193047	0.00265109
4323.734750869	3869.2645532	0.172143	0.237464	-0.0793288	-0.00388894	-0.00218277	0.00287001
4334.349052406	3878.902670661	0.139251	0.262822	-0.106579	-0.00474838	-0.00247054	0.00244479
4330.145905549	3877.646265698	0.118592	0.317644	-0.0942852	-0.00439514	-0.00279302	0.00260904
4321.136618497	3877.335151683	0.122018	0.331324	-0.041371	-0.00491624	-0.00261654	0.00290493
4327.759023192	3875.681998905	0.169339	0.28217	-0.102981	-0.00556581	-0.00210087	0.00343296
4320.438926875	3884.642569344	0.21595	0.244383	-0.16399	-0.00338856	-0.00127053	0.00479073
4326.152389934	3875.31490207	0.195712	0.231003	-0.134985	-0.00341704	-0.00160526	0.0040944
4368.785233065	3896.831556196	0.143318	0.247689	-0.103867	-0.0043372	-0.00228409	0.0027823
4335.285513202	3897.22675508	0.113793	0.247836	-0.100135	-0.00437608	-0.00256644	0.00255259
4346.527089688	3894.93721261	0.100738	0.287813	-0.131846	-0.00500558	-0.00257429	0.00225828
4357.355878788	3899.785590407	0.091955	0.248319	-0.148994	-0.00390434	-0.00234146	0.00234423
4345.159225604	3905.704943902	0.108874	0.259261	-0.201337	-0.00337747	-0.00192583	0.00243144
4353.094456065	3896.219949413	0.137925	0.209696	-0.329994	-0.00462534	-0.0020508	0.0025313
4356.931759983	3896.382365976	0.169967	0.21506	-0.319498	-0.00321438	-0.00217013	0.00273698
4353.453823907	3897.41129924	0.170448	0.204676	-0.399963	-0.00449309	-0.00202033	0.00292632
4342.612084614	3895.875422726	0.168962	0.192321	-0.342246	-0.00341235	-0.0024667	0.00297036
4352.735088223	3898.36300719	0.163082	0.189805	-0.299993	-0.00372541	-0.00205243	0.00301959
4347.051572485	3903.369597306	0.15396	0.21506	-0.238418	-0.00324611	-0.00223612	0.00290689
4349.582525733	3897.897663824	0.140606	0.225945	-0.200127	-0.00373847	-0.00206445	0.00279838
4364.969782597	3901.58456405	0.170484	0.263205	-0.124781	-0.00407226	-0.00199594	0.00299643
4350.034163697	3894.788515158	0.150737	0.260754	-0.122788	-0.00493731	-0.00217587	0.00289945
4336.434842787	3888.699885545	0.14652	0.246927	-0.16729	-0.00448779	-0.00216675	0.00280406
4342.375743601	3878.761496591	0.135818	0.246097	-0.142826	-0.0044292	-0.0023747	0.00292832
4325.9735154	3882.810625581	0.151556	0.219715	-0.182883	-0.00451002	-0.0023747	0.0026875
4319.856168212	3878.434893258	0.14664	0.238394	-0.132222	-0.00421038	-0.0023747	0.00273584
4310.525554508	3879.457852071	0.146136	0.237754	-0.223944	-0.00512232	-0.00196793	0.00253583
4340.857333529	3877.856477871	0.142969	0.274851	-0.148137	-0.00413762	-0.00216145	0.00253512
4304.351550229	3876.092465831	0.121974	0.289654	-0.165145	-0.00535734	-0.00233862	0.00231817
4334.803118531	3870.475817864	0.118673	0.294372	-0.137909	-0.00506498	-0.00250574	0.00239217
4318.856575228	3870.847782771	0.122898	0.301986	-0.151069	-0.00526741	-0.00230011	0.00233902
4321.381862768	3867.705000157	0.11713	0.255865	-0.125103	-0.00457151	-0.00245674	0.00246419
4319.088869306	3868.710699445	0.128806	0.263773	-0.15123	-0.00498918	-0.00235811	0.00234376
4319.616589651	3875.497676022	0.141979	0.23542	-0.0959968	-0.00427116	-0.00232627	0.00248746
4306.914069572	3866.429786737	0.126886	0.273888	-0.125974	-0.00463129	-0.00238311	0.00245877
4309.28152664	3875.086323992	0.126743	0.291156	-0.0739113	-0.00403056	-0.00274368	0.00245343
4312.709280721	3871.710095229	0.12764	0.311604	-0.112235	-0.00512003	-0.00253371	0.00261633
4322.308610919	3880.599636081	0.161701	0.268452	-0.128997	-0.00426723	-0.00219207	0.00267042
4311.446636951	3880.447176937	0.142748	0.300149	-0.157423	-0.00497312	-0.00253371	0.00257708
4306.18643063	3868.329883499	0.154316	0.24717	-0.120838	-0.00382196	-0.00218223	0.00272678
4307.538916361	3877.164326634	0.154093	0.251218	-0.143784	-0.00441412	-0.0022543	0.00272152
4321.681335969	3879.244542036	0.159185	0.272814	-0.0961015	-0.0038923	-0.00253371	0.00270384
4314.84201555	3878.090145296	0.145571	0.294012	-0.0967243	-0.00458553	-0.00253371	0.00267716
4315.10911327	3877.074931142	0.159298	0.292581	-0.0686399	-0.00424648	-0.00249241	0.00275275
4318.666369275	3882.699102492	0.139176	0.258241	-0.10894	-0.00421002	-0.00243364	0.00261485
4328.383869981	3880.588793558	0.1597	0.254498	-0.087269	-0.0038031	-0.00236816	0.00259147
4333.606844497	3878.752203001	0.139655	0.231911	-0.103185	-0.00409636	-0.00268858	0.00273452
4327.42960267	3883.584870203	0.157388	0.261861	-0.0699239	-0.00315048	-0.00187735	0.00254452
4336.915618684	3874.709269738	0.157141	0.265249	-0.0933812	-0.00378005	-0.00254939	0.00279995
4339.268506786	3880.539227741	0.153935	0.284621	-0.129949	-0.00437386	-0.00236699	0.00254679
4328.621020381	3886.141050218	0.150417	0.300197	-0.083226	-0.00406519	-0.0024707	0.00290039
4331.403692997	3879.750821457	0.153639	0.280635	-0.175024	-0.00554243	-0.00202801	0.00240743
4333.814856965	3877.755576028	0.162663	0.244494	-0.128901	-0.00448679	-0.00244458	0.00274103
4328.343400629	3878.999589536	0.162458	0.237528	-0.165432	-0.00490711	-0.00227554	0.00273698
4332.946384679	3876.681502466	0.155471	0.248343	-0.110798	-0.00412253	-0.00222543	0.00288585
4320.583807154	3873.147725212	0.166957	0.256419	-0.127112	-0.00430772	-0.00238803	0.00284607
4337.471667575	3882.038372443	0.153236	0.279643	-0.0863965	-0.00354614	-0.00240666	0.00285274
4324.391163752	3874.409219521	0.160333	0.292099	-0.0902563	-0.00410298	-0.00254405	0.00292573
4340.350657247	3877.941005291	0.1626	0.310514	-0.0423507	-0.00385626	-0.00217002	0.00286927
4328.502040487	3875.312910586	0.163493	0.26943	-0.0751508	-0.00445477	-0.00265639	0.00317312
4325.699942583	3883.329296457	0.15844	0.253725	-0.0856875	-0.00397536	-0.0022402	0.00271337
4330.788558852	3872.856083482	0.154093	0.238166	-0.0744416	-0.00359991	-0.00245387	0.00280278
4324.139444385	3878.796458195	0.168332	0.258425	-0.143745	-0.0045823	-0.0021128	0.00260112
4339.391533615	3879.933595409	0.176592	0.259003	-0.0801993	-0.00325902	-0.00237988	0.00295095
4326.176671545	3878.915504667	0.158779	0.272774	-0.125253	-0.00446209	-0.00245615	0.00272795
4340.100556654	3884.164613247	0.159562	0.278393	-0.0939246	-0.00411003	-0.0021858	0.0029952
4327.517825856	3879.709885402	0.158914	0.28838	-0.0909811	-0.00476092	-0.00239741	0.00289498
4333.217529335	3887.020843478	0.176707	0.285653	-0.0631207	-0.00453846	-0.00255779	0.00285078
4327.228065299	3879.143861469	0.17568	0.241549	-0.0957623	-0.00398696	-0.00287778	0.00299433
4329.746068355	3885.824183028	0.177827	0.2251	-0.0910084	-0.00409818	-0.00220699	0.00273267
4335.886887766	3880.576402104	0.162318	0.230541	-0.0731956	-0.00376103	-0.00237089	0.00276783
4334.168559098	3884.868049558	0.167793	0.250403	-0.158714	-0.00456131	-0.00226447	0.00256238
4338.160455939	3886.981456355	0.1523	0.298779	-0.0526038	-0.00440313	-0.00284514	0.00290252
4333.351078195	3890.990091843	0.15077	0.323097	-0.1042	-0.00625026	-0.00231223	0.00251911
4361.354250725	3891.833153292	0.14395	0.318423	-0.0673785	-0.00533415	-0.00286975	0.00230944
4326.098970389	3883.800392999	0.119492	0.312002	-0.107641	-0.005748	-0.00295072	0.00191436
4350.229225972	3888.288754791	0.0604418	0.248474	-0.0977687	-0.0050302	-0.00352738	0.00160509
4342.736730217	3886.4616791	-0.020585	0.209419	-0.104025	-0.00496791	-0.00413577	0.000501903
4319.97676688	3878.018673157	0.00771133	0.13989	-0.232499	-0.00520282	-0.00383333	0.000735247
4326.959348804	3879.935144341	0.0113577	0.174578	-0.141162	-0.00400436	-0.00386577	0.000837196
4315.906359497	3877.096394911	0.0273204	0.24042	-0.114614	-0.00386287	-0.00371358	0.000843912
4331.644080945	3881.764654067	0.0337386	0.236294	-0.141686	-0.00459388	-0.00315232	0.000829051
4335.11149499	3888.77976617	0.0414223	0.27231	-0.110906	-0.00415134	-0.00322942	0.00112268
4374.31415588	3892.912094925	0.0336907	0.309118	-0.0660721	-0.00412691	-0.00327728	0.00105975
4368.969773309	3896.414893543	0.0496129	0.309246	-0.103691	-0.00416919	-0.00331347	0.00105147
4354.132899627	3891.618073048	0.0766851	0.247077	-0.109117	-0.0039434	-0.00312103	0.00116319
4356.6436182	3895.75549115	0.108741	0.233355	-0.220354	-0.00512497	-0.00193307	0.00129532
4361.053968137	3896.344306509	0.100245	0.225189	-0.166805	-0.00433759	-0.00248734	0.00122938
4351.559048865	3897.960948751	0.0971739	0.184459	-0.235893	-0.00501382	-0.00238677	0.00109633
4374.757699974	3897.845885247	0.090799	0.206936	-0.174907	-0.00419732	-0.00248734	0.0011979
4359.197234285	3898.145492911	0.0784536	0.262413	-0.148935	-0.00483461	-0.00261716	0.00126713
4378.222685857	3892.144046031	0.0818552	0.252373	-0.154491	-0.0039921	-0.00264413	0.00135016
4361.812363785	3897.311061225	0.0837054	0.259171	-0.200444	-0.00445661	-0.00206291	0.00128056
4346.380590635	3896.716935244	0.106818	0.233066	-0.208813	-0.0042168	-0.00206291	0.00109906
4341.284689882	3890.530280375	0.0924272	0.26535	-0.169553	-0.00392006	-0.00258217	0.00125537
4339.898209896	3889.558657587	0.106636	0.268828	-0.176979	-0.00355442	-0.00211526	0.00139179
4327.414224316	3885.650481391	0.104357	0.262838	-0.187787	-0.00431525	-0.00251912	0.0017256
4340.408933114	3888.873587182	0.104623	0.298879	-0.168887	-0.00445018	-0.00207599	0.00167836
4309.257245029	3881.764432791	0.0907198	0.282881	-0.15599	-0.00480396	-0.00237476	0.00162406
4339.023262515	3883.134131051	0.0901014	0.260446	-0.156518	-0.00430926	-0.00219349	0.00147133
4316.730315495	3879.981612294	0.10115	0.231255	-0.160391	-0.00450786	-0.00229488	0.00144842
4319.497609757	3871.702793122	0.0912674	0.240909	-0.114481	-0.00366616	-0.00230514	0.00151348
4318.781302234	3873.072270106	0.108833	0.252047	-0.134675	-0.00401151	-0.00205514	0.00136823
4324.425967395	3875.082341024	0.105041	0.2698	-0.119043	-0.00360442	-0.00230514	0.00126017
4299.275074765	3877.222300938	0.103565	0.295454	-0.135073	-0.00393803	-0.0026093	0.00144617
4315.954922719	3869.086868595	0.107013	0.301062	-0.125638	-0.00385538	-0.00262052	0.00160098
4308.766756488	3878.300578744	0.111551	0.309398	-0.155241	-0.00429425	-0.00251625	0.00157068
4334.485838814	3876.587238902	0.103332	0.2956	-0.130671	-0.0039715	-0.00241535	0.00161629
4312.950478056	3876.04090853	0.0921582	0.245507	-0.150477	-0.00424988	-0.00260483	0.00147993
4316.43165168	3875.808126209	0.0965265	0.252639	-0.122788	-0.00368874	-0.00277125	0.00154963
4308.104677896	3871.868086272	0.0969174	0.236384	-0.139095	-0.00365383	-0.00276047	0.00169028
4324.379022947	3877.253722126	0.106872	0.255617	-0.112044	-0.0030817	-0.00266809	0.00151233
4322.059319713	3869.359259315	0.0976621	0.270555	-0.123092	-0.00399459	-0.0027213	0.00154122
4331.662696847	3877.182028712	0.0856832	0.276938	-0.149304	-0.00470422	-0.00236438	0.00133653
4336.060905978	3871.011305713	0.0703477	0.296439	-0.106507	-0.0045346	-0.0030446	0.00131387
4324.370119689	3875.622696945	0.068232	0.264909	-0.183635	-0.00555498	-0.00291855	0.00112967
4327.531585436	3872.424595339	0.0693903	0.267122	-0.130915	-0.00446801	-0.0029445	0.00125383
4318.619424828	3877.244649811	0.0746951	0.235643	-0.178701	-0.00525082	-0.00200661	0.00098596
4324.337744208	3871.154913818	0.0717395	0.273661	-0.114459	-0.00423349	-0.00265131	0.00133672
4326.787758754	3878.613020415	0.0788157	0.267825	-0.165804	-0.00501016	-0.0022487	0.00111704
4335.29684462	3872.234298004	0.0753249	0.295492	-0.108212	-0.00408086	-0.00268025	0.00131296
4323.518644532	3874.00893129	0.079624	0.299612	-0.158451	-0.00554594	-0.00198933	0.00109382
4345.390710295	3880.273254024	0.0834921	0.313153	-0.128143	-0.00418405	-0.00283494	0.00124347
4340.661461868	3884.924917483	0.0760456	0.316575	-0.159521	-0.00528523	-0.00314838	0.000946607
4342.21791313	3881.286476694	0.0542431	0.2986	-0.159688	-0.00494469	-0.00365177	0.000886984
4318.042331874	3883.50653851	0.0635564	0.268697	-0.206892	-0.00615508	-0.00336424	0.000655885
4341.177041407	3875.953504522	0.0443423	0.237266	-0.157888	-0.00516593	-0.00349173	0.000629953
4320.517437417	3885.809357538	0.0476942	0.231583	-0.196258	-0.00571311	-0.00345384	0.000626056
4346.525470914	3878.774109322	0.066153	0.247755	-0.138601	-0.00472188	-0.00339967	0.00110006
4332.819310915	3885.672387712	0.0711911	0.297537	-0.0840987	-0.00465362	-0.00282684	0.000649387
4352.315016353	3884.716696794	0.0529889	0.303925	-0.0864089	-0.00504578	-0.0029175	0.000477703
4341.44899545	3895.614759633	0.0209201	0.33941	-0.0696229	-0.00490923	-0.00368255	0.000589295
4368.306885329	3892.512470522	-0.00142828	0.31282	-0.123759	-0.00612649	-0.00403017	0.000438684
4328.306978213	3885.082465974	0.0266645	0.287177	-0.123943	-0.00570537	-0.00350091	0.00026672
4351.14868964	3887.424672125	0.0303042	0.26351	-0.267604	-0.00735521	-0.00287977	0.000170635
4344.941500492	3887.303412893	0.0272519	0.227684	-0.19932	-0.00569786	-0.00296467	0.000777887
4369.919993684	3897.557341381	0.0336105	0.224406	-0.232439	-0.0067634	-0.00332737	0.000666922
4352.075437792	3893.071856176	0.0222584	0.224428	-0.17763	-0.00489917	-0.00357917	0.000729993
4352.370864058	3892.212641581	0.0414449	0.236877	-0.249452	-0.00633112	-0.00323267	0.000639546
4356.109422759	3893.142221935	0.0398677	0.239171	-0.188298	-0.00477054	-0.00379643	0.000843124
4357.479715004	3884.776441306	0.0455221	0.25413	-0.271524	-0.00583399	-0.00347701	0.000725202
4350.153143591	3886.541559725	0.0467308	0.268589	-0.236484	-0.00496641	-0.00376921	0.000813104
4364.63631514	3888.995952794	0.0410502	0.256096	-0.231152	-0.00486646	-0.00387865	0.000846801
4344.174201586	3889.426555833	0.0540155	0.277951	-0.201229	-0.00431841	-0.00335523	0.000676874
4336.82658611	3886.724112401	0.0466845	0.262786	-0.246072	-0.00502755	-0.00363299	0.000885357
4336.291581282	3882.80686389	0.0476727	0.234496	-0.200713	-0.00448537	-0.0032753	0.000747455
4337.262036334	3875.186783283	0.0439225	0.223175	-0.188381	-0.00390412	-0.00363945	0.00105886
4334.932620456	3881.399769991	0.0559183	0.199679	-0.258614	-0.00486742	-0.00341131	0.000983416
4346.753718057	3869.436042077	0.0530777	0.229927	-0.185267	-0.00356366	-0.00344719	0.00103474
4329.493539601	3878.690245729	0.0624644	0.254732	-0.265427	-0.0057029	-0.00350785	0.00102184
4344.838708339	3871.114420316	0.0576159	0.2931	-0.182511	-0.00472329	-0.00377039	0.00125733
4325.542112112	3875.048264525	0.0583712	0.294181	-0.2363	-0.00582004	-0.00353795	0.00118176
4343.669953465	3867.125257114	0.062742	0.268333	-0.21032	-0.00479175	-0.00340931	0.00137485
4317.596359619	3867.170839964	0.0587202	0.238303	-0.266584	-0.00596018	-0.00343244	0.00104589
4335.67320959	3870.63911953	0.0702015	0.241791	-0.210017	-0.00456503	-0.00382326	0.00131336
4323.852921376	3870.345707593	0.0688145	0.229903	-0.24495	-0.00547802	-0.00355447	0.00141563
4329.715311648	3872.00549865	0.066938	0.250322	-0.196855	-0.00432613	-0.00343537	0.0015843
4316.322384431	3879.462720143	0.0980143	0.231913	-0.266447	-0.00542202	-0.0027686	0.00175134
4328.838745492	3879.735774691	0.0782799	0.270954	-0.179347	-0.00443193	-0.00327332	0.00171054
4324.244664699	3880.027858972	0.0777349	0.303858	-0.214099	-0.00540332	-0.00340827	0.00161338
4333.264473783	3882.751987449	0.0763628	0.274124	-0.177588	-0.00476903	-0.00328722	0.00169105
4316.49721203	3882.302354676	0.0703358	0.269127	-0.236828	-0.00567217	-0.00328924	0.00165914
4335.110685603	3882.086168053	0.073472	0.223691	-0.18396	-0.00453738	-0.00299864	0.00162369
4322.519860934	3874.674308134	0.073432	0.238222	-0.199935	-0.00477317	-0.00301905	0.0015913
4323.91443479	3877.834792825	0.072563	0.237643	-0.172015	-0.00411961	-0.00328281	0.00170878
4312.396047939	3876.437213794	0.0817723	0.224321	-0.167602	-0.00418287	-0.00330923	0.00168186
4349.602760409	3889.640750973	0.0790994	0.269058	-0.143938	-0.00367831	-0.00302423	0.00168152
4326.972298997	3879.086329716	0.0789908	0.257254	-0.155045	-0.00422795	-0.00370938	0.00176641
4326.035028814	3883.709669851	0.0843799	0.272166	-0.150746	-0.00420712	-0.00328238	0.00165698
4336.215498901	3875.079464437	0.082265	0.253479	-0.168995	-0.00430678	-0.00346802	0.00150806
4316.508543448	3876.785723448	0.0896054	0.236514	-0.178942	-0.00441705	-0.00273183	0.00145813
4337.836701126	3878.764594455	0.0775753	0.244639	-0.159	-0.00381761	-0.00328373	0.00158313
4328.442145847	3876.534575221	0.0966135	0.227245	-0.227768	-0.00520555	-0.00279474	0.00149764
4339.926538443	3874.318496373	0.0867893	0.2418	-0.154306	-0.0038659	-0.00329542	0.00170615
4322.179918381	3881.119634612	0.0825369	0.243325	-0.204119	-0.00481439	-0.00294031	0.00148036
4340.260815287	3872.703403062	0.0823247	0.278579	-0.166303	-0.0042173	-0.00298241	0.00183658
4334.75698347	3873.257920645	0.0811889	0.281895	-0.177593	-0.00454761	-0.00335979	0.00150939
4339.743616973	3874.615006174	0.0819053	0.270227	-0.156705	-0.00437638	-0.00313605	0.0015089
4325.055670505	3871.982485949	0.0738015	0.235289	-0.186505	-0.00451136	-0.00339022	0.00156359
4346.23732913	3878.589786438	0.0842756	0.244692	-0.133962	-0.0037766	-0.00332583	0.00137053
4331.32356368	3876.859629622	0.0721972	0.211488	-0.1514	-0.00394526	-0.00380218	0.00166404
4331.083985119	3876.669332287	0.0891603	0.243909	-0.179039	-0.00360899	-0.00337344	0.00154
4344.462343369	3877.751814336	0.0755831	0.27327	-0.157755	-0.00322019	-0.00394665	0.00155634
4329.079942828	3875.755683804	0.071091	0.281312	-0.231044	-0.00429372	-0.00344365	0.00122856
4343.61410576	3880.693899644	0.0563065	0.291345	-0.168973	-0.00348199	-0.00380092	0.00118741
4328.910780938	3883.084565233	0.0574922	0.280899	-0.224527	-0.00444458	-0.0039222	0.00100447
4355.690969663	3879.042959626	0.0546065	0.226669	-0.194047	-0.00358513	-0.00395173	0.00124324
4334.046341656	3883.144531021	0.0583241	0.230383	-0.151237	-0.00360985	-0.00367437	0.000917159
4353.162444575	3886.454155717	0.0481638	0.206934	-0.164398	-0.00402169	-0.00398918	0.000950001
4333.237764011	3887.776279643	0.0525227	0.193463	-0.160942	-0.00365193	-0.00360145	0.000865409
4334.430800496	3889.854282284	0.0528191	0.222953	-0.211408	-0.00416599	-0.00354713	0.000694141
4351.910322837	3888.298490934	0.0503577	0.234391	-0.187222	-0.00381218	-0.00363834	0.000763929
4356.697037744	3898.803125096	0.0250984	0.276516	-0.165721	-0.00476467	-0.00414045	0.000587264
4358.19521314	3895.705261505	0.0210393	0.288211	-0.174169	-0.00470467	-0.00345585	0.00126731
4322.935885869	3891.03965766	0.0191562	0.237973	-0.177384	-0.00420882	-0.0031106	0.00271799
4332.744847308	3887.391038177	0.0457373	0.243079	-0.245567	-0.00506805	-0.00212238	0.00290604
4366.213810465	3888.721128038	0.0578431	0.254069	-0.13713	-0.00435774	-0.00193997	0.00323482
4349.465974001	3896.660067319	0.030497	0.236338	-0.107992	-0.00440326	-0.00208581	0.00245842
4353.55661606	3891.038330004	0.0338717	0.176366	-0.218987	-0.004608	-0.00227562	0.00226163
4378.997269247	3892.927362967	0.0461812	0.202465	-0.260652	-0.0039215	-0.00199361	0.00233066
4347.328382849	3892.5872618	0.0590987	0.220951	-0.27579	-0.00343177	-0.00208424	0.00246745
4352.156376495	3885.309052568	0.073723	0.237164	-0.321995	-0.00387391	-0.00196468	0.00239028
4347.185930732	3884.802994423	0.0763312	0.271826	-0.280932	-0.00404979	-0.00223337	0.00198508
4340.676840221	3877.826384339	0.0940794	0.27988	-0.285311	-0.00369107	-0.00245953	0.00232742
4360.199255431	3884.096681524	0.111368	0.268802	-0.351359	-0.00537518	-0.00255877	0.00220875
4352.676812356	3876.098882834	0.109189	0.261591	-0.295312	-0.00465219	-0.00246411	0.00203221
4348.647683711	3883.214011676	0.101685	0.213439	-0.379153	-0.005863	-0.00241681	0.00187409
4348.523038109	3876.627732405	0.104056	0.205349	-0.33503	-0.00489136	-0.002628	0.00187816
4337.688583299	3870.605043031	0.0898419	0.188474	-0.306364	-0.00435425	-0.00289799	0.00178047
4345.494311835	3878.769019974	0.098927	0.219489	-0.254238	-0.0040065	-0.00274282	0.00147535
4329.827007058	3870.380005369	0.0805445	0.234339	-0.241941	-0.00409262	-0.00293713	0.00167858
4341.060489674	3872.074758029	0.0979196	0.278133	-0.235613	-0.00420216	-0.00269897	0.00147614
4338.476116881	3870.398813826	0.0911801	0.300648	-0.232672	-0.00447866	-0.00271161	0.00150832
4330.540886421	3868.274785782	0.0903689	0.255731	-0.322188	-0.00580088	-0.00292316	0.00153992
4323.231312135	3866.222229877	0.0883525	0.252294	-0.254334	-0.00434693	-0.00293304	0.00149584
4325.117993307	3871.818520455	0.0923498	0.233119	-0.264227	-0.00415804	-0.00286082	0.0014278
4313.435300888	3866.644645705	0.0755209	0.236547	-0.260653	-0.00417696	-0.0032486	0.00126598
4317.231326068	3872.467744153	0.0894826	0.238792	-0.208992	-0.00349002	-0.0029657	0.00132449
4317.371350024	3870.581366502	0.0888383	0.218944	-0.281148	-0.00411329	-0.00284278	0.00142793
4316.429223519	3869.657318048	0.103449	0.242256	-0.225665	-0.00339545	-0.00277051	0.00135324
4299.284787409	3877.370777115	0.0939727	0.262853	-0.274334	-0.00393863	-0.0027583	0.00149245
4324.448630231	3879.042517074	0.0942895	0.272221	-0.20451	-0.00350881	-0.00300472	0.00150878
4303.486315492	3875.160230166	0.0905202	0.294594	-0.217661	-0.00431782	-0.00309681	0.00154995
4334.018822497	3878.235302333	0.0903533	0.288775	-0.213116	-0.00409632	-0.0026187	0.00154059
4304.573322276	3873.822838199	0.0851382	0.281155	-0.235904	-0.00461991	-0.00303029	0.00155981
4325.135799821	3875.680228698	0.082717	0.26905	-0.200509	-0.00380593	-0.00282069	0.00153043
4318.303763885	3871.615831666	0.0795777	0.240189	-0.222305	-0.00419855	-0.00283451	0.00145857
4321.818931765	3873.953169745	0.0886285	0.265396	-0.164262	-0.00322363	-0.00260155	0.00141396
4287.538962802	3876.610472879	0.090782	0.237742	-0.187981	-0.00370296	-0.00305932	0.00125514
4328.998194738	3875.78444968	0.084844	0.274801	-0.157875	-0.00340282	-0.00296945	0.00124566
4292.502933469	3867.375298961	0.0873628	0.266793	-0.184667	-0.00359667	-0.00290566	0.00129281
4316.536871994	3875.129694082	0.0854947	0.283979	-0.161445	-0.00317409	-0.00285478	0.00133683
4303.743700568	3866.974125626	0.0888224	0.267996	-0.187265	-0.00380095	-0.00308503	0.00132595
4328.707624793	3869.474544096	0.0900198	0.285148	-0.148528	-0.0033636	-0.00285382	0.00132215
4301.727517472	3863.733317757	0.0850202	0.25191	-0.195564	-0.00357839	-0.00289934	0.00137347
4308.393629066	3866.801087816	0.0913341	0.266132	-0.15865	-0.00325193	-0.00264865	0.00126591
4307.974366584	3860.852747169	0.0892317	0.25131	-0.183654	-0.00340877	-0.00292452	0.00132587
4310.861450127	3868.364181274	0.0942215	0.262642	-0.180171	-0.0037022	-0.00232326	0.00126024
4298.901947343	3859.576206093	0.0864655	0.271862	-0.178142	-0.00339296	-0.00265427	0.00128993
4300.766775065	3864.43719662	0.0947686	0.257913	-0.194138	-0.00361852	-0.00244588	0.00115748
4326.047979006	3863.510271578	0.0803009	0.27068	-0.166697	-0.00345905	-0.00294165	0.00117146
4313.32036793	3867.265103527	0.088955	0.258513	-0.187865	-0.00368819	-0.00285333	0.000689494
4310.466469255	3861.916863313	0.101605	0.284048	-0.145747	-0.00342644	-0.00287785	0.000945092
4301.791459047	3865.850043694	0.120426	0.275334	-0.18206	-0.00398238	-0.00241115	0.00102421
4329.559099951	3861.084865662	0.0705108	0.279457	-0.157766	-0.00342331	-0.00345499	0.000857064
4302.296516555	3865.405057717	0.0319798	0.250035	-0.221276	-0.00366926	-0.00403842	0.000183742
4316.033433261	3865.245960294	-0.0255883	0.23074	-0.229906	-0.00224274	-0.00469952	-0.000837584
4329.811628705	3881.005234935	-0.0195641	0.242433	-0.209456	-0.00353999	-0.00453713	-0.001698
4350.627444391	3885.758906617	-0.00151806	0.219703	-0.127092	-0.00422578	-0.00438515	-0.00154972
4314.241450372	3880.604282876	0.0373394	0.221168	-0.201217	-0.00480345	-0.00372868	-0.0018433
4331.253956396	3874.965949864	0.0422059	0.23323	-0.198444	-0.00377599	-0.00394138	-0.00156155
4316.861436194	3874.367177087	0.0401833	0.215652	-0.244284	-0.0045432	-0.00395166	-0.00186171
4337.692630235	3881.631445933	0.0368338	0.220523	-0.187616	-0.00372253	-0.00390091	-0.00183118
4313.965449394	3884.256000223	0.0280101	0.237431	-0.272035	-0.00519885	-0.0042323	-0.00198778
4361.090390553	3873.854480662	0.0206582	0.247597	-0.23288	-0.00419398	-0.00425533	-0.00186141
4321.569640559	3871.495014986	0.0284846	0.248503	-0.288181	-0.00550963	-0.00425533	-0.00252425
4352.189561363	3880.703857063	0.0286994	0.220403	-0.250638	-0.00469516	-0.00457815	-0.00210954
4333.733108874	3883.602129729	0.0722684	0.209854	-0.348401	-0.00551517	-0.00378372	-0.00268284
4359.129245775	3882.63714522	0.0359206	0.181098	-0.321233	-0.00480954	-0.004876	-0.00216452
4337.766284454	3887.596161002	0.0206304	0.186935	-0.369088	-0.00661724	-0.00451486	-0.00235878
4376.801402229	3887.479106014	0.0165486	0.219153	-0.281046	-0.00585204	-0.00504106	-0.00240945
4335.969445244	3883.902622497	0.0239107	0.242425	-0.307493	-0.00700819	-0.00458026	-0.00227779
4359.647253475	3877.546691511	0.0344037	0.222589	-0.294851	-0.00657332	-0.00518022	-0.00214404
4326.920498227	3874.788707811	0.0585224	0.242411	-0.309154	-0.00700071	-0.00442644	-0.0016494
4360.495491085	3869.883904642	0.0640832	0.232383	-0.258465	-0.00597783	-0.00477957	-0.00135462
4329.462782894	3877.241109396	0.0686837	0.246351	-0.297841	-0.00655225	-0.00458094	-0.00138362
4348.101347465	3875.146068504	0.0650777	0.277062	-0.218599	-0.00597874	-0.00463491	-0.00112243
4327.543726241	3877.030897223	0.0628289	0.272794	-0.263314	-0.00702613	-0.0046267	-0.000956751
4360.191970948	3871.370436614	0.0610984	0.286585	-0.20898	-0.0062143	-0.00489518	-0.00103208
4332.259215089	3869.569250211	0.0489561	0.271826	-0.267983	-0.00695302	-0.00514362	-0.00115568
4343.703947721	3865.760426926	0.053803	0.227413	-0.247165	-0.00620499	-0.00522555	-0.00127329
4307.8173455	3867.22704406	0.0550841	0.223213	-0.290746	-0.00678817	-0.00481226	-0.00141182
4359.343733338	3875.826934666	0.0507922	0.237855	-0.207766	-0.00541271	-0.00535712	-0.00141182
4326.842797072	3867.093393374	0.0668815	0.235002	-0.235974	-0.00655688	-0.0045545	-0.00133801
4345.964565701	3866.768560249	0.0527421	0.251701	-0.209309	-0.00538691	-0.00456006	-0.00114236
4328.306978213	3870.269809935	0.03362	0.28128	-0.257092	-0.00622845	-0.00507536	-0.000937826
4351.130073738	3872.891487637	0.0519222	0.286584	-0.211288	-0.00613275	-0.00498112	-0.00100039
4344.780432473	3873.599570744	0.0496119	0.307362	-0.23885	-0.00657733	-0.00484387	-0.000688726
4353.528287514	3874.216488151	0.0662873	0.26862	-0.228125	-0.00612916	-0.0047161	-0.000761442
4339.947582505	3876.440311657	0.0586161	0.265967	-0.274675	-0.00697298	-0.00491351	-0.000655977
4358.936611661	3877.542708544	0.0510268	0.227358	-0.254115	-0.00622628	-0.00478204	-0.000667878
4332.50445936	3875.89154725	0.0499185	0.247105	-0.271543	-0.00665348	-0.00479936	-0.000934029
4364.139351502	3877.505976733	0.065457	0.237872	-0.223527	-0.00570139	-0.00498736	-0.000864033
4331.966216984	3877.238454084	0.0434956	0.263254	-0.233257	-0.00586055	-0.00482114	-0.00073762
4361.815601334	3885.718191838	0.0375532	0.280778	-0.193183	-0.00587511	-0.00529816	-0.00141182
4342.586184229	3885.127827548	0.0128191	0.26425	-0.214243	-0.00619194	-0.0056889	-0.0010013
4367.071760719	3885.22054218	0.0311381	0.275015	-0.180696	-0.00584797	-0.00539812	-0.00141182
4331.844808929	3878.956661998	0.0260774	0.226787	-0.233037	-0.00567226	-0.00572053	-0.00111493
4355.508857581	3876.969382504	0.0311896	0.244305	-0.212874	-0.00497803	-0.00501473	-0.00122331
4346.816850245	3885.7038089	0.0527146	0.215901	-0.267581	-0.00565793	-0.00480234	-0.00124515
4352.908297047	3880.762495195	0.0383943	0.265978	-0.209377	-0.00543495	-0.0046753	-0.0014
4349.562291058	3879.108014762	0.0353237	0.26714	-0.218386	-0.00553022	-0.00494895	-0.00118813
4361.842311106	3880.337424055	0.0414343	0.326016	-0.170336	-0.00680798	-0.00475127	-0.00115652
4364.566707855	3880.163501142	0.0482303	0.316392	-0.19881	-0.0069857	-0.00503965	-0.00101345
4332.685762055	3877.997209388	0.0613193	0.274895	-0.205033	-0.0069486	-0.00441591	-0.000956136
4371.062038786	3877.337585719	0.0599877	0.207565	-0.322935	-0.00809832	-0.0046979	-0.000520946
4343.933004251	3872.470178189	0.0548194	0.213209	-0.270878	-0.00637816	-0.00489816	-0.000614347
4367.948326874	3876.906761404	0.0573633	0.217114	-0.300941	-0.0068586	-0.00486768	-0.000804094
4350.107817917	3878.719675433	0.0569323	0.26262	-0.238581	-0.00576795	-0.00531245	-0.000733183
4363.044250848	3879.716523681	0.0567035	0.290192	-0.26393	-0.00649412	-0.00478714	-0.000820428
4344.992491875	3878.275132007	0.0504939	0.332311	-0.223624	-0.0059333	-0.0055786	-0.000802106
4358.19521314	3886.728980473	0.0578761	0.304709	-0.276872	-0.00856268	-0.0055786	-0.000850422
4370.254270528	3886.069799356	0.0373645	0.304587	-0.25411	-0.00756679	-0.00581119	-0.000643505
4353.518574869	3886.866614126	0.0324749	0.274458	-0.302482	-0.00870408	-0.00565335	-0.000572503
4361.117100325	3881.617062995	0.0369584	0.217493	-0.280936	-0.00729541	-0.00540933	-0.000550471
4344.502812721	3883.628019018	0.0315146	0.198634	-0.357109	-0.00775837	-0.00546746	-0.000735821
4348.765854218	3882.65639623	0.0326307	0.216006	-0.266775	-0.00719375	-0.00550423	-0.000759887
4339.117960798	3880.13783313	0.039779	0.222216	-0.3151	-0.00804736	-0.00526933	-0.000839027
4351.049944422	3877.218760523	0.038033	0.264871	-0.25969	-0.0071854	-0.00565674	-0.000806527
4336.880005655	3876.248465391	0.0331869	0.2888	-0.296567	-0.00781234	-0.0057205	-0.000783732
4351.353464559	3879.603009108	0.0284299	0.335173	-0.266885	-0.00786857	-0.00614749	-0.000821972
4343.598727406	3880.1196885	0.0376487	0.343791	-0.292938	-0.00861251	-0.00570535	-0.00102955
4336.264062123	3875.81631342	0.0389726	0.287804	-0.26239	-0.00749399	-0.00590965	-0.000668341
4328.791801045	3873.999416423	0.0420567	0.246262	-0.329731	-0.0085405	-0.00542827	-0.000751282
4355.63188441	3872.416408128	0.0389268	0.241052	-0.2612	-0.007124	-0.00558094	-0.00061107
4325.418275896	3876.340073643	0.0436888	0.222918	-0.297591	-0.00761441	-0.00559478	-0.000827726
4352.425902376	3879.107350934	0.0406985	0.238435	-0.241668	-0.00655317	-0.00559133	-0.000638804
4332.140235196	3872.888168498	0.0463306	0.259342	-0.285245	-0.00759699	-0.00559814	-0.000779717
4353.197248218	3881.679020267	0.0445974	0.301149	-0.246715	-0.006956	-0.00595213	-0.000412184
4331.895800312	3878.355233909	0.0360841	0.304535	-0.265505	-0.00799378	-0.00613163	-0.000400366
4351.635131246	3878.908866388	0.0266725	0.281503	-0.23462	-0.00681412	-0.0061527	-0.00045351
4327.037859346	3881.124060132	0.0222435	0.264009	-0.218093	-0.00637747	-0.00635373	-0.000421796
4336.448602367	3876.727749143	0.0185593	0.239932	-0.254662	-0.00654862	-0.00593186	-0.000390209
4328.636398735	3884.345395715	0.0304766	0.244524	-0.209408	-0.00602476	-0.00624229	-0.000437968
4340.667127577	3883.452989725	0.0242936	0.283175	-0.253055	-0.00725307	-0.00615245	-0.000480459
4316.752168945	3888.623766611	0.0311091	0.293952	-0.213465	-0.00647202	-0.00648412	-0.000444993
4343.08233848	3888.821587329	0.0227885	0.324058	-0.282904	-0.00827483	-0.00592104	-0.000479029
4340.514962815	3886.367415536	0.0273784	0.296995	-0.236938	-0.00710875	-0.00661309	-0.000482114
4336.102184717	3883.379968654	0.0178174	0.239528	-0.31496	-0.00784706	-0.00678497	-0.00039189
4345.38666336	3886.210088321	0.00998132	0.231523	-0.258881	-0.00660421	-0.00694884	-0.000528087
4339.80189284	3878.782517809	0.0127701	0.236911	-0.282773	-0.00690182	-0.00665472	-0.000724705
4334.696279442	3876.654728073	0.0504867	0.271849	-0.214386	-0.00703616	-0.00540073	-0.000215098
4321.270976744	3877.315900674	0.068958	0.249026	-0.259264	-0.00719354	-0.00511854	-0.000384411
4333.121212278	3873.769953242	0.0685604	0.316973	-0.201681	-0.00715714	-0.00474876	-0.000371539
4331.504056989	3875.010868886	0.0764227	0.331542	-0.232748	-0.00793097	-0.00508688	-0.000578018
4339.239368853	3878.049209241	0.078536	0.389738	-0.221406	-0.00762822	-0.00486682	-0.000242169
4338.924517297	3877.136888414	0.0975575	0.352393	-0.204783	-0.00738229	-0.00486682	-0.000376641
4328.808798172	3884.762279644	0.0896382	0.238712	-0.151809	-0.00638843	-0.0050346	-0.000381311
4327.532394823	3868.569082823	0.0859779	0.238382	-0.158192	-0.00625607	-0.00502827	-0.000355573
4341.269311529	3874.057169452	0.0930395	0.191199	-0.228621	-0.00682066	-0.00475937	-0.000450839
4315.811661214	3866.737360337	0.104384	0.225214	-0.16169	-0.00622058	-0.0049281	-0.000497545
4324.879224132	3865.069382069	0.111988	0.252846	-0.21219	-0.00733585	-0.00397238	-0.000585784
4327.611714752	3863.426850537	0.10465	0.278006	-0.127619	-0.00588493	-0.00470917	-0.000473901
4327.410986768	3866.137923732	0.114269	0.296588	-0.162171	-0.00633132	-0.00493784	-0.0007638
4323.870727891	3861.159214388	0.096646	0.309233	-0.107183	-0.00522155	-0.00523767	-0.000575289
4332.246264897	3866.007370909	0.0989486	0.315966	-0.0717536	-0.00461957	-0.00470968	-0.00070554
4339.664297044	3872.602722495	0.112161	0.316535	-0.0866317	-0.00479582	-0.00479568	-0.000934221
4326.43162846	3871.175492484	0.114067	0.316665	-0.0950367	-0.00484695	-0.00480651	-0.000788891
4332.525503423	3881.40640827	0.0548622	0.322211	-0.153883	-0.00661736	-0.00556868	-0.00133035
4367.17779042	3893.396025473	-0.00543169	0.270515	-0.099781	-0.00554295	-0.0061674	-0.00125798
4348.407295763	3894.344414284	-0.0139615	0.231694	-0.11691	-0.00506205	-0.00677783	-0.00133035
4348.054403017	3893.001932969	-0.00581169	0.166301	-0.31156	-0.00646171	-0.00626039	-0.000960937
4338.64285061	3883.712103886	0.00459718	0.161372	-0.259673	-0.00506082	-0.00600528	-0.00065929
4317.980009072	3886.361441085	0.012247	0.213785	-0.278307	-0.00459148	-0.00580596	-0.000592275
4314.80640252	3879.00047464	0.0234801	0.168652	-0.399247	-0.00563644	-0.00557835	-0.000541766
4324.030177136	3887.806594451	0.0239333	0.228441	-0.332217	-0.00478334	-0.00553203	-0.000325981
4320.53038761	3883.354743194	0.031869	0.243918	-0.268416	-0.00425595	-0.00535022	3.39911e-05
4331.215105818	3887.714764923	0.0389198	0.262388	-0.286128	-0.00499425	-0.00516472	7.29476e-05
4350.087583241	3893.203736655	0.044234	0.3052	-0.188591	-0.00443822	-0.0049904	0.000241876
4343.424709195	3895.049620803	0.0619464	0.307127	-0.161872	-0.00426218	-0.00467336	0.000254373
4338.193640807	3888.061725645	0.0565881	0.257871	-0.217831	-0.00483556	-0.0049904	0.000263584
4332.632342511	3888.69081323	0.0634393	0.269087	-0.217235	-0.00465521	-0.00458637	6.60898e-05
4342.525480202	3883.846418401	0.0546908	0.247833	-0.208367	-0.00454668	-0.00472523	0.000157169
4328.187998319	3886.945388372	0.0675228	0.236765	-0.211498	-0.00433795	-0.00426415	-6.04587e-05
4314.845253098	3884.708288307	0.0637872	0.254163	-0.158866	-0.00402616	-0.00435483	-0.000214595
4326.912404357	3886.350598563	0.0640739	0.236294	-0.217728	-0.004556	-0.0044945	-0.000201939
4339.741188812	3874.855533154	0.0617797	0.27356	-0.146839	-0.00411278	-0.00435483	-0.000243239
4316.53525322	3880.067688647	0.0644816	0.2874	-0.20999	-0.0057103	-0.00435483	-0.000499978
4346.464766886	3876.064142507	0.0548047	0.30623	-0.170696	-0.00455628	-0.0043818	-0.000258162
4319.489515887	3879.54525608	0.0713754	0.283962	-0.211204	-0.00506555	-0.00405196	-0.000534334
4324.203385961	3873.589170773	0.0623572	0.299116	-0.155333	-0.00487798	-0.00430113	-0.000513874
4293.156108804	3870.422047803	0.0538363	0.303112	-0.174773	-0.00482823	-0.00439887	-0.000347363
4315.762288605	3870.936514435	0.0566436	0.279421	-0.130643	-0.00440559	-0.00432726	-0.000371961
4307.563197972	3867.04913818	0.0490953	0.293608	-0.157245	-0.00514762	-0.00419241	-0.000523304
4308.12815012	3864.973790849	0.069033	0.307416	-0.109275	-0.00445679	-0.00394994	-0.000327768
4306.200999597	3867.251163141	0.063942	0.312118	-0.164655	-0.0050699	-0.00399909	-0.000452994
4321.146331141	3862.701286629	0.0597972	0.301422	-0.124708	-0.00476255	-0.00414627	-0.00028009
4303.89586533	3867.251384417	0.0662558	0.289571	-0.171923	-0.00542662	-0.00432402	-0.000540029
4319.099391338	3864.374132969	0.0493693	0.287842	-0.108227	-0.00428642	-0.00419533	-0.000468357
4305.542158553	3867.919859125	0.0607959	0.28564	-0.150176	-0.00468677	-0.00420179	-0.000385546
4316.078758934	3870.216039874	0.049791	0.296862	-0.0943317	-0.00392111	-0.00444128	-0.000546327
4302.854993607	3878.019336985	0.0670156	0.28811	-0.15074	-0.00484531	-0.00418011	-0.000526057
4331.530766761	3877.736325018	0.0628209	0.304076	-0.0899456	-0.00414276	-0.00439952	-0.000305276
4310.654247047	3880.139603338	0.061521	0.30212	-0.144713	-0.00490669	-0.00391061	-0.000823363
4337.681298816	3884.070570959	0.0652776	0.319879	-0.112993	-0.00421067	-0.00406905	-0.000613027
4316.754597106	3884.243830044	0.0703002	0.318943	-0.146703	-0.00480707	-0.00395195	-0.00058508
4342.183109488	3882.893382794	0.0605534	0.293568	-0.117279	-0.00410365	-0.00418266	-0.000567541
4317.74609622	3882.672106824	0.0497171	0.282662	-0.116767	-0.00419159	-0.00434743	-0.000462212
4345.388282134	3884.406910435	0.0566744	0.294796	-0.0802844	-0.00383995	-0.00433118	-0.00053565
4326.923735775	3881.757794512	0.0506713	0.271706	-0.0912956	-0.00403614	-0.00447159	-0.000668019
4320.417882812	3880.068131199	0.0486871	0.280771	-0.0969248	-0.00419496	-0.00388606	-0.000883819
4336.005058273	3874.94581375	0.0465158	0.305132	-0.0821229	-0.0039113	-0.00446866	-0.00050947
4330.776418047	3880.261747673	0.0497216	0.312526	-0.148641	-0.00510841	-0.00428395	-0.000619297
4329.161690918	3868.293151688	0.0545343	0.305312	-0.0945447	-0.00405168	-0.00426432	-0.000575466
4319.426383698	3877.581210563	0.0520204	0.29918	-0.172341	-0.0052256	-0.00375167	-0.000536175
4346.451007307	3872.220578894	0.052301	0.284009	-0.0978347	-0.0042071	-0.00411868	-0.000459929
4326.803137107	3873.11541892	0.0568883	0.295576	-0.153366	-0.00498874	-0.0037707	-0.000575962
4337.862601511	3872.100868594	0.0585512	0.317041	-0.0992184	-0.0041845	-0.0039981	-0.000540724
4328.710052954	3875.475105873	0.0501073	0.324296	-0.130813	-0.00499718	-0.00421691	-0.000516043
4342.434019467	3873.218533522	0.0582888	0.316027	-0.0991399	-0.0044752	-0.00407377	-0.000574686
4328.868692813	3871.706997366	0.0510708	0.315666	-0.117027	-0.00487746	-0.00419168	-0.000543791
4335.676447138	3872.036698562	0.0510491	0.293942	-0.103136	-0.00444723	-0.00392323	-0.000744873
4333.487864604	3871.590163653	0.0479038	0.271742	-0.0971615	-0.00431618	-0.00404215	-0.000509707
4326.791805689	3878.975027903	0.052914	0.276692	-0.0944436	-0.00427078	-0.00407804	-0.000943082
4332.307778311	3875.782679472	0.0500074	0.266212	-0.102606	-0.00422519	-0.00453047	-0.000687387
4341.640010789	3882.312533371	0.052983	0.298545	-0.0813188	-0.00402421	-0.00403633	-0.000943082
4347.135748736	3875.454527207	0.0498603	0.28921	-0.091317	-0.00392724	-0.00428474	-0.000613313
4329.132552985	3882.936974161	0.0538127	0.300364	-0.138874	-0.00492651	-0.00385434	-0.000737673
4358.201688236	3881.157030251	0.0458154	0.307957	-0.0985244	-0.00435007	-0.00441697	-0.000448701
4336.218736449	3891.167555171	0.0554062	0.301426	-0.173544	-0.00554625	-0.00393641	-0.000704762
4352.622583425	3883.891779975	0.0508734	0.282537	-0.14728	-0.0047982	-0.00410529	-0.000682257
4351.826146586	3887.079039058	0.0414746	0.275097	-0.166501	-0.00509828	-0.00422185	-0.000693896
4344.42673034	3884.602518393	0.0397279	0.256091	-0.128296	-0.00439157	-0.00398094	-0.000933835
4343.325963977	3884.456918804	0.0391175	0.288152	-0.146601	-0.00456691	-0.00416007	-0.000589263
4357.17538548	3891.490839365	0.0384524	0.28668	-0.0950263	-0.00410081	-0.00438517	-0.000836799
4336.669565026	3885.998769769	0.0384452	0.325022	-0.108505	-0.00483577	-0.00438022	-0.000654396
4355.516142064	3886.956230895	0.0395703	0.323053	-0.0901121	-0.00457506	-0.0040155	-0.000546263
4361.118719099	3884.712713826	0.043829	0.337913	-0.142173	-0.00596924	-0.00420284	-0.000509343
4340.179876584	3883.341909187	0.0388211	0.309332	-0.116923	-0.00510896	-0.00425492	-0.000526784
4344.659024418	3883.23193503	0.0517081	0.311678	-0.195504	-0.00654315	-0.00419725	-0.000591172
4354.400806734	3882.764600179	0.0436081	0.309061	-0.127385	-0.0057065	-0.00469	-0.000275983
4358.746405709	3879.859025407	0.0456706	0.288668	-0.181263	-0.00678643	-0.00460288	-0.000541359
4356.166889238	3880.490547027	0.0420052	0.289159	-0.1311	-0.00559707	-0.00439981	-0.000228941
4350.328780577	3880.812061013	0.0613063	0.30059	-0.118209	-0.00563494	-0.00414583	-0.000243751
4342.081126722	3873.578328251	0.0650683	0.279321	-0.134948	-0.00555546	-0.00442496	-0.000287983
4340.775585439	3877.284479486	0.0859983	0.311969	-0.113779	-0.0051078	-0.00414331	-9.17956e-05
4347.363186492	3875.502544093	0.0847382	0.288853	-0.129575	-0.00492477	-0.00449234	-7.30976e-05
4350.836266246	3880.811175909	0.087263	0.317036	-0.12995	-0.00521982	-0.00424446	-0.000109625
4345.433607808	3873.808676536	0.0768829	0.335343	-0.11937	-0.0045847	-0.00465037	-0.000290935
4339.910350702	3877.574129732	0.0915726	0.30161	-0.195823	-0.00583834	-0.00401889	-0.000290935
4356.945519563	3877.188888267	0.0922896	0.307218	-0.113128	-0.00421804	-0.00419182	-0.000290935
4344.497147012	3877.1452969	0.0844326	0.310161	-0.161905	-0.00516328	-0.00431334	-0.000290935
4359.079063779	3884.637479996	0.0828882	0.300284	-0.103193	-0.00422232	-0.00422345	-0.000290935
4337.884454961	3879.048712801	0.0748012	0.316707	-0.106268	-0.00493961	-0.00453703	-0.000290935
4348.077065854	3880.050650397	0.0826295	0.302428	-0.0888805	-0.00459867	-0.00430205	-0.000290935
4332.667146153	3879.288133402	0.0801343	0.270065	-0.137818	-0.00469051	-0.0043249	-0.000390896
4346.094067626	3879.755246976	0.0752717	0.266309	-0.0909806	-0.0040542	-0.00441064	-0.000285963
4327.013577736	3869.626118136	0.0743239	0.26702	-0.108083	-0.00426826	-0.00417524	-0.000231935
4333.869895283	3873.453528603	0.0800486	0.276615	-0.095087	-0.00390646	-0.00445388	-9.6329e-05
4336.381423243	3874.330002724	0.0800448	0.295693	-0.113957	-0.0043681	-0.00445388	-6.43764e-05
4347.029719035	3881.281608623	0.0804374	0.317208	-0.101314	-0.00426619	-0.00435373	-0.000564511
4339.974292277	3874.005833426	0.0766955	0.364321	-0.126528	-0.00524055	-0.00418464	-5.7317e-05
4352.073819018	3880.901456505	0.0678119	0.31909	-0.114141	-0.00451212	-0.00445524	-0.000297243
4347.976701862	3879.445681893	0.0797683	0.322022	-0.166974	-0.00543761	-0.00455472	-5.66377e-05
4350.186328459	3884.386995597	0.0806453	0.292271	-0.126698	-0.00435361	-0.00427766	-7.48728e-05
4342.323133444	3883.112446006	0.0764767	0.273986	-0.119057	-0.00406047	-0.00469834	-0.000170559
4347.079091644	3890.102553924	0.0806405	0.287574	-0.0848629	-0.00387336	-0.00428888	-0.000269175
4339.269316173	3878.308323403	0.0712262	0.284672	-0.0961937	-0.0038629	-0.00468232	2.58561e-05
4351.950792189	3884.357565893	0.0736539	0.30132	-0.0965878	-0.00389852	-0.00454854	-0.000384261
4343.263641175	3885.158142356	0.0742814	0.328975	-0.0742969	-0.00464134	-0.00447275	2.6844e-05
4342.673598029	3880.301798624	0.0744159	0.303579	-0.132739	-0.00485536	-0.00468133	-0.000187092
4346.899407723	3881.792756116	0.0784926	0.320889	-0.122898	-0.00447219	-0.0045383	-4.66872e-05
4337.974296922	3882.343954559	0.0821916	0.303887	-0.125517	-0.00389787	-0.00448818	-0.000160229
4337.228851465	3882.137061526	0.0881864	0.305495	-0.118578	-0.0039764	-0.00438229	-5.86888e-05
4323.553448174	3885.324099334	0.0760612	0.297877	-0.0692765	-0.00355781	-0.00426573	-0.000210723
4339.018406193	3877.729022911	0.0712803	0.322937	-0.0873643	-0.00398189	-0.00471477	-0.000564511
4337.035407965	3880.126990607	0.0700865	0.336517	-0.0527844	-0.00434294	-0.00449229	-0.000192113
4351.044278713	3874.673865582	0.0606153	0.340426	-0.0816195	-0.0048411	-0.0048235	1.18279e-06
4334.017203723	3882.415205421	0.0570613	0.323279	-0.0959097	-0.00466345	-0.0045735	3.22173e-05
4374.041392451	3880.917167099	0.0713413	0.282041	-0.214672	-0.00599107	-0.0048235	0.000169833
4336.908334201	3877.967115856	0.0717884	0.261199	-0.165007	-0.00483865	-0.00468293	7.73231e-07
4341.911964832	3878.172238681	0.0495495	0.242315	-0.221246	-0.00653198	-0.00471214	-0.00063336
4348.26079671	3882.268942005	0.0345272	0.159572	-0.201495	-0.002123	-0.00471214	-0.000803169
4345.953234282	3875.081455921	0.0399523	0.316554	-0.17889	-0.00536187	-0.00531248	-0.000725525
4351.177018186	3883.578674476	0.0465276	0.312404	-0.124549	-0.00523957	-0.00481895	-0.000454771
4336.939090908	3876.674200359	0.0501139	0.296791	-0.0971198	-0.00475202	-0.00449687	-0.00048514
4352.00502112	3879.555656051	0.0502997	0.320935	-0.161924	-0.00596557	-0.00443935	-0.00055341
4348.604786199	3883.075714194	0.0497249	0.364769	-0.0999162	-0.00497128	-0.00461175	-0.000466094
4347.562295702	3883.796852583	0.0613786	0.361356	-0.184025	-0.00655395	-0.00487905	-0.000452474
4359.16324003	3882.2450442	0.0575471	0.324922	-0.131546	-0.00517715	-0.0048335	-0.000230362
4352.448565213	3882.37736723	0.0764068	0.276727	-0.168984	-0.00572031	-0.00496234	-0.000182429
4359.856075329	3883.052480217	0.0780645	0.290723	-0.142106	-0.00492291	-0.00540184	-5.9001e-05
4345.259589596	3882.821468104	0.0872058	0.274527	-0.130792	-0.00469685	-0.00470978	-0.000463205
4344.289943932	3879.13501043	0.0850408	0.292703	-0.121678	-0.00468412	-0.00475431	-0.000219021
4339.605211791	3876.566438961	0.0863981	0.318471	-0.113777	-0.00429578	-0.00474716	-0.000238967
4346.397587763	3882.204993249	0.0861159	0.308245	-0.112375	-0.00458743	-0.0050851	-0.000150434
4323.944382111	3880.33388364	0.094557	0.355863	-0.0891649	-0.00391088	-0.00474853	-0.00012444
4348.756950961	3876.659153593	0.0900058	0.349407	-0.129851	-0.00464181	-0.00499526	5.08227e-05
4322.179918381	3879.899740185	0.0967304	0.345957	-0.0991437	-0.00407584	-0.00518358	6.99184e-05
4357.536372096	3876.010593722	0.11586	0.265431	-0.22756	-0.00567569	-0.00501478	0.000125644
4320.743256399	3875.236791652	0.10916	0.294232	-0.138281	-0.00447593	-0.00504584	0.00049232
4348.981151169	3880.434564207	0.0895201	0.308894	-0.132365	-0.00527804	-0.00509304	0.000299873
4330.603209222	3879.386158657	0.0697491	0.330361	-0.110487	-0.00514177	-0.00514964	0.000232978
4324.735962628	3879.161563547	0.0751859	0.276457	-0.108002	-0.00471146	-0.00497518	0.000461412
4335.869890639	3874.921252118	0.0804293	0.256771	-0.195244	-0.00541766	-0.00523847	0.000449045
4356.165270464	3879.219980403	0.0888449	0.273143	-0.152115	-0.00451416	-0.00522294	0.000701804
4330.514986036	3881.10326019	0.101603	0.274267	-0.121113	-0.00407603	-0.00474561	0.000583598
4366.561037502	3884.315966011	0.106912	0.283557	-0.162069	-0.00542109	-0.00467334	0.000466553
4342.940695749	3886.322053962	0.103376	0.321429	-0.0989207	-0.00416375	-0.00483978	0.000667189
4358.02605125	3895.331747666	0.105628	0.340583	-0.151152	-0.00523287	-0.00462813	0.000451153
4365.630242415	3898.598444823	0.0946953	0.355287	-0.0882033	-0.00485198	-0.00505599	0.000733844
4333.185963241	3893.078273179	0.111167	0.295857	-0.187265	-0.00546204	-0.00471296	0.000449869
4354.534355595	3893.852296525	0.122031	0.282389	-0.162658	-0.00481727	-0.00405068	0.000534368
4351.562286413	3899.739122453	0.111113	0.262992	-0.160944	-0.005818	-0.00445387	0.00044333
4344.479340497	3893.354425591	0.111567	0.288417	-0.107876	-0.00493997	-0.00445387	0.00058862
4356.721319355	3894.342201525	0.12033	0.283697	-0.13557	-0.00577716	-0.00420387	0.000432457
4335.194861854	3891.689766462	0.108354	0.335532	-0.0828872	-0.00550425	-0.00420387	0.000624989
4322.553045803	3882.656838782	0.114567	0.315093	-0.129841	-0.0059173	-0.00442403	0.000517496
4344.995729423	3880.815380152	0.113143	0.320546	-0.123013	-0.00526364	-0.00487715	0.000747699
4331.727447809	3877.859575734	0.126676	0.318276	-0.0811739	-0.00484032	-0.00431603	0.0005815
4327.874765537	3879.831587186	0.113986	0.320837	-0.0873864	-0.00503938	-0.00443765	0.000830005
4324.640454958	3877.317670882	0.13064	0.326222	-0.0505569	-0.00466793	-0.00409078	0.00063636
4329.052423669	3874.51034264	0.11013	0.347864	-0.0752236	-0.00506188	-0.00448088	0.000709141
4351.924082417	3869.258136196	0.134046	0.342691	-0.0947918	-0.00575718	-0.00457519	0.000463208
4329.577715853	3869.48582917	0.131482	0.343783	-0.0781479	-0.00563388	-0.00428099	0.000762851
4327.661087361	3871.943762654	0.129352	0.304511	-0.099238	-0.00546563	-0.00445948	0.000608207
4316.190454345	3865.104564948	0.123182	0.30664	-0.0580828	-0.00512816	-0.00417977	0.000746209
4329.60037869	3869.710645557	0.131604	0.303889	-0.117082	-0.00578963	-0.00407929	0.000496294
4328.901068294	3866.45766751	0.120605	0.313709	-0.0347236	-0.00483236	-0.00444574	0.000816472
4308.34911278	3867.816523247	0.130724	0.331668	-0.113652	-0.00653161	-0.00400848	0.000265084
4342.578090359	3867.845952951	0.112282	0.35051	-0.0479502	-0.00562146	-0.00469095	0.000517611
4330.703573214	3864.957195152	0.133655	0.332288	-0.12595	-0.00687298	-0.00411954	0.00037132
4339.025690676	3869.624126652	0.119054	0.315147	-0.0769496	-0.00554448	-0.00443283	0.00067523
4307.540535135	3868.26062412	0.142137	0.308068	-0.109814	-0.00614397	-0.0038287	0.000392026
4339.037831482	3876.799442558	0.138357	0.313505	-0.0232281	-0.00499227	-0.00422206	0.000727633
4299.889399522	3870.309197058	0.131359	0.316623	-0.0789742	-0.00600103	-0.00397149	0.000527137
4345.481361643	3874.621865729	0.122701	0.339428	-0.0127127	-0.00491525	-0.00423921	0.000483102
4331.348654678	3878.243489544	0.123013	0.341481	-0.0753171	-0.00613716	-0.00414883	0.000356887
4327.068616054	3876.652072761	0.132134	0.362768	-0.037183	-0.00572359	-0.00427263	0.000415562
4347.200499698	3877.438487562	0.137893	0.342541	-0.0862314	-0.00650546	-0.00440673	0.000549944
4363.029681881	3885.143980694	0.141694	0.295271	-0.0371745	-0.00541006	-0.00411334	0.00043574
4335.235331206	3882.071121287	0.134839	0.312827	-0.0340436	-0.00532348	-0.00402749	0.000514095
4360.310950841	3886.476062038	0.13769	0.326588	-0.00901355	-0.00494162	-0.00448377	0.000316391
4343.145470669	3880.458904563	0.122442	0.311022	-0.0242665	-0.00508529	-0.00458532	0.000643374
4348.818464375	3890.863300711	0.125794	0.344085	-0.0469535	-0.00552189	-0.00429276	0.000365392
4351.546098673	3881.634986348	0.120001	0.364895	-0.0252238	-0.00550772	-0.00462613	0.000429047
4324.098975034	3890.109856031	0.120484	0.349046	-0.124233	-0.00717444	-0.00445999	0.000340214
4356.571582754	3884.95965781	0.135597	0.30838	-0.0690857	-0.00568723	-0.00437269	0.000509561
4333.383453677	3884.845921961	0.137689	0.296891	-0.112985	-0.0062639	-0.00369166	0.000355358
4352.480131308	3879.076372298	0.13687	0.299089	-0.0450746	-0.00551521	-0.0039664	0.000273504
4340.23005858	3879.867876445	0.137064	0.309927	-0.0835543	-0.00616021	-0.0038933	0.000423954
4349.066946194	3881.641624627	0.121172	0.332675	-0.0551653	-0.00569781	-0.00436557	0.000291036
4341.986428439	3872.970040607	0.10339	0.353024	-0.0430725	-0.00598807	-0.00437317	0.000455329
4352.682478066	3879.489051983	0.118691	0.352757	-0.0373986	-0.00588085	-0.00415056	0.000300516
4332.13618826	3877.161671322	0.114449	0.338578	-0.0504369	-0.00596241	-0.00421257	0.000255604
4346.340121283	3879.460286107	0.11886	0.328643	-0.0314294	-0.0051549	-0.00408707	0.000421991
4314.302963786	3870.244584474	0.11816	0.29207	-0.0319069	-0.00554549	-0.00432298	0.000364619
4345.03215184	3874.586019022	0.117961	0.316518	-0.00932296	-0.00515454	-0.00438831	0.00041355
4322.404927976	3875.355174296	0.102028	0.287522	-0.0249676	-0.00503741	-0.00436607	0.000431602
4346.473670144	3874.526938338	0.103078	0.323596	-0.0124062	-0.00509178	-0.00423426	0.000136244
4334.502835942	3868.647414517	0.103308	0.352549	-0.0195509	-0.00569934	-0.00472015	0.000338983
4348.902640626	3874.460776822	0.102682	0.363459	-0.00797368	-0.00619737	-0.00416854	0.000198646
4341.088008833	3872.394059255	0.0994456	0.332024	-0.0366992	-0.0057282	-0.00419949	0.000399186
4334.900244974	3876.398269223	0.10846	0.315524	-0.0106596	-0.00522646	-0.00413525	0.000429706
4332.217126964	3875.510288752	0.103982	0.286877	-0.0429349	-0.004922	-0.00401263	0.000428426
4332.137807035	3880.523074595	0.125673	0.308778	-0.0331431	-0.00467012	-0.00371826	0.000392717
4347.514541867	3882.490439252	0.100491	0.31121	-0.0423888	-0.00527305	-0.0041053	0.000397783
4360.636324428	3885.372780047	0.102673	0.366961	0.00448816	-0.00573142	-0.00405201	4.90197e-05
4345.058861612	3886.389764409	0.0974035	0.355058	-0.017102	-0.00636965	-0.00405201	0.000185888
4349.015145424	3887.322885178	0.0951228	0.33821	-0.0130777	-0.00561574	-0.00397875	0.000218603
4341.827788581	3881.30262984	0.092417	0.290112	-0.0817737	-0.00623728	-0.00408784	0.000500896
4350.858929083	3888.363546069	0.0913136	0.292612	-0.0198311	-0.00518456	-0.00399066	0.000248073
4339.979957987	3881.525454743	0.096913	0.296997	-0.0537748	-0.00560238	-0.00417768	0.000356083
4351.175399412	3888.703647236	0.0980993	0.324042	-0.0144081	-0.00497149	-0.00373063	0.000150431
4362.128834115	3888.7352897	0.0915596	0.346676	-0.0519469	-0.0059109	-0.00432247	0.000426228
4357.212617283	3888.765161956	0.0925372	0.363018	-0.0765473	-0.00679671	-0.0042114	0.000149191
4369.246583674	3888.046015051	0.0795521	0.35403	-0.0911275	-0.00706647	-0.00429086	0.000492046
4353.607607443	3882.950029443	0.0917484	0.310846	-0.117603	-0.00690724	-0.0041901	0.000225227
4335.84237148	3881.366799872	0.0877356	0.281866	-0.102692	-0.0063592	-0.0040404	0.000290239
4329.398841319	3888.448958594	0.0942528	0.283748	-0.0682361	-0.00583479	-0.0040997	4.90197e-05
4344.775576151	3881.332944648	0.0964437	0.303411	-0.0515074	-0.00526702	-0.00400432	0.000510614
4336.697084185	3879.886242351	0.111203	0.328592	-0.0357936	-0.00493212	-0.00421795	0.000309527
4332.060915267	3875.431735782	0.101277	0.334646	-0.0504727	-0.00529735	-0.00420525	0.000367882
4335.436868577	3885.044627783	0.0955254	0.370071	-0.0330217	-0.00528744	-0.00415811	0.000223614
4343.614915147	3879.972097428	0.0820911	0.393462	-0.0457085	-0.00618464	-0.00442081	0.00040997
4323.165751786	3878.749547689	0.0761549	0.362626	-0.0575715	-0.00595245	-0.00430082	4.90198e-05
4358.155553175	3877.478759788	0.0759331	0.337864	-0.0944476	-0.00675906	-0.00423934	0.000199431
4329.204588431	3874.682274069	0.0781715	0.333066	-0.042803	-0.00623734	-0.00430746	0.000212003
4360.008240091	3877.979064758	0.0660109	0.324357	-0.144397	-0.00784471	-0.00451062	1.37178e-05
4320.34503798	3871.941771171	0.0554046	0.319749	-0.0927317	-0.00729091	-0.00453017	-5.56817e-05
4347.83829668	3871.993549748	0.0518369	0.325069	-0.14551	-0.00843091	-0.00428646	-0.000397407
4331.952457404	3869.366561422	0.0307252	0.327101	-0.076924	-0.00700668	-0.00471655	-0.000397407
4349.050758453	3875.43461237	0.0184887	0.311478	-0.0965112	-0.00788734	-0.00485053	-0.000469525
4337.640020077	3875.419123052	0.00871844	0.322414	-0.0910254	-0.00751532	-0.00520307	-0.000528827
4336.939900295	3870.706829977	0.0228928	0.332031	-0.0619239	-0.00680886	-0.00520307	-0.000426289
4338.922089136	3870.819238171	0.0172628	0.316388	-0.132802	-0.00767832	-0.00547477	-0.000399427
4335.122017021	3876.559800682	0.0309046	0.35019	-0.0842741	-0.00677675	-0.00520307	-0.000432246
4320.679314824	3877.623916825	0.021889	0.325894	-0.10218	-0.00641633	-0.00529165	-0.000305951
4322.991733574	3879.117529628	0.0360597	0.347427	-0.0871232	-0.00568346	-0.00537162	-0.000404197
4343.76950807	3878.420952872	0.0226229	0.31906	-0.132723	-0.00655797	-0.00540577	-0.000395025
4345.55582525	3879.153376336	0.02504	0.313937	-0.108984	-0.0056261	-0.00557341	-0.000464505
4342.867850917	3879.443469133	0.0378595	0.292107	-0.139941	-0.00578048	-0.00528291	-0.000632065
4357.249849087	3888.760515161	0.0142193	0.320939	-0.0814678	-0.00506378	-0.00562727	-0.00029352
4337.619785402	3885.028032085	0.00163295	0.309449	-0.0661757	-0.00520378	-0.00547385	-0.000506713
4346.481764014	3890.60197379	-0.0158275	0.29384	-0.168309	-0.00634763	-0.00532733	-0.000612562
4354.545687013	3891.387060934	-0.019087	0.255237	-0.108394	-0.00497764	-0.00535326	-0.000659294
4340.460733884	3892.704316789	-0.00319056	0.238397	-0.0916109	-0.0044064	-0.00538167	-0.000403192
4351.843143713	3893.052383891	0.0170164	0.228439	-0.190655	-0.00573094	-0.005279	-0.000474109
4362.446923218	3893.521488949	0.00907578	0.266519	-0.115214	-0.00461499	-0.00546669	-0.000463378
4354.959283786	3895.515849274	0.00145363	0.292826	-0.137287	-0.00502853	-0.0054395	-0.000429916
4355.696635372	3895.544172598	0.00175573	0.29263	-0.139726	-0.00513666	-0.00558765	-0.000387238
4354.721323999	3897.36350363	0.0309103	0.30918	-0.153277	-0.00512736	-0.00470488	-0.000284359
4342.18796581	3894.975935905	0.0194056	0.275464	-0.148327	-0.00525988	-0.00512405	-0.000213169
4336.081140654	3892.052659055	0.0289879	0.308366	-0.148838	-0.00501233	-0.00512405	-0.000401633
4330.353918016	3893.530339988	0.0276661	0.29165	-0.151214	-0.00550593	-0.00504697	-0.000377519
4332.103003392	3889.239135086	0.0333054	0.314626	-0.135411	-0.00522939	-0.00512405	-0.000162695
4334.201743966	3885.211691141	0.0343976	0.284845	-0.13398	-0.00559621	-0.00521018	-6.85477e-05
4326.247897603	3885.49072014	0.0382083	0.296331	-0.132519	-0.00487854	-0.00512405	-1.91492e-06
4323.216743169	3877.343117618	0.0342701	0.270537	-0.152728	-0.00549056	-0.00539921	-9.85933e-06
4327.339760709	3878.585582194	0.0390831	0.294931	-0.119235	-0.00474001	-0.00513759	-0.000162699
4314.311057657	3874.518972403	0.0334176	0.310437	-0.119607	-0.0050737	-0.00523843	0.000151039
4319.020071408	3877.174505329	0.0334053	0.330071	-0.078643	-0.004699	-0.00505579	-0.000108645
4331.194871142	3877.690520893	0.0311787	0.344715	-0.0759787	-0.00521677	-0.00522809	-0.000126517
4316.52715935	3874.682052793	0.0366124	0.356456	-0.045136	-0.004869	-0.00487436	-0.000181663
4330.456710169	3872.612237362	0.0409564	0.295801	-0.150838	-0.00612433	-0.00517402	-0.000115183
4308.205041888	3868.443176796	0.0380498	0.305391	-0.0752806	-0.00500564	-0.00501227	-0.000250552
4331.414215028	3866.204527799	0.0343375	0.29311	-0.15929	-0.00654577	-0.00501233	-0.000206063
4306.501282186	3868.676401669	0.0292988	0.305169	-0.0956525	-0.00542601	-0.00499625	-0.000141664
4317.483854822	3868.492742613	0.0361255	0.324789	-0.166466	-0.0067523	-0.00480436	-0.000363772
4309.508155009	3866.228204328	0.0475896	0.305608	-0.105524	-0.00560079	-0.00487349	-0.000258418
4331.445781122	3869.348416793	0.042181	0.297478	-0.129011	-0.00640648	-0.00478605	-0.000182845
4305.88938559	3867.610072766	0.0295409	0.303968	-0.0889705	-0.00548789	-0.00491579	-0.000105835
4325.657854457	3870.889161377	0.0359577	0.309386	-0.0760351	-0.00501071	-0.00478225	-0.000177845
4306.931876087	3876.081623309	0.0368609	0.31459	-0.0801472	-0.00529917	-0.0049032	-2.10143e-05
4323.422327475	3873.500881661	0.0481329	0.30699	-0.0604505	-0.00502575	-0.00493613	-0.000153175
4323.368907931	3873.482073203	0.0465532	0.313983	-0.0632389	-0.00523357	-0.00508593	-3.40331e-05
4333.329224746	3876.598081425	0.0517755	0.310812	-0.0970356	-0.00535589	-0.00493318	-0.000222884
4317.308217836	3876.371052279	0.0374792	0.32361	-0.068717	-0.00518444	-0.00519357	-0.000174289
4322.798290073	3876.553604954	0.0444283	0.314825	-0.157552	-0.00667442	-0.00497316	-0.000355968
4347.861768903	3877.77305683	0.0477548	0.294789	-0.0939744	-0.00552634	-0.00503899	-0.000197697
4335.912788151	3872.26306388	0.0574757	0.27735	-0.15023	-0.00660533	-0.00454128	-0.00031387
4334.391140531	3874.387977028	0.0529727	0.28393	-0.0772591	-0.00510566	-0.00482954	-0.000223878
4322.647744085	3876.131631678	0.0545243	0.275037	-0.134881	-0.00584609	-0.00467513	-0.00030013
4338.298051734	3878.601956616	0.0569023	0.302545	-0.0704495	-0.00488511	-0.00472219	-0.000260566
4335.303319716	3873.272746135	0.0512039	0.315448	-0.0951278	-0.00561124	-0.00488894	-0.000230008
4322.85656594	3878.034605027	0.0545439	0.336465	-0.059346	-0.00474656	-0.00482184	-0.000402592
4314.887341223	3873.793187218	0.0478275	0.333883	-0.0621955	-0.00547466	-0.00497843	-0.000213218
4343.81321497	3880.25533067	0.0531188	0.331552	-0.0430303	-0.00483226	-0.00478601	-0.000267824
4339.523463701	3870.905757075	0.0414668	0.288389	-0.066849	-0.00520509	-0.00521697	-0.000117895
4319.115579078	3879.067521259	0.051889	0.29815	-0.0680002	-0.00504608	-0.00472305	-0.000485334
4344.038224565	3879.777595849	0.0467379	0.283687	-0.064739	-0.00479074	-0.00484941	-0.000123905
4324.44620207	3881.975308791	0.0576744	0.285868	-0.112437	-0.005569	-0.00441971	-0.000233461
4355.389877687	3877.347543138	0.0557604	0.299968	-0.0652056	-0.00469522	-0.00473985	-0.000278231
4320.462399099	3877.163884082	0.0525875	0.324997	-0.132832	-0.00626289	-0.00441562	-0.000586135
4352.338488577	3876.319273701	0.0417866	0.33241	-0.0751261	-0.00530103	-0.00455629	-0.000350098
4337.629498046	3878.677411722	0.0372829	0.354538	-0.119255	-0.00662965	-0.00462861	-0.000407989
4345.736318558	3879.230822925	0.0391612	0.302865	-0.0907584	-0.00527751	-0.00462043	-0.000367902
4338.03742911	3880.687925193	0.0270999	0.320862	-0.123118	-0.00612593	-0.00450268	-0.000421255
4349.33242514	3878.200119453	0.0451894	0.282288	-0.0742027	-0.00488729	-0.00451722	-0.000337435
4334.456700881	3882.110729686	0.0439495	0.308637	-0.0955126	-0.005445	-0.0047084	-0.000177898
4360.757732483	3885.834361723	0.0479509	0.311564	-0.0701374	-0.0048287	-0.00471011	-0.000270117
4332.370101113	3885.497137143	0.0402513	0.350123	-0.0783137	-0.00550187	-0.0048166	-0.000451236
4348.302075449	3883.85416306	0.0511114	0.352239	-0.0761991	-0.00544161	-0.00446607	-0.000432779
4336.417036272	3885.627689966	0.0366798	0.344301	-0.101593	-0.00574856	-0.00463099	-0.000101648
4356.920428565	3882.578507088	0.0516776	0.283526	-0.0858634	-0.0052987	-0.00475306	-0.000424308
4350.943914721	3883.38129631	0.0555801	0.308212	-0.126613	-0.00538207	-0.00423663	-0.000270807
4354.76745906	3887.083685854	0.0553461	0.26273	-0.083399	-0.00487647	-0.00432129	-0.000468403
4339.439287449	3889.482981205	0.0468446	0.30663	-0.0864278	-0.00474292	-0.00446996	-0.000193103
4375.02317892	3887.506101682	0.0367107	0.338769	-0.0457643	-0.005221	-0.00452691	-0.000331553
4347.992080216	3881.3960083	0.0419313	0.358948	-0.0569244	-0.00596212	-0.00479323	-0.000371593
4352.570782655	3886.861524779	0.0433644	0.37047	-0.0400228	-0.00538926	-0.00455944	-0.000499593
4357.520184355	3887.501454887	0.0345259	0.303994	-0.16816	-0.00658743	-0.00477027	-0.000278966
4359.298407664	3879.417358569	0.0418395	0.300509	-0.100734	-0.00548199	-0.00447631	-0.000249539
4361.654533314	3877.850282143	0.0356087	0.300547	-0.184191	-0.00647921	-0.00467427	-0.000341797
4337.737146521	3878.201225833	0.055277	0.299292	-0.106878	-0.00509701	-0.0043455	-0.000421952
4366.97868121	3883.368019752	0.0543562	0.319049	-0.152948	-0.006115	-0.00463214	-0.000200087
4364.442062252	3882.166269954	0.055195	0.327397	-0.104157	-0.00545664	-0.00436863	-0.000369974
4357.475668068	3883.667184864	0.0477552	0.376557	-0.127904	-0.00644923	-0.00456131	-0.000148704
4352.213842974	3881.728364808	0.063429	0.365766	-0.101585	-0.00588616	-0.00438017	-4.98709e-05
4353.175394768	3881.883036712	0.0703431	0.353901	-0.155345	-0.00709105	-0.00432184	-9.55927e-06
4360.408077285	3877.322760229	0.0733632	0.308256	-0.118752	-0.00606431	-0.00436031	-0.000334018
4354.166084495	3880.574631896	0.0742689	0.301798	-0.161932	-0.00629363	-0.0041868	-1.98373e-05
4362.031707671	3881.460178331	0.09302	0.275877	-0.110111	-0.00530744	-0.00421968	-0.000152021
4359.813177817	3876.913842235	0.0719488	0.310018	-0.128034	-0.00558209	-0.00444827	2.49888e-05
4354.473651567	3884.146247341	0.0695788	0.322852	-0.0830273	-0.00542233	-0.00419827	-0.000108098
4360.263197006	3878.936968436	0.0704728	0.356107	-0.112078	-0.00649173	-0.00456752	-0.000118516
4352.442899504	3882.440652158	0.0710119	0.335211	-0.0872998	-0.00570629	-0.00439239	-5.75513e-05
4346.697060965	3878.333106312	0.0636575	0.32331	-0.156779	-0.00652594	-0.00484613	-0.000122959
4341.139809603	3881.835241102	0.0711456	0.290886	-0.0888785	-0.00528889	-0.00435278	-8.87654e-05
4352.388670573	3882.86616585	0.0709434	0.303997	-0.130558	-0.00579546	-0.00441096	0.000140008
4339.988051857	3879.983603778	0.0783307	0.300674	-0.0845952	-0.00473717	-0.00433884	-5.54121e-05
4346.494714207	3879.859025407	0.0641466	0.333603	-0.100497	-0.00556079	-0.00463577	-0.000100308
4340.484206108	3886.655074298	0.0706966	0.351029	-0.0624281	-0.00564553	-0.00449645	-2.80597e-05
4361.462708588	3883.723831513	0.0550685	0.356301	-0.070277	-0.0073501	-0.00482102	-0.000221826
4338.071423365	3886.751993174	0.0497309	0.354805	-0.072185	-0.00686935	-0.00489445	-0.000244661
4376.987561247	3886.398394172	0.0252406	0.331048	-0.173895	-0.0080734	-0.00483353	-0.000593848
4349.187544862	3882.314303579	-0.0615552	0.25639	-0.103326	-0.00588088	-0.0070084	-0.00138311
4375.973399296	3892.052437779	-0.0823593	0.239176	-0.113249	-0.00639333	-0.00605944	-0.0015721
4379.69738903	3914.307711096	0.0455635	0.162044	-0.10316	-0.00779643	-0.00375665	0.000975864
4389.393036285	3933.21640663	0.101002	0.231072	0.111173	-0.0120629	-0.00285926	0.00223982
4373.65693361	3920.862569179	0.080846	0.27531	0.148913	-0.0130881	-0.00290437	0.00245209
4349.269292952	3902.019592608	0.112256	0.378448	0.197863	-0.0120906	-0.0022944	0.00261287
4351.529910932	3903.086364064	0.109671	0.421029	0.149406	-0.014201	-0.00234298	0.00292906
4313.316320995	3898.50086212	0.0973803	0.446363	0.100163	-0.0118725	-0.00304698	0.00248017
4286.578220395	3879.377307618	0.119376	0.503376	-0.0103585	-0.0110692	-0.0016156	0.00167443
4304.544184343	3878.850670808	0.0972376	0.369512	0.143082	-0.00964961	-0.00300218	0.00188178
4322.786149268	3885.860693563	0.0596088	0.24219	-0.000161573	-0.0106383	-0.00342313	0.000841805
4325.814066154	3890.319625651	0.0844664	0.199943	-0.00013634	-0.00963788	-0.00308891	0.000542134
4332.119191133	3886.44906637	0.0713122	0.232599	0.0340465	-0.00843213	-0.00325484	0.000660897
4322.965023802	3880.61999347	0.0660864	0.296027	0.042186	-0.00909904	-0.0036405	0.000334906
4330.554646	3877.329619784	0.041643	0.390146	0.0666368	-0.00852289	-0.0037598	-2.66812e-06
4352.024446409	3880.817371636	0.0252964	0.396366	-0.0421683	-0.0106002	-0.00367552	-4.38677e-05
4334.792596499	3882.408567142	0.0312963	0.394312	-0.0451662	-0.00991878	-0.00358193	-0.000404028
4358.730217968	3886.409900523	0.0364411	0.387745	-0.121658	-0.010911	-0.00347862	-0.000403037
4338.104608234	3876.705621546	0.0365899	0.366418	-0.0412243	-0.00968382	-0.00440918	-0.000136779
4354.883201405	3880.134956542	0.0326524	0.358781	-0.0945365	-0.0101437	-0.00380261	-0.000367457
4340.071418721	3876.255324946	0.0323926	0.314579	-0.0320103	-0.00936832	-0.0038501	-0.000342379
4333.802716159	3879.346328982	0.0381883	0.311811	-0.105548	-0.0102791	-0.00339611	-0.000261697
4348.069781371	3875.900840841	0.0429409	0.318343	-0.0273224	-0.00960068	-0.00397136	-0.000203655
4332.922103068	3875.017949717	0.0538116	0.320444	-0.0863275	-0.0107377	-0.00337627	-0.000164303
4345.137372154	3876.115921084	0.0477816	0.325965	-0.0339763	-0.0101318	-0.00399669	-7.18242e-05
4327.211877558	3871.117296903	0.0575615	0.317193	-0.0848275	-0.0106827	-0.00309309	-0.00011542
4336.760216374	3874.287075185	0.0534191	0.342975	-0.0410617	-0.00969813	-0.00352876	-0.000297832
4334.810403014	3876.83174885	0.0562892	0.347525	-0.0348411	-0.00992608	-0.00372386	-0.000118229
4335.260422204	3869.616603269	0.0540385	0.363503	0.00533556	-0.00926275	-0.00390457	-6.59555e-05
4320.338562883	3865.539150955	0.053168	0.382083	-0.00824251	-0.00940322	-0.00344884	0.000160167
4316.348284816	3872.545190743	0.0552459	0.401751	0.0531897	-0.00914615	-0.0034877	-0.000164221
4329.726643066	3877.429857799	0.0665518	0.384391	-0.00894336	-0.00970394	-0.0033828	3.11451e-05
4310.86064074	3874.973694523	0.0571367	0.375565	0.0482883	-0.0089843	-0.00387724	-0.000152759
4334.247879027	3876.525060354	0.0422203	0.347315	0.00887604	-0.00907116	-0.00420342	-9.58683e-05
4318.744879818	3875.287463849	0.051182	0.33585	0.049409	-0.00874783	-0.0039948	-0.00017634
4318.056091453	3876.314184354	0.0449343	0.34836	0.0166797	-0.00938734	-0.00381845	-0.000193742
4328.676868086	3878.00097108	0.0440808	0.354941	0.0354954	-0.00933893	-0.00421767	-0.000277917
4322.476154035	3876.224788862	0.0415341	0.360616	-0.012176	-0.0101956	-0.00421767	-0.000295849
4336.837917529	3885.043742679	0.044017	0.338833	0.00908001	-0.00988818	-0.00438218	-0.000321995
4322.361221076	3886.393526101	0.041736	0.326571	-0.0494547	-0.0106133	-0.00401549	-0.000252212
