4484.691862889	3243.208675649	-0.0691056	0.164978	-0.00211057	-0.00163805	-0.0014965	0.00204713	1
4356.882532149	3241.677079865	-0.0715972	0.126682	0.0219591	-0.00168785	-0.00157915	0.00184687	1
4269.138343868	3241.355688564	-0.0778036	0.181542	0.0127013	-0.0020263	-0.00189607	0.00185852	1
4208.68751717	3233.586885057	-0.0804413	0.210647	0.0918559	-0.00244853	-0.00147774	0.00152855	1
4162.475334322	3235.50991328	-0.0775454	0.230053	0.0864616	-0.00237561	-0.0016156	0.00191989	1
4130.963032626	3237.766966807	-0.0738333	0.194608	0.116921	-0.00302878	-0.0018314	0.00181246	1
4102.657348641	3243.136861317	-0.0680797	0.153478	0.0524712	-0.00212375	-0.00162518	0.00172568	0
4093.735071587	3238.267672288	-0.0593671	0.160111	0.091166	-0.00257303	-0.00104196	0.0017192	0
4069.861227933	3241.131379601	-0.0750368	0.178838	0.0766066	-0.00259659	-0.00162843	0.00157026	0
4082.449406785	3239.226083312	-0.0678368	0.232007	0.137701	-0.00326304	-0.0012346	0.00206065	0
4064.464221342	3234.058776146	-0.0578711	0.254384	0.134703	-0.00317611	-0.00142243	0.00206292	0
4079.613899548	3235.309764077	-0.0605843	0.223681	0.12275	-0.00307602	-0.0012346	0.0017819	0
4045.782575943	3239.052532009	-0.0582537	0.175215	0.0884497	-0.00240528	-0.0012346	0.00166543	0
4074.944883351	3241.138472375	-0.0602116	0.139631	0.071771	-0.00181897	-0.0012346	0.00152105	0
4048.967150249	3241.367879268	-0.0684144	0.164633	0.0664079	-0.00176036	-0.00173296	0.00117823	0
4075.117882218	3242.686026899	-0.067921	0.22371	0.131939	-0.00223372	-0.00121532	0.00142435	0
4045.411186439	3238.222234208	-0.0703844	0.242773	0.153438	-0.00266253	-0.00110513	0.00139824	0
4081.241484051	3242.315429482	-0.0640125	0.190426	0.123206	-0.00282074	-0.000840926	0.00142248	0
4046.119644703	3241.833342531	-0.0663628	0.208016	0.0807516	-0.00276025	-0.00106156	0.00148716	0
4060.858032055	3234.063209129	-0.0637582	0.172704	0.0767543	-0.00264961	-0.00110497	0.00146783	0
4046.455039281	3233.612596361	-0.0618871	0.193428	0.080994	-0.00288147	-0.000671837	0.00138949	0
4061.642944656	3244.94463197	-0.0682763	0.259962	0.132271	-0.00299348	-0.000383695	0.00155332	0
4056.841109974	3231.833861749	-0.0637451	0.253384	0.163171	-0.00281237	-0.000401778	0.00150385	0
4063.954990806	3239.45416031	-0.0622946	0.278217	0.175553	-0.00311574	-0.000383251	0.00168114	0
4066.750596691	3239.047655728	-0.0666542	0.211728	0.0850696	-0.00196266	-0.000737288	0.0018339	0
4060.714331383	3235.586825543	-0.0649172	0.233979	0.0809166	-0.0022469	-0.000934632	0.00130817	0
4041.354921068	3229.55331341	-0.077417	0.181885	0.111659	-0.00270954	-0.00102819	0.0012061	0
4059.091211367	3241.990713444	-0.0733011	0.267639	0.159151	-0.00362498	-0.00138609	0.00139274	0
4054.031552567	3239.13010922	-0.095339	0.338006	0.254445	-0.00364596	-0.00138808	0.00154575	0
4056.583006825	3240.616488573	-0.101468	0.28437	0.204387	-0.00435484	-0.00168998	0.00164107	0
4076.604277322	3256.805079207	-0.116362	0.250636	0.140081	-0.0036733	-0.00204301	0.00153354	0
4041.416028732	3256.251177924	-0.122119	0.203905	0.248339	-0.00383142	-0.00176948	0.00165355	0
4020.140516449	3239.762695959	-0.128884	0.108781	0.305286	-0.00452981	-0.00398712	0.00193545	0
4035.633960146	3234.666316529	-0.124191	0.315851	0.288815	-0.00541665	-0.00440076	0.00287423	0
4058.876915997	3253.186434812	-0.113789	0.419082	0.392032	-0.00570024	-0.00456996	0.00334793	0
4051.508559412	3243.656406978	-0.0914821	0.446026	0.482414	-0.00611484	-0.00398198	0.00334793	0
4054.579289302	3242.239182167	-0.107879	0.39237	0.432787	-0.00568446	-0.00410362	0.00367772	0
4056.964999485	3249.397342203	-0.11186	0.377018	0.328699	-0.00572879	-0.00456975	0.00389774	0
4074.30981009	3243.07967583	-0.113109	0.377552	0.324916	-0.00539153	-0.00429245	0.00388963	0
4062.360331894	3240.505442337	-0.118051	0.38241	0.322948	-0.00542613	-0.00473237	0.0037422	0
4074.718868702	3245.712646354	-0.112612	0.443991	0.455342	-0.00581754	-0.00473237	0.00403973	0
4044.548703378	3238.751754082	-0.104122	0.437436	0.499183	-0.00550551	-0.00460825	0.00401387	0
4046.876933292	3237.55972483	-0.10903	0.412347	0.429639	-0.00536607	-0.00485238	0.00437679	0
4035.492212687	3234.745888582	-0.105466	0.397743	0.420474	-0.00547322	-0.00518397	0.00412795	0
4036.807283108	3236.125876332	-0.112905	0.40965	0.374667	-0.00557793	-0.00560041	0.00430636	0
4044.999895585	3231.383692279	-0.111266	0.406817	0.406164	-0.00546583	-0.00588995	0.00429209	0
4038.098356911	3228.051640265	-0.113683	0.445702	0.46743	-0.005992	-0.00609947	0.00416395	0
4041.684456006	3225.939101999	-0.0958574	0.461124	0.501743	-0.0060607	-0.00564468	0.0044412	0
4024.279374828	3223.805507061	-0.10038	0.429341	0.482892	-0.00630993	-0.00575807	0.00435769	0
4045.593951372	3230.667765451	-0.0917598	0.396076	0.443349	-0.00563539	-0.00564468	0.00418024	0
4020.583895803	3228.535722058	-0.0985656	0.376163	0.394366	-0.00583461	-0.00564468	0.0043303	0
4035.246107848	3224.173887986	-0.0925162	0.386547	0.401017	-0.00555405	-0.00564468	0.0044879	0
4020.254918926	3218.467973331	-0.0965514	0.392698	0.378939	-0.00538827	-0.00540102	0.00414633	0
4022.02592507	3223.73081129	-0.088923	0.422673	0.39586	-0.00522974	-0.00558927	0.00443997	0
4031.119247777	3216.317754705	-0.0893276	0.426664	0.4646	-0.00509516	-0.00564468	0.00478772	0
4035.539926891	3225.807885688	-0.0919031	0.442702	0.435066	-0.00518472	-0.00564468	0.00487942	0
4036.796958982	3219.435915268	-0.0847509	0.390369	0.416224	-0.00521174	-0.00564468	0.00474587	0
4019.867903718	3229.430519769	-0.0822905	0.391578	0.362321	-0.00539404	-0.00555184	0.00466265	0
4035.477145044	3221.142613899	-0.0822691	0.373543	0.396763	-0.00536066	-0.00564468	0.00451584	0
4015.222884138	3225.752473395	-0.0847694	0.38946	0.358243	-0.00536301	-0.00561809	0.00462824	0
4037.967770669	3221.590123579	-0.0949003	0.383305	0.38472	-0.00540109	-0.00564468	0.00450637	0
4021.153675943	3224.878954005	-0.0830347	0.408102	0.4219	-0.00543312	-0.00565556	0.00448654	0
4043.828246806	3232.689205907	-0.0856517	0.450592	0.474775	-0.00622068	-0.00561441	0.00479416	0
4029.512311526	3228.763355758	-0.0784589	0.405918	0.517467	-0.0062717	-0.00586391	0.00470716	0
4025.538360132	3238.568006918	-0.087596	0.360934	0.409932	-0.00690652	-0.00596139	0.00455006	0
4046.275343683	3244.785487864	-0.0922276	0.351995	0.411419	-0.00657185	-0.00582161	0.00503152	0
4042.056682601	3238.049347853	-0.0992567	0.373442	0.39433	-0.00647509	-0.00616014	0.00449874	0
4044.990966611	3252.562049092	-0.0887379	0.424144	0.504073	-0.00709607	-0.00594708	0.00461146	0
4046.576696549	3242.042801	-0.0726135	0.452216	0.591232	-0.00742512	-0.00565199	0.0048287	0
4045.190752399	3244.026117798	-0.0957723	0.412936	0.553056	-0.00704937	-0.006524	0.00486745	0
4060.072840423	3254.626267838	-0.0997912	0.386674	0.431919	-0.00723493	-0.00583299	0.00438623	0
4051.905619715	3244.115220765	-0.102678	0.411735	0.430385	-0.0071024	-0.00646159	0.00478202	0
4026.19129134	3245.728383445	-0.0980942	0.429521	0.455715	-0.00781098	-0.00719051	0.00490446	0
4036.639306788	3241.785023012	-0.109619	0.464018	0.544702	-0.00709977	-0.00749276	0.00491543	0
4037.736454442	3238.260801164	-0.099466	0.481344	0.646599	-0.0066501	-0.00734378	0.00479303	0
4038.218339996	3240.152133556	-0.119933	0.438293	0.674574	-0.00799117	-0.0069055	0.00454511	0
4045.177079908	3243.573066889	-0.0928241	0.374391	0.533438	-0.00711174	-0.00654324	0.00469602	0
4024.691502774	3244.974997907	-0.102764	0.350416	0.436453	-0.00757327	-0.00654324	0.00439934	0
4026.791485796	3246.805820074	-0.128942	0.368951	0.410347	-0.00784228	-0.00654324	0.00417881	0
4044.695752415	3237.781374003	-0.126712	0.437767	0.499432	-0.00720248	-0.0061735	0.00420122	0
4030.193424808	3244.698379739	-0.114183	0.455899	0.586209	-0.00842778	-0.00600001	0.00485	0
4038.500439761	3230.312905126	-0.114717	0.455863	0.589217	-0.00792107	-0.00580445	0.00496099	0
4029.626993033	3232.042211972	-0.114118	0.422152	0.48149	-0.00815186	-0.00641399	0.00479708	0
4039.675436905	3229.79446771	-0.110365	0.400877	0.489761	-0.00750625	-0.00653063	0.00480875	0
4038.279726691	3220.515790038	-0.0990371	0.406372	0.491492	-0.007372	-0.00646891	0.00470231	0
4041.00669109	3234.456636411	-0.118199	0.441393	0.56351	-0.00842332	-0.00717086	0.00494741	0
4051.045647927	3230.870131146	-0.107747	0.477861	0.684521	-0.00877917	-0.00715055	0.00525158	0
4033.719253331	3223.065642122	-0.0893259	0.425431	0.650621	-0.00816524	-0.0066304	0.00536979	0
4039.981533288	3231.98369659	-0.0889167	0.417225	0.541705	-0.00831157	-0.00671171	0.00486803	0
4034.686093773	3221.80157689	-0.097913	0.409633	0.515867	-0.00803244	-0.00687195	0.00516536	0
4023.990299302	3229.681869931	-0.116555	0.413547	0.533861	-0.00892315	-0.00718929	0.00496477	0
4041.210383305	3232.62692249	-0.103591	0.463628	0.710593	-0.00923593	-0.00665142	0.00494032	0
4017.157681144	3222.429508996	-0.0911463	0.464138	0.769416	-0.00957466	-0.00598215	0.0045386	0
4029.777111405	3220.596248688	-0.0955954	0.455278	0.706673	-0.00953132	-0.00597197	0.00453366	0
4047.476011627	3235.89846428	-0.0938474	0.423742	0.574641	-0.00908042	-0.00596735	0.00475384	0
4020.292309003	3230.146446597	-0.110211	0.440795	0.50282	-0.00968492	-0.00673476	0.00465012	0
4022.242173653	3229.50787533	-0.107841	0.416476	0.536272	-0.00952743	-0.00704244	0.00432134	0
4016.845446092	3230.392698828	-0.119255	0.464396	0.562681	-0.00982064	-0.00752502	0.00440184	0
4027.101488605	3235.099197363	-0.113591	0.47799	0.715749	-0.0104435	-0.00728899	0.00485796	0
4014.242371204	3226.686724658	-0.111444	0.44553	0.728843	-0.0104011	-0.00688344	0.00491104	0
4042.451789691	3247.772432117	-0.1245	0.401399	0.579668	-0.0106023	-0.00736567	0.0048203	0
4031.897742679	3236.740287839	-0.113907	0.378356	0.519098	-0.00941935	-0.00706701	0.004402	0
4024.425865804	3235.369387705	-0.130293	0.377411	0.459522	-0.00987997	-0.00755873	0.00482792	0
4028.993035895	3238.581084219	-0.124475	0.414678	0.428133	-0.00889199	-0.00675611	0.00498597	0
4014.091415741	3232.150376768	-0.135972	0.492031	0.543968	-0.0097087	-0.00707307	0.0051752	0
4038.194064348	3237.301060246	-0.121129	0.433409	0.407191	-0.00846887	-0.00633616	0.00487996	0
4030.814825577	3232.345206391	-0.103711	0.507352	0.507902	-0.00866589	-0.00552644	0.00466005	0
4046.17572982	3234.56147647	-0.100607	0.36086	0.575753	-0.00927542	-0.00690186	0.00514336	0
4023.875617795	3234.362435513	-0.0898062	0.300035	0.476446	-0.00915254	-0.00588369	0.00476759	0
4050.096944463	3235.412387644	-0.0859947	0.360651	0.569855	-0.0081631	-0.00588326	0.00458584	0
4015.903439358	3227.065301446	-0.094063	0.364035	0.535579	-0.00858599	-0.00588326	0.00449263	0
4034.218996832	3225.246005035	-0.094026	0.451555	0.516809	-0.0079035	-0.00588326	0.00453753	0
4029.681962028	3220.397207731	-0.116824	0.470628	0.520363	-0.0079621	-0.00588326	0.00430916	0
4034.623032896	3232.451819643	-0.120399	0.481018	0.457009	-0.00927353	-0.00622319	0.00447093	0
4009.867732111	3220.271089352	-0.115339	0.403393	0.502358	-0.00889896	-0.00606133	0.00452904	0
4013.975339082	3236.693741512	-0.12883	0.30638	0.474463	-0.00982167	-0.00734214	0.00443641	0
4027.295972815	3228.409825328	-0.109662	0.419644	0.476547	-0.00900239	-0.00699931	0.00451722	0
4017.037698059	3233.005277628	-0.111311	0.384222	0.477014	-0.00924295	-0.00743563	0.00443456	0
4022.926077239	3224.6526502	-0.10983	0.369331	0.497785	-0.00925822	-0.00729353	0.00466121	0
4026.158086718	3229.211973684	-0.110688	0.400383	0.544313	-0.0100161	-0.00741329	0.00469513	0
4039.82109079	3224.849031367	-0.106611	0.420766	0.633441	-0.0102146	-0.00725259	0.00495097	0
4039.735707478	3226.283101515	-0.106685	0.422014	0.656105	-0.0102514	-0.00714936	0.00510742	0
4050.91785199	3224.008094405	-0.104545	0.408978	0.577281	-0.00973637	-0.00717501	0.00533774	0
4029.459016714	3220.219888393	-0.112729	0.394847	0.557177	-0.00968988	-0.00699706	0.0054051	0
4017.889019903	3220.638140382	-0.102821	0.420165	0.551704	-0.0102672	-0.00742713	0.00551182	0
4020.608171451	3218.999931346	-0.10557	0.446213	0.561565	-0.00996916	-0.00756017	0.00588796	0
4006.674507861	3220.947119329	-0.112961	0.467555	0.543095	-0.0100948	-0.00766819	0.00580698	0
4018.005933654	3213.456485534	-0.107946	0.477317	0.627477	-0.0100122	-0.0075245	0.00544875	0
4014.126015514	3222.451008966	-0.117515	0.463524	0.625517	-0.0100717	-0.00774531	0.00547307	0
4013.197402241	3221.739515121	-0.100965	0.427742	0.580332	-0.0103946	-0.00706328	0.00588796	0
4008.472021896	3216.760609753	-0.111161	0.406256	0.576804	-0.0100148	-0.00710178	0.00588797	0
4004.303586291	3224.346331043	-0.107613	0.419523	0.555903	-0.0111918	-0.00740277	0.00573713	0
4009.520060194	3213.565315278	-0.112073	0.401284	0.572729	-0.0108181	-0.00779922	0.00563797	0
4008.647532037	3220.474119994	-0.10565	0.452647	0.631665	-0.0118172	-0.00786422	0.00595827	0
4015.336170492	3219.578878985	-0.101438	0.468397	0.686952	-0.0120637	-0.00730636	0.00588797	0
4005.212109374	3218.382860048	-0.111686	0.408958	0.616956	-0.0115283	-0.00768341	0.00579855	0
4006.865922737	3224.986897152	-0.114917	0.431615	0.561655	-0.012065	-0.00800614	0.00576616	0
4024.049453753	3222.875467132	-0.117056	0.39605	0.562574	-0.0122527	-0.00765998	0.00589679	0
3996.335872342	3224.219104418	-0.128629	0.431125	0.566924	-0.0125598	-0.00803679	0.0058652	0
4017.101875058	3225.834483589	-0.101507	0.444189	0.610762	-0.0126468	-0.00737515	0.00588587	0
4018.695138818	3228.200588509	-0.119207	0.471491	0.701392	-0.0130823	-0.00771921	0.00590435	0
4031.630710556	3233.641410754	-0.115946	0.41872	0.578577	-0.0125036	-0.00756278	0.00612752	0
4036.801423469	3232.069696469	-0.10806	0.395551	0.546556	-0.0124392	-0.00723316	0.00615299	0
4008.996041045	3230.618337686	-0.117848	0.413052	0.569759	-0.0130849	-0.00774644	0.00584514	0
4021.783447625	3222.911152649	-0.1077	0.413382	0.591748	-0.0128767	-0.00765069	0.00589203	0
4024.440375387	3227.622970764	-0.103175	0.441056	0.637374	-0.0128815	-0.00799707	0.00595229	0
4032.48175337	3244.077097108	-0.10263	0.496714	0.738491	-0.0139934	-0.00741914	0.00634573	0
4031.716651929	3227.945470311	-0.0945043	0.48828	0.750601	-0.0139637	-0.00739747	0.00634574	0
4032.320752812	3237.969332502	-0.109561	0.435789	0.600967	-0.0133632	-0.00769946	0.00599996	0
4036.055017066	3234.192873896	-0.107409	0.434741	0.586342	-0.0129268	-0.00770266	0.00592846	0
4013.422300768	3224.149284928	-0.111392	0.427379	0.566212	-0.0130352	-0.00777375	0.00612789	0
4022.982720417	3224.58815029	-0.115508	0.4923	0.633926	-0.0135737	-0.00807821	0.00602077	0
4028.587046618	3228.609974531	-0.105186	0.503554	0.742381	-0.0139625	-0.00784863	0.00649118	0
4021.367413253	3228.970819384	-0.113121	0.477517	0.73222	-0.0147942	-0.00821671	0.00642016	0
4034.789614063	3235.566877118	-0.111056	0.433332	0.615868	-0.0138421	-0.0082035	0.00638873	0
4002.429338888	3229.975333435	-0.114824	0.456893	0.587865	-0.01445	-0.00796339	0.0060048	0
4029.024566333	3221.764783127	-0.105351	0.459113	0.612347	-0.0147542	-0.00762903	0.0061085	0
4021.829208616	3229.77318939	-0.120575	0.498062	0.670005	-0.015597	-0.00761034	0.0061548	0
4022.410429003	3236.363705894	-0.124519	0.542924	0.764917	-0.0160892	-0.00766004	0.00636589	0
4004.103242442	3219.261034071	-0.126972	0.520309	0.759443	-0.0156072	-0.00768611	0.00650397	0
4023.033503955	3229.973560242	-0.130058	0.476145	0.644958	-0.0145831	-0.00759682	0.00646102	0
4023.2118044	3227.821346774	-0.121819	0.415968	0.596034	-0.0138809	-0.00767057	0.00640439	0
4005.668045098	3225.768432136	-0.120778	0.453495	0.590225	-0.0147098	-0.00781553	0.00626039	0
4016.976590395	3219.367204025	-0.120206	0.449892	0.590387	-0.0142785	-0.00713623	0.00615328	0
4006.636001662	3228.311191446	-0.140886	0.510344	0.673214	-0.0154218	-0.00782603	0.00618244	0
4034.267827157	3231.194403886	-0.13551	0.536187	0.787821	-0.0165552	-0.00757853	0.00636835	0
4000.188445499	3221.020706854	-0.140657	0.529461	0.785562	-0.0171212	-0.00777116	0.00646396	0
4038.432077306	3229.680318386	-0.142934	0.464349	0.668159	-0.0158417	-0.00755186	0.00651758	0
4010.556658244	3228.592907545	-0.13903	0.482309	0.623481	-0.0159155	-0.00713623	0.00630675	0
4025.208825193	3220.801274173	-0.113294	0.480972	0.630326	-0.0154674	-0.00677007	0.0059797	0
4010.461229837	3229.807101713	-0.126642	0.558811	0.722342	-0.0161082	-0.00713115	0.00623862	0
4042.410493187	3236.539916986	-0.119954	0.565497	0.832608	-0.0168801	-0.00718676	0.00651171	0
3998.833752758	3226.4344879	-0.130928	0.545483	0.841089	-0.0175203	-0.00736363	0.0065359	0
4034.789335032	3233.199220654	-0.125535	0.498767	0.721239	-0.0162825	-0.00746176	0.00639276	0
4015.522004759	3236.047855823	-0.133374	0.518656	0.667118	-0.016504	-0.00756423	0.00650279	0
4024.889893411	3229.779617216	-0.126608	0.503271	0.665658	-0.0163101	-0.00720857	0.00652709	0
4013.717235933	3227.558249206	-0.126679	0.53735	0.698003	-0.0167712	-0.00722255	0.00647482	0
4045.614878654	3247.712365191	-0.123281	0.583868	0.819095	-0.0174036	-0.0076015	0.00653958	0
4017.430851936	3226.116199688	-0.127477	0.563727	0.866287	-0.0175049	-0.00749003	0.00695345	0
4038.101705276	3234.114188439	-0.139923	0.543102	0.808365	-0.0170493	-0.00758325	0.00665212	0
4026.487621657	3240.305293134	-0.139644	0.48712	0.722558	-0.0167274	-0.00775435	0.00667768	0
4014.445226327	3238.497300831	-0.130554	0.519156	0.680391	-0.0167395	-0.00817714	0.00653413	0
4022.421869251	3232.64820081	-0.13266	0.494075	0.685053	-0.0160546	-0.00774929	0.00635528	0
4023.656299876	3245.892847131	-0.13581	0.568856	0.786946	-0.0172343	-0.00791101	0.00653951	0
4035.503652935	3235.639356397	-0.142018	0.576429	0.892241	-0.017726	-0.0076012	0.00659987	0
4015.856841276	3229.142375844	-0.141976	0.58031	0.883774	-0.0179669	-0.00797508	0.00651244	0
4043.262931153	3238.764831383	-0.133287	0.538413	0.772193	-0.0167091	-0.00793576	0.00657688	0
4015.681610166	3238.416177234	-0.145131	0.536683	0.702568	-0.0172257	-0.00809702	0.00647078	0
4031.23113898	3229.962256134	-0.131607	0.534686	0.711075	-0.0167612	-0.0078856	0.00628645	0
4021.931891814	3232.084768613	-0.13025	0.571497	0.74314	-0.0172829	-0.00803186	0.00650813	0
4041.753376523	3242.16869773	-0.135024	0.598844	0.84952	-0.0176479	-0.00776466	0.00650553	0
4022.064152239	3225.664257024	-0.13094	0.592749	0.871979	-0.0178792	-0.00781851	0.00695345	0
4037.0034415	3228.155372077	-0.137819	0.561043	0.84642	-0.0175111	-0.00797489	0.00695345	0
4025.421725412	3228.89967	-0.138914	0.533839	0.76695	-0.0176989	-0.0081952	0.00695345	0
4016.864699192	3229.444483667	-0.136812	0.546054	0.735326	-0.0175527	-0.00830943	0.00676	0
4023.312813416	3220.946232732	-0.141321	0.532682	0.76671	-0.0173785	-0.00814545	0.00677264	0
4024.04080381	3231.918310084	-0.152181	0.582376	0.820178	-0.0179708	-0.00821901	0.0067187	0
4024.94793174	3225.923364907	-0.138078	0.594079	0.887478	-0.0183217	-0.0080994	0.0068069	0
4008.122675797	3215.573900082	-0.140648	0.594032	0.900306	-0.0186585	-0.00794986	0.00687895	0
4020.403084084	3224.461366964	-0.143583	0.553077	0.854522	-0.0180603	-0.00815057	0.00701693	0
3998.255322675	3219.791440542	-0.144108	0.558559	0.800305	-0.0177772	-0.00803092	0.0068111	0
4008.166483575	3222.945064972	-0.154653	0.565816	0.788369	-0.0178116	-0.00835165	0.00679469	0
4019.108940947	3217.590685905	-0.138712	0.556514	0.787375	-0.0174242	-0.00813719	0.00720345	0
3999.294711029	3219.026529246	-0.137812	0.585719	0.792183	-0.0180132	-0.00826146	0.00682901	0
4008.201641409	3211.38628226	-0.135558	0.612444	0.842431	-0.0178063	-0.0079571	0.00735933	0
4001.111757194	3220.535960113	-0.137011	0.600203	0.833535	-0.0183003	-0.00811003	0.0073158	0
4027.56467912	3216.317754705	-0.132632	0.558168	0.835391	-0.0180525	-0.00776559	0.00739807	0
4001.293685035	3225.797468177	-0.147041	0.528528	0.781729	-0.0178165	-0.00771041	0.00748931	0
4026.521384339	3220.995882147	-0.14412	0.506108	0.778916	-0.0172808	-0.0080748	0.00720698	0
4006.081010135	3222.269921592	-0.140144	0.516411	0.768773	-0.0169216	-0.00792281	0.00719298	0
4016.544651288	3224.332810443	-0.13772	0.535879	0.75069	-0.0169124	-0.00830534	0.00724388	0
4031.079346425	3224.66860894	-0.134116	0.544402	0.744335	-0.0164754	-0.00780304	0.00742269	0
4006.33688104	3233.21096806	-0.131938	0.597181	0.723284	-0.0171553	-0.00837705	0.00753795	0
4031.141570211	3230.21803928	-0.12924	0.591328	0.792304	-0.0172243	-0.00795722	0.0072856	0
4019.984259408	3236.046747577	-0.132454	0.608679	0.846511	-0.0181432	-0.00778177	0.00709324	0
4035.692835567	3241.10766314	-0.1301	0.550467	0.794017	-0.0179761	-0.00804541	0.00718603	0
4043.891028653	3248.834796602	-0.136337	0.492697	0.704203	-0.0170842	-0.00804579	0.00723857	0
4029.209842539	3247.893452565	-0.128514	0.510443	0.693193	-0.017749	-0.00825125	0.00728307	0
4025.988994277	3241.697471588	-0.131738	0.496621	0.711573	-0.0172857	-0.00831019	0.00712952	0
4040.906240135	3238.378496875	-0.131854	0.571268	0.763678	-0.0173709	-0.00906434	0.00698502	0
4031.875420244	3241.159972344	-0.144084	0.590969	0.77221	-0.0178804	-0.0091081	0.00705026	0
4045.37937697	3236.817865049	-0.137721	0.530622	0.750248	-0.0175962	-0.00886057	0.00724539	0
4034.788218911	3245.424502429	-0.144901	0.493678	0.68446	-0.0173473	-0.00893593	0.00725437	0
4019.822700788	3240.085638804	-0.133179	0.480266	0.657681	-0.016636	-0.00899638	0.00701929	0
4031.696561738	3231.7935216	-0.127354	0.524414	0.663239	-0.0166462	-0.0090384	0.00694085	0
4027.521429403	3243.942999358	-0.134929	0.576785	0.79347	-0.0187892	-0.00875842	0.00730317	0
4031.873746062	3241.116307457	-0.137852	0.596812	0.88147	-0.0200474	-0.00813219	0.00768864	0
4017.198698618	3228.901221544	-0.132073	0.593719	0.88877	-0.0197478	-0.0081322	0.00766575	0
4016.861071796	3241.352585476	-0.137693	0.541836	0.774848	-0.0194461	-0.00856644	0.00722558	0
4039.577218194	3248.391054958	-0.124449	0.512001	0.679256	-0.0184508	-0.00825032	0.00739113	0
4019.240085249	3242.639702222	-0.125063	0.554303	0.713725	-0.0184745	-0.00839285	0.00726387	0
4009.680502692	3244.104803254	-0.141134	0.606305	0.80755	-0.0181851	-0.00840191	0.00733693	0
4018.128986074	3221.651742049	-0.150755	0.634882	0.845838	-0.0181356	-0.00785526	0.00694019	0
4027.128554556	3237.64018348	-0.133471	0.681479	1.04129	-0.0194509	-0.00815236	0.00759804	0
4017.862791043	3217.142732927	-0.151613	0.568577	1.34129	-0.0173464	-0.00822733	0.00782419	0
3998.630060543	3214.015484748	-0.194959	0.696128	1.83473	-0.0136844	-0.00753644	0.00714469	0
3964.942158579	3207.534906233	-0.219466	0.613075	1.76547	-0.0131555	-0.00705985	0.00757695	0
3965.701958442	3211.378967837	-0.219375	0.711879	1.59327	-0.0162457	-0.00913243	0.00813503	0
3976.65501897	3218.224602539	-0.208197	0.723079	1.47131	-0.0179815	-0.0100525	0.00889799	0
3996.964806933	3235.837289109	-0.20828	0.711093	1.20543	-0.0191147	-0.00969683	0.00922761	0
4012.247582655	3234.230332606	-0.191217	0.692296	0.944784	-0.0186427	-0.00776509	0.00811567	0
3981.022124242	3227.427254545	-0.19368	0.740862	0.975256	-0.0200815	-0.00804765	0.00783025	0
3999.603039655	3227.081925134	-0.168157	0.735433	1.04858	-0.0207085	-0.00829149	0.00848516	0
3976.529734307	3223.417621009	-0.162979	0.730481	1.04811	-0.019801	-0.00901486	0.00896313	0
4002.828910465	3237.896188275	-0.175961	0.655498	0.987489	-0.0202754	-0.00938577	0.00856173	0
4014.45387627	3239.591361148	-0.182989	0.603648	0.958492	-0.0201247	-0.00843744	0.00836294	0
3987.046949302	3235.166135413	-0.200082	0.532698	0.916089	-0.0195331	-0.00852874	0.00790097	0
3967.250577333	3233.922905203	-0.209795	0.440788	0.977231	-0.0180197	-0.00900248	0.00741386	0
4008.442723701	3235.656423384	-0.179933	0.580007	0.904093	-0.018696	-0.00871158	0.00758626	0
4001.706929103	3229.704034848	-0.165482	0.599853	0.985804	-0.0198954	-0.0087789	0.00723606	0
4012.029659888	3236.126097981	-0.15619	0.644621	1.01012	-0.020677	-0.00852432	0.0076257	0
4028.142551142	3242.043244298	-0.160996	0.728526	1.14407	-0.0210554	-0.00870192	0.00767158	0
4029.198681322	3238.040038588	-0.161779	0.733401	1.1573	-0.0211707	-0.00909143	0.0076538	0
4053.313328238	3237.94583769	-0.161813	0.665338	1.04781	-0.0204654	-0.00908292	0.00759569	0
4020.286170334	3231.975273922	-0.161515	0.679842	1.01589	-0.0207857	-0.00889165	0.00750982	0
4028.80831775	3230.91468263	-0.154042	0.673954	1.01846	-0.0208697	-0.00859294	0.00757841	0
4016.925806856	3226.882884176	-0.156704	0.66227	1.02852	-0.020767	-0.00827336	0.00753003	0
4013.629341348	3230.844641491	-0.163073	0.701152	1.08251	-0.0210553	-0.00839764	0.00750594	0
4019.070434747	3234.449100339	-0.162965	0.706316	1.18022	-0.0210886	-0.0085013	0.00794202	0
4014.839496326	3234.92586771	-0.162362	0.675136	1.13765	-0.0216187	-0.00846705	0.00784917	0
4008.764166757	3235.463810252	-0.172509	0.638939	1.06996	-0.0212775	-0.00839764	0.00792861	0
3981.272414538	3227.775243746	-0.16473	0.69306	1.0493	-0.021548	-0.00845869	0.00771555	0
3986.355790925	3219.953244438	-0.162896	0.697283	1.07239	-0.0213112	-0.00827513	0.00778397	0
3964.617646188	3220.501604491	-0.170759	0.70384	1.06683	-0.021648	-0.00829348	0.00782844	0
3995.019406769	3215.811729644	-0.16283	0.692541	1.05695	-0.0214694	-0.00818678	0.00792141	0
3962.266256748	3219.750657094	-0.169087	0.679324	1.06255	-0.0212145	-0.00831219	0.00760986	0
3989.3062587	3222.029432239	-0.168809	0.71574	1.09242	-0.0213698	-0.00833591	0.00800984	0
3977.973995816	3214.229597848	-0.159034	0.722021	1.09607	-0.0213407	-0.00790131	0.00796818	0
3998.572301244	3220.897691563	-0.164171	0.695932	1.08388	-0.0217197	-0.00831789	0.00809373	0
3999.274899869	3225.151360838	-0.168279	0.599924	1.03052	-0.0210255	-0.0080462	0.00790502	0
3985.252225572	3221.937669482	-0.16898	0.643306	1.01421	-0.0212532	-0.00850627	0.00822754	0
3996.754976049	3221.380443462	-0.157172	0.613318	1.03429	-0.0210039	-0.00837785	0.00808174	0
3974.255357266	3221.864968553	-0.160745	0.643855	1.01112	-0.021103	-0.00843363	0.00789244	0
4001.710556499	3219.036060161	-0.154186	0.676808	1.05681	-0.0209487	-0.00835252	0.00796155	0
3994.702707231	3220.160708064	-0.159571	0.703867	1.0763	-0.0208274	-0.00832763	0.00768915	0
4003.617729493	3228.799484574	-0.151893	0.649265	1.04218	-0.0199801	-0.00860583	0.00783201	0
4007.071568164	3223.828558575	-0.152303	0.592456	0.986349	-0.0200203	-0.00828164	0.00801529	0
3992.640114286	3232.710040929	-0.158603	0.610421	0.975079	-0.020782	-0.00851358	0.00792702	0
4016.543535166	3231.914763697	-0.154548	0.573612	0.986543	-0.0206804	-0.00877311	0.00788714	0
4004.116914933	3236.385649162	-0.158434	0.650159	1.02946	-0.021317	-0.00876293	0.00782301	0
4012.893817132	3238.849944665	-0.169714	0.667138	1.11391	-0.0215457	-0.0087869	0.00804624	0
4024.551708529	3235.846598374	-0.159259	0.622671	1.0549	-0.0214748	-0.00888044	0.00790304	0
4010.302182492	3247.918498922	-0.159865	0.627997	0.915507	-0.0214801	-0.0090546	0.00802978	0
4011.995339145	3231.583841482	-0.145172	0.626479	0.97986	-0.0213289	-0.00823235	0.00800981	0
4014.807407826	3227.712073732	-0.150269	0.613421	0.983551	-0.0212874	-0.00800829	0.00793313	0
4007.958605904	3241.826028109	-0.151309	0.702364	1.08251	-0.0220287	-0.008092	0.00801011	0
4032.614292825	3234.246956294	-0.143379	0.7039	1.15987	-0.0227236	-0.0083553	0.00815982	0
4001.838352436	3230.431265784	-0.161778	0.666229	1.10225	-0.0229162	-0.00848349	0.00805594	0
4036.07064277	3235.893809648	-0.154257	0.626571	1.0259	-0.022358	-0.00861424	0.00815541	0
4020.529205839	3231.215460557	-0.154652	0.610045	0.993298	-0.0220067	-0.00823006	0.00806184	0
4011.582932169	3230.219812473	-0.143884	0.67756	1.05927	-0.0227642	-0.0085487	0.00788943	0
4032.263551573	3236.98654007	-0.141082	0.704674	1.16924	-0.0227319	-0.00856223	0.00799605	0
4010.169084976	3228.65585591	-0.144552	0.71029	1.18843	-0.0234541	-0.00827961	0.00808264	0
4035.208159709	3237.071875001	-0.147053	0.654533	1.07485	-0.0227958	-0.00877739	0.0085062	0
4030.1429203	3235.953876573	-0.15424	0.627657	0.997592	-0.0221624	-0.00858509	0.0080882	0
4001.850071714	3226.152550152	-0.161689	0.660583	1.01196	-0.0223412	-0.00877415	0.0077388	0
4012.927021753	3224.554681265	-0.155253	0.67124	1.06551	-0.0222886	-0.00861129	0.00787007	0
4011.892934977	3230.579327431	-0.161872	0.7227	1.14098	-0.0231472	-0.00876082	0.00776035	0
4028.846823949	3235.880510697	-0.154084	0.687074	1.07777	-0.0226751	-0.00826429	0.0085062	0
4022.826463375	3238.773475701	-0.154048	0.712722	1.00226	-0.0219818	-0.0079846	0.00782204	0
4019.752106089	3232.479969088	-0.154585	0.667738	1.04102	-0.0226545	-0.00829993	0.00794815	0
4019.15637612	3248.060354392	-0.154451	0.647883	1.09536	-0.0221511	-0.00821951	0.00795577	0
4022.240499471	3240.969354056	-0.155036	0.670753	1.17318	-0.0231077	-0.00866266	0.00828258	0
4025.979786273	3239.128779325	-0.136969	0.811414	1.27239	-0.0232506	-0.00827448	0.00846408	0
4026.566029208	3235.403743327	-0.147973	0.78233	1.33407	-0.0234232	-0.00854491	0.00849048	0
4007.864293618	3232.318165192	-0.146675	0.732026	1.30761	-0.0233732	-0.0088448	0.00851168	0
4041.765374831	3240.927462362	-0.14706	0.681184	1.16719	-0.022239	-0.00894956	0.00823008	0
4018.206835564	3243.6371235	-0.168638	0.678328	1.12024	-0.0228654	-0.00894955	0.00804019	0
4035.294938173	3231.643686759	-0.160306	0.693819	1.10411	-0.0227411	-0.0089386	0.00792395	0
4037.396874408	3231.547269369	-0.161248	0.754631	1.12754	-0.023171	-0.00860989	0.00812723	0
4035.625868264	3237.215060367	-0.158111	0.809646	1.21498	-0.0235786	-0.00878645	0.00806261	0
4031.953827795	3233.722312702	-0.160787	0.798107	1.23074	-0.0238557	-0.00888611	0.00824911	0
4022.860784118	3239.668273411	-0.168954	0.733011	1.13705	-0.0236282	-0.00915204	0.00797706	0
4043.46187985	3246.885835425	-0.168273	0.705539	1.08853	-0.0228839	-0.00888239	0.00804571	0
4020.266917234	3239.856675208	-0.157258	0.694389	1.05222	-0.0223896	-0.0085136	0.0080677	0
4019.967238551	3242.48210966	-0.152332	0.751735	1.17383	-0.0228839	-0.00866292	0.00838325	0
4021.420429035	3234.769826692	-0.14124	0.778532	1.23913	-0.0233051	-0.00888706	0.00856627	0
4020.809073361	3236.443499596	-0.141051	0.791784	1.23769	-0.0237893	-0.00900451	0.00891988	0
4030.283551637	3240.41877751	-0.150513	0.699479	1.13825	-0.023289	-0.00886865	0.00875786	0
4003.338699062	3233.138932079	-0.14677	0.726001	1.10358	-0.0235868	-0.00901767	0.00895236	0
4013.091091647	3224.681686241	-0.145805	0.714942	1.13981	-0.0232425	-0.0088935	0.00875153	0
3998.685866629	3229.016257465	-0.14793	0.729878	1.1401	-0.0236397	-0.00853589	0.00853048	0
4023.512599204	3232.76877796	-0.145617	0.765498	1.2015	-0.0234762	-0.00889215	0.00875184	0
4015.32138188	3218.861400613	-0.146778	0.776628	1.19753	-0.0235757	-0.00828439	0.00881557	0
4019.85646347	3227.392012326	-0.149365	0.765233	1.19104	-0.0238689	-0.00892452	0.00880156	0
4027.660107527	3227.707419099	-0.150215	0.69273	1.11596	-0.023297	-0.00868862	0.00878707	0
4014.92655382	3226.590307268	-0.152279	0.719065	1.09418	-0.0234611	-0.00866964	0.00852576	0
4020.888038973	3222.113658925	-0.158293	0.686485	1.10329	-0.0231116	-0.00877347	0.00872051	0
4008.917354464	3227.817800387	-0.153411	0.722295	1.09425	-0.023235	-0.00855779	0.00880233	0
4026.447720305	3223.154080142	-0.1482	0.765685	1.14899	-0.0233984	-0.00866253	0.00881051	0
4023.96295432	3220.921629674	-0.144876	0.770741	1.16505	-0.0237023	-0.00876118	0.00888987	0
4027.087537083	3230.726059184	-0.147989	0.765244	1.14915	-0.0239326	-0.00876118	0.00888614	0
4025.261561944	3233.925786642	-0.153722	0.687945	1.06538	-0.0229545	-0.00876118	0.00886763	0
4006.448772243	3229.909503631	-0.159032	0.698852	1.07208	-0.0234414	-0.00902984	0.00882908	0
4025.399402977	3228.908979265	-0.150316	0.675827	1.08411	-0.0228922	-0.00850333	0.00882467	0
4011.385936685	3232.069031522	-0.153198	0.718856	1.09243	-0.0235409	-0.00852658	0.00851595	0
4032.679027885	3237.480817725	-0.154058	0.781343	1.16247	-0.0242162	-0.00917283	0.00887254	0
4021.283146063	3228.978355456	-0.153816	0.757356	1.19434	-0.0241856	-0.00904748	0.00885552	0
4034.790172124	3239.661180638	-0.161004	0.72244	1.08775	-0.0241005	-0.00944092	0.0088336	0
4044.456344305	3245.709764915	-0.151126	0.666014	1.02366	-0.0233544	-0.00858711	0.00867617	0
4000.857839502	3232.407489809	-0.151279	0.704334	1.06616	-0.0236011	-0.00848973	0.00858252	0
4028.192497589	3240.195133495	-0.143696	0.743555	1.16446	-0.0234902	-0.00899787	0.00888528	0
4007.608701744	3232.366484712	-0.149975	0.764461	1.22118	-0.0241647	-0.00903121	0.00872325	0
4025.749865198	3233.744699268	-0.142575	0.741671	1.20063	-0.0245663	-0.00903796	0.00875685	0
4025.798974554	3242.557027081	-0.149561	0.697772	1.05152	-0.0236837	-0.00884199	0.00869077	0
4017.637334455	3234.906140934	-0.14191	0.721729	1.06443	-0.0235049	-0.00872422	0.00857238	0
4029.730792354	3225.6975044	-0.13015	0.675723	1.08875	-0.0233534	-0.00853175	0.0085635	0
4011.09128055	3232.38576819	-0.136505	0.757408	1.13274	-0.0241498	-0.00897802	0.00883183	0
4031.045583743	3225.378329591	-0.132768	0.776924	1.19627	-0.0242067	-0.009161	0.00887024	0
4011.610556181	3222.344839012	-0.143278	0.725513	1.17238	-0.0245331	-0.00893579	0.00880278	0
4032.848678387	3231.289491381	-0.145152	0.68312	1.1014	-0.0237637	-0.0090503	0.00879319	0
4007.03641033	3229.770086301	-0.144803	0.680949	1.07759	-0.0236443	-0.00886519	0.00877174	0
4021.316629715	3225.379216188	-0.145408	0.696735	1.12518	-0.0241715	-0.00915349	0.0087285	0
4026.640809364	3230.505296608	-0.129765	0.765405	1.20391	-0.0239065	-0.0093003	0.00870081	0
4030.762367856	3232.817540778	-0.129717	0.793802	1.24147	-0.0249279	-0.0093003	0.00874103	0
4025.795905219	3233.37698329	-0.135963	0.718434	1.17293	-0.0242162	-0.0093003	0.00871716	0
4024.628162867	3242.034156682	-0.147275	0.723467	1.05513	-0.023782	-0.0093003	0.00873873	0
4012.01794061	3223.396785987	-0.143275	0.70651	1.08226	-0.0235245	-0.0088664	0.00872337	0
4001.157239154	3236.703715725	-0.150678	0.752528	1.11356	-0.0242319	-0.0088664	0.00872761	0
4026.336945224	3236.871504149	-0.138004	0.775084	1.26323	-0.024792	-0.0088664	0.00877956	0
4008.458907466	3234.272667598	-0.134585	0.749833	1.29852	-0.0254126	-0.0093165	0.00886044	0
4029.149571966	3241.906930057	-0.152801	0.691286	1.16587	-0.0242879	-0.00995801	0.00877797	0
4018.817912207	3243.837051054	-0.154051	0.674734	1.07329	-0.0238554	-0.00941709	0.00876065	0
4019.295054244	3228.804582505	-0.142003	0.680725	1.05785	-0.0229139	-0.00890108	0.00877564	0
4006.533039433	3235.26077961	-0.152669	0.697871	1.10692	-0.0239695	-0.00906443	0.00869326	0
4032.111200958	3240.549328873	-0.14648	0.760598	1.21946	-0.0248862	-0.0095012	0.00879738	0
4007.534479649	3230.931527967	-0.147621	0.77361	1.24581	-0.0254817	-0.00925643	0.00901809	0
4030.418323335	3237.608930947	-0.143189	0.705496	1.14428	-0.0249342	-0.00914112	0.00882837	0
4004.882853466	3242.720160872	-0.163884	0.720748	1.09831	-0.0244307	-0.00890345	0.0085001	0
4027.577235489	3233.650276721	-0.128891	0.71779	1.14242	-0.0246041	-0.00878622	0.00859753	0
4002.193279144	3233.936425803	-0.157114	0.717714	1.12937	-0.025344	-0.00891821	0.0082533	0
4022.832602045	3232.649309056	-0.1421	0.744003	1.12997	-0.0244304	-0.00860786	0.00847752	0
3998.496125936	3233.33686479	-0.129189	0.613646	1.09476	-0.0235955	-0.00972943	0.00866965	0
4004.908245235	3229.582349452	-0.134834	0.586219	1.15168	-0.0239303	-0.010369	0.00826963	0
4021.500510768	3243.825968595	-0.129783	0.810985	1.19942	-0.0256675	-0.0109101	0.00801577	0
4038.900848429	3242.210811073	-0.12816	0.793063	1.26529	-0.0262084	-0.0102994	0.00838262	0
4036.090453931	3241.287642268	-0.131431	0.766744	1.25291	-0.0262966	-0.0104439	0.0085191	0
4047.51675007	3237.149008913	-0.130721	0.770649	1.17337	-0.026214	-0.0106385	0.00875493	0
4041.011155577	3232.291123993	-0.138915	0.687345	1.15112	-0.0258632	-0.0102317	0.00877266	0
4049.384021712	3241.581992369	-0.138583	0.760089	1.23362	-0.0259084	-0.0100958	0.00843342	0
4061.798085576	3240.096277964	-0.135852	0.781552	1.29028	-0.0262753	-0.010059	0.00835667	0
4040.521178141	3236.058273334	-0.14019	0.796708	1.28905	-0.0263635	-0.0105404	0.00860585	0
4050.783638353	3236.809885679	-0.132207	0.775529	1.2563	-0.0261563	-0.0104282	0.0085238	0
4024.750936256	3232.6107421	-0.139932	0.777907	1.22995	-0.0257144	-0.0104209	0.00857661	0
4037.031344543	3233.259509229	-0.134668	0.795281	1.24891	-0.0257523	-0.0102766	0.00856331	0
4019.164747033	3227.74997574	-0.134103	0.794312	1.23732	-0.0258784	-0.0100678	0.00831315	0
4023.534084548	3234.0040288	-0.128768	0.846272	1.30876	-0.0256879	-0.010037	0.00849483	0
4029.078698237	3229.313267356	-0.133754	0.832678	1.3214	-0.0257588	-0.0102454	0.00854895	0
4018.844420098	3230.708992197	-0.122672	0.85029	1.31115	-0.0262045	-0.0103701	0.00865406	0
4027.81134202	3225.178845336	-0.137475	0.758298	1.27773	-0.0254664	-0.0102843	0.00875679	0
4007.020226565	3230.625430459	-0.138026	0.752645	1.23373	-0.0255943	-0.0102683	0.00858858	0
4024.712430057	3224.745077905	-0.137891	0.697661	1.23931	-0.0254224	-0.00985273	0.0086929	0
3998.314756156	3227.601692444	-0.132557	0.73559	1.20083	-0.0254359	-0.0099167	0.0087799	0
4028.489106937	3217.38300063	-0.140223	0.784104	1.27343	-0.0256258	-0.00965348	0.00883633	0
3999.524911135	3224.027156234	-0.134021	0.801773	1.31058	-0.0262646	-0.00983836	0.00884904	0
4037.014881748	3227.837527164	-0.134535	0.809952	1.28738	-0.0259794	-0.00986733	0.0087696	0
4019.88855197	3235.607438916	-0.137491	0.749705	1.20291	-0.0262646	-0.0102312	0.00883826	0
4041.957905829	3233.962580405	-0.133094	0.736515	1.21966	-0.0260618	-0.0100769	0.00873721	0
4019.202695171	3238.611228506	-0.133298	0.745959	1.14482	-0.025792	-0.00954125	0.00846477	0
4025.464696098	3236.980555542	-0.14562	0.759243	1.14098	-0.0257433	-0.00957733	0.00801354	0
4026.336666194	3240.391514662	-0.129042	0.722112	1.12791	-0.0256903	-0.00931406	0.00830485	0
4006.066500553	3243.888695311	-0.125436	0.731251	1.08383	-0.0257596	-0.00895647	0.00856703	0
3995.417583194	3240.799570789	-0.117236	0.599677	1.07927	-0.0238999	-0.00927102	0.00872505	0
4004.375297112	3248.804873964	-0.136738	0.719556	1.06507	-0.0248008	-0.0101132	0.00811115	0
4035.923314703	3252.561605794	-0.137884	0.786694	1.14202	-0.0248202	-0.0101232	0.00809803	0
4032.680702067	3259.142369734	-0.136878	0.782424	1.2463	-0.0256511	-0.00984405	0.00843673	0
4040.914611048	3254.665499742	-0.137516	0.716827	1.2174	-0.0253849	-0.0101311	0.00836987	0
4024.349969527	3252.395147265	-0.139988	0.688502	1.10134	-0.0247648	-0.0101525	0.0084647	0
4049.074297934	3247.273721478	-0.129253	0.690817	1.11996	-0.0244564	-0.00955647	0.00843626	0
4038.543689478	3245.759635978	-0.135319	0.714947	1.09959	-0.0236595	-0.00965578	0.0080931	0
4049.062578656	3250.987453368	-0.142367	0.792491	1.22604	-0.0249074	-0.00983063	0.00832077	0
4039.282003998	3244.541673774	-0.126976	0.812242	1.29617	-0.0254755	-0.00966161	0.00839713	0
4018.807309051	3238.940155879	-0.13567	0.804065	1.26781	-0.0256718	-0.0100474	0.00852947	0
4052.449170994	3245.149879104	-0.140483	0.759282	1.17156	-0.0254916	-0.00970758	0.00850127	0
4018.371463518	3243.521422631	-0.132051	0.747944	1.13374	-0.0251872	-0.00971219	0.0082023	0
4023.383408115	3233.362132796	-0.133198	0.74835	1.13317	-0.0249595	-0.00949045	0.00828383	0
4020.701646645	3232.116464445	-0.141697	0.793624	1.20051	-0.0257057	-0.0102288	0.00828589	0
4037.039157395	3248.900183108	-0.137912	0.843682	1.32232	-0.0271398	-0.0101003	0.0085648	0
4019.643284221	3228.883932909	-0.142576	0.805519	1.36768	-0.0276045	-0.0102546	0.00865638	0
4032.79929	3246.165697263	-0.143319	0.733876	1.17621	-0.0270243	-0.0104816	0.00861203	0
4031.803430393	3236.58446847	-0.133473	0.744116	1.16205	-0.0269372	-0.0104118	0.00829921	0
4009.837038763	3229.787374937	-0.131951	0.759321	1.19541	-0.0270345	-0.00976282	0.00841684	0
4030.714653652	3228.368155283	-0.13056	0.803743	1.2776	-0.0266954	-0.0100151	0.00842039	0
4010.423839759	3225.470092349	-0.132481	0.80955	1.34366	-0.0269412	-0.00980149	0.00856303	0
4029.152920331	3232.933463296	-0.13887	0.736135	1.24213	-0.0269412	-0.0102304	0.00855768	0
4002.095060432	3229.372669335	-0.140082	0.734	1.2033	-0.0272871	-0.0100477	0.00849085	0
4027.024197175	3228.728335189	-0.136336	0.740858	1.16229	-0.0265784	-0.0100077	0.00856901	0
4007.781979641	3235.003223271	-0.145073	0.775346	1.13784	-0.0264031	-0.0106219	0.00855774	0
4046.37021403	3233.076427012	-0.146458	0.823022	1.2752	-0.0271518	-0.0109286	0.00890975	0
4019.517441497	3229.831926421	-0.160772	0.799941	1.26701	-0.027288	-0.0109422	0.00879232	0
4045.681287896	3234.174920313	-0.158792	0.723156	1.21979	-0.0268277	-0.0111059	0.00881475	0
4011.976644106	3233.121865093	-0.153438	0.722565	1.16086	-0.0268823	-0.0107386	0.00856575	0
4036.816212081	3231.789310266	-0.137527	0.707735	1.15868	-0.0265842	-0.0100819	0.00775513	0
4011.949578155	3231.183099778	-0.133815	0.753661	1.20094	-0.0269353	-0.00983124	0.00756068	0
4030.846635046	3240.455127975	-0.130277	0.806545	1.27435	-0.0273506	-0.00980319	0.00809202	0
4006.190390064	3228.967272997	-0.125606	0.819166	1.29547	-0.0276346	-0.0095975	0.00803326	0
4055.041363696	3251.397282689	-0.137343	0.782224	1.21906	-0.0271975	-0.0100281	0.00799428	0
4026.846733821	3251.270056064	-0.130141	0.739007	1.0928	-0.0265758	-0.00936333	0.00783967	0
4018.94263881	3240.547334031	-0.123817	0.711106	1.0932	-0.0263335	-0.00937906	0.00767597	0
4011.957670037	3240.550437119	-0.120789	0.783969	1.13036	-0.0268944	-0.00869508	0.00788581	0
4035.150958471	3243.477092797	-0.122536	0.788824	1.23291	-0.0271258	-0.00928848	0.00791294	0
4023.620583981	3239.039898006	-0.127921	0.803442	1.23795	-0.0270986	-0.00937667	0.00801265	0
4046.557722479	3245.614012472	-0.135525	0.72141	1.15115	-0.0269384	-0.00923251	0.00815356	0
4029.179428222	3244.142705263	-0.135519	0.715929	1.11258	-0.0264831	-0.00903569	0.00773376	0
4026.731773284	3231.40763039	-0.126748	0.708245	1.108	-0.0262047	-0.00889733	0.00790112	0
4027.089490296	3238.6130017	-0.122894	0.764727	1.14691	-0.0267053	-0.00922386	0.00792425	0
4048.757319365	3235.865438554	-0.120532	0.815593	1.22628	-0.0263566	-0.00927689	0.00806524	0
4027.858498163	3229.490586694	-0.118573	0.791866	1.26457	-0.0266554	-0.00927689	0.00805158	0
4051.155864948	3240.452024886	-0.125634	0.714124	1.17452	-0.0263237	-0.0097664	0.00818115	0
4020.940217663	3238.289393907	-0.125476	0.737377	1.14268	-0.026723	-0.00956724	0.00793694	0
4019.922593683	3231.026172164	-0.124795	0.739703	1.13907	-0.0265401	-0.00927689	0.00803306	0
4016.20897768	3240.326793104	-0.120749	0.7565	1.17263	-0.0265925	-0.00927689	0.0079998	0
4040.516434623	3244.982977277	-0.122256	0.805626	1.2965	-0.0270339	-0.00942464	0.00813921	0
4017.804473683	3229.472854761	-0.136626	0.801918	1.3377	-0.0271861	-0.00974675	0.00816346	0
4036.922522675	3241.333745296	-0.14132	0.724902	1.23052	-0.0260376	-0.0103811	0.00777024	0
4010.711520133	3234.438682828	-0.142176	0.715718	1.19669	-0.0266527	-0.0103323	0.00757131	0
4011.821224156	3229.309720969	-0.137184	0.727783	1.18439	-0.0261315	-0.00989258	0.00775683	0
4007.061802099	3233.195674267	-0.137179	0.743426	1.19088	-0.026623	-0.00990986	0.00780007	0
4012.927300784	3232.925262276	-0.136867	0.809658	1.29642	-0.02687	-0.00984142	0.00795513	0
4002.957543494	3226.496549668	-0.137441	0.807762	1.32283	-0.0272901	-0.0101329	0.00795222	0
4025.672294738	3233.8566321	-0.136911	0.752157	1.26323	-0.0272802	-0.00990379	0.00804448	0
4010.744724755	3228.753381546	-0.137067	0.732609	1.19431	-0.0270074	-0.00996267	0.00802501	0
4008.432678606	3231.039027816	-0.129622	0.739101	1.20252	-0.0267754	-0.00927689	0.00813785	0
3999.572625338	3229.397494042	-0.135866	0.744414	1.15444	-0.0265328	-0.00947914	0.00829568	0
4003.784031629	3229.106690327	-0.121929	0.789401	1.25325	-0.0268826	-0.00927689	0.00831282	0
3999.027957937	3227.155955957	-0.13605	0.784132	1.25741	-0.0269515	-0.00948174	0.00813188	0
4013.291156466	3224.879618953	-0.124843	0.780765	1.24364	-0.0271401	-0.00931113	0.00842726	0
3997.124133308	3231.094440109	-0.126907	0.709846	1.15848	-0.0268683	-0.00927689	0.00833138	0
4010.501689249	3229.968019013	-0.121108	0.709514	1.15769	-0.0265492	-0.00897708	0.00858796	0
3999.698468063	3230.886976483	-0.129607	0.727329	1.13694	-0.0264381	-0.00937764	0.00822501	0
4023.693689954	3229.92058609	-0.116309	0.786468	1.24424	-0.0268612	-0.00913746	0.00852598	0
4005.790260426	3232.643767827	-0.125201	0.779516	1.29102	-0.0274078	-0.00915369	0.00869829	0
4035.047996242	3245.549734212	-0.120292	0.756901	1.2373	-0.0270118	-0.00913325	0.00855997	0
3998.897929757	3245.742790641	-0.128831	0.725833	1.15263	-0.0269506	-0.00945147	0.0085933	0
4023.100192228	3235.452506145	-0.119058	0.706987	1.16132	-0.0266372	-0.00922145	0.0086281	0
4018.322912223	3242.175790503	-0.115125	0.720869	1.16385	-0.0268795	-0.00856733	0.00867975	0
4023.409916006	3254.777875872	-0.119816	0.795691	1.32147	-0.0279944	-0.00932046	0.00869319	0
4024.709918783	3242.756068038	-0.120469	0.798174	1.3469	-0.0281329	-0.00915915	0.00868397	0
4029.09990455	3249.09789417	-0.119184	0.74384	1.23515	-0.0281239	-0.00977047	0.00871399	0
4048.169681278	3257.732902644	-0.127912	0.729895	1.16793	-0.0279562	-0.0101586	0.00856848	0
4023.227151074	3246.507701937	-0.121858	0.733461	1.1416	-0.0279562	-0.00943249	0.00855817	0
4021.377179318	3252.738481833	-0.123398	0.787228	1.26556	-0.0280033	-0.0102694	0.00866135	0
4022.141164637	3246.032042812	-0.126099	0.803026	1.35122	-0.0287227	-0.0101497	0.00867282	0
4014.557675591	3243.346541434	-0.129612	0.774501	1.32238	-0.0289523	-0.0103986	0.00879239	0
4032.588622025	3249.52944511	-0.133147	0.744533	1.2197	-0.0281339	-0.0102751	0.00870036	0
4001.889973066	3241.148446587	-0.135221	0.730585	1.18302	-0.0277157	-0.0100234	0.00876459	0
4022.616074431	3241.531678007	-0.123618	0.744347	1.19856	-0.0279829	-0.00929569	0.00899027	0
4010.344037056	3239.681572362	-0.125183	0.804684	1.30818	-0.0282568	-0.00949627	0.00871297	0
4022.173532167	3238.306239244	-0.132864	0.847969	1.35746	-0.0288545	-0.00990444	0.00881747	0
4020.881900303	3237.996816999	-0.131967	0.754521	1.25195	-0.0283705	-0.00946722	0.00887543	0
4025.452139729	3240.91460671	-0.133271	0.773612	1.1994	-0.0284029	-0.00996387	0.00853187	0
4017.153216657	3229.681204983	-0.116475	0.739252	1.1833	-0.0280539	-0.0096596	0.008551	0
4009.634462671	3231.892377131	-0.117985	0.798269	1.21849	-0.0280178	-0.00961006	0.00852282	0
4029.363030246	3234.491213682	-0.120848	0.815325	1.34619	-0.028801	-0.00950885	0.00882834	0
4011.509268135	3231.555470388	-0.124381	0.80433	1.37328	-0.0293258	-0.00994872	0.00857322	0
4037.9487966	3239.013965053	-0.12913	0.755277	1.26564	-0.0287859	-0.0100488	0.00864777	0
3997.452831156	3243.559989588	-0.126483	0.734277	1.19732	-0.0287538	-0.0100744	0.00857745	0
4020.999372115	3231.399207722	-0.126776	0.747007	1.19971	-0.0286928	-0.00950884	0.00862013	0
4015.158986169	3238.689470664	-0.125175	0.778448	1.27386	-0.0293765	-0.00992134	0.00868239	0
4027.582537067	3246.060635555	-0.126505	0.800086	1.37649	-0.0301171	-0.0105779	0.00856297	0
4003.197509664	3230.437250312	-0.13059	0.80689	1.37767	-0.0299035	-0.0102495	0.00869445	0
4037.142398655	3243.923937529	-0.133814	0.771113	1.26687	-0.0295566	-0.0105329	0.00881984	0
4023.303884442	3245.809285393	-0.125633	0.743463	1.19334	-0.0289326	-0.010019	0.00840135	0
4009.579493676	3235.961190996	-0.125464	0.758747	1.21377	-0.0291584	-0.00995066	0.00844886	0
4019.3120751	3246.960531197	-0.113607	0.799361	1.31609	-0.0294585	-0.00978684	0.00850406	0
4021.117401987	3243.73354089	-0.115725	0.836026	1.38673	-0.0301531	-0.0095391	0.00868008	0
4026.394983554	3240.123984111	-0.123827	0.78043	1.31259	-0.0294585	-0.00925628	0.00873255	0
4036.391806796	3245.347811815	-0.125554	0.779408	1.23239	-0.0294585	-0.0100973	0.00867911	0
4025.164180324	3238.191868271	-0.115521	0.714183	1.1915	-0.0289161	-0.00945532	0.00854219	0
4021.445820804	3234.942269749	-0.114364	0.789612	1.22624	-0.0290514	-0.00976143	0.00851754	0
4027.55826142	3242.547717815	-0.113894	0.812571	1.34112	-0.0295329	-0.00930678	0.00871213	0
4024.772142569	3240.355385847	-0.116662	0.818376	1.35697	-0.0295448	-0.00952199	0.00903423	0
4033.729298426	3239.989886361	-0.116574	0.755914	1.29324	-0.0292415	-0.00941347	0.00891278	0
4019.725877229	3239.000666103	-0.123526	0.761391	1.22662	-0.0291742	-0.00972149	0.00873595	0
4024.623140319	3240.785828541	-0.117468	0.734457	1.20364	-0.028618	-0.00943423	0.00876769	0
4011.184476714	3234.855383273	-0.120044	0.790504	1.25672	-0.0287418	-0.00947279	0.00867516	0
4043.366730473	3238.748650993	-0.118705	0.798234	1.34708	-0.0294251	-0.00934643	0.00885399	0
4013.140759063	3235.163032325	-0.126147	0.811747	1.37808	-0.029691	-0.00939867	0.00873165	0
4045.194100764	3232.670144078	-0.125803	0.80476	1.31763	-0.0293356	-0.00934644	0.00896465	0
4016.07978659	3235.339908365	-0.128502	0.775024	1.2742	-0.0287881	-0.0096316	0.00884182	0
4021.271705815	3236.949303009	-0.126822	0.76858	1.2616	-0.0287881	-0.00979354	0.00878268	0
4011.287159912	3226.631090716	-0.12659	0.777046	1.25168	-0.0287218	-0.00957023	0.00859199	0
4017.246412821	3241.476265714	-0.126235	0.825471	1.31918	-0.0292084	-0.0094544	0.00873513	0
4018.300031728	3228.664278578	-0.119326	0.835228	1.39282	-0.0295672	-0.00934644	0.00880847	0
4006.585497154	3231.300130541	-0.126015	0.842732	1.37768	-0.029564	-0.00934644	0.00875769	0
4010.573679101	3226.114648143	-0.113535	0.839947	1.37237	-0.0298458	-0.00934644	0.00884806	0
4004.317816843	3231.741434044	-0.127144	0.762629	1.31584	-0.0295093	-0.0100187	0.00885649	0
4012.939857153	3224.499268972	-0.116374	0.748878	1.31402	-0.0289034	-0.00941758	0.00879101	0
3987.882645442	3228.100181433	-0.127927	0.749091	1.2695	-0.0290278	-0.00989145	0.00873317	0
4020.886922851	3220.009543328	-0.117878	0.787266	1.29368	-0.0288995	-0.00958711	0.00882222	0
3998.618620296	3227.318424801	-0.118206	0.84572	1.32644	-0.0293633	-0.00944263	0.0089043	0
4019.708019281	3229.721988431	-0.121604	0.860639	1.35578	-0.0296754	-0.00955828	0.00923132	0
4009.359617696	3231.224548173	-0.11124	0.811509	1.30812	-0.0293633	-0.00936336	0.0091817	0
4022.369132499	3237.656807168	-0.121787	0.769527	1.29455	-0.0289807	-0.00953636	0.00899531	0
4019.865392444	3237.799105937	-0.111485	0.744606	1.25419	-0.0283796	-0.00931526	0.00878119	0
4007.879361261	3235.29823832	-0.121351	0.791917	1.28431	-0.0280986	-0.00938729	0.00915076	0
4026.802926044	3235.386897989	-0.110948	0.808254	1.33197	-0.0282134	-0.00901839	0.00918816	0
4005.769333144	3238.402878284	-0.1218	0.815973	1.31789	-0.0287876	-0.00952472	0.00894724	0
4039.82136982	3248.420312649	-0.121915	0.794101	1.24278	-0.0283782	-0.00964598	0.00909004	0
4021.452238504	3254.502144301	-0.129624	0.738572	1.16713	-0.0280097	-0.010438	0.00889682	0
4014.105367263	3243.314623953	-0.128077	0.729516	1.1906	-0.0280353	-0.0104457	0.00884922	0
4033.050417388	3241.153987817	-0.126722	0.77149	1.20103	-0.0276775	-0.0103567	0.00880137	0
4026.802367983	3251.843684123	-0.12682	0.819645	1.2944	-0.0284558	-0.0104688	0.00891856	0
4029.266764747	3240.825947041	-0.124373	0.802075	1.32769	-0.0290564	-0.0101193	0.0089867	0
4024.570124537	3244.702369424	-0.124992	0.765438	1.22588	-0.0287103	-0.0100403	0.00895411	0
4033.034233623	3249.638274853	-0.123877	0.753659	1.18348	-0.0280098	-0.0096617	0.00885082	0
4012.248698776	3236.618380794	-0.116149	0.760966	1.15683	-0.0278377	-0.00953982	0.00886527	0
4024.212686555	3246.247264159	-0.123048	0.776135	1.25417	-0.0281021	-0.00978954	0.00888895	0
4029.768461462	3239.433546937	-0.123042	0.814134	1.32624	-0.0285322	-0.00985758	0.00905398	0
4020.414245302	3233.828704305	-0.122949	0.825297	1.3132	-0.0284548	-0.00977838	0.00898499	0
4033.862116911	3237.413879675	-0.1152	0.759737	1.23402	-0.0279891	-0.00946157	0.00916661	0
4011.959065189	3233.931992819	-0.12236	0.763571	1.17646	-0.0280808	-0.00944032	0.00890702	0
4017.226880691	3228.179975136	-0.122845	0.758969	1.20007	-0.0278085	-0.00959117	0.0086972	0
4003.165421164	3233.471405838	-0.123315	0.787476	1.22906	-0.0281391	-0.00985094	0.00876386	0
4021.30100401	3231.462377736	-0.118958	0.810027	1.3163	-0.0286895	-0.00924218	0.00890035	0
4001.752969124	3230.316894811	-0.1221	0.794633	1.32667	-0.0289589	-0.00936546	0.00904748	0
4034.323912274	3244.210086611	-0.121857	0.761353	1.2303	-0.0282844	-0.00924218	0.00903242	0
4010.359104699	3238.615218191	-0.124434	0.709713	1.16964	-0.0278597	-0.0104599	0.00880712	0
4017.940361503	3234.68205362	-0.124189	0.697904	1.17635	-0.0276098	-0.0103189	0.00877381	0
4011.309761377	3231.492078725	-0.131264	0.731992	1.18524	-0.0277836	-0.0102295	0.00884051	0
4033.683537435	3240.196020092	-0.123476	0.793915	1.26652	-0.0276573	-0.0101725	0.00901171	0
4007.460536585	3235.561557538	-0.138295	0.782387	1.29267	-0.0281327	-0.0101725	0.008798	0
4056.918959464	3240.309947767	-0.145954	0.729668	1.21492	-0.0277549	-0.0106154	0.00895328	0
4013.533354879	3242.348011911	-0.130172	0.728307	1.1595	-0.0274739	-0.00991583	0.00888622	0
4025.147996559	3236.821854734	-0.120976	0.729144	1.13677	-0.0269394	-0.00946671	0.00876489	0
4001.941872726	3234.985491338	-0.115875	0.775377	1.18355	-0.0272506	-0.00976057	0.00882232	0
4028.183847646	3243.864535551	-0.14214	0.84946	1.2765	-0.0270421	-0.00986816	0.00887058	0
4007.791466676	3234.397012784	-0.125736	0.826704	1.28189	-0.0272176	-0.00946983	0.00895807	0
4022.597658422	3234.82147095	-0.154677	0.797264	1.23132	-0.0272718	-0.0103825	0.00854138	0
4005.554758743	3237.829471874	-0.159136	0.703373	1.19358	-0.0272498	-0.0102106	0.00846246	0
3983.057093173	3233.690838519	-0.164145	0.605095	1.24043	-0.0259443	-0.0107516	0.00826119	0
3997.577557758	3231.352883044	-0.120912	0.75043	1.22546	-0.0269353	-0.0097725	0.00877761	0
4017.045231881	3235.956536364	-0.128762	0.762347	1.2142	-0.0262757	-0.010055	0.00825563	0
4008.720917041	3232.858324226	-0.131517	0.792505	1.23264	-0.0263043	-0.00988281	0.00792195	0
4032.465290575	3247.919828817	-0.12805	0.826168	1.3468	-0.0272295	-0.00967056	0.00826843	0
4022.500276802	3235.390666025	-0.139228	0.810064	1.36288	-0.0271284	-0.00930498	0.00829282	0
4012.148805882	3239.035686672	-0.14092	0.737975	1.26606	-0.0271161	-0.00954138	0.00838191	0
4020.655327594	3237.12307596	-0.141793	0.755445	1.24303	-0.0267458	-0.00986213	0.0083417	0
4012.82768692	3232.867855141	-0.142315	0.743259	1.22286	-0.0270154	-0.0101079	0.00829697	0
4019.153027755	3233.406240981	-0.13567	0.790947	1.2967	-0.0271021	-0.0098014	0.00837993	0
4009.630835275	3232.653963689	-0.141664	0.811055	1.32018	-0.0275217	-0.00991067	0.00855757	0
4021.664859692	3232.902210762	-0.138289	0.813787	1.31432	-0.027357	-0.00974666	0.00840915	0
3998.585415674	3237.767188456	-0.135143	0.759344	1.26566	-0.0269152	-0.00930499	0.00860432	0
4015.157311986	3230.72694578	-0.139163	0.783046	1.25689	-0.0269253	-0.00965059	0.00848196	0
3995.040055021	3232.684329625	-0.129743	0.772164	1.25002	-0.0270799	-0.00958488	0.00870044	0
4006.895220932	3225.726762091	-0.132661	0.796967	1.26436	-0.0269619	-0.00942229	0.00885684	0
3995.744048798	3228.930257586	-0.13476	0.845358	1.29192	-0.0274511	-0.0089438	0.00889804	0
4001.27080454	3228.691541427	-0.125534	0.82546	1.33136	-0.0275268	-0.00920514	0.00851101	0
3995.136041489	3224.665727501	-0.130186	0.82862	1.32565	-0.0278543	-0.00903406	0.00858827	0
3998.313361004	3225.336437898	-0.135206	0.748951	1.27027	-0.027112	-0.00954698	0.0086645	0
3997.531238707	3228.65585591	-0.131723	0.724445	1.24374	-0.027406	-0.00948957	0.00871477	0
4000.51965462	3225.425097567	-0.122036	0.725968	1.23642	-0.0272787	-0.00936029	0.00853466	0
4001.884392457	3226.742136952	-0.126932	0.793723	1.28125	-0.0271748	-0.00941621	0.008542	0
4020.557108882	3226.319673628	-0.122132	0.79019	1.35037	-0.0276984	-0.00941621	0.00857914	0
4005.587126273	3222.700585935	-0.136286	0.803459	1.33109	-0.0277578	-0.009879	0.00868702	0
4040.98074126	3241.864816714	-0.137802	0.753673	1.21812	-0.0273398	-0.0105065	0.00867038	0
4013.004034152	3240.007618295	-0.140573	0.74579	1.17633	-0.026617	-0.0103039	0.00855316	0
4007.540339288	3236.294551352	-0.134404	0.768542	1.20655	-0.0264662	-0.0101436	0.00849076	0
4023.546361887	3243.663278102	-0.131715	0.81178	1.33181	-0.0268577	-0.0104372	0.0086393	0
4024.946815618	3240.459560958	-0.133197	0.837756	1.35733	-0.0277564	-0.010381	0.00867414	0
4033.745203161	3249.0227551	-0.123582	0.742925	1.2645	-0.027089	-0.0101401	0.00855388	0
4014.566325534	3252.589976888	-0.127971	0.754067	1.18273	-0.0271925	-0.0105801	0.00842956	0
4018.075412231	3238.124043624	-0.127248	0.757256	1.19082	-0.027084	-0.0105564	0.0083835	0
4023.15990474	3242.312326394	-0.134725	0.792507	1.24067	-0.0267806	-0.0101028	0.00830569	0
4027.264442376	3248.702250397	-0.135538	0.843171	1.36106	-0.0269907	-0.0105837	0.00868066	0
4016.056627065	3231.125470993	-0.141071	0.821927	1.37276	-0.0272997	-0.0103189	0.00855887	0
4022.645372626	3245.978182063	-0.134844	0.76632	1.27496	-0.0273474	-0.010742	0.00845325	0
4026.808227622	3245.37862105	-0.123079	0.735696	1.2205	-0.0272464	-0.0102352	0.00851995	0
4003.072225001	3238.714073722	-0.127416	0.757124	1.19917	-0.027437	-0.0102362	0.00835354	0
4022.640629108	3233.680642657	-0.129092	0.819348	1.2951	-0.0277456	-0.0101093	0.00855735	0
4022.435262711	3237.240106723	-0.123814	0.835462	1.38485	-0.0284648	-0.00958561	0.00863417	0
4031.084089943	3241.383838009	-0.11489	0.895769	1.48522	-0.0269169	-0.00933798	0.00881218	0
4019.514372162	3230.391147284	-0.12078	0.872205	1.54886	-0.0249466	-0.00933798	0.00913341	0
4015.571951206	3222.654261258	-0.104126	0.812476	1.70464	-0.0233662	-0.00859553	0.00964266	0
4011.816201609	3223.892393537	-0.129667	0.99697	2.00649	-0.022173	-0.00818612	0.00959551	0
4004.440032172	3223.762063823	-0.170319	0.834558	2.06122	-0.0194688	-0.00868776	0.00922712	0
3986.69564999	3217.001099105	-0.154874	0.767264	2.17173	-0.0174682	-0.0103595	0.00928087	0
3996.71674888	3206.76932999	-0.127913	0.790866	2.17822	-0.0165537	-0.00998299	0.00875235	0
4000.512678859	3213.265867245	-0.122996	0.883756	2.25994	-0.0159776	-0.00918094	0.00844267	0
3988.247617246	3208.6959046	-0.11655	1.01319	2.25304	-0.0157008	-0.00858805	0.00849603	0
4007.194341554	3216.119378696	-0.132395	1.16066	2.36059	-0.0142497	-0.00824612	0.00814703	0
3985.062763909	3220.852031834	-0.147235	1.15772	2.31027	-0.00999339	-0.00790547	0.0069345	0
4000.105573461	3224.666392448	-0.190202	1.15847	2.30545	-0.00763456	-0.00841675	0.00541486	0
3975.871780551	3220.684908357	-0.211463	1.02324	2.33845	-0.00556794	-0.00824004	0.0047413	0
3959.23598627	3221.10759333	-0.172836	0.744415	2.23968	-0.00639567	-0.0100263	0.00636629	0
3991.546594028	3223.583192941	-0.148636	0.804277	2.17768	-0.00838923	-0.0100314	0.00601001	0
4000.7010244	3225.147592803	-0.15416	0.846413	2.16563	-0.00946369	-0.0107427	0.00610605	0
4001.930711508	3230.565806832	-0.155148	0.815083	2.08985	-0.0110855	-0.0106871	0.0059988	0
4019.732573959	3236.379442985	-0.160131	0.86744	2.0172	-0.0125263	-0.011286	0.00624432	0
3999.238625913	3233.304060713	-0.153459	0.944589	1.98143	-0.0131953	-0.0105403	0.00640195	0
4019.103639368	3222.730065275	-0.158019	0.993435	2.01208	-0.0122642	-0.0112252	0.00672513	0
4020.712249802	3234.34980151	-0.172658	1.0176	2.16856	-0.011398	-0.0109728	0.00721417	0
4032.994332271	3230.409987463	-0.171698	0.98883	2.09239	-0.0118702	-0.0113719	0.007216	0
4030.937040906	3235.680139845	-0.165572	0.933672	2.01707	-0.0108977	-0.0114072	0.00717005	0
4006.010136406	3227.759728304	-0.164348	0.921917	1.99077	-0.0123601	-0.0113722	0.0068563	0
4002.854302234	3228.247134835	-0.166096	0.892609	2.01511	-0.0128394	-0.0110053	0.0070196	0
3977.387752881	3226.959131492	-0.1647	0.872984	2.01828	-0.0128451	-0.010484	0.00708531	0
4015.16624096	3231.225878068	-0.164142	0.878471	1.93745	-0.0140153	-0.010734	0.00708297	0
3982.190703686	3229.442710473	-0.163243	0.877605	1.95285	-0.0144882	-0.0103463	0.00741705	0
4001.742086937	3230.397131811	-0.158927	0.966415	2.04532	-0.0153287	-0.0106754	0.00743866	0
3982.216374485	3225.706370367	-0.162606	0.972859	2.12372	-0.0149931	-0.0101491	0.0077681	0
3990.686622241	3223.318987127	-0.147941	0.981356	2.02431	-0.0164806	-0.0101379	0.00781283	0
3988.390480826	3223.975511977	-0.148968	0.942422	1.98059	-0.0165077	-0.00970106	0.00742119	0
3981.90860392	3219.545631609	-0.148706	0.984033	1.96029	-0.0170755	-0.0102915	0.00738887	0
3981.579348012	3215.591410366	-0.148087	0.937825	1.96165	-0.0174058	-0.00995045	0.00741063	0
3977.57442424	3212.690687642	-0.149576	0.955339	1.94662	-0.0183919	-0.00982141	0.00738598	0
3993.039685863	3226.519822831	-0.150643	0.963938	2.07052	-0.017102	-0.0101868	0.00762594	0
4016.837912271	3224.568201865	-0.144671	0.957078	2.16005	-0.0170197	-0.0099512	0.0078117	0
3990.301002186	3226.50142595	-0.162294	0.90466	1.99308	-0.0175429	-0.00983237	0.00743251	0
4008.549034295	3225.216304046	-0.152193	0.901737	1.93784	-0.0185971	-0.0102439	0.00725539	0
3980.920836195	3218.177612914	-0.152476	0.911552	1.92888	-0.0192458	-0.00964877	0.0070526	0
4000.133476504	3213.935469396	-0.16262	0.924103	1.89294	-0.0193067	-0.0100094	0.00717574	0
3975.309255203	3212.372842728	-0.164918	0.931498	1.88395	-0.0200572	-0.00977135	0.00724451	0
3991.063313322	3214.964143207	-0.170865	0.964587	1.94464	-0.020393	-0.00997076	0.00701889	0
4000.476962964	3225.970354532	-0.164769	0.992019	2.0721	-0.0194633	-0.00993447	0.00761649	0
4005.616703499	3219.210276411	-0.169239	0.967933	2.04383	-0.0186774	-0.0102406	0.0074425	0
3995.954437743	3224.050872695	-0.163364	0.902142	1.9258	-0.0187132	-0.00990973	0.00722562	0
3988.471678682	3222.268370048	-0.155756	0.888667	1.85293	-0.0194717	-0.00969958	0.0070685	0
3980.426394272	3212.903470848	-0.162495	0.9029	1.87299	-0.0201335	-0.00979227	0.007155	0
3978.100117571	3211.518606816	-0.153824	0.877975	1.88586	-0.0195405	-0.0100896	0.00697351	0
4006.67980944	3223.049461733	-0.148127	0.919941	1.93894	-0.0199763	-0.00956573	0.0073742	0
3998.461805193	3223.80861015	-0.15883	0.917048	1.99761	-0.0191603	-0.00929782	0.00758036	0
3994.979226387	3213.096748926	-0.156121	0.923835	1.94764	-0.0195405	-0.00975206	0.00765865	0
3995.176221871	3223.263131535	-0.162326	0.875753	1.91487	-0.0193522	-0.0096502	0.0078298	0
4004.255314027	3220.829201969	-0.158654	0.896251	1.90043	-0.0197929	-0.00992355	0.00778962	0
4003.760314043	3217.982561642	-0.157836	0.898706	1.88736	-0.0197717	-0.00981511	0.00787796	0
4012.383470474	3226.173606823	-0.16322	0.957025	1.92593	-0.019533	-0.00990801	0.00759498	0
4007.827461601	3225.642092107	-0.156698	0.936648	1.97792	-0.0197221	-0.0100181	0.007545	0
4012.558980615	3227.681929444	-0.145851	0.951102	1.95763	-0.0203934	-0.00971922	0.00789056	0
4018.530231833	3229.127525349	-0.155373	0.873449	1.89252	-0.0196171	-0.00924406	0.00784012	0
4006.760170204	3225.159340209	-0.154348	0.913389	1.87053	-0.0198031	-0.00962626	0.00773328	0
4016.352678352	3228.476541729	-0.158035	0.877807	1.8686	-0.0195322	-0.0100968	0.00795035	0
4013.774437172	3229.413896081	-0.156313	0.925652	1.90978	-0.0198095	-0.0100319	0.00775352	0
4030.7581824	3229.443818719	-0.157803	0.958144	2.01483	-0.0200079	-0.00926591	0.00813311	0
4025.583563061	3229.358040489	-0.159965	0.984425	2.03468	-0.0207022	-0.00976073	0.00814329	0
4044.292832473	3234.86690903	-0.163173	0.886509	1.90451	-0.0200079	-0.00981838	0.00818556	0
4014.35007695	3236.521741754	-0.151379	0.910355	1.82137	-0.0201215	-0.0100426	0.00804599	0
4034.449475968	3234.043704002	-0.166117	0.88099	1.80136	-0.0204192	-0.00977008	0.008044	0
4010.382822286	3234.138791497	-0.165629	0.945713	1.92738	-0.0198705	-0.00995517	0.00786676	0
4042.681152705	3234.259811946	-0.14833	0.965551	1.98401	-0.0204438	-0.00972817	0.00801229	0
4001.484262819	3220.73766086	-0.170301	0.945628	2.00065	-0.0204438	-0.00974643	0.0080893	0
4045.248232668	3232.499474215	-0.166061	0.876244	1.84476	-0.0207448	-0.0102573	0.00822029	0
4016.148986137	3246.876747809	-0.177126	0.882018	1.77753	-0.0213457	-0.0102417	0.0078481	0
4028.218168388	3237.161199618	-0.188888	0.857219	1.6922	-0.0214768	-0.0101274	0.00815018	0
4013.479502006	3226.869141928	-0.169605	0.933531	1.77612	-0.0217096	-0.00981415	0.00786266	0
4025.534732736	3229.548880427	-0.170673	0.981115	1.84942	-0.021303	-0.00987951	0.007902	0
4011.269580995	3229.092283131	-0.167023	0.886034	1.82591	-0.0211704	-0.00938082	0.00809943	0
4022.040434652	3229.933220093	-0.159078	0.879505	1.72226	-0.021293	-0.00952568	0.00791606	0
4021.417917761	3225.460339785	-0.152937	0.846792	1.72417	-0.021293	-0.00917802	0.00794217	0
4024.605840432	3235.763701583	-0.152773	0.910882	1.7263	-0.0217314	-0.00889723	0.00770747	0
4032.057627115	3225.435736727	-0.152394	0.92914	1.86516	-0.021543	-0.0088863	0.00803443	0
4026.187105883	3227.53830078	-0.150186	0.93714	1.90367	-0.021079	-0.00927811	0.00815519	0
4037.711620734	3229.089401692	-0.149935	0.864772	1.78252	-0.021293	-0.00903611	0.00807197	0
4015.526190216	3229.600967983	-0.145276	0.861314	1.72643	-0.0214953	-0.00922847	0.00771901	0
4024.881243467	3228.406943889	-0.151702	0.862801	1.70696	-0.021943	-0.009083	0.00781238	0
4018.096618544	3233.418431686	-0.15615	0.911196	1.76603	-0.0216604	-0.00917708	0.00764295	0
4041.133928967	3231.170244126	-0.141219	0.952411	1.87219	-0.0216873	-0.00918607	0.00793237	0
4011.57065483	3233.038303354	-0.162281	0.950525	1.95847	-0.0210397	-0.00941771	0.00804773	0
4057.705546248	3237.187575869	-0.16257	0.860241	1.78909	-0.0211139	-0.00965866	0.00808926	0
4019.754896394	3240.583019548	-0.162838	0.85354	1.76444	-0.0209957	-0.00961522	0.00783577	0
4030.112226952	3229.605622615	-0.162761	0.851597	1.6902	-0.0211765	-0.0096781	0.00797828	0
4015.832844659	3247.247566875	-0.16197	0.942407	1.8499	-0.0205549	-0.00918904	0.00803373	0
4033.737669339	3234.621765045	-0.155575	0.940456	1.93677	-0.0211525	-0.0097317	0.00807106	0
4005.130074427	3237.623338143	-0.163274	0.929441	1.91086	-0.0210063	-0.0097317	0.0079763	0
4046.915718522	3245.590074361	-0.150055	0.861577	1.78472	-0.0210111	-0.0097317	0.00813193	0
4012.360031918	3242.92163997	-0.165866	0.877929	1.69593	-0.0220149	-0.00906834	0.00791121	0
4022.051037808	3234.979285161	-0.154207	0.893508	1.72543	-0.0220161	-0.00944078	0.00775976	0
4008.819693813	3231.90323794	-0.150668	0.955987	1.86645	-0.0220657	-0.00906834	0.007855	0
4035.363858689	3228.794608292	-0.152657	0.939542	1.9137	-0.0221782	-0.00939174	0.0078017	0
4003.085618461	3231.54704772	-0.152956	0.890613	1.86375	-0.0219466	-0.00898243	0.00796885	0
4028.42660412	3229.661256558	-0.154264	0.87851	1.83805	-0.0215611	-0.00964544	0.00763009	0
4003.053529962	3235.811799454	-0.161139	0.88565	1.81136	-0.0214617	-0.00917361	0.0076551	0
4021.231246403	3224.945670406	-0.157187	0.895378	1.81299	-0.0213111	-0.00963857	0.00764296	0
4006.670043375	3223.721502025	-0.156817	0.915781	1.82835	-0.0215421	-0.00917361	0.00739924	0
4034.818633228	3229.875812957	-0.15715	0.968989	1.89491	-0.0216552	-0.0094082	0.00735655	0
4014.38216545	3218.552864964	-0.157525	0.973432	1.91832	-0.0219023	-0.00976724	0.00750312	0
4024.83771472	3220.893923527	-0.161449	0.918249	1.8688	-0.0219045	-0.0095438	0.00781778	0
4006.024087927	3219.259482527	-0.167934	0.907076	1.84066	-0.0217934	-0.00977039	0.00798554	0
4012.300598436	3222.456993494	-0.159091	0.930265	1.81388	-0.0214906	-0.00981911	0.00748907	0
4004.835697323	3222.927554688	-0.166919	0.911155	1.8183	-0.0210163	-0.00983337	0.00762038	0
4021.749684943	3224.975371395	-0.159055	0.960902	1.8477	-0.0204627	-0.00950851	0.00739311	0
4025.446001059	3222.630766445	-0.155908	0.980067	1.95438	-0.0199388	-0.00923259	0.00747839	0
4006.846669637	3220.000012413	-0.159135	0.982624	2.00024	-0.0199091	-0.00927788	0.00735757	0
4029.269276021	3223.625084635	-0.160985	0.913367	1.89799	-0.0199091	-0.0091657	0.00772207	0
3999.961872789	3224.976479641	-0.159292	0.918358	1.87402	-0.0199091	-0.00968113	0.00766276	0
4022.694481982	3217.121676255	-0.151409	0.920646	1.81026	-0.0205656	-0.00893231	0.00779474	0
4003.360184405	3217.558325126	-0.161203	0.901945	1.83225	-0.0205412	-0.00893231	0.00786558	0
4024.142649917	3220.758495883	-0.15163	0.982738	1.86153	-0.0205909	-0.00938769	0.00821732	0
4008.595632377	3228.799041275	-0.157831	0.958136	1.96156	-0.0209629	-0.0089323	0.0080574	0
4019.910316344	3221.926365374	-0.1529	0.965334	1.94587	-0.0205207	-0.00926897	0.00810719	0
4002.278383425	3223.720393779	-0.156459	0.922878	1.89487	-0.020605	-0.00911261	0.00806033	0
4016.598225131	3220.825655582	-0.16735	0.891004	1.8672	-0.0208061	-0.00977028	0.00817382	0
3988.525531555	3213.300666165	-0.159955	0.91274	1.87818	-0.0203833	-0.00956862	0.00799953	0
4022.386153356	3217.788175318	-0.161248	0.907897	1.85966	-0.0208359	-0.00984948	0.00807759	0
4002.353442611	3214.326901835	-0.155071	0.940815	1.88953	-0.0207632	-0.00951208	0.00796636	0
4013.415883068	3225.172195861	-0.15156	0.979451	1.93102	-0.0211211	-0.0096051	0.00828115	0
4007.355621143	3215.2607098	-0.153432	0.969979	1.92132	-0.0207119	-0.00946589	0.00840417	0
4017.423039084	3227.707862398	-0.150791	0.931677	1.85658	-0.0214791	-0.00969168	0.00834517	0
4018.038301184	3229.138386159	-0.14729	0.889892	1.83973	-0.0214014	-0.00972151	0.00838894	0
4010.45034765	3232.135747923	-0.160644	0.907603	1.78797	-0.0216109	-0.00988862	0.00829992	0
4026.725355584	3229.100262501	-0.153981	0.90223	1.84133	-0.0216248	-0.00953679	0.00817052	0
4007.862898466	3234.499414702	-0.153958	0.962802	1.93368	-0.0213091	-0.00973005	0.00847433	0
4035.73329498	3230.875894025	-0.148886	0.989081	1.92834	-0.0225808	-0.00947893	0.00866781	0
4018.059786527	3233.85929189	-0.162116	0.931335	1.89909	-0.0222258	-0.00974676	0.00851111	0
4042.882054615	3241.69968808	-0.1589	0.903413	1.80208	-0.0219812	-0.00974858	0.00852412	0
4034.190535728	3239.563655002	-0.153434	0.883298	1.77124	-0.0225064	-0.00985507	0.00828173	0
4024.879290254	3239.748288763	-0.159246	0.97503	1.79058	-0.0220181	-0.00945298	0.00830156	0
4026.491528083	3239.404510896	-0.154854	0.961363	1.94718	-0.0222045	-0.00936152	0.00853575	0
4017.43364224	3235.130449897	-0.169489	0.985408	1.96138	-0.0223518	-0.00991186	0.00848436	0
4033.431851987	3234.697790711	-0.160846	0.925343	1.86829	-0.0223524	-0.0093506	0.00856271	0
4020.451635379	3237.185802676	-0.163863	0.896867	1.85082	-0.022193	-0.00960308	0.00849314	0
4028.977689221	3228.386330516	-0.167586	0.90329	1.78295	-0.0223395	-0.00955575	0.00851662	0
4033.732367761	3230.621440774	-0.160764	0.941023	1.84035	-0.0218863	-0.00960317	0.00831217	0
4031.327404478	3234.388368466	-0.162118	0.979248	1.95818	-0.0220641	-0.00972577	0.00849087	0
4016.17019245	3223.029291658	-0.153868	0.974898	1.97193	-0.022275	-0.0095079	0.00847592	0
4000.791988321	3223.832991559	-0.170423	0.903092	1.88379	-0.0222305	-0.00938685	0.00866534	0
4027.785950251	3230.193657871	-0.165391	0.912261	1.80054	-0.0224519	-0.009556	0.00857846	0
4003.35041834	3228.246469888	-0.170946	0.904273	1.82102	-0.0219107	-0.00963978	0.00854223	0
4019.553157392	3228.267969857	-0.175561	0.975364	1.89018	-0.0224538	-0.00944473	0.00841031	0
4005.733059188	3226.466405381	-0.172124	0.966013	2.011	-0.0223909	-0.00888057	0.00860434	0
4026.292858416	3223.959996535	-0.174074	0.975191	2.02385	-0.0229574	-0.00927111	0.00864787	0
4007.486486415	3222.884333099	-0.175268	0.910386	1.87358	-0.0221737	-0.00911649	0.00835697	0
4023.997275063	3231.129682327	-0.177533	0.895856	1.77311	-0.0226544	-0.00929002	0.00834032	0
4009.639485219	3227.789650942	-0.179291	0.902231	1.78967	-0.0225491	-0.00891226	0.00815165	0
4015.091460805	3229.488148554	-0.174903	0.954609	1.90024	-0.0227557	-0.00881583	0.00845837	0
3999.291641694	3222.767080687	-0.176222	0.960036	1.93868	-0.0224602	-0.00878362	0.00846591	0
4023.46404791	3230.946378461	-0.178019	0.89002	1.84723	-0.0225563	-0.00888552	0.00860303	0
4014.514425874	3233.747580707	-0.189066	0.877212	1.7822	-0.0225267	-0.00875315	0.00835147	0
4032.832494622	3230.96012071	-0.188669	0.868812	1.73905	-0.0232687	-0.00883956	0.00887484	0
4022.948399674	3235.46181541	-0.192995	0.877031	1.6968	-0.0232264	-0.00921944	0.00817144	0
4024.017644284	3235.892258103	-0.192085	0.951497	1.79761	-0.0232824	-0.00945015	0.00832222	0
4025.668109282	3231.900134852	-0.191708	0.970235	1.86275	-0.0227146	-0.00934569	0.00842925	0
4019.864555353	3233.788807454	-0.200378	0.908474	1.80882	-0.0223842	-0.00934034	0.00870601	0
4034.261409457	3239.135872098	-0.210673	0.892928	1.74207	-0.0222967	-0.00989318	0.00854872	0
4012.47806179	3242.370176828	-0.202613	0.87061	1.70506	-0.0225125	-0.00989491	0.00837141	0
4038.594473016	3249.0763942	-0.198457	0.87946	1.586	-0.0229609	-0.00990049	0.00824501	0
4021.478188334	3241.015900382	-0.203746	0.90752	1.65264	-0.0229361	-0.0101672	0.00792217	0
4026.556263143	3236.213206106	-0.214825	0.938037	1.73552	-0.0231666	-0.0105028	0.00770791	0
4020.457215988	3236.634782832	-0.210319	0.90127	1.72214	-0.0233605	-0.0100366	0.0079056	0
4015.035375688	3236.251994711	-0.221446	0.901188	1.63255	-0.0230929	-0.0104854	0.00791101	0
4025.494552354	3228.927154497	-0.203979	0.842024	1.6443	-0.0229832	-0.0103959	0.00802479	0
4006.495928386	3227.751748934	-0.222359	0.876883	1.59177	-0.0233811	-0.0107004	0.00737664	0
4024.933701188	3238.058657118	-0.210773	0.932442	1.72861	-0.0231754	-0.0108238	0.0074573	0
4018.724157983	3237.469735266	-0.211475	0.919788	1.85619	-0.0234444	-0.0106714	0.0074418	0
4032.658379633	3234.922764622	-0.228628	0.881985	1.73816	-0.0233013	-0.0108776	0.00767031	0
4012.23781659	3231.811475183	-0.219068	0.866438	1.70914	-0.0228127	-0.0108776	0.00780822	0
4021.141119574	3231.899913203	-0.223864	0.867131	1.62887	-0.0231705	-0.0110547	0.00783798	0
4003.755570525	3228.176428749	-0.221997	0.902187	1.59902	-0.0235709	-0.010556	0.00764827	0
4009.427701122	3232.551340122	-0.225319	0.942649	1.72799	-0.023613	-0.0108776	0.00764012	0
4004.841835992	3220.038136071	-0.224556	0.950217	1.76826	-0.0233718	-0.0109389	0.00767475	0
4026.445767092	3228.701958938	-0.223407	0.922782	1.71094	-0.0236139	-0.0109253	0.00786925	0
4024.438422174	3233.567823228	-0.216129	0.855799	1.60793	-0.0234129	-0.0104982	0.0079968	0
4007.536990923	3228.884154558	-0.215405	0.86876	1.55076	-0.0233803	-0.0104462	0.00771821	0
4005.555316804	3220.988789373	-0.218149	0.859261	1.59617	-0.0235693	-0.0103958	0.00780467	0
4012.559259646	3235.339243417	-0.227935	0.932244	1.71649	-0.0235407	-0.0113443	0.00776092	0
4013.146339672	3226.392817855	-0.238021	0.91397	1.78186	-0.0237896	-0.0109824	0.00780551	0
3986.26147864	3223.038379274	-0.246391	0.880687	1.7451	-0.0234008	-0.0113523	0.00750655	0
4027.530358377	3235.459598918	-0.224098	0.841182	1.61719	-0.0234051	-0.0100322	0.00777577	0
3997.343730257	3225.251546265	-0.2233	0.859376	1.6473	-0.0235864	-0.0105189	0.00754012	0
4014.076906159	3224.037352096	-0.22311	0.88847	1.68114	-0.0230443	-0.010442	0.00775102	0
4011.64878335	3230.415085394	-0.218309	0.912787	1.80379	-0.0234158	-0.010164	0.0076566	0
4018.599989441	3223.598708383	-0.219412	0.912895	1.77482	-0.0242067	-0.00989937	0.00761095	0
3988.965841575	3225.308510102	-0.225934	0.852647	1.71359	-0.0231656	-0.0104207	0.00771978	0
4014.963664867	3221.057278968	-0.225679	0.855688	1.66782	-0.0236729	-0.0103071	0.00778407	0
3989.590032648	3226.572353685	-0.219783	0.860164	1.67377	-0.0232881	-0.0101453	0.00749205	0
4022.184972415	3222.318241112	-0.214531	0.89799	1.68387	-0.0234563	-0.0101052	0.00776881	0
4017.072297833	3229.402370324	-0.206896	0.920362	1.77164	-0.0237323	-0.00988003	0.00798356	0
4039.111795435	3233.939528891	-0.214945	0.921456	1.79192	-0.0238412	-0.0102109	0.00776544	0
4003.71287887	3232.880045845	-0.223794	0.893724	1.70723	-0.0234879	-0.0101783	0.00787134	0
4030.655499201	3233.400921401	-0.231334	0.87304	1.66121	-0.0234971	-0.0103363	0.00780904	0
4008.754679723	3232.990427133	-0.215775	0.868875	1.62586	-0.0235402	-0.0101483	0.00793361	0
4024.239194446	3234.758965883	-0.225201	0.916774	1.67337	-0.02388	-0.0105868	0.00785489	0
4030.379259075	3238.680161399	-0.219161	0.940482	1.8033	-0.0227802	-0.0104032	0.00783847	0
4032.750738705	3239.608649784	-0.215835	0.917343	1.76983	-0.0236711	-0.0105868	0.00770794	0
4027.915699402	3235.104738592	-0.216173	0.869981	1.70959	-0.0230692	-0.0103069	0.008023	0
4015.571951206	3235.162367377	-0.209423	0.865484	1.64575	-0.0230124	-0.0105254	0.00791575	0
4023.173298201	3227.978939336	-0.206713	0.850882	1.63135	-0.0235025	-0.0101044	0.00794464	0
4009.648693223	3238.236419755	-0.212871	0.913011	1.69395	-0.0228854	-0.0105133	0.00771305	0
4040.568892344	3244.813194011	-0.210977	0.942305	1.80965	-0.0233225	-0.0104497	0.00795807	0
4008.859874195	3232.919056099	-0.208333	0.939969	1.91654	-0.023564	-0.0105587	0.00797763	0
4038.294236273	3235.957644609	-0.224389	0.888504	1.75893	-0.0232209	-0.0105494	0.00798896	0
4014.085556102	3241.202307336	-0.217188	0.911064	1.70164	-0.0234596	-0.0105494	0.00798518	0
4024.899101415	3238.316435106	-0.223542	0.895684	1.58289	-0.022217	-0.0111464	0.00836017	0
4009.591491984	3227.848166324	-0.202309	0.888827	1.59683	-0.0225203	-0.0108973	0.00867011	0
4017.442013153	3233.470075943	-0.215132	0.941231	1.7058	-0.0228536	-0.0104697	0.00813295	0
4023.157114436	3229.155896444	-0.195394	0.932472	1.80523	-0.0235584	-0.0102595	0.00807224	0
4015.60683001	3219.772600362	-0.206371	0.932005	1.76871	-0.0234592	-0.00991159	0.00811633	0
4016.909344061	3224.871417933	-0.210096	0.889788	1.72401	-0.0230988	-0.010334	0.00839402	0
4003.615218219	3231.8471607	-0.222282	0.853037	1.6413	-0.0231278	-0.0103756	0.00844145	0
4008.773932822	3222.634091183	-0.222228	0.825499	1.64424	-0.0227383	-0.0103339	0.00843633	0
3994.558169467	3230.283425786	-0.214911	0.893375	1.62318	-0.0232123	-0.0103339	0.00835917	0
4020.998255993	3226.415426071	-0.21086	0.95069	1.75428	-0.0230026	-0.0104226	0.0083809	0
3998.545514323	3223.758517437	-0.21964	0.945719	1.77001	-0.0229071	-0.0103339	0.00842454	0
4017.119174945	3219.418848282	-0.218755	0.925313	1.74509	-0.0231696	-0.0103339	0.00851549	0
3993.161622162	3223.594275399	-0.211898	0.885325	1.72758	-0.0230926	-0.0105912	0.00870438	0
4026.407818954	3219.292286604	-0.218601	0.901867	1.70424	-0.0233784	-0.0108527	0.00858576	0
4002.379950502	3224.612974998	-0.205697	0.88284	1.72091	-0.0231696	-0.0107097	0.00854687	0
4027.675733231	3225.76998368	-0.2106	0.883534	1.68068	-0.0232652	-0.0109499	0.00878513	0
4006.006788041	3227.504166808	-0.214802	0.920929	1.70011	-0.0233807	-0.0102967	0.00863864	0
4022.758658981	3222.950606202	-0.212894	0.973672	1.71054	-0.0238611	-0.0105443	0.00896605	0
4012.237537559	3223.029513307	-0.204694	0.921886	1.72648	-0.023668	-0.00989329	0.0091029	0
4030.748974395	3228.423789226	-0.216141	0.858221	1.65979	-0.0238486	-0.010729	0.00892501	0
4006.094403596	3228.773329971	-0.21044	0.813389	1.63976	-0.0231196	-0.0101047	0.00895452	0
4023.558081165	3226.910368674	-0.213505	0.84673	1.65526	-0.0232141	-0.0106281	0.00873929	0
4008.005203986	3225.366582185	-0.214434	0.871632	1.64013	-0.0227106	-0.00984171	0.00881288	0
4016.522328854	3225.976560709	-0.210448	0.899356	1.61595	-0.0230516	-0.0104365	0.008728	0
4034.896482718	3232.44450522	-0.206759	0.893625	1.60092	-0.0225158	-0.0102818	0.00869985	0
4025.629882113	3234.678507233	-0.204658	0.93936	1.62701	-0.0227873	-0.0108672	0.00883149	0
4024.995924974	3225.164881438	-0.203612	0.935305	1.6592	-0.0232139	-0.0104687	0.00897968	0
4022.516181536	3230.771275615	-0.208901	0.903385	1.69996	-0.0230417	-0.010396	0.00903344	0
4032.854258995	3240.843457326	-0.212087	0.836632	1.57675	-0.0229831	-0.0109059	0.00914889	0
4017.115547549	3240.743715198	-0.215125	0.819651	1.57649	-0.0225535	-0.0108041	0.00900391	0
4016.560835053	3235.067058233	-0.208398	0.818951	1.57799	-0.0225754	-0.01121	0.00899305	0
4030.917229745	3235.634036817	-0.202501	0.859441	1.60982	-0.0223016	-0.0109525	0.00893498	0
4030.163010491	3244.062024964	-0.209159	0.936579	1.70865	-0.0223016	-0.0111787	0.00896836	0
4029.162128336	3232.510335025	-0.208566	0.935684	1.73598	-0.0228716	-0.0108421	0.00897267	0
4020.642771224	3229.144813985	-0.224897	0.88598	1.67879	-0.0222412	-0.0108062	0.00906813	0
4035.097105598	3235.410171153	-0.218596	0.886864	1.58642	-0.0223635	-0.0111807	0.0091649	0
4009.703104157	3238.882970392	-0.211119	0.861968	1.58222	-0.0224095	-0.0111807	0.00902098	0
4011.937579846	3231.050553573	-0.205719	0.882651	1.61127	-0.0223453	-0.0113485	0.00883946	0
4009.859640228	3227.234641414	-0.214446	0.924745	1.70732	-0.0224409	-0.0111117	0.0088129	0
4010.731889355	3227.397775205	-0.220637	0.943128	1.72559	-0.0224886	-0.0114185	0.00884208	0
4014.46001494	3227.835532321	-0.227913	0.839867	1.62926	-0.0223408	-0.0110866	0.00907801	0
4021.68913534	3234.455528165	-0.213004	0.85364	1.56384	-0.0227767	-0.0107259	0.00873374	0
4013.916463661	3225.280139008	-0.217518	0.842106	1.58076	-0.0229199	-0.0108068	0.00864792	0
3997.343451227	3225.04386099	-0.215504	0.937539	1.63908	-0.0226706	-0.0105342	0.00874392	0
4002.287591429	3216.437445259	-0.211201	0.953151	1.69941	-0.0225356	-0.0106546	0.00921115	0
4012.67198794	3219.316668014	-0.19974	0.967116	1.75425	-0.0221865	-0.00977928	0.00995459	0
4019.445451646	3224.455160787	-0.189537	0.947679	1.82972	-0.0213597	-0.0105247	0.0102242	0
4018.685093722	3229.452684686	-0.188523	0.927158	2.02326	-0.0210062	-0.0110002	0.0101238	0
4013.810990158	3211.570029424	-0.212104	0.870652	2.04545	-0.019393	-0.0113359	0.0102372	0
4000.814868816	3210.660381219	-0.207277	0.908976	2.14796	-0.0180323	-0.0121296	0.0102389	0
