3335.229147148	2739.048185112	-0.0284113	0.278706	-0.0939898	-0.00162733	-0.00105608	0.000198277	1
3289.070380466	2735.560580515	-0.00744919	0.305242	-0.114903	-0.00207472	-0.000732788	0.000447711	1
3220.517569845	2736.818365086	0.00895449	0.257391	-0.108246	-0.00323495	-0.00109038	0.000648339	1
3178.282135359	2744.390827679	0.0115873	0.260195	-0.111714	-0.00171048	-0.00085558	0.000477787	1
3163.952623407	2740.047751951	0.0173017	0.383741	-0.169573	-0.000766524	-0.00148565	0.000343734	1
3172.082344123	2745.084884973	0.00242893	0.420083	-0.156732	-0.00147194	-0.000580127	0	1
3138.740024681	2741.859272572	-0.0293518	0.334979	-0.108313	-0.00181937	-7.47648e-05	0.000479825	0
3103.898364469	2740.509568704	-0.0200581	0.181127	-0.144394	-0.00145486	0.000455307	0.001046	0
3117.824735597	2754.395377155	-0.0494096	0.182156	-0.0694439	-0.000725809	0.000528361	0.000812684	0
3105.34452496	2745.123073666	-0.0585325	0.22089	-0.00417973	-0.00108487	0.00157038	0.00109337	0
3091.188277788	2734.127838443	-0.112016	0.357447	-0.0615984	-0.00187265	-0.000180437	0.000731568	0
3117.337535621	2740.280214519	-0.0952261	0.257447	0.153371	-0.00213134	0.00123771	0.000598566	0
3146.801125682	2743.683892802	-0.137433	0.200091	0.147378	0.000152467	0.00149637	0.000540768	0
3085.645520321	2729.562291375	-0.155284	0.14184	-0.0855606	-0.000614672	0.000860708	0.00040693	0
3072.582042108	2732.111386638	-0.171481	0.227891	-0.426563	-0.000709276	0.00120386	0.000642747	0
3042.753052066	2720.890127638	-0.143928	0.512912	-0.27825	-0.00115435	0.00130334	0.00076683	0
3083.866554214	2702.359286352	-0.21285	0.832873	0.53699	-0.00521279	0.00191636	0.00103028	0
2984.458888814	2627.054069968	-0.840405	0.938704	-0.599608	-0.000523724	0.0101089	0.00656571	0
3116.282507506	2713.56100695	-1.09529	0.522637	-1.43188	0.00746704	0.0102993	0.00633925	0
3079.044303753	2728.349578343	-0.851998	0.645528	-0.575195	0.00655861	0.00930469	0.00648886	0
3062.565279234	2715.820356606	-0.872897	0.496664	-0.256325	-0.000663952	0.00664528	0.00630161	0
3142.598168148	2730.148221381	-0.825438	0.385492	0.0138342	0.000978489	0.00793813	0.0036113	0
3086.180754097	2711.218841118	-0.753054	0.26835	0.0585479	0.0014078	0.00711895	0.00291353	0
3083.811658442	2729.311400543	-0.680759	0.167345	-0.00914582	0.00129432	0.00680014	0.00335657	0
3046.074246264	2710.989042877	-0.604678	0.279127	-0.0371836	0.00204129	0.00603995	0.0033967	0
3105.083770043	2726.76474758	-0.573115	0.278372	-0.0413437	0.00196718	0.0085339	0.0031762	0
3012.524352185	2699.668093627	-0.631781	0.572318	0.203759	0.000512398	0.00995471	0.00459459	0
3053.884885306	2711.938653577	-0.636466	0.589869	0.520667	0.000189494	0.0112175	0.00374092	0
3109.734471217	2728.938616731	-0.763708	0.511525	0.920321	0.00498887	0.0183072	0.00323551	0
3060.441499059	2714.959556821	-0.724958	0.168021	0.910413	0.00654219	0.0195774	0.00208399	0
3017.943594164	2717.43693727	-0.643393	0.279758	1.09121	0.0049471	0.0198171	0.0024491	0
3041.143919753	2709.366245449	-0.561664	0.27884	1.03248	0.00626497	0.0177763	0.00227021	0
3028.713458409	2708.776763007	-0.846715	0.452918	1.15078	0.00441677	0.0179877	0.00184191	0
3012.87431273	2711.013687906	-0.822709	0.477769	1.04687	0.00578449	0.0191203	0.00210846	0
3073.273385735	2735.370525159	-0.967597	0.446362	1.18211	0.00786737	0.0218876	0.00454382	0
3061.575439847	2742.233388547	-1.10049	0.458036	1.47191	0.00887989	0.0214142	0.00711543	0
2975.063134359	2697.572378081	-0.931051	0.450069	1.50852	0.00642602	0.0218385	0.00626085	0
3003.734166713	2717.824818937	-0.897058	0.0978568	1.75997	0.00442817	0.0226745	0.00541521	0
2982.724525521	2719.134557893	-0.855123	0.0491602	1.99463	0.00291132	0.0210118	0.00470408	0
2999.486606364	2717.878771568	-0.886007	0.153702	1.94836	0.00295935	0.0212532	0.0043603	0
3021.525543279	2717.756212506	-0.884628	0.275315	1.9815	0.00277963	0.02086	0.00422352	0
3033.355582118	2726.032723621	-0.883664	0.268787	1.91821	0.00119878	0.0212124	0.00379544	0
3043.760046381	2724.85176049	-0.86665	0.396872	1.99901	0.000504658	0.0196453	0.00349931	0
3063.188003146	2733.005712543	-0.887868	0.215842	2.05779	-0.00114097	0.0190034	0.00335284	0
3069.837253514	2733.579875103	-0.923271	0.180732	1.98326	7.08361e-05	0.0208228	0.00291359	0
3044.528587187	2737.462910295	-0.905355	0.173866	1.89226	0.00283231	0.0204883	0.0028441	0
3125.028090162	2734.485746427	-0.874995	0.173969	1.85958	0.00313239	0.0197591	0.00251791	0
3088.585875102	2733.573214284	-0.890944	0.192753	1.84347	0.00205917	0.0199093	0.00219672	0
3086.568455486	2734.400487949	-0.89796	0.185308	1.86303	0.000732823	0.0196705	0.00187442	0
3130.385574399	2734.726201977	-0.86507	0.178144	1.88114	0.00111115	0.0190405	0.00224126	0
3121.079025573	2733.56455522	-0.840973	0.163091	1.86925	0.00145725	0.0194929	0.00225233	0
3102.95484339	2733.186220726	-0.827726	0.24191	1.86	0.00198356	0.0193399	0.0021201	0
3079.330791063	2731.908453699	-0.830064	0.216366	1.87036	0.00192155	0.0190587	0.00181961	0
3117.617160959	2734.382947794	-0.839928	0.300387	1.82406	0.00303003	0.0195209	0.00172969	0
3110.274851471	2731.385579442	-0.837925	0.36856	1.8058	0.00263129	0.0194384	0.00156141	0
3081.30703885	2739.758006344	-0.833321	0.269883	1.81165	0.00232234	0.0198398	0.00149729	0
3129.122971646	2732.405572791	-0.84384	0.211948	1.81994	0.00268475	0.019987	0.00127417	0
3102.376722293	2730.222378494	-0.842895	0.193918	1.84822	0.00220506	0.0196655	0.00102059	0
3053.955220514	2731.41843948	-0.842719	0.197819	1.86617	0.00287751	0.0199158	0.00104174	0
3111.908000684	2729.072277156	-0.832607	0.163721	1.87272	0.00217306	0.0195564	0.000888626	0
3070.85625628	2729.180848499	-0.867643	0.230862	1.91881	0.000560049	0.0196342	0.00058939	0
3047.17730818	2726.030059293	-0.892511	0.16524	1.96789	-0.00064327	0.0198799	0.000986032	0
3103.177857464	2718.531309759	-0.871087	0.136153	1.90893	-1.30384e-05	0.0204001	0.00133948	0
3055.902304923	2722.295782382	-0.854839	0.133042	1.92074	0.000560049	0.020287	0.00103757	0
3028.586511936	2725.85288152	-0.85482	0.124396	1.98753	-7.56316e-05	0.0196177	0.000714273	0
3072.712419566	2726.643520682	-0.847963	0.191353	1.97803	0.00227348	0.0200594	0.00132161	0
3059.688397689	2713.833656457	-0.881844	0.225555	2.05515	-0.000909022	0.0198433	0.000524596	0
3020.698675715	2715.067906136	-0.900727	0.282709	2.04933	-0.00126146	0.0199905	0.000483264	0
3077.714796778	2721.466066416	-0.894756	0.236554	1.95548	-0.00098067	0.0198642	0.0011701	0
3051.774829075	2714.502180613	-0.913242	0.133427	1.94799	-0.00195534	0.0201162	0.00133902	0
3033.12399058	2712.286348306	-0.901791	0.13586	1.94779	-0.00114975	0.0203078	0.00103329	0
3027.900314788	2715.274835566	-0.872963	0.150551	1.95376	-0.000639493	0.019762	0.00102693	0
3043.545609772	2715.865206117	-0.862487	0.249632	1.89323	-0.000952028	0.0198055	0.000884704	0
3026.057875444	2722.408350215	-0.878039	0.393312	1.77033	-0.000734146	0.0210432	0.000818732	0
3085.97317946	2709.067174696	-0.865562	0.279548	1.78703	-0.000400037	0.0215524	0.00127553	0
3065.198560791	2719.250900191	-0.83238	0.208312	1.87667	-0.0015687	0.0204826	0.00140266	0
3043.921302711	2717.544842531	-0.837282	0.186447	1.93289	-0.00142579	0.0200104	0.00126599	0
3081.372227579	2716.799940988	-0.838053	0.18981	1.92731	-0.00176095	0.0198459	0.00122459	0
3057.835665388	2713.545243013	-0.836786	0.225576	1.93466	-0.00227026	0.0197826	0.00119852	0
3046.947432136	2721.398126067	-0.818407	0.302362	2.00534	-0.00284857	0.0195665	0.00186017	0
3106.102772809	2716.896744885	-0.815041	0.234855	1.93445	-0.00216221	0.0194329	0.00184416	0
3080.384103686	2718.064830433	-0.799829	0.158234	1.93535	-0.00249509	0.0192956	0.0016881	0
3042.120035196	2716.30992677	-0.824004	0.123063	1.94009	-0.00230809	0.018982	0.0012832	0
3079.327360077	2716.881202975	-0.82387	0.175542	1.91771	-0.00104879	0.0191377	0.00132567	0
3076.32353206	2718.354354013	-0.849268	0.227489	1.98354	-0.00333491	0.0190106	0.00102224	0
3056.252265468	2719.273991029	-0.846152	0.243027	2.00649	-0.00420009	0.018873	0.00144899	0
3123.439543764	2724.166806315	-0.852046	0.173616	1.88928	-0.00272811	0.0205024	0.00134565	0
3076.093656015	2720.124133504	-0.839629	0.150109	1.92669	-0.00205157	0.0196355	0.00115144	0
3038.642731147	2716.893636503	-0.850336	0.15856	1.94245	-0.00208157	0.0197093	0.0012992	0
3124.367625407	2721.908344769	-0.840446	0.173999	1.93012	-0.00178633	0.0195719	0.00125736	0
3090.781705977	2719.948953976	-0.852551	0.251345	1.96419	-0.00305593	0.0197966	0.000836523	0
3075.28394338	2722.554444169	-0.871709	0.252039	1.98898	-0.00322821	0.0200857	0.00134091	0
3121.25057486	2724.371293445	-0.853392	0.182099	1.91476	-0.00206555	0.0204753	0.00117257	0
3089.949691935	2721.910343014	-0.816194	0.116564	2.02126	-0.00322396	0.0194915	0.0012612	0
3046.132573022	2719.249346	-0.85037	0.127131	1.97791	-0.00365851	0.01918	0.000934717	0
3092.464604484	2720.904337385	-0.855331	0.182604	1.98581	-0.00306472	0.0191175	0.000738163	0
3075.290805351	2727.286733728	-0.874714	0.260606	2.00246	-0.00392802	0.0198091	0.000610905	0
3083.182072558	2724.027817234	-0.870314	0.243362	2.03275	-0.00414072	0.0191323	0.00127265	0
3112.914995	2725.414155604	-0.856198	0.123829	1.94996	-0.00386542	0.0193295	0.000784757	0
3077.134960188	2723.178562868	-0.870121	0.130854	1.93492	-0.00353178	0.0195417	0.000406878	0
3056.236826032	2723.681232642	-0.875598	0.173705	1.93385	-0.0042389	0.019566	0.000236386	0
3130.979134932	2723.807566167	-0.875313	0.201667	1.93741	-0.00321663	0.018985	-7.36084e-05	0
3089.663204625	2725.679256182	-0.880384	0.368046	1.94756	-0.00266766	0.0189331	4.42337e-05	0
3078.670326307	2725.274500441	-0.892305	0.228366	2.0049	-0.0043322	0.0182243	0.000582885	0
3123.799797267	2726.365542521	-0.893877	0.133272	1.93458	-0.00404381	0.0188909	0.000761016	0
3082.092734585	2725.652390881	-0.903021	0.086975	1.96361	-0.00392109	0.0190709	0.000666241	0
3041.052998631	2720.020002707	-0.918654	0.101141	1.991	-0.00438156	0.0190826	0.000566903	0
3101.81918711	2722.679001476	-0.887867	0.156895	1.94779	-0.00416916	0.0187892	0.00056975	0
3085.707278065	2722.097289989	-0.887054	0.239321	1.99161	-0.00496382	0.0188093	0.000130706	0
3063.721521429	2725.44390726	-0.917741	0.248584	1.98777	-0.0044064	0.0193223	0.000648358	0
3101.426339242	2727.013196113	-0.89984	0.127173	1.88293	-0.00351673	0.0198306	0.00103471	0
3085.249241468	2725.582674313	-0.887631	0.144069	1.89798	-0.00356606	0.0197325	0.000737454	0
3072.347019585	2722.779801864	-0.897299	0.151419	1.89985	-0.0038114	0.0193151	0.00075733	0
3112.832651342	2722.641256838	-0.889915	0.144576	1.8985	-0.00315251	0.0198769	0.000658497	0
3099.204775974	2718.997345031	-0.889899	0.23891	1.92417	-0.00396338	0.0201154	0.000430728	0
3078.539948849	2726.066249741	-0.887224	0.245331	1.94801	-0.00407814	0.0194168	0.0005034	0
3136.967920545	2729.131780469	-0.887537	0.192158	1.90097	-0.00335718	0.0200788	0.000244254	0
3120.325924203	2723.119059556	-0.890297	0.164728	1.91352	-0.00319835	0.0197993	0.000497009	0
3099.465530891	2725.493197317	-0.883198	0.11944	1.96	-0.00347881	0.0196104	0.000295071	0
3092.589835463	2718.452268046	-0.868435	0.177337	1.94247	-0.00393525	0.01924	0.000205922	0
3079.154095297	2716.431375695	-0.872258	0.240032	1.95199	-0.00438835	0.0190303	-9.65529e-05	0
3135.091171344	2721.27112646	-0.872563	0.233257	1.9188	-0.00329985	0.0192764	0.000161139	0
3096.787646519	2715.494864605	-0.871399	0.219992	1.89678	-0.00302928	0.0198017	5.23376e-05	0
3045.267964615	2717.81482771	-0.873816	0.179292	1.93445	-0.0025162	0.0197905	8.79215e-06	0
3068.516324004	2720.650560198	-0.876127	0.176067	1.933	-0.0028828	0.0189521	2.42074e-05	0
3071.590487228	2713.288135417	-0.889366	0.238864	1.95342	-0.00369607	0.0184513	-0.000371426	0
3075.992441936	2712.986844391	-0.889015	0.258303	1.93818	-0.00261009	0.0195033	-0.000180004	0
3074.952853256	2710.751473682	-0.892438	0.220922	1.93524	-0.00444913	0.0190673	-6.0613e-05	0
3057.432524564	2714.249291535	-0.884048	0.146753	1.92876	-0.00410533	0.0188818	-3.82287e-05	0
3069.663988734	2709.889563761	-0.906954	0.146211	1.87811	-0.00374766	0.0191021	0.000438281	0
3061.264935638	2714.089875944	-0.934182	0.190354	1.89724	-0.00402185	0.0201129	0.000644387	0
3026.479886691	2716.230441002	-0.901084	0.246713	1.95205	-0.00656462	0.0190387	0.000397648	0
3082.434117667	2714.974432649	-0.925718	0.280099	1.88441	-0.00552682	0.0197842	0.000287961	0
3080.444145936	2718.635662583	-0.913784	0.205283	1.84473	-0.00486673	0.0200076	0.000508666	0
3051.445454443	2724.188787016	-0.903493	0.130138	1.85997	-0.00555716	0.0191092	0.000615522	0
3092.219289003	2722.599515708	-0.909169	0.155509	1.84022	-0.00492063	0.0199198	0.000942897	0
3072.055385797	2719.935854366	-0.901964	0.199672	1.83361	-0.00438769	0.0200486	0.000891446	0
3050.716369973	2724.425468102	-0.888386	0.281664	1.86208	-0.00564393	0.0193972	0.000605165	0
3114.441783655	2726.96679241	-0.923622	0.293272	1.79623	-0.00400573	0.020214	0.000839669	0
3080.438999457	2730.828290956	-0.91942	0.214538	1.81925	-0.00451332	0.0203621	0.000601932	0
3070.060267588	2730.253462314	-0.914259	0.121886	1.87893	-0.00537167	0.0197859	0.000908677	0
3097.436102824	2729.804301116	-0.889842	0.141145	1.87141	-0.00471414	0.0199904	0.0010845	0
3083.489145782	2723.209868715	-0.874621	0.206119	1.87789	-0.00539722	0.0187569	0.00120374	0
3094.931483232	2728.081369382	-0.868826	0.240279	1.90865	-0.00550427	0.0188131	0.00108246	0
3089.685506033	2729.157757661	-0.885793	0.238986	1.90195	-0.0056817	0.0193377	0.000990059	0
3078.109360139	2730.164207346	-0.905564	0.187907	1.87105	-0.00634501	0.0191286	0.000825053	0
3112.453527417	2724.715879791	-0.895813	0.155298	1.87821	-0.00506017	0.0193958	0.000424167	0
3079.991255818	2722.948986655	-0.906732	0.184921	1.8752	-0.00457132	0.0200648	0.000696001	0
3056.655406293	2728.386434872	-0.910608	0.246917	1.87762	-0.00422368	0.0198985	0.000374238	0
3129.692515279	2719.757344429	-0.918765	0.300279	1.87474	-0.00447166	0.020099	0.000202369	0
3079.987824832	2723.850639461	-0.929413	0.325337	1.90141	-0.00552864	0.0203409	0.000272025	0
3060.184175129	2722.123267181	-0.93485	0.192023	1.85722	-0.00508607	0.0199606	0.00073011	0
3109.022541675	2723.068215307	-0.920275	0.124499	1.85722	-0.00528998	0.0202689	0.000930613	0
3078.624008	2723.665468705	-0.896793	0.127438	1.86354	-0.00550221	0.0198247	0.000500461	0
3065.105924176	2721.123700343	-0.88987	0.146924	1.88419	-0.0054953	0.0192595	0.000460724	0
3113.515417505	2727.932167046	-0.932024	0.183498	1.70122	-0.0015014	0.0203574	7.62532e-05	0
3087.561725858	2722.407240079	-0.927828	0.236874	1.60254	-0.000423517	0.0204775	0.00069409	0
3074.518833559	2725.710340002	-0.946096	0.272978	1.67595	-0.00205404	0.0205799	0.000634394	0
3109.616102209	2731.000140075	-0.927642	0.29135	1.71499	-0.00302924	0.020816	0.000571891	0
3088.397170886	2723.133269302	-0.939832	0.243422	1.70694	-0.00341461	0.0213059	0.00109858	0
3081.960641634	2720.719388656	-0.935323	0.164342	1.66057	-0.00231677	0.0214624	0.00118076	0
3074.402180044	2727.364221251	-0.946848	0.133973	1.7073	-0.00259436	0.0215546	0.000689413	0
3089.222322957	2725.414821686	-0.932723	0.181672	1.7403	-0.00325626	0.0211879	0.000750229	0
3093.336074862	2726.047155394	-0.910598	0.308277	1.81862	-0.00455094	0.0196148	0.000639346	0
3095.88015079	2720.565967802	-0.912905	0.220695	1.84045	-0.00426623	0.0197198	0.00109321	0
3111.753606326	2720.847942454	-0.859118	0.139145	1.80637	-0.00418981	0.0199688	0.00169941	0
3068.195526837	2717.394086004	-0.80052	0.176143	1.83556	-0.00449841	0.0186149	0.00189574	0
3047.559863091	2720.606376768	-0.734449	0.19982	1.87027	-0.00455776	0.0176234	0.00255693	0
3081.789092347	2718.442720872	-0.719762	0.278273	1.85403	-0.00527068	0.0171862	0.00313092	0
3089.265210279	2718.761552054	-0.784477	0.35076	1.87299	-0.00666404	0.0175825	0.00254129	0
3047.909823636	2720.685196454	-0.8133	0.177325	1.88724	-0.00535079	0.0176211	0.00214527	0
3088.129553999	2722.393696414	-0.814594	0.127657	1.8469	-0.003535	0.0186455	0.00178286	0
3081.535199402	2726.264076052	-0.829502	0.0974883	1.90082	-0.0052311	0.0180464	0.00129068	0
3051.937800897	2724.255839256	-0.833887	0.11349	1.91665	-0.00438393	0.0177174	0.00118025	0
3111.247535929	2720.26512083	-0.848561	0.232436	1.87361	-0.00511874	0.0185328	0.00228837	0
3076.148551787	2715.204008862	-0.820111	0.218371	1.81292	-0.00273196	0.0192166	0.00234169	0
3046.28696738	2713.81211981	-0.798871	0.25689	1.74068	-0.00228725	0.0188066	0.00197492	0
3099.021218237	2728.025196479	-0.835478	0.212772	1.64624	-0.0070835	0.0194288	0.00363696	0
3066.135219898	2720.116806604	-0.801424	0.307744	1.49235	-0.0049468	0.0203405	0.00387718	0
3081.2469966	2718.593477399	-0.603036	0.540011	0.656566	0.000694487	0.0165641	0.00276694	0
3123.497870521	2733.447102786	0.0269034	0.595107	0.402009	0.0034613	0.0118009	0.00125084	0
3080.080461447	2735.314574283	-0.0209702	0.670723	0.644073	0.00276289	0.0131728	0.00220429	0
3063.496791863	2735.962005847	-0.0535262	0.474809	0.702882	0.00308003	0.0138914	0.0025826	0
3071.07755486	2735.480650692	-0.111777	0.417132	0.765009	0.00454941	0.0143973	0.00238192	0
3079.363385427	2736.237097653	-0.160099	0.357598	0.850712	0.00383829	0.0157926	0.00277301	0
3076.712948942	2732.721073563	-0.184377	0.38051	0.872738	0.00359358	0.0160927	0.00279252	0
3100.985457574	2733.731741766	-0.209293	0.464143	0.913044	0.00430242	0.0166049	0.00259532	0
3108.159648761	2731.900682744	-0.22936	0.507031	0.971308	0.00325691	0.0168868	0.00277888	0
3119.812991834	2725.278274905	-0.25312	0.404488	0.938853	0.00304191	0.016296	0.00283959	0
3097.533885918	2726.404397296	-0.256716	0.392392	0.911168	0.0045436	0.0163252	0.0027798	0
3076.476210925	2718.823941721	-0.26232	0.408587	0.929009	0.00489705	0.016306	0.00277359	0
3054.691166956	2721.877038922	-0.262742	0.431502	0.919241	0.00485936	0.0163908	0.00244255	0
3060.173882172	2720.233592956	-0.254491	0.446192	0.922076	0.00467735	0.0157771	0.00250224	0
3057.586918922	2718.040629459	-0.26188	0.451033	0.935349	0.00486084	0.0159623	0.00225163	0
3070.125456317	2716.542611365	-0.297646	0.453759	0.914468	0.00471538	0.015859	0.00229394	0
3103.287649007	2719.93141382	-0.320394	0.495897	0.913515	0.0042979	0.016058	0.00224024	0
3097.883846463	2720.621918678	-0.336684	0.49526	0.978359	0.00319626	0.0163891	0.00223666	0
3075.862064477	2720.388123946	-0.353714	0.470399	1.03683	0.00190639	0.0167629	0.00223924	0
3077.321948911	2718.488236466	-0.34788	0.322126	1.00208	0.00245602	0.0165428	0.00254029	0
3096.158060635	2718.463147383	-0.334661	0.312364	1.03521	0.0024019	0.0168908	0.0027799	0
3091.925939722	2719.253786546	-0.347954	0.356081	1.03062	0.00452639	0.0170435	0.00259765	0
3069.343191567	2714.023045731	-0.355305	0.440488	1.01289	0.00446028	0.0169054	0.00251153	0
3125.520436616	2713.814340083	-0.36849	0.509141	1.0733	0.00313929	0.0170923	0.00208577	0
3105.651598184	2726.251420497	-0.426704	0.561588	1.28227	-7.80476e-05	0.0184612	0.00204977	0
3065.541659365	2722.422559962	-0.520158	0.366281	1.54603	-0.00410008	0.0193733	0.00243577	0
3099.522142155	2720.220049291	-0.78891	-0.0375597	1.99798	-0.0187791	0.0201344	0.00204736	0
3075.395450417	2725.059356002	-0.721244	-0.0114575	1.99464	-0.0154498	0.0185677	0.00251611	0
3034.83262148	2709.769891054	-0.61616	0.216031	1.59697	0.00202647	0.0181068	0.00199686	0
3075.61846449	2718.371450114	-0.442452	0.297456	0.982166	0.0108759	0.0169277	0.0023656	0
3036.575562237	2712.852517883	-0.364541	0.485003	1.04609	0.00735614	0.0160853	0.00198951	0
3028.704880945	2717.258427333	-0.435592	0.358421	1.1391	0.00406262	0.0185023	0.00184776	0
3054.854138778	2720.430975212	-0.431429	0.203124	1.21759	0.00267838	0.0196761	0.00303605	0
3046.954294107	2713.945558209	-0.415973	0.218626	1.25266	0.00284565	0.0196687	0.00348243	0
3022.15341367	2722.281572635	-0.412529	0.21869	1.28302	0.00243257	0.0191475	0.00343305	0
3059.329859679	2710.832069587	-0.467266	0.31699	1.25599	0.00324343	0.0181192	0.00279023	0
3061.331839859	2722.897920379	-0.493861	0.4432	1.33712	0.00341322	0.0179757	0.00248477	0
3057.144321761	2730.723494077	-0.595673	0.373493	1.33998	0.00468256	0.0189964	0.00248588	0
3091.732089028	2726.041382685	-0.503117	0.192919	1.23557	0.00602539	0.0185248	0.00326608	0
3068.087450786	2728.766545585	-0.47879	0.396709	1.13973	0.00684673	0.0176526	0.00309069	0
3040.986094409	2721.856612411	-0.45385	0.293849	1.01684	0.00801635	0.0168633	0.00288775	0
3067.807825448	2719.978483605	-0.484739	0.332395	1.08044	0.00485271	0.0168069	0.00330873	0
3085.772466794	2724.686128135	-0.4718	0.38576	1.09337	0.00416787	0.0155158	0.00393049	0
3084.007224629	2727.665956331	-0.456778	0.373713	1.11521	0.00445735	0.015805	0.00370163	0
3082.813241591	2729.928192341	-0.474228	0.282436	1.17716	0.00278186	0.0172134	0.00359502	0
3117.375276465	2735.255515025	-0.491774	0.288604	1.21213	0.00482625	0.0169758	0.00352476	0
3095.655421224	2737.284178331	-0.491481	0.340834	1.29479	0.0025993	0.0170809	0.00334866	0
3100.96487166	2727.053161024	-0.52078	0.365312	1.273	0.00328454	0.0168058	0.00333963	0
3110.557907795	2725.529609792	-0.526634	0.268228	1.27173	0.00268989	0.0169363	0.003553	0
3110.278282457	2728.645318687	-0.521646	0.238687	1.29261	0.00428212	0.0170795	0.00324355	0
3105.950093943	2734.261942923	-0.519734	0.217526	1.3565	0.00347194	0.0177752	0.00313156	0
3081.186954349	2730.577844178	-0.520026	0.22996	1.37489	0.00321105	0.0179988	0.0030432	0
3119.348093266	2724.392608064	-0.537948	0.365552	1.39155	0.00335731	0.0179935	0.00301349	0
3113.560020319	2726.500979165	-0.567664	0.42065	1.38628	0.00322841	0.0177323	0.00277948	0
3085.101709081	2723.116839283	-0.560236	0.272555	1.35987	0.00240833	0.0178321	0.00277948	0
3108.681158594	2721.583074796	-0.551918	0.247905	1.32686	0.00333036	0.018123	0.00317632	0
3064.080059439	2723.405474754	-0.535908	0.255713	1.36538	0.00320443	0.0178223	0.00272129	0
3062.548124305	2719.8978877	-0.540456	0.272588	1.38774	0.00338345	0.017969	0.00289158	0
3110.758620461	2717.462026353	-0.53757	0.289181	1.376	0.00445462	0.0176542	0.00295308	0
3093.10791431	2720.388123946	-0.549307	0.37439	1.42425	0.00311017	0.0180847	0.0025422	0
3067.500752224	2720.570852402	-0.561703	0.357903	1.41518	0.00301721	0.0180529	0.0026238	0
3099.271680196	2721.029116719	-0.556926	0.302668	1.36233	0.00387442	0.0176209	0.00257783	0
3085.750165386	2715.265732447	-0.543276	0.228041	1.37356	0.00407037	0.0183655	0.00288777	0
3033.96629758	2719.671419869	-0.55073	0.201621	1.39057	0.0028891	0.0184469	0.00244133	0
3115.870789217	2717.366332593	-0.554796	0.218737	1.43624	0.00308921	0.018228	0.00260341	0
3067.571087432	2715.126965394	-0.553446	0.294767	1.4802	0.00184962	0.0182836	0.00290353	0
3041.059860602	2715.128297557	-0.570781	0.338319	1.51599	0.00145318	0.0185164	0.00301029	0
3110.729457082	2710.404223008	-0.548897	0.293332	1.46521	0.00194596	0.0180103	0.00320126	0
3068.46657471	2709.230586778	-0.544489	0.230154	1.46738	0.00186794	0.0181462	0.00293615	0
3026.898466951	2718.152309183	-0.55954	0.202385	1.54711	0.00204747	0.0177747	0.00258281	0
3089.369855344	2717.695155003	-0.568667	0.181593	1.56908	0.0014262	0.0181567	0.00248525	0
3062.079794751	2711.198858662	-0.57461	0.262762	1.59994	0.00177475	0.017891	0.00240386	0
3038.623860725	2709.337825957	-0.61202	0.323287	1.62038	-4.57531e-05	0.0185782	0.00231724	0
3089.855339827	2714.41736619	-0.63428	0.252658	1.62759	0.000465921	0.0190346	0.00242673	0
3072.329864656	2712.196649282	-0.616231	0.169815	1.54056	0.00141635	0.019034	0.00230831	0
3047.7983166	2710.568967254	-0.593276	0.23672	1.54955	0.00134365	0.0181835	0.00244069	0
3059.944006127	2713.034580257	-0.597491	0.188619	1.5806	0.000162837	0.0185998	0.00237508	0
3062.911808794	2715.908723465	-0.587522	0.257688	1.58709	0.00105477	0.0185585	0.00252195	0
3069.051557779	2719.370572898	-0.623851	0.429952	1.59438	0.00210172	0.0186046	0.00233478	0
3116.704518752	2717.329032009	-0.659517	0.294961	1.65123	0.00083418	0.0190467	0.00241419	0
3065.181405862	2721.175876755	-0.616055	0.233261	1.56976	0.000578846	0.0195436	0.00265244	0
3050.939384047	2716.046158355	-0.593545	0.210886	1.58523	0.00060475	0.0194609	0.00285777	0
3066.52463678	2722.250266788	-0.567776	0.19702	1.61737	0.000554852	0.0193918	0.00306287	0
3069.595369019	2725.340442545	-0.549266	0.247898	1.6636	0.00174762	0.0193903	0.00339384	0
3080.854148732	2727.156625739	-0.553477	0.352439	1.64995	-1.99522e-05	0.0189551	0.00352299	0
3055.09430778	2726.326465719	-0.555917	0.374116	1.57373	0.000216263	0.0193819	0.00380419	0
3089.423035623	2725.030936509	-0.509587	0.26623	1.52821	0.000605029	0.0190405	0.00405456	0
3068.487160625	2724.880846064	-0.474375	0.237084	1.55556	7.79303e-05	0.0187015	0.00408795	0
3051.424868529	2724.806022869	-0.462473	0.224742	1.58969	-7.94423e-05	0.0183726	0.00437007	0
3100.807046316	2724.517165371	-0.45371	0.237935	1.58303	0.000680663	0.018748	0.00419337	0
3081.878297976	2723.080648835	-0.451288	0.343961	1.57826	0.000271449	0.0185252	0.00416941	0
3092.629291799	2722.901250789	-0.451587	0.314717	1.56172	0.000652413	0.0188088	0.00437007	0
3097.564764789	2727.095124181	-0.435723	0.286916	1.50686	0.00193138	0.0192699	0.00473632	0
3073.904687112	2721.583740878	-0.427665	0.259693	1.52332	0.0013003	0.0189701	0.00437007	0
3093.81298188	2725.673483473	-0.444896	0.243206	1.57385	0.0015575	0.0184216	0.00414931	0
3090.455762332	2730.875582768	-0.462518	0.337435	1.59847	0.00299636	0.0185183	0.00389697	0
3071.753459051	2720.867702883	-0.491693	0.373435	1.62105	0.00141938	0.0187552	0.00389697	0
3092.30677914	2725.14705678	-0.494405	0.28739	1.58778	0.000817492	0.0191035	0.00407723	0
3077.074917937	2715.962676096	-0.498086	0.228467	1.55384	0.000228555	0.0192898	0.00392273	0
3063.606583407	2725.083556976	-0.506713	0.25689	1.60536	0.000286431	0.0193209	0.00430277	0
3041.52475917	2718.054617178	-0.495348	0.231185	1.62748	0.000286431	0.0184034	0.0041157	0
3075.028334942	2724.432350948	-0.489367	0.347961	1.6495	0.00155403	0.0189426	0.00378297	0
3069.874994357	2722.758709271	-0.505562	0.35595	1.63399	-0.000291879	0.0186569	0.00378297	0
3058.06382594	2718.890771934	-0.52164	0.342111	1.58017	8.78418e-06	0.0189616	0.00426933	0
3083.777348585	2719.459605839	-0.50526	0.29059	1.49188	0.00258237	0.0187925	0.00426933	0
3074.805320869	2717.810831218	-0.485838	0.26953	1.5123	0.00346661	0.0183236	0.00380607	0
3043.80121821	2719.5626265	-0.487777	0.251057	1.58363	0.00234488	0.0183807	0.00335855	0
3102.138268784	2719.717823572	-0.47922	0.288983	1.63122	0.000630734	0.0190495	0.00382944	0
3087.011052647	2726.596228871	-0.469711	0.3565	1.63038	-0.000105856	0.0189923	0.00452721	0
3042.363635184	2724.325777851	-0.463595	0.268632	1.68077	-0.000867591	0.0190102	0.0045359	0
3089.829607434	2726.330906265	-0.451984	0.170735	1.63414	0.000135494	0.0192941	0.00437323	0
3064.740524194	2725.090439822	-0.454549	0.230386	1.62774	0.000649778	0.0184294	0.00452461	0
3054.039279665	2729.464821397	-0.45187	0.241985	1.71884	-0.000641895	0.0181634	0.00402364	0
3106.245158717	2725.264509213	-0.480473	0.331801	1.67887	0.000866482	0.018508	0.00390167	0
3100.165451982	2730.191516702	-0.511023	0.331534	1.73793	-0.00169964	0.0184539	0.00382401	0
3064.049180567	2735.033043685	-0.492236	0.203336	1.69977	-0.00161709	0.0184649	0.00391636	0
3128.869078701	2730.506573419	-0.482808	0.230053	1.60606	-0.000960846	0.0186549	0.00427852	0
3079.917489625	2723.155916085	-0.467123	0.256045	1.60095	-0.00125347	0.0184252	0.00436193	0
3050.273772813	2729.14310386	-0.439594	0.29206	1.6117	-0.00105949	0.0180096	0.00468439	0
3119.632865083	2727.802947166	-0.444635	0.371707	1.62608	-1.08262e-05	0.0178473	0.00427852	0
3111.405361273	2719.040418324	-0.443092	0.347255	1.60612	-0.00073731	0.0182916	0.00427852	0
3059.549442766	2726.793167073	-0.425208	0.243844	1.59911	0.000189297	0.0179776	0.00472957	0
3094.521480436	2724.857089145	-0.419052	0.244238	1.59924	0.000663492	0.0178414	0.00436786	0
3076.206878545	2724.845765753	-0.414044	0.264663	1.59079	0.000821159	0.0178206	0.00445785	0
3064.503786178	2723.488512958	-0.422757	0.252241	1.62924	0.000399721	0.0178431	0.00438432	0
3054.075305015	2730.108034442	-0.425227	0.311427	1.66857	-0.000940643	0.0178998	0.00427852	0
3081.464864194	2720.950075005	-0.43174	0.35551	1.63453	-0.00124294	0.0179416	0.00427852	0
3108.569651557	2719.933412066	-0.432131	0.274887	1.60748	-0.00014111	0.0182185	0.00427852	0
3076.620312326	2721.912563287	-0.41153	0.263367	1.62236	-0.000414829	0.0178137	0.00427852	0
3054.082166986	2721.494041854	-0.407037	0.263367	1.65695	-0.000567422	0.017549	0.00427852	0
3096.173500071	2722.335081211	-0.389283	0.287963	1.62616	0.000320811	0.0175449	0.00427852	0
3063.093651038	2717.693822839	-0.391415	0.326937	1.63724	-0.0005836	0.0177272	0.00427852	0
3105.394274253	2718.797964529	-0.4016	0.326792	1.60869	2.86485e-05	0.0177156	0.00427852	0
3091.912215779	2715.32767806	-0.405557	0.37546	1.59682	-0.000601507	0.017947	0.00427852	0
3040.378809932	2719.570175427	-0.407382	0.279611	1.6097	-9.94733e-06	0.0178261	0.00427852	0
3047.026344808	2716.370762246	-0.400045	0.228013	1.59909	-9.18984e-05	0.0175664	0.00427852	0
3038.500345238	2720.842835827	-0.415001	0.263961	1.5863	0.00056676	0.0184601	0.00427852	0
3044.499423809	2719.477368022	-0.419745	0.282739	1.61655	-9.36603e-05	0.018707	0.00427852	0
3040.581238091	2718.537748551	-0.423203	0.341983	1.58806	-7.98024e-05	0.0183363	0.00427852	0
3055.526611984	2716.028174145	-0.426971	0.376251	1.54982	0.000266038	0.0182134	0.00427852	0
3070.377633769	2722.02846153	-0.441213	0.32125	1.4113	0.00129742	0.0186686	0.00427852	0
3045.844370219	2728.241229028	-0.410645	0.378463	1.30398	0.00166316	0.0183699	0.0042812	0
3050.038750289	2729.054959028	-0.418544	0.409014	1.41392	-0.000486613	0.0192963	0.00488358	0
3081.463148702	2730.004791755	-0.42835	0.371356	1.48981	-0.0012995	0.0189111	0.00447937	0
3072.944011104	2733.555452101	-0.430597	0.337345	1.53916	-0.00129864	0.0183004	0.00437006	0
3063.491645384	2726.660616783	-0.452039	0.304884	1.46465	0.000509135	0.0180117	0.00456043	0
3089.033618742	2729.533427828	-0.455655	0.2478	1.51684	0.000740845	0.018301	0.00426795	0
3088.613322988	2735.196677794	-0.467978	0.327747	1.58923	-0.000593516	0.0178188	0.00417478	0
3064.018301696	2731.334957221	-0.494156	0.430117	1.57724	-0.00160003	0.0181999	0.0039776	0
3107.941781167	2729.438622177	-0.505905	0.383999	1.53136	-0.00206363	0.01855	0.00385693	0
3098.53916474	2733.423345867	-0.489061	0.276354	1.58353	-0.00281074	0.0182186	0.0037312	0
3066.855726904	2737.396524137	-0.484236	0.214372	1.67858	-0.00330917	0.0176806	0.00375012	0
3120.602118555	2738.073263303	-0.482425	0.239383	1.67306	-0.00289635	0.0181787	0.00406363	0
3071.340025269	2732.981289541	-0.509573	0.398307	1.65959	-0.00223843	0.0184937	0.00381631	0
3106.006705208	2734.191782301	-0.588124	0.335709	0.894882	0.00847506	0.0191029	0.00421805	0
3087.952858233	2740.101926609	-0.608194	0.240266	0.914398	0.0075059	0.022491	0.0045972	0
3058.515000565	2734.015048582	-0.701119	0.186178	1.21122	0.0128959	0.0255495	0.00622571	0
3050.071344654	2738.715810266	-0.724234	-0.0286523	1.3524	0.0175079	0.0263132	0.00683382	0
3009.523955153	2730.260123133	-0.814398	-0.173728	1.44039	0.0234735	0.0262825	0.00766329	0
3037.64088331	2728.643986523	-0.824209	-0.132411	1.31638	0.029999	0.0269744	0.00925624	0
3066.275890314	2721.951640089	-0.539459	-0.0521452	0.960941	0.0342286	0.0254915	0.00920828	0
3085.775897779	2720.843057854	-0.472518	0.15673	0.876675	0.0374165	0.0238821	0.00739896	0
3103.279071543	2725.64506398	-0.482442	0.349226	1.14693	0.0295301	0.0261228	0.00877749	0
3057.22151894	2723.49162134	-0.531729	0.334104	1.33593	0.0215226	0.0286973	0.0086142	0
3048.206603903	2730.332726055	-0.439928	0.155133	1.5045	0.0212122	0.0279285	0.00849665	0
3056.989927403	2729.974151989	-0.532857	0.190331	1.56377	0.0204709	0.0289049	0.00825541	0
3073.969875841	2725.364865546	-0.462016	0.0319671	1.51228	0.0216594	0.0280931	0.00825876	0
3076.17428418	2717.450702962	-0.479523	0.107907	1.4922	0.0214167	0.0279589	0.00829315	0
3121.109904445	2727.254761799	-0.46242	0.114503	1.52794	0.0206845	0.0283017	0.00753386	0
3119.581400297	2721.674994092	-0.513778	0.0912756	1.49657	0.0218622	0.0278868	0.00741662	0
3088.438342715	2733.537023837	-0.503346	0.136711	1.72068	0.019422	0.0277957	0.00760378	0
3106.807840379	2726.178595547	-0.480663	-0.00115088	1.86397	0.0163878	0.0279456	0.00820582	0
3117.51594688	2720.202065081	-0.488481	0.0439311	1.86182	0.015484	0.0286167	0.00812216	0
3083.827097878	2716.470452497	-0.505734	0.0583494	1.83645	0.0162888	0.0280964	0.0077048	0
3080.039289619	2714.904272027	-0.51387	0.118483	1.83866	0.015729	0.0278069	0.0079548	0
3066.468025515	2713.500837556	-0.523766	0.113214	1.84729	0.0174019	0.0269614	0.00736409	0
3093.008415724	2731.646017448	-0.559095	0.0766209	1.78501	0.015029	0.0259038	0.00731961	0
3003.754752628	2687.216803467	-0.723669	-0.148037	0.717421	0.0158963	0.0296047	0.00791604	0
2906.872292734	2623.187242767	-1.25494	-1.09863	-2.76218	0.0379195	0.0399017	0.0121398	0
2934.77993076	2697.769094256	-1.17149	0.567507	0.243696	0.0170257	0.0312893	0.0141412	0
2971.367962715	2709.3031897	-0.378309	0.269134	1.46443	0.0141201	0.0258017	0.00391389	0
2979.528562302	2714.97598684	-0.51874	-0.0280215	1.84716	0.0124045	0.0312091	0.00253428	0
2980.545849575	2721.096835041	-0.260385	-0.0503993	1.9433	0.0160323	0.0282775	0.00371014	0
3024.822720577	2721.696308711	-0.350105	-0.0229172	2.10137	0.0144842	0.0285228	0.0043371	0
3018.15631528	2718.715148352	-0.424195	0.0808572	2.02223	0.0130713	0.0283944	0.00380467	0
3014.438842229	2734.190894192	-0.507894	-0.0022716	2.2482	0.0115795	0.0313324	0.00433467	0
3071.312577383	2729.441064477	-0.451892	-0.120493	2.50883	0.0123233	0.0304092	0.00542567	0
3038.383691723	2725.211888747	-0.408478	-0.154505	2.56153	0.0105769	0.028332	0.00533688	0
3029.104590784	2726.378198077	-0.415798	-0.118069	2.60791	0.0100602	0.0276127	0.00528003	0
3048.369575726	2725.796264562	-0.449626	-0.161268	2.67496	0.0101443	0.0279799	0.00486969	0
3059.674673746	2720.064186137	-0.582862	-0.155776	2.67494	0.0109183	0.0284088	0.00529239	0
3060.192752593	2724.033145889	-0.576424	-0.118863	2.68975	0.010689	0.0277713	0.00588704	0
3072.386475921	2716.125644123	-0.567227	-0.163593	2.6807	0.00982889	0.027691	0.00542257	0
3066.169529756	2717.477124209	-0.58116	-0.10002	2.64715	0.0136189	0.0280507	0.00542257	0
3085.141165417	2718.550404106	-0.57299	-0.137025	2.71898	0.0120127	0.0274409	0.00542257	0
3074.05908147	2719.572173673	-0.548575	-0.168484	2.74631	0.00978116	0.0268073	0.00558021	0
3067.694602918	2721.523349456	-0.526852	-0.164517	2.71486	0.00858541	0.0261239	0.00556954	0
3093.018708681	2727.84846276	-0.497049	-0.10788	2.61641	0.00984822	0.0258605	0.00636569	0
3066.50061988	2724.459882332	-0.475958	-0.10724	2.55639	0.0104084	0.0257452	0.00666582	0
3097.055263407	2724.785818386	-0.473624	-0.136862	2.53738	0.00974114	0.0261516	0.00694325	0
3077.207010888	2724.290475513	-0.466333	-0.087737	2.53347	0.00960256	0.02623	0.00732095	0
3068.409963446	2727.024963559	-0.456247	-0.10799	2.49029	0.0100162	0.0260298	0.00786428	0
3129.265357554	2729.416863503	-0.450896	-0.0473916	2.49185	0.0102125	0.0274416	0.00842139	0
3091.320370739	2730.995477502	-0.4586	-0.11662	2.5123	0.00848228	0.0267148	0.00854872	0
3066.01685089	2728.37599959	-0.456253	-0.134914	2.4492	0.00905682	0.0270511	0.00897859	0
3064.011439724	2733.090748993	-0.453811	-0.0956261	2.38729	0.00986903	0.0261328	0.0085266	0
3067.840419812	2723.15302973	-0.478694	-0.0803491	2.34891	0.00991216	0.0258445	0.00757309	0
3077.52437707	2734.216649357	-0.536688	-0.0340318	2.4596	0.0105648	0.0256932	0.0071677	0
3059.916558241	2726.821808593	-0.581882	-0.0520061	2.48212	0.0111692	0.0257659	0.00701312	0
3088.390308915	2718.61634621	-0.6214	0.0313128	2.45419	0.0129316	0.0267844	0.00667343	0
3068.296740916	2726.150842136	-0.603177	-0.0516728	2.4521	0.0117004	0.0260564	0.00705893	0
3059.148017435	2725.057801811	-0.598174	-0.0576785	2.42425	0.00988634	0.0250045	0.00737146	0
3041.229694396	2722.025131121	-0.574506	-0.111013	2.38778	0.0121557	0.0253173	0.00718475	0
3066.330786086	2728.794965077	-0.547308	-0.0140786	2.15021	0.0150354	0.0252143	0.00713925	0
3046.099978657	2729.585826267	-0.595625	0.229372	1.7597	0.0185797	0.0238809	0.00657481	0
3044.422226629	2722.783576327	-0.531755	0.0499636	1.69158	0.0183113	0.0242869	0.00683855	0
3056.737749951	2718.887885579	-0.50502	0.139431	1.6903	0.0181962	0.0237995	0.00685379	0
3068.612391604	2720.515567608	-0.518029	0.0923161	1.74051	0.0169465	0.0249353	0.00687625	0
3076.469348954	2727.954147748	-0.512199	0.0776712	1.80574	0.0161971	0.0245704	0.00729287	0
3049.115815125	2723.131493084	-0.488137	0.128259	1.82747	0.015703	0.02425	0.00733984	0
3060.149865271	2720.55464441	-0.474478	0.0258391	1.82009	0.0157618	0.0244092	0.00790515	0
3061.163721558	2725.612647997	-0.480893	0.0580121	1.86803	0.0157022	0.0243843	0.00758304	0
3104.339246137	2720.031326099	-0.492072	0.0223364	1.85381	0.0162745	0.0250202	0.00755205	0
3093.056449524	2730.112697015	-0.487478	0.0845536	1.90292	0.0158133	0.0250222	0.00744232	0
3081.289883922	2724.639058351	-0.482414	0.115231	1.88502	0.0161108	0.0247594	0.00807746	0
3125.64223661	2724.825117216	-0.476666	0.130875	1.89906	0.0159474	0.0258933	0.00818842	0
3093.965660746	2728.353352807	-0.488823	0.0234595	1.96019	0.0160427	0.0250843	0.00807746	0
3084.166765466	2727.088463362	-0.495279	0.0288553	2.00834	0.0163741	0.0244894	0.00807746	0
3062.43147079	2723.779368702	-0.502971	0.0470008	2.02818	0.0173514	0.0249973	0.00793241	0
3091.773260857	2728.120224157	-0.50003	0.0462543	2.06532	0.014347	0.0256499	0.00795473	0
3061.999166586	2724.300910795	-0.521454	0.147059	2.08177	0.0138463	0.024966	0.00718201	0
3054.049572622	2722.182326439	-0.521179	0.0898708	2.07196	0.014234	0.0250226	0.00767409	0
3033.889100401	2722.706088805	-0.502389	0.03217	2.07639	0.013811	0.0243607	0.00767409	0
3052.82985719	2723.903703982	-0.492998	0.0131947	2.07222	0.0135109	0.0241178	0.00775527	0
3076.19830108	2727.18926375	-0.491531	0.0401484	2.08465	0.0136308	0.0243384	0.00756794	0
3077.764546071	2731.249476716	-0.476635	0.00368942	2.15738	0.0131807	0.0246131	0.00753087	0
3101.644206837	2732.791456213	-0.498908	0.0794498	2.20357	0.0123321	0.0241656	0.00739776	0
3060.028065277	2726.409725951	-0.502327	0.0854529	2.19029	0.0126166	0.0240322	0.00736409	0
3088.640770874	2727.503654386	-0.502272	0.0761373	2.15324	0.0121733	0.0237277	0.00749987	0
3046.49625751	2727.111332173	-0.502145	0.00450339	2.14705	0.0129405	0.0238108	0.00775717	0
3092.814565029	2726.623982281	-0.501904	-0.00885577	2.13594	0.0132825	0.0232635	0.00776723	0
3095.641697281	2721.410559595	-0.478517	0.0328312	2.15173	0.012589	0.0230928	0.00795177	0
3082.736044412	2731.100496408	-0.474538	0.0392111	2.19878	0.0123285	0.0226596	0.0080248	0
3095.036128297	2730.959731109	-0.478019	0.086483	2.18456	0.0123639	0.0229666	0.00795641	0
3121.808110043	2724.127063431	-0.494647	0.0863049	2.15242	0.0137286	0.0230699	0.00732552	0
3096.828818348	2728.023642288	-0.478192	0.00922919	2.21226	0.0128592	0.0238667	0.00818987	0
3094.243570591	2740.281546682	-0.443736	-0.0466831	2.24979	0.0118868	0.0255574	0.0097795	0
3094.312190306	2732.850959525	-0.477823	-0.0440706	2.2795	0.0111978	0.024604	0.0096216	0
3039.57081279	2731.264130517	-0.417931	0.0104236	2.30511	0.0103412	0.0234854	0.00983817	0
3113.836214672	2726.596894953	-0.471601	0.100734	2.16892	0.0124604	0.0237468	0.0092547	0
3067.939918399	2724.917702594	-0.638835	0.0568395	2.06188	0.0170792	0.0270909	0.00867918	0
3050.954823482	2731.47816482	-0.875588	-0.0647879	1.87495	0.0296779	0.0295698	0.0104194	0
3046.136004008	2732.457305148	-1.02269	0.0910246	1.77888	0.0439062	0.0301782	0.015355	0
3065.61027908	2732.340962851	-1.10242	0.200826	1.76637	0.0515125	0.0309645	0.0175332	0
3061.083093393	2740.992922104	-1.19841	0.279813	1.73551	0.0592277	0.0323962	0.018549	0
3045.756880083	2739.390773214	-1.24513	0.37297	1.70054	0.0694088	0.031351	0.0190553	0
3036.177567891	2734.095866514	-1.14263	0.333591	1.55064	0.0746536	0.0308612	0.0190472	0
3048.268361646	2718.80440332	-0.95783	0.665872	1.19651	0.065465	0.0306255	0.0188085	0
3062.378290511	2724.447448804	-0.77164	0.589815	1.60192	0.041156	0.0297851	0.015717	0
3072.480828029	2733.293237877	-0.646809	0.428808	1.77859	0.0406108	0.0286938	0.013801	0
3096.703587368	2733.78946886	-0.679282	0.459441	1.87801	0.0401493	0.028774	0.014021	0
3115.278944176	2728.848473653	-0.660947	0.426324	1.80015	0.0432501	0.0290252	0.0137662	0
3103.502085616	2726.324689501	-0.778518	0.565715	1.77875	0.0404988	0.0287699	0.0133952	0
3068.090881772	2732.266139656	-0.799877	0.41032	1.73922	0.0399498	0.0286863	0.0129524	0
3096.079147963	2735.25018637	-0.758388	0.445993	1.73382	0.0364711	0.0274184	0.0145803	0
3108.067012146	2726.133746035	-0.701919	0.423901	1.72849	0.0335637	0.0259961	0.0145984	0
3065.407850921	2728.53386099	-0.608317	0.445265	1.74002	0.0317906	0.024252	0.0141412	0
3082.636545825	2724.121734776	-0.585421	0.3966	1.76102	0.0316646	0.0238872	0.0143114	0
3078.555388285	2730.379129758	-0.629989	0.38997	1.8959	0.0300062	0.0237895	0.0132092	0
3114.645927307	2731.630475538	-0.683983	0.358977	2.16496	0.0314601	0.0260146	0.0121591	0
3086.165314661	2731.075629352	-0.632833	0.333408	2.22288	0.0297247	0.0272162	0.0124755	0
3064.207005911	2737.550167018	-0.617188	0.237464	2.28248	0.0291148	0.0274692	0.0125358	0
3121.542208648	2735.614755172	-0.594067	0.29111	2.28092	0.0325857	0.0280904	0.0130195	0
3087.186032919	2732.905578237	-0.572031	0.341459	2.36067	0.0329815	0.0277404	0.0133398	0
3082.356920487	2734.346313292	-0.593907	0.292953	2.37642	0.0319135	0.0281311	0.0141697	0
3101.738558945	2730.715501095	-0.598981	0.32211	2.38552	0.0324584	0.0286475	0.013244	0
3071.5733323	2740.2662268	-0.632925	0.291774	2.50469	0.0306114	0.0291912	0.0139388	0
3052.675462832	2727.470128266	-0.628869	0.2871	2.51282	0.0300252	0.029159	0.0139121	0
3104.594854575	2726.81137331	-0.627012	0.250489	2.47977	0.0314795	0.0294076	0.0140647	0
3052.898476905	2727.992114413	-0.622076	0.179675	2.54145	0.029614	0.0295119	0.0140253	0
3051.445454443	2722.751160344	-0.609869	0.183202	2.5264	0.029374	0.0290036	0.0145491	0
3070.274704196	2725.444795369	-0.615554	0.168239	2.54192	0.0297054	0.0291471	0.0140165	0
3052.740651561	2721.253586304	-0.623694	0.167595	2.56017	0.0296364	0.0295626	0.0141002	0
3045.938722327	2726.896631788	-0.651948	0.247938	2.61192	0.0279487	0.0301276	0.0142475	0
3095.130480405	2731.902236935	-0.746562	0.307392	2.7074	0.029064	0.0309566	0.0140012	0
3049.681927772	2730.807864446	-0.846961	0.103087	2.71686	0.0318495	0.0316285	0.0149908	0
3042.363635184	2729.641777143	-0.827833	0.0584299	2.7592	0.0303378	0.0306219	0.0146122	0
3026.267165575	2719.133669784	-0.806126	0.0619455	2.71074	0.0302623	0.0307014	0.0145748	0
3048.7607081	2720.270005431	-0.802888	0.06667	2.72328	0.0295422	0.0303701	0.0147263	0
3060.367732866	2715.605656221	-0.786562	0.115877	2.74524	0.030497	0.0307598	0.0143964	0
3058.338304799	2729.482361552	-0.803499	0.130371	2.81098	0.0301148	0.0303297	0.014637	0
3101.927263161	2728.631330968	-0.812737	0.174994	2.78628	0.0296836	0.0309253	0.0142575	0
3069.288295796	2718.111456163	-0.789977	0.169093	2.74599	0.0328885	0.0303338	0.0145802	0
3053.174671258	2723.399035962	-0.765847	0.0979956	2.76335	0.0321979	0.030195	0.0146016	0
3075.213608172	2731.967068902	-0.736017	0.115842	2.63232	0.0335686	0.0292013	0.014394	0
3044.020801297	2725.866647211	-0.717403	0.177141	2.69079	0.0341814	0.0295863	0.014001	0
3066.164383277	2729.353807754	-0.71789	0.140691	2.78358	0.0343034	0.0290342	0.0137949	0
3113.645794963	2728.11667172	-0.702108	0.152313	2.79967	0.0336518	0.0295705	0.0138657	0
3066.270743835	2722.619498164	-0.678118	0.183584	2.76806	0.0332748	0.0293153	0.0143892	0
3079.373678385	2729.09403583	-0.619231	0.111452	2.75364	0.0340118	0.0301226	0.0148725	0
3113.638932991	2733.422457757	-0.608221	0.112139	2.75585	0.0338488	0.0309013	0.0148571	0
3068.55578034	2724.722984665	-0.610755	0.111306	2.78785	0.0335703	0.0310388	0.0150371	0
3072.546016758	2725.024497718	-0.599105	0.143931	2.78689	0.0335015	0.030524	0.0149315	0
3087.597751208	2722.292896027	-0.593024	0.131442	2.78225	0.0335285	0.0305927	0.0148819	0
3070.044828152	2723.537358961	-0.594251	0.130056	2.77836	0.0336346	0.0304857	0.0149964	0
3069.663988734	2719.075054581	-0.581716	0.158951	2.73553	0.0337951	0.0297015	0.0147066	0
3087.098542783	2723.271592301	-0.597895	0.145162	2.72469	0.0339237	0.0294252	0.0145849	0
3061.323262395	2716.608775496	-0.642399	0.240941	2.73281	0.0342321	0.0293707	0.0148761	0
3104.786989777	2741.210508844	-0.703515	0.140987	2.8293	0.0354676	0.0296435	0.0148761	0
3074.213475828	2735.213995923	-0.790017	-0.255488	3.13537	0.0303809	0.0291381	0.0119957	0
3033.842782093	2718.120115227	-0.630262	-0.168267	2.02876	0.0204786	0.0266119	0.0137753	0
2965.514701039	2695.915388451	-0.828146	-0.395768	1.47404	0.0254719	0.0306876	0.0131204	0
2947.60838645	2697.241557426	-0.959273	-0.614658	1.22478	0.0252483	0.0343252	0.0112637	0
2966.266086916	2704.672366611	-0.843587	-0.395036	2.02442	0.0246843	0.0340304	0.0106144	0
2987.196815436	2687.929511053	-0.908248	-0.0777684	2.47645	0.0255982	0.0351138	0.0116644	0
3063.32181159	2734.468428298	-0.956616	-0.0139854	2.68779	0.0266301	0.0362106	0.0120139	0
3043.250544998	2721.740492141	-0.909083	0.130268	3.15752	0.0303127	0.0358371	0.0108331	0
3044.104860448	2735.576122425	-0.9189	0.159816	3.3927	0.028377	0.0368253	0.0112108	0
3026.747503579	2725.376632993	-0.888633	0.230495	3.12586	0.027081	0.0387123	0.013374	0
3046.570023704	2728.820498215	-1.00796	-0.0616831	3.15235	0.0283164	0.0377984	0.0129209	0
3098.520294319	2736.465785757	-0.961207	-0.0932718	2.9854	0.0277632	0.0374538	0.0127326	0
3063.091935545	2741.243146855	-0.943037	0.0416098	3.19547	0.0270389	0.0366332	0.0123297	0
3050.752395324	2727.389310334	-0.964849	-0.00417335	3.12897	0.0265026	0.0360574	0.0120335	0
3108.204251576	2731.83718294	-1.09695	0.00641887	3.16944	0.0259027	0.0367682	0.0120852	0
3064.098929861	2739.734249424	-1.20994	-0.0791259	3.32973	0.0258963	0.0378609	0.0118675	0
3076.942824986	2739.331269901	-1.14376	-0.16411	3.2286	0.0258777	0.0379925	0.0124413	0
3067.137067735	2743.255602169	-1.10777	-0.266832	3.34804	0.0247375	0.0380414	0.0127526	0
3052.328933272	2733.174231252	-1.06943	-0.184084	3.37025	0.0241501	0.0372719	0.0127089	0
3030.75146394	2729.409092548	-1.06586	-0.131906	3.39924	0.0245073	0.0359442	0.0114338	0
3059.130862506	2728.406861382	-1.06495	-0.0598541	3.33574	0.0256912	0.0344487	0.0109985	0
3053.679026162	2733.272367313	-1.03396	-0.087406	3.33267	0.0230623	0.0341513	0.0107152	0
3050.970262918	2740.325730112	-1.02328	-0.206747	3.47818	0.0241629	0.0336482	0.0111048	0
3041.778652115	2737.481560587	-0.966532	-0.145055	3.43892	0.0264044	0.0312749	0.0125117	0
3051.75424316	2735.577010534	-0.945469	-0.150359	3.45211	0.0254131	0.0309808	0.0123193	0
3045.393195594	2734.066336885	-0.958691	-0.217375	3.47823	0.0236876	0.0316579	0.012177	0
3021.374579906	2733.851414473	-0.955101	-0.209689	3.50575	0.023619	0.0315906	0.0123478	0
3061.35585676	2734.751513087	-0.961849	-0.157147	3.54003	0.0237262	0.0313665	0.0120227	0
3073.451796994	2732.266139656	-0.961209	-0.208603	3.46784	0.0248888	0.0320427	0.0124246	0
3065.776681888	2733.488399861	-1.01955	-0.186514	3.50298	0.0242732	0.0323857	0.0118843	0
3060.192752593	2739.012882774	-1.04608	-0.0808711	3.50631	0.0242985	0.0325809	0.012072	0
3066.891752255	2743.149917181	-1.03283	-0.0765444	3.30241	0.0257746	0.0335559	0.0129695	0
3075.819177156	2745.582448119	-1.01482	-0.202477	3.33632	0.024735	0.0347456	0.0134143	0
3047.096680015	2746.360875781	-1.01618	-0.269812	3.4256	0.0242229	0.0341287	0.0132275	0
3065.553667815	2735.444460245	-0.987433	-0.161425	3.47993	0.0248845	0.0326491	0.0120091	0
3086.645652665	2752.176658493	-1.01926	-0.164383	3.53279	0.0284936	0.0334975	0.012433	0
3082.929895106	2756.640073009	-1.2903	-0.244517	3.45817	0.0389733	0.0375532	0.0148029	0
3066.174676235	2758.088579018	-1.85645	-0.199935	3.59731	0.0694051	0.0409645	0.023368	0
3053.210696608	2756.73976326	-1.91629	-0.164761	3.6873	0.0859259	0.0395739	0.0243142	0
3018.538870191	2756.799932654	-2.1234	-0.11953	3.86111	0.0996743	0.0411024	0.0244898	0
3045.03808857	2761.088833725	-2.31552	-0.00354142	3.91106	0.108562	0.039387	0.0247449	0
3039.407840967	2765.583776116	-2.23701	0.540407	3.94449	0.123923	0.0318722	0.0229593	0
3054.622547241	2749.022982932	-2.19774	0.648908	3.95011	0.127265	0.0316908	0.0237461	0
3062.235904603	2740.212718224	-2.29134	0.806613	3.20474	0.121612	0.0337742	0.0231596	0
3078.064757324	2730.046310857	-2.13343	0.836268	3.08877	0.113323	0.0348147	0.0228055	0
3080.883312111	2732.053437516	-2.06122	0.612842	3.29358	0.11014	0.0342589	0.0234836	0
3082.573072589	2742.869718747	-2.02659	0.355964	3.37001	0.101111	0.0343266	0.0220604	0
3110.149620492	2734.865635112	-2.00877	0.436396	3.37949	0.0946076	0.035039	0.0219084	0
3073.623346281	2743.554450895	-2.00794	0.266432	3.46235	0.092984	0.0361259	0.0221527	0
3111.618082389	2737.194479307	-2.01852	0.297261	3.50007	0.0927127	0.0363208	0.0223227	0
3085.350455547	2745.10064891	-2.07664	0.259557	3.58949	0.0923281	0.0364881	0.0213329	0
3079.442298099	2738.449377524	-2.07742	0.227941	3.65397	0.091744	0.0358533	0.0210787	0
3050.428167171	2737.254204647	-2.08521	0.26817	3.76493	0.0920353	0.0357075	0.0206093	0
3078.490199556	2735.336554984	-2.08596	0.228834	3.78234	0.0921682	0.0348104	0.0204728	0
3080.854148732	2742.749379958	-2.09158	0.27489	3.85109	0.092557	0.0348185	0.0203241	0
3049.637324957	2739.222698559	-2.08289	0.228794	3.92056	0.0919833	0.035155	0.0203377	0
3052.562240303	2742.495380744	-2.08502	0.255559	3.90578	0.0918865	0.0344655	0.0201946	0
3082.411816259	2733.763047613	-1.99423	0.296096	3.64524	0.0908881	0.0320287	0.0201509	0
3049.306234833	2732.979069269	-1.93748	0.315472	3.81073	0.0918727	0.0318761	0.019852	0
3082.079010642	2748.618005164	-2.00369	0.210157	3.92987	0.0873547	0.0316486	0.0183082	0
3079.90891216	2741.879255027	-2.02083	0.175147	3.9416	0.0861823	0.0319683	0.0185068	0
3021.499810886	2756.854329339	-2.13931	0.270761	4.02838	0.0856431	0.0318829	0.0188058	0
3055.190375381	2751.572078195	-2.08485	0.193175	4.15481	0.0842893	0.0324761	0.0191559	0
3066.186684685	2750.732593029	-2.04894	0.194342	4.19645	0.0851243	0.0321841	0.0201465	0
3029.351621757	2751.022116609	-2.03367	0.139204	4.3373	0.0829593	0.0325301	0.0197128	0
3078.157393939	2748.695936741	-1.99535	0.104235	4.30578	0.0831946	0.0327241	0.0198638	0
2988.980928022	2740.822183122	-1.99036	0.107711	4.33087	0.0818748	0.0324139	0.0198426	0
3034.362576433	2742.890589312	-1.98493	0.121892	4.37628	0.0816924	0.0324951	0.0197323	0
3048.70066585	2734.599868451	-1.97683	0.0919463	4.32097	0.0825096	0.0326259	0.0197247	0
3005.394763812	2741.587733202	-1.97571	0.0691328	4.33818	0.0813198	0.0329143	0.0201619	0
3068.759923991	2752.789897855	-1.97425	0.00941971	4.41618	0.07958	0.0351179	0.0212939	0
3030.259117486	2741.944086995	-1.93603	0.0164652	4.50212	0.0791772	0.0333358	0.0215841	0
3014.208966184	2741.197853289	-1.89628	0.0374418	4.5482	0.0794562	0.0338611	0.0222178	0
3054.814682442	2738.438942242	-1.87955	0.0237883	4.51866	0.0797161	0.0338343	0.0220377	0
2998.59969655	2735.08255577	-1.92184	0.0792333	4.57442	0.0793486	0.0329922	0.0216282	0
3026.817838786	2733.595417013	-1.94003	0.152998	4.55971	0.0818534	0.0331288	0.0208287	0
3058.475544229	2735.709116769	-1.91635	0.0473208	4.5834	0.0798879	0.0337257	0.0216141	0
2990.408218091	2733.387377446	-1.88054	-0.00419569	4.61441	0.0783847	0.0327914	0.0217782	0
3004.960744116	2730.9686122	-1.84858	0.0483643	4.64449	0.0778633	0.0331596	0.0222472	0
3028.300024627	2739.736691724	-1.83292	0.0376081	4.6155	0.0789201	0.0332743	0.0224769	0
3028.639692215	2730.665322928	-1.83753	0.0483307	4.64367	0.0789122	0.0331485	0.0224921	0
3028.571072501	2737.875214964	-1.82268	0.0637781	4.69983	0.0779059	0.0325361	0.0223695	0
3048.026477151	2737.159843051	-1.82551	0.108389	4.67225	0.077717	0.0325209	0.0228531	0
3040.617263441	2733.542574519	-1.82281	0.0810268	4.64829	0.0783463	0.0327024	0.0229322	0
3033.604328584	2742.753154422	-1.78091	0.0355656	4.67219	0.0774603	0.0322174	0.0235361	0
3048.982006681	2742.353727336	-1.76992	0.0615455	4.68879	0.0772576	0.0324228	0.0232726	0
3045.029511106	2735.767509945	-1.7793	0.0411993	4.63761	0.0772927	0.0328119	0.0238368	0
3030.120162563	2738.985129363	-1.76962	0.0591364	4.6388	0.0768961	0.0329492	0.0236956	0
3051.857172733	2745.336441887	-1.76663	0.110035	4.64737	0.0764959	0.0328445	0.0231425	0
3038.212142436	2745.512287497	-1.78388	0.123261	4.65728	0.0761874	0.0330977	0.0234614	0
3040.106046566	2744.270266863	-1.79384	0.126563	4.68452	0.0767077	0.0331817	0.0233365	0
3070.204368989	2743.552674677	-1.77731	0.0767451	4.60622	0.0762218	0.0338068	0.0239775	0
3054.581375412	2753.439993746	-1.67043	0.0467498	4.46041	0.0762777	0.0333734	0.0238695	0
3016.425382973	2744.240071152	-1.60912	0.0915764	4.50063	0.0764243	0.0336734	0.0241532	0
3047.089818044	2741.151893641	-1.62014	0.0738481	4.5501	0.0764448	0.0329193	0.0240933	0
3067.663724047	2743.289350316	-1.61887	0.102695	4.56836	0.075331	0.0332543	0.0248568	0
3014.864284461	2741.500476479	-1.62281	0.152806	4.61746	0.0748188	0.033237	0.0245507	0
3052.996259999	2742.72229263	-1.63726	0.0807129	4.59611	0.0755277	0.0330049	0.0247729	0
3061.047068043	2739.044188621	-1.65836	0.0492438	4.52838	0.0755879	0.0328299	0.0245574	0
3027.766506344	2744.323553411	-1.66739	0.110023	4.45009	0.0763359	0.0331139	0.0239151	0
3033.645500413	2742.831974109	-1.65023	0.16653	4.45366	0.0785841	0.0331355	0.023583	0
3075.918675742	2739.767775544	-1.66789	0.162148	4.47997	0.0762198	0.033297	0.023815	0
3044.067119605	2742.12681545	-1.6948	0.152607	4.54162	0.0754709	0.033738	0.0241473	0
3036.788283353	2738.778643988	-1.72646	0.131119	4.54553	0.0761865	0.0336138	0.0240003	0
3067.239997307	2740.22204337	-1.70506	0.0778274	4.48316	0.075461	0.0335145	0.024336	0
3030.729162532	2739.164305383	-1.69314	0.0732943	4.41794	0.076599	0.0333475	0.0238835	0
3025.644441663	2738.236009303	-1.67885	0.0838133	4.41829	0.0750793	0.0333083	0.023875	0
3057.134028804	2733.240395383	-1.70638	0.105533	4.44087	0.0756116	0.0327846	0.0234617	0
3051.232733327	2735.008176629	-1.80189	0.163063	4.32859	0.0798125	0.0341654	0.0237434	0
3020.024487017	2744.008052639	-1.85632	0.129929	4.36528	0.0751666	0.0343135	0.0229052	0
3063.153693289	2739.133887645	-1.81249	0.158944	4.33357	0.0756836	0.0339467	0.023389	0
3070.729309807	2748.144198937	-1.84233	0.199342	4.3656	0.0771353	0.0343056	0.0234871	0
3079.987824832	2746.377527828	-1.85001	0.215405	4.41831	0.0761329	0.0346767	0.0239163	0
3028.987937268	2742.571092048	-1.78687	0.17802	4.36894	0.0762819	0.0340435	0.0241249	0
3056.576493621	2750.195509026	-1.79328	0.127541	4.18516	0.0749515	0.0331317	0.0230271	0
3090.047475028	2751.92576766	-1.63412	-0.132025	3.63827	0.0469947	0.0291562	0.0241376	0
3107.893747366	2746.968120407	-1.5567	0.00244181	2.73665	0.0408824	0.0276094	0.0228544	0
3077.243036239	2740.5990457	-1.57492	0.206339	3.03837	0.0477163	0.0282699	0.0222604	0
3082.37064443	2751.706404702	-1.60482	0.216933	3.30898	0.0487535	0.028688	0.0231852	0
3108.411826213	2748.24122486	-1.58674	0.133118	3.40482	0.0506123	0.0282284	0.0235777	0
3037.61686641	2741.759360293	-1.55728	0.0485133	3.38771	0.0508567	0.0279099	0.0230132	0
3059.132577999	2751.490150126	-1.54442	0.0435577	3.49999	0.0526665	0.0281935	0.0229004	0
3024.700920583	2741.018455242	-1.55673	0.0372053	3.53204	0.0535755	0.028351	0.0227561	0
3020.660934872	2742.17677159	-1.5529	0.0714117	3.5871	0.0543678	0.0284944	0.0224687	0
3065.569107251	2744.532259059	-1.57171	0.197479	3.67558	0.0550023	0.029695	0.0225266	0
3073.990461755	2733.233512538	-1.54643	0.120633	3.60656	0.0555966	0.0284816	0.0224036	0
3038.36996778	2734.208656375	-1.53756	0.0864856	3.58922	0.0562194	0.0281504	0.0222403	0
3038.980683242	2734.934907625	-1.55528	0.0667358	3.65476	0.0569246	0.0285203	0.0222261	0
3055.986364073	2746.175927053	-1.58208	0.0416345	3.74571	0.0561196	0.0301136	0.0231109	0
3024.827867056	2737.840578708	-1.57579	0.0331163	3.81307	0.0559179	0.0289701	0.0225933	0
3046.950863121	2735.846773686	-1.56868	0.115679	3.83493	0.0562251	0.028841	0.0221359	0
3076.683785563	2736.738213236	-1.5614	0.0721324	3.81661	0.0570283	0.0305745	0.0227723	0
3052.107634692	2733.648481534	-1.54786	0.0140979	3.85364	0.0569228	0.0305917	0.0227004	0
3033.415624369	2731.638690547	-1.56587	0.0604705	3.84864	0.0582862	0.0295756	0.02192	0
3050.585992515	2725.961008807	-1.54544	0.133881	3.78054	0.0597446	0.0293508	0.0221088	0
3045.816922334	2727.995222795	-1.55518	0.111892	3.82189	0.0583378	0.0296215	0.0220517	0
3045.046666034	2731.771018809	-1.54527	0.176264	3.86066	0.0571799	0.0296282	0.0219556	0
3079.471461478	2732.476177467	-1.55602	0.174188	3.8092	0.0565268	0.0299803	0.0220903	0
3036.63731998	2725.625747607	-1.53356	0.0875378	3.8305	0.0567983	0.0300225	0.0223986	0
3037.903353719	2730.51145802	-1.50991	0.0622633	3.8825	0.0572376	0.029506	0.0223646	0
3037.796993161	2732.158900477	-1.50575	0.120777	3.84244	0.0596401	0.0306067	0.0223043	0
3043.272846406	2733.525700445	-1.51146	0.0910377	3.89216	0.0589774	0.0301571	0.0220778	0
3016.89542802	2728.231681854	-1.51077	0.113771	3.94653	0.0576058	0.0302065	0.0221572	0
3054.766648642	2734.93446357	-1.51195	0.190694	3.89267	0.0569034	0.030316	0.0224513	0
3038.280762151	2734.064560666	-1.50994	0.16804	3.87846	0.0573288	0.031083	0.02272	0
3039.459305753	2736.359434687	-1.4907	0.0691399	3.91041	0.0574021	0.0309623	0.0232763	0
3030.312297765	2742.877711729	-1.45427	0.00716651	3.95321	0.0567261	0.031316	0.0247746	0
3037.14510587	2740.511344923	-1.38212	0.118577	4.04576	0.0553961	0.0290455	0.025001	0
3025.426574068	2749.7436835	-1.39824	0.120125	3.99755	0.0585193	0.0265802	0.0259576	0
3077.265337646	2757.892306898	-1.57968	-0.00102861	3.92646	0.0630795	0.029364	0.0263077	0
3041.516181706	2752.880040932	-1.49688	-0.130937	4.3697	0.0634819	0.0310099	0.0277513	0
2981.556274876	2752.462407609	-1.536	-0.221285	4.25554	0.064564	0.0333655	0.0288735	0
3054.334344438	2754.961546732	-2.12265	-0.439406	4.58259	0.0774639	0.03638	0.0331659	0
3140.620204868	2799.215803212	-2.38958	-0.541907	5.19625	0.0849326	0.0358549	0.0348122	0
3018.93858003	2773.679779047	-2.73045	0.219103	5.33376	0.0888905	0.0285496	0.030273	0
3064.418011535	2759.346807644	-2.80295	0.737151	4.96249	0.0938373	0.0266554	0.0281423	0
3063.851898887	2766.377079606	-2.32636	1.28443	5.14959	0.110065	0.020361	0.0259945	0
3061.534268018	2771.614037185	-2.1832	1.43238	5.42109	0.125259	0.0204661	0.0298765	0
2980.912965049	2754.514827834	-2.0176	1.53998	5.50953	0.135012	0.0177326	0.031021	0
3049.410879898	2764.71320713	-1.75443	1.66795	5.77751	0.145749	0.0125825	0.0321494	0
3033.58374267	2740.153436939	-1.77261	1.72566	5.60377	0.145597	0.0117786	0.0321867	0
2985.393832429	2718.446051282	-2.00803	1.31295	4.51153	0.10963	0.0184285	0.0328786	0
3062.868921472	2748.243001079	-1.90134	1.2616	5.15169	0.105523	0.0207804	0.0317619	0
3076.057630665	2737.587023548	-2.08135	0.817213	5.35512	0.0971338	0.0261126	0.0317619	0
3073.784602611	2731.088506934	-2.36748	1.03605	5.20347	0.0875142	0.0192934	0.032559	0
3063.616876364	2726.738326333	-2.80706	0.970228	5.21514	0.0873066	0.029662	0.0359045	0
3119.404704531	2742.707638829	-2.56717	0.832664	5.39104	0.0875013	0.0311451	0.0334333	0
3092.541801663	2742.783794188	-2.58242	0.577411	5.1188	0.086245	0.0307351	0.0325971	0
3021.78286721	2736.543495307	-2.53808	0.714746	4.98935	0.0864968	0.0308535	0.0321107	0
3032.360596253	2730.747250997	-2.46016	0.747139	5.02001	0.0850171	0.0293861	0.0325757	0
3058.758600553	2736.922273856	-2.47454	0.678507	5.05452	0.0842445	0.0293597	0.0324467	0
3060.163589214	2748.408855461	-2.59805	0.517841	5.15698	0.0837492	0.0293316	0.0314707	0
3031.123725893	2745.176138187	-2.5944	0.51309	5.18362	0.0837411	0.029616	0.0312729	0
3018.214642038	2745.50629276	-2.58346	0.439719	4.8371	0.0798066	0.0326178	0.0334741	0
3079.231292476	2750.763454822	-2.55792	0.471645	4.84202	0.078449	0.0314924	0.032753	0
3041.478440863	2745.127736239	-2.45376	0.520386	5.28367	0.080692	0.0311286	0.0307708	0
3037.995990334	2762.809767213	-2.35714	0.387908	5.8361	0.0801231	0.029986	0.0309848	0
3055.45284579	2756.243754305	-2.38084	0.29334	5.65401	0.0787897	0.0287105	0.0337285	0
3081.833695162	2760.770890652	-2.9477	0.166578	5.35167	0.0899491	0.0219318	0.0437713	0
3032.134151194	2758.662963605	-2.97036	0.215734	5.05089	0.093011	0.0264053	0.0399114	0
3064.900065031	2752.931551263	-2.9022	0.282619	5.01354	0.0896833	0.0275851	0.0381382	0
3015.356630915	2750.272552494	-2.98042	0.283382	5.03737	0.0874827	0.0259144	0.0384278	0
3068.073726843	2750.727930456	-2.9453	0.298917	5.04828	0.0880935	0.0267966	0.0376801	0
3066.092332577	2750.149105323	-2.9169	0.276902	5.0518	0.0898102	0.0269645	0.0362387	0
3054.763217656	2749.184840823	-2.89827	0.292846	5.09487	0.0892666	0.0275264	0.0356258	0
3129.488371627	2748.441715499	-2.87389	0.318736	5.16338	0.088639	0.0271267	0.0358964	0
3028.885007696	2749.174849595	-2.84389	0.341745	5.17313	0.0898124	0.0266455	0.0349824	0
3080.588247337	2741.195410989	-2.83879	0.296565	5.20024	0.0882321	0.026644	0.0351662	0
3044.907711112	2740.801534585	-2.83373	0.26497	5.22952	0.0879532	0.0272945	0.0349956	0
3024.66317974	2738.783750616	-2.81571	0.288707	5.22792	0.0888164	0.0268324	0.0351292	0
3068.075442336	2735.772394545	-2.82016	0.293028	5.24792	0.0879329	0.0268915	0.0350299	0
3059.237223064	2747.745881987	-2.80686	0.33576	5.38703	0.088331	0.0269217	0.0350803	0
3052.665169875	2750.386896546	-2.78843	0.279896	5.63397	0.0854363	0.026747	0.0354628	0
3091.570832698	2750.483256388	-3.10109	0.338898	5.71979	0.0864403	0.0232324	0.0388971	0
3036.007734097	2745.559135254	-3.10814	0.384679	5.69023	0.0908301	0.0247124	0.0373129	0
3040.878018358	2747.246542622	-3.07474	0.284404	5.66455	0.0889993	0.0258073	0.0383053	0
3076.229179952	2747.802942999	-3.02595	0.243524	5.66406	0.0863621	0.0255257	0.0388731	0
3034.432911641	2746.588231721	-3.00835	0.276296	5.68996	0.085862	0.0256202	0.0384403	0
3067.107904356	2756.030386084	-2.98111	0.273472	5.666	0.0848414	0.0255621	0.0379922	0
3097.765477455	2751.112481714	-2.96677	0.25798	5.68941	0.0854026	0.0257844	0.0381139	0
3058.617930137	2759.954496324	-2.9372	0.316474	5.65403	0.0833188	0.0260552	0.0374197	0
3102.033623719	2758.716916236	-2.92267	0.333413	5.61171	0.0842148	0.0264126	0.0376908	0
3095.36035645	2756.660721547	-2.88419	0.282865	5.6083	0.0850558	0.0269343	0.0369086	0
3074.136278649	2759.156530261	-2.87053	0.261104	5.66403	0.0847637	0.0270409	0.0367918	0
3085.431083712	2759.569945066	-2.87806	0.309282	5.68824	0.0845134	0.026463	0.0369201	0
3057.5680485	2756.015288228	-2.8811	0.333031	5.74141	0.08479	0.0258999	0.0365975	0
3098.151463351	2757.878985261	-2.86849	0.425962	5.66865	0.0857977	0.0246955	0.0371258	0
3139.590909145	2753.706648516	-2.83009	0.330837	5.62557	0.0862231	0.02501	0.0374768	0
3043.45468865	2752.26680157	-2.7953	0.349616	5.54985	0.0864826	0.0246576	0.0363851	0
3056.416952784	2748.170398156	-2.7885	0.416011	5.53233	0.0869182	0.0250504	0.0357229	0
3083.808227456	2752.99638323	-2.79096	0.444109	5.52351	0.0868676	0.0259725	0.0361051	0
3036.92380729	2746.457013596	-2.80026	0.389918	5.53647	0.0848191	0.0264113	0.036486	0
3062.050631372	2747.87732214	-2.79442	0.388056	5.51835	0.0858333	0.025453	0.0354527	0
3112.400347138	2748.783637518	-2.82614	0.501623	5.46105	0.0861977	0.0252995	0.0355647	0
3045.367463201	2743.153913672	-2.82031	0.364811	5.46245	0.0852311	0.0251341	0.0344038	0
3063.515662284	2748.299840064	-2.78584	0.472675	5.45725	0.0863187	0.0252755	0.0341431	0
3088.647632846	2753.522143841	-2.78037	0.446359	5.5067	0.0850413	0.0256116	0.0347367	0
3106.732358692	2748.516982749	-2.77905	0.347776	5.53318	0.0854382	0.0253052	0.0342467	0
3064.131524225	2756.121861325	-2.78754	0.347721	5.59879	0.0850601	0.0252353	0.0341983	0
3082.845835956	2751.463950907	-2.79937	0.308838	5.55866	0.0847363	0.0252336	0.034375	0
3096.629821175	2754.944894686	-2.78801	0.440882	5.59705	0.086967	0.0255594	0.0334814	0
3062.181008831	2747.854009275	-2.77992	0.373375	5.5868	0.0863011	0.0258396	0.0334852	0
3081.50432053	2745.638176968	-2.76897	0.394932	5.55016	0.0841606	0.0260062	0.0338896	0
3117.639462367	2750.753019539	-2.75961	0.488693	5.5772	0.0834202	0.0255264	0.0339118	0
3071.120442182	2755.230865829	-2.76532	0.480567	5.61482	0.0835404	0.0252701	0.0348922	0
3064.107507325	2751.650231799	-2.73135	0.407719	5.64777	0.0836526	0.0247381	0.035198	0
3075.663067304	2758.34280026	-2.73782	0.401454	5.65179	0.0858444	0.02487	0.0346582	0
3070.727594314	2759.519766899	-2.72634	0.352709	5.44678	0.0845716	0.0246871	0.0344279	0
3048.72468275	2747.093565823	-2.73159	0.44397	5.37451	0.0857509	0.0248988	0.0340614	0
3086.161883675	2752.972848338	-2.73692	0.398563	5.4356	0.0857582	0.0245012	0.0338918	0
3074.825906783	2751.931318342	-2.75168	0.373613	5.48303	0.0849458	0.0250659	0.0338615	0
3057.454825971	2750.908216612	-2.74744	0.431589	5.48514	0.0845427	0.0246231	0.0336163	0
3081.070300834	2749.728363617	-2.73535	0.476986	5.48374	0.0832466	0.0246044	0.0342683	0
3104.196860229	2751.069408421	-2.71959	0.370366	5.50921	0.0831328	0.0239455	0.033615	0
3044.194066077	2755.659156463	-2.71673	0.340472	5.5125	0.0838636	0.0243123	0.0340119	0
3084.501286576	2756.141843781	-2.69811	0.388666	5.54711	0.0837608	0.024409	0.0348362	0
3087.686956838	2762.578636809	-2.64145	0.393457	5.63687	0.0839073	0.0262864	0.0374543	0
3053.123206471	2767.09156341	-2.54225	0.385675	5.64099	0.0885506	0.025427	0.0368271	0
3062.994152452	2755.181575772	-2.67435	0.556547	5.20584	0.0964012	0.02462	0.0348798	0
3088.43491173	2759.018873344	-2.68914	0.718513	4.8275	0.105829	0.0249861	0.0356223	0
3033.703827171	2752.776798245	-2.59708	1.02682	4.50739	0.116209	0.0274871	0.0350137	0
3020.079382789	2756.065244367	-2.32419	1.46143	4.74471	0.13366	0.0223356	0.0347819	0
3039.009846621	2762.962521985	-1.97045	1.64682	5.08453	0.148417	0.0159726	0.0362935	0
3086.559878021	2769.880670168	-1.66295	1.88682	5.39241	0.165303	0.0113278	0.0372464	0
3039.416418432	2767.811819924	-1.37996	2.1305	5.61549	0.177335	0.00567274	0.0380322	0
3082.502737381	2779.055281652	-1.36702	2.22358	5.78653	0.180161	0.00494303	0.0360269	0
3004.406639919	2723.322880603	-1.65016	2.09309	5.0558	0.150965	0.01153	0.0370974	0
3065.402704443	2723.198323296	-2.05159	1.55178	4.65762	0.123595	0.0203736	0.0406134	0
3055.921175344	2747.828032083	-2.21786	1.0619	4.72001	0.118319	0.0208071	0.0358157	0
3069.849261964	2746.533168955	-2.10161	1.01382	4.82363	0.116545	0.0171061	0.033104	0
3139.46224718	2751.862045829	-2.20686	0.784431	4.61089	0.10487	0.0207135	0.0334874	0
3090.098939815	2752.545223786	-2.20361	0.755025	4.64164	0.104058	0.0227955	0.036348	0
3094.825122674	2756.060803822	-2.28558	0.692074	4.52539	0.0982661	0.023969	0.0354183	0
3076.275498259	2741.762246648	-2.30135	0.551902	4.59509	0.0935184	0.0246653	0.0346541	0
3013.963650703	2733.721972565	-2.36299	0.56345	4.38903	0.0962628	0.0232243	0.0345348	0
3012.368242333	2743.878832759	-2.3372	0.706685	4.48646	0.0992801	0.0243579	0.035749	0
3047.045215229	2741.507581352	-2.25624	0.687504	4.75011	0.0944076	0.024438	0.0390255	0
3043.559333715	2739.509113757	-2.15263	0.919108	4.82444	0.0924832	0.0219396	0.0400598	0
3018.907701158	2749.953277257	-2.22441	0.851328	4.92338	0.0919273	0.0233164	0.0371041	0
3024.272047366	2741.868819745	-2.18655	0.689631	5.05774	0.0905866	0.0229678	0.0356088	0
3110.892428905	2754.144486322	-2.15156	0.605454	5.13103	0.0903589	0.0234188	0.0349327	0
3030.054973834	2749.602252119	-2.19628	0.180901	5.1654	0.0819039	0.0250981	0.0345356	0
3012.349371912	2721.316197999	-2.77837	-1.15783	4.73086	0.00702593	0.0290779	0.0414332	0
3038.093773428	2673.760173759	-3.46552	-1.87981	2.3465	-0.0599474	0.0283164	0.0555564	0
3119.842155213	2735.12096649	-3.5464	-1.10203	1.64914	-0.0588724	0.035515	0.0558923	0
3107.373953026	2750.878464955	-3.21963	-0.636235	2.18169	-0.0435645	0.0322562	0.0554441	0
3006.034642653	2677.09213723	-2.72615	0.357769	2.21141	0.0190662	0.0289469	0.0473448	0
3038.080049485	2744.922138972	-2.47914	0.985383	3.91632	0.0657892	0.028843	0.0433428	0
2992.568023615	2740.249352726	-2.56262	0.53	4.20105	0.0641749	0.0304405	0.0433406	0
3024.162255822	2735.406271552	-2.58754	0.412929	4.23194	0.0648668	0.0306	0.0430475	0
2961.12990126	2735.434913071	-2.58247	0.485569	4.28886	0.0643464	0.0297799	0.042867	0
3004.288270911	2723.98318975	-2.56209	0.484959	4.33607	0.0642849	0.0290909	0.0422611	0
2992.441077143	2730.403996814	-2.53905	0.48909	4.30074	0.0640284	0.028883	0.0428665	0
3025.84000785	2728.876671118	-2.57207	0.51071	4.31729	0.0648333	0.0288006	0.0425291	0
3034.371153898	2728.850915953	-2.55528	0.419155	4.41165	0.0625842	0.029025	0.0425671	0
3019.463520848	2726.207237067	-2.53244	0.359623	4.53319	0.0617898	0.0282145	0.0424355	0
3051.668468517	2721.92544087	-2.52752	0.362446	4.52644	0.0626039	0.02813	0.0423235	0
2986.359654915	2722.010033265	-2.52705	0.395512	4.56718	0.0620521	0.0278128	0.0422415	0
3006.089538425	2718.692723596	-2.52658	0.364603	4.55684	0.0638824	0.0275279	0.0423004	0
3021.064075697	2719.120348147	-2.47243	0.337028	4.5863	0.0627231	0.0269712	0.0433577	0
2994.350420708	2725.493419345	-2.46895	0.284956	4.65211	0.0606266	0.0272908	0.0429966	0
3007.16172147	2722.45208959	-2.47001	0.294093	4.65782	0.0613049	0.0278013	0.0424425	0
3037.457325573	2726.070690286	-2.47654	0.295864	4.6544	0.0611036	0.028115	0.0427348	0
3021.539267222	2726.046267285	-2.58529	0.29558	4.57339	0.0568345	0.0290271	0.0406648	0
3071.727726658	2737.758206585	-2.6299	0.247204	4.62858	0.0563871	0.0296253	0.0400451	0
3080.03414314	2739.4744775	-2.62886	0.223382	4.68039	0.0564619	0.0292883	0.0400451	0
3052.819564233	2746.076458829	-2.62392	0.211868	4.74228	0.0555681	0.0293439	0.0398639	0
3085.37618794	2755.938910842	-2.61061	0.215417	4.8027	0.0551757	0.0290966	0.0403102	0
3134.89732065	2758.768204539	-2.62532	0.216282	4.81274	0.0560239	0.0288215	0.0401657	0
3067.890169106	2755.725986675	-2.62567	0.220922	4.83569	0.0560319	0.0293223	0.0403153	0
3109.825392339	2761.934979709	-2.62875	0.213033	4.87343	0.0555877	0.029268	0.0400667	0
3128.826191379	2759.402092438	-2.63179	0.176214	4.89104	0.0564402	0.0292967	0.0401405	0
3102.284085678	2765.484751946	-2.63952	0.183459	4.91032	0.0560739	0.0294956	0.0401405	0
3137.691858537	2761.505578939	-2.63188	0.186893	4.90708	0.0565219	0.0293384	0.0401405	0
3091.920793244	2757.886312161	-2.63083	0.230536	4.95793	0.0559625	0.0288582	0.0406059	0
3108.149355804	2753.841419078	-2.62859	0.274753	4.8975	0.0563525	0.0288603	0.0401405	0
3125.052107063	2754.2370717	-2.62018	0.160176	4.95462	0.0556057	0.0295808	0.0409301	0
3068.723898641	2753.942219465	-2.60704	0.154922	4.96246	0.055503	0.0302647	0.0410361	0
3085.976610445	2751.333842918	-2.63799	0.291046	4.94531	0.0566822	0.030081	0.0410754	0
3072.973174483	2757.664728931	-2.65797	0.2687	4.85272	0.0583156	0.0311714	0.0406943	0
3070.07399153	2754.068330963	-2.59546	0.271475	5.05281	0.0598505	0.0325752	0.0399077	0
3091.262043981	2744.956997256	-2.76426	0.323653	4.75263	0.069386	0.0340744	0.0391606	0
3068.686157798	2745.572456891	-2.89294	0.35901	4.55479	0.077167	0.0345909	0.0356892	0
3055.7153162	2748.260319207	-2.84386	0.462201	4.45889	0.0817359	0.0389361	0.0353891	0
3054.641417662	2742.855509001	-2.90691	0.547646	4.46424	0.0908914	0.0344694	0.0296866	0
3068.804526806	2748.489229338	-2.88769	0.549842	4.30977	0.104991	0.03632	0.0330661	0
3021.729686931	2741.952302004	-2.72601	0.908895	4.81403	0.128316	0.033154	0.0345882	0
3098.973184437	2771.322515359	-2.49092	1.78275	5.44583	0.154534	0.029977	0.0314468	0
3032.238796259	2739.338374774	-2.64945	2.49858	5.25608	0.160938	0.0323277	0.0328427	0
3003.406507575	2685.255858483	-2.79958	2.08451	3.7452	0.124327	0.0388715	0.0382175	0
3020.961146125	2719.12989532	-2.88346	1.29527	4.18247	0.105006	0.0397889	0.0364501	0
3072.969743497	2718.750894744	-2.845	0.898001	4.20873	0.0868776	0.0433736	0.0383312	0
3096.293584572	2736.448467629	-2.8744	1.07544	4.28489	0.0843847	0.0426084	0.0387444	0
3069.610808455	2730.582284724	-2.77669	0.898724	4.21737	0.0843381	0.0402119	0.0384179	0
3124.823946511	2721.711406567	-2.82936	0.641498	3.49602	0.0674369	0.0395682	0.0359486	0
3081.344779693	2726.914393971	-2.9228	0.771301	3.46497	0.0637161	0.0348892	0.0364655	0
3036.82259321	2740.785992675	-2.84049	0.751228	3.72395	0.0589168	0.0338896	0.0361399	0
3046.647220883	2729.143325888	-2.79547	0.754231	3.64104	0.0589472	0.0342854	0.0359996	0
3077.857182687	2741.020897542	-2.80153	0.716644	3.65103	0.0595769	0.0351614	0.0348198	0
3052.898476905	2736.69780427	-2.91871	0.684537	3.89786	0.0622964	0.0335853	0.0359655	0
3052.493620588	2747.529849438	-2.93937	0.648775	4.10679	0.0648565	0.0336901	0.0358987	0
3053.835136013	2743.116169034	-2.85184	0.57597	4.05403	0.0641229	0.0325761	0.0351489	0
3080.836993804	2748.925290927	-3.06398	0.279123	3.13862	0.0512195	0.040213	0.0375497	0
3102.313249057	2759.225580746	-3.09503	0.54152	3.45206	0.0513614	0.0434245	0.0367473	0
3084.96961613	2751.430646814	-3.00428	0.51515	3.69052	0.0549114	0.0420722	0.0357751	0
3121.477019919	2757.186038104	-2.99113	0.518285	3.64262	0.0541897	0.0417885	0.0357274	0
3113.151733016	2763.57309702	-2.98155	0.546671	3.70247	0.0553602	0.0418717	0.0349853	0
3089.685506033	2763.131262722	-3.00161	0.581952	3.83738	0.0553858	0.0413334	0.034539	0
3106.749513621	2761.041985967	-3.00055	0.549876	3.95424	0.056144	0.0417793	0.0353189	0
3080.387534671	2750.236362046	-2.98436	0.521622	3.99839	0.0566307	0.0414882	0.035451	0
3061.51711309	2757.363659932	-2.98458	0.515653	4.07803	0.0574137	0.0416093	0.0354031	0
3088.836337061	2755.58899584	-2.95969	0.504421	4.04196	0.0589788	0.0423208	0.0349556	0
3080.514481144	2768.131539215	-2.9944	0.435604	4.22763	0.0572508	0.0423377	0.0342342	0
3096.773922576	2752.624043472	-3.01219	0.393931	4.2125	0.0567494	0.0422349	0.033733	0
3088.947844098	2755.717993693	-3.01207	0.40582	4.20018	0.0571234	0.0422133	0.0337512	0
3075.103816628	2749.83449266	-3.00272	0.429142	4.2329	0.0584255	0.0423266	0.0339705	0
3086.237365362	2746.780285323	-2.94875	0.474771	4.23932	0.057928	0.0417814	0.0339974	0
3073.065811098	2742.945208024	-2.93106	0.465396	4.24993	0.0582729	0.0417021	0.0341759	0
3062.913524287	2741.425209229	-2.93619	0.446959	4.22617	0.0588394	0.0411296	0.0333291	0
3068.07201135	2738.106345368	-2.98021	0.503244	4.18084	0.0604798	0.0411278	0.0330901	0
3091.402714397	2740.025105168	-3.02893	0.44061	4.24987	0.0578427	0.0411639	0.0330135	0
3062.338834175	2744.700777769	-3.05856	0.447206	4.30357	0.0587064	0.0408485	0.0331741	0
3095.406674758	2746.185252199	-3.08202	0.550789	4.37934	0.058083	0.0410183	0.0329306	0
3112.360890802	2742.937437069	-3.10592	0.50296	4.41461	0.0586978	0.041307	0.0330715	0
3062.556701769	2741.535334762	-3.0805	0.443084	4.38432	0.0600985	0.0413622	0.0334028	0
3063.224028496	2738.923183751	-3.0703	0.410044	4.41852	0.0598955	0.0413558	0.0328962	0
3094.198967776	2737.496214388	-3.07426	0.397906	4.42723	0.0601147	0.0418283	0.0326954	0
3066.962087462	2737.2302257	-3.07144	0.403216	4.43705	0.0602143	0.0415042	0.0326004	0
3089.923959542	2740.705618797	-3.07347	0.434558	4.47084	0.0601873	0.0418227	0.0325506	0
3093.128500225	2735.005512302	-3.07299	0.432312	4.40872	0.0608649	0.0422732	0.0326093	0
3071.506428078	2737.831031534	-3.07186	0.448649	4.44265	0.0610452	0.0421662	0.0325723	0
3071.878690031	2737.493106006	-3.07039	0.455806	4.4506	0.0616716	0.041893	0.0323578	0
3109.106600826	2738.266871095	-3.07066	0.460184	4.42017	0.0627988	0.0427022	0.0321954	0
3070.298721097	2748.211251177	-3.08305	0.455245	4.51199	0.0607979	0.0415156	0.0328746	0
3095.926469098	2739.385000504	-3.10024	0.425402	4.57555	0.0592134	0.0414109	0.0332439	0
3107.993245953	2739.674968139	-3.10041	0.376871	4.52674	0.0592988	0.0416182	0.0336381	0
3065.687476259	2742.477396534	-3.08018	0.340517	4.55725	0.0586614	0.0413618	0.0333878	0
3072.111997061	2742.313762425	-3.08772	0.340938	4.55661	0.0596695	0.0416992	0.0335337	0
3080.274312142	2745.819795287	-3.08078	0.373596	4.54972	0.0600683	0.0417804	0.03365	0
3092.631007292	2743.700766876	-3.09447	0.351255	4.54968	0.060205	0.0417303	0.0336847	0
3071.01751261	2745.746526283	-3.06149	0.37337	4.57887	0.0601039	0.0411695	0.0337018	0
3099.463815398	2750.286318185	-3.03561	0.414454	4.64715	0.0600134	0.0409649	0.0337418	0
3118.691059497	2750.478815842	-3.04294	0.411876	4.65857	0.0604648	0.040658	0.0331565	0
3062.563563741	2747.936603425	-3.03873	0.479026	4.61779	0.0599125	0.0397818	0.0331383	0
3100.043651988	2745.160818304	-3.00867	0.411878	4.63321	0.0592172	0.0392535	0.0338191	0
3107.862868494	2746.044042845	-2.98829	0.280397	4.65361	0.0592103	0.0400208	0.0337683	0
3080.041005111	2750.753019539	-2.97445	0.316222	4.69472	0.0592433	0.0399649	0.0337301	0
3093.929635396	2749.017210223	-2.95688	0.327615	4.69504	0.0607345	0.040351	0.0334345	0
3102.658063124	2751.578072931	-2.95514	0.369022	4.68838	0.0615619	0.0400941	0.0329797	0
3080.680883952	2752.193532566	-2.9557	0.341923	4.73245	0.06109	0.0399841	0.0326068	0
3108.712037466	2754.946892931	-2.9572	0.407322	4.76572	0.0610803	0.0402515	0.0326557	0
3139.846517583	2754.123837785	-2.98243	0.44802	4.84148	0.0591973	0.0410602	0.0324392	0
3106.696333342	2754.477083196	-3.03121	0.328534	4.9069	0.0588382	0.041033	0.0328748	0
3072.525430843	2748.130211218	-3.02888	0.325879	4.84091	0.059708	0.0397532	0.0324392	0
3075.448630696	2756.722001077	-2.97503	0.4563	4.91142	0.0626097	0.03931	0.0333417	0
3091.949956622	2750.666872952	-2.87329	0.508168	4.86892	0.0725903	0.0361915	0.0352441	0
3078.574258707	2760.659210928	-3.05029	0.432353	5.03242	0.0750065	0.0394185	0.0365842	0
3075.923822221	2754.577439529	-3.2421	0.25931	5.19133	0.0798717	0.0432333	0.0382128	0
3082.108174021	2757.187370267	-3.30309	0.241166	5.16731	0.0848228	0.0406643	0.0377174	0
3082.571357096	2754.673355316	-3.26202	0.386611	5.20858	0.101593	0.0420178	0.0376288	0
3071.084416832	2766.396840034	-3.25867	0.900836	5.47666	0.123902	0.0381067	0.0353014	0
3094.880018446	2759.604137268	-3.24135	0.950043	5.35723	0.123901	0.0391845	0.0378948	0
3048.163716581	2729.730588057	-3.0742	0.763496	4.85585	0.107294	0.0344566	0.0390071	0
3041.782083101	2730.354928784	-3.08672	0.719495	3.96187	0.0881874	0.0329526	0.0375346	0
