3245.171363844	2717.838003273	-0.00094155	0.191403	-0.0585419	-0.00183342	-0.001099	0.000666234	1
3138.0924799	2716.419158088	0.0153435	0.244317	-0.0440521	-0.00256602	-0.00138005	0.000642967	1
3134.249885998	2718.767237467	0.00767844	0.137217	-0.10882	-0.00229748	-0.00114388	0.000701743	1
3088.793922542	2722.366862847	0.0235543	0.153482	-0.0667493	-0.00218977	-0.000831337	0.000612711	1
3009.929046783	2719.059253647	0.0241258	0.214448	-0.0596478	-0.00244476	-0.0010102	0.000917942	1
3039.96049803	2715.647461153	0.0127075	0.290731	-0.0639254	-0.00269024	-0.000933322	0.000618679	1
3016.296174056	2719.081638749	-0.00380689	0.2438	-0.0192248	-0.00297954	-0.00118019	0.000655946	0
2994.778532069	2717.339471904	0.0073697	0.193783	-0.00216516	-0.00295681	-0.00128386	0.000873467	0
3026.005407871	2713.901591509	-0.00086906	0.128372	-0.0358034	-0.002203	-0.00135348	0.000600756	0
2973.473017175	2725.407702223	0.0147433	0.176918	0.0198223	-0.00286464	-0.00163466	0.000453243	0
3003.445912506	2724.852955637	0.00514322	0.182806	0.113205	-0.00466818	-0.00146306	0.000327707	0
3023.961474944	2718.008500327	-0.0705771	0.224071	-0.0341515	-0.00341339	-0.00140942	0.000321568	0
2976.985267323	2720.617458714	-0.0113232	0.282467	0.0181004	-0.00317747	-0.00113936	0.0001044	0
2993.683646918	2719.442829943	0.0133589	0.212761	0.0281891	-0.00394997	-0.00155807	0.000192754	0
3018.266083466	2719.430375074	0.0233867	0.177646	-0.0977052	-0.00281345	-0.00104038	0.000797197	0
2993.313529334	2723.295760424	0.0216544	0.212234	-0.253234	-0.000337858	-0.00118653	0.000906271	0
2989.768134328	2716.622643715	0.0956588	0.366806	-0.55067	0.00617339	-0.0020753	0.00222201	0
2998.188033156	2715.294348792	0.0664242	0.383642	-0.43623	0.000619017	-0.00169718	0.00173314	0
2989.812327472	2718.355216944	0.056049	0.333588	-0.323802	0.000807812	-0.0016614	0.00155362	0
2961.711011805	2717.093404092	0.0746416	0.278366	-0.323027	0.000130819	-0.00247445	0.00191425	0
2994.919950131	2717.514176685	0.0734408	0.260574	-0.357813	-0.000611905	-0.00237542	0.00211468	0
2978.832540757	2721.1759081	0.0866351	0.293063	-0.309326	0.000815352	-0.00216837	0.00193034	0
2979.884337593	2720.206448045	0.0885046	0.384141	-0.285982	0.00123165	-0.0021863	0.00190164	0
3017.051876824	2718.40133362	0.0834423	0.33777	-0.342344	0.000511187	-0.00228009	0.00190603	0
2987.229238185	2721.571939264	0.103321	0.249228	-0.345228	0.000572252	-0.00258388	0.00188349	0
2984.956605736	2726.836982568	0.108789	0.226508	-0.274886	0.000598905	-0.00250193	0.00189696	0
3016.154755994	2732.502937998	0.0819534	0.264881	-0.268825	0.00072186	-0.00238089	0.00176803	0
3008.140329265	2726.127391667	0.0691754	0.314461	-0.225727	0.000575334	-0.00202233	0.00154901	0
2999.999952075	2725.595535109	0.0526136	0.363272	-0.195343	0.000476084	-0.00217506	0.00161189	0
3025.057464924	2721.523466262	0.0552553	0.201015	-0.269481	3.33415e-05	-0.00224448	0.00177728	0
2993.883620896	2721.564533667	0.0596424	0.242805	-0.228265	0.000569628	-0.00175068	0.00161259	0
2994.577453262	2728.801485651	0.0470982	0.243894	-0.159395	0.000275571	-0.0021833	0.00159662	0
3016.053111762	2723.316967363	0.0437209	0.245892	-0.182992	0.000442776	-0.00230901	0.00161604	0
2987.178416069	2725.024967473	0.0439736	0.305605	-0.139616	-0.000323149	-0.00198179	0.00186909	0
2997.331790984	2719.944559183	0.0195471	0.28047	-0.129955	-0.000510559	-0.00180551	0.00177451	0
3010.863731786	2728.444670492	0.038694	0.176844	-0.0978119	-0.000570106	-0.00201202	0.00183631	0
2975.95556706	2727.108969972	-0.000276583	0.157909	-0.142491	-0.000624781	-0.00231027	0.00190526	0
2974.898246081	2722.633127744	-0.0729839	0.251733	-0.270817	-0.000615607	-0.00278991	0.00152544	0
2966.555685255	2727.02027111	-0.114713	0.300913	-0.378665	-0.00168637	-0.00251993	0.00168484	0
3006.899606737	2718.346128256	-0.122451	0.306994	-0.443534	-0.00193956	-0.00270155	0.00149457	0
2999.154758189	2722.830385936	-0.114378	0.342827	-0.321601	-0.00170589	-0.0029072	0.0015251	0
2991.534755273	2731.719291121	-0.13316	0.34171	-0.224055	-0.00126668	-0.00256876	0.00105613	0
3014.135129297	2729.377102558	-0.129336	0.224694	-0.205205	-0.00145012	-0.00242112	0.00123694	0
3024.087425406	2732.839724382	-0.0964806	0.133	-0.25273	-0.000555795	-0.00265325	0.00142456	0
3006.69079413	2730.836341911	-0.0464729	0.17419	-0.290412	-8.05432e-05	-0.00275482	0.00173369	0
2997.412443473	2732.412892663	-0.0383594	0.235572	-0.270112	-0.00022755	-0.00293233	0.00182756	0
3057.298573389	2730.71078337	-0.0479884	0.268506	-0.26952	0.000122787	-0.00294401	0.00176402	0
3022.082161481	2729.085591306	-0.0632293	0.334551	-0.228061	0.00040716	-0.00237196	0.00162826	0
3035.568804309	2724.783444004	-0.0610405	0.316627	-0.184216	-0.00049417	-0.00231156	0.00139497	0
3028.084695313	2725.307221728	-0.0498289	0.17489	-0.236223	-0.000437691	-0.00246989	0.00119968	0
2990.818826335	2721.573790664	-0.0586133	0.202382	-0.198961	0.00046335	-0.00204115	0.00120113	0
3002.206294807	2721.207213581	-0.064173	0.255806	-0.184946	-2.65004e-05	-0.00268024	0.00112175	0
3016.915982905	2724.362334793	-0.0843914	0.303586	-0.15657	-0.000118974	-0.00260183	0.00118095	0
3001.824024108	2719.149298982	-0.0783819	0.348897	-0.15676	-0.000787747	-0.00248658	0.00118333	0
3022.181596055	2718.421867323	-0.0499479	0.262457	-0.208121	-0.000955174	-0.00297822	0.00143968	0
2976.710164999	2711.311652044	-0.0446462	0.228906	-0.194288	-9.04879e-06	-0.00246945	0.00124873	0
2983.703730094	2721.928922732	-0.057621	0.205468	-0.107261	-0.000192152	-0.00282933	0.00117993	0
2996.582717187	2707.280987219	-0.0500789	0.252089	-0.12718	-0.000428192	-0.00255053	0.00119416	0
2994.844821786	2709.846016947	-0.0570318	0.344575	-0.132179	-0.000721704	-0.00227329	0.00117006	0
2974.445266351	2711.758344229	-0.0554827	0.323077	-0.150755	6.74108e-05	-0.00241086	0.00116413	0
3013.430248644	2712.116337551	-0.0442661	0.231283	-0.1899	-0.000210212	-0.00285971	0.00131799	0
2989.03563296	2712.229946151	-0.0465836	0.21854	-0.205629	-0.00039889	-0.0026233	0.00122797	0
2995.328736716	2707.978796488	-0.0320827	0.27294	-0.156332	-0.000267592	-0.0021294	0.0016364	0
3014.046743008	2707.899354622	-0.0208623	0.361713	-0.171229	-0.000648721	-0.00238394	0.0014464	0
3024.029974318	2716.848682752	-0.0294452	0.322828	-0.214804	-0.000909592	-0.00266988	0.00150408	0
2991.914816315	2716.175783221	-0.0361263	0.213605	-0.179436	-0.000578547	-0.00250774	0.0012771	0
3015.880758499	2721.374681073	-0.0407613	0.212355	-0.179948	0.000237988	-0.00277805	0.00116231	0
3012.097825342	2715.003005849	-0.0430922	0.232713	-0.195854	0.000191146	-0.00259101	0.00116803	0
3026.701449894	2722.936757247	-0.0504369	0.315542	-0.155529	-0.000420818	-0.00218483	0.00109297	0
3037.155338192	2721.482735475	-0.047343	0.327067	-0.18924	-0.000715984	-0.00270903	0.00120455	0
3014.89525138	2722.725024479	-0.0422918	0.27482	-0.191583	-0.000277554	-0.00274392	0.00126386	0
3024.151505465	2717.516533011	-0.0494569	0.23443	-0.174842	-0.000420818	-0.0023354	0.0012517	0
3027.029583991	2727.360423674	-0.0802631	0.206087	-0.176481	-0.000291039	-0.0026092	0.00092442	0
3004.86451244	2724.793710856	-0.0877356	0.206088	-0.157114	-0.000273303	-0.00259259	0.000966989	0
2993.122393984	2727.861479678	-0.0849867	0.281402	-0.116077	-0.000648701	-0.0023149	0.0010299	0
3061.135643148	2720.04992064	-0.0758847	0.307183	-0.148667	-0.000828791	-0.00191561	0.00119582	0
3004.797117895	2722.078044539	-0.0804094	0.268417	-0.14488	-0.000872437	-0.00176615	0.0010624	0
2989.238921424	2717.979887791	-0.0701702	0.196929	-0.146273	-0.000890443	-0.00201525	0.00113706	0
3009.920208154	2714.533760253	-0.0726629	0.202162	-0.18099	-0.000877241	-0.00271116	0.00117888	0
2974.026536308	2716.915164821	-0.0466695	0.217252	-0.157346	-0.000611801	-0.00266011	0.00130214	0
2975.125840774	2712.626818861	-0.0510833	0.344419	-0.180019	-0.00101402	-0.00293381	0.00152107	0
2998.457611337	2719.456799593	-0.0544198	0.404611	-0.144618	-0.000886595	-0.00188824	0.00141576	0
3008.059676777	2726.416209975	-0.0941902	0.334651	-0.0589528	0.000161189	-0.00269629	0.000876154	0
3010.454945201	2727.359077202	-0.0371694	0.073498	0.0217588	0.000102176	-0.00229921	0.00120105	0
3011.050447821	2719.373991547	0.0182023	0.00553096	0.102067	0.000537679	-0.00267272	0.00154565	0
2981.026730374	2717.470079717	0.040962	0.011093	0.140461	0.000254304	-0.00290787	0.00175831	0
2965.990013007	2709.372395316	0.070231	0.119898	0.139635	-7.50076e-06	-0.0030709	0.00209367	0
2990.112840854	2706.874689203	0.0560026	0.165592	0.154568	-0.000275746	-0.00316254	0.00153079	0
3000.092757678	2713.579279703	0.0205122	0.256311	0.206461	-0.000254747	-0.00307792	0.00152082	0
3018.073843288	2706.285102646	0.0133516	0.266156	0.205285	-0.000601284	-0.00312827	0.00148316	0
2974.257445488	2711.264525513	-0.0106672	0.157857	0.151679	-0.00150908	-0.00286562	0.00148161	0
2975.24074295	2716.176456457	-0.0319329	0.0960029	0.00129466	0.000735704	-0.00278812	0.00134293	0
2980.221310318	2715.943180131	-0.0175437	0.142694	-0.0170647	-0.000653724	-0.00208658	0.00138703	0
3001.289287061	2717.941176712	-0.0164883	0.185501	0.118958	-0.000169027	-0.00227793	0.000968442	0
2972.25439122	2713.358794864	-0.0328103	0.20382	0.124601	-0.00172585	-0.00279946	0.000714846	0
3006.089767367	2709.77044619	-0.0291435	0.204058	0.0880717	-0.00158819	-0.00273331	0.00107539	0
2981.052141432	2708.942870653	-0.0194676	0.130875	0.0998045	-0.000473326	-0.00263222	0.00099498	0
3005.65888421	2720.152420844	-0.00926887	0.16247	0.215935	-0.000808259	-0.00280618	0.000968145	0
3007.755848909	2718.514437293	-0.0013653	0.154257	0.188082	-0.00130574	-0.00278479	0.00111915	0
2999.275184507	2715.586869899	-0.00852887	0.243675	0.130434	-0.00100891	-0.00256996	0.00116737	0
2987.464566678	2723.037069434	-0.0161905	0.32363	0.130844	-0.00144261	-0.00244199	0.00103219	0
3051.510376307	2725.828138199	-0.00861247	0.210599	0.0863759	-0.00138095	-0.0023204	0.00132597	0
2995.877836535	2727.740128862	-0.0128322	0.174848	0.0958292	-0.000821676	-0.0024283	0.00143903	0
3003.253672328	2720.823132357	-0.0102089	0.182216	0.106462	-0.000714653	-0.00290151	0.00134586	0
3014.59363317	2727.046863937	-0.0104748	0.164707	0.11987	-0.000318036	-0.00245819	0.00137326	0
2994.750911354	2726.064612396	-0.0101331	0.228679	0.156084	-0.000606003	-0.00260316	0.00109695	0
3035.008656205	2731.270579227	-0.0124808	0.212598	0.185011	-0.000583284	-0.00232551	0.00128017	0
3006.768132133	2727.064368077	-0.00469566	0.156071	0.168647	-0.000264753	-0.00251848	0.0012513	0
3003.159761896	2720.194161485	-0.0102675	0.128867	0.169281	-0.000976601	-0.00253787	0.00144046	0
2998.930477981	2722.423078066	-0.023176	0.142968	0.169025	-0.00066386	-0.00263575	0.00136231	0
2975.687093708	2717.114274412	-0.0176654	0.181944	0.163198	-0.00118788	-0.00281755	0.001489	0
2976.599682139	2719.346052246	-0.0134605	0.271678	0.184576	-0.00114999	-0.00246955	0.0014634	0
2967.895842358	2715.632313339	-0.0225799	0.271843	0.165103	-0.00139411	-0.00252191	0.00120085	0
2974.110503283	2715.054845032	-0.0166664	0.175924	0.224934	-0.00218894	-0.00261807	0.00116122	0
2989.029003989	2717.174024121	-0.0198016	0.0726937	0.179667	-0.00148661	-0.0032398	0.000925888	0
2977.036089439	2712.743457024	-0.0175725	0.14181	0.126714	-0.00228572	-0.00275267	0.000422835	0
2987.610404055	2713.806496903	-0.0281129	0.200924	0.0890696	-0.00281199	-0.00273847	0.000350101	0
3002.090287803	2709.771119426	0.0130493	0.242597	0.104296	-0.0026328	-0.00205837	0.000313289	0
3010.626193635	2714.444893081	-0.0111435	0.321138	0.170107	-0.00285722	-0.00184138	0.000375768	0
3017.12700517	2716.793814005	-0.0232493	0.257113	0.200777	-0.00315703	-0.00172636	0.000340946	0
3037.453641916	2711.707851517	-0.0267412	0.1627	0.217916	-0.00312418	-0.00181629	0.000526331	0
2983.51590923	2713.679255271	-0.026839	0.131389	0.217857	-0.00227317	-0.00198773	0.000486899	0
2979.085546509	2719.38038729	-0.0273316	0.199004	0.268513	-0.00268957	-0.00230276	0.000258586	0
3022.678768929	2723.37520229	-0.00498296	0.199103	0.356852	-0.00280374	-0.00128967	0.000397401	0
3018.863795743	2717.383232254	-0.0148813	0.323849	0.286293	-0.00278043	-0.00172243	0.000319355	0
3041.895052924	2708.825222636	-0.0415351	0.358468	0.272102	-0.00349905	-0.00161832	0.000164117	0
3007.068645514	2708.849459138	-0.0330732	0.251948	0.225313	-0.00277664	-0.00199118	0.000214881	0
2998.146049669	2717.325838872	-0.028314	0.181813	0.1959	-0.00244528	-0.00179452	0.000672026	0
2989.816746787	2714.785213955	-0.0410063	0.17381	0.207443	-0.00243876	-0.00202132	0.00052665	0
2979.646799442	2710.462196333	-0.0417585	0.153169	0.194654	-0.00255848	-0.00209833	0.00049376	0
2982.668505687	2711.732088019	-0.048646	0.244218	0.231031	-0.00279622	-0.0024556	0.000420477	0
3024.815507459	2713.02385988	-0.0654449	0.238245	0.257516	-0.00315276	-0.00227096	0.000358576	0
2989.621192123	2710.35952782	-0.076136	0.218724	0.185137	-0.00202198	-0.00205011	0.000454817	0
2988.211430818	2725.205058143	-0.0763663	0.196746	0.284049	-0.0017334	-0.00293861	0.000438243	0
3010.325680253	2713.106499617	-0.0884743	0.177322	0.194734	-0.00346986	-0.00281144	0.00071531	0
2987.592726797	2714.854893896	-0.0993168	0.197446	0.217401	-0.00389087	-0.0027895	0.00115723	0
2985.555422842	2717.053683159	-0.101175	0.259899	0.260969	-0.00400258	-0.00270154	0.000750614	0
3029.053630003	2720.005487054	-0.0904697	0.232366	0.284923	-0.00372375	-0.00246374	0.000758132	0
2976.340047415	2717.203983129	-0.0887543	0.180057	0.23636	-0.00315072	-0.00249292	0.00102168	0
2994.197392221	2716.742816367	-0.0840929	0.156677	0.248722	-0.00302384	-0.00265864	0.000722949	0
3008.330359786	2719.990675859	-0.0902064	0.190038	0.207193	-0.00289188	-0.00309794	0.000970369	0
2998.028937837	2721.715843491	-0.0823013	0.233379	0.165706	-0.00311486	-0.00267424	0.000775868	0
2995.01607022	2718.508546477	-0.083104	0.343818	0.170031	-0.00381924	-0.00286774	0.000610279	0
3001.777621306	2719.027611548	-0.0939731	0.31711	0.189833	-0.00283106	-0.00288782	0.000565615	0
2993.990789271	2724.291644997	-0.0803759	0.224404	0.143801	-0.00325355	-0.00263034	0.000757901	0
3005.595908979	2720.462109473	-0.0756552	0.195177	0.127373	-0.00317785	-0.0028478	0.000751148	0
2982.593377342	2720.602142592	-0.0737844	0.203632	0.133617	-0.0029885	-0.00335161	0.000747265	0
3005.864382331	2719.377694345	-0.075543	0.23393	0.153759	-0.00334899	-0.00337479	0.000499684	0
3037.326586626	2725.509024264	-0.088438	0.28616	0.233978	-0.00352815	-0.00314289	0.00027045	0
3004.835786896	2715.9835743	-0.104509	0.284578	0.173846	-0.00213518	-0.00314626	0.000263714	0
2996.107640886	2724.359810157	-0.119264	0.258335	0.202751	-0.00267736	-0.00344578	0.000718788	0
2991.804333454	2718.356563416	-0.123888	0.138999	0.191478	-0.0031879	-0.0035554	0.000321724	0
2975.835140741	2713.225999034	-0.127772	0.181086	0.168673	-0.00279055	-0.00355356	0.00027409	0
2978.12324079	2713.410297429	-0.110115	0.224057	0.210442	-0.00363567	-0.00337348	0.00040665	0
3008.848524403	2719.703035715	-0.0940548	0.261903	0.24583	-0.00376434	-0.00319046	0.000329604	0
2984.069428363	2715.66008433	-0.0741258	0.286638	0.287976	-0.003689	-0.00307856	0.000285	0
2980.236777919	2709.246500157	-0.0807112	0.247802	0.317451	-0.00354835	-0.00343658	0.000131257	0
3007.385731325	2715.20733302	-0.096758	0.145	0.268245	-0.0038699	-0.00339155	0.000320641	0
2967.461644714	2716.718579866	-0.0902262	0.210318	0.261039	-0.00458643	-0.00371953	0.000305063	0
2969.727648191	2721.157730724	-0.0964161	0.258453	0.260582	-0.00443581	-0.00348149	0.000286413	0
2994.044925873	2713.150596585	-0.101273	0.358917	0.21498	-0.00443581	-0.00364076	0.000231515	0
2996.726344907	2711.612420293	-0.102567	0.336941	0.219388	-0.00403976	-0.00351822	0.000475767	0
3033.679547388	2710.045799774	-0.09214	0.247383	0.223629	-0.00431417	-0.0032862	0.000340594	0
3012.295589663	2720.92765227	-0.0905779	0.197576	0.213424	-0.00353993	-0.00329696	0.000475603	0
3003.7044424	2725.63727575	-0.0796331	0.218667	0.29417	-0.00358377	-0.00351533	0.000747907	0
3026.18107562	2714.992234071	-0.0895651	0.259163	0.257876	-0.00450357	-0.00356749	0.000435875	0
2988.819086553	2716.870731235	-0.102716	0.313168	0.305701	-0.00614274	-0.00369159	0.00100946	0
2991.613198105	2711.947691896	-0.116804	0.360852	0.282107	-0.00694603	-0.00266469	0.00073156	0
3037.919879589	2716.985181381	-0.0977238	0.296844	0.27888	-0.00523789	-0.00269194	0.00044904	0
2999.630939319	2717.324997327	-0.0893929	0.217385	0.248202	-0.00461811	-0.00290771	0.000298578	0
2991.396651697	2718.636293036	-0.0766436	0.20614	0.233773	-0.00477829	-0.0032375	0.000310591	0
2997.7880852	2715.275329871	-0.0915327	0.196652	0.246945	-0.0044324	-0.00304701	0.000430325	0
2998.051034409	2717.141203858	-0.0962836	0.238708	0.2653	-0.00479181	-0.0032627	0.000418787	0
3031.562695773	2708.724237214	-0.0991446	0.32235	0.240748	-0.00512101	-0.00328611	0.000253596	0
3002.272584523	2712.169523207	-0.0939449	0.385709	0.21341	-0.00472422	-0.0034617	-7.76551e-06	0
3006.596883698	2714.886031068	-0.0847773	0.283681	0.195615	-0.00491155	-0.00368437	0.000274088	0
3011.144358253	2716.724470682	-0.0879182	0.222806	0.212924	-0.00448663	-0.00353798	0.000205626	0
2981.409001073	2713.565141744	-0.095344	0.214716	0.23971	-0.0044359	-0.00353889	0.000342604	0
2977.851452952	2727.085911634	-0.104945	0.233657	0.310795	-0.00528911	-0.00357517	0.000184505	0
3010.630612949	2718.843986388	-0.1109	0.24605	0.314984	-0.00559287	-0.00341027	1.87304e-05	0
3001.374358864	2711.346492014	-0.111996	0.290251	0.276713	-0.00586942	-0.00292845	-6.56043e-05	0
3029.02379963	2712.554950902	-0.104271	0.218337	0.266303	-0.00473561	-0.00343673	3.54998e-05	0
2995.77840196	2721.857391391	-0.101283	0.156888	0.277521	-0.00463781	-0.00259225	0.000394501	0
2998.465345137	2716.145655903	-0.113273	0.205701	0.205221	-0.00578629	-0.00310525	0.000182772	0
3008.302739071	2711.268228312	-0.105616	0.206021	0.242835	-0.00617482	-0.00319566	0.000159548	0
2993.757670435	2715.419234098	-0.080411	0.265271	0.275732	-0.00568886	-0.00302835	0.000272728	0
3003.670192714	2712.823908744	-0.11369	0.264689	0.316986	-0.00651947	-0.00309506	-8.98406e-06	0
2985.712308505	2712.236173585	-0.120196	0.189955	0.265746	-0.00655729	-0.0036213	8.25739e-05	0
2975.881543543	2711.667962276	-0.128328	0.152751	0.257777	-0.0054392	-0.00362441	-7.75492e-05	0
2979.531897267	2712.311239416	-0.109988	0.165124	0.274088	-0.00600033	-0.00347496	1.40931e-05	0
2987.457937707	2715.397690541	-0.11404	0.17622	0.256976	-0.00650201	-0.00342623	7.42113e-05	0
2968.46593392	2713.506233581	-0.113765	0.270293	0.281164	-0.00740554	-0.00338422	0.000128377	0
3003.965181952	2715.528298354	-0.133892	0.290824	0.275528	-0.0062051	-0.00364144	-0.000317062	0
2984.375465888	2712.994742416	-0.12724	0.250857	0.242808	-0.0055905	-0.00373738	-0.000109314	0
2994.364221341	2714.804232876	-0.11734	0.191009	0.246591	-0.00577998	-0.00364059	0.000261098	0
3004.169575245	2721.471795387	-0.117621	0.157528	0.253505	-0.00514265	-0.00351102	0.000413244	0
3006.685269987	2724.255795172	-0.125411	0.204341	0.270216	-0.00553141	-0.00353184	0.000309642	0
3016.460793519	2716.155081209	-0.130951	0.272185	0.252209	-0.0063856	-0.00339721	0.000238536	0
3012.189526117	2719.867810262	-0.136061	0.291519	0.269033	-0.00681871	-0.00356676	0.000224055	0
3008.847419575	2720.10243306	-0.145558	0.252947	0.277579	-0.00566928	-0.00327388	0.000245117	0
3043.052913306	2724.854975345	-0.146147	0.145217	0.318761	-0.0065498	-0.00295144	0.000511998	0
3015.895121271	2726.19673499	-0.139823	0.141718	0.323718	-0.00594737	-0.00312915	0.000869474	0
3017.947892826	2722.058689	-0.094274	0.20683	0.239418	-0.00585708	-0.0033065	0.000713813	0
3035.442853848	2726.967926999	-0.0630412	0.264515	0.0995263	-0.00172802	-0.00319676	0.000943623	0
3032.684096811	2723.804222025	-0.0117248	0.28906	-0.0196393	0.00502488	-0.00275941	0.000957171	0
3056.422444302	2724.449013947	0.0208648	0.73467	-0.0832154	0.0417876	-0.00295102	0.00172707	0
3051.445191419	2727.283506444	-0.0468511	0.523327	0.0520363	0.0209011	-0.0019089	0.00298517	0
2968.743245901	2727.814016529	-0.0276057	0.435985	0.0649348	0.0133266	-0.00190609	0.0022369	0
2991.057469314	2720.840468188	-0.0241958	0.520273	0.0325893	0.00927483	-0.00262007	0.00229669	0
3042.238654621	2723.166835701	-0.0639479	0.576272	0.00869051	0.0086981	-0.00281356	0.00215577	0
3010.567637719	2720.042851661	-0.0494569	0.414319	0.0457747	0.0079597	-0.0024028	0.00208745	0
3007.952508402	2722.708866811	-0.0687126	0.460971	-0.435395	0.0144741	-0.00379924	0.0012255	0
3022.046806965	2716.094826574	-0.101175	0.5195	-0.666158	0.0100651	-0.00296054	0.000616861	0
2966.817529635	2710.743440734	-0.101861	0.492224	-0.544278	0.00973766	-0.00269454	0.000756553	0
2951.723361181	2722.22649311	-0.1616	0.532814	-0.269311	0.00712566	-0.00292346	0.000369345	0
3005.696448382	2726.426981753	-0.189654	0.465779	-0.09968	0.00523762	-0.00214333	0.000342	0
2998.983509755	2723.374360744	-0.114309	0.441646	-0.204217	0.00626261	-0.00182391	0.00125101	0
2993.66596966	2723.002397772	-0.111699	0.340713	-0.183248	0.00582442	-0.00225037	0.00101532	0
2994.510058717	2722.767101738	-0.107736	0.311798	-0.105763	0.00505065	-0.00225849	0.00109756	0
3037.251458281	2723.253514856	-0.121438	0.305654	-0.0628743	0.00545975	-0.00278231	0.000336378	0
2994.081385217	2723.547214126	-0.127496	0.324917	0.0847635	0.00419324	-0.0021129	0.000750141	0
3015.85645227	2719.647662041	-0.0893382	0.38281	0.18214	0.00413761	-0.00220851	0.000336378	0
3058.902784529	2719.694283645	-0.105419	0.396982	0.137247	0.00464276	-0.00238734	0.000336378	0
3006.527279496	2725.407533914	-0.0856291	0.292334	0.138042	0.00421945	-0.00302505	-9.62089e-05	0
2985.31125572	2724.630114471	-0.0600785	0.312687	0.220477	0.00418244	-0.00269359	0.000223141	0
3013.362854099	2721.310891947	-0.0400062	0.350077	0.132877	0.00353004	-0.00248985	0.000443187	0
2964.711726307	2717.609776218	-0.0387166	0.453571	0.01788	0.0036308	-0.00243956	0.000472334	0
2977.397368394	2713.429652969	-0.0584668	0.518816	0.0927412	0.00314894	-0.00221891	0.000319196	0
3031.286488621	2717.727087617	-0.0895293	0.490256	0.120969	0.00344549	-0.00269632	0.000312454	0
2988.236841876	2714.740443751	-0.0855795	0.408469	0.0732012	0.00346654	-0.00280343	0.000491215	0
2982.215525958	2718.633768401	-0.0882207	0.312705	0.0982337	0.00340785	-0.00291309	0.000548345	0
2992.753381229	2718.283180676	-0.0856226	0.279079	0.10192	0.00376826	-0.00306736	0.000480354	0
2981.468661818	2715.753159228	-0.0940508	0.308713	0.0242831	0.00314894	-0.0029317	0.000555265	0
2973.510581348	2724.009895669	-0.104788	0.386643	0.0806288	0.00314894	-0.00295668	0.0004243	0
3017.81752305	2716.19867325	-0.112323	0.40163	0.0988357	0.00298244	-0.00277872	0.000511675	0
2990.763584904	2721.471963696	-0.115345	0.4089	0.0641152	0.00274132	-0.00267394	0.000464346	0
2984.724591728	2718.06740849	-0.112119	0.346671	0.053199	0.00272192	-0.00279955	0.000487834	0
2987.781652489	2721.458667282	-0.104651	0.328638	0.0589008	0.00314894	-0.00309927	0.000717553	0
2994.636009179	2723.622111647	-0.106603	0.395493	0.0583284	0.0033214	-0.00288653	0.00071236	0
3017.573355928	2721.64616355	-0.121257	0.438411	0.0954685	0.00361135	-0.00298284	0.000219846	0
3018.283760723	2733.265882864	-0.134637	0.444918	0.144274	0.00314894	-0.0023773	0.000312396	0
3024.136037865	2733.957801316	-0.124395	0.418749	0.168136	0.00296116	-0.00281961	0.000248087	0
3061.050571345	2726.56735149	-0.114219	0.291319	0.127483	0.00269108	-0.00306447	0.000548153	0
2964.32835078	2722.299202614	-0.0859459	0.289975	0.119157	0.00380043	-0.00249815	0.000553645	0
2980.382615295	2721.304159586	-0.0866178	0.370557	0.107247	0.00422015	-0.00341175	0.000239446	0
3026.158979047	2718.81402738	-0.0912692	0.390767	0.149644	0.00322522	-0.0031926	0.0003972	0
2991.879461799	2719.943717638	-0.106147	0.410235	0.154495	0.00267561	-0.00299988	0.000538784	0
3001.421866494	2723.664188906	-0.111883	0.40736	0.181472	0.00290128	-0.00344714	0.000486347	0
3042.091712416	2723.040098996	-0.104183	0.305195	0.0821707	0.00288806	-0.00299478	0.00044346	0
2980.968174458	2721.565543521	-0.108271	0.381685	0.053637	0.00288201	-0.00282387	0.000685089	0
2975.706980623	2723.47652433	-0.103091	0.398907	0.0753812	0.00248686	-0.00280694	0.000708991	0
3025.311575504	2721.969653519	-0.0896784	0.402046	0.0859304	0.0025518	-0.00262545	0.000709409	0
2987.560686767	2721.317792618	-0.0728294	0.451914	0.100788	0.00249299	-0.00289526	0.000989544	0
2997.46216076	2717.046782488	-0.0614761	0.442549	0.090601	0.00244601	-0.00303413	0.000911556	0
3021.866719902	2725.256055781	-0.0714419	0.322452	0.077269	0.0028674	-0.00284603	0.00115334	0
3002.324511468	2717.802490066	-0.0684952	0.306292	0.0975929	0.00301082	-0.00280386	0.00105427	0
3018.323534553	2720.948354281	-0.0665853	0.360961	0.132088	0.0028674	-0.00332436	0.000690701	0
3014.925081752	2730.420281971	-0.0715906	0.3743	0.186032	0.00259062	-0.00305052	0.000539218	0
2994.386317913	2721.869173024	-0.0785228	0.44723	0.165417	0.0030345	-0.00286445	0.000821835	0
3023.015741655	2714.669080719	-0.0569817	0.399149	0.187107	0.00299276	-0.00326945	0.000654188	0
3006.47645738	2724.705011993	-0.042209	0.32764	0.212806	0.00292433	-0.00274445	0.000830576	0
3005.251202453	2721.226400811	-0.0629297	0.371642	0.185693	0.00239246	-0.00351942	0.000708116	0
3017.322559834	2719.878077113	-0.0570932	0.450998	0.1478	0.00300591	-0.00313068	0.000964386	0
2984.258354055	2718.890607992	-0.0454025	0.418188	0.155395	0.00349928	-0.00328231	0.000919625	0
3005.225791395	2711.898713966	-0.0751393	0.448503	0.110408	0.00269464	-0.00324453	0.000539218	0
3005.346217713	2718.452667877	-0.0865656	0.45677	0.135005	0.00212232	-0.00295249	0.000539218	0
3000.824154217	2716.719253102	-0.0743285	0.359301	0.120926	0.00336808	-0.00347434	0.000539218	0
2987.767289717	2721.852678738	-0.0686495	0.282392	0.147411	0.00368265	-0.00328156	0.000539218	0
2986.147610977	2720.316522155	-0.0528357	0.324209	0.173703	0.00280027	-0.0033681	0.00098031	0
3013.718608911	2718.822611141	-0.0569023	0.361342	0.164384	0.00295569	-0.0032515	0.000643271	0
2986.997224177	2714.256723578	-0.0482294	0.4229	0.172105	0.00320281	-0.0033706	0.00101422	0
3015.680784521	2710.501244029	-0.057411	0.472922	0.18127	0.00200508	-0.0032018	0.000539218	0
3029.285644011	2721.033182036	-0.0674253	0.426814	0.198907	0.00243462	-0.00321268	0.000703672	0
3004.910915241	2718.35589018	-0.0563922	0.338713	0.196619	0.00230462	-0.00356858	0.000707515	0
3026.974342561	2722.208147425	-0.0547136	0.338367	0.220984	0.00259072	-0.0032552	0.000679943	0
2981.302937527	2716.101727244	-0.0574445	0.36136	0.218816	0.00283269	-0.00330882	0.00071564	0
2989.648812838	2715.433540366	-0.0566102	0.415139	0.256122	0.00222488	-0.00320511	0.00102632	0
3022.129669111	2717.321294528	-0.05568	0.440357	0.293096	0.00280301	-0.00348058	0.000424626	0
3007.980129117	2718.052597295	-0.0795907	0.407592	0.315277	0.00213027	-0.00403245	0.000551883	0
3025.741353833	2716.033393775	-0.0576245	0.346379	0.243829	0.0022237	-0.00342778	0.000703233	0
2969.905525597	2711.135600791	-0.155418	0.353964	0.23989	0.00238457	-0.00366352	0.00050737	0
2975.491539044	2716.657483685	-0.060211	0.354592	0.224573	0.00192855	-0.00425834	0.000826657	0
2991.703794051	2710.384774176	-0.12608	0.361213	0.193856	0.00197719	-0.003595	-5.24716e-05	0
2973.827667159	2704.985925187	-0.096504	0.439382	0.224496	0.0021955	-0.00354101	0.000223373	0
2967.915729273	2716.149863629	-0.080343	0.459605	0.330361	0.00211152	-0.00363848	0.00026316	0
3012.903245398	2714.961433517	-0.0975958	0.339895	0.311535	0.00238291	-0.00328065	0.000338823	0
2973.23105971	2708.227893863	-0.11108	0.229854	0.279788	0.00291783	-0.00287786	0.000386541	0
2977.294619334	2714.667902556	-0.0983641	0.301694	0.254454	0.00220426	-0.00378614	0.000232389	0
2988.054545155	2716.625673277	-0.0839129	0.328717	0.221986	0.00246087	-0.00361812	0.000430965	0
2988.927359757	2720.950542299	-0.116048	0.40118	0.310654	0.00273764	-0.0030428	0.000746979	0
3001.652775674	2714.547224976	-0.114492	0.43502	0.313567	0.00221122	-0.00318364	0.000514489	0
3005.151767878	2715.178720484	-0.112835	0.405807	0.275017	0.00212227	-0.00303184	0.000375497	0
2986.156449605	2718.14264263	-0.101909	0.327507	0.231503	0.0023381	-0.0029479	0.000240221	0
3021.956211019	2722.432166754	-0.082257	0.332856	0.214648	0.00205325	-0.00307352	0.000613407	0
2995.877836535	2720.234050727	-0.0944005	0.360892	0.179549	0.00200979	-0.00343508	0.000669417	0
3000.602083667	2719.947083819	-0.0869198	0.433	0.193304	0.00147418	-0.00349802	0.000591668	0
3011.917738279	2718.725160208	-0.100482	0.457243	0.203739	0.00208184	-0.00297129	0.000491516	0
3002.566468933	2723.33834261	-0.0926382	0.431762	0.201674	0.0016668	-0.0033234	0.000263363	0
2989.668699753	2723.27017745	-0.0950551	0.324983	0.183939	0.00185083	-0.00379053	0.000546047	0
3001.257247032	2724.63028278	-0.0861397	0.32593	0.21117	0.00175646	-0.00366777	0.000793949	0
2973.252051454	2725.325230795	-0.0880309	0.336392	0.198093	0.0014477	-0.00381109	0.000784584	0
2993.722315919	2718.736436914	-0.096635	0.441031	0.222906	0.00232485	-0.00346378	0.00071599	0
3016.276287141	2723.407181007	-0.105812	0.442875	0.226224	0.000535532	-0.00351999	0.000702954	0
3010.918973216	2719.91544172	-0.100638	0.39287	0.149995	-0.00057579	-0.00356554	0.00130131	0
2973.85860236	2723.401458499	-0.0701409	0.376261	0.100452	0.00204875	-0.00343682	0.00150742	0
2994.482438002	2720.964848567	-0.077688	0.430596	0.167281	0.00151171	-0.00368656	0.00140767	0
2996.685466248	2714.010487456	-0.0677935	0.418895	0.137403	-0.000279779	-0.00312209	0.00169138	0
2999.065267072	2719.494500817	-0.0846271	0.478068	0.159961	-0.00083008	-0.00342241	0.00165052	0
2991.589996704	2726.286443707	-0.0748142	0.465743	0.195632	-0.000283133	-0.00327345	0.000970921	0
3018.925666145	2730.435934712	-0.100178	0.481649	0.0870834	0.00116549	-0.00261686	0.000614084	0
3007.526044559	2727.808462331	-0.0785554	0.276333	0.055862	0.00293174	-0.0035255	0.000849924	0
2998.458716165	2729.192299235	-0.0815516	0.417296	-0.0454902	0.00204201	-0.0038021	0.000981045	0
3006.321781375	2721.701873841	-0.0493256	0.369767	-0.164905	0.00142077	-0.00338148	0.00117778	0
2994.317818539	2722.092519117	-0.059001	0.473246	-0.171495	0.000811694	-0.00310626	0.000911178	0
2974.816488764	2718.420857469	-0.0653818	0.436211	-0.124124	0.000941911	-0.00290883	0.00107707	0
2974.634192043	2723.672604358	-0.0773826	0.523136	-0.0718709	0.000284097	-0.002836	0.000816991	0
3031.064418071	2723.680009956	-0.0924964	0.530929	-0.0629311	-0.000214101	-0.00293318	0.000614084	0
3017.704830532	2727.775810378	-0.0959406	0.449916	-0.00710957	-0.000334049	-0.00288032	0.000208093	0
3003.411662819	2724.96084173	-0.105345	0.288444	0.0311158	0.000177275	-0.00286591	0.000489775	0
2993.559906114	2722.812040251	-0.116738	0.339989	0.0409983	0.000340407	-0.00302883	0.000208093	0
3037.901097503	2715.057201359	-0.129227	0.413436	0.00677697	-0.000171214	-0.0027332	0.000208093	0
2994.742072725	2714.874417744	-0.136238	0.519378	-0.00436732	-0.000162643	-0.00255018	-0.000206355	0
3038.206030199	2713.485194951	-0.136488	0.548479	0.0207095	-0.000724939	-0.00249202	9.50989e-05	0
3034.198816834	2717.581331991	-0.137808	0.325144	0.0552196	-0.000446247	-0.00238978	0.000169809	0
2994.374164798	2721.179779207	-0.128162	0.290072	0.108336	0.000251803	-0.00298201	0.000192757	0
2973.621064209	2715.787494272	-0.141626	0.387743	0.127558	0.000251804	-0.00343394	2.531e-05	0
3003.667983056	2712.340356879	-0.141911	0.440797	0.111397	-0.000296395	-0.00327207	0.000269489	0
2980.247826205	2707.04131515	-0.153837	0.527592	0.110874	0.000125172	-0.00319325	-5.52778e-05	0
2980.089835714	2715.017143808	-0.154164	0.490911	0.07216	-0.000987274	-0.00305306	-2.7056e-05	0
2992.521367221	2709.456044908	-0.15365	0.394249	0.0430433	-0.000959562	-0.00284647	-4.35486e-05	0
2984.958815393	2716.191772579	-0.146627	0.349117	0.0831722	-0.000273591	-0.00358792	-4.8642e-05	0
2976.208572811	2717.424804586	-0.143587	0.349225	0.109412	-0.000287888	-0.00334838	0.000119127	0
2969.451441039	2714.845131972	-0.141411	0.45528	0.132606	-0.00025819	-0.00316292	0.00010108	0
3024.311705613	2715.302427626	-0.14064	0.476044	0.129309	-0.000621367	-0.00315957	-0.000206355	0
2995.16743174	2714.596876142	-0.140168	0.438559	0.0782184	-0.000312082	-0.00345797	-0.000206355	0
2999.757994609	2723.780490451	-0.122104	0.351393	0.104333	-0.000487076	-0.00358593	0.000206672	0
3032.161512879	2719.863265918	-0.125251	0.339706	0.129221	-0.000118426	-0.00358274	0.000227097	0
2990.566925412	2728.587733174	-0.117425	0.383023	0.144366	-0.00053819	-0.00329187	0.000466886	0
3015.507326429	2735.809873962	-0.113825	0.461295	0.177472	-0.00027219	-0.00372528	9.86473e-05	0
3054.275762315	2727.650925072	-0.12469	0.52415	0.119044	-0.000453417	-0.00317096	0.000182398	0
3021.575045149	2730.748316285	-0.119862	0.454382	0.0970096	-0.000289438	-0.00287583	0.000318136	0
3013.340757527	2723.345243281	-0.111307	0.359177	0.106504	-0.000330282	-0.00300451	0.00055991	0
3025.207721615	2728.021541572	-0.112953	0.3604	0.122352	-0.0002855	-0.00332313	0.000416509	0
2975.595392933	2730.120691885	-0.0972235	0.409979	0.167207	-0.000253632	-0.00355922	0.000509405	0
3000.894863248	2726.751818195	-0.104452	0.495644	0.16678	-0.000870576	-0.003555	0.000292926	0
3033.775667477	2722.816416286	-0.1171	0.433726	0.156762	-0.00094071	-0.00356704	3.31194e-05	0
2998.666423944	2724.604699807	-0.111788	0.350196	0.147352	5.78526e-05	-0.00350885	0.000217265	0
2983.711463894	2724.369067155	-0.111247	0.362255	0.172239	-0.000711727	-0.00402166	6.15507e-05	0
2993.914556097	2722.096895151	-0.11051	0.377225	0.185891	-0.000327559	-0.00346787	2.68025e-05	0
2985.284739833	2716.337191587	-0.111732	0.439987	0.202854	0.000243816	-0.00350541	-1.71548e-05	0
2985.78743685	2716.849187679	-0.114342	0.521423	0.193776	0.000329182	-0.003769	-8.53118e-05	0
3021.400482229	2722.800090309	-0.132166	0.471581	0.188362	-0.00079403	-0.00383325	-3.28821e-05	0
2985.084765855	2711.963512945	-0.12225	0.37614	0.108776	-0.000724177	-0.00350289	0.000326146	0
2976.324579815	2713.212029383	-0.124692	0.395412	0.0894717	-0.000499614	-0.00350289	2.29209e-05	0
3009.060651496	2715.268092583	-0.115894	0.395636	0.101709	3.39182e-05	-0.00347697	0.000276362	0
2967.810770555	2713.863890285	-0.114099	0.453502	0.149125	0.000102939	-0.00338267	2.29209e-05	0
3011.128890652	2719.629989592	-0.114138	0.44894	0.189844	-0.000230048	-0.00399831	-2.71857e-05	0
3018.341211811	2710.875899946	-0.0950074	0.339913	0.149922	-5.85385e-05	-0.00356725	0.000251052	0
2992.008726747	2714.442536755	-0.110308	0.360104	0.103371	8.92093e-05	-0.00365639	9.69219e-05	0
2983.579989289	2710.60071467	-0.102625	0.43243	0.096525	-0.000566831	-0.00392449	0.000337248	0
3011.73433673	2712.879450726	-0.108208	0.477592	0.155963	-0.000773368	-0.00353655	0.000385573	0
2988.165028016	2714.692812293	-0.117721	0.477823	0.189459	-0.00105294	-0.00339693	0.000222003	0
3001.105885512	2718.349157819	-0.0945932	0.395037	0.140266	-0.00117178	-0.00346014	0.000485515	0
3030.108741324	2714.577688912	-0.0917062	0.349235	0.16553	-0.0006917	-0.00370676	0.000593832	0
2978.321005111	2711.82634108	-0.0935038	0.369117	0.148085	-0.00022139	-0.00388892	0.000794197	0
2977.840404666	2709.881361845	-0.0935353	0.414359	0.126301	-0.000245224	-0.0035005	0.000593832	0
3024.708339084	2715.078239989	-0.0959408	0.426271	0.155771	0.000380228	-0.00408321	0.000593832	0
2975.340177524	2714.771749232	-0.0884658	0.43479	0.102255	-4.02019e-05	-0.00365844	0.00078833	0
2991.340305438	2707.438524478	-0.0873493	0.427269	0.0933526	-0.000268618	-0.00424621	0.000524966	0
3010.837215899	2714.639963256	-0.0867856	0.343188	0.137016	0.000962688	-0.00389861	0.000441967	0
2963.35941609	2713.734292326	-0.0793537	0.376741	0.120636	0.00145313	-0.00405716	0.000878523	0
2978.80602487	2710.954836885	-0.0835668	0.481243	0.159661	0.000117227	-0.00435927	0.000531097	0
3025.071827696	2713.599645096	-0.112209	0.473845	0.178296	0.000112462	-0.00434956	8.0372e-05	0
2976.127920323	2716.806437183	-0.11446	0.465564	0.251911	8.4479e-05	-0.00462642	-7.72262e-05	0
2976.85268789	2712.741269006	-0.10948	0.321533	0.227693	-0.000326133	-0.00445107	0.000495654	0
2981.915012576	2714.073266727	-0.110559	0.240352	0.180266	8.03225e-05	-0.00475691	0.000510836	0
2981.346025842	2711.552838894	-0.0993596	0.36652	0.133416	0.00017121	-0.00416208	0.000515424	0
2983.558997546	2707.844485876	-0.111582	0.428738	0.165809	-0.00043604	-0.00427463	0.000494415	0
3002.789644312	2723.932136894	-0.103522	0.483456	0.235597	-0.000305086	-0.00443023	0.000275787	0
2979.067869251	2716.587467126	-0.110622	0.493955	0.244863	-0.000709082	-0.00437765	0.000365676	0
2995.547492781	2715.725051619	-0.121902	0.512286	0.262242	-0.000439595	-0.00398962	0.000353225	0
3018.23072895	2725.225928463	-0.129296	0.387072	0.245427	-0.000195438	-0.00440876	0.000537759	0
2981.264268525	2720.881367284	-0.117037	0.317393	0.201635	-9.7602e-05	-0.00439955	0.000558638	0
2972.867571098	2721.831135182	-0.111015	0.331905	0.221658	-0.0003047	-0.00459088	0.000565631	0
3012.387290438	2720.438882825	-0.106996	0.36433	0.20926	-0.000614478	-0.00458241	0.000581218	0
2983.425313284	2714.183509147	-0.112343	0.409548	0.201272	0.000231675	-0.00438569	0.000185292	0
2989.912866876	2721.61468976	-0.10476	0.49045	0.246889	-0.000504054	-0.00426823	0.000280979	0
3035.633989197	2725.636770823	-0.11861	0.507888	0.243738	-9.44329e-05	-0.00438729	0.00037021	0
3006.552690554	2723.933988293	-0.118056	0.456916	0.220287	0.000357952	-0.00470857	0.000358791	0
2985.625027045	2724.160700566	-0.103675	0.394053	0.200841	-3.69417e-05	-0.00480669	0.000484701	0
3027.215195198	2723.235000861	-0.0978953	0.394582	0.135299	-0.000461721	-0.0047526	0.000520652	0
2961.42154671	2727.77362236	-0.108862	0.446376	0.179486	-0.000670951	-0.00446894	0.00065101	0
2993.858209838	2728.489609005	-0.0899142	0.482936	0.257287	-0.0012589	-0.00440204	0.000603879	0
3034.374484583	2732.098659691	-0.0979997	0.408978	0.292403	-0.000339781	-0.00441047	0.000303449	0
2996.103221571	2723.930453803	-0.0833658	0.276807	0.292229	-0.000148512	-0.0044938	0.000470235	0
2988.31307505	2720.713563174	-0.0831693	0.31874	0.260123	0.000146157	-0.00444446	0.000441152	0
2990.495111553	2717.367916132	-0.0963135	0.401486	0.212357	-0.00033576	-0.00443578	0.000487215	0
2956.371375138	2717.142382022	-0.0943222	0.458197	0.242702	-0.000480605	-0.00448112	0.000443383	0
2991.704898879	2720.61459746	-0.0928893	0.51481	0.289348	-0.00101724	-0.00426782	0.00051922	0
3016.601106752	2712.651560289	-0.0935154	0.446377	0.238297	-0.000810855	-0.0046585	0.00046674	0
2985.006323024	2714.444051536	-0.086648	0.3829	0.225067	-0.000812444	-0.0047957	0.000402713	0
2993.401915623	2715.132772117	-0.0902952	0.403337	0.275318	-0.00101	-0.00468762	0.000422839	0
3002.041675344	2718.542376594	-0.0940664	0.365117	0.317015	-0.00140812	-0.00508729	0.000289681	0
2968.810640446	2710.191892019	-0.092002	0.382132	0.314681	-0.00098794	-0.00445909	0.000489347	0
2978.092305589	2711.122977613	-0.0901424	0.443891	0.30813	-0.00112118	-0.00453602	0.000282261	0
3026.23631705	2706.784475559	-0.0741753	0.347537	0.25893	-0.000924971	-0.00476293	0.000287717	0
2987.036998007	2709.654481263	-0.0766732	0.346887	0.271379	-0.000346651	-0.00446716	0.000232199	0
2976.166589324	2707.941600191	-0.0742738	0.381922	0.312131	-0.000952281	-0.00474402	0.000317948	0
2992.399836074	2705.605302444	-0.0790176	0.392055	0.365838	-0.00192781	-0.00471659	0.000242648	0
2988.795885152	2716.61641628	-0.0731027	0.428641	0.393468	-0.0014082	-0.00477083	0.000166361	0
2985.683582961	2703.68119353	-0.077581	0.510588	0.364725	-0.00151743	-0.00418226	0.000214101	0
3000.414262803	2710.095955868	-0.0769173	0.394279	0.336241	-0.00160136	-0.0046702	0.0004008	0
2985.143321771	2709.614087094	-0.058667	0.375471	0.307086	-0.00123038	-0.00473856	0.000755948	0
2960.658110141	2707.154587132	-0.0632843	0.422868	0.290207	-0.00155495	-0.00491602	0.000725005	0
2972.369293395	2707.929145322	-0.0478144	0.412266	0.301396	-0.00161711	-0.0047692	0.000796988	0
2973.412251602	2717.309344587	-0.0572869	0.449059	0.280675	-0.00167917	-0.00486665	0.000637392	0
2964.816685025	2715.365711824	-0.0516848	0.434647	0.287529	-0.00173361	-0.00460437	0.000647245	0
2972.098610386	2715.488409112	-0.0470693	0.371161	0.257168	-0.000800611	-0.00470976	0.000551613	0
2998.474183766	2721.765999584	-0.0441168	0.406749	0.277425	1.3446e-05	-0.00470534	0.000893519	0
2984.531246722	2719.402604083	-0.0436496	0.445792	0.279497	0.000184174	-0.00469475	0.00114728	0
2995.096722709	2718.395106186	-0.0387706	0.559908	0.303083	-0.000788676	-0.00486362	0.00107154	0
3029.538649762	2719.418088514	-0.0490692	0.506223	0.295053	-0.00175876	-0.00475642	0.00105284	0
3022.999169226	2725.43799785	-0.0345318	0.425052	0.238121	-0.00149079	-0.0047222	0.00116596	0
3043.302604572	2721.65659871	-0.0397017	0.411559	0.192718	-0.000912763	-0.0050553	0.00116771	0
2999.242039649	2721.544336582	-0.0312671	0.417691	0.198277	-7.63034e-05	-0.00453624	0.00115633	0
2986.364157384	2724.863727415	-0.0191338	0.493488	0.291532	-0.0010214	-0.00452869	0.00119239	0
3024.696185969	2720.465307344	0.0200026	0.459328	0.321934	-0.0010214	-0.00458102	0.00168666	0
2999.967912045	2718.894647409	0.0303241	0.356827	0.230591	-0.000288625	-0.00466887	0.00203789	0
2981.831045602	2719.003711665	0.0214075	0.356799	0.256874	-0.00073064	-0.00476222	0.00168666	0
2988.399251681	2714.346095677	-0.0024731	0.349211	0.179591	-0.00102766	-0.00489329	0.00127721	0
2987.727515887	2717.119660302	-0.0032021	0.465492	0.366593	-0.000537875	-0.00431736	0.000324664	0
2989.111866134	2716.568616514	-0.0160125	0.483025	0.456836	-0.000569509	-0.00445804	0.00100356	0
3019.337767216	2723.676307157	0.047472	0.0546057	0.160097	0.00199521	-0.00435588	0.00120419	0
2965.240939211	2707.161151185	0.0526359	0.0805361	0.422049	0.00209598	-0.00373525	0.000913295	0
2953.178420459	2708.467229314	0.0175273	-0.0275459	-0.0516085	0.00167966	-0.00411107	0.000893236	0
3020.937559042	2701.904523333	-0.00345052	-0.13968	-0.547428	0.000179511	-0.00303157	0.000634921	0
2966.654015001	2693.929199602	-0.0400069	0.0794722	-0.285778	0.0008898	-0.0027361	0.00042243	0
2939.562512683	2687.895488926	-0.0988437	0.579301	0.580239	-0.00300539	-0.00435203	0.00047885	0
3036.663689461	2719.092747145	-0.0324496	0.316613	0.141221	-0.0028822	-0.00375054	0.000736091	0
2875.304575961	2614.810319057	-0.139064	0.117472	0.881233	-0.00382857	-0.00402385	0.00110054	0
2919.350778112	2704.927521951	-0.559749	0.0462073	-0.333886	0.010425	-0.00213675	0.00661426	0
2981.736030341	2726.050137819	-0.51102	-0.0206261	-0.417904	0.00677802	-0.00253267	0.00471775	0
3004.538588	2697.876383144	-0.459088	0.0919154	-0.179428	0.00243047	-0.0011679	0.00155478	0
2975.373322383	2721.929595968	-0.421043	0.200127	0.0557216	0.00274162	0.000475637	0.00189254	0
2964.01016014	2699.925713982	-0.393019	0.229083	0.339691	0.00341338	0.00152759	0.00101763	0
2993.454947396	2708.532028293	-0.342605	0.127326	0.352482	0.0034184	0.00113366	0.000431116	0
2958.051819453	2698.809993374	-0.302341	0.11142	0.297385	0.00357769	0.000770496	0.00106135	0
2948.391198096	2708.494327069	-0.267756	0.153581	0.333291	0.00334192	-0.00013443	0.000976285	0
2952.037132506	2698.794845561	-0.268607	0.0969064	0.326106	0.00336489	0.000184531	0.000922874	0
2948.675139049	2705.348631163	-0.253471	0.101772	0.36164	0.00339418	-6.17411e-05	0.000464324	0
2947.655382243	2713.389090491	-0.245822	0.114663	0.436306	0.00321874	-0.000394731	0.000632907	0
2965.064166633	2703.154554553	-0.263834	0.108975	0.398176	0.00308581	-0.000270038	0.000416731	0
2975.799786226	2706.927369932	-0.219033	0.00801027	0.354013	0.00388751	-0.000198544	0.000643346	0
2949.996514065	2712.501260319	-0.17238	-0.0306814	0.372146	0.00333158	-0.000693207	0.00118869	0
2944.722062286	2707.9976471	-0.191526	0.00391881	0.370311	0.00277334	-0.000447107	0.00105481	0
2956.231061905	2705.92256498	-0.186932	0.0680455	0.343574	0.00323076	-0.000796566	0.00103156	0
2961.779511179	2705.857934309	-0.183831	0.1668	0.387045	0.00323896	-0.00102563	0.00117267	0
2970.293320439	2704.224158485	-0.197587	0.193633	0.377507	0.0036264	-0.00124969	0.00124031	0
2954.679882538	2707.798032582	-0.210957	0.20224	0.361091	0.00349988	-0.00114104	0.000955196	0
2980.258874491	2721.76852422	-0.253884	0.0317944	0.252149	0.00322049	-0.0012247	0.000768737	0
3005.454490917	2728.352100521	-0.369431	0.0733095	-0.0136956	0.00383843	-0.00289047	0.000616819	0
2976.258290098	2728.859888887	-0.284045	0.101552	-0.014156	0.00239701	-0.00289047	0.000965366	0
2998.626650114	2732.968480795	-0.272111	0.199658	-0.172959	0.00312777	-0.00345097	0.000843027	0
3019.10464838	2725.117874061	-0.258957	0.278371	-0.185197	0.00189331	-0.00339227	0.00099368	0
2992.992024209	2729.960125063	-0.274387	0.286032	-0.218219	0.00208345	-0.00323608	0.000821321	0
2991.167952175	2738.209455907	-0.312399	0.311785	0.0347618	1.83313e-05	-0.00235544	0.000615782	0
3014.827856835	2736.157095506	-0.323259	0.209949	0.146924	0.000685518	-0.00201242	0.000469357	0
3048.65660401	2728.602039442	-0.293942	0.121597	0.0911992	0.000600767	-0.00156457	0.000682789	0
2999.409973598	2732.064492956	-0.276466	0.115138	0.0846988	0.000673943	-0.00190297	0.000780386	0
3005.443442631	2730.007251594	-0.265309	0.176324	0.100615	0.00099849	-0.00221591	0.00100637	0
3034.762279425	2728.848443872	-0.247472	0.234636	0.150676	0.0015608	-0.0024139	0.00112716	0
3038.708727216	2725.295608405	-0.21997	0.330877	0.198061	0.00091895	-0.00279433	0.00122668	0
3027.882511677	2720.315343992	-0.231586	0.344717	0.238469	0.000981633	-0.00241068	0.000922146	0
3038.372859319	2721.354820606	-0.2255	0.283068	0.237675	0.00196433	-0.00250934	0.000935303	0
3006.615665785	2713.382694747	-0.207894	0.21421	0.25432	0.00174691	-0.00284453	0.000977979	0
2975.579925333	2714.70206929	-0.211629	0.171943	0.2384	0.00161805	-0.00306505	0.001011	0
3002.483606788	2710.413050094	-0.199451	0.189278	0.200309	0.00161588	-0.00358727	0.000931808	0
2995.208310398	2710.387972047	-0.190104	0.192381	0.200606	0.00115861	-0.00339195	0.000947869	0
3000.581091923	2713.241146847	-0.198294	0.246271	0.232979	0.00163825	-0.00371138	0.00118221	0
3013.321975441	2716.149022084	-0.205884	0.263207	0.258594	0.00153182	-0.0034336	0.000942932	0
3002.009635314	2711.086286243	-0.212742	0.203604	0.253359	0.00167245	-0.00316766	0.00125096	0
2973.839820274	2713.887958477	-0.217801	0.137671	0.236448	0.00126842	-0.00430602	0.00116902	0
2978.801605556	2702.237438609	-0.196781	0.107751	0.195518	0.00166283	-0.00413148	0.000896544	0
2970.807065742	2708.816302257	-0.186923	0.148621	0.209722	0.0016103	-0.00416692	0.000867498	0
2951.27148628	2707.585626577	-0.196387	0.172899	0.209515	0.00169558	-0.00400425	0.000818574	0
3007.41335204	2711.195013881	-0.188595	0.216583	0.26422	0.00148987	-0.00431959	0.000731516	0
2978.876733901	2711.516652451	-0.208669	0.259852	0.296108	0.00127539	-0.00388171	0.000754133	0
2994.831563842	2715.667658237	-0.212928	0.2631	0.374041	0.00108587	-0.00419556	0.000647663	0
3022.471061151	2708.364392492	-0.207512	0.119425	0.341539	0.00174598	-0.00418507	0.000802315	0
2993.161062986	2706.86475897	-0.191292	0.0650543	0.307619	0.00175822	-0.00366095	0.000871927	0
2977.595132715	2709.108318437	-0.184332	0.103893	0.337508	0.00156604	-0.00440435	0.000892172	0
3015.056556357	2703.825434375	-0.192211	0.118472	0.345701	0.00146487	-0.00426958	0.000956982	0
2968.947639193	2707.610704623	-0.180405	0.1461	0.279167	0.000686526	-0.0038868	0.00108713	0
2974.497193296	2703.701053997	-0.192155	0.308654	0.2834	0.00105777	-0.00405863	0.000949694	0
3022.724066902	2712.60258236	-0.199618	0.286532	0.256085	0.00118566	-0.00420002	0.000870452	0
2987.290003758	2711.420043064	-0.203426	0.249526	0.228313	0.00168846	-0.00397521	0.000897674	0
3010.542226661	2708.569224591	-0.185162	0.169843	0.228519	0.00113171	-0.00404035	0.00106178	0
2994.597340177	2709.668114295	-0.163461	0.132668	0.248444	0.00129393	-0.00363465	0.00124132	0
2971.040184579	2713.828713696	-0.152216	0.159319	0.250169	0.00125295	-0.00393751	0.00142576	0
3001.415237523	2708.110414155	-0.1453	0.217559	0.264931	0.00137704	-0.0038924	0.00174016	0
2984.714648271	2715.011252992	-0.147305	0.232062	0.258485	0.000697154	-0.00388275	0.00133879	0
2971.560558853	2716.860632693	-0.182985	0.102811	0.10652	0.00192439	-0.00309015	0.00191746	0
3043.564448952	2729.108986262	-0.249166	-0.0789509	0.573709	0.00483472	-0.00126266	0.00134257	0
2991.623141562	2718.199362776	-0.460022	0.0872956	0.52228	0.00429702	0.000395901	0.00250005	0
2918.979555699	2700.584812172	-0.39235	0.289741	0.339538	0.00398574	-0.000796969	0.00234841	0
2970.248022466	2696.212648311	-0.288692	0.190498	0.464535	0.00226033	-0.000258116	0.00136659	0
2977.743179749	2713.518351831	-0.292088	0.253265	0.673991	0.000940288	0.000510232	0.0010555	0
2968.048308706	2708.431042871	-0.22669	0.0666597	0.727347	0.00428105	0.000238484	-0.000353574	0
3020.439281339	2709.455876599	-0.243702	0.0823801	1.1265	0.00272493	0.000801587	0.000234188	0
2991.599940161	2709.219907329	-0.28721	-0.022923	1.19108	0.00281147	0.00205055	0.000350539	0
2969.757478564	2704.915403701	-0.276515	0.0321101	1.22592	0.00248213	0.00189471	0.000585908	0
2997.388137243	2714.068049147	-0.262596	0.0620012	1.32505	0.00091683	0.00214544	0.000659589	0
3024.421083646	2720.989758304	-0.357152	0.0287979	1.6073	0.00217538	0.00395388	0.000671196	0
2998.965832497	2717.481356423	-0.423162	0.0218647	1.72585	0.0014329	0.00488264	0.00148539	0
2992.969927636	2717.837161727	-0.42114	-0.165361	1.73426	0.00369184	0.00772989	0.00274834	0
2987.570630225	2715.04996407	-0.410193	-0.303445	1.78856	0.00260638	0.00838347	0.00317407	0
2959.241719864	2712.933814545	-0.368125	-0.15925	1.78909	0.00148904	0.00761652	0.00278201	0
2966.283897417	2707.814526867	-0.359282	-0.064429	1.81347	0.00118392	0.00583726	0.00194805	0
2980.905199227	2706.952952906	-0.357001	-0.0220458	1.6929	0.00214786	0.00536887	0.00138805	0
2986.759686026	2703.036738227	-0.356949	0.0680607	1.7965	0.00116612	0.00402482	0.00107396	0
3004.761763379	2709.509230564	-0.38172	0.0492087	1.78686	0.00218205	0.00406054	0.00127222	0
2995.941916594	2709.723319659	-0.385169	0.0442507	1.79884	0.00112758	0.00427735	0.00138808	0
2994.483542831	2712.301309183	-0.39194	-0.0709362	1.67106	0.00321218	0.00456092	0.00158278	0
3006.793543191	2722.256115501	-0.374319	-0.151458	1.57157	0.00392713	0.0046052	0.0017732	0
2990.875172594	2711.965869272	-0.380578	-0.180971	1.62625	0.00328047	0.00473147	0.00240656	0
2994.417253114	2712.04127172	-0.381843	-0.171554	1.65689	0.00286526	0.00461178	0.00214204	0
3027.474829921	2709.605839951	-0.355401	-0.122766	1.67957	0.00368568	0.0047456	0.00192265	0
3028.848131881	2713.252086934	-0.353842	-0.0457334	1.72849	0.00106154	0.00418209	0.00197822	0
3030.288828387	2712.049182245	-0.360277	0.0240427	1.7317	0.0023237	0.00420503	0.00187636	0
3024.87848269	2713.823327807	-0.352604	-0.0151249	1.67114	0.00222512	0.00491568	0.00202618	0
3001.161126943	2710.091243215	-0.343487	-0.0154362	1.65604	0.00172099	0.0047284	0.00206938	0
2986.264722809	2712.38748341	-0.336781	-0.0530345	1.7068	0.00115058	0.00417015	0.00195555	0
2997.031277603	2709.465975141	-0.331549	-0.0442698	1.71156	0.000965039	0.00444872	0.00216698	0
2979.162884511	2707.195654537	-0.323428	-0.010291	1.69115	-3.21366e-05	0.00448056	0.00213356	0
2982.943608011	2713.367715243	-0.331774	-0.0174817	1.73448	-2.87317e-05	0.00467042	0.00191141	0
2984.34232103	2721.003559645	-0.337696	0.000626483	1.73721	-0.00015636	0.00485738	0.00210473	0
2985.804009279	2713.398515797	-0.323952	-0.0638182	1.67314	-0.000532966	0.00484822	0.00205808	0
2993.806282893	2717.416894061	-0.338817	-0.0422686	1.68773	-4.25288e-06	0.00439817	0.00221813	0
2968.932171593	2712.149494431	-0.350763	-0.0622426	1.70791	-0.000784485	0.00457733	0.00209129	0
2965.237624725	2714.21952728	-0.35094	-0.0517953	1.75278	-0.000772182	0.0042345	0.00189763	0
2985.95426597	2709.445778057	-0.356405	0.00994146	1.74389	-0.000238144	0.00444385	0.00229988	0
2969.713285419	2724.176858234	-0.376031	0.0411533	1.83174	-0.00196894	0.00439975	0.00205464	0
3002.311253525	2717.073543625	-0.384676	-0.0506389	1.91721	-0.00241122	0.00480321	0.00236285	0
2976.516819993	2709.277132401	-0.387725	-0.0718066	1.84925	-0.00186989	0.00454347	0.00241129	0
2965.114988749	2711.76692799	-0.371098	-0.0770466	1.89978	-0.00236126	0.00406592	0.00222077	0
2992.470545105	2715.221807597	-0.345356	-0.0730889	1.95264	-0.00322267	0.00384464	0.00227842	0
2974.451895323	2704.226009884	-0.339461	-0.00378191	1.9532	-0.00376565	0.00327835	0.00227722	0
2970.31652184	2712.569930406	-0.307306	0.0398346	2.04986	-0.00425095	0.00284998	0.00200844	0
2999.362465967	2711.255605134	-0.318839	0.0537111	1.96066	-0.00381807	0.00378255	0.0022749	0
2984.34232103	2706.670362032	-0.32757	0.0965458	1.83232	-0.00228824	0.0044591	0.00218628	0
2975.341282353	2713.288778304	-0.305771	-0.0489404	1.91465	-0.0029481	0.00402144	0.00194805	0
2981.178091894	2706.166276466	-0.312959	-0.103405	1.8646	-0.00304146	0.00397625	0.00247507	0
2971.035765264	2704.746421427	-0.330075	-0.00795168	1.75616	-0.00350138	0.00455233	0.00202241	0
2993.606308915	2710.024256218	-0.329768	0.0020883	1.71934	-0.00267395	0.00430928	0.00195974	0
3004.178413874	2698.716918476	-0.335174	0.0510614	1.71458	-0.00269273	0.00434137	0.00199877	0
2988.214745304	2705.986690723	-0.348541	0.0736692	1.68973	-0.00345021	0.00434327	0.00176866	0
3008.249707297	2701.614021935	-0.355325	-0.024442	1.68408	-0.00221578	0.00420733	0.00184365	0
2994.403995171	2707.89800815	-0.350181	-0.0307665	1.67477	-0.00216335	0.0043613	0.0017532	0
2975.110373174	2700.615781035	-0.368711	0.00138291	1.65296	-0.00143206	0.00375829	0.00175533	0
3015.646534834	2701.271344735	-0.368203	0.0206468	1.58761	-0.00037839	0.00430649	0.00178679	0
3006.044469394	2702.064921846	-0.363497	0.074367	1.54353	-0.00290311	0.00472151	0.00175908	0
3001.003136452	2706.04492565	-0.382572	0.08138	1.49846	-0.0031888	0.00483195	0.00172015	0
3003.292341329	2705.506673349	-0.385328	0.0184368	1.36787	-0.00189837	0.00494006	0.00193951	0
2993.099192584	2707.637634069	-0.376567	-0.0269678	1.44878	-0.00300962	0.00467853	0.0020218	0
2965.14592395	2703.672778079	-0.360036	-0.0423559	1.4836	-0.00301144	0.00440133	0.0021315	0
2992.630745253	2709.940606626	-0.347401	0.00892854	1.48983	-0.00255415	0.0043561	0.00229712	0
2989.254389025	2717.423121496	-0.337994	0.0440736	1.57004	-0.00340681	0.00461316	0.00223409	0
2982.395613021	2707.425564682	-0.357603	0.0698789	1.50672	-0.00350675	0.00435836	0.00189669	0
3005.556135149	2709.461262488	-0.364764	0.0141667	1.45823	-0.00371369	0.00500814	0.00227312	0
2987.028159378	2711.242477029	-0.379843	0.0164014	1.45096	-0.00365323	0.00470787	0.00230707	0
2992.01425089	2709.196007445	-0.379241	0.0202984	1.47386	-0.002934	0.00427334	0.00201154	0
3011.776320217	2710.857385952	-0.375014	0.074476	1.4714	-0.00309227	0.00522914	0.00191064	0
3003.481267021	2713.376299004	-0.379385	0.0781933	1.4862	-0.00363879	0.00452441	0.00203593	0
3020.021656125	2712.181978075	-0.377785	-0.0399757	1.48426	-0.00268725	0.00446086	0.00210837	0
3009.396519393	2711.859161342	-0.369896	-0.069446	1.49829	-0.00253524	0.004738	0.00200032	0
2990.636529614	2708.09206847	-0.376089	-0.0123937	1.48654	-0.00118301	0.00430601	0.00156088	0
3012.07572877	2711.303404901	-0.384077	0.0517534	1.52511	-0.000978903	0.00460042	0.00193403	0
3009.39099525	2705.699387196	-0.407437	0.0891813	1.53855	-0.00361559	0.00482071	0.00174031	0
3013.06013106	2706.18125597	-0.416603	0.0900574	1.56239	-0.0039662	0.00460939	0.0018955	0
3023.786912024	2701.987667997	-0.43732	-0.012126	1.55081	-0.00362677	0.00468956	0.0017842	0
2997.92287429	2701.417605288	-0.405606	-0.0443082	1.51758	-0.00250372	0.00469997	0.00168272	0
2980.392558753	2706.840017542	-0.392503	-0.0196473	1.57859	-0.00347708	0.00434278	0.00192863	0
3008.707106341	2708.218468557	-0.392628	-0.0078063	1.63759	-0.00388034	0.00432985	0.00197147	0
3010.372083055	2714.963116607	-0.394944	0.0830674	1.73643	-0.00468034	0.00465084	0.00182858	0
3005.514151662	2708.376174125	-0.412214	0.0544799	1.62952	-0.00438689	0.00474275	0.00163742	0
3005.74616567	2706.403760517	-0.507345	0.127444	1.21275	-0.00276222	0.00797609	0.00110904	0
2989.309630455	2696.710338134	-0.551363	0.101796	1.152	-0.00420359	0.00779176	0.000684693	0
2970.641341451	2700.129367917	-0.531768	0.0207182	1.29061	-0.00533944	0.00771625	0.000778646	0
2982.371306791	2690.69194358	-0.544087	0.0453359	1.32956	-0.00574388	0.00834141	0.00108059	0
2997.648876795	2702.876844641	-0.514827	0.122122	1.45176	-0.00629114	0.00779103	0.00126891	0
3016.940289135	2703.58677216	-0.474028	0.0774824	1.5261	-0.00630876	0.00653396	0.00170489	0
3001.63178393	2703.371673211	-0.543018	0.0481227	1.10645	-0.00410634	0.00617027	0.00127735	0
2980.5295575	2697.541279851	-0.553956	0.0838966	1.12089	-0.00614916	0.00668678	0.000454647	0
2966.184462843	2704.8036465	-0.54416	0.0281176	1.24527	-0.00577923	0.00789473	0.000800616	0
2988.536250429	2701.547876483	-0.518506	0.0511188	1.32982	-0.00622247	0.00737374	0.00121363	0
2970.727518082	2699.733336752	-0.499407	0.138721	1.40152	-0.00735308	0.0069758	0.0013435	0
2998.576932827	2702.202093711	-0.481288	0.130159	1.46485	-0.0068159	0.00631301	0.000800847	0
2991.700479565	2703.201344465	-0.477703	0.0718921	1.3587	-0.00384861	0.00724163	0.000939566	0
2975.424144499	2701.746481147	-0.458205	0.0429894	1.40845	-0.0040412	0.0066748	0.000660791	0
2987.39164799	2713.30695568	-0.440629	-0.00340534	1.52094	-0.00435093	0.00586906	0.000497714	0
2996.809207052	2710.002207734	-0.455791	0.0014484	1.52045	-0.00526226	0.00661147	0.000793787	0
2983.795430868	2706.659926872	-0.463231	0.0811783	1.54327	-0.00627089	0.00633824	0.0011155	0
2997.005866545	2705.123265362	-0.463918	0.100885	1.54299	-0.00656098	0.00630453	0.000674083	0
3013.04466346	2702.893170618	-0.479696	0.10115	1.51574	-0.00629487	0.00688956	0.00110835	0
2992.927944149	2705.27390195	-0.467461	0.0182334	1.48441	-0.00558369	0.00656135	0.00122116	0
2993.124603642	2713.829891859	-0.445574	-0.0405823	1.54325	-0.00688753	0.00565299	0.000835806	0
2987.43142182	2711.713742334	-0.455008	-0.0211372	1.54824	-0.0063708	0.00619874	0.0010054	0
2990.650892386	2710.454959044	-0.455726	0.0627029	1.56489	-0.00693544	0.00608348	0.00120254	0
2996.241325147	2713.674710927	-0.459729	0.0950883	1.63177	-0.00684734	0.0064286	0.00115225	0
3025.602145429	2712.580702185	-0.470766	0.0876013	1.63303	-0.00680519	0.00663805	0.000928958	0
3016.108353192	2712.522467258	-0.455819	0.0311226	1.65453	-0.00634647	0.00576309	0.00102812	0
3018.131294375	2720.129025888	-0.458062	-0.0431735	1.71663	-0.00648359	0.00592307	0.00102925	0
3014.986952154	2716.178476165	-0.470423	-0.00738162	1.75925	-0.00620463	0.00592875	0.00132653	0
2982.327113647	2711.234566505	-0.46803	0.031418	1.72938	-0.00631416	0.00596856	0.00128387	0
3026.385468912	2707.658841008	-0.474209	0.0945005	1.7548	-0.0062009	0.00624111	0.00109049	0
3018.638410707	2710.92420464	-0.494875	0.115755	1.69646	-0.00661354	0.00634993	0.00123114	0
2991.723680966	2706.301596932	-0.494351	0.0359641	1.63911	-0.0062925	0.0070378	0.00125211	0
3002.261536237	2703.032193883	-0.480121	0.0264706	1.63066	-0.00491415	0.00687316	0.00146208	0
2990.09184911	2706.504745939	-0.458105	0.0524327	1.62008	-0.00660101	0.00611456	0.00137638	0
2974.119341912	2706.955477541	-0.444827	0.0865486	1.5874	-0.0071716	0.00581228	0.000942672	0
3003.179648811	2710.096292486	-0.461223	0.14423	1.09411	-0.00421284	0.00318445	0.000168237	0
2995.070206822	2703.051212804	-0.48586	0.186631	1.16223	-0.00413725	0.00368421	0.000117202	0
2997.289807497	2705.324731279	-0.460993	0.0455307	1.27028	-0.00412927	0.00429222	-4.22704e-05	0
2996.087753971	2712.454975334	-0.464126	-0.00455879	1.33674	-0.00417717	0.00456525	0.000201353	0
2997.674287853	2710.079293273	-0.446407	0.0365296	1.39397	-0.00454443	0.00390093	0.000453947	0
2967.657199378	2710.564191609	-0.434684	0.0620044	1.45677	-0.00566198	0.00401658	0.000431187	0
3000.923588792	2707.827823281	-0.441455	0.106412	1.46579	-0.00591564	0.00425521	0.000580978	0
3001.057273053	2701.542995521	-0.450993	0.152731	1.42396	-0.00690932	0.00403298	0.000453209	0
3022.716333102	2700.621335233	-0.441627	0.0554445	1.40886	-0.00500045	0.00424391	0.000112013	0
2992.515843078	2701.87540587	-0.436536	0.00827069	1.40656	-0.00567652	0.00450847	0.000641297	0
2995.252503542	2703.182493853	-0.42807	0.0652785	1.40675	-0.00396512	0.00434406	0.000672746	0
3016.068579362	2705.447596876	-0.422844	0.0714222	1.48376	-0.00568104	0.00360846	0.000661312	0
3000.582196752	2709.285716162	-0.458151	0.123347	1.52738	-0.00612637	0.00457524	0.000323412	0
3000.479447691	2706.167118011	-0.473754	0.129309	1.5516	-0.00657993	0.00477621	0.000614553	0
3005.755004298	2706.340812937	-0.440473	-0.0241162	1.58903	-0.00626364	0.00435516	0.000876448	0
2999.453061913	2706.712102673	-0.407281	-0.0291925	1.60325	-0.00548469	0.00433334	0.000869131	0
2981.516169448	2702.403391319	-0.395945	0.0162349	1.56904	-0.00610983	0.00400446	0.000803508	0
2981.523903248	2704.099778106	-0.397652	0.0709938	1.60303	-0.00653146	0.00373002	0.000602955	0
2998.885180008	2702.853281376	-0.411132	0.119799	1.58204	-0.00625439	0.00420293	0.000686777	0
2998.135001383	2708.300939985	-0.409581	0.105678	1.55714	-0.00669264	0.00454436	0.000579991	0
3002.038360858	2703.058786711	-0.401345	0.0125708	1.58907	-0.00573002	0.0043021	0.000693306	0
2999.728164237	2702.664775254	-0.410224	0.0127504	1.52366	-0.00441085	0.00387694	0.00067057	0
2985.142216942	2705.351997343	-0.405127	0.079234	1.50991	-0.00505699	0.00384678	0.000372636	0
2995.332051202	2703.160108751	-0.370248	0.0864059	1.52443	-0.00476567	0.00368291	0.000837902	0
3007.845340026	2698.088115913	-0.378296	0.181223	1.45332	-0.00300012	0.00378692	0.000403802	0
3004.118753129	2706.650164948	-0.371373	0.15334	1.40468	-0.00694408	0.00311726	0.000737364	0
3035.638408512	2711.003983124	-0.346516	-0.0163042	1.42382	-0.00963681	0.00176572	0.000952132	0
2988.888690755	2714.428735414	-0.325942	-0.0123235	1.10313	-0.00596658	0.00184861	0.00093536	0
2970.750719483	2707.124123197	-0.298581	-0.00768306	1.00012	-0.00525597	0.00179144	0.000680189	0
2975.569981875	2716.729856571	-0.319893	0.157302	1.10339	-0.00278966	0.00224501	0.000277229	0
2987.281165129	2718.583612308	-0.396632	0.137953	1.11804	-0.00362696	0.00253749	0.000225871	0
2987.777233175	2713.905125999	-0.381392	-0.0539998	1.01637	-0.000354589	0.00402654	0.00031001	0
2977.343231792	2712.547040377	-0.327448	0.0477079	0.944163	-0.00165962	0.00255131	0.000269405	0
2952.822665647	2711.452863326	-0.325866	0.0405633	0.932771	-0.00232526	0.00281997	-3.8789e-05	0
3003.55418571	2720.25795061	-0.310185	0.00274608	1.00459	-0.00240274	0.00358282	1.89681e-05	0
2983.307096623	2718.714725048	-0.309075	0.0650699	1.08252	-0.00325462	0.0033784	-1.00911e-05	0
3023.913967314	2721.190382677	-0.314209	0.125014	1.15636	-0.00397476	0.00452821	4.71185e-06	0
3042.607667377	2723.90487083	-0.323066	0.0978237	1.37691	-0.00488544	0.00404939	3.30065e-05	0
3043.731278072	2720.262326645	-0.338075	0.0284426	1.21403	-0.00368352	0.00438353	0.000228709	0
3030.046870922	2707.351340397	-0.340571	0.0217015	1.18369	-0.00260623	0.00526352	-1.238e-05	0
3021.694366639	2712.870362038	-0.343019	0.0187412	1.27634	-0.00254392	0.00548837	-0.000272962	0
3015.223385477	2712.485944197	-0.357278	0.0873712	1.21909	-0.0049931	0.00529116	-0.000325826	0
3008.681695283	2715.811562464	-0.393863	0.153144	1.32736	-0.00662999	0.00651974	-0.000632323	0
3014.905194837	2710.209564468	-0.420586	0.106524	1.30196	-0.00408086	0.00723993	-0.000592834	0
3019.004108976	2702.891150909	-0.395014	0.0268443	1.30192	-0.00521912	0.00636361	-0.00044693	0
2994.241585365	2710.6217533	-0.403192	0.00834798	1.30892	-0.00321371	0.00693384	-0.000299054	0
2977.558673371	2709.993792282	-0.397202	0.00529299	1.38102	-0.00518217	0.00574605	-0.000636862	0
2975.268363665	2702.624044467	-0.392705	0.0754379	1.31282	-0.00542849	0.00519909	-0.000407933	0
2970.343037726	2700.182385264	-0.406917	0.16109	1.31405	-0.0056116	0.00521007	-0.000698015	0
2999.82096984	2698.21283291	-0.408309	0.115575	1.33627	-0.00604966	0.00494755	-0.00072995	0
2995.592790754	2699.567888969	-0.398968	0.0469372	1.3164	-0.0052825	0.00632358	-0.000189778	0
2992.782106773	2706.908014393	-0.380375	-0.00754391	1.37728	-0.00538117	0.00661309	0.000350996	0
2959.188688091	2698.348826612	-0.370988	0.00177984	1.40865	-0.00505448	0.0054461	8.21941e-05	0
2982.984486669	2695.311521725	-0.369525	0.0257562	1.38032	-0.00540411	0.00502502	3.06296e-05	0
2981.03004486	2703.171722075	-0.357353	0.131143	1.46453	-0.00589748	0.00462447	0.000302951	0
2984.513569464	2705.180490434	-0.368113	0.105252	1.49504	-0.0064644	0.00524658	-1.1518e-05	0
3013.534102534	2697.924519529	-0.379087	-0.00451596	1.44437	-0.00568529	0.00519134	0.000290296	0
2994.561985662	2710.118509279	-0.376609	-0.0424462	1.49436	-0.00580848	0.0066042	0.000454573	0
2976.588633852	2704.718650436	-0.359361	-0.0116164	1.47228	-0.00592456	0.00605766	0.000808693	0
2990.000148336	2706.334753812	-0.344533	0.0406747	1.44592	-0.00594602	0.00543185	0.000811293	0
3004.016004068	2704.214564869	-0.349408	0.133691	1.45765	-0.00540821	0.00481966	0.000807182	0
3004.192776646	2702.648785896	-0.36186	0.150188	1.47253	-0.00667936	0.00479751	0.000756828	0
3020.475740683	2709.607186423	-0.361262	0.0219375	1.45782	-0.00598639	0.00476009	0.000564623	0
3006.879719822	2700.276133398	-0.357249	0.0507595	1.44049	-0.00320185	0.00521519	0.000593967	0
2951.220664164	2707.284690018	-0.341783	0.063292	1.4849	-0.00504295	0.00490681	0.000672663	0
2995.976166281	2702.24938855	-0.341094	0.0923057	1.51901	-0.00640299	0.00439398	0.000724756	0
2987.252439585	2699.409173547	-0.366527	0.110974	1.49947	-0.00747567	0.00446141	0.000654714	0
2984.006453133	2703.990208923	-0.36647	0.0861904	1.40075	-0.00621266	0.00440308	0.000790025	0
2990.235476829	2706.012946933	-0.359293	0.00648034	1.38524	-0.00522809	0.00418561	0.00074774	0
2983.12700956	2699.407827074	-0.358585	-0.00924119	1.39047	-0.00542429	0.00427713	0.000704891	0
2951.564265861	2696.069922247	-0.356954	0.0895158	1.34587	-0.00627091	0.00380496	0.000845105	0
2968.42616009	2701.458504384	-0.314017	0.076344	1.35622	-0.00526614	0.00378058	0.000647297	0
2968.345507602	2703.831325192	-0.309963	0.167496	1.32031	-0.00581441	0.00371465	0.000922939	0
2976.343361901	2704.503888105	-0.315696	0.136191	1.36193	-0.00522837	0.00419618	0.000720054	0
2966.32146159	2700.5834657	-0.295911	0.0201146	1.38917	-0.005515	0.00362287	0.000794229	0
2969.779575136	2709.355396104	-0.285892	0.00242628	1.35922	-0.00613262	0.00332074	0.000890386	0
2974.457419466	2705.604965826	-0.295081	0.0439269	1.33902	-0.00629655	0.00354977	0.000846731	0
2962.881025302	2711.372074988	-0.314232	0.0909657	1.39564	-0.00706693	0.00424617	0.000568671	0
3001.190957315	2709.771960971	-0.333325	0.0979805	1.4225	-0.00756876	0.0041714	0.00047401	0
3004.874455897	2709.544743771	-0.336143	0.0952521	1.40282	-0.00791065	0.00421614	0.000438118	0
2999.82870364	2710.584052076	-0.316933	0.0147889	1.39614	-0.00792195	0.00412771	0.000220398	0
2992.329127043	2711.097394639	-0.317589	-0.0182414	1.46525	-0.0067394	0.00448436	0.000337398	0
2992.524681707	2714.116858768	-0.321593	0.0352875	1.46524	-0.00586153	0.00427778	0.000213682	0
2991.79991414	2710.826585398	-0.322677	0.0920292	1.49866	-0.00768092	0.00466792	0.000210039	0
3005.30091974	2712.763149181	-0.349887	0.146277	1.47567	-0.00682327	0.00552443	0.000115319	0
2990.545933669	2719.332587523	-0.360611	0.0701508	1.54612	-0.00802354	0.00532622	0.000195715	0
2976.527868279	2709.355396104	-0.322581	-0.0732753	1.52245	-0.00836015	0.00477569	0.000407985	0
2990.414459064	2715.893192347	-0.328243	-0.0298871	1.54387	-0.00663616	0.00400897	0.000109844	0
2977.225015131	2709.409254996	-0.345855	0.00260763	1.53221	-0.00692677	0.00478458	0.000202992	0
2967.767682239	2704.343321283	-0.339565	0.0731119	1.54842	-0.00862393	0.00441533	-0.000240947	0
2999.844171241	2705.3158109	-0.36186	0.125228	1.55252	-0.00821603	0.00443266	-0.000240947	0
2987.715362773	2703.931637378	-0.366707	0.121391	1.54105	-0.00823885	0.00408873	-0.000164356	0
2974.331469004	2707.613734186	-0.372298	0.0340845	1.49691	-0.00919119	0.00373041	-8.54491e-05	0
2999.734793209	2710.23885024	-0.332749	-0.0536459	1.59331	-0.00889249	0.00369605	0.00011476	0
2988.525202143	2708.896922286	-0.310594	-0.0278485	1.51246	-0.00878532	0.00384716	0.000324601	0
2988.777103066	2707.400991563	-0.298791	0.0675232	1.51132	-0.00894121	0.00333084	0.000330346	0
3021.263483481	2712.632877986	-0.313018	0.072668	1.58369	-0.00915509	0.00357811	0.000208148	0
3017.911433482	2705.652597284	-0.343289	0.0640659	1.54007	-0.00929423	0.00393655	-4.8888e-06	0
3016.114982164	2712.755911892	-0.363487	-0.0156998	1.50677	-0.00877636	0.00390437	2.04073e-05	0
3005.132985792	2707.852733019	-0.36852	-0.000804018	1.48522	-0.00602906	0.00347917	-0.000183439	0
2995.565170039	2705.868874397	-0.347834	0.00785071	1.49025	-0.00854657	0.00314868	-0.000341543	0
2980.828966053	2707.444583604	-0.322658	0.0912774	1.49921	-0.00893491	0.00282908	-0.000538083	0
3010.474832116	2701.619407824	-0.363501	0.105965	1.48046	-0.00897714	0.00259595	-0.000538083	0
3001.024128195	2708.525464241	-0.382775	0.0947333	1.466	-0.00914392	0.00312358	-0.000753678	0
3005.758318784	2709.110506454	-0.370224	0.0787267	1.51845	-0.00677772	0.00411972	-0.000384723	0
3008.391125359	2716.262967302	-0.359643	-0.118924	1.54862	-0.00959009	0.00239469	-0.000348779	0
2986.906628231	2706.557763286	-0.343054	0.00861294	1.43218	-0.00811554	0.0028886	-0.00030832	0
2997.16054255	2703.393385077	-0.354755	0.0543809	1.45623	-0.0081387	0.00312652	-0.000528754	0
2992.972137294	2717.057722576	-0.353775	0.0895455	1.5527	-0.00911483	0.00382838	-0.000298569	0
3021.278951082	2711.037308313	-0.356904	0.0376861	1.53027	-0.00863172	0.00441975	-0.000269032	0
2997.313008898	2706.556248505	-0.349442	-0.0121564	1.52465	-0.00857911	0.00480211	-0.000311484	0
2990.811092535	2713.550835475	-0.364418	-0.0324599	1.53138	-0.00835921	0.00467499	-9.92553e-05	0
3011.581870382	2708.526474095	-0.372448	-0.0197174	1.54566	-0.00847862	0.00459903	0.000123724	0
3020.16086453	2711.097394639	-0.379218	0.0700463	1.58801	-0.00923029	0.00472424	1.62017e-05	0
3008.926967235	2708.241021968	-0.385721	0.138753	1.55709	-0.00938476	0.00452485	-0.000459755	0
3023.540535244	2714.538136288	-0.388702	0.065825	1.57096	-0.00862339	0.00484001	-0.00016532	0
3019.01736692	2706.057717137	-0.373347	-0.00842994	1.5603	-0.00884121	0.00457771	-0.000105463	0
3000.920274306	2712.973367169	-0.367442	-0.00354429	1.59212	-0.00797862	0.0051981	5.10563e-06	0
3003.584016082	2709.055469399	-0.342009	0.0012438	1.64702	-0.00813614	0.00461738	-0.000118807	0
2995.759619874	2702.954940035	-0.352576	0.0451861	1.59138	-0.00895058	0.00434361	-0.000542474	0
2996.382743209	2710.159071757	-0.349566	0.107191	1.60548	-0.00964895	0.00442134	-0.000553173	0
3008.060781605	2707.778003806	-0.361037	0.0689794	1.55781	-0.00955602	0.00412469	-0.000308018	0
2992.834033718	2701.383270245	-0.350842	0.0141427	1.54094	-0.00923517	0.0041015	0.000111063	0
2970.993781777	2707.960619112	-0.340185	-0.0264113	1.58408	-0.00834939	0.00425011	-1.17593e-05	0
2978.809339356	2706.241173987	-0.336819	-0.0118246	1.60893	-0.00848138	0.00446938	-0.000398434	0
2977.890121954	2711.238605922	-0.339376	0.0593925	1.67573	-0.00957496	0.00429444	-0.000193579	0
2965.140399807	2705.806936671	-0.349419	0.0441572	1.65697	-0.00954817	0.00412457	-4.92529e-05	0
2989.976946935	2704.621704431	-0.335142	0.0370681	1.58914	-0.00972044	0.0041917	0.00028362	0
2986.352004269	2701.493344355	-0.353802	-0.0357425	1.58852	-0.0102855	0.00392093	0.000296277	0
2950.493686939	2702.387065343	-0.333715	-0.0395538	1.60544	-0.0104867	0.00323743	0.000268631	0
3007.77905031	2703.838225862	-0.350502	-0.00891301	1.6088	-0.00943258	0.00364232	0.000112334	0
2984.622947496	2708.929742548	-0.369923	0.0614063	1.51733	-0.00961127	0.00255918	-0.000646788	0
3031.888620213	2716.623148642	-0.365232	0.113754	1.66723	-0.0094575	0.00318175	-0.000816783	0
3013.689883368	2714.206230867	-0.360781	0.00594574	1.58983	-0.00624337	0.00361441	-0.000113567	0
3001.791984078	2715.025390951	-0.351187	-0.00391218	1.63409	-0.00713572	0.00414157	0.000171452	0
2989.359347743	2716.252027214	-0.33497	-0.0797374	1.6502	-0.00900112	0.00266581	1.2329e-05	0
2999.822074669	2712.528189765	-0.350242	-0.035828	1.61856	-0.0089531	0.00302374	-1.0662e-05	0
3001.732323334	2710.221177791	-0.342343	0.070199	1.63688	-0.00999012	0.0027744	6.89782e-05	0
3013.48107076	2711.289940178	-0.367411	0.0907623	1.6502	-0.00975124	0.00311442	-9.43051e-06	0
3017.166779	2712.689093205	-0.376095	0.0633536	1.60804	-0.0101085	0.00345525	-6.19763e-05	0
3014.074363723	2707.157616695	-0.382434	-0.00100551	1.56035	-0.00958114	0.0028976	-0.000264942	0
2991.078461058	2718.806453473	-0.377921	-0.0776319	1.67243	-0.00917081	0.00298382	-0.0001717	0
3020.28791982	2722.807159289	-0.368615	-0.0312737	1.75482	-0.00933523	0.00323458	7.44621e-05	0
2982.282920503	2709.519329106	-0.357386	0.0415914	1.68292	-0.00985516	0.00341379	0.000237624	0
2994.522211832	2711.895684403	-0.381746	0.0933337	1.66788	-0.00958661	0.00342582	-0.000447809	0
3009.834031522	2712.722081776	-0.407295	0.0875352	1.69403	-0.00991777	0.00470076	-0.000390683	0
3026.072802416	2713.702313609	-0.39182	-0.0496859	1.60926	-0.00917298	0.00420017	-5.36254e-05	0
2988.267777077	2718.210134554	-0.380239	-0.0333669	1.39042	-0.00595341	0.00409251	-0.000183364	0
2968.703472071	2713.574230432	-0.3301	-0.00133636	1.2913	-0.00635081	0.00323741	0.00019018	0
2962.17614465	2701.634387328	-0.321103	0.0842942	1.21207	-0.00387336	0.00281202	-0.000227006	0
2957.342519486	2696.681725598	-0.373522	0.11823	1.22229	-0.00594397	0.0028882	-0.000590156	0
2959.596369848	2713.029750696	-0.336834	0.102876	1.07215	-0.007812	0.00251581	-0.000692992	0
2965.749160371	2711.257288225	-0.343107	0.240885	1.05535	-0.00895712	0.0028208	-0.000467226	0
2981.69736134	2710.312401289	-0.35769	0.143652	1.16941	-0.0100864	0.00331446	-0.000194603	0
3003.358631046	2718.177145983	-0.321397	0.0960172	1.11815	-0.0113007	0.00226425	-0.000142085	0
3015.29188485	2711.812876357	-0.305823	0.0244103	1.03029	-0.00943342	0.0023407	-0.000470991	0
2969.755268906	2706.898757396	-0.300902	0.0142713	1.04929	-0.00932242	0.00271478	-0.000603644	0
2998.568094198	2711.283712744	-0.313177	0.0326416	1.11211	-0.0101253	0.00243989	-0.000774235	0
2998.170355898	2706.541605619	-0.307475	0.091807	1.15489	-0.010556	0.00251986	-0.000772485	0
3036.103541356	2708.628469372	-0.330466	0.135991	1.21073	-0.0115897	0.00225641	-0.000782018	0
3026.60201532	2709.505359456	-0.35223	0.147127	1.28759	-0.0129278	0.00211477	-0.00120139	0
3022.563866754	2711.569501489	-0.33832	-0.000387314	1.33649	-0.0126204	0.00232115	-0.000971551	0
3004.257961533	2708.534216311	-0.317224	-0.0580037	1.40383	-0.0125577	0.00263072	-0.000889679	0
2977.473601568	2702.410460299	-0.316805	0.047185	1.35921	-0.0101974	0.00293766	-0.000283812	0
2954.985920063	2701.20755561	-0.309213	0.0402896	1.3978	-0.0122431	0.00179153	-0.000530947	0
2976.949912808	2697.71110367	-0.313172	0.115152	1.37849	-0.0125664	0.00214024	-0.000507899	0
2972.98468293	2698.788786435	-0.336057	0.132765	1.34408	-0.0129424	0.00224344	-0.000430115	0
2973.726022927	2697.25650096	-0.318105	-0.0344524	1.33402	-0.0127148	0.00196131	-0.000300002	0
2971.580445768	2699.907536606	-0.316266	-0.0517734	1.33716	-0.0117964	0.00240139	-0.000270225	0
2961.013864953	2697.767992124	-0.308881	-0.00339495	1.35239	-0.0123039	0.00193202	-0.000101572	0
2954.376054671	2697.816970054	-0.313405	0.0687381	1.39269	-0.0131721	0.00179894	-0.000425899	0
2989.089769562	2698.720116348	-0.3454	0.0892912	1.38145	-0.0124349	0.00265499	-0.000200222	0
2988.489847627	2705.236200726	-0.322615	0.0463119	1.41038	-0.0133164	0.00364854	0.000618643	0
2994.665839551	2704.270275161	-0.308861	-0.0711508	1.41219	-0.0132854	0.0025813	0.000687593	0
2990.120574654	2706.394335211	-0.299689	-0.0334564	1.4176	-0.0127053	0.00256157	0.000689428	0
2949.005482803	2704.666474635	-0.286636	0.0362491	1.40676	-0.0131413	0.00214022	0.000350352	0
2988.820191381	2706.829582381	-0.28812	0.104036	1.41848	-0.0132431	0.00224969	0.000547616	0
2982.83312515	2709.167899836	-0.301975	0.100531	1.4364	-0.0131496	0.00170984	0.000211403	0
2954.618012136	2705.316652445	-0.296653	-0.00230962	1.38819	-0.0124185	0.00136568	-0.00029019	0
2964.972465859	2715.315387422	-0.313385	-0.0423552	1.44356	-0.0126626	0.00163902	-0.000137237	0
3004.997091873	2718.342088839	-0.309336	-0.00931617	1.43919	-0.010855	0.001977	5.78408e-05	0
2976.699116713	2714.254703869	-0.323067	0.0586582	1.47117	-0.0125992	0.00165818	-0.00029019	0
3002.795168455	2710.377536887	-0.361866	0.0593683	1.47733	-0.0130582	0.00197801	-0.000485985	0
2991.900453543	2713.030592241	-0.351037	0.0293181	1.46025	-0.0126092	0.0019014	-0.00054019	0
2993.106926384	2710.36642849	-0.350478	-0.0397341	1.44698	-0.0127599	0.00212178	6.12458e-05	0
2984.848332532	2713.491927312	-0.348647	-0.0501099	1.47579	-0.0122805	0.00177687	-9.79913e-05	0
3006.247757858	2711.705495191	-0.356104	0.000789204	1.48146	-0.0121186	0.00230104	-1.47697e-05	0
3010.308002996	2712.418115655	-0.318376	0.0837495	1.53651	-0.0131468	0.00193578	-0.000354898	0
3038.108805281	2713.189812591	-0.31291	0.184779	1.45066	-0.0126772	0.00183817	-0.000534299	0
3029.713212682	2713.646098391	-0.319802	0.165229	1.43852	-0.0134607	0.00145557	-0.00053043	0
3039.015869569	2710.160923156	-0.311266	-0.0183233	1.47424	-0.0125595	0.00145395	-0.000319046	0
3017.072868568	2710.46791884	-0.331154	-0.0688747	1.50419	-0.0119669	0.00233241	-0.000305819	0
3011.110108566	2718.618452278	-0.319873	-0.047034	1.55357	-0.012957	0.00185987	-0.000600093	0
2980.325164208	2708.806203715	-0.320592	0.00311982	1.57852	-0.0130343	0.00109054	-0.000587917	0
2999.743631838	2710.635554641	-0.317877	0.0631111	1.5173	-0.0118355	0.00174336	-0.000245098	0
2997.321847527	2705.664378916	-0.309111	0.0790322	1.4428	-0.00994467	0.00151969	-0.000549809	0
3005.890898217	2717.729612253	-0.321372	-0.0643597	1.53541	-0.00971978	0.00260355	-0.00022268	0
2989.44110506	2710.705066273	-0.355045	-0.164295	1.51737	-0.0110856	0.00408795	0.000880636	0
2952.90773745	2699.59212547	-0.340075	-0.00729674	1.50984	-0.0107368	0.00386686	0.000651995	0
2991.207726005	2700.848047506	-0.336555	0.0168025	1.531	-0.0111837	0.00225487	1.2063e-05	0
3001.857168966	2700.516142085	-0.342544	0.11217	1.53594	-0.011555	0.00197872	-0.000863085	0
2991.685011964	2704.863901135	-0.352803	0.0537313	1.55941	-0.0117983	0.00213208	-0.000768815	0
3012.319895892	2706.4295118	-0.341688	-0.0720123	1.57006	-0.0138076	0.00224162	-0.000722107	0
3014.303063245	2706.873679349	-0.348204	-0.045717	1.48219	-0.00653467	0.00388191	-0.000557642	0
2985.302417091	2703.318655864	-0.342627	-0.0539059	1.42687	-0.00342114	0.00494121	-0.00042641	0
3023.032314084	2695.664802395	-0.433886	-0.0455234	1.44772	-0.00503083	0.00678701	-0.00163036	0
2992.171136552	2700.861512229	-0.402614	0.022206	1.55482	-0.0108162	0.005103	-0.00109998	0
3010.815119327	2705.4312709	-0.38494	0.0521099	1.50918	-0.00673202	0.00494656	-0.000718776	0
2997.230146752	2697.1864844	-0.384957	0.0256667	1.46232	-0.00493807	0.00478595	-0.00033132	0
2997.504144247	2702.013082662	-0.362713	-0.00137587	1.49324	-0.00660107	0.00471037	-0.000150567	0
3002.606242763	2705.190084049	-0.361894	-0.0159994	1.51562	-0.00879674	0.00340671	-0.000257281	0
2978.256925052	2705.448438422	-0.393117	-0.0109219	1.57334	-0.0105109	0.00353007	-0.000865152	0
2968.967526108	2709.506201001	-0.356106	-0.0361804	1.62582	-0.0139144	0.00231844	-1.7545e-05	0
3000.061822477	2700.650452696	-0.399059	-0.0448831	1.54565	-0.0140739	0.00332366	-0.00115998	0
2974.57342647	2709.96097202	-0.360265	-0.0907911	1.48892	-0.0150183	0.00236967	-0.000597737	0
2981.690732368	2714.608489466	-0.349115	-0.137141	1.5693	-0.0165524	0.001672	-0.000157682	0
2997.739472741	2712.262093177	-0.345153	-0.164134	1.58863	-0.0161037	0.00229532	-3.93002e-06	0
2983.209871706	2707.760163048	-0.363756	-0.0732285	1.61982	-0.016324	0.00243285	-6.21347e-05	0
3013.409256901	2705.913981219	-0.402059	-0.0023299	1.56696	-0.0119998	0.00445916	-0.000517547	0
3007.928202172	2708.018517421	-0.388723	0.022862	1.55087	-0.0136394	0.00333587	-0.000130513	0
3030.02477435	2713.139488188	-0.3817	-0.0598377	1.56693	-0.0130565	0.00335309	-8.99704e-06	0
3007.491794872	2712.176928804	-0.34872	-0.145285	1.54393	-0.0122828	0.00287512	8.94933e-05	0
3005.159501678	2709.496439077	-0.337835	-0.0568893	1.54782	-0.0131933	0.00217795	0.000368287	0
3041.41334765	2713.570864251	-0.334871	-0.0584907	1.58843	-0.0120931	0.00324299	0.000230554	0
3022.474375637	2711.557383238	-0.359966	0.0108837	1.59525	-0.013081	0.00323938	0.000437451	0
3027.540014809	2714.176776785	-0.34483	-0.102514	1.57669	-0.0124327	0.00306748	-0.000119755	0
2998.211234557	2714.618083081	-0.346272	-0.149987	1.58704	-0.012616	0.00352021	0.000124613	0
2996.03251254	2722.947697335	-0.330158	-0.113008	1.66872	-0.0131399	0.00301229	-0.000167826	0
2998.078655124	2721.166146175	-0.328543	-0.0570009	1.78926	-0.0138078	0.00371655	-4.10263e-05	0
3001.919039368	2719.030641111	-0.35436	0.0344476	1.81305	-0.0140544	0.00428121	-1.66898e-05	0
2996.071181542	2712.810275712	-0.345628	-0.0791954	1.72949	-0.0143429	0.00405468	-4.54371e-05	0
2972.991311902	2716.021780452	-0.358482	-0.126842	1.76892	-0.0141675	0.00359949	-0.000209458	0
3014.714059488	2716.338874678	-0.350489	-0.144099	1.79154	-0.0130306	0.00421876	1.99517e-05	0
2993.620671687	2711.704653646	-0.349232	0.00778035	1.80549	-0.0145687	0.00438457	-2.94822e-05	0
3031.733944208	2716.098024445	-0.358788	0.0380747	1.72502	-0.0142687	0.00380402	7.83536e-05	0
3006.30962826	2715.48184506	-0.331616	0.0306526	1.64763	-0.0145064	0.00373467	0.000265709	0
3020.864640354	2714.736740952	-0.319897	-0.0815035	1.57588	-0.0137004	0.00306575	0.000514306	0
3013.426934159	2708.339482755	-0.352634	-0.086268	1.56342	-0.0130991	0.00285628	0.000361534	0
3020.754157493	2707.524867014	-0.361488	-0.0447109	1.57313	-0.0132078	0.00302395	0.000200609	0
3030.360642247	2708.167807537	-0.365399	0.00507833	1.65601	-0.0130413	0.00293179	0.000108646	0
3027.693585985	2717.388954761	-0.320952	0.0173014	1.64771	-0.0126155	0.00401777	0.000712	0
3032.507324234	2716.228127331	-0.28578	-0.0295317	1.52464	-0.0127281	0.00345464	0.000686552	0
3022.144031883	2716.508361878	-0.301336	-0.139775	1.58325	-0.0128375	0.00312221	0.000819766	0
2993.863733981	2710.694799422	-0.325853	-0.156208	1.53713	-0.012371	0.00366289	0.000502342	0
3009.291560676	2713.945015241	-0.33421	0.0682284	1.66037	-0.0123523	0.0029392	-0.000503749	0
3023.339456438	2722.622692584	-0.370971	-0.056413	1.7663	-0.0125065	0.00351445	-0.000418903	0
3033.049795081	2712.6759651	-0.351983	-0.108324	1.72989	-0.0119473	0.00357368	-5.76445e-05	0
3011.721078786	2713.221791308	-0.305852	-0.159713	1.76588	-0.0129252	0.00268209	5.01913e-06	0
2991.873937656	2718.392918168	-0.3055	-0.129735	1.83954	-0.0127634	0.00279779	-4.87767e-05	0
3036.564254886	2708.743087826	-0.32005	-0.0632699	1.7779	-0.0117355	0.00279931	0.000143267	0
3015.10958813	2713.889641567	-0.322824	0.163203	1.70407	-0.011483	0.00276694	-0.000280633	0
3019.157680153	2718.60936359	-0.330716	0.0433603	1.71141	-0.0133181	0.00243984	-0.000234819	0
