4796.079599054	3691.656734879	0.00277027	0.240318	0.0221612	-0.00313736	-0.00098108	0.0018715	1
4670.622014959	3687.83067731	-0.00412601	0.265723	0.0241036	-0.00394118	-0.000987258	0.00204645	1
4581.286562423	3681.752130787	-0.00372186	0.296375	-0.00413188	-0.00339187	-0.000757052	0.00220883	1
4513.442023955	3687.800346845	0.00226536	0.282207	-0.0158105	-0.003067	-0.000564787	0.00235265	1
4467.399322238	3688.265547881	-0.00416539	0.286643	0.026427	-0.00258625	-0.000934964	0.00237777	1
4414.508450014	3685.165412826	-0.00884447	0.312415	0.0122292	-0.00252012	-0.00086532	0.00192751	1
4408.335257232	3682.451539253	-0.0127026	0.327646	0.0513806	-0.00244502	-0.000892499	0.00196059	0
4373.180753048	3679.697894606	-0.0123957	0.333635	0.0427664	-0.00335852	-0.000891993	0.00194454	0
4379.193002578	3681.262424342	-0.0152888	0.342253	0.0502079	-0.00339461	-0.000623552	0.002145	0
4364.948470575	3682.545543607	-0.016082	0.320071	-0.00816339	-0.00287676	-0.000185068	0.00205553	0
4360.551838283	3683.441597934	-0.0196965	0.304613	0.0402381	-0.00205939	-0.000399049	0.00205553	0
4347.650936449	3685.204983035	-0.0250399	0.31741	0.0114298	-0.00255083	-0.000494907	0.00205553	0
4373.365451243	3686.698005185	-0.0394531	0.302819	0.111633	-0.00111747	-0.000839113	0.00115248	0
4355.011033003	3686.838007396	-0.0297153	0.33247	0.116263	-0.000742017	-0.000505339	0.00106534	0
4352.591964562	3679.686646222	-0.0165103	0.336035	0.128162	-0.00145933	-0.000177795	0.00163908	0
4349.174907398	3678.43928075	-0.0280713	0.3491	0.135315	-0.00284072	-0.000364627	0.00183258	0
4351.210242147	3675.798521675	-0.0403651	0.33745	0.102701	-0.0033126	-0.000301322	0.0017308	0
4344.875262742	3680.263125917	-0.0397124	0.324642	0.0502508	-0.00305987	-0.000307048	0.00181878	0
4345.498092043	3681.948977512	-0.0330663	0.317938	0.109662	-0.00172537	-0.000688229	0.00191922	0
4343.450106733	3682.34005973	-0.0338671	0.340529	0.110852	-0.00224809	-0.000619982	0.00206299	0
4350.907050361	3680.522240483	-0.0393651	0.338254	0.130876	-0.00134248	-0.000458094	0.00180631	0
4342.787920131	3678.775125367	-0.0280731	0.345149	0.086421	-0.00183532	-0.000875394	0.0022285	0
4363.245283341	3681.371895225	-0.0270307	0.35659	0.124227	-0.00220857	-0.000364627	0.00246986	0
4351.069399231	3681.309627384	-0.0270714	0.370782	0.0444397	-0.00384304	-0.00049368	0.00266283	0
4362.214684282	3690.680134086	-0.0152088	0.313442	0.0306231	-0.00272526	-0.000625082	0.00268423	0
4340.207908438	3688.811295383	-0.0157258	0.324209	0.00790763	-0.00310581	-0.000407886	0.00262707	0
4359.972442576	3688.560014512	-0.0174975	0.315468	0.0637386	-0.00184532	-0.000520369	0.00253921	0
4343.98873952	3683.883900473	-0.0199137	0.325205	0.0239325	-0.00218204	-0.000520369	0.00267184	0
4360.965089951	3683.160790055	-0.0288261	0.341718	0.0956966	-0.00138553	-0.000520369	0.00260238	0
4345.449879348	3684.630913708	-0.0158456	0.349606	0.0367408	-0.0023366	-6.34259e-05	0.00287237	0
4366.131016931	3686.830977156	-0.0199883	0.374655	0.0778603	-0.00254125	-0.000225296	0.00266413	0
4347.012645352	3684.424023783	-0.0275985	0.377422	0.0601891	-0.00357021	-0.000451852	0.00271433	0
4358.568792521	3682.795619293	-0.0218606	0.333359	0.0417671	-0.00280423	-0.00058764	0.00260706	0
4343.876430648	3686.80607002	-0.0225665	0.349589	0.00868687	-0.00250913	-0.0001677	0.00280437	0
4354.346878536	3690.829175178	-0.0229366	0.340386	0.0703494	-0.0015547	-0.00021451	0.00264008	0
4332.412773138	3688.737377429	-0.0107402	0.347509	0.0486579	-0.00197058	-0.000216628	0.00270536	0
4355.106193336	3684.793211824	-0.0156101	0.354898	0.0918823	-0.00129964	-0.00034559	0.00256612	0
4343.114726297	3676.491301629	-0.0199049	0.37425	0.0747458	-0.00278531	-0.000367478	0.00262846	0
4350.831990365	3681.097715858	-0.0189056	0.389486	0.0697082	-0.00228936	-0.000293577	0.00255435	0
4347.138167032	3681.034644561	-0.01166	0.38697	-0.000538919	-0.00193968	-0.000335981	0.00306631	0
4349.388561322	3680.615441382	-0.01114	0.328525	0.0859882	-0.00114894	0.000100999	0.00267673	0
4349.829925349	3677.46227823	-0.0103142	0.319533	0.0744584	-0.00103117	0.000289751	0.00295394	0
4342.353162508	3679.381533798	-0.0113187	0.368058	0.0515154	-0.00178588	-0.000304214	0.00276944	0
4358.417126347	3676.850044742	-0.0389159	0.340538	0.0568929	-0.00225731	-0.000272239	0.00242648	0
4363.754679276	3686.220752309	-0.0381082	0.28502	0.0113024	-0.00155791	-0.00103835	0.00168964	0
4373.26087327	3690.014069045	-0.0220457	0.330456	0.00378971	-0.00290197	-0.0011556	0.00167165	0
4355.745187243	3683.219442344	-0.0116942	0.350863	-0.0112397	-0.00243223	-0.000888635	0.00197889	0
4349.99944287	3684.78397208	-0.0166506	0.356727	0.00831173	-0.00225107	-0.000727376	0.00185274	0
4364.240179705	3689.600289195	-0.0107228	0.334289	0.0214089	-0.00189947	-0.000698088	0.00205072	0
4361.613782621	3689.018185308	-0.00935252	0.368345	0.000153409	-0.0020704	-0.000523372	0.00211558	0
4371.935937818	3690.795630889	-0.00743488	0.366643	0.0223461	-0.00180798	-0.000698088	0.00201848	0
4390.046340787	3689.487604488	-0.00620502	0.383076	0.0813422	-0.00181089	-0.00106961	0.00199906	0
4368.524081441	3696.443524985	-0.00535144	0.387725	0.0375915	-0.00213071	-0.000918818	0.00204467	0
4370.323553502	3689.562727626	-0.018975	0.377637	0.0109944	-0.00206198	-0.00114227	0.00192025	0
4347.697321841	3695.358256766	-0.0188266	0.362503	0.0046432	-0.00157333	-0.000803011	0.00178423	0
4365.42806741	3691.51532662	-0.0166888	0.343139	0.0912157	-0.000373196	-0.000532941	0.00178769	0
4335.085555614	3685.983933647	-0.0223113	0.32676	0.0597176	-0.00114972	-0.000641758	0.00178769	0
4350.74610711	3681.6404504	-0.0129292	0.373021	0.0984774	-0.000732453	-0.000589951	0.00161041	0
4327.550178505	3681.042478257	-0.0209084	0.394522	0.0873894	-0.00244107	-0.000702871	0.00167834	0
4345.999335393	3681.890325222	-0.019733	0.370352	0.0355886	-0.00204558	-0.00065479	0.00195321	0
4337.652776183	3682.859092319	-0.0167283	0.399589	0.0479787	-0.000960531	-0.00045635	0.0021606	0
4348.988663024	3675.561502149	-0.0178649	0.343117	0.0858264	-0.000306129	-0.000813723	0.00166773	0
4333.202449286	3686.352920824	-0.0201731	0.378389	0.0971006	0.000106255	-3.77245e-05	0.00227889	0
4369.8151415	3680.926981454	-0.036011	0.36068	0.112197	-5.6347e-05	-0.000483228	0.00192789	0
4347.191580513	3677.269047057	-0.0406498	0.398651	0.0868866	-0.00199311	-0.000801208	0.00173259	0
4360.993061748	3676.178556373	-0.0411857	0.372365	0.0443109	-0.00196349	-0.000734908	0.00175428	0
4338.67929895	3679.271058596	-0.0713685	0.401498	0.0163364	-0.0027276	2.50794e-06	0.0012728	0
4354.938362557	3679.51048849	-0.0566038	0.352354	0.0248164	-0.00136738	-0.000574253	0.0012498	0
4342.600551262	3675.384540961	-0.057973	0.390616	0.012729	-0.00142446	-0.000688223	0.00166741	0
4353.218870155	3675.099916665	-0.0469716	0.365687	0.0598549	-0.00108746	-0.000637422	0.00183978	0
4367.159507564	3691.594667902	-0.0516977	0.317573	0.110474	-0.00453589	-9.82269e-05	0.00328966	0
4370.835198425	3697.601305111	-0.028906	0.300083	0.177683	-0.00730808	0.00129729	0.00530016	0
4335.127864713	3685.148941977	-0.0609991	0.326266	0.126138	-0.00598291	0.000486603	0.00514837	0
4351.734256507	3693.229299175	-0.053353	0.228914	0.1651	-0.00393056	0.000439205	0.00439733	0
4349.774965689	3690.171546425	-0.0604937	0.274861	0.0825122	-0.00382717	-0.000344176	0.00435831	0
4356.637192375	3694.42062359	-0.0458124	0.331472	0.0640913	-0.00438709	0.000339621	0.00372124	0
4328.025980171	3689.960438356	-0.0456441	0.272536	0.0894355	-0.00399527	0.000375984	0.00387166	0
4353.716740022	3696.027736495	-0.0496077	0.315389	0.0690044	-0.00390397	0.000604955	0.00379173	0
4350.274381736	3693.757973237	-0.0463141	0.313694	0.135024	-0.00401692	0.000690449	0.00338635	0
4364.472387786	3693.676422451	-0.0553653	0.314506	0.108601	-0.00451459	0.000405155	0.0035153	0
4360.194249084	3699.835314576	-0.0577667	0.326174	0.0774868	-0.00461477	0.000668432	0.00318238	0
4371.226100768	3698.716903795	-0.0711445	0.318259	0.103099	-0.00354732	0.000800887	0.00386502	0
4353.158288022	3694.099642909	-0.0634201	0.282117	0.11674	-0.0033169	0.00101665	0.0037983	0
4355.834584542	3693.282729001	-0.0648247	0.321895	0.136753	-0.00282167	0.000996663	0.00350111	0
4353.275235433	3691.326916183	-0.0664457	0.319321	0.150028	-0.00209747	0.000807464	0.00366806	0
4349.315890876	3689.583215754	-0.0606709	0.330221	0.113874	-0.00252801	0.000956226	0.00335048	0
4352.616844	3692.098033098	-0.0611977	0.348965	0.157406	-0.00294688	0.000962089	0.00357202	0
4350.672312169	3691.994186408	-0.0606801	0.355646	0.131609	-0.00330111	0.000787389	0.00347024	0
4343.344544827	3681.164402708	-0.0469153	0.339466	0.117214	-0.00297748	0.000707316	0.00326343	0
4338.182272454	3684.581702027	-0.0550477	0.325086	0.121645	-0.00252493	0.000759939	0.00319862	0
4343.533740999	3686.431659514	-0.0696388	0.316577	0.112104	-0.00222562	0.000581975	0.00293932	0
4336.819244756	3684.819123281	-0.0712277	0.323287	0.114727	-0.00211953	0.000547556	0.00335807	0
4342.995108212	3685.801950858	-0.083467	0.237409	0.127271	-0.00286342	0.000332262	0.00333646	0
4336.424828368	3686.646985728	-0.0741207	0.266762	0.158764	-0.00249714	0.000423247	0.00319784	0
4348.131376654	3679.715570639	-0.0326251	0.25722	0.125977	-0.00203083	-0.000214477	0.00276937	0
4337.315709006	3677.660129275	-0.0140687	0.435437	0.121807	-0.00287652	0.000332262	0.00364262	0
4349.016213135	3679.124026144	-0.0266926	0.380867	0.135869	-0.0030148	0.000540906	0.00364262	0
4338.886908717	3681.048303313	-0.0419417	0.395044	0.157214	-0.00415387	0.000430305	0.002945	0
4360.982941299	3683.751731958	-0.0440803	0.339024	0.127385	-0.00263131	0.000179201	0.00319385	0
4352.199375477	3687.846545566	-0.0474097	0.354131	0.101411	-0.00262812	0.0004729	0.00314532	0
4381.842311234	3683.438584974	-0.0639195	0.349741	0.148047	-0.00186079	0.000332136	0.00303608	0
4358.091585237	3683.59586149	-0.0523499	0.339088	0.137921	-0.00192463	0.000147526	0.00303884	0
4366.66191882	3686.453754555	-0.0432764	0.344263	0.140755	-0.00201202	0.000241429	0.00300303	0
4352.432426928	3684.774531472	-0.0476188	0.390434	0.121563	-0.00339419	-0.000164914	0.00319435	0
4350.566750263	3679.46288372	-0.040757	0.399626	0.120818	-0.00304263	-0.000131666	0.00314555	0
4349.494544913	3690.778758313	-0.0428384	0.366171	0.0673321	-0.00278198	-0.000157086	0.0032857	0
4351.16652743	3683.540423024	-0.0381565	0.341832	0.116556	-0.0017396	-0.000117168	0.00319407	0
4333.586182978	3686.1811821	-0.0460974	0.377788	0.113818	-0.00205501	0.000217606	0.00330416	0
4351.688433363	3684.128552831	-0.0441279	0.370842	0.136334	-0.00121126	9.8444e-05	0.00312827	0
4339.521826332	3685.362862143	-0.0320213	0.401121	0.129026	-0.00194989	0.000327285	0.00309833	0
4372.560734984	3702.614870678	-0.0677091	0.330802	0.190923	-0.00165408	-0.000177786	0.0025028	0
4346.282426842	3686.43145865	-0.0535959	0.400327	0.159133	-0.00364679	0.000643291	0.00328786	0
4348.136577441	3681.939938632	-0.0290165	0.37323	0.148426	-0.0036435	0.000826148	0.00343484	0
4339.041526688	3683.912021434	-0.0262966	0.378797	0.1452	-0.0029977	0.000421935	0.00343887	0
4345.046467005	3680.211303004	0.0187773	0.358141	0.16345	-0.00257934	0.000403539	0.00388296	0
4335.68139705	3679.429540296	0.0133882	0.406971	0.135178	-0.00223258	0.000473147	0.00390695	0
4348.258585076	3680.538711332	0.0031695	0.411633	0.167635	-0.00314645	0.000434482	0.00398466	0
4351.194077541	3679.146522912	0.0192564	0.383618	0.165321	-0.00280207	0.000653764	0.00441726	0
4351.032712604	3687.001108969	0.0115967	0.425564	0.171934	-0.00173966	0.000440234	0.00404852	0
4371.365538066	3685.815810474	-0.158117	0.391672	0.238761	-0.00290069	0.000936968	0.00119802	0
4358.972064302	3687.14512846	-0.0695166	0.336383	0.230201	-0.00311789	0.000744891	0.0032916	0
4358.012870633	3681.550865054	-0.0453214	0.393651	0.228758	-0.00256982	0.000759151	0.00363561	0
4352.709614782	3689.104757694	-0.0935386	0.397977	0.255359	-0.00227105	0.00117367	0.00293951	0
4358.30200624	3690.919162252	-0.124051	0.348409	0.254355	-0.00274411	0.00101372	0.00263812	0
4355.57159343	3690.155678169	-0.0781294	0.341112	0.216742	-0.0031938	0.000656128	0.00335782	0
4343.768057507	3686.719095905	-0.0501662	0.420813	0.218875	-0.00366908	0.000592285	0.0038684	0
4336.492016905	3687.953806945	-0.0400709	0.386691	0.22499	-0.00332735	0.000494343	0.00384676	0
4345.776685515	3686.884005254	-0.0320526	0.40213	0.22549	-0.00241953	0.000686169	0.00379301	0
4334.068309925	3690.404146943	-0.0340235	0.435205	0.229496	-0.00249566	0.000686169	0.00415206	0
4341.902099718	3683.818418807	-0.0222002	0.453718	0.22135	-0.0027101	0.000686169	0.00364964	0
4343.591933581	3693.014776418	-0.0271629	0.465507	0.219524	-0.00356876	0.00082547	0.00414238	0
4355.159466255	3695.08066271	-0.0156181	0.403919	0.215774	-0.00250884	0.000599527	0.00363338	0
4364.693772608	3701.663377886	-0.0220873	0.408846	0.198295	-0.00240912	0.000591976	0.00357174	0
4354.297400785	3690.565039011	-0.0168816	0.414046	0.213655	-0.00154246	0.000710642	0.00338941	0
4354.982077274	3696.818136355	-0.027786	0.342901	0.222014	-0.00197629	0.000570808	0.00348999	0
4360.411838738	3687.61956924	-0.0212334	0.41996	0.233072	-0.00172422	0.000656227	0.00384819	0
4347.042866137	3690.867540203	-0.0267783	0.433231	0.225111	-0.00208873	0.000450985	0.00402034	0
4355.782014432	3688.392092204	-0.0341649	0.452701	0.242283	-0.00229196	0.000230988	0.00379023	0
4349.398822333	3684.270161955	-0.0322355	0.41284	0.202667	-0.00200403	0.0001433	0.00343701	0
4349.898097818	3688.115301605	-0.0374069	0.380218	0.207148	-0.00188717	4.50801e-05	0.00355117	0
4344.433195906	3688.014869602	-0.0391214	0.382036	0.223055	-0.0010541	0.000229513	0.00365672	0
4352.981180164	3685.904391501	-0.0300534	0.359417	0.216421	-0.00245134	-0.000450411	0.00349613	0
4358.23144422	3690.823550986	-0.0142009	0.420672	0.174867	-0.00183169	-0.000200707	0.00353688	0
4351.248615516	3683.234908873	-0.00979139	0.387484	0.16263	-0.00226	0.000125916	0.00370083	0
4351.920500882	3682.59435356	-0.0110609	0.402348	0.167477	-0.00182846	0.000125916	0.00366221	0
4358.110561079	3684.039770941	-0.00504915	0.398814	0.172335	-0.00182124	-0.000237541	0.00353066	0
4353.463447673	3682.91633856	-0.00293986	0.415612	0.176958	-0.00175819	-6.4022e-05	0.00336709	0
4368.694020647	3686.162903475	-0.0129363	0.434934	0.17837	-0.00180968	-0.000316421	0.00318912	0
4364.993872034	3684.057446974	-0.0235524	0.450146	0.168671	-0.00293316	-9.35503e-05	0.00355471	0
4364.791463053	3689.090697214	-0.0234082	0.387651	0.159259	-0.00149346	-9.35503e-05	0.0034668	0
4360.994326804	3687.164813133	-0.0147042	0.407706	0.149232	-0.00125916	1.44728e-05	0.00338959	0
4354.687178634	3680.587521285	-0.0190958	0.45321	0.167222	-0.00102506	-5.93249e-05	0.00337196	0
4344.832813081	3681.551869374	-0.0115708	0.40967	0.127511	-0.000735781	0.00012634	0.00316751	0
4361.442578359	3681.394793722	-0.012364	0.45719	0.182632	-0.00140456	0.000373673	0.00266321	0
4351.500080562	3681.10836165	-0.00464481	0.440706	0.162266	-0.00188583	0.000331741	0.00311455	0
4349.96022613	3677.502049303	-0.00464318	0.463215	0.170334	-0.00208998	0.000331741	0.00306858	0
4345.877046634	3682.689964827	-0.00912032	0.408683	0.166341	-0.00144646	9.35238e-05	0.0030534	0
4348.476315292	3676.490096445	-0.014282	0.404611	0.166261	-0.00136012	0.000101785	0.00293871	0
4340.610477411	3679.849145202	-0.00846035	0.410668	0.186501	-0.00123987	2.20836e-05	0.00271205	0
4341.624490178	3677.550658392	-0.00896049	0.432581	0.184777	-0.00158318	0.000553188	0.00305999	0
4347.126781527	3678.578077778	-0.0107612	0.436852	0.183024	-0.00177398	0.000288858	0.00289655	0
4350.773938344	3678.068686661	-0.0115672	0.493979	0.148171	-0.00202591	0.000507455	0.00302432	0
4348.077119803	3678.679112373	-0.0165364	0.412322	0.159661	-0.00160374	0.000536536	0.00304035	0
4358.273331634	3680.555583908	-0.0110115	0.378058	0.158333	-0.0015634	0.000523104	0.00307245	0
4350.03865961	3678.947667547	-0.0161205	0.429728	0.178666	-0.00106635	0.000420116	0.00318994	0
4359.675154386	3679.750922704	-0.0183354	0.417958	0.182846	-0.00073651	0.000464119	0.00336292	0
4357.199017858	3675.902970958	-0.0186097	0.412907	0.194148	-0.000697592	0.000701024	0.00309893	0
4361.661714192	3680.244445564	-0.0120444	0.43852	0.175205	-0.00127365	0.000527059	0.00329417	0
4366.172342098	3685.690471335	-0.0121753	0.479657	0.192165	-0.00224331	0.000369629	0.00333771	0
4362.186853047	3686.405145465	-0.00468406	0.470547	0.155238	-0.00166758	-0.000104496	0.00348281	0
4364.207288246	3687.055543114	-0.00208016	0.467752	0.151471	-0.00113534	-3.767e-05	0.00303527	0
4362.715084262	3693.695303667	0.0136621	0.455292	0.173269	-9.62142e-05	-0.000258599	0.00304145	0
4345.320140814	3687.338560497	0.00886282	0.456184	0.178715	-0.000248521	0.000137404	0.00299979	0
4359.042345198	3690.359956862	0.00908194	0.458745	0.179322	0.000268908	-8.33999e-06	0.00270439	0
4347.680313864	3689.037468252	0.00674073	0.497473	0.183907	0.000120114	-7.08996e-05	0.00277418	0
4355.939162516	3690.611438597	0.0323475	0.522954	0.208825	-0.000707817	-0.00016778	0.00325836	0
4359.498889899	3684.230190018	0.0475046	0.538891	0.204098	-0.000942806	6.8595e-05	0.00346998	0
4355.592537137	3689.252191874	0.0559203	0.522304	0.18872	-0.000738528	-0.000124645	0.00352333	0
4355.113643111	3693.437996877	0.0486077	0.505535	0.179987	-0.000354576	-0.000184077	0.00351251	0
4358.155962538	3687.361860722	0.0592433	0.482491	0.179221	0.000387125	-0.000215483	0.00307158	0
4354.792599978	3683.476949999	0.0500728	0.518297	0.176432	0.00055874	-6.04669e-05	0.00312289	0
4353.320074645	3688.916347257	0.0553975	0.526039	0.193567	0.000499807	0.00011083	0.00305975	0
4355.338120293	3690.232207355	0.0272682	0.521383	0.205829	-0.00056437	-7.43909e-05	0.00303372	0
4349.108562233	3684.816110321	0.0238109	0.510232	0.206491	-0.000857572	1.48303e-05	0.00295489	0
4357.392993131	3684.710455854	0.0169918	0.480867	0.150152	-0.000708426	0.000170048	0.00311358	0
4353.497182503	3685.498445346	0.0184517	0.444471	0.169127	0.000205017	8.32426e-05	0.00299768	0
4362.452233711	3685.829870955	0.017054	0.454553	0.166845	0.000226445	-9.28546e-05	0.00292952	0
4358.997365425	3683.765792438	0.0135674	0.489032	0.198726	-0.000592994	-0.000337905	0.00284871	0
4366.057081429	3696.521661083	-0.0110906	0.494523	0.195421	-0.00104067	-0.00019852	0.00294827	0
4355.768801624	3692.431467347	-0.0529337	0.43862	0.183065	-0.000215226	-5.97836e-05	0.00189463	0
4362.819943359	3688.111284325	-0.0253664	0.390093	0.191454	-0.000476614	-0.000553001	0.00237203	0
4348.839245839	3683.195539528	-0.0067778	0.460246	0.192472	-0.00095639	-8.05472e-05	0.00255844	0
4363.4098812	3691.980728519	-0.0222484	0.461639	0.199531	-0.000625884	-0.000147601	0.00267752	0
4352.511984903	3687.438389908	-0.0364994	0.39354	0.199135	-0.000272586	-0.000309737	0.00241766	0
4372.21059556	3687.968068289	-0.0446984	0.399183	0.189268	-0.00142206	-0.000531647	0.0025796	0
4354.038485964	3688.745612853	-0.027402	0.515371	0.1835	-0.00201554	-0.000287264	0.00300019	0
4362.477815957	3688.560617104	-0.0396944	0.433432	0.179843	-0.00149943	0.000194087	0.00278	0
4351.471405956	3690.366585374	-0.0382114	0.411397	0.171481	-0.00138472	0.000194087	0.00279988	0
4366.155334121	3684.805062801	-0.0416956	0.41479	0.18892	-0.00165935	-2.76966e-05	0.00270538	0
4357.199580105	3692.740195323	-0.0397146	0.437593	0.193143	-0.0018626	7.21406e-05	0.00250871	0
4368.619382335	3682.993872066	-0.0446113	0.420143	0.170184	-0.00120931	0.00023048	0.00246478	0
4368.584523011	3692.959337952	-0.0400425	0.427402	0.176897	-0.00119466	1.17947e-05	0.00276668	0
4381.600966637	3683.249973673	-0.0361095	0.448433	0.2233	-0.000794791	-9.03977e-05	0.00265177	0
4364.536765086	3689.127053599	-0.0268909	0.451887	0.210457	-0.000179887	-0.000104864	0.00264389	0
4368.35147156	3681.911014215	-0.0254519	0.470402	0.205334	-6.35695e-06	8.94469e-05	0.00277587	0
4361.271233534	3683.028219811	-0.0228922	0.50127	0.211971	0.000140205	-0.000141928	0.00266761	0
4355.45633276	3682.772720797	-0.022017	0.488184	0.210699	-0.00047055	-0.000373997	0.00285254	0
4351.869055266	3682.223759471	-0.0230365	0.480019	0.229071	-0.00100673	-8.31794e-05	0.00285106	0
4348.966032575	3682.628902169	-0.0301228	0.498188	0.210844	-0.00207715	0.000207944	0.00293616	0
4344.345766472	3679.840307186	-0.0215949	0.482635	0.177331	-0.000653332	-3.73616e-05	0.00274657	0
4339.563010937	3676.23660607	-0.0109363	0.462524	0.163618	-0.000445755	5.40708e-05	0.00301751	0
4336.382097583	3678.648581044	-0.00733347	0.456005	0.181464	-0.00024245	5.80521e-05	0.00283328	0
4338.451729409	3671.634008257	-0.0148179	0.477447	0.204672	0.000193424	0.000182703	0.00296092	0
4329.493866965	3669.946750614	-0.0112083	0.480007	0.186302	-1.39475e-05	-0.000109405	0.00252632	0
4345.253092839	3669.793692242	-0.00189053	0.507344	0.202528	-0.000505168	0.000320849	0.00293441	0
4344.630825786	3668.854050426	-0.0232083	0.528886	0.188702	-0.00163206	0.000475272	0.00291915	0
4357.34899729	3671.895734056	-0.0082258	0.473125	0.144089	-0.000858517	0.000202467	0.00317496	0
4354.365713816	3672.326989075	0.000571842	0.480839	0.132565	-0.000343607	0.000220231	0.00314569	0
4364.061525668	3669.149320514	-0.000819464	0.459906	0.16526	0.00046246	0.000109893	0.00294359	0
4348.748724045	3674.046384958	-0.00986721	0.458849	0.151699	-0.00023751	0.000220748	0.00320609	0
4371.546441092	3677.209390447	-0.00382601	0.458029	0.174892	-0.000105487	0.000221803	0.00298901	0
4365.760074362	3685.053732439	-0.0230671	0.495079	0.184729	-0.0015652	-5.29901e-05	0.00301291	0
4366.827781734	3681.338953528	-0.0104027	0.460822	0.150192	-0.000920728	0.000212207	0.0027797	0
4356.329924298	3685.870043756	-0.0184895	0.493068	0.131587	-0.000261713	0.000244186	0.00271933	0
4368.661831997	3686.484486747	-0.0146719	0.450148	0.16636	0.000214715	0.000286699	0.00302529	0
4347.805413859	3692.951303392	-0.017174	0.489013	0.157913	0.000392694	0.000240214	0.00290273	0
4354.382721793	3684.681531437	0.00248621	0.507034	0.153781	0.000794032	-0.000165132	0.00277627	0
4346.61949402	3689.800751472	0.00420204	0.551895	0.158533	-0.000525069	4.42719e-05	0.00292186	0
4351.53676719	3694.406964837	0.00563094	0.529182	0.126429	1.04497e-05	-0.000162033	0.00277628	0
4358.022709959	3688.918958489	0.00810169	0.523101	0.118698	0.000288125	-1.30278e-05	0.00286387	0
4361.558822961	3696.475663226	0.000549691	0.434981	0.162321	0.000841905	-0.00012998	0.00275554	0
4361.055611745	3693.696910579	0.00447347	0.458639	0.155329	0.00122996	3.08577e-05	0.00306253	0
4347.257644555	3688.29909217	0.00987344	0.475092	0.159734	0.000890693	-2.94205e-05	0.00297526	0
4366.165173447	3687.855182718	0.00303277	0.49888	0.18397	0.000129364	-8.58149e-05	0.00294291	0
4373.945830882	3698.68456469	-0.0154045	0.511407	0.192651	-0.00213728	0.000186558	0.00321956	0
4385.05948953	3694.700628013	-0.0145934	0.464943	0.182255	-0.00193237	0.000362829	0.00347059	0
4373.749044373	3704.496564678	-0.00825419	0.554762	0.142891	-0.00199637	6.05586e-05	0.00394379	0
4383.296422973	3703.809007189	-0.0340127	0.518617	0.216407	-0.00131271	-2.12451e-05	0.00467035	0
4375.83990103	3695.102356023	-0.0354601	0.485602	0.127428	-0.00103702	0.000321059	0.0044848	0
4369.908333968	3700.0120749	-0.0600386	0.460502	0.109016	-0.000579307	0.000152226	0.00312756	0
4373.315270683	3697.183909708	-0.103316	0.349107	0.157545	-0.000121869	0.000742988	0.0033911	0
4360.353646156	3688.847450904	-0.0807615	0.380145	0.133367	-0.000355691	0.000518513	0.00288729	0
4373.794445832	3696.038181423	-0.0594456	0.45262	0.0334673	-0.00214672	9.73417e-05	0.00314869	0
4360.493224015	3692.412184402	-0.0333438	0.522444	-0.00143574	-0.0019743	0.00035223	0.00303679	0
4356.41721317	3685.192931194	-0.029845	0.519058	0.0795259	-0.000934153	0.000137604	0.00321447	0
4365.228750788	3689.583416618	-0.0287115	0.500099	0.105904	-0.000305876	3.31582e-05	0.00326044	0
4351.44736989	3688.846446584	-0.0344497	0.482823	0.0896807	-0.00021563	5.03068e-05	0.00329807	0
4381.896568086	3682.598571704	-0.0302992	0.457935	0.112683	0.000151854	1.66491e-05	0.00320376	0
4382.984375794	3688.810692791	-0.0377086	0.433884	0.128466	0.000503517	-0.000291568	0.00291775	0
4375.461368124	3693.944776761	-0.0377318	0.433668	0.13345	6.82491e-05	-0.00071858	0.00288086	0
4377.883810047	3684.294064772	-0.0310844	0.449188	0.139502	-0.000495615	-0.000856504	0.00223679	0
4363.759458376	3686.04479544	-0.0389868	0.450007	0.139403	-0.00143443	-0.000636462	0.00283494	0
4355.811532409	3684.266144675	-0.0417093	0.502875	0.148152	-0.000669148	-0.000502049	0.00295437	0
4340.947122903	3683.786883159	-0.0438941	0.484928	0.113917	6.88632e-06	-0.000304857	0.00337491	0
4346.322065268	3682.272971152	-0.0412695	0.48715	0.16311	0.000309176	-0.000326792	0.00311741	0
4327.915779726	3677.368474739	-0.0166833	0.510835	0.145572	0.000596683	-5.97155e-05	0.00294606	0
4349.070891672	3670.706619145	-0.022838	0.515257	0.145806	0.000549664	-0.000394906	0.00292902	0
4334.193269358	3672.743179293	-0.0202469	0.525923	0.143313	6.92355e-05	-0.000242321	0.00300209	0
4349.664202996	3676.730128931	-0.0190673	0.527108	0.171203	-0.000290061	-0.00028295	0.00298081	0
4341.773766801	3683.753941462	-0.0353903	0.499686	0.171303	-0.000339112	-0.000180282	0.00308832	0
4355.671813987	3679.120611456	-0.0415773	0.459314	0.186716	0.000334277	-0.000170934	0.00300194	0
4349.562717383	3672.677095036	-0.039727	0.463579	0.174463	0.000268806	1.55419e-05	0.00349485	0
4351.253956864	3674.146415233	-0.0286006	0.508333	0.191338	0.000110931	-0.000221385	0.00320001	0
4346.626522109	3674.996069975	-0.0127173	0.538013	0.175954	0.00023199	-0.000491959	0.00325051	0
4364.781483166	3689.56292849	-0.0411346	0.393236	0.174969	-0.00028681	-0.000823552	0.00355729	0
4358.733812065	3683.123027622	-0.0513524	0.432179	0.186744	-0.000846245	-0.00130097	0.002723	0
4365.101964052	3684.604198795	-0.0474566	0.543636	0.130758	-0.00144424	-0.000761923	0.00345217	0
4347.026701531	3683.2252674	-0.0420291	0.442226	0.144444	-0.00077559	-0.000901548	0.003619	0
4360.849969843	3692.304119568	-0.0474446	0.485905	0.147804	-0.000806396	-0.000901548	0.00338197	0
4345.849074837	3687.288143632	-0.0430519	0.470197	0.141358	-0.000829307	-0.000487828	0.00356293	0
4365.666038523	3693.723223764	-0.041741	0.485295	0.132238	-0.000439594	-0.000991261	0.00284088	0
4385.361837945	3689.766202863	-0.0324671	0.508686	0.16305	-0.0001631	-0.00099059	0.00287685	0
4373.027540695	3700.129982071	-0.0362397	0.481585	0.151882	-0.000581762	-0.00084433	0.00276183	0
4376.331586178	3691.631827743	-0.0387992	0.484582	0.126449	-0.000316954	-0.000891195	0.00328628	0
4364.699254518	3698.037380866	-0.0353501	0.46869	0.10064	7.67208e-05	-0.000487828	0.00305537	0
4356.326269691	3688.247269256	-0.0381086	0.488165	0.126962	0.000288124	-0.000722656	0.0029601	0
4344.333959281	3688.037768099	-0.0329332	0.485037	0.137278	-0.00011529	-0.000487828	0.00291176	0
4356.390225306	3688.5684508	-0.0391935	0.506639	0.153312	0.00022123	-0.000887694	0.00279547	0
4349.577757494	3685.492017698	-0.0256509	0.525193	0.124078	0.000172878	-0.000702797	0.00317414	0
4361.021595792	3686.867333541	-0.0307852	0.529809	0.158202	-0.00049355	-0.000735422	0.00279486	0
4352.688389952	3687.753545532	-0.0362058	0.512565	0.141324	-0.000858908	-0.000656904	0.0028416	0
4361.398441956	3682.334636402	-0.02257	0.500501	0.110784	0.000633307	-0.000562753	0.00286223	0
4350.199883986	3684.3195745	-0.0166636	0.506149	0.101025	0.000589125	-0.000527677	0.00326365	0
4373.646574827	3683.250174537	-0.0255442	0.478575	0.191166	-1.24116e-05	-0.000209687	0.00374405	0
4340.315016524	3681.448022683	-0.0142803	0.488384	0.176556	-0.000284789	-0.000523569	0.00372434	0
4355.916813191	3678.25066945	-0.0132304	0.522317	0.191639	-0.000319359	-0.000586587	0.00320532	0
4354.843764471	3680.562614149	-0.0137727	0.520503	0.192466	-0.00144716	-0.000281629	0.00328762	0
4362.125708668	3678.114885382	-0.0222403	0.495514	0.204216	-0.00177561	-0.000500695	0.00347318	0
4355.837395778	3673.307808012	-0.0169433	0.521269	0.224396	-0.00100049	-0.000307424	0.0040433	0
4359.567765177	3676.467197948	-0.0054897	0.485992	0.210079	-0.00100827	-0.000579076	0.00365451	0
4361.088081519	3674.871132563	0.00310663	0.509068	0.204284	-0.000301102	-0.000349402	0.00362325	0
4358.563872858	3675.889111341	0.00503599	0.513683	0.207769	5.23432e-05	-0.000586688	0.00379776	0
4364.263512963	3677.063764043	-0.00157433	0.535769	0.207605	-0.00035395	-0.000762103	0.00397863	0
4363.277893677	3674.758648721	-0.00598138	0.508674	0.21224	-0.00131027	-0.000505433	0.00358847	0
4352.1948775	3676.103031507	0.00534323	0.516082	0.187953	-0.0008609	-0.000696672	0.00351147	0
4358.283311521	3680.565827973	-0.000341189	0.48604	0.18589	-0.000300627	-0.000338327	0.00366131	0
4350.892431935	3675.126430714	-0.00273215	0.491215	0.193646	-4.00473e-06	-0.00058564	0.00364884	0
4356.308277782	3680.327402399	-0.0125351	0.522033	0.18417	-0.000423322	-0.000485896	0.00363965	0
4350.556629814	3676.428029467	-0.00262307	0.519501	0.210229	-0.000180915	-0.000600939	0.00357819	0
4355.666191516	3685.438587873	-0.012181	0.539416	0.212047	-0.00143153	-0.000820201	0.00371892	0
4356.637895184	3681.567335902	-0.0159077	0.509823	0.200324	-0.000940855	-0.000882534	0.00350721	0
4359.486801584	3682.11388686	-0.010571	0.520721	0.174517	-0.000281584	-0.000644455	0.00350589	0
4361.158784101	3680.815903659	-0.00390571	0.504051	0.203855	0.000132091	-0.000605771	0.00340131	0
4360.366577841	3684.346289413	0.00151939	0.513801	0.176402	0.0005651	-0.000461768	0.00355693	0
4356.684983384	3682.691571739	0.0027204	0.530918	0.185142	0.0011843	-0.000680138	0.0034844	0
4363.279580419	3683.718187669	0.00636478	0.530692	0.213013	-0.000231447	-0.000497548	0.00344186	0
4368.212315386	3683.860801113	0.0013701	0.527316	0.210422	-0.000132223	-0.000613878	0.0033188	0
4364.886061139	3681.011143472	0.00415469	0.499146	0.165155	2.02561e-05	-0.000732065	0.00333154	0
4357.053958088	3678.156865959	0.00551509	0.531385	0.204767	5.7038e-05	-0.00094626	0.00338093	0
4363.848433991	3678.111068966	0.0106557	0.51228	0.188072	0.000128881	-0.000523715	0.00335029	0
4350.887512272	3678.784365111	0.00696843	0.515355	0.199317	0.000338953	-0.00078499	0.00307389	0
4361.153723876	3674.815894962	0.00335895	0.551559	0.189655	0.00042267	-0.000873415	0.00329331	0
4358.121103213	3684.035351933	0.0042036	0.538231	0.211321	-0.000184403	-0.000704371	0.0028362	0
4373.92601167	3681.896150278	0.00150933	0.552172	0.20765	-0.00056374	-0.00063387	0.00339854	0
4363.621988944	3685.043086647	0.00330137	0.514799	0.189883	-6.84607e-05	-0.00053103	0.00350195	0
4363.00984234	3683.69468658	0.00832419	0.544105	0.171997	0.000333428	-0.00055137	0.00319237	0
4354.680712792	3682.72672294	0.0165096	0.508014	0.175812	0.000722672	-0.000619418	0.00345361	0
4354.495030665	3676.380826426	0.0187856	0.54404	0.193244	0.000476831	-0.000454095	0.00348569	0
4353.358588576	3682.591541464	0.0111916	0.512931	0.203809	-0.00011709	-0.00055859	0.00342451	0
4362.602072581	3678.758654519	0.00662645	0.560094	0.209661	-0.000566631	-0.000626591	0.00357751	0
4352.783409723	3681.512098301	0.0127581	0.525073	0.184252	-0.00033704	-0.000388627	0.00363433	0
4358.263773432	3681.872448326	0.0269798	0.500403	0.188973	0.000548247	-0.000715533	0.00349944	0
4347.260596353	3686.446322586	0.0339612	0.551001	0.189122	0.000428631	-0.000551511	0.00354857	0
4361.116193878	3683.331524459	0.0330636	0.523196	0.18876	0.000674437	-0.00057509	0.00346478	0
4354.772640204	3684.283017251	0.0282801	0.570734	0.215913	-0.000275578	-0.000793591	0.0036079	0
4367.046495883	3685.557901092	0.022647	0.570171	0.219212	-0.000511524	-0.000833751	0.00363914	0
4362.106451702	3687.126849836	0.0199977	0.547439	0.202055	-0.000338889	-0.000787854	0.00371549	0
4366.212823894	3688.489511246	0.0277639	0.513183	0.206053	0.000247522	-0.000676541	0.00375072	0
4364.966321923	3688.61103397	0.025935	0.542036	0.220796	0.000364061	-0.000334459	0.00351144	0
4395.106284176	3704.146659581	-0.00273664	0.520291	0.303726	0.000504785	-7.8426e-05	0.00308409	0
4382.276787733	3687.601893208	0.009531	0.475796	0.240662	0.000892297	-0.000724253	0.00289772	0
4353.424512057	3688.170940934	0.0159933	0.557985	0.231031	0.000395716	-0.000775951	0.0032307	0
4352.617827932	3681.283916791	0.0194628	0.564547	0.239587	-0.000341569	-0.000783648	0.00362034	0
4344.495886466	3683.067589156	0.010446	0.567913	0.191715	-0.000160944	-0.000644575	0.00362258	0
4351.971946498	3683.562718929	0.0249141	0.556797	0.169636	0.000827631	-0.000660259	0.0035881	0
4341.571779506	3676.695781186	0.0136644	0.552376	0.184285	0.00092257	-0.000771305	0.00355456	0
4353.854209455	3678.204069	0.0091977	0.510356	0.202054	0.000673833	-0.000614798	0.00374655	0
4350.91717081	3675.740471978	0.0228911	0.546168	0.201105	0.000727366	-0.00052118	0.00382096	0
4359.837503256	3670.969550128	0.0255695	0.583403	0.205122	3.99159e-05	-0.000611469	0.0037736	0
4363.695221638	3680.717279432	0.0290372	0.543956	0.21729	-0.000276616	-0.000557042	0.00410783	0
4371.378610313	3673.742678583	0.0314896	0.553705	0.155493	-0.000114899	-0.000542389	0.00414735	0
4362.524482472	3674.837186547	0.0365805	0.521833	0.170462	0.000929778	-0.000547368	0.00375002	0
4377.551943656	3675.45122781	0.0283549	0.484627	0.159408	0.00088797	-0.000414634	0.00394201	0
4356.952613036	3673.666751989	0.0368012	0.539606	0.175076	0.000941973	-0.000381475	0.00392569	0
4370.217710473	3672.889408289	0.0216527	0.552859	0.181168	0.000805437	-0.000157444	0.00402714	0
4379.595993236	3692.696206106	-0.00584416	0.480986	0.287786	-0.00237126	-0.000334274	0.00352199	0
4396.523287602	3697.571376374	-0.0451317	0.343478	0.443182	-0.0103382	-0.00159751	0.0039885	0
4354.502902125	3684.14502368	-0.0185261	0.404161	0.442069	-0.00949053	-0.00167163	0.00411663	0
4350.06606916	3686.915741766	-0.0194597	0.381952	0.411705	-0.00860217	-0.00144827	0.00420352	0
4329.779347965	3684.090187806	-0.0125288	0.394173	0.40395	-0.00867408	-0.00182944	0.00446867	0
4333.112208616	3685.481371906	-0.0158111	0.434873	0.437277	-0.00907451	-0.00149624	0.00469711	0
4331.763518221	3690.087384407	-0.0234738	0.428412	0.423158	-0.00939456	-0.00180027	0.00505455	0
4342.547559467	3692.105665931	-0.0321784	0.416758	0.400753	-0.00872252	-0.000928177	0.00485747	0
4350.140707471	3695.878695403	-0.0449212	0.430019	0.348296	-0.00766855	-0.000695241	0.00468691	0
4349.122056165	3692.361968401	-0.0491862	0.398227	0.372673	-0.00710072	-0.000600542	0.00484635	0
4346.516321664	3690.396915839	-0.0407149	0.402046	0.360558	-0.00697872	-0.000893472	0.00483135	0
4364.590740814	3693.03144813	-0.0246025	0.423214	0.385829	-0.00689009	-0.00100296	0.00455305	0
4346.905677828	3690.649602758	-0.0273553	0.474156	0.374588	-0.00673496	-0.000893014	0.00423324	0
4370.650219107	3694.188625664	-0.0366968	0.504982	0.335816	-0.00548316	-0.000733333	0.00451074	0
4371.746601084	3693.523163215	-0.0460252	0.444997	0.300796	-0.00639143	-0.000924734	0.00456154	0
4363.031769979	3687.385562674	-0.0441505	0.420849	0.33179	-0.00614177	-0.00084498	0.00431506	0
4375.097172521	3692.440104499	-0.0576087	0.432433	0.309754	-0.00512006	-0.00105789	0.00414477	0
4361.79018767	3690.134989176	-0.0537984	0.343121	0.340866	-0.00437435	-0.00101433	0.00407529	0
4365.366782468	3692.118320363	-0.0336377	0.436247	0.310475	-0.00659701	-0.001777	0.00439504	0
4363.69465939	3688.390083564	-0.0329741	0.465966	0.325903	-0.00739597	-0.00117899	0.00475328	0
4358.82995633	3685.31204355	-0.0212942	0.453065	0.332134	-0.00670544	-0.000804579	0.0046378	0
4366.596979272	3690.468825153	-0.0370514	0.422257	0.328124	-0.00623771	-0.000812349	0.00430843	0
4365.351320671	3699.020610171	-0.0171175	0.435344	0.32464	-0.00593047	-0.000938597	0.00423419	0
4386.498280033	3690.941458157	-0.00422709	0.452049	0.367023	-0.00601731	-0.00107586	0.00408418	0
4377.122808505	3691.51331798	-0.0207114	0.439995	0.369331	-0.00600337	-0.00129703	0.00416457	0
4377.804673759	3689.314258852	-0.0158637	0.413722	0.317614	-0.00454817	-0.00128434	0.00405274	0
4361.186053088	3692.289858223	-0.0211936	0.4462	0.320145	-0.00476516	-0.000929707	0.00420922	0
4363.081107168	3694.901492018	-0.0168475	0.427754	0.324391	-0.00445705	-0.00108414	0.00407261	0
4345.553754512	3684.381641478	-0.0165797	0.464796	0.318538	-0.00485431	-0.000958535	0.00423036	0
4351.676626173	3685.25640422	0.00259331	0.482134	0.339365	-0.00456648	-0.000775334	0.00395948	0
4343.464022351	3684.196846593	-0.00609389	0.490143	0.338676	-0.00512111	-0.000729783	0.00419513	0
4359.163790586	3684.344682501	-0.00397289	0.481902	0.345605	-0.00566449	-0.000543046	0.00438789	0
4355.130510526	3681.727826242	-0.0128502	0.446245	0.298391	-0.00549001	-0.000518722	0.00428365	0
4346.33401302	3681.417692218	0.00517775	0.44483	0.309417	-0.00468303	-0.000479915	0.00429827	0
4354.948342444	3678.076319493	-0.00175858	0.435009	0.323741	-0.00458915	-0.000678851	0.00437894	0
4339.093956237	3676.974379561	-0.00360537	0.415725	0.329209	-0.00475673	-0.000625898	0.00416921	0
4358.537587803	3677.30781381	0.00499792	0.444166	0.343074	-0.00471807	-0.000781371	0.00417491	0
4348.481234955	3678.809071384	0.00221047	0.496957	0.350007	-0.00501953	-0.000438672	0.00417087	0
4355.206835579	3678.782758199	-3.01148e-06	0.507844	0.323988	-0.004378	-0.000752478	0.00440034	0
4349.264304698	3682.865720831	-0.00143818	0.4562	0.268145	-0.00402343	-0.00067637	0.0040078	0
4352.815176688	3682.711457275	0.0211778	0.472433	0.288957	-0.00371114	-0.000518025	0.00420718	0
4348.428383721	3679.665555502	-0.000947327	0.481809	0.290233	-0.00411273	-0.000389565	0.00441999	0
4357.881445358	3677.866416608	0.00370471	0.472088	0.295781	-0.00374425	-0.00029855	0.00428057	0
4340.072547433	3675.303994495	0.00283071	0.5019	0.309892	-0.00392769	-0.000412437	0.00416288	0
4363.402431425	3683.084662597	0.0183791	0.490484	0.318537	-0.00431665	-0.000527262	0.00415223	0
4357.982228163	3683.598673586	0.00766415	0.515894	0.310849	-0.0048798	-0.000617835	0.00411329	0
4355.774705219	3683.954805467	0.00851896	0.495245	0.312076	-0.00470069	-0.000524995	0.00430791	0
4354.278565505	3685.929097773	0.00889799	0.477254	0.279672	-0.00449211	-0.000584509	0.00399909	0
4359.566921806	3686.443711354	0.0377399	0.465599	0.295204	-0.00360439	-0.000433117	0.00381312	0
4354.622941895	3685.856987595	0.0253361	0.489278	0.283248	-0.00390667	-0.000473974	0.00428439	0
4364.647527778	3685.094708696	0.0363931	0.49391	0.28838	-0.00343429	-0.000341012	0.00418638	0
4359.56172102	3684.750226927	0.0276886	0.522155	0.291816	-0.00374291	-0.000329488	0.00381843	0
4363.895943877	3684.797229104	0.0401129	0.526948	0.311064	-0.00342409	-0.000719637	0.00410605	0
4363.575744114	3687.340167409	0.0306178	0.523292	0.269816	-0.00406692	-0.000560831	0.00417853	0
4363.509961196	3680.441292289	0.0312307	0.50018	0.280381	-0.0033371	-0.0002791	0.00401361	0
4361.942837776	3690.882203275	0.0325437	0.467749	0.260241	-0.00364052	-0.000466677	0.00394132	0
4356.445325529	3681.617150175	0.0429619	0.499102	0.28654	-0.00329355	-0.000778435	0.00419749	0
4356.965263597	3688.191027335	0.032963	0.498443	0.296238	-0.00311237	-0.000612295	0.00396452	0
4365.051080683	3690.456572449	0.0332552	0.49984	0.290721	-0.00300228	-0.000667959	0.00400368	0
4361.847255758	3686.223363541	0.0378056	0.491801	0.285357	-0.00295332	-0.000674958	0.00419945	0
4373.552820112	3690.904900908	0.0378057	0.537553	0.317091	-0.00357719	-0.00087717	0.00410451	0
4358.715679593	3689.011556796	0.056976	0.505821	0.315959	-0.00432615	-0.000899549	0.00457589	0
4368.109705278	3686.556195197	0.0430193	0.506819	0.312227	-0.0043193	-0.00101354	0.00433106	0
4353.408488012	3691.324104087	0.042635	0.493052	0.272559	-0.00373194	-0.00098955	0.00437093	0
4368.371571896	3687.225273198	0.0292873	0.489495	0.31989	-0.00272127	-0.000746637	0.00428933	0
4357.168797072	3686.449938139	0.0370312	0.48929	0.299194	-0.00274872	-0.000809507	0.00432883	0
4366.334128721	3685.097119064	0.0375132	0.50174	0.325716	-0.00233309	-0.000965888	0.00431453	0
4346.697786938	3682.887414144	0.0366592	0.534816	0.313205	-0.00297059	-0.00090934	0.00422661	0
4361.615047677	3686.419005082	0.0312274	0.545497	0.30684	-0.00224862	-0.00102604	0.00434839	0
4353.772683615	3681.108763378	0.0245022	0.603728	0.275553	-0.00236331	-0.00070294	0.00422507	0
4370.805680449	3686.191627028	0.0352982	0.552169	0.237913	-0.00197811	-0.000943538	0.00418059	0
4359.319954737	3682.82755667	0.0410563	0.551466	0.241036	-0.00192038	-0.000893395	0.00440141	0
4364.715419124	3681.844126501	0.0439428	0.545232	0.238962	-0.00165375	-0.00123326	0.0040413	0
4362.040528222	3675.530769956	0.0441889	0.519281	0.237873	-0.000877205	-0.00111503	0.00420879	0
4363.505041533	3676.090778803	0.0437623	0.546737	0.274703	-0.00153861	-0.00133517	0.0039543	0
4362.429743824	3677.41869074	0.0606846	0.526093	0.27041	-0.00230536	-0.00114635	0.00393456	0
4361.552216556	3675.11919961	0.0508007	0.538571	0.2566	-0.00202737	-0.00116484	0.00405857	0
4366.771838141	3682.226169839	0.0530818	0.534185	0.255066	-0.00174668	-0.00100723	0.00399261	0
4365.909350985	3681.344376856	0.0487236	0.512508	0.249532	-0.00128045	-0.000994046	0.00379514	0
4361.614625992	3679.449425832	0.0419549	0.556254	0.25269	-0.00108474	-0.000947056	0.00376678	0
4358.702466785	3673.63019474	0.0401484	0.536557	0.2307	-0.00127089	-0.00101528	0.0035314	0
4356.813737986	3679.335937669	0.0386377	0.566871	0.252787	-0.00181387	-0.00101676	0.0038936	0
4372.954026878	3682.168120141	0.0470616	0.539154	0.233608	-0.00164257	-0.000546345	0.00382583	0
4360.888062089	3686.492521308	0.0509043	0.518733	0.243481	-0.000944685	-0.000546346	0.00383409	0
4368.243379542	3685.599881669	0.0515619	0.513637	0.244059	-0.00130041	-0.000953657	0.0038741	0
4365.663508411	3686.618463039	0.0595393	0.527405	0.262416	-0.00123888	-0.000973712	0.00362352	0
4362.44042652	3688.716085844	0.058324	0.526936	0.252836	-0.00135452	-0.000788171	0.00385055	0
4374.375668842	3687.595063832	0.0530453	0.557717	0.288043	-0.00159669	-0.00115285	0.00391525	0
4366.373626584	3690.155075577	0.0414039	0.558797	0.271632	-0.00229765	-0.000829218	0.00406137	0
4374.563459396	3689.873263378	0.0388931	0.53185	0.275831	-0.00225044	-0.00122878	0.00396023	0
4358.647507124	3689.24897805	0.0498585	0.542185	0.265627	-0.00193804	-0.000784073	0.00410949	0
4366.868544654	3687.661549817	0.0540681	0.52061	0.24475	-0.00118394	-0.00103143	0.00376991	0
4348.898281792	3682.847040479	0.0498726	0.55372	0.242083	-0.000996777	-0.000984779	0.0038216	0
4351.561365503	3685.837704651	0.0463028	0.55952	0.267132	-0.0013886	-0.00110713	0.00371902	0
4352.604052877	3688.867939032	0.0286992	0.540439	0.276442	-0.00256797	-0.0013262	0.0035679	0
4358.713008919	3684.738175087	0.0294369	0.512085	0.289298	-0.00235197	-0.000937325	0.00354133	0
4348.724266293	3684.502963337	0.00132294	0.517885	0.262576	-0.00229234	-0.000820443	0.00350523	0
4367.792316751	3686.785782755	-0.00973204	0.441874	0.257023	-0.00240623	-0.0013527	0.00253771	0
4366.362803326	3688.777951958	-0.0140346	0.545917	0.236556	-0.00334519	-0.00056187	0.00274306	0
4370.271405077	3699.732271341	-0.00830671	0.479115	0.171961	-0.000694721	-0.00108029	0.00210547	0
4364.591303062	3687.054940522	0.00967733	0.597059	0.216795	0.000177626	-0.000859249	0.0026478	0
4362.530807752	3686.959128391	0.0263594	0.608759	0.227352	-0.00198943	-0.0010456	0.00363071	0
4391.201618156	3680.567635749	0.0421622	0.569556	0.248875	-0.00211162	-0.00103037	0.00374101	0
4379.732900421	3692.033555753	0.0425739	0.590255	0.219707	-0.000861649	-0.00132408	0.00354517	0
4386.120028251	3686.690372353	0.0417316	0.610278	0.227237	-0.00102718	-0.00200248	0.00264546	0
4365.165497982	3685.982527599	0.0289114	0.648432	0.233853	-0.0023512	-0.00174609	0.00268267	0
4369.888655317	3690.823149258	0.00999792	0.715304	0.24737	-0.000773636	-0.00165303	0.0030531	0
4357.950039512	3687.949990529	0.023245	0.552361	0.23022	-0.00087796	-0.00164652	0.00326501	0
4364.641905307	3688.406755276	0.0340609	0.475624	0.224316	-0.000398617	-0.00169009	0.00308823	0
4351.084158219	3687.382549714	0.0469175	0.485871	0.22001	-0.000262381	-0.00164765	0.00324797	0
4364.667065868	3678.34849022	0.0534909	0.503833	0.24921	-0.000635587	-0.00157453	0.00316351	0
4344.766608477	3675.081838905	0.0514529	0.584474	0.24274	-0.00121345	-0.00150509	0.0032559	0
4352.25053997	3680.230385084	0.0565308	0.574603	0.212588	-0.00152637	-0.00152025	0.00378826	0
4351.869758075	3678.455149007	0.0507125	0.601185	0.22597	-0.00208843	-0.00096869	0.00363053	0
4365.736600543	3682.546748791	0.0355092	0.58142	0.258657	-0.00156247	-0.00123879	0.00379927	0
4351.349257759	3671.225250007	0.0491999	0.606954	0.258326	-0.00189932	-0.00122432	0.00396542	0
4365.9685275	3677.847334527	0.0430908	0.602577	0.277128	-0.00189859	-0.00127824	0.00420377	0
4361.795388457	3675.498832579	0.0400247	0.569716	0.213415	-0.00137655	-0.0011875	0.00356143	0
4362.468257755	3680.872949036	0.0254786	0.536506	0.212678	-0.00164318	-0.00130467	0.00311155	0
4363.579117597	3675.976688048	0.0114316	0.497083	0.208508	-0.00111506	-0.00134502	0.00274291	0
4368.555848405	3683.900371322	-0.00899413	0.471686	0.243972	-0.00134561	-0.00111855	0.00280766	0
4381.874640446	3687.158586349	0.0032335	0.466178	0.282135	-0.00144039	-0.000683455	0.00336505	0
4378.886999557	3678.162490151	0.0384055	0.506916	0.315735	-0.00110965	-0.000645311	0.00416764	0
4357.764919632	3679.28933722	0.046703	0.556215	0.278479	-0.00186602	-0.00109207	0.00403893	0
4368.10281775	3678.57868037	0.0491439	0.610922	0.309183	-0.00195036	-0.000958438	0.00427534	0
4363.26791379	3680.744195209	0.0555343	0.604823	0.254498	-0.00241898	-0.000825981	0.00437025	0
4369.144661752	3679.403829703	0.0588328	0.589081	0.255004	-0.00209812	-0.00106698	0.00445183	0
4348.10902733	3678.274170538	0.0638162	0.554484	0.22334	-0.00173614	-0.000960076	0.00454953	0
4363.238676937	3681.977500201	0.0492707	0.550701	0.26256	-0.00138089	-0.00112578	0.00426482	0
4341.598486247	3681.519931997	0.0647924	0.541507	0.246189	-0.00127504	-0.000916656	0.00426293	0
4370.202951484	3677.909803233	0.0594115	0.548181	0.275015	-0.000991439	-0.00127068	0.00429975	0
4349.265007507	3686.008840783	0.0589132	0.552372	0.267986	-0.00193971	-0.00109287	0.00428837	0
4378.935493375	3684.680527117	0.0668517	0.559617	0.286157	-0.00213163	-0.00117164	0.00430212	0
4343.624403355	3683.937932891	0.0634097	0.53513	0.258873	-0.00196969	-0.00146796	0.00430853	0
4381.548537089	3684.703827342	0.0767362	0.57699	0.288381	-0.0010177	-0.00134865	0.00454178	0
4355.495268377	3687.996590978	0.0735904	0.554002	0.294341	-0.000882813	-0.00120118	0.00438263	0
4378.538265751	3685.783873098	0.0682829	0.554735	0.308512	-0.000465361	-0.00114553	0.00419539	0
4355.145972323	3679.468708777	0.0740557	0.568062	0.28888	-0.000466957	-0.00110771	0.00434142	0
4372.268928703	3682.269757328	0.0693789	0.622955	0.286773	-0.000125648	-0.0013104	0.00400542	0
4349.254184249	3675.784662059	0.073504	0.58411	0.291441	-0.00133951	-0.00121391	0.00414072	0
4365.667163018	3686.056043824	0.0664768	0.608944	0.291996	-0.00149389	-0.00153971	0.00441236	0
4350.228558591	3681.524752733	0.0831512	0.54583	0.242057	-0.00116788	-0.00126788	0.00432622	0
4360.671878053	3680.190413147	0.079917	0.570663	0.273823	-0.000578067	-0.00115105	0.00455021	0
4346.623289188	3674.288827813	0.0720519	0.553752	0.259211	-0.000414058	-0.00129862	0.00436364	0
4362.105327208	3677.457256629	0.0778989	0.560008	0.261279	-7.37445e-05	-0.00139479	0.00443574	0
4364.016405332	3672.768689022	0.0954132	0.588294	0.271421	-0.000122498	-0.00143826	0.00421542	0
4370.630540456	3680.919147758	0.0791684	0.581305	0.276258	-0.00105584	-0.00165683	0.00431251	0
4365.397424939	3682.210502447	0.078098	0.594106	0.263188	-0.00162725	-0.00143985	0.00425878	0
4365.514091226	3682.291852369	0.0784812	0.598788	0.234542	-0.00146322	-0.0016325	0.0042549	0
4367.97729607	3681.045692081	0.0639061	0.564882	0.20719	-0.00113677	-0.00135317	0.00410375	0
4368.870285134	3686.071108625	0.0494797	0.492089	0.252713	-0.00061019	-0.00144259	0.00395909	0
4368.619944583	3682.163299405	0.0440456	0.483195	0.214011	0.000199113	-0.00156009	0.00381582	0
4368.525065373	3687.810791773	0.0341865	0.478149	0.18025	-0.000219844	-0.00170668	0.0034477	0
4370.64108259	3679.640648365	0.0463734	0.610983	0.177355	-0.00112312	-0.000618002	0.00394235	0
4356.251350256	3684.150447008	0.0517522	0.551835	0.169543	-0.000915164	-0.000801141	0.00386437	0
4371.794532655	3685.351613759	0.0477468	0.55007	0.198738	-0.000926564	-0.000994536	0.00387153	0
4373.012078898	3692.563234134	0.0457487	0.575621	0.191291	-0.000793438	-0.000980281	0.00394346	0
4389.01433611	3693.508701006	0.0451422	0.597856	0.182697	-0.000455778	-0.00137432	0.00392574	0
4379.530913126	3693.842938711	0.0549178	0.608432	0.159567	0.000440966	-0.00136145	0.00348553	0
4386.814825189	3691.561525341	0.0552165	0.570815	0.19929	0.001031	-0.00127443	0.00398014	0
4387.055185853	3695.23613145	0.0562858	0.525129	0.213913	0.000733001	-0.00144121	0.00412392	0
4373.852076167	3690.011056085	0.0574354	0.546342	0.211702	0.000643511	-0.00129506	0.00404875	0
4369.466267132	3687.551074615	0.0628971	0.601476	0.213705	0.000712125	-0.00107309	0.00413174	0
4382.7996776	3690.825961354	0.0519969	0.588544	0.235628	0.00050165	-0.00123201	0.00407906	0
4376.671886277	3696.668291807	0.0554217	0.622858	0.22061	-0.000192403	-0.00123855	0.00404262	0
4392.78799854	3691.934328934	0.0489587	0.573047	0.205935	0.000532212	-0.00118738	0.0040337	0
4365.792263013	3689.169034176	0.0535025	0.564848	0.193566	0.00112765	-0.00093055	0.00405225	0
4381.513115517	3687.513914774	0.0534826	0.575175	0.214912	0.00119794	-0.00107172	0.0039446	0
4357.798232777	3690.379239807	0.074096	0.589549	0.200475	0.00112014	-0.000937286	0.0041496	0
4368.354704481	3682.730941084	0.0840247	0.627563	0.237465	0.000571547	-0.00122302	0.00402587	0
4357.151929657	3688.642971346	0.0749934	0.607945	0.226392	-0.000787541	-0.00155057	0.00431412	0
4380.418701405	3685.199559707	0.0485096	0.646651	0.210688	-0.00131622	-0.00144224	0.00411329	0
4360.312039865	3688.741394709	0.0453915	0.599354	0.192802	0.000351168	-0.00162307	0.0038305	0
4376.989134241	3689.272278274	0.0279278	0.56804	0.176024	0.000328907	-0.00143071	0.00351259	0
4362.019443953	3692.722720154	-0.0421768	0.528538	0.198802	0.00135367	-0.00156059	0.00223079	0
4375.978073271	3685.037462455	-0.0337229	0.469116	0.21198	0.00148146	-0.00140141	0.0022227	0
4353.994490123	3684.209701889	-0.00302689	0.48347	0.224102	0.00122495	-0.00168654	0.00270945	0
4390.806077273	3685.636438918	0.00874052	0.516949	0.248699	0.000186193	-0.00144949	0.00360072	0
4387.52086707	3695.000317108	0.0573247	0.457522	0.421364	-0.00781189	-0.000990266	0.00486242	0
4367.535932043	3683.977302236	0.0745446	0.6035	0.399346	-0.00675953	-0.00162657	0.005085	0
4354.231477304	3687.212618766	0.0698995	0.574988	0.353942	-0.00619861	-0.00119156	0.00472103	0
4365.312525616	3690.497146978	0.0845537	0.561313	0.304291	-0.00490289	-0.00105151	0.004646	0
4344.703496233	3692.310145488	0.0697004	0.56906	0.301513	-0.00429376	-0.00108164	0.0046761	0
4360.091920099	3685.298786525	0.0721032	0.557	0.295277	-0.00398065	-0.00140261	0.00457984	0
4345.704999001	3691.661756479	0.0626756	0.559507	0.292268	-0.00407212	-0.00106143	0.00439183	0
4371.731279849	3686.163305203	0.0648995	0.570658	0.306387	-0.00382784	-0.00115807	0.00455524	0
4358.044215913	3687.771623292	0.0601472	0.585928	0.313756	-0.00400135	-0.00167701	0.00442943	0
4373.477197868	3689.01075334	0.0669902	0.565494	0.296356	-0.00416148	-0.00204448	0.00486687	0
4360.367842897	3684.242643586	0.0522456	0.579608	0.263387	-0.00375667	-0.00130457	0.00461024	0
4374.85948253	3690.889032652	0.046654	0.53389	0.294241	-0.00311929	-0.00151877	0.00415572	0
4350.386690607	3687.532595126	0.0500144	0.572436	0.289872	-0.00296814	-0.00159614	0.00423007	0
4361.454244987	3684.319172772	0.0587749	0.549435	0.292256	-0.00254922	-0.00146565	0.00433435	0
4353.5722425	3684.803857617	0.0661446	0.592757	0.308363	-0.00286001	-0.00160447	0.00445067	0
4364.616041937	3686.488504028	0.0745094	0.577804	0.314767	-0.00281989	-0.00171285	0.00442559	0
4355.421754559	3682.685144091	0.0653063	0.590367	0.334148	-0.00332459	-0.00130622	0.00472233	0
4360.712500411	3683.929496602	0.0519858	0.601255	0.308317	-0.00332682	-0.00106655	0.00484598	0
4356.196531157	3685.642665702	0.0675267	0.529448	0.272176	-0.00323518	-0.00135895	0.00455682	0
4359.757101911	3677.684835547	0.0749329	0.557665	0.290109	-0.0025804	-0.00121829	0.00468475	0
4351.917830208	3679.532181802	0.0722019	0.539134	0.28051	-0.00263921	-0.00108103	0.00444865	0
4351.794979202	3679.059548798	0.0725365	0.578125	0.264758	-0.00180016	-0.00149325	0.00461568	0
4357.348435043	3679.103337151	0.09058	0.608682	0.256071	-0.0020711	-0.00174087	0.00442201	0
4356.417915979	3677.122014605	0.0908191	0.643992	0.259773	-0.00203804	-0.00161403	0.00472948	0
4378.158467789	3686.226979093	0.0794037	0.599469	0.22455	-0.00241709	-0.00183604	0.00469027	0
4370.995438868	3685.292760605	0.0998219	0.58044	0.197145	-0.00110386	-0.00188691	0.00465775	0
4370.004759358	3683.673796724	0.0975797	0.599945	0.201749	-0.00171397	-0.0019373	0.00477565	0
4362.991288183	3690.67230039	0.111898	0.606999	0.233401	-0.00141082	-0.00198704	0.0046046	0
4372.646196553	3690.357747358	0.117075	0.592492	0.234217	-0.00162783	-0.00198758	0.00435799	0
4375.06104814	3688.290856745	0.109022	0.617855	0.26528	-0.00193666	-0.00172817	0.00447325	0
4376.40074258	3692.359758897	0.103204	0.604487	0.235924	-0.0021443	-0.00178189	0.00453598	0
4373.599064941	3692.701830298	0.103645	0.609265	0.232712	-0.00134554	-0.00199901	0.00427097	0
4378.417523172	3695.876485899	0.0917229	0.58907	0.216901	-0.0012116	-0.00183893	0.00431476	0
4383.81861003	3705.363694588	0.0715713	0.551645	0.254931	-0.00102225	-0.0013657	0.00394028	0
4376.229397755	3698.590560336	0.0714098	0.540497	0.258881	-0.000804123	-0.00151209	0.00389452	0
4377.300338049	3707.53684226	0.0667574	0.509929	0.201921	0.000246457	-0.00211598	0.00345099	0
4370.621263377	3688.883204697	0.0814394	0.623728	0.195975	-0.00107529	-0.00221988	0.00376452	0
4377.803830388	3694.902697202	0.102353	0.617045	0.18842	-0.00115354	-0.00146995	0.00417443	0
4357.462711779	3694.889641042	0.0879895	0.62169	0.212778	-0.00139844	-0.00173422	0.0039601	0
4374.445106367	3690.564235555	0.0816749	0.582693	0.183691	-0.00099876	-0.00155138	0.00433696	0
4370.196063957	3696.058066959	0.0885069	0.563924	0.193049	-0.000728666	-0.00136658	0.00398379	0
4388.10209008	3697.548076149	0.0895761	0.55287	0.216393	-0.000166061	-0.00146314	0.00397125	0
4360.266497845	3684.940846868	0.0787359	0.579903	0.211007	-0.000861214	-0.00156045	0.00344096	0
4384.819128866	3682.582703448	0.0657202	0.615397	0.341659	-0.000822135	-0.00192059	0.00373127	0
4343.937575028	3666.749397381	0.0381204	0.625264	0.394342	-0.0017092	-0.00150459	0.00470529	0
4363.099099078	3661.23065884	0.078812	0.665317	0.317518	-0.00153885	-0.0012765	0.00495946	0
4368.652414357	3679.674594382	0.085944	0.670021	0.220327	-0.00131839	-0.00156871	0.00461681	0
4366.5740677	3673.07299799	0.0983596	0.610048	0.235864	-0.000695887	-0.00154256	0.00427651	0
4360.198465937	3669.691653328	0.103918	0.653599	0.211159	-0.00079002	-0.00158923	0.00416279	0
4380.678600158	3669.607089581	0.103279	0.654328	0.248751	-0.00081668	-0.00162209	0.00408426	0
4391.134991866	3679.613129996	0.0914434	0.662946	0.329768	-0.000612111	-0.00181564	0.00394092	0
4414.729272589	3694.380651653	0.0662532	0.69585	0.392022	-9.31167e-05	-0.00139355	0.00557402	0
4447.140151155	3718.828613172	0.0818635	0.62703	0.305533	0.00027633	-0.00260345	0.00586549	0
4445.041282476	3713.352658664	0.0704361	0.580351	0.364536	1.36183e-05	-0.00285311	0.0051375	0
4409.79794324	3692.222568782	-0.0091742	0.558817	0.399747	-2.76511e-05	-0.00160554	0.00557324	0
4392.744705509	3685.780659273	0.015736	0.518209	0.366685	-0.00114518	-0.00169258	0.00595723	0
4377.316362093	3683.728431733	0.0274737	0.653765	0.326219	-0.00135777	-0.00151081	0.005238	0
4367.448783732	3678.635123155	0.0409499	0.657596	0.320498	-0.00122994	-0.00136465	0.00465497	0
4375.115023868	3682.568843832	0.0443841	0.675274	0.274761	-0.000583408	-0.00146448	0.00524638	0
4353.57927059	3682.302699025	0.0422916	0.707952	0.260467	-0.000103497	-0.00162781	0.00499501	0
4370.941884825	3674.561199404	0.0490111	0.690013	0.288552	0.000239984	-0.00170686	0.00523041	0
4350.244863759	3676.872742374	0.0606182	0.689768	0.281224	-0.000224435	-0.00166737	0.00547361	0
4364.98965518	3678.233796873	0.0594717	0.678626	0.288839	1.87656e-05	-0.00166794	0.00520778	0
4366.678505111	3682.260517584	0.0680359	0.684723	0.305285	-0.000350411	-0.00184919	0.0049511	0
4372.307723758	3682.234204399	0.0558712	0.64993	0.267288	-0.000555299	-0.00187469	0.00474498	0
4360.92109411	3687.853374942	0.0575046	0.638887	0.273098	7.40083e-05	-0.00180354	0.0046323	0
4368.717916152	3689.616760043	0.0629889	0.625559	0.262306	0.000576299	-0.0018595	0.00470041	0
4358.914433967	3684.353721381	0.0662522	0.644657	0.280129	0.000542567	-0.00175987	0.00466034	0
4350.787572838	3684.136185664	0.0723061	0.663707	0.261671	0.000789206	-0.00165057	0.00466073	0
4361.246494659	3680.63994679	0.0725026	0.738349	0.269607	0.000671637	-0.00182499	0.00458012	0
4352.16662458	3687.111985899	0.0470768	0.735114	0.25968	0.000503565	-0.00168372	0.00457107	0
4375.064843308	3685.305816765	0.0637359	0.735407	0.239339	0.000101053	-0.00185345	0.00458098	0
4358.899674979	3684.647987149	0.059644	0.751433	0.24639	0.00129133	-0.00175629	0.00496099	0
4362.451812025	3686.89686055	0.0366975	0.672897	0.223628	0.00110459	-0.00153073	0.00466225	0
4359.927884488	3686.223564405	0.0307497	0.630301	0.251876	0.001164	-0.00142912	0.00424255	0
4361.79876194	3688.721710036	0.0393579	0.655533	0.261903	-0.000420706	-0.00166063	0.00407051	0
4384.771478418	3691.491022075	0.0270517	0.646995	0.302911	-0.00196672	-0.00218865	0.00432277	0
4360.279007844	3689.468924135	0.0543989	0.623894	0.259993	-0.00142888	-0.0021854	0.00448007	0
4384.020737887	3689.882302258	0.0676998	0.677517	0.313838	-0.0015617	-0.00251092	0.00468081	0
4387.491770779	3694.517640904	0.0475531	0.638033	0.396973	-0.00298699	-0.0023168	0.00576163	0
4381.451690014	3696.88361802	0.0606411	0.605744	0.459514	-0.00554168	-0.00298854	0.00584197	0
4376.563513135	3692.577093751	0.038184	0.642708	0.535065	-0.00754595	-0.00300504	0.00590449	0
4357.761827273	3696.693198944	0.0170848	0.606829	0.553294	-0.00827137	-0.00350797	0.00604796	0
4352.405720188	3691.91002439	0.00693855	0.567097	0.60436	-0.0107007	-0.00379386	0.00609545	0
4332.194480675	3686.777346467	-0.00170075	0.54673	0.580906	-0.0105061	-0.00332022	0.00602633	0
4343.665025713	3686.991869224	0.00580438	0.566715	0.584804	-0.00958915	-0.00347988	0.00565754	0
4325.13153175	3686.306119511	0.0166758	0.55742	0.592682	-0.00959795	-0.00329077	0.00572378	0
4352.276403339	3687.538420182	-0.0123771	0.533766	0.683059	-0.0122343	-0.0038349	0.00544564	0
4333.355521078	3692.429860435	-0.0183641	0.528398	0.760829	-0.0148394	-0.00395234	0.00544735	0
4345.836986523	3692.549374518	0.00166921	0.528847	0.695726	-0.0124501	-0.00393373	0.00559909	0
4332.032131806	3682.542128919	-0.00811329	0.554753	0.644543	-0.0109583	-0.00340436	0.00581057	0
4343.185288317	3678.729730102	0.00934623	0.536766	0.615151	-0.00991104	-0.00339484	0.0055335	0
4338.526086597	3681.128849779	0.0119003	0.543001	0.593213	-0.00903611	-0.00323033	0.00538841	0
4341.250033564	3675.881880237	-0.000209921	0.550027	0.623429	-0.00876807	-0.00336551	0.00518337	0
4341.185937387	3682.245653647	0.0112918	0.573134	0.570364	-0.00757761	-0.00328131	0.0049403	0
4356.944741576	3680.490303107	-0.0120747	0.516199	0.607459	-0.00767774	-0.00358203	0.00500947	0
4361.667617788	3690.175563705	-0.00520125	0.517975	0.51079	-0.00869176	-0.00391515	0.00506477	0
4359.688086071	3687.722210747	-0.00197921	0.532825	0.520357	-0.00991916	-0.00348749	0.00553962	0
4341.439370298	3685.855983275	0.0107615	0.535119	0.480543	-0.00880739	-0.00368996	0.00543055	0
4361.00346332	3682.631312537	0.0104967	0.547467	0.463119	-0.00797436	-0.00321172	0.00567229	0
4348.044650029	3686.74942637	0.0221153	0.556801	0.497722	-0.0083445	-0.00314212	0.00552842	0
4360.155594591	3686.079544913	0.0259395	0.560326	0.508096	-0.0082743	-0.00372138	0.00522806	0
4356.169543293	3690.080354167	0.0240538	0.546443	0.487343	-0.00815188	-0.00320667	0.0053609	0
4367.905890679	3696.585535837	0.0264322	0.529176	0.476888	-0.00777559	-0.0030156	0.00545147	0
4372.613586217	3703.484812685	0.0088036	0.502633	0.496048	-0.00655813	-0.00294089	0.005197	0
4378.191078125	3696.61626803	0.0431798	0.609404	0.507753	-0.0058265	-0.00278632	0.0056069	0
4366.591637924	3694.981435892	0.0479147	0.701458	0.53406	-0.00603522	-0.00318652	0.00587551	0
4353.040778364	3690.750637352	0.0496295	0.686329	0.53499	-0.00761688	-0.00282446	0.0066382	0
4372.368727576	3688.737377429	0.0678562	0.637912	0.521714	-0.00669702	-0.00323237	0.00613336	0
4348.126878677	3688.476856814	0.0594271	0.64009	0.493005	-0.00661262	-0.00325374	0.00560213	0
4353.734029123	3686.057048145	0.0545425	0.632187	0.514947	-0.00707308	-0.00343306	0.00549937	0
4333.212288611	3694.822954192	0.0469615	0.588531	0.451397	-0.00607828	-0.00319598	0.005145	0
4346.730678397	3687.648292793	0.0400021	0.541883	0.448723	-0.00608519	-0.00311586	0.00502117	0
4333.401063098	3680.956910191	0.0468964	0.547306	0.470302	-0.00625636	-0.00322909	0.00500335	0
4343.654764702	3685.085468952	0.0372705	0.533404	0.472938	-0.00605207	-0.00318023	0.00491503	0
4343.593058076	3676.132960244	0.0481359	0.564624	0.481362	-0.005722	-0.00294165	0.00513448	0
4350.017013094	3679.392380455	0.0331034	0.578905	0.482721	-0.00660647	-0.00301448	0.00499634	0
4355.147096818	3678.044181252	0.0369539	0.643438	0.483898	-0.00710498	-0.00328437	0.00523593	0
4363.761426242	3680.152248986	0.047858	0.602429	0.440991	-0.00634211	-0.00293254	0.00508232	0
4358.971783179	3680.964342159	0.0576675	0.571119	0.450224	-0.00650037	-0.00316259	0.00510438	0
4362.019022268	3686.093203665	0.0479322	0.567291	0.460306	-0.00608734	-0.00315712	0.00514868	0
4384.272343495	3685.354626719	0.0413522	0.55272	0.451253	-0.00569294	-0.00316913	0.00500097	0
4376.132972366	3690.267961148	0.0455802	0.567415	0.465918	-0.00578526	-0.00304904	0.00442319	0
4382.626786595	3690.379440671	0.033435	0.566509	0.478776	-0.0061715	-0.00339706	0.00428891	0
4363.58403726	3687.452450388	0.0282048	0.600957	0.414146	-0.00631125	-0.00328029	0.00460428	0
4370.870338873	3692.55299007	0.0358391	0.527826	0.45688	-0.00586417	-0.0034601	0.00425238	0
4361.580891162	3691.446831994	0.0400329	0.540291	0.454401	-0.00568154	-0.00339396	0.00436982	0
4367.239908909	3694.411785573	0.0420901	0.585456	0.449817	-0.00499362	-0.00334232	0.00434997	0
4367.506976313	3694.667686316	0.033324	0.521261	0.440892	-0.00367755	-0.00320558	0.00420952	0
4366.5740677	3688.943263034	0.0361982	0.54357	0.400401	-0.00332764	-0.00371417	0.00358365	0
4361.751111492	3692.180588205	0.0389022	0.714777	0.378994	-0.00370827	-0.00330487	0.00411638	0
4357.876385133	3690.344088606	0.0600012	0.627054	0.374586	-0.00401807	-0.00295211	0.00438758	0
4362.827252572	3697.74170905	0.0543132	0.585748	0.423025	-0.00574841	-0.00345194	0.00465312	0
4396.070959755	3704.641990218	0.0399054	0.424358	0.625983	-0.0138451	-0.0046978	0.00504854	0
4364.313693522	3698.702039859	0.0244354	0.391853	0.736197	-0.0174773	-0.00549867	0.00484261	0
4364.082609936	3694.276001506	0.0410628	0.421082	0.680894	-0.0160301	-0.00528556	0.00517613	0
4348.923020667	3689.136695071	0.0364361	0.421388	0.686752	-0.0149939	-0.00496529	0.00496998	0
4350.58924015	3692.24004395	0.0369091	0.435339	0.665408	-0.0136279	-0.00499162	0.00492487	0
4367.297820367	3684.076127326	0.0390994	0.464255	0.692899	-0.0135614	-0.00450221	0.00516568	0
4348.564447536	3690.007038805	0.0411514	0.502121	0.683657	-0.0143258	-0.00475707	0.00515346	0
4355.696552863	3684.125138143	0.0409612	0.53784	0.674426	-0.0145546	-0.00479999	0.00517949	0
4350.779560816	3690.7520434	0.0429398	0.507613	0.616015	-0.012413	-0.00489782	0.00498152	0
4344.430244109	3679.873248883	0.0507167	0.521075	0.655948	-0.0123986	-0.00457458	0.00523876	0
4334.218148795	3686.589136894	0.0424518	0.502488	0.621354	-0.0117167	-0.0042867	0.00524939	0
4341.022464023	3679.125231328	0.0371243	0.50889	0.668432	-0.0124856	-0.00437681	0.00525766	0
4337.298701029	3685.910216557	0.0392143	0.462074	0.692173	-0.0140723	-0.00448948	0.00526903	0
4351.426145059	3682.786379549	0.0232758	0.479089	0.739313	-0.0145525	-0.00506317	0.00509896	0
4332.087091466	3680.489298787	0.0288379	0.431159	0.689999	-0.0139933	-0.00513705	0.00500316	0
4349.532215474	3678.485680336	0.024304	0.443288	0.703066	-0.0137093	-0.00478357	0.00503347	0
4331.93205181	3680.238017916	0.0397466	0.442969	0.683436	-0.0127633	-0.00494677	0.00494694	0
4362.686831342	3676.986029673	0.0388493	0.490131	0.686821	-0.0121882	-0.00456919	0.00529893	0
4332.024822592	3677.16138395	0.0408416	0.49944	0.644799	-0.0115704	-0.00461759	0.00542181	0
4359.999852125	3670.499126628	0.0451236	0.522759	0.691724	-0.0121075	-0.00478768	0.00516331	0
4333.337107483	3675.496221347	0.0337957	0.525327	0.634859	-0.010797	-0.00478768	0.0053226	0
4355.320971754	3674.687944591	0.0398978	0.545098	0.627618	-0.0117078	-0.00516872	0.00518618	0
4340.191322147	3687.92849808	0.0305004	0.535604	0.700724	-0.013769	-0.00436792	0.00556551	0
4370.224738562	3690.893250796	0.0392805	0.419131	0.726802	-0.0137684	-0.00454844	0.0053155	0
4325.567132744	3673.749307095	0.0348409	0.466633	0.764525	-0.0156104	-0.00504321	0.00531551	0
4376.516987182	3685.17565689	0.0284667	0.396846	0.839245	-0.0162984	-0.00524477	0.00560479	0
4344.930081841	3683.643265395	0.0340558	0.347723	0.875397	-0.01756	-0.00565136	0.00603061	0
4346.543871775	3680.937426382	0.0460664	0.451477	0.86919	-0.0171843	-0.00648153	0.00620126	0
4335.06798539	3680.565827973	0.0497788	0.491996	0.841251	-0.0174502	-0.00647582	0.00616999	0
4369.843816106	3699.851383696	0.00858497	0.501447	0.97277	-0.0184889	-0.00637996	0.00607494	0
4338.910804222	3691.072823216	0.0075791	0.384886	0.912725	-0.017529	-0.00601949	0.00556938	0
4343.403721342	3686.581704926	0.0103982	0.43057	0.882838	-0.0163033	-0.00647582	0.00545118	0
4339.114899944	3691.090097521	0.0167616	0.403951	0.906573	-0.0158017	-0.0055989	0.00551139	0
4345.549959344	3683.624785907	0.0207163	0.438186	0.844303	-0.0142351	-0.00567785	0.00538433	0
4348.910510668	3684.012855164	0.0155918	0.467001	0.879335	-0.0158008	-0.00548596	0.00544823	0
4356.274542951	3688.233208776	0.0174852	0.484649	0.821764	-0.0155766	-0.00539455	0.00550799	0
4349.798439508	3690.189222458	0.0191272	0.469855	0.804346	-0.0149139	-0.00537756	0.00550798	0
4350.764801828	3691.952607559	0.00276128	0.431215	0.745626	-0.0134847	-0.00527665	0.00550799	0
4345.444678562	3688.857694968	0.0220969	0.463919	0.750145	-0.013696	-0.00500986	0.00547001	0
4348.096095645	3687.431359668	0.02603	0.453862	0.71783	-0.0131669	-0.00530577	0.00551094	0
4350.430686448	3682.074919243	0.0248913	0.465154	0.747225	-0.0133849	-0.00531846	0.00518383	0
4348.832217749	3688.609226194	0.029222	0.501092	0.727579	-0.0126848	-0.00539795	0.00551093	0
4358.233974332	3690.636747461	0.0323571	0.5265	0.79712	-0.015006	-0.00581626	0.00527664	0
4358.206143097	3692.187819309	0.0390191	0.448242	0.769596	-0.01493	-0.00625451	0.00500898	0
4347.333969608	3685.615749925	0.0439867	0.438968	0.770489	-0.0143352	-0.00586963	0.00512489	0
4350.183578818	3685.275084573	0.0371854	0.472365	0.767549	-0.0140512	-0.00561833	0.00551093	0
4352.575799956	3682.401323251	0.0685505	0.424291	0.739944	-0.013135	-0.00519203	0.00507193	0
4353.690595529	3683.936727706	0.0629888	0.491054	0.736868	-0.012919	-0.00546633	0.00501063	0
4358.833610937	3682.87917872	0.057249	0.472396	0.783348	-0.0141056	-0.00586551	0.00515298	0
4362.501992585	3685.434771457	0.0511261	0.48012	0.733483	-0.014506	-0.00550721	0.00480514	0
4354.821415146	3683.584613106	0.0587777	0.476491	0.694267	-0.0123366	-0.00542852	0.00501749	0
4356.645063835	3680.961329199	0.059922	0.490714	0.693539	-0.0119358	-0.0053129	0.00451594	0
4361.847677443	3684.787788496	0.0645987	0.454203	0.713863	-0.0118501	-0.00540722	0.00488486	0
4355.312256923	3686.493324764	0.0488075	0.481836	0.706966	-0.0120614	-0.00551393	0.00500847	0
4349.98215377	3682.376817843	0.0502368	0.519173	0.721272	-0.0126652	-0.00497524	0.00485808	0
4347.58431016	3681.984329577	0.0568719	0.497014	0.634058	-0.0110358	-0.00479455	0.00477513	0
4340.292526637	3681.291348759	0.0678326	0.484114	0.647204	-0.0117641	-0.00479455	0.00501604	0
4345.721304169	3682.058649259	0.0724933	0.49404	0.673807	-0.0111914	-0.00492871	0.00442778	0
4344.941607908	3684.959527221	0.0795592	0.488307	0.647436	-0.0102051	-0.00455101	0.00496216	0
4344.147714907	3677.987738467	0.0813829	0.514996	0.687642	-0.0111436	-0.00525757	0.00472539	0
4349.841170293	3681.145320627	0.0600793	0.494736	0.678473	-0.012199	-0.00517503	0.00507903	0
4352.106042447	3686.374815001	0.0497279	0.515693	0.693375	-0.0124296	-0.00530772	0.00507903	0
4365.6234483	3681.768199907	0.0504536	0.481092	0.650101	-0.0116922	-0.00501693	0.00485259	0
4359.956559093	3684.023902685	0.0484384	0.426796	0.687261	-0.0115661	-0.00501693	0.00495727	0
4361.218663424	3680.064069688	0.0577832	0.517566	0.648567	-0.0111377	-0.00512271	0.00469068	0
4361.74309947	3696.734175201	0.0521099	0.463786	0.629653	-0.0102108	-0.00500287	0.00480063	0
4376.125663153	3687.508491445	0.0544824	0.439294	0.516253	-0.00813375	-0.00533912	0.00457493	0
4359.733768653	3679.839905458	0.0491022	0.581766	0.545944	-0.00969443	-0.00485732	0.00525633	0
4358.318030284	3686.548562365	0.0565541	0.475024	0.577525	-0.00988336	-0.00482376	0.00503317	0
4355.564705902	3684.795622192	0.0615605	0.466613	0.522913	-0.00848151	-0.00447376	0.0048956	0
4369.576045892	3686.478661691	0.0626094	0.475678	0.5669	-0.00997625	-0.00451232	0.00477443	0
4376.42112404	3690.563231235	0.061808	0.479396	0.555661	-0.0108112	-0.00487255	0.00523432	0
4373.014749572	3691.015978703	0.0674974	0.495878	0.557546	-0.0103666	-0.00474349	0.00513587	0
4372.106017587	3691.650307231	0.07346	0.501377	0.539828	-0.00954547	-0.00419559	0.00518438	0
4375.362553184	3690.897067212	0.0734703	0.455577	0.556593	-0.00883996	-0.00434412	0.00511302	0
4365.793528069	3694.004031643	0.0714735	0.515615	0.52745	-0.00785325	-0.00430138	0.00505742	0
4385.686676246	3686.305918647	0.0708922	0.513067	0.567995	-0.0084955	-0.00438238	0.00515101	0
4365.453790217	3688.654420595	0.0646774	0.533805	0.547338	-0.00884126	-0.00444734	0.00548676	0
4378.598004513	3685.521745571	0.0705341	0.557091	0.572458	-0.00955231	-0.00460169	0.00557639	0
4364.785418896	3691.555298557	0.0703287	0.517915	0.510328	-0.00959566	-0.00427719	0.00547605	0
4362.909621782	3683.957818427	0.0819358	0.531658	0.542684	-0.0090751	-0.00453655	0.00531574	0
4338.03454201	3684.260118755	0.0963417	0.468937	0.532204	-0.0088484	-0.00364702	0.00512365	0
4355.266152656	3683.545645489	0.0811172	0.499991	0.546081	-0.00853103	-0.00417585	0.0051408	0
4332.495564034	3681.3184654	0.0866162	0.497683	0.548208	-0.00889648	-0.00420192	0.00516669	0
4359.062586096	3676.080735602	0.0789057	0.53033	0.597761	-0.00985837	-0.00488172	0.00540367	0
4337.987734933	3678.487488112	0.0852981	0.529426	0.555393	-0.0103345	-0.0048549	0.00533442	0
4349.800407373	3676.388660122	0.103525	0.543159	0.546301	-0.00917271	-0.00464167	0.0052801	0
4341.562924113	3678.398103629	0.10307	0.502305	0.558525	-0.00867981	-0.00461799	0.00480622	0
4359.175457215	3678.052617541	0.108001	0.488557	0.549005	-0.00866055	-0.00481096	0.00555665	0
4341.825634103	3674.524240427	0.107677	0.531053	0.558917	-0.00834321	-0.00458872	0.00521138	0
4378.813626302	3673.390764846	0.0954749	0.517966	0.580012	-0.00884114	-0.0044444	0.00538687	0
4357.648393907	3675.672981672	0.0933925	0.518957	0.552791	-0.00969124	-0.00440615	0.00511009	0
4377.273069061	3679.44380164	0.0868348	0.543978	0.541652	-0.00898742	-0.0049776	0.00526271	0
4350.230104771	3680.372395936	0.0978559	0.506823	0.516599	-0.00844375	-0.00460669	0.00500561	0
4375.269360716	3684.529477386	0.0980902	0.535346	0.554268	-0.00839326	-0.00445531	0.00498373	0
4341.984468928	3681.495426588	0.101073	0.519684	0.558958	-0.00853323	-0.00476139	0.00501947	0
4374.185067052	3681.958819848	0.0893829	0.520505	0.581562	-0.00845212	-0.00484776	0.00493957	0
4345.320843623	3678.988041212	0.087183	0.509933	0.56697	-0.00812585	-0.00482469	0.00508685	0
4353.028408927	3681.239927574	0.0878813	0.570684	0.571371	-0.0082851	-0.0049475	0.00558161	0
4338.929077255	3683.685045108	0.0815447	0.610526	0.543095	-0.00923987	-0.00478738	0.00580939	0
4362.490325956	3685.909814829	0.0848192	0.573438	0.502501	-0.00838663	-0.0048663	0.00546554	0
4356.620043836	3690.215133914	0.0957491	0.576415	0.472779	-0.00699343	-0.00473846	0.00524782	0
4368.30438336	3691.874270597	0.0893123	0.520858	0.477266	-0.00681126	-0.00521984	0.00498505	0
4360.752138836	3693.179083174	0.0903049	0.503255	0.514243	-0.00623803	-0.0049229	0.00488569	0
4368.02129191	3687.783273404	0.0818011	0.523657	0.52765	-0.00681829	-0.00512908	0.00508241	0
4378.517743729	3697.626011383	0.0563511	0.411054	0.56429	-0.00785565	-0.00522515	0.00505183	0
4387.249723373	3697.704549209	0.0703385	0.412437	0.531257	-0.00815573	-0.00619378	0.00487792	0
4366.413124448	3691.681039424	0.0724443	0.595347	0.518164	-0.0100941	-0.00502929	0.00511107	0
4377.173551312	3691.037069423	0.0750236	0.534552	0.527679	-0.0092842	-0.00485206	0.00500602	0
4359.903567298	3692.259728623	0.0575909	0.526468	0.55151	-0.00941863	-0.00462057	0.00473513	0
4387.049703943	3691.803767331	0.0556545	0.519637	0.499816	-0.00929134	-0.00468531	0.00474025	0
4398.888380314	3709.253626912	0.056976	0.444755	0.417409	-0.00541785	-0.004092	0.00501607	0
4413.85399431	3708.084799266	0.0443888	0.521899	0.435106	-0.00639799	-0.00533522	0.00451188	0
4376.342971683	3699.75577243	0.0705317	0.471883	0.468547	-0.00717151	-0.00509713	0.00469844	0
4386.132819374	3698.387486827	0.057605	0.532648	0.466705	-0.00752029	-0.00517362	0.00509322	0
4368.585506944	3699.052949276	0.0568651	0.5419	0.486126	-0.00712811	-0.0054594	0.00498118	0
4364.972084956	3688.924180954	0.0829083	0.51437	0.446935	-0.00678086	-0.00489746	0.00497996	0
4354.352641569	3689.981930805	0.0837932	0.548167	0.434148	-0.0061293	-0.0050623	0.00500321	0
4363.186106827	3693.306029225	0.0938175	0.541923	0.451209	-0.00586412	-0.00488124	0.00477137	0
4361.610409138	3700.717911014	0.0831369	0.4978	0.462468	-0.00542805	-0.00522541	0.00449922	0
4365.649733356	3689.192535264	0.0812881	0.608912	0.500243	-0.00584918	-0.00507383	0.00452695	0
4351.69363415	3685.417497152	0.0801995	0.662397	0.47224	-0.00636014	-0.00554244	0.00459404	0
4374.740145569	3683.491813935	0.0891252	0.655421	0.491513	-0.00686357	-0.00507905	0.00487444	0
4366.377562315	3686.195443444	0.105654	0.568361	0.437532	-0.00615525	-0.00531276	0.00400784	0
4371.174514591	3689.040079485	0.0895469	0.59555	0.480183	-0.00710563	-0.00530318	0.00429705	0
4357.57333391	3692.171549324	0.0566005	0.579702	0.506373	-0.00822027	-0.00471874	0.00322932	0
4369.91002071	3693.173057254	0.0657434	0.565123	0.477431	-0.00657753	-0.00428477	0.00378907	0
4351.168214171	3683.492818255	0.0657208	0.545482	0.472138	-0.00737608	-0.00369327	0.00458223	0
4367.352358342	3683.189714471	0.0738573	0.597399	0.473383	-0.00540691	-0.00428432	0.00443398	0
4358.127287932	3691.995994184	0.0639807	0.579423	0.473781	-0.00507424	-0.00449405	0.00456495	0
4360.458786376	3679.997583702	0.0551578	0.522979	0.51086	-0.00470962	-0.00498373	0.00454173	0
4344.842792968	3678.738969846	0.0533121	0.606706	0.46734	-0.00465764	-0.00484507	0.00468252	0
4376.922086266	3682.57928876	0.0385327	0.500821	0.415454	-0.00245174	-0.00483264	0.0036542	0
4372.877701825	3687.518132918	0.0463013	0.596037	0.259345	-0.00161096	-0.00456453	0.00349451	0
4367.462277664	3684.960933269	0.0628647	0.63145	0.335707	-0.00241225	-0.00376484	0.00407432	0
4346.228732238	3683.051118308	0.0686	0.563243	0.322251	-0.00199467	-0.00359153	0.00401691	0
4361.028342758	3679.362853446	0.0619152	0.563122	0.313828	-0.00257457	-0.00377961	0.00403246	0
4361.057157925	3686.935828167	0.059224	0.566866	0.359791	-0.00319955	-0.00395675	0.00385503	0
4374.470266928	3689.97871698	0.0513618	0.611968	0.376178	-0.00351606	-0.00437346	0.00413818	0
4371.322526158	3688.321588938	0.0685019	0.552876	0.381104	-0.00331106	-0.0041772	0.0039212	0
4386.596954411	3691.060570512	0.0681385	0.541096	0.583464	-0.00248697	-0.00402521	0.00378377	0
4337.93094797	3664.519806924	0.0514154	0.483531	0.600056	-0.00317348	-0.00325805	0.00424089	0
4337.346773162	3668.324773773	0.0791856	0.57921	0.45607	-0.00499932	-0.00319486	0.00446077	0
4338.599740976	3664.376390024	0.119198	0.645561	0.368317	-0.00445124	-0.0032814	0.00391931	0
4386.870487658	3689.352222148	0.100588	0.685309	0.419421	-0.00421149	-0.00402877	0.00374959	0
4462.668715128	3745.657014015	0.0699988	0.618443	0.463273	-0.00541674	-0.00337948	0.00520463	0
4472.594486071	3740.950569511	0.0921508	0.458315	0.352273	-0.00509728	-0.00408428	0.00469759	0
4436.141753176	3720.130011061	0.0857662	0.484566	0.281587	-0.00573211	-0.00326353	0.00428549	0
4415.563225701	3710.3563703	0.0602486	0.486745	0.310513	-0.00507362	-0.00367489	0.00469724	0
4399.139564236	3707.000133638	0.0462903	0.538093	0.42336	-0.00691218	-0.00387376	0.00481288	0
4396.02668279	3701.394220119	0.0382658	0.479722	0.397521	-0.00740674	-0.00389541	0.00494255	0
4375.766106089	3701.88473002	0.0587042	0.494209	0.37815	-0.00683568	-0.00430192	0.00495069	0
4374.910647023	3689.65070606	0.0780668	0.477163	0.380794	-0.00659687	-0.00442555	0.00508371	0
4360.694086816	3687.302806704	0.0730001	0.498351	0.407587	-0.00695491	-0.00398812	0.00506652	0
4371.229474251	3687.634834905	0.072092	0.539854	0.394237	-0.00579286	-0.00404982	0.00475547	0
4363.400182436	3691.905203654	0.0152044	0.524965	0.423094	-0.0045177	-0.00390695	0.00415246	0
4376.746805712	3695.006945621	-0.0230155	0.468884	0.438913	-0.00515006	-0.00367979	0.003349	0
4354.097521917	3688.052230307	0.0066173	0.525698	0.434164	-0.00534637	-0.003883	0.00400969	0
4367.025271052	3680.400316032	0.0595949	0.513663	0.420803	-0.00563812	-0.00411148	0.0045584	0
4351.677047858	3683.05875114	0.077804	0.605921	0.409508	-0.00597389	-0.00380423	0.00445746	0
4374.114786156	3689.973494516	0.0403875	0.457558	0.394757	-0.0058069	-0.00454512	0.00451623	0
4368.467013353	3688.559010192	0.0530123	0.391907	0.365659	-0.00561782	-0.00491504	0.00472999	0
4373.160652712	3689.605511659	0.0916851	0.460865	0.28333	-0.00663901	-0.00537749	0.00475432	0
4359.223810472	3679.129449472	0.103979	0.526476	0.348645	-0.00700185	-0.00456221	0.00506595	0
4363.742590961	3684.71828955	0.105062	0.462936	0.34402	-0.00673945	-0.00446069	0.00519268	0
4346.915517154	3679.154356609	0.117739	0.515088	0.368979	-0.00660845	-0.00444231	0.00512812	0
4372.116278597	3680.536501828	0.118237	0.512173	0.361858	-0.00634809	-0.00435849	0.00495894	0
4381.113217219	3683.098321349	0.12251	0.539221	0.35741	-0.0061162	-0.00420214	0.00503687	0
4369.975522505	3687.060564714	0.120349	0.566766	0.354694	-0.00579539	-0.00432112	0.0049797	0
4383.607486218	3688.703632276	0.114026	0.542459	0.395419	-0.00672707	-0.00421435	0.00460987	0
4378.88489113	3691.623994046	0.0887893	0.551369	0.425725	-0.00747273	-0.00458618	0.00473421	0
4380.502757356	3690.852274539	0.0862721	0.537252	0.409003	-0.00689801	-0.00446711	0.00500228	0
4362.578317638	3691.835704708	0.0888692	0.521536	0.341372	-0.00558179	-0.00398088	0.00430509	0
4369.054561644	3690.078747255	0.100444	0.532197	0.367313	-0.00494962	-0.00391763	0.00443646	0
4343.501411787	3689.276898147	0.108052	0.539438	0.332986	-0.00510078	-0.00337102	0.00481084	0
4353.753848335	3682.286027312	0.10748	0.567563	0.338385	-0.00474274	-0.00371376	0.00509783	0
4348.297380131	3690.304719261	0.108505	0.570709	0.360876	-0.00561764	-0.00360524	0.00477848	0
4371.692625356	3692.060873257	0.109393	0.587555	0.408032	-0.00583373	-0.00364961	0.00464175	0
4356.794621582	3686.641964127	0.0980702	0.596932	0.359876	-0.00540352	-0.00333846	0.00464312	0
4363.964678593	3688.729744597	0.104945	0.587433	0.342238	-0.0045164	-0.00339201	0.0045591	0
4358.200520626	3691.014773519	0.107171	0.558494	0.352535	-0.00452112	-0.00325584	0.00442499	0
4359.139051711	3692.262942447	0.111409	0.532119	0.360474	-0.00449618	-0.00330472	0.00419345	0
4371.853990293	3691.384765016	0.116453	0.532188	0.356681	-0.00448143	-0.00344622	0.00427462	0
4363.907329382	3690.699417031	0.124551	0.610401	0.363618	-0.00464421	-0.00340806	0.0047418	0
4385.161115706	3691.948992007	0.134756	0.605738	0.28485	-0.00415636	-0.00340196	0.00516121	0
4378.948143937	3694.275398914	0.127469	0.602154	0.281038	-0.00409432	-0.00337631	0.00459851	0
4372.949388339	3692.262138991	0.148835	0.578003	0.295589	-0.00327117	-0.00363601	0.00499799	0
4372.904268003	3693.556707504	0.151926	0.60191	0.2808	-0.00313927	-0.00298516	0.00487332	0
4373.737096621	3687.605709624	0.138641	0.609024	0.297697	-0.00272949	-0.0031914	0.00471981	0
4371.021161676	3695.569364835	0.139839	0.61156	0.293534	-0.00278714	-0.00323155	0.00464089	0
4378.988906856	3695.153576344	0.122973	0.617394	0.32887	-0.00332383	-0.00339735	0.00446589	0
4368.504824475	3691.496847131	0.11152	0.628278	0.31131	-0.00431896	-0.00388674	0.00437676	0
4365.886017728	3695.598088388	0.123489	0.610784	0.302841	-0.00305795	-0.00370994	0.00441501	0
4385.513363556	3706.231627955	0.075391	0.575905	0.327768	-0.00379967	-0.00357013	0.00404052	0
4378.387302386	3696.469637306	0.0846458	0.54106	0.350914	-0.00366485	-0.00369324	0.00392546	0
4367.942296183	3696.767920353	0.0926496	0.568815	0.354182	-0.00317371	-0.00357422	0.00393738	0
4362.15100979	3691.546259676	0.0924674	0.568405	0.362408	-0.00298517	-0.00333164	0.00408986	0
4355.943379369	3693.356646955	0.103287	0.603102	0.363512	-0.0025772	-0.00384189	0.0040399	0
4380.670166451	3689.361863621	0.104029	0.610116	0.40328	-0.00354446	-0.0033423	0.00416246	0
4372.506478132	3691.370503672	0.089194	0.646091	0.385306	-0.00417422	-0.0037386	0.004435	0
4379.917598616	3690.114501048	0.105891	0.632664	0.359197	-0.00346366	-0.00370312	0.00404129	0
4363.252733116	3689.923479379	0.0918722	0.594184	0.345117	-0.00316869	-0.0036315	0.00395819	0
4371.232566611	3686.588735166	0.0933969	0.615247	0.379838	-0.00269342	-0.00333595	0.00405615	0
4357.726124578	3693.853182775	0.0864405	0.613557	0.353215	-0.00237588	-0.00358396	0.00411023	0
4377.257888388	3684.45093956	0.0862317	0.617221	0.351013	-0.00257456	-0.00351372	0.00421381	0
4357.450061218	3688.519038255	0.0914297	0.623605	0.341093	-0.00327563	-0.0034713	0.00404045	0
4379.970028165	3682.310934449	0.0812066	0.62418	0.359658	-0.00398959	-0.00327777	0.00413544	0
4356.089001386	3686.443108762	0.0786393	0.585016	0.278168	-0.00325597	-0.00325422	0.00420012	0
4373.340571806	3685.212816731	0.0809871	0.592997	0.343965	-0.0029311	-0.00306553	0.0039146	0
4353.391198912	3687.676614618	0.0790081	0.556274	0.34717	-0.00266277	-0.0031675	0.00424052	0
4386.978579676	3682.143213005	0.0807089	0.580063	0.373815	-0.00286842	-0.00378617	0.00397481	0
4358.333773205	3686.27498559	0.080874	0.585346	0.363962	-0.003096	-0.00347907	0.00383093	0
4371.041262012	3680.485884099	0.0928197	0.618236	0.364099	-0.00264928	-0.00373849	0.00376846	0
4347.249913657	3684.338254853	0.0949964	0.628631	0.376082	-0.00323501	-0.00366156	0.00393505	0
4368.074283706	3683.451038542	0.0828373	0.61265	0.36471	-0.00348705	-0.00362115	0.00393693	0
4361.980086651	3685.249976572	0.08834	0.59643	0.331177	-0.00334258	-0.00333309	0.00400285	0
