4933.455232231	3652.347835628	-0.0109231	0.210155	-0.0253954	-0.00173113	2.6321e-22	0.00121384	1
4824.081476748	3644.132997928	-0.00885551	0.196197	-0.00604348	-0.00201281	-0	0.00139126	1
4710.21419496	3646.86044487	-0.0137434	0.182092	0.0027819	-0.00184891	0.000152825	0.00115146	1
4663.128714545	3644.689882696	-0.0186652	0.219849	0.04066	-0.00207919	0.000226151	0.00116392	1
4605.281152736	3644.443364554	-0.0189565	0.254647	0.0706637	-0.0027875	0.000452728	0.00136479	1
4579.786980318	3645.275685388	-0.0105286	0.247715	0.0481219	-0.00267802	0.000399292	0.00116383	1
4535.027335375	3644.136004247	-0.0142273	0.289629	0.0245141	-0.00253136	0.000385736	0.00103278	0
4525.908348318	3639.628959733	-0.0193113	0.231746	0.0694655	-0.00171734	0.000557306	0.00120232	0
4508.986381057	3641.915623076	-0.0251608	0.279421	0.0692659	-0.00156042	0.00059491	0.00109357	0
4500.031134074	3645.707163715	-0.0218455	0.265251	0.0764943	-0.0015821	0.000465423	0.000977652	0
4492.532565121	3641.187950768	-0.0245968	0.284689	0.0686133	-0.00234952	0.000743363	0.0012046	0
4488.127191446	3646.576991954	-0.0219232	0.289648	0.10923	-0.00249229	0.000678111	0.00113216	0
4490.143412894	3648.801095234	-0.031479	0.265882	0.074862	-0.00279695	0.000699015	0.00116402	0
4475.321009599	3639.999023262	-0.0365333	0.219353	0.0613152	-0.00234509	0.00067971	0.000628423	0
4490.214877387	3645.171036862	-0.0596211	0.222639	0.0593124	-0.000829605	0.000374616	0.000568326	0
4469.096432659	3642.902125116	-0.0654922	0.180025	0.0659903	-0.000980344	0.000840144	8.39573e-05	0
4470.941747951	3643.091093727	-0.0506962	0.294381	0.0561514	-0.00181636	0.000965577	0.000936968	0
4463.610649361	3643.054158953	-0.0403728	0.265497	0.056158	-0.00182867	0.000622336	0.000844462	0
4484.833247697	3644.128989503	-0.0330746	0.240715	0.0607085	-0.00218869	0.000491289	0.000984804	0
4482.750960859	3652.313477699	-0.0326942	0.264094	0.0737626	-0.00283912	0.00069461	0.000946402	0
4493.539056114	3651.814715094	-0.0359628	0.320779	0.0886105	-0.00293301	0.000760925	0.00113238	0
4495.880696233	3649.770847784	-0.0320529	0.246171	0.0464308	-0.00321283	0.000720051	0.00114239	0
4493.282451466	3651.080743833	-0.0236169	0.284165	0.0504607	-0.00233654	0.000542914	0.00107396	0
4488.043750761	3650.436675819	-0.032843	0.23806	0.0380634	-0.00219937	0.000644973	0.00106433	0
4482.454697345	3654.896764496	-0.0476528	0.270229	0.0626481	-0.00185378	0.000600758	0.00128472	0
4490.215957207	3648.964438556	-0.0455715	0.238733	0.0423508	-0.00157958	0.00039938	0.00101785	0
4478.531708995	3657.191301531	-0.0529161	0.282734	0.0419235	-0.00214318	0.000409731	0.000905278	0
4480.341390206	3653.141503791	-0.0420634	0.302087	0.082222	-0.00251894	0.000643947	0.00117098	0
4461.255855063	3653.157537491	-0.0529388	0.289895	0.0816811	-0.00313011	0.000650275	0.00133494	0
4493.438240133	3660.316298345	-0.0610216	0.257011	0.0093342	-0.00249734	0.000297405	0.00121513	0
4483.491226984	3661.471870028	-0.0680012	0.276981	-0.146101	-0.00202059	-0.000263635	0.00145801	0
4478.71380602	3640.201591886	-0.0856279	0.294198	-0.122088	-0.00204396	0.000156589	0.0013814	0
4448.769005626	3646.23069266	-0.0850379	0.225142	-0.122517	-0.00204396	2.72892e-05	0.00125756	0
4470.168203718	3637.840200047	-0.0912301	0.24936	-0.0957535	-0.00184081	6.68216e-05	0.00147226	0
4464.547050179	3644.868543928	-0.10196	0.257408	-0.102021	-0.00267342	0.000150038	0.00161179	0
4470.116274162	3644.918076609	-0.116795	0.270725	-0.0499817	-0.00231147	6.97217e-06	0.00179167	0
4478.302688856	3646.214802118	-0.107213	0.299213	-0.216555	-0.00262882	0.000174073	0.00205079	0
4474.707867812	3640.368514158	-0.115328	0.274185	-0.162447	-0.00144866	1.27911e-06	0.00137108	0
4448.695479658	3638.982601191	-0.108476	0.247731	-0.17764	-0.0019984	-0.000146927	0.00135532	0
4473.916948284	3632.247731289	-0.11137	0.25269	-0.141017	-0.00155511	-3.43707e-05	0.00136215	0
4447.743666855	3628.481529623	-0.11413	0.279951	-0.172042	-0.00176614	-3.43372e-05	0.00137707	0
4481.463422006	3634.211430098	-0.11605	0.262658	-0.109656	-0.00185103	0.000281817	0.00155945	0
4464.788831834	3631.65076227	-0.123733	0.300577	-0.147588	-0.00277627	0.000349927	0.00154264	0
4475.975086405	3633.681172724	-0.122719	0.265726	-0.132902	-0.00231793	0.00042933	0.0015128	0
4475.463545923	3632.465188349	-0.123206	0.304019	-0.205222	-0.00195522	0.000132879	0.00139437	0
4475.521954402	3631.717617074	-0.113555	0.246582	-0.162875	-0.00159196	0.000150563	0.0013563	0
4471.554202579	3629.085799702	-0.110991	0.287022	-0.199358	-0.00185128	0.000131886	0.00132339	0
4469.22218268	3631.583048518	-0.11874	0.264759	-0.16813	-0.00125303	0.000208683	0.00140991	0
4480.7017558	3633.466292509	-0.117793	0.316155	-0.164462	-0.00267038	9.21898e-05	0.00157225	0
4473.500333851	3643.486925702	-0.118962	0.279617	-0.122621	-0.00255241	0.000359263	0.00157354	0
4480.437199745	3635.831406457	-0.130055	0.307878	-0.208165	-0.00264394	0.000101968	0.00137883	0
4473.731219135	3642.571000574	-0.124311	0.241334	-0.172579	-0.00188106	0.000202759	0.00132223	0
4476.711425909	3640.560345929	-0.123996	0.248709	-0.189566	-0.00181197	4.69618e-05	0.00131017	0
4480.103829667	3655.144857376	-0.100755	0.307108	-0.18894	-0.00198701	0.000135646	0.00145064	0
4487.625958343	3659.279118359	-0.0780644	0.316081	-0.207666	-0.00105862	1.99354e-05	0.00107282	0
4482.659568768	3643.043994732	-0.104357	0.399583	-0.175017	-0.000819488	0.00028221	0.000382906	0
4479.793430319	3652.350126157	-0.137137	0.379201	-0.17335	-0.00143151	-0.000692753	-0.000355945	0
4498.081861505	3659.25492465	-0.142206	0.351377	-0.0924068	-0.00193199	-4.47819e-05	-3.5128e-05	0
4490.959953621	3657.475899711	-0.146197	0.279918	-0.105602	-0.00255575	-0.000185832	-0.000103116	0
4493.316122237	3653.648569562	-0.148376	0.259998	-0.141113	-0.00255575	0.00017531	-0.000106257	0
4480.142310548	3646.851282755	-0.140161	0.250221	-0.170091	-0.0021342	7.45493e-05	3.56618e-05	0
4475.595578536	3645.60537835	-0.136091	0.281309	-0.166123	-0.00149751	0.000251459	0.000210175	0
4478.432071001	3653.56696948	-0.12393	0.273277	-0.146282	-0.00104464	0.000314874	0.000602541	0
4468.681094379	3644.368492901	-0.127574	0.304385	-0.150586	-0.00154492	0.000336287	0.000862147	0
4476.971270019	3644.513225677	-0.129366	0.334528	-0.126251	-0.00180689	0.000346127	0.00109677	0
4475.861214411	3645.29229172	-0.131573	0.369616	-0.130239	-0.00264755	0.000501919	0.00106428	0
4481.98958915	3649.156699801	-0.131	0.337531	-0.153604	-0.00224836	0.000527151	0.000716467	0
4480.063385476	3650.995994274	-0.13903	0.286755	-0.18628	-0.00162325	0.000477814	0.00080385	0
4477.706137041	3643.857132388	-0.133842	0.293466	-0.133704	-0.00118352	0.000654664	0.00088528	0
4469.615335555	3645.510607728	-0.131356	0.237648	-0.173098	-0.00102033	0.000551475	0.000700851	0
4471.979259245	3642.656036449	-0.135505	0.299183	-0.127803	-0.00142945	0.000578359	0.000948735	0
4480.563342428	3641.130544395	-0.14694	0.280014	-0.14517	-0.00190773	0.000467065	0.00119791	0
4480.076146993	3647.997406008	-0.148422	0.312752	-0.114983	-0.0024913	0.000811108	0.00132073	0
4483.779833589	3642.658756452	-0.15125	0.267147	-0.19821	-0.00219879	0.000604174	0.00108957	0
4470.521894057	3638.859914753	-0.15805	0.323575	-0.155512	-0.00151513	0.000600678	0.000682797	0
4470.668749662	3637.848360055	-0.160608	0.268197	-0.194358	-0.00135786	0.000437995	0.000305245	0
4466.338668935	3636.370682786	-0.157115	0.309914	-0.153058	-0.00138475	0.000526962	0.000159433	0
4480.162728974	3641.315218264	-0.156657	0.301765	-0.1566	-0.0021508	0.000507813	0.000775312	0
4477.694259014	3638.544680753	-0.161234	0.347448	-0.125212	-0.0025712	0.000791584	0.000743542	0
4487.327927849	3637.157049889	-0.157412	0.282729	-0.201011	-0.00269814	0.000639175	0.000741867	0
4479.240562156	3639.830526251	-0.145262	0.331819	-0.16807	-0.00185582	0.000596918	0.000447684	0
4484.994042805	3631.181633379	-0.149637	0.282659	-0.207109	-0.00177938	0.00032431	0.000510422	0
4477.893633168	3639.409498461	-0.141924	0.260253	-0.175459	-0.00137483	0.000391622	0.000388994	0
4482.396681527	3640.355343619	-0.145689	0.330864	-0.20548	-0.0018177	0.000378038	0.000590495	0
4495.248706668	3643.231245446	-0.148666	0.293199	-0.154244	-0.00215978	0.000844012	0.000732518	0
4482.256795673	3636.535600846	-0.144455	0.376651	-0.166326	-0.00318541	0.000820942	0.000900227	0
4480.13416281	3635.995465568	-0.161189	0.30555	-0.196352	-0.00259042	0.000743899	0.000800079	0
4478.870674508	3636.659432549	-0.156655	0.332218	-0.254642	-0.00234549	0.000776185	0.000703584	0
4475.845017102	3636.495087121	-0.154734	0.278728	-0.21479	-0.00159565	0.000723254	0.000427107	0
4474.611960107	3636.119154113	-0.151834	0.325931	-0.230515	-0.00165495	0.000476247	0.000480003	0
4477.890001044	3636.54991665	-0.154044	0.307311	-0.167733	-0.0016551	0.000398523	0.000692723	0
4482.828707945	3638.701868279	-0.151849	0.341698	-0.171736	-0.00281637	0.000606276	0.000869709	0
4475.80437658	3644.377225541	-0.153111	0.320677	-0.140746	-0.00245223	0.000675325	0.000933053	0
4480.30958458	3639.607915502	-0.163255	0.335804	-0.235545	-0.00233327	0.000700295	0.000865527	0
4475.535108581	3642.306158204	-0.152943	0.266065	-0.221125	-0.00193783	0.000604718	0.00062024	0
4472.62175252	3639.009944377	-0.150815	0.293351	-0.262619	-0.00200592	0.000495131	0.000536319	0
4472.597800136	3637.256401568	-0.143933	0.318492	-0.186611	-0.00215145	0.0008052	0.000633657	0
4476.279006829	3645.235887453	-0.144987	0.304655	-0.183165	-0.00316265	0.000512765	0.000871109	0
4485.709080393	3640.949020003	-0.131522	0.325671	-0.193934	-0.00328211	0.000763994	0.000893316	0
4480.59828935	3643.585132116	-0.132191	0.273958	-0.268121	-0.00256225	0.000684196	0.000646803	0
4484.570851283	3646.148376788	-0.140434	0.330321	-0.274567	-0.00280547	-3.10306e-05	0.000396517	0
4471.051693324	3641.251656095	-0.141561	0.25636	-0.187873	-0.00169862	0.000147392	0.000324162	0
4485.342923034	3637.240654184	-0.131809	0.266832	-0.230288	-0.00220988	0.000396398	0.000108621	0
4465.388524946	3638.789051524	-0.127235	0.353447	-0.213555	-0.00185651	0.000554151	0.000763348	0
4483.067937297	3642.323050852	-0.121135	0.304298	-0.267409	-0.0019973	0.000972212	0.000809653	0
4476.153060478	3646.443711821	-0.117903	0.289493	-0.194041	-0.00200354	0.00100666	0.000822533	0
4497.929214134	3649.305154686	-0.132209	0.295189	-0.16871	-0.0026786	0.000935068	0.00104231	0
4489.128774164	3647.289060036	-0.142129	0.320239	-0.168575	-0.00343718	0.00116429	0.000901612	0
4484.78701174	3645.55498672	-0.152975	0.336003	-0.186495	-0.00319207	0.00119282	0.000627655	0
4482.710713	3644.12770108	-0.175317	0.245227	-0.257688	-0.0032945	0.0017109	0.000406644	0
4482.34455564	3644.947996639	-0.203241	0.268463	-0.203757	-0.00238807	0.00181978	0.000336186	0
4476.251029659	3640.205457153	-0.190361	0.328284	-0.223532	-0.00191687	0.00196501	0.000611997	0
4481.813382056	3646.511998205	-0.184435	0.328769	-0.181172	-0.00158416	0.00137936	0.000347365	0
4474.14361245	3640.281044597	-0.196356	0.358731	-0.165485	-0.00103638	0.00190906	0.000496787	0
4479.271484292	3654.761193834	-0.249492	0.391093	-0.123627	-0.00159684	0.00191284	0.00010588	0
4479.517192568	3648.225743079	-0.266867	0.333741	-0.105525	-0.00182609	0.00179918	0.000527216	0
4464.956793025	3640.720396616	-0.254335	0.397287	-0.105309	-0.00202014	0.00187127	0.000279249	0
4461.433927302	3636.410337563	-0.261257	0.342573	-0.126189	-0.00223276	0.00199078	0.000597384	0
4456.67810275	3643.537460489	-0.221731	0.368512	-0.101608	-0.00193446	0.00222677	0.000663517	0
4465.482076679	3642.379455119	-0.179413	0.28832	-0.133838	-0.00188085	0.00136164	0.000686434	0
4455.831719707	3636.034404555	-0.176973	0.352066	-0.0925091	-0.00165969	0.00157289	0.000379065	0
4455.437192515	3635.888669672	-0.174392	0.336356	-0.135985	-0.00168936	0.00130968	0.000259464	0
4459.16561682	3638.125514017	-0.17918	0.399191	-0.0786231	-0.00198498	0.00160444	8.2899e-05	0
4470.486947134	3631.395511488	-0.16911	0.36254	-0.0840947	-0.00279526	0.00164128	0.000496774	0
4465.446737095	3641.02804324	-0.177381	0.407212	-0.0697423	-0.00304576	0.00171724	0.00056718	0
4487.066120429	3639.397330028	-0.172887	0.331161	-0.159036	-0.0028622	0.00146778	0.000278052	0
4459.891747111	3638.097025568	-0.171299	0.367858	-0.121117	-0.00201117	0.00150075	0.000385826	0
4476.635053141	3628.686818249	-0.175632	0.292068	-0.150778	-0.00193314	0.00143575	-5.64685e-05	0
4455.126302339	3636.43023653	-0.183943	0.31186	-0.122461	-0.00179426	0.00168977	0.00023982	0
4487.884820798	3633.459420923	-0.19113	0.320474	-0.127604	-0.00189826	0.00140711	-1.49465e-05	0
4467.641325277	3640.272168798	-0.186078	0.3355	-0.111268	-0.00272471	0.00143288	0.000451808	0
4486.680329967	3634.769746446	-0.179374	0.373162	-0.0943558	-0.00316373	0.0016538	0.000219903	0
4456.88434849	3638.149707726	-0.184539	0.315427	-0.144116	-0.00279155	0.00155433	0.000257511	0
4487.592091241	3635.273805898	-0.162473	0.336198	-0.147297	-0.00207555	0.00154426	-4.1406e-05	0
4450.752047131	3631.893987777	-0.157083	0.334773	-0.1556	-0.00157658	0.00138716	5.40867e-05	0
4488.70126336	3635.683953677	-0.149578	0.365006	-0.127547	-0.00172908	0.00165771	0.000228582	0
4467.618354548	3649.65660767	-0.157734	0.337675	-0.113321	-0.00233452	0.00143025	0.000448433	0
4498.49425482	3640.992110572	-0.158998	0.37526	-0.099477	-0.00289062	0.00169516	0.000459506	0
4456.475489133	3648.022315507	-0.159236	0.306443	-0.145074	-0.00243232	0.00157775	0.000369726	0
4494.287077314	3639.654298706	-0.149852	0.339863	-0.142365	-0.00197516	0.00162385	0.000152584	0
4456.202785341	3648.287873668	-0.145405	0.305756	-0.14818	-0.00167053	0.00158574	2.79502e-05	0
4495.661590811	3639.998164314	-0.136255	0.323759	-0.128923	-0.00188295	0.0016345	0.000252217	0
4473.826930509	3646.203206317	-0.14264	0.350416	-0.109896	-0.00251343	0.00146798	0.000496351	0
4496.759866557	3646.980554464	-0.127048	0.38317	-0.0743077	-0.00264459	0.00147639	0.000472051	0
4463.593666728	3643.024382081	-0.140404	0.400116	-0.127523	-0.0031981	0.00144621	0.000772744	0
4494.968444132	3646.497682401	-0.132032	0.334991	-0.126184	-0.00223348	0.00146949	0.000416419	0
4461.629963829	3642.621964836	-0.131022	0.364226	-0.142426	-0.00229715	0.00153479	0.000389354	0
4480.473030157	3639.547932284	-0.1279	0.330639	-0.106723	-0.00179865	0.00163654	0.000144064	0
4465.5964395	3640.670720776	-0.129668	0.367008	-0.127632	-0.00163343	0.00163826	0.000352733	0
4484.36205324	3648.848337387	-0.128247	0.378048	-0.0799783	-0.00229715	0.00156964	0.000423151	0
4468.674320958	3642.665771195	-0.138521	0.340481	-0.0720035	-0.0028276	0.00159357	0.000346374	0
4469.724888266	3642.88652089	-0.138853	0.373288	-0.092386	-0.0028276	0.00160286	0.000510306	0
4471.915647994	3641.799235591	-0.140577	0.336884	-0.12003	-0.00254327	0.00153168	0.000369153	0
4459.848946948	3639.491814333	-0.140863	0.35126	-0.0967061	-0.00202088	0.00180282	0.000337175	0
4472.19591053	3635.322765947	-0.139439	0.301078	-0.111154	-0.00167673	0.00165534	0.000239842	0
4456.922829371	3641.024321131	-0.136576	0.358263	-0.112374	-0.00192035	0.00130854	0.0002764	0
4478.503339162	3633.647101111	-0.136785	0.399635	-0.079711	-0.00228967	0.00167177	0.000382322	0
4457.454199286	3639.587873376	-0.144999	0.381932	-0.0889878	-0.00290637	0.00148507	0.000438618	0
4485.234940971	3636.945891783	-0.133533	0.370218	-0.104359	-0.00267876	0.0015224	0.000375847	0
4461.556045198	3636.821201132	-0.148267	0.3554	-0.144629	-0.00225921	0.00155431	0.000270737	0
4487.614374812	3635.834269617	-0.150257	0.36542	-0.126091	-0.00206387	0.00170189	0.000302372	0
4462.498434112	3635.25762904	-0.150617	0.31769	-0.153941	-0.0021797	0.00150399	7.08123e-05	0
4482.446844104	3635.719456871	-0.144338	0.325301	-0.116955	-0.00169888	0.00156373	0.000342689	0
4471.63008452	3643.340761345	-0.144844	0.402874	-0.116757	-0.00232248	0.00139244	0.000409891	0
4481.921462284	3641.430031011	-0.147248	0.409334	-0.0731952	-0.00281729	0.0016603	0.00039769	0
4463.724815852	3636.086227764	-0.148399	0.345575	-0.118489	-0.00300311	0.00159313	0.000471819	0
4478.702811482	3638.433876431	-0.150105	0.386584	-0.106271	-0.00234003	0.0017898	0.000402884	0
4475.440673358	3633.941004564	-0.14724	0.328963	-0.159004	-0.00224054	0.00148591	0.00015755	0
4477.163183595	3642.125922234	-0.147721	0.369629	-0.109634	-0.00191522	0.00167032	0.000221209	0
4476.87850361	3632.595605322	-0.150127	0.331502	-0.145287	-0.00170845	0.00163494	0.00013932	0
4472.301045793	3642.104019054	-0.140534	0.366012	-0.105678	-0.00205826	0.00141497	0.000303003	0
4485.372176357	3642.481956274	-0.137935	0.376512	-0.100161	-0.0027885	0.00156013	0.000460389	0
4467.1633574	3638.369455314	-0.146309	0.384987	-0.125174	-0.00277694	0.00147449	0.000526896	0
4492.44902627	3640.483183747	-0.147731	0.387361	-0.158576	-0.00238979	0.00153492	0.000276116	0
4468.380707912	3647.912942766	-0.141958	0.368616	-0.107797	-0.00199328	0.0016384	0.000402827	0
4489.964064504	3641.166333904	-0.146257	0.31788	-0.124922	-0.00197298	0.00173877	0.000439362	0
4469.416354062	3647.335013766	-0.146883	0.378508	-0.10194	-0.00242486	0.00144434	0.000375436	0
4495.859001655	3644.60570577	-0.146587	0.404954	-0.112644	-0.0028419	0.00171822	0.000482256	0
4458.009128925	3644.970758767	-0.153846	0.35504	-0.125913	-0.00230931	0.00155537	0.000316792	0
4492.127534219	3641.306342466	-0.157653	0.383943	-0.140559	-0.00219639	0.00170221	0.00030102	0
4445.661380018	3644.709209031	-0.158544	0.358282	-0.145917	-0.00194639	0.00143556	0.000176886	0
4488.180102657	3645.932351309	-0.150695	0.372895	-0.135288	-0.0017858	0.0016081	0.000347664	0
4463.368671375	3645.158582113	-0.154589	0.40285	-0.138686	-0.00154676	0.00164235	0.000280021	0
4476.374325541	3639.579999684	-0.150592	0.400765	-0.111916	-0.00163655	0.00175622	0.000299671	0
4464.62312845	3642.564987937	-0.159381	0.424101	-0.109762	-0.00190517	0.00173053	0.000191157	0
4486.225038323	3649.755959348	-0.151771	0.425466	-0.0685658	-0.00189283	0.00178893	0.000294987	0
4460.885771084	3641.476271057	-0.159802	0.374195	-0.0835786	-0.00241877	0.00195247	0.000240636	0
4468.217654997	3641.842898792	-0.17173	0.422706	-0.0788918	-0.00202021	0.00218527	0.000228396	0
4464.727282058	3635.16128368	-0.177034	0.332048	-0.120299	-0.00149761	0.00196095	0.000325459	0
4459.907551758	3639.352378404	-0.173115	0.393281	-0.0959435	-0.0015848	0.00210163	0.000222527	0
4472.335698219	3634.832020193	-0.16505	0.343696	-0.115931	-0.00141714	0.00183403	0.000120256	0
4452.033794219	3635.962396062	-0.156079	0.398241	-0.117357	-0.00133218	0.00168227	1.49657e-05	0
4473.213985053	3630.671990764	-0.155054	0.456205	-0.0943377	-0.00181183	0.00177364	0.000236101	0
4461.658137331	3638.113345584	-0.160959	0.412963	-0.0834227	-0.00238664	0.00176414	0.000146689	0
4481.167649319	3636.109991999	-0.154812	0.421191	-0.0706791	-0.00254891	0.00200873	0.000283627	0
4454.00643018	3634.751994849	-0.160745	0.401489	-0.124678	-0.00240534	0.00193654	0.00010943	0
4477.35313386	3632.44099464	-0.158087	0.384808	-0.12076	-0.00205864	0.00191587	0.000122658	0
4445.911800239	3636.882902246	-0.14503	0.368195	-0.122992	-0.00160341	0.00159003	-5.65276e-05	0
4481.853924412	3628.339946323	-0.142608	0.363043	-0.107552	-0.00135665	0.00159907	1.51633e-05	0
4459.494667615	3635.409519718	-0.146341	0.372054	-0.134911	-0.00149503	0.0015535	-1.34681e-06	0
4480.515732155	3639.229548807	-0.152925	0.383657	-0.0818763	-0.00190013	0.00154901	0.000218746	0
4458.342106341	3635.21310689	-0.15176	0.4323	-0.0878178	-0.0025014	0.00172274	0.000161891	0
4468.950853205	3635.333789116	-0.155368	0.411979	-0.0710961	-0.00249118	0.00185256	0.000272784	0
4469.142864946	3636.369823838	-0.156494	0.391357	-0.141946	-0.00182157	0.00161381	-9.10938e-06	0
4458.860616574	3634.225316427	-0.150316	0.397835	-0.100349	-0.00160336	0.00185793	0.000104212	0
4466.69638406	3631.710172856	-0.151542	0.353451	-0.117975	-0.0013254	0.00168133	-1.96901e-05	0
4452.915909509	3634.764163283	-0.149787	0.386486	-0.0852006	-0.00119437	0.00175897	0.00014233	0
4480.999589963	3634.441341907	-0.150234	0.365022	-0.0790679	-0.00170149	0.00153569	0.000339385	0
4467.948288833	3643.715262773	-0.157141	0.407221	-0.0829906	-0.00249623	0.00162727	0.000512845	0
4480.996644997	3635.877360187	-0.147772	0.423938	-0.0901987	-0.00258167	0.00185172	0.000289244	0
4451.506252759	3632.945913041	-0.161424	0.37057	-0.12234	-0.00221466	0.00186582	-3.04098e-05	0
4477.290013436	3629.880469971	-0.158177	0.394571	-0.120746	-0.00170429	0.00174361	-0.000127391	0
4450.965164457	3635.298858555	-0.148567	0.375715	-0.12527	-0.00144967	0.00169232	-0.000193237	0
4476.209505647	3632.971681488	-0.158067	0.38102	-0.11832	-0.00147522	0.00154805	-5.64859e-05	0
4460.956155756	3639.015384382	-0.154169	0.404283	-0.107332	-0.00217659	0.0017714	4.46784e-05	0
4491.24649875	3635.901410737	-0.148393	0.406642	-0.0864614	-0.00258733	0.00168175	0.000282385	0
4456.5717895	3637.196847824	-0.148122	0.429193	-0.11611	-0.0027334	0.00178831	0.000139133	0
4482.827529959	3635.486825059	-0.154472	0.381787	-0.138527	-0.00194105	0.00160363	-6.82659e-05	0
4453.548095405	3636.845251682	-0.14602	0.41604	-0.158338	-0.00189485	0.00144876	-0.000277163	0
4474.037201036	3641.74311764	-0.140784	0.364851	-0.105239	-0.00137525	0.00171131	4.47405e-05	0
4464.486089396	3634.522369356	-0.135179	0.417685	-0.131892	-0.00196284	0.00153552	-1.82649e-05	0
4482.780312347	3646.17815366	-0.146356	0.433886	-0.0707245	-0.00201272	0.00169375	0.000180329	0
4479.229960281	3639.695241905	-0.140449	0.388913	-0.0893638	-0.00271091	0.00165324	0.000201496	0
4471.797064055	3639.745060902	-0.146717	0.400499	-0.0967289	-0.00243217	0.0017095	6.56191e-05	0
4485.162494823	3632.708270698	-0.15032	0.356207	-0.133996	-0.00195877	0.00166776	-7.02654e-07	0
4463.162425634	3641.405121512	-0.136156	0.384377	-0.11448	-0.00166209	0.00150522	-7.35722e-05	0
4490.015405066	3635.617242032	-0.136965	0.38034	-0.115987	-0.00157848	0.00187917	2.28827e-05	0
4463.219557962	3633.717105392	-0.137742	0.401783	-0.144073	-0.00167253	0.00156185	3.33661e-05	0
4483.296270278	3633.285197591	-0.139342	0.402708	-0.119651	-0.00183158	0.00153532	5.44729e-05	0
4474.95573573	3634.905460266	-0.144934	0.426092	-0.104143	-0.00255033	0.0017324	0.00018936	0
4484.466894006	3638.489135434	-0.144555	0.429699	-0.090352	-0.00267069	0.00168708	0.000358823	0
4462.179690695	3635.27953222	-0.148756	0.44659	-0.134807	-0.00268833	0.0017261	0.000344788	0
4475.493093742	3632.179874379	-0.144582	0.365411	-0.126549	-0.00173797	0.00192689	0.000211011	0
4466.443411536	3635.890530726	-0.143246	0.405313	-0.147721	-0.00180403	0.00167073	0.00016459	0
4467.593224177	3638.352562666	-0.138827	0.374363	-0.0865135	-0.00163698	0.001773	0.000137471	0
4465.276125435	3628.930616388	-0.140629	0.394404	-0.120526	-0.00147652	0.00174381	8.64407e-05	0
4469.565761971	3638.010701271	-0.149827	0.428745	-0.0739939	-0.00209709	0.00181245	0.000171007	0
4490.147830342	3634.9657298	-0.144432	0.392764	-0.0803953	-0.00246622	0.00173242	0.000362934	0
4469.012599312	3636.815045336	-0.149727	0.422818	-0.0917881	-0.00276861	0.00164891	0.000341222	0
4492.53236879	3637.63133247	-0.144628	0.385783	-0.140841	-0.00205002	0.00178254	8.94594e-07	0
4461.687292488	3635.567995667	-0.143338	0.387316	-0.140028	-0.00184949	0.00151934	1.75404e-05	0
4486.91298223	3635.291986969	-0.126537	0.384526	-0.128034	-0.0016063	0.00162333	-4.90053e-05	0
4463.263830608	3639.223393011	-0.125617	0.387248	-0.138896	-0.00170414	0.00140824	-2.44284e-05	0
4490.330123697	3640.773221932	-0.12151	0.422785	-0.111768	-0.00220718	0.00136281	0.000329872	0
4466.606464452	3644.618017361	-0.11708	0.406915	-0.10543	-0.00284678	0.00128963	0.00026949	0
4504.020384144	3645.20840111	-0.128708	0.42631	-0.134594	-0.00284678	0.0017004	0.00028125	0
4464.233705865	3642.472937318	-0.134181	0.378569	-0.164349	-0.00262369	0.00159512	-5.31465e-07	0
4499.126342551	3640.188707662	-0.142451	0.404179	-0.155106	-0.0019547	0.00174362	0.000272299	0
4468.367946396	3637.388250121	-0.136405	0.371289	-0.169496	-0.00203237	0.00161094	0.000107614	0
4493.364125172	3641.148868624	-0.127282	0.377584	-0.131203	-0.00181198	0.00165759	0.000296033	0
4475.454514696	3648.132117722	-0.13618	0.435687	-0.11781	-0.00262704	0.00182592	0.000464708	0
4496.854890773	3645.34411493	-0.140764	0.454727	-0.0782485	-0.00244158	0.00187674	0.000221891	0
4476.493596638	3639.774265142	-0.14243	0.430838	-0.145852	-0.0024575	0.0019196	0.000204738	0
4484.881348797	3640.903925221	-0.142513	0.431845	-0.1075	-0.00200639	0.00202617	0.00033803	0
4469.302089407	3632.32575242	-0.145568	0.397234	-0.142461	-0.00196254	0.00200255	0.000112694	0
4473.403149995	3641.868380923	-0.113605	0.392944	-0.108523	-0.00150397	0.00147876	0.000595435	0
4478.267545603	3635.674075773	-0.125951	0.379075	-0.113167	-0.00179773	0.00162297	0.00054539	0
4486.843677379	3646.002641905	-0.129359	0.448781	-0.0958068	-0.00138702	0.00191832	0.000599116	0
4494.810986651	3644.674564786	-0.166662	0.582866	-0.114616	0.00235669	0.00254302	0.00187037	0
4472.177848076	3630.26069772	-0.18057	0.534987	-0.165637	0.00268492	0.0024824	0.00153566	0
4465.665744352	3634.825434923	-0.182424	0.524355	-0.186596	0.0024659	0.00221494	0.00120526	0
4461.383862891	3637.264704734	-0.197091	0.521157	-0.134044	0.00195264	0.00253639	0.00130704	0
4472.57188444	3629.698229788	-0.200558	0.474155	-0.168425	0.00199189	0.00239958	0.00102073	0
4449.495037752	3635.34151965	-0.197282	0.529029	-0.167074	0.00183058	0.00242308	0.00104305	0
4472.779308167	3629.859425739	-0.194346	0.552912	-0.169933	0.00223073	0.00253659	0.00124109	0
4460.763260525	3640.690619744	-0.123416	0.564419	-0.202982	0.0019043	0.00208242	0.00193647	0
4478.243495052	3634.969022435	-0.11889	0.655482	-0.173802	0.00110796	0.00242982	0.002126	0
4466.790721117	3639.076226548	-0.132398	0.675819	-0.188504	0.000613413	0.00200939	0.00175652	0
4488.661211831	3635.114757318	-0.12352	0.570928	-0.135747	-0.000163125	0.00168643	0.00156576	0
4466.45185377	3638.034608663	-0.121745	0.570656	-0.136166	-0.00107333	0.001635	0.00164331	0
4483.037113326	3635.168012108	-0.119953	0.477553	-0.198229	0.000105767	0.00184535	0.00153375	0
4459.333872507	3638.635013475	-0.122456	0.475761	-0.225083	0.000120053	0.00155923	0.00135433	0
4481.47559453	3632.80876764	-0.101928	0.421479	-0.19898	0.000709956	0.00162471	0.00136481	0
4467.749601837	3629.083938647	-0.0921924	0.43282	-0.212162	0.000455022	0.00155686	0.00140228	0
4473.816623131	3634.15216267	-0.0857344	0.447236	-0.175248	0.00106995	0.00137459	0.00141871	0
4455.359739926	3628.818666802	-0.0817052	0.524056	-0.194683	0.000415913	0.00135484	0.00151739	0
4475.114665694	3636.618918824	-0.0940149	0.539875	-0.138153	0.000280162	0.00124588	0.00154599	0
4468.769050677	3633.749315951	-0.0950568	0.5974	-0.148244	-0.000763676	0.00123325	0.00128865	0
4488.087630745	3641.240489768	-0.113294	0.53874	-0.217718	-0.000499905	0.00136704	0.000707225	0
4478.127954245	3635.374159683	-0.130774	0.491207	-0.264731	0.000839267	0.00131542	0.00015108	0
4468.564964578	3636.019659277	-0.138611	0.420396	-0.221788	0.00124549	0.00106307	9.83126e-05	0
4469.350485004	3639.67806294	-0.146717	0.456201	-0.243381	0.000906934	0.00140337	0.000462156	0
4473.794339559	3641.266115057	-0.141898	0.476326	-0.197858	5.05097e-07	0.00160813	0.000441194	0
4479.41784907	3642.200364414	-0.145071	0.434692	-0.154068	-2.05909e-05	0.00181205	0.000219653	0
4482.798767464	3635.618673612	-0.139904	0.426667	-0.182816	-0.000197626	0.00164806	0.000447727	0
4469.255460788	3641.756431337	-0.137032	0.469347	-0.177921	-5.79393e-05	0.00149498	0.000614967	0
4488.361610689	3637.82831793	-0.135696	0.506172	-0.152778	-0.000884285	0.0015605	0.000977199	0
4466.49691174	3642.24073498	-0.11133	0.53853	-0.137972	-0.000986745	0.00138438	0.00100379	0
4480.414229016	3635.264786942	-0.133654	0.514015	-0.192204	-0.000546794	0.0014985	0.000935629	0
4453.107626753	3637.641067216	-0.134355	0.476512	-0.210141	-0.000461191	0.00171004	0.000870777	0
4477.243286652	3633.352481869	-0.119694	0.473701	-0.168001	-0.000362626	0.00147133	0.000690217	0
4454.906215261	3633.116127948	-0.11554	0.44942	-0.193509	-0.000195351	0.00162869	0.000555687	0
4478.594829419	3634.533821999	-0.114157	0.461873	-0.159074	-0.000108873	0.00145692	0.00073483	0
4467.624342644	3636.372973315	-0.114625	0.513125	-0.131593	-0.000884285	0.00146873	0.00119332	0
4483.731928819	3642.05176637	-0.117205	0.510249	-0.0825774	-0.00109375	0.00141975	0.00119046	0
4458.744290443	3630.056697516	-0.128532	0.490432	-0.1623	-0.000884285	0.00129691	0.00104344	0
4473.92774649	3630.127560745	-0.113759	0.472017	-0.127438	-0.000461407	0.00138908	0.000928761	0
4466.475020831	3625.095698864	-0.10748	0.474204	-0.153335	-0.000404495	0.0012913	0.000881378	0
4467.391984877	3630.814003537	-0.104069	0.486321	-0.103677	-6.03491e-06	0.00103902	0.000936092	0
4472.6858546	3623.457684592	-0.0972097	0.456255	-0.131805	-0.000282668	0.00129486	0.000936355	0
4473.530863326	3638.226154118	-0.108826	0.487153	-0.0836186	-0.000877776	0.00135556	0.00129071	0
4475.553171035	3627.186665168	-0.108456	0.508714	-0.0926672	-0.00100897	0.00159597	0.00112365	0
4468.940643992	3628.30000523	-0.103449	0.480404	-0.107521	-0.000527263	0.00134285	0.00103109	0
4479.651090327	3628.936629026	-0.106955	0.45381	-0.143031	-0.000302934	0.00161329	0.000968158	0
4458.784538303	3628.500999116	-0.106145	0.457889	-0.114586	6.84514e-05	0.00130108	0.000800649	0
4483.288907864	3626.525990822	-0.104929	0.456791	-0.129856	-1.34098e-05	0.00131381	0.000965907	0
4457.74260956	3630.579796987	-0.102362	0.481886	-0.158325	-0.000200774	0.00131216	0.000872287	0
4485.761697108	3628.125066108	-0.104219	0.485189	-0.130825	-0.00030466	0.00128323	0.000929868	0
4465.671339786	3636.317427996	-0.0998672	0.476861	-0.122833	-0.00118908	0.0013586	0.00117984	0
4499.936698851	3638.171181431	-0.0979637	0.477775	-0.116428	-0.0010555	0.00160155	0.00133607	0
4470.554583172	3640.671150251	-0.103338	0.48704	-0.196995	-0.000890988	0.00166373	0.00115911	0
4495.847908952	3635.412096563	-0.0955186	0.448954	-0.166491	-0.000257082	0.00132331	0.000985049	0
4473.531255988	3637.069866644	-0.0993427	0.453412	-0.184619	-0.000179724	0.00133086	0.000951176	0
4486.203049249	3638.600082913	-0.0911688	0.466639	-0.13975	0.000133411	0.00132062	0.000967243	0
4478.672772836	3638.688125107	-0.0943822	0.483801	-0.151328	-0.000238413	0.00131794	0.00107479	0
4489.798753782	3648.927217466	-0.0942323	0.500776	-0.0997246	-0.00112096	0.00142188	0.00139996	0
4486.441002449	3641.529096373	-0.102666	0.471215	-0.122828	-0.00144197	0.00162444	0.00117774	0
4480.687816297	3643.316138162	-0.102009	0.483841	-0.185095	-0.000710551	0.00132795	0.00115632	0
4488.836928097	3637.155045677	-0.104656	0.475471	-0.178235	-0.000421529	0.00127668	0.0010299	0
4471.924777386	3640.991251624	-0.0980372	0.449058	-0.191608	-0.000215325	0.00135957	0.00103967	0
4482.924910146	3636.803020061	-0.0953416	0.452213	-0.16257	-0.000207571	0.00120129	0.000950528	0
4477.627702797	3639.668185036	-0.0832694	0.476948	-0.153812	-0.0012166	0.0014007	0.00125646	0
4488.982213054	3641.583353269	-0.0826486	0.477425	-0.12142	-0.001486	0.00117994	0.00141561	0
4469.581664784	3630.647367581	-0.0933815	0.510892	-0.168204	-0.00201632	0.00109238	0.00123443	0
4490.002054557	3637.098784568	-0.0812421	0.455153	-0.199027	-0.000778377	0.0012872	0.00120933	0
4467.201347453	3635.275810111	-0.0846543	0.470002	-0.208963	-0.000523078	0.00134243	0.00113062	0
4493.488697206	3632.317878728	-0.0731149	0.446132	-0.162696	-0.000263472	0.0010292	0.00113349	0
4469.219532211	3630.526255881	-0.0693841	0.475323	-0.17892	-0.000655356	0.00114443	0.00120731	0
4486.995244929	3627.874969015	-0.071892	0.494445	-0.149897	-0.000596679	0.00110388	0.00152202	0
4485.75639617	3633.472591463	-0.0624727	0.52234	-0.129993	-0.00122168	0.0013322	0.0015551	0
4490.901446976	3636.781116881	-0.0860777	0.519701	-0.100624	-0.00154185	0.00165591	0.00132041	0
4483.24306457	3629.725572974	-0.0910974	0.465932	-0.180307	-0.00110814	0.00132816	0.00116073	0
4474.941992558	3633.046553142	-0.0886571	0.490127	-0.137347	-0.000403994	0.00139128	0.0010714	0
4478.991908915	3626.205889449	-0.0843656	0.450412	-0.159932	-7.02166e-05	0.00151059	0.00102385	0
4467.709550308	3631.278837687	-0.0896324	0.481992	-0.116426	-0.000454781	0.00142381	0.00105071	0
4496.036386735	3631.640598049	-0.0879489	0.462841	-0.117432	-0.000403994	0.00131957	0.00121935	0
4473.428574862	3638.442322755	-0.0904716	0.514376	-0.103304	-0.00112664	0.00129067	0.00143539	0
4491.076868746	3631.814105592	-0.0955905	0.53388	-0.12681	-0.00128982	0.00139568	0.00138069	0
4460.833154369	3635.111607841	-0.0945024	0.492315	-0.168001	-0.000654742	0.0013342	0.00126095	0
4482.151954906	3629.481774835	-0.0917425	0.501536	-0.143765	-0.000275065	0.00135982	0.00103109	0
4451.538843708	3636.215213157	-0.0870425	0.478045	-0.169802	-1.27629e-05	0.00145318	0.00117656	0
4486.558801064	3634.578916781	-0.095677	0.476485	-0.117972	-0.000604995	0.0012863	0.00135161	0
4469.103009749	3637.368494312	-0.0947641	0.479394	-0.117281	-0.00149373	0.00132404	0.00135942	0
4494.127852854	3637.836191622	-0.106049	0.476747	-0.120373	-0.0012579	0.00137819	0.00152691	0
4463.246258981	3632.628817986	-0.107639	0.516882	-0.161665	-0.0011813	0.00118329	0.00115981	0
4484.387968935	3634.886849721	-0.102457	0.452972	-0.157526	-0.000497702	0.00143299	0.00130577	0
4469.448061523	3638.278120486	-0.0978347	0.515106	-0.171388	-0.000577458	0.0014072	0.00137596	0
4489.737007675	3639.446576393	-0.0911777	0.513442	-0.132677	-4.33589e-06	0.00139298	0.00114736	0
4472.785099932	3637.172510958	-0.0933243	0.476325	-0.146801	-0.000809492	0.00127379	0.000978012	0
4494.02733137	3644.771053304	-0.0900701	0.533117	-0.0899885	-0.00119116	0.00135432	0.00144367	0
4472.774301726	3643.602883713	-0.0998642	0.488995	-0.113641	-0.0015602	0.00146152	0.00165538	0
4486.308479008	3642.400069877	-0.101183	0.511214	-0.0928677	-0.000850142	0.00143129	0.00150016	0
4477.685718614	3638.381194273	-0.101621	0.481504	-0.151152	-0.000818154	0.0014772	0.00154365	0
4480.48215955	3645.118927336	-0.0935046	0.482679	-0.107453	-0.000579332	0.00154883	0.00138151	0
4481.580729793	3634.292171231	-0.0935911	0.493893	-0.137743	-0.000329332	0.00153959	0.00151003	0
4478.224254612	3641.33883934	-0.0978483	0.501234	-0.123959	-0.000329332	0.00146419	0.00148386	0
4479.235850212	3633.157071147	-0.131566	0.485382	-0.145664	-0.000495277	0.00201328	0.000870728	0
4485.424793071	3644.780358576	-0.114377	0.582154	-0.121084	-0.000606632	0.00160884	0.00158174	0
4492.815674457	3638.186785657	-0.162727	0.697669	-0.221452	0.00617163	0.003083	0.00165747	0
4469.687978034	3638.227872014	-0.194556	0.598636	-0.249499	0.00317593	0.00300667	0.00155598	0
4479.480184171	3642.647590125	-0.180597	0.520752	-0.140551	-0.000831946	0.00244398	0.00106409	0
4454.111074615	3630.560900126	-0.176717	0.520219	-0.123149	-0.00048916	0.00234053	0.00118094	0
4470.854576976	3629.917261587	-0.171784	0.51914	-0.1395	-0.000287348	0.00218927	0.00103437	0
4452.72056014	3629.477623252	-0.150742	0.560958	-0.171363	0.000247765	0.00199847	0.00118845	0
4477.34636044	3630.093489132	-0.146559	0.575625	-0.160762	0.000508458	0.00214598	0.00122112	0
4460.910410627	3633.015344689	-0.141984	0.579328	-0.188485	0.000807963	0.00155189	0.00115971	0
4485.870758991	3630.960883685	-0.139793	0.58868	-0.136423	-0.000364092	0.00165488	0.00129701	0
4463.094691431	3627.532964462	-0.14296	0.50128	-0.158853	0.000755511	0.00138711	0.000681851	0
4489.738676489	3632.344219807	-0.14324	0.541566	-0.137856	-7.29747e-05	0.00123864	0.000335639	0
4469.309255489	3631.007123731	-0.129988	0.536077	-0.183303	0.00023963	0.00149939	0.000938556	0
4483.047813367	3630.477868464	-0.127327	0.496605	-0.172742	-0.00043283	0.00159844	0.000996109	0
4483.98323253	3637.946995944	-0.124445	0.475872	-0.126513	-0.000597575	0.0016878	0.00107544	0
4476.643986202	3629.963215317	-0.121094	0.50065	-0.160969	-0.000597575	0.00144905	0.00105595	0
4482.381171376	3632.102855354	-0.123785	0.522174	-0.115748	-0.000662569	0.00134427	0.0012063	0
4500.277529509	3635.992745566	-0.125087	0.564434	-0.0984094	-0.00130669	0.00144694	0.00147417	0
4478.145722203	3642.053484266	-0.113228	0.541451	-0.115772	-0.00173512	0.00161912	0.00140227	0
4492.97440809	3637.240654184	-0.129341	0.524813	-0.159665	-0.000908667	0.00170507	0.00124172	0
4454.790772619	3632.334628218	-0.130227	0.531863	-0.152064	-0.000821964	0.00139453	0.00120154	0
4483.934051608	3633.102814251	-0.112141	0.53291	-0.133581	-0.000808117	0.0015186	0.00129621	0
4448.083417692	3629.541758053	-0.12446	0.518674	-0.150117	-0.000873447	0.00107475	0.00120381	0
4485.546812802	3632.721441237	-0.11894	0.511025	-0.128991	-0.00112117	0.00129585	0.00133806	0
4455.945788031	3632.278796583	-0.121078	0.530362	-0.122838	-0.00208164	0.00129318	0.00126255	0
4480.501890818	3635.112609947	-0.118537	0.515385	-0.116727	-0.00187492	0.00139745	0.00124531	0
4460.651940834	3632.912843534	-0.112624	0.530923	-0.170778	-0.00139037	0.00134844	0.00104931	0
4474.533525863	3625.823371171	-0.104602	0.463422	-0.117396	-0.000661226	0.00131404	0.000846794	0
4467.990598168	3625.114309409	-0.105045	0.515517	-0.13284	-0.000526256	0.0013751	0.00110248	0
4467.071572647	3630.180099745	-0.102189	0.51036	-0.100217	-0.000444144	0.00149049	0.0012643	0
4475.360472135	3623.431200355	-0.10648	0.479815	-0.124385	-0.00038027	0.00150045	0.00110235	0
4468.502138651	3627.599819266	-0.108531	0.528631	-0.13121	-0.000942768	0.00123618	0.00137239	0
4487.786949782	3631.173043897	-0.110276	0.529035	-0.0941071	-0.00166045	0.00139409	0.00132692	0
4460.511367821	3627.208282032	-0.107588	0.507284	-0.120834	-0.00193879	0.00131513	0.00136902	0
4491.091789904	3630.174802897	-0.105238	0.495983	-0.148885	-0.00128929	0.00140477	0.0011833	0
4471.739342735	3628.421546405	-0.105956	0.474521	-0.178358	-0.00128929	0.00123935	0.00111694	0
4477.688958076	3626.361931711	-0.108301	0.468682	-0.121709	-0.000737977	0.00148055	0.00104767	0
4477.627113804	3628.21539883	-0.105496	0.524268	-0.149721	-0.000626442	0.00127996	0.00111275	0
4469.974817659	3627.348147435	-0.10428	0.53435	-0.113139	-0.000691439	0.00148582	0.00119391	0
4493.44334474	3629.399458963	-0.112522	0.502489	-0.131395	-0.00119327	0.00138453	0.00108175	0
4475.710726681	3632.201204927	-0.11807	0.54328	-0.116571	-0.0020313	0.00127617	0.00135834	0
4497.654841529	3632.930738289	-0.105718	0.554562	-0.133604	-0.00177538	0.00145259	0.00119379	0
4463.993494857	3634.52723673	-0.113538	0.489119	-0.189632	-0.00121173	0.00109034	0.00103895	0
4486.544861561	3625.841122768	-0.100597	0.502473	-0.152967	-0.00107921	0.00122777	0.00100355	0
4459.94730879	3631.680252826	-0.100278	0.468502	-0.171016	-0.00104962	0.00137262	0.000892514	0
4492.713484159	3630.594542265	-0.109371	0.480171	-0.124093	-0.00101937	0.00132658	0.00105767	0
4476.180841318	3633.764347545	-0.0984579	0.53393	-0.134364	-0.00199686	0.00136742	0.00124182	0
4492.579291905	3638.812243126	-0.0927385	0.536189	-0.109488	-0.00205402	0.00141763	0.00136908	0
4482.254537866	3632.65916749	-0.0935876	0.54203	-0.209609	-0.00205834	0.00168612	0.0011484	0
4483.296761105	3635.624256776	-0.0962128	0.475841	-0.151053	-0.00101089	0.00134784	0.00105835	0
4485.597564372	3636.79729374	-0.0977867	0.509808	-0.178196	-0.000883978	0.0015478	0.00117433	0
4480.025788085	3636.008779266	-0.0982946	0.483375	-0.141429	-0.00101089	0.00162492	0.00110128	0
4493.848964635	3637.296915293	-0.0982515	0.477114	-0.136814	-0.00146218	0.00133187	0.001366	0
4491.546688886	3639.899957899	-0.0977497	0.512752	-0.144761	-0.00165994	0.00122136	0.00137024	0
4497.281616253	3636.382708061	-0.0993545	0.511873	-0.169381	-0.00162058	0.00139943	0.00124725	0
4477.5707668	3642.227707599	-0.103441	0.507976	-0.170293	-0.000837964	0.00130244	0.0010759	0
4491.578200015	3638.942660099	-0.109266	0.500853	-0.17367	-0.00108729	0.00123743	0.00119498	0
4476.299523421	3642.96096307	-0.10662	0.526643	-0.151228	-0.00052064	0.00126532	0.00145201	0
4498.919409652	3642.621105888	-0.102588	0.558072	-0.114864	-0.00140281	0.00144865	0.00150187	0
4473.831642454	3641.943252577	-0.101762	0.527886	-0.114235	-0.00180249	0.00155256	0.00158747	0
4492.410741721	3641.445348921	-0.121976	0.520776	-0.131303	-0.00117724	0.00151299	0.00139499	0
4453.884606779	3640.909365226	-0.138165	0.526748	-0.153086	-0.00125302	0.00164946	0.00105116	0
4495.46103867	3635.955381318	-0.13955	0.529569	-0.136745	-0.000595302	0.00167047	0.00120824	0
4481.875324494	3637.226911012	-0.140029	0.530821	-0.146634	-0.000640701	0.0013728	0.00108701	0
4490.98272802	3639.677633466	-0.12348	0.518308	-0.123516	-0.000560989	0.00151636	0.00110891	0
4484.990508847	3634.453653498	-0.125607	0.584435	-0.129617	-0.00103468	0.00153133	0.000950647	0
4473.733575108	3638.516049145	-0.13465	0.556397	-0.109519	-0.000975064	0.00163522	0.0010487	0
4486.851137958	3638.280983647	-0.135426	0.525291	-0.117248	-0.00142448	0.00155422	0.000919185	0
4476.820880455	3639.928732665	-0.123788	0.567684	-0.115431	-0.00221686	0.00137667	0.00117451	0
4497.121606468	3636.131465704	-0.126903	0.534603	-0.166215	-0.00221686	0.0014087	0.000965202	0
4468.497034044	3636.075490912	-0.117069	0.530647	-0.162282	-0.00125904	0.00150945	0.000968439	0
4481.46509082	3629.260023034	-0.109271	0.472876	-0.167764	-0.0010811	0.00137199	0.000742138	0
4455.73168905	3636.381705955	-0.109162	0.479431	-0.169884	-0.000654167	0.00126036	0.000882431	0
4483.825775049	3636.135617288	-0.105482	0.53525	-0.135467	-0.0014325	0.00144398	0.000750859	0
4462.445032074	3640.304522515	-0.113085	0.51293	-0.126324	-0.00224072	0.00142871	0.000989874	0
4485.243677702	3638.415265886	-0.113157	0.503582	-0.122297	-0.00209775	0.00133277	0.00105317	0
4457.538228964	3633.746023316	-0.115689	0.535337	-0.182306	-0.00225331	0.00120955	0.00104243	0
4481.071447117	3633.476743046	-0.1068	0.472469	-0.152503	-0.00127323	0.00148266	0.000637226	0
4455.253230345	3632.919571962	-0.0977346	0.490295	-0.173453	-0.00145934	0.00108549	0.000605069	0
4479.114026811	3632.922005648	-0.09594	0.477547	-0.126216	-0.0012838	0.00124675	0.000772026	0
4473.712273191	3631.751688687	-0.0947912	0.522215	-0.133834	-0.00228264	0.00118296	0.000969005	0
4491.628755254	3636.333604854	-0.0817119	0.525438	-0.100577	-0.00259765	0.00124005	0.00137283	0
4480.339623227	3634.407842926	-0.0712965	0.465854	-0.200434	-0.00246867	0.000965057	0.00124341	0
4479.696933621	3637.082750868	-0.0627698	0.47047	-0.151536	-0.00176446	0.00094553	0.00117544	0
4480.208277772	3629.905236312	-0.0626804	0.46956	-0.170281	-0.00124081	0.000951711	0.00120567	0
4478.900025996	3632.55408949	-0.0543478	0.471862	-0.132519	-0.00134369	0.00102591	0.00122713	0
4496.146430274	3630.406575761	-0.0645015	0.461556	-0.138974	-0.00205132	0.000906721	0.00143371	0
4486.083483655	3643.054445269	-0.061669	0.506243	-0.130619	-0.00235327	0.000665314	0.00144119	0
4496.11982742	3635.375161789	-0.0693378	0.51164	-0.166702	-0.00251334	0.000800283	0.00132539	0
4470.293561076	3636.889344358	-0.0639484	0.469059	-0.195321	-0.00182487	0.000777963	0.00127657	0
4474.238931162	3632.311293458	-0.0524583	0.489297	-0.175308	-0.00151703	0.000776126	0.00113382	0
4464.260210553	3639.024117022	-0.0616023	0.463658	-0.169174	-0.00119505	0.000578709	0.00129764	0
4480.441322697	3631.631006461	-0.0606436	0.497228	-0.153271	-0.00114756	0.00101802	0.00121023	0
4461.544657999	3638.628571363	-0.0660761	0.497727	-0.162962	-0.00182482	0.000602048	0.00124186	0
4499.413182177	3639.821220978	-0.0673176	0.500248	-0.127436	-0.00241462	0.000775779	0.00134817	0
4463.95668279	3634.916197119	-0.0685537	0.493839	-0.153199	-0.00299387	0.000927273	0.00129839	0
4493.434215347	3644.769478565	-0.0713154	0.465371	-0.190339	-0.00235854	0.000876908	0.00111412	0
4457.681746943	3634.871102337	-0.0670592	0.477736	-0.212744	-0.00199765	0.000821147	0.0009043	0
4485.097509254	3635.763406389	-0.0695409	0.449668	-0.16247	-0.00161612	0.000715855	0.000912897	0
4470.152889898	3630.310659875	-0.0700855	0.482357	-0.19187	-0.00150201	0.000648381	0.000952196	0
4486.778397314	3645.292148562	-0.0580357	0.528326	-0.117065	-0.00209773	0.00100415	0.00146461	0
4472.773221905	3636.256872146	-0.057037	0.552789	-0.156059	-0.00311511	0.000664074	0.00145912	0
4478.814327504	3641.950553637	-0.0673768	0.548259	-0.181264	-0.00277068	0.000808528	0.00121897	0
4486.649604162	3639.028125447	-0.0881517	0.458339	-0.257772	-0.00193252	0.000575802	0.000748327	0
4481.317940718	3636.102977255	-0.0826159	0.330105	-0.17753	-0.00177828	3.38717e-05	5.8495e-05	0
4466.692555605	3635.62468625	-0.0618714	0.445906	-0.215816	-0.00209372	0.000329394	0.000607048	0
4475.679510049	3635.044180405	-0.0576296	0.448864	-0.201966	-0.00215108	0.00071141	0.000953258	0
4482.192399097	3640.519259572	-0.0493617	0.455269	-0.143434	-0.00155327	0.000759787	0.00101448	0
4478.869889183	3637.296199502	-0.0541402	0.462546	-0.181295	-0.002152	0.000560031	0.00106685	0
4505.911150067	3638.354280562	-0.0558648	0.496825	-0.129569	-0.00218222	0.00067683	0.00130557	0
4510.031156599	3638.536377586	-0.0558859	0.510911	-0.140267	-0.00293991	0.000566432	0.00131207	0
4486.456905262	3641.063546433	-0.0558352	0.507861	-0.205606	-0.00224947	0.000728203	0.00141713	0
4495.340785918	3631.393507276	-0.0563044	0.515112	-0.218087	-0.0020553	0.000804994	0.00154655	0
4466.198095922	3641.428885746	-0.0528189	0.452331	-0.219306	-0.00159343	0.000828992	0.00114416	0
4485.895300369	3632.804616057	-0.0465627	0.464372	-0.177446	-0.0015081	0.000722109	0.00113695	0
4461.634283111	3636.3682491	-0.0590592	0.493728	-0.174581	-0.00195889	0.000738095	0.00133126	0
4480.113155391	3640.029945398	-0.0482373	0.507396	-0.116196	-0.0022777	0.000734775	0.00143386	0
4462.365125347	3635.820812762	-0.0492998	0.528831	-0.142703	-0.00283017	0.000835352	0.00135182	0
4468.002672526	3634.121383692	-0.0538717	0.484661	-0.135149	-0.00224937	0.000990777	0.00145075	0
4465.186598488	3634.553291493	-0.0425502	0.497835	-0.174892	-0.00222573	0.00085083	0.00149341	0
4470.60494208	3632.040724766	-0.0485357	0.441007	-0.127412	-0.00153218	0.000955332	0.00163329	0
4470.375038451	3633.329862899	-0.043913	0.495045	-0.153593	-0.00150232	0.000816069	0.00144789	0
4464.647964325	3635.339085964	-0.0445358	0.513741	-0.112013	-0.00174721	0.000821907	0.00134923	0
4478.629285514	3630.835047769	-0.0487852	0.484803	-0.11593	-0.00198558	0.00108977	0.00135582	0
4478.09438164	3639.921002131	-0.0522272	0.520102	-0.103557	-0.00238943	0.000920224	0.0015973	0
4482.614118136	3632.763100226	-0.0550458	0.497918	-0.141709	-0.00253286	0.00090962	0.00148755	0
4464.587887032	3636.571962988	-0.0619617	0.488783	-0.136006	-0.00213413	0.000941211	0.00130054	0
4477.126666024	3632.231554431	-0.0575679	0.444794	-0.166627	-0.00187945	0.00085535	0.00139117	0
4465.157835993	3636.995281306	-0.052695	0.491398	-0.127603	-0.00122148	0.001051	0.00155556	0
4492.052830265	3642.561981618	-0.0470369	0.485092	-0.101805	-0.00139532	0.000639929	0.00147897	0
4467.243754954	3637.888444306	-0.0548226	0.538189	-0.104666	-0.00229178	0.000676868	0.00151478	0
4488.185599926	3636.401604922	-0.0574397	0.51081	-0.123816	-0.00207531	0.00094311	0.00156959	0
4454.681121742	3636.358514353	-0.0750283	0.499799	-0.161623	-0.00230951	0.000625188	0.00135726	0
4492.112122234	3633.823185498	-0.0590286	0.514522	-0.154245	-0.00163894	0.00086674	0.00114898	0
4464.135049525	3634.530958839	-0.0638313	0.492292	-0.179178	-0.00180831	0.000574295	0.00112819	0
4483.349083323	3630.825313022	-0.0557503	0.484354	-0.146602	-0.00144188	0.000734711	0.00123538	0
4464.768118911	3633.149197455	-0.0507683	0.556388	-0.14932	-0.00200021	0.000591585	0.00133683	0
4489.466463524	3643.881182939	-0.0531657	0.533912	-0.0959125	-0.00247525	0.000874985	0.00157907	0
4472.546459573	3636.261310045	-0.0589067	0.511128	-0.127667	-0.00301063	0.000827048	0.00138995	0
4487.371415171	3641.76430503	-0.0579566	0.511407	-0.144078	-0.00221431	0.00060956	0.00141226	0
4476.357539239	3635.662193656	-0.053275	0.45302	-0.190993	-0.0019311	0.000687704	0.0013055	0
4476.043115105	3638.702154595	-0.0481945	0.481026	-0.12924	-0.00137604	0.000709601	0.001242	0
4483.926591029	3634.478419839	-0.0361469	0.448804	-0.154195	-0.00109186	0.000646526	0.00123938	0
4476.837863088	3639.694382957	-0.0422336	0.480105	-0.15789	-0.00147295	0.000490864	0.00141816	0
4486.891974811	3633.408313504	-0.0485653	0.529098	-0.126573	-0.00212699	0.000668823	0.00151405	0
4471.325869599	3638.129236126	-0.049883	0.530689	-0.12571	-0.00279001	0.000559051	0.00168604	0
4493.937509926	3635.922168653	-0.0449185	0.526889	-0.185307	-0.00270191	0.000569822	0.00146867	0
4464.255891271	3641.437188912	-0.0352132	0.479248	-0.202722	-0.00178051	0.000370204	0.00145418	0
4482.490331426	3631.965566796	-0.0347039	0.492789	-0.169273	-0.00155782	0.000594461	0.00128968	0
4460.371678298	3635.315751203	-0.0437182	0.462029	-0.193743	-0.00147153	0.000339714	0.00128411	0
4483.090417199	3634.748559056	-0.0426424	0.464306	-0.157633	-0.0010013	0.000705972	0.00125031	0
4465.623533181	3633.685610624	-0.0492328	0.485495	-0.179244	-0.00159967	0.000712131	0.0012611	0
4482.942579939	3637.8714085	-0.0400504	0.51711	-0.118929	-0.00224467	0.000810943	0.00160005	0
4463.393998077	3629.245134598	-0.0556394	0.553006	-0.157258	-0.00273571	0.000703944	0.00160866	0
4476.982264556	3640.264295106	-0.0441061	0.513975	-0.15839	-0.00238068	0.000627643	0.00143368	0
4477.950372834	3637.034077135	-0.0455262	0.494717	-0.212346	-0.00200424	0.000697005	0.00134867	0
4460.982660444	3638.433733273	-0.0357996	0.499087	-0.147316	-0.00141226	0.000734471	0.0012731	0
4484.860930371	3631.195806025	-0.0388089	0.466992	-0.164431	-0.00109368	0.000629105	0.0012661	0
4458.907932351	3636.001764522	-0.0450721	0.47076	-0.16826	-0.00131238	0.00062044	0.00129178	0
4491.088746773	3638.09902978	-0.0406581	0.522004	-0.129526	-0.00181389	0.000729432	0.00150528	0
4468.205384308	3640.130585499	-0.0425141	0.514722	-0.138843	-0.00246956	0.000412543	0.00168077	0
4500.479652297	3637.350456399	-0.0533181	0.501162	-0.177444	-0.0021514	0.000687921	0.00158266	0
4467.459424584	3635.314176465	-0.0428401	0.471493	-0.237599	-0.00175771	0.000726755	0.00137914	0
4491.334553215	3627.83230792	-0.0396868	0.472217	-0.196456	-0.00122419	0.000621679	0.00139844	0
4473.632366465	3631.861347744	-0.0379322	0.485305	-0.193819	-0.00139181	0.000427025	0.00111786	0
4491.094342207	3634.240491179	-0.0361783	0.506255	-0.151988	-0.00164711	0.000457791	0.00147394	0
4475.512726844	3641.728801836	-0.0332317	0.533773	-0.153832	-0.00237704	0.000500809	0.00156348	0
4489.734160875	3640.813592499	-0.040944	0.537376	-0.127952	-0.00274402	0.000514227	0.00164279	0
4478.183810421	3635.975709759	-0.0402808	0.492889	-0.214157	-0.00216439	0.000535204	0.00147353	0
4479.819247848	3637.339719546	-0.0308709	0.518185	-0.153011	-0.00143831	0.000724621	0.00154257	0
4471.834857778	3631.204681823	-0.0314569	0.45632	-0.188336	-0.00135242	0.000542797	0.00143574	0
4472.881498465	3634.437619798	-0.0271869	0.49669	-0.142691	-0.00126419	0.000504914	0.00140762	0
4477.62544499	3633.010334158	-0.0204885	0.463443	-0.156522	-0.00222814	9.88569e-05	0.00169596	0
4474.511144127	3636.950186524	-0.0116456	0.538086	-0.130397	-0.00270996	0.000224031	0.0020793	0
4484.651739665	3640.558628033	-0.0168719	0.454824	-0.214921	-0.00244198	-0.000139777	0.00170815	0
4474.417985056	3638.552124971	-0.0174947	0.514026	-0.177631	-0.00133402	0.000124195	0.00176519	0
4480.47931275	3628.743222516	-0.019916	0.453545	-0.190543	-0.00144587	0.000231126	0.00157583	0
4469.367173141	3638.106187682	-0.0193252	0.476104	-0.164806	-0.00142135	0.000418622	0.00175374	0
4494.933889872	3635.958244478	-0.0161627	0.486195	-0.155359	-0.00192682	0.000370627	0.00163055	0
4473.806708414	3635.736206361	-0.0235574	0.501677	-0.161192	-0.00257841	0.000153222	0.00189426	0
4489.958665401	3638.045488674	-0.0292387	0.510937	-0.199683	-0.00214523	0.000329188	0.00163751	0
4467.18544464	3641.128110708	-0.0233691	0.498399	-0.178105	-0.00147401	0.000444786	0.00146054	0
4495.229171731	3639.466045886	-0.030738	0.461164	-0.204904	-0.0012687	0.000403387	0.00145305	0
4462.953627591	3639.1644119	-0.0379531	0.474908	-0.201099	-0.000926167	0.000417134	0.00141237	0
4492.16120499	3639.112016058	-0.0406383	0.52274	-0.169376	-0.00187294	0.000697614	0.00173731	0
4473.027176084	3642.204229681	-0.0439096	0.525445	-0.161586	-0.00264022	0.000613957	0.00182682	0
4493.769646901	3647.982517572	-0.0387601	0.51199	-0.169249	-0.00176273	0.000582149	0.00175676	0
4456.314399528	3643.467742525	-0.0406968	0.496304	-0.186208	-0.00154794	0.000585905	0.00171768	0
4496.340994318	3641.162611795	-0.039112	0.507512	-0.183791	-0.00138824	0.000633094	0.00165686	0
4467.940533757	3638.183206707	-0.042777	0.473302	-0.19401	-0.00154794	0.00061544	0.00140852	0
4487.298969023	3643.810606026	-0.0378716	0.471105	-0.185573	-0.00137467	0.000393625	0.00150032	0
4471.234673838	3643.337755026	-0.0404506	0.545509	-0.186272	-0.00167836	0.00056189	0.00156855	0
4487.64834008	3644.776063835	-0.0309451	0.508136	-0.141348	-0.00234146	0.000522667	0.00197361	0
4457.158426599	3637.939694884	-0.0307178	0.563411	-0.163583	-0.00306921	0.000406045	0.00170221	0
4486.895606935	3635.905991794	-0.0358847	0.483004	-0.198493	-0.00194242	0.000506461	0.00167952	0
4457.560218039	3633.260717567	-0.0369848	0.502222	-0.19719	-0.00160442	0.0002307	0.00144791	0
4481.617934522	3634.197257452	-0.03001	0.453879	-0.174593	-0.00126903	0.000390962	0.00151146	0
4460.877721512	3631.914602534	-0.0297067	0.494397	-0.192518	-0.00134753	0.000401147	0.00144287	0
4479.667287636	3638.211838314	-0.034314	0.516391	-0.134441	-0.00157331	0.000613254	0.00182662	0
4471.340987087	3634.677838986	-0.0258738	0.52422	-0.146637	-0.00185681	0.000416694	0.00162445	0
4484.251715204	3638.86592739	-0.0281887	0.526927	-0.100243	-0.00229654	0.000723725	0.00199812	0
4479.494908997	3634.89128762	-0.0336836	0.461009	-0.173274	-0.00232354	0.000497848	0.00179136	0
4476.26369301	3637.85895375	-0.0349866	0.530533	-0.152042	-0.00185681	0.000769798	0.00186045	0
4494.024975398	3631.634585412	-0.030327	0.446509	-0.190349	-0.0013463	0.000462858	0.00168427	0
4480.153501416	3637.796536846	-0.0332087	0.474803	-0.201149	-0.00115957	0.000313354	0.00153949	0
4492.365781916	3635.781730617	-0.03948	0.522928	-0.170961	-0.00201803	0.000480863	0.00171203	0
4481.87738597	3639.184740341	-0.037212	0.523074	-0.15537	-0.00232645	0.000316379	0.00198774	0
4489.870218274	3633.87558134	-0.0392644	0.527024	-0.170715	-0.00252911	0.000296705	0.00171469	0
4466.848442438	3633.254132297	-0.0301339	0.496186	-0.221079	-0.00174692	0.000335213	0.00139206	0
4477.237887549	3630.013893262	-0.0284164	0.511494	-0.186472	-0.00149829	0.000413295	0.00143066	0
4460.873794891	3635.411953405	-0.0303919	0.491837	-0.203861	-0.00131574	0.000100271	0.00124297	0
4484.865445984	3634.118950005	-0.0300659	0.524062	-0.16236	-0.00161652	0.000175808	0.00151701	0
4469.641447581	3640.94114631	-0.0307783	0.508283	-0.15765	-0.00261652	0.000225309	0.00163482	0
4488.130529074	3636.749192639	-0.0354344	0.484814	-0.171006	-0.00256967	0.000346433	0.00159614	0
4466.985775989	3640.590122801	-0.0325791	0.495786	-0.219443	-0.00204002	4.24183e-06	0.00145933	0
4484.450893028	3632.406493553	-0.0339182	0.497558	-0.185159	-0.00170565	0.000367986	0.00142394	0
4461.378169291	3638.179914072	-0.0302902	0.472617	-0.200773	-0.00154426	0.000155902	0.00151951	0
4487.11530135	3628.004813356	-0.0346638	0.503066	-0.176419	-0.00137433	0.000246018	0.00128597	0
4467.860332534	3635.064508847	-0.0350299	0.507923	-0.23104	-0.00131865	0.000333901	0.00128222	0
4491.709741801	3632.330906109	-0.0146079	0.504289	-0.15295	-0.00221093	0.000503491	0.00163389	0
4466.043779738	3628.251188339	-0.0335253	0.549458	-0.169449	-0.00309288	0.000455803	0.00165829	0
4492.720944738	3639.508277507	-0.0294717	0.478154	-0.211845	-0.00230336	0.000410569	0.0016402	0
4467.250921037	3634.55200307	-0.0179598	0.524754	-0.212296	-0.00184809	0.000192286	0.00135098	0
4487.944505429	3631.877524602	-0.0301237	0.475335	-0.184166	-0.00137276	0.000594116	0.00137345	0
4468.286076359	3631.504884229	-0.0252732	0.479718	-0.211477	-0.00154721	0.000374304	0.00135959	0
4481.424450298	3632.788439199	-0.0283218	0.492719	-0.178949	-0.0014957	4.14371e-05	0.00141776	0
4477.398486326	3634.559447288	-0.0361617	0.555728	-0.182004	-0.00250826	0.000215548	0.00180109	0
4481.254525797	3638.62513557	-0.0326797	0.54729	-0.137756	-0.00262971	0.00029834	0.00177152	0
4484.937401305	3641.164186534	-0.0379062	0.573414	-0.250717	-0.0028497	0.000182656	0.0014132	0
4474.277117547	3635.675936827	-0.054566	0.436823	-0.190066	-0.00122259	0.000282677	0.00095696	0
4465.820158702	3635.863760173	-0.0499782	0.456489	-0.215505	-0.00208215	0.000404475	0.000908992	0
4472.038256718	3635.584029367	-0.0332443	0.48349	-0.199886	-0.00229495	0.000444536	0.00150468	0
4470.83415855	3642.107311689	-0.0231134	0.505231	-0.22915	-0.00150805	0.000118086	0.0014605	0
4480.210535579	3640.850527272	-0.0272338	0.519111	-0.200085	-0.00222461	0.000393927	0.00155217	0
4502.655687198	3648.544269714	-0.0251749	0.519992	-0.134151	-0.00236639	0.000483886	0.00186615	0
4494.213060518	3637.596974541	-0.0429248	0.485845	-0.185154	-0.00310252	0.000623642	0.00187398	0
4492.750688888	3642.788600792	-0.0354259	0.543889	-0.195986	-0.00241527	0.000682426	0.00173514	0
4498.70423085	3637.288755284	-0.0372663	0.465372	-0.248309	-0.00217915	0.000464418	0.00174231	0
4483.192607497	3639.7744083	-0.0244231	0.517855	-0.210137	-0.0020706	0.000637407	0.00155028	0
4497.708734395	3636.359230143	-0.0358278	0.497384	-0.236066	-0.00142779	0.000505104	0.00152951	0
4481.12278768	3638.630432418	-0.042644	0.5585	-0.199896	-0.00209048	0.000168917	0.00158268	0
4495.447884492	3637.914499069	-0.0484851	0.569973	-0.187696	-0.00265641	0.000377406	0.00155269	0
4467.336226867	3642.260204473	-0.0408561	0.5191	-0.235701	-0.00205374	0.000591439	0.00153476	0
4490.10718982	3641.329247752	-0.0386687	0.534605	-0.214243	-0.00196689	0.000651764	0.00113564	0
4459.639559911	3637.212881524	-0.0468702	0.503889	-0.201341	-0.00128599	0.000762187	0.0013973	0
4489.161561445	3633.670006397	-0.0498674	0.503156	-0.203973	-0.00108773	0.000974797	0.00142947	0
4456.642665	3635.591759901	-0.0531761	0.542477	-0.222725	-0.000755728	0.000616697	0.00144152	0
4486.848389324	3633.579959991	-0.0468964	0.569337	-0.163192	-0.000907185	0.000762646	0.00182929	0
4455.963065161	3631.548261115	-0.0389194	0.601675	-0.213858	0.000498037	0.00130913	0.00168366	0
4504.139164413	3631.757844483	-0.0644768	0.739489	-0.488019	0.0103162	0.00246452	0.00222406	0
4445.238875655	3620.164620241	-0.0906782	0.738812	-0.538919	0.00941023	0.00303375	0.00206011	0
4473.730630142	3628.55539917	-0.0872675	0.661036	-0.468565	0.00715189	0.00261288	0.00156272	0
4440.65415359	3624.008556722	-0.0729691	0.636996	-0.435817	0.00491875	0.0021161	0.00145549	0
4482.760188418	3631.049641668	-0.0555697	0.623	-0.337431	0.00355103	0.00172585	0.00170694	0
4448.527420302	3620.756435571	-0.0589757	0.640876	-0.362584	0.00341266	0.00148993	0.00166044	0
4477.329574137	3626.431935991	-0.0449939	0.654487	-0.290889	0.00280802	0.00161942	0.00187877	0
4456.123663939	3622.870307161	-0.0482869	0.702656	-0.288186	0.00160126	0.00157727	0.00195329	0
4475.212634874	3623.427335088	-0.0469194	0.648246	-0.294339	0.00182788	0.00179898	0.00203684	0
4457.700987383	3623.419461396	-0.0511161	0.662821	-0.372436	0.0021461	0.00136932	0.00194217	0
4468.097402245	3624.123655785	-0.0376117	0.569531	-0.326457	0.00301689	0.00154817	0.00192515	0
4460.767874304	3623.086475799	-0.0407563	0.613017	-0.341669	0.00301689	0.00131017	0.00191783	0
4477.395050534	3623.809996524	-0.0319309	0.601319	-0.291777	0.00301689	0.00131464	0.00192228	0
4470.705169067	3627.664383541	-0.0347	0.634777	-0.290288	0.00249314	0.00135933	0.00230109	0
4482.775502237	3627.93738592	-0.0240356	0.635503	-0.229469	0.00171211	0.00138972	0.00215288	0
4472.009199727	3622.662298532	-0.0372901	0.572125	-0.34347	0.0019041	0.00138682	0.00225354	0
4468.006206485	3626.86985643	-0.0343215	0.62946	-0.296732	0.00231162	0.00158779	0.0019404	0
4472.981921783	3621.258204494	-0.028821	0.59711	-0.319964	0.00312938	0.00144859	0.00193411	0
4463.871082464	3631.354568289	-0.0386887	0.590901	-0.281683	0.00279309	0.0015267	0.00193316	0
4484.096122868	3625.111016774	-0.0371855	0.601274	-0.261285	0.00194916	0.00135786	0.00202427	0
4472.585922109	3635.161140522	-0.0491357	0.629762	-0.255822	0.0018783	0.00150644	0.00228045	0
4486.836020469	3625.678638395	-0.0482769	0.639211	-0.284864	0.00198448	0.00145545	0.0020173	0
4463.726975493	3631.526357935	-0.0449638	0.603578	-0.319119	0.00249301	0.00139844	0.00194453	0
4486.56763596	3628.014404944	-0.032624	0.613745	-0.292621	0.00256708	0.00130253	0.00201041	0
4457.616565043	3632.818788703	-0.0360393	0.60809	-0.320352	0.00280823	0.00119816	0.00189544	0
4490.771181342	3629.56967387	-0.0416638	0.601184	-0.27742	0.00258669	0.00122991	0.0019494	0
4471.733550969	3628.567567604	-0.0360714	0.628718	-0.277672	0.00120772	0.00158659	0.00246234	0
4489.945609388	3634.528381994	-0.0339439	0.643169	-0.262038	0.000673919	0.00169031	0.0022215	0
4477.590105406	3631.342399856	-0.036162	0.631458	-0.359554	0.00108857	0.0015039	0.00208659	0
4476.828831861	3630.65982233	-0.0387145	0.54578	-0.310976	0.00208842	0.00148265	0.0019559	0
4464.369370602	3624.427866616	-0.0502058	0.612042	-0.343434	0.0014877	0.00106257	0.00152962	0
4472.819752358	3637.035651873	-0.05114	0.587981	-0.285884	0.00214789	0.00164225	0.00171589	0
4486.243689771	3625.988432389	-0.0516949	0.60269	-0.326371	0.00234506	0.00161124	0.00170463	0
4486.385146273	3638.764571499	-0.0473073	0.616579	-0.267859	0.00143024	0.0013863	0.00196981	0
4491.39610299	3633.256995458	-0.0519471	0.617968	-0.24469	0.000933563	0.00135492	0.00250607	0
4481.170790615	3633.592557899	-0.0435479	0.61172	-0.290889	0.000654749	0.00167355	0.00222932	0
4494.424410865	3633.480178839	-0.0351626	0.582365	-0.323886	0.00127738	0.00130117	0.00203409	0
4475.424868711	3630.720950813	-0.0418905	0.587472	-0.275058	0.00206531	0.00150098	0.00198675	0
4502.416261515	3626.718538384	-0.0389213	0.550955	-0.303074	0.00215684	0.00126608	0.0018917	0
4473.322261613	3630.599839112	-0.0365272	0.608965	-0.327986	0.00169198	0.00127385	0.00203496	0
4504.413046191	3633.204026983	-0.0396381	0.61735	-0.266992	0.00105868	0.0014638	0.00228203	0
4463.411373372	3626.977797591	-0.0439777	0.609294	-0.315639	0.000749546	0.0014762	0.00215386	0
4503.070534651	3628.070522895	-0.0426244	0.617872	-0.340505	0.00146888	0.00145889	0.00231322	0
4463.920852379	3630.79410457	-0.0375516	0.585223	-0.360614	0.00146452	0.0012841	0.00204592	0
4498.364480014	3624.085575747	-0.0376965	0.583057	-0.321487	0.00211543	0.00141777	0.00193524	0
4470.355209018	3623.282888627	-0.0416856	0.594977	-0.329755	0.00196427	0.00119332	0.00194143	0
4486.928492381	3629.117867102	-0.0491242	0.637158	-0.285316	0.00164845	0.0014261	0.00196266	0
4475.299216856	3632.822081338	-0.0521622	0.623945	-0.272525	0.000861978	0.0014203	0.00191959	0
4487.333130621	3633.936996139	-0.0431211	0.646931	-0.244811	0.000450792	0.00143711	0.00197641	0
4473.821040579	3629.334465214	-0.0280577	0.560427	-0.359584	0.00135012	0.00124203	0.00188498	0
4479.129831459	3626.880450125	-0.0263799	0.601326	-0.282437	0.00171438	0.00138086	0.00214207	0
4468.469744032	3628.064796574	-0.0273112	0.57899	-0.315934	0.00180831	0.00131754	0.00198152	0
4470.928102945	3628.585176042	-0.0234078	0.610513	-0.264573	0.00185048	0.00132721	0.00212979	0
4492.556026678	3629.889918401	-0.0271777	0.595249	-0.261711	0.00122366	0.0013912	0.00208268	0
4482.500246142	3632.021827905	-0.0314635	0.637034	-0.268699	0.000349036	0.00135222	0.00220412	0
4492.091311145	3631.807377164	-0.0280914	0.628688	-0.301754	0.000615879	0.001514	0.00188044	0
4471.609764259	3630.247384023	-0.0303898	0.58112	-0.321721	0.00164618	0.00136588	0.00194975	0
4486.030768775	3632.111015363	-0.0269462	0.596162	-0.302296	0.00189881	0.00138533	0.00198611	0
4475.920997208	3634.599245223	-0.0279648	0.595648	-0.313654	0.00215069	0.00141275	0.00181253	0
4493.367070137	3631.056370096	-0.0322834	0.644286	-0.252457	0.000702244	0.00123194	0.00190615	0
4471.779492429	3637.30364372	-0.0432479	0.625306	-0.289877	0.000341382	0.00151235	0.0021533	0
4495.071125257	3630.503636911	-0.0433511	0.575475	-0.322896	0.000909392	0.00135722	0.00201307	0
4464.14172478	3628.130219797	-0.0358256	0.597017	-0.334878	0.00151764	0.00136844	0.00186713	0
4491.151081873	3627.286016847	-0.0270431	0.59218	-0.306952	0.00235024	0.00144232	0.00196028	0
4478.502259342	3629.659290802	-0.0295249	0.590949	-0.297604	0.00205064	0.00137828	0.00190405	0
4483.83667142	3633.735286463	-0.0288466	0.620513	-0.275708	0.00183788	0.00152933	0.00199256	0
4479.278552209	3637.12856144	-0.0295355	0.644194	-0.255676	0.00111634	0.00152933	0.0020461	0
4479.057679808	3633.718107498	-0.0195665	0.652896	-0.236833	0.000544791	0.0016659	0.00232868	0
4479.76584581	3633.401585076	-0.0348448	0.565765	-0.309118	0.00130779	0.00138884	0.00196189	0
4463.93174875	3631.791343464	-0.0306116	0.620101	-0.260731	0.00177974	0.00162453	0.00200734	0
4485.195969263	3628.216400936	-0.0305266	0.544371	-0.293136	0.00202162	0.00152913	0.00191218	0
4459.12163867	3636.545908225	-0.0331386	0.584588	-0.294843	0.00202162	0.00135973	0.00183944	0
4484.248770239	3630.3511736	-0.031125	0.630388	-0.24579	0.00140183	0.00131253	0.00191581	0
4465.939724295	3632.052893199	-0.0355205	0.640698	-0.252048	0.000474699	0.00161591	0.00223687	0
4479.489019067	3632.74606442	-0.0341722	0.613894	-0.237861	0.000751037	0.00165569	0.00234419	0
4453.818639555	3629.04428387	-0.0363557	0.623574	-0.292298	0.00116987	0.00164893	0.00192963	0
4483.305596001	3628.906995312	-0.0448423	0.595493	-0.275195	0.00163391	0.0015816	0.00182675	0
4448.392639054	3628.839854192	-0.0417456	0.58302	-0.30892	0.00216329	0.00171297	0.00178726	0
4485.271065879	3628.059786042	-0.0386057	0.583442	-0.272489	0.00214397	0.00168018	0.00188455	0
4458.776586896	3625.970967109	-0.035114	0.618151	-0.282447	0.00145542	0.0015494	0.00193681	0
4484.477986709	3630.051686985	-0.0322998	0.623675	-0.23631	0.00178839	0.00163446	0.00199829	0
4477.273227133	3641.377921485	-0.0416563	0.644161	-0.213782	0.0012245	0.00172667	0.0020474	0
4491.79308432	3642.003522111	-0.02207	0.64539	-0.173365	0.000171852	0.00193555	0.00220811	0
4471.080259488	3632.310863984	-0.0359072	0.577847	-0.292322	0.000872444	0.00147265	0.00194771	0
4480.409517071	3633.698351689	-0.0311793	0.599214	-0.254372	0.00140029	0.0016503	0.00187406	0
4463.522889394	3631.553844278	-0.0266484	0.579464	-0.29716	0.00176851	0.00177331	0.00198285	0
4480.915167623	3636.953765475	-0.0279665	0.601991	-0.228422	0.00169392	0.00162171	0.00196946	0
4471.262356512	3628.53936547	-0.0194548	0.574537	-0.238403	0.000951212	0.00183486	0.00215747	0
4481.269839617	3636.023238228	-0.0174889	0.636925	-0.22193	0.000421852	0.00200912	0.00232526	0
4481.470588089	3629.312275718	-0.0227224	0.583169	-0.324763	0.00106401	0.00163432	0.00224972	0
4473.266798099	3634.44764086	-0.0250229	0.626503	-0.27445	0.00170436	0.00165874	0.00218581	0
4470.890701885	3628.468645399	-0.021979	0.557127	-0.300125	0.00214801	0.00140506	0.00189802	0
4468.5375764	3628.031870225	-0.0253796	0.600554	-0.266517	0.00196664	0.0014873	0.00173579	0
4483.809283243	3631.821406652	-0.0304054	0.596369	-0.252362	0.00124463	0.00143868	0.00235511	0
4475.761674582	3634.667674765	-0.0363301	0.637267	-0.248584	0.00049038	0.00160866	0.00217028	0
4489.310085864	3631.209119723	-0.0258055	0.634878	-0.266434	0.00049038	0.00174231	0.00216166	0
4470.755920637	3629.668739233	-0.0282751	0.59225	-0.303124	0.00114008	0.00157311	0.00199904	0
4478.629972672	3631.643604368	-0.0298236	0.587576	-0.288619	0.00166793	0.00165433	0.00174565	0
4473.389799485	3632.517011559	-0.0380834	0.602078	-0.302812	0.00196625	0.00148297	0.00140815	0
4490.348284317	3628.597058159	-0.0419723	0.54977	-0.267194	0.0024107	0.00147489	0.0013496	0
4486.910135431	3632.251453398	-0.0665163	0.535539	-0.240743	0.00268141	0.00165989	0.000742862	0
4484.494674846	3628.955239571	-0.045363	0.642804	-0.247445	0.00102967	0.00167064	0.00140734	0
4470.622415541	3633.798562316	-0.0476963	0.662036	-0.220827	0.000763969	0.00192638	0.00155695	0
4489.184728505	3636.27848901	-0.0437353	0.580137	-0.2321	-0.00108223	0.00231428	0.00165891	0
4484.608743171	3635.17445422	-0.0399223	0.569107	-0.257829	-0.000309048	0.00211007	0.00160737	0
4474.352803156	3637.591248219	-0.0352725	0.616281	-0.269906	7.95828e-05	0.00202097	0.0014237	0
4492.909618852	3629.849261519	-0.04415	0.594058	-0.244026	0.000686678	0.00194798	0.00145959	0
4476.12959892	3631.760135011	-0.0435876	0.575976	-0.281884	0.00119956	0.00200045	0.00135146	0
4488.994385578	3628.849732097	-0.039582	0.584402	-0.263654	0.000918886	0.00179758	0.0015129	0
4475.029752526	3631.736227619	-0.0417312	0.65198	-0.213496	-9.59269e-05	0.00183677	0.00164791	0
4482.392558576	3631.746105523	-0.0400522	0.65165	-0.195601	-0.000500888	0.00205184	0.00156438	0
4471.745036334	3634.440196642	-0.0466624	0.651738	-0.281944	0.000225593	0.00196712	0.00154466	0
4467.236392541	3633.04812788	-0.04307	0.593832	-0.229409	0.000602762	0.00193723	0.00133628	0
4466.538239421	3627.450362274	-0.0347668	0.590754	-0.240085	0.000983394	0.00183828	0.00147492	0
4463.400477	3633.816886545	-0.033932	0.595655	-0.189959	0.00106255	0.0018572	0.00152657	0
4478.321438469	3627.355877969	-0.0298652	0.556825	-0.213619	0.00122022	0.00193476	0.00160494	0
4463.290727958	3632.818359229	-0.0364303	0.60538	-0.221756	0.00072514	0.00183305	0.00153685	0
4486.260966901	3631.173043897	-0.0347759	0.637392	-0.164765	-0.000143286	0.00191274	0.00168583	0
4458.234615105	3627.90961326	-0.0398569	0.626184	-0.185004	-0.000640447	0.0021385	0.00166894	0
4484.105252261	3630.791241409	-0.0421738	0.607906	-0.23322	4.96751e-05	0.00195968	0.00157043	0
4451.413682681	3626.311826397	-0.0439092	0.581874	-0.247384	0.0011126	0.00187289	0.00151699	0
4477.945071896	3622.705675418	-0.0352517	0.617072	-0.232539	0.0011126	0.00186199	0.00129206	0
4449.185325562	3623.695470093	-0.0394006	0.589992	-0.245868	0.0011126	0.00176144	0.0013153	0
4482.017173658	3625.535480357	-0.027948	0.602779	-0.203605	0.000888157	0.00192487	0.00161927	0
4469.843963032	3626.686614141	-0.0393396	0.606835	-0.214454	-0.000321024	0.00186092	0.00164826	0
4492.769045839	3630.825885655	-0.0399228	0.609865	-0.183952	-0.00043822	0.00209687	0.00179807	0
4471.207874653	3628.626978189	-0.03919	0.650479	-0.272803	-0.000318499	0.00190773	0.00158477	0
4483.662722133	3628.865479481	-0.0371847	0.568639	-0.242043	0.00099101	0.00182734	0.00151953	0
4468.763553409	3624.890553395	-0.0373297	0.619717	-0.258927	0.000639369	0.00186985	0.00157652	0
4479.213762971	3632.162552256	-0.0327015	0.60071	-0.220151	0.00112361	0.00190283	0.00154241	0
4471.891106616	3623.468707761	-0.0322702	0.600836	-0.257123	0.00106786	0.00165881	0.00151494	0
4482.410032037	3640.827908302	-0.034444	0.638618	-0.200095	0.000289992	0.00182889	0.00174727	0
4492.205084974	3636.164821527	-0.0365981	0.589873	-0.194264	-0.000428087	0.00208019	0.0016943	0
4481.537438802	3636.540468219	-0.0433568	0.630503	-0.211764	-0.000596398	0.00211289	0.0017441	0
4494.805587548	3631.67123387	-0.0406858	0.577117	-0.273627	0.000491491	0.00197246	0.00147397	0
4469.499598416	3637.716225186	-0.0395781	0.575372	-0.235646	0.00108069	0.00199647	0.00143421	0
4499.450190575	3634.74540958	-0.0328752	0.567731	-0.247779	0.00108069	0.00175755	0.00144633	0
4465.854712962	3633.570941035	-0.0254099	0.59209	-0.276929	0.00118712	0.00176647	0.00147637	0
4499.167866563	3633.383260847	-0.0324921	0.617985	-0.229561	0.000367234	0.00173293	0.0015832	0
4480.468710875	3633.111260575	-0.0339209	0.609646	-0.225304	-0.000715478	0.00181557	0.00164653	0
4501.690916548	3637.522102887	-0.0298955	0.613755	-0.243572	-0.000282183	0.00192705	0.00167654	0
4476.234145191	3633.581105256	-0.0374955	0.635417	-0.309179	0.000343935	0.00176902	0.00163781	0
4494.162407114	3634.177072168	-0.0213573	0.554071	-0.257946	0.000949693	0.00183027	0.00132287	0
4475.918444904	3633.275319686	-0.0266046	0.611895	-0.256285	0.00107677	0.00185811	0.00146963	0
4491.80731832	3637.061134004	-0.0270768	0.602882	-0.232001	0.000826768	0.00168022	0.00151421	0
4484.28440432	3631.715899177	-0.0250741	0.613877	-0.229373	0.000550907	0.00190755	0.00167347	0
4488.122185005	3638.185067761	-0.0282118	0.645869	-0.171361	-0.000376115	0.00183874	0.00157748	0
4477.720272874	3629.686920303	-0.0320357	0.572961	-0.246834	-0.00032156	0.00203894	0.00155285	0
4473.820844248	3628.940207977	-0.0363805	0.635101	-0.225186	0.000170441	0.00209307	0.00174796	0
4475.557097655	3632.909550899	-0.0314631	0.546942	-0.261607	0.00113591	0.00186933	0.00143675	0
4471.336569639	3634.796373841	-0.0311621	0.599158	-0.206627	0.00101458	0.00191965	0.00160281	0
4483.976066447	3630.232781903	-0.0308403	0.584112	-0.225223	0.00111858	0.00197352	0.00139265	0
4467.942398902	3632.350661918	-0.0299825	0.613467	-0.245635	0.00112464	0.00190046	0.0015681	0
4491.431933402	3630.306508292	-0.0241557	0.650923	-0.199183	0.000511487	0.0018386	0.00172693	0
4473.429360186	3628.714447751	-0.0287754	0.637951	-0.211713	-0.000391783	0.00201169	0.00197564	0
4495.64519717	3633.789829675	-0.029072	0.615293	-0.190406	-0.00035077	0.00213999	0.00168497	0
4464.366229306	3627.596526631	-0.0370491	0.611732	-0.260924	4.93246e-05	0.00242575	0.00200555	0
4496.629404592	3629.438541107	-0.0299272	0.58868	-0.24493	0.000710579	0.00195898	0.00163717	0
4476.306984	3628.453041173	-0.0409012	0.569893	-0.263313	0.00109874	0.00199959	0.0014756	0
4493.125779309	3634.051093095	-0.0241033	0.56273	-0.234919	0.00128145	0.00190001	0.00142353	0
4485.481434571	3630.190979756	-0.0211958	0.610835	-0.231081	0.00120812	0.00196356	0.00143621	0
4482.631297101	3636.337183805	-0.0337387	0.646836	-0.203072	0.000458747	0.00220824	0.00199207	0
4493.196949305	3638.205109886	-0.0259731	0.60235	-0.184267	0.00012241	0.00201663	0.00163674	0
4489.514662791	3641.475412109	-0.0264198	0.653208	-0.160482	-0.0012532	0.00176803	0.00194064	0
4497.168627749	3635.959246585	-0.0236984	0.607433	-0.202655	-0.000245059	0.00204859	0.00174449	0
4473.818488275	3638.719476717	-0.0258789	0.592117	-0.224447	0.000468282	0.00209766	0.00174783	0
4496.71343427	3634.79351068	-0.0260037	0.575503	-0.227709	0.000333924	0.00192258	0.00167666	0
4472.098726673	3641.816987188	-0.0360458	0.579201	-0.24582	0.00135579	0.0017094	0.00141272	0
4497.654252536	3635.805208536	-0.0256668	0.594942	-0.22727	0.00089796	0.00184002	0.0015908	0
4472.662491208	3639.201919306	-0.0319761	0.593281	-0.260907	0.00140914	0.00195044	0.0014271	0
4496.011649026	3637.692890426	-0.0247976	0.606589	-0.203011	0.000483149	0.00163205	0.00158308	0
4470.640281664	3634.388230275	-0.026264	0.652108	-0.178065	-0.000490145	0.00194754	0.00175572	0
4491.276242901	3634.416575566	-0.0259069	0.626383	-0.195905	-0.00022257	0.00199648	0.001837	0
4467.006783409	3635.979861342	-0.0296699	0.656275	-0.2373	-0.000120069	0.00207523	0.00165221	0
4483.887717487	3627.12668195	-0.0267172	0.568288	-0.223078	0.000551246	0.00194159	0.00162347	0
4468.072075543	3634.168053212	-0.0302298	0.624686	-0.246915	0.000841488	0.00168334	0.00141069	0
4482.338567544	3634.145004768	-0.0251866	0.579635	-0.217128	0.000988738	0.00188972	0.00163376	0
4466.142337912	3632.123756428	-0.0265559	0.629205	-0.237635	0.000761129	0.00173481	0.00187488	0
4486.204227235	3636.844392734	-0.021633	0.629935	-0.155958	0.00014903	0.00190809	0.00182595	0
4471.185100255	3634.193105869	-0.0251813	0.644252	-0.18173	-0.000332544	0.00201002	0.00179897	0
4478.828757834	3637.03006871	-0.0258141	0.636133	-0.145681	-0.000699398	0.00180739	0.00182954	0
4475.630230962	3633.969493013	-0.0362623	0.608748	-0.24893	-0.000120069	0.00184298	0.00136228	0
4481.447126531	3632.331908215	-0.0169125	0.573357	-0.224105	0.000948183	0.00174599	0.00151763	0
4473.998523824	3630.180672377	-0.0322627	0.605376	-0.255886	0.00092471	0.00186213	0.00166915	0
4476.988448984	3632.001642621	-0.0261562	0.611098	-0.210456	0.00107716	0.0017201	0.00196292	0
4477.89598914	3627.31350319	-0.026999	0.6551	-0.221003	-0.000419784	0.00156673	0.00214353	0
4483.675189153	3632.659883281	-0.0216686	0.622324	-0.197151	-0.000419784	0.00171073	0.002219	0
4483.915007499	3627.271414727	-0.0269456	0.634856	-0.307097	-1.8997e-05	0.00143313	0.00198516	0
4475.664981553	3630.277304053	-0.0393643	0.56941	-0.270529	0.00109433	0.00184766	0.00188971	0
4473.526053215	3631.116496472	-0.0323683	0.601737	-0.280306	0.000470943	0.0015112	0.00187389	0
4477.020843602	3632.475209411	-0.016235	0.576689	-0.239637	0.00137333	0.00158549	0.00164388	0
4478.47604915	3634.642765266	-0.0277326	0.638738	-0.271457	0.000430893	0.00162667	0.00195152	0
4487.094392096	3636.127027805	-0.0239627	0.597195	-0.19665	-0.000672302	0.00180276	0.00199226	0
4485.817160622	3631.098601717	-0.0251091	0.631216	-0.308577	-0.000832578	0.00171192	0.00200846	0
4474.023359698	3635.647448378	-0.0176401	0.558001	-0.290578	0.000490671	0.00168556	0.00191958	0
4483.956433345	3635.953663421	-0.0184531	0.580841	-0.306589	0.000655156	0.0014609	0.00191601	0
4483.67744696	3635.746227424	-0.0153252	0.562058	-0.275381	0.00114337	0.00153824	0.00216984	0
4473.72061726	3633.717678024	-0.0107362	0.603828	-0.273617	0.000819522	0.00135986	0.00199398	0
4497.776370432	3639.299266772	-0.00843743	0.618876	-0.237207	0.000169798	0.00150194	0.00199978	0
4477.292074912	3635.649595748	-0.0154609	0.631617	-0.292866	-0.000723005	0.00159495	0.0018407	0
4504.851453367	3641.91676834	-0.024594	0.628183	-0.3358	0.000182947	0.00123448	0.0015976	0
4478.780754899	3639.05203284	-0.028544	0.546997	-0.344126	0.000489211	0.000900869	0.00129083	0
4489.672611099	3638.578036576	-0.0387593	0.526626	-0.265007	0.00101986	0.000948209	0.000964332	0
4471.557834703	3634.514495664	-0.0333894	0.545651	-0.280176	0.000213723	0.000935139	0.00110012	0
4488.39351448	3641.81827561	-0.0123599	0.641272	-0.304223	-0.000201973	0.0011277	0.00159645	0
4470.310936372	3634.779194877	-0.0248578	0.611695	-0.26735	0.000147719	0.00122708	0.00179977	0
4479.759268721	3642.813510291	-0.0268318	0.563581	-0.311853	0.000236632	0.00107278	0.00145924	0
4481.026978141	3634.25208698	-0.0231859	0.589942	-0.30926	0.000477007	0.000930687	0.00172031	0
4483.222351647	3638.564436562	-0.0272522	0.600139	-0.304464	-0.000687276	0.00103067	0.00194693	0
4490.796115382	3637.510220769	-0.0255608	0.601737	-0.299323	-0.00119071	0.000774349	0.0020222	0
4480.628622494	3638.296587873	-0.0311602	0.536279	-0.356145	-2.93145e-06	0.000438632	0.00204387	0
4478.90670125	3630.548874851	-0.0219318	0.561671	-0.349393	0.000245657	0.00023414	0.00196909	0
4477.746581231	3631.22100184	-0.0296344	0.546749	-0.300646	0.000802322	0.000700904	0.0021293	0
4471.685155372	3628.947652195	-0.0255726	0.514914	-0.337257	0.000500289	0.000392002	0.00195125	0
4474.868564755	3627.849916359	-0.0339999	0.621187	-0.277067	-0.00015951	0.000754507	0.00194703	0
4477.482319674	3630.440361058	-0.0245175	0.586511	-0.306703	-0.00105412	0.00057753	0.00195089	0
4470.136987085	3632.257179719	-0.0324182	0.632051	-0.295444	-0.000865887	0.000912343	0.002304	0
4480.347083806	3627.992358607	-0.0243007	0.533247	-0.374297	-0.000288804	0.000832049	0.00202293	0
4465.327465998	3625.905687043	-0.0167621	0.551243	-0.301437	0.000527414	0.000736286	0.00210527	0
4473.073313875	3628.887382661	-0.0249118	0.581102	-0.337478	0.000479082	0.000713057	0.00179845	0
4472.857153418	3627.761444691	-0.0200797	0.566925	-0.288487	0.000630873	0.000879687	0.00203672	0
4475.341133529	3630.182247115	-0.0255786	0.632579	-0.304171	-0.000526297	0.000966503	0.00214655	0
4491.893900301	3627.17922095	-0.0275786	0.635121	-0.271133	-0.000953823	0.000900529	0.00197137	0
4469.409384311	3629.346061015	-0.0251382	0.58535	-0.367586	-0.000472795	0.000898962	0.00195369	0
4481.902123679	3620.885850437	-0.0241408	0.572151	-0.324808	0.000179982	0.000681708	0.00190488	0
4466.285954055	3626.35176749	-0.0201111	0.557929	-0.335295	0.000353242	0.000917326	0.00187949	0
4480.654538189	3626.833637446	-0.0151481	0.564937	-0.293728	0.000775106	0.000764968	0.00192041	0
4465.471867466	3630.686306567	-0.0183075	0.595755	-0.315771	0.000480302	0.000699075	0.00178409	0
4482.678220215	3628.519466503	-0.0126876	0.608534	-0.265195	0.000577688	0.000875825	0.00199504	0
4471.961098626	3631.242618703	-0.0227437	0.646447	-0.256558	-0.000386443	0.00111188	0.00196936	0
4482.958580917	3634.50017986	-0.0177876	0.619703	-0.240392	-0.00037281	0.000974439	0.00212763	0
4464.872763347	3624.788911188	-0.0223536	0.629534	-0.301407	-0.000365927	0.00114623	0.00207683	0
4482.44321198	3627.535254991	-0.0220824	0.564466	-0.283939	0.000774738	0.00105541	0.00192051	0
4468.663620918	3628.601209743	-0.0255684	0.581496	-0.309525	0.00142538	0.00115027	0.00189626	0
4485.03527232	3631.193515496	-0.0177322	0.561069	-0.26109	0.00126609	0.000949229	0.00195234	0
4464.639227594	3628.411525342	-0.0196282	0.614166	-0.295183	0.00131973	0.000911102	0.00204125	0
4486.876268329	3637.234641546	-0.0213014	0.616113	-0.217461	0.000610498	0.00125716	0.00207904	0
4473.695094227	3632.747925474	-0.020483	0.663348	-0.237817	-0.000326193	0.0010637	0.00209317	0
4483.279582141	3635.975566601	-0.0237016	0.601596	-0.230694	7.68017e-06	0.00114107	0.00194127	0
4477.152483554	3630.983932129	-0.0198177	0.6281	-0.315428	2.40825e-05	0.00101086	0.00187854	0
4475.528727822	3633.354772398	-0.0186694	0.576527	-0.27189	0.00106809	0.00121033	0.00183603	0
4478.557330194	3631.47639578	-0.00727086	0.621709	-0.287267	0.00080747	0.000928777	0.00190435	0
4476.966852571	3633.989248822	-0.0093883	0.625584	-0.247588	0.0009972	0.000939267	0.00189456	0
4486.380041667	3632.788439199	-0.00954939	0.576435	-0.266156	0.000646267	0.000769769	0.00196475	0
4485.213148227	3641.005996902	-0.0114687	0.628913	-0.20101	-0.000550739	0.00107246	0.00198991	0
4484.143340479	3632.909550899	-0.012555	0.551578	-0.280361	-0.000657318	0.000973839	0.00205822	0
4472.373884603	3637.227913118	-0.0102484	0.605148	-0.270975	0.000585296	0.00102927	0.00178945	0
4487.608288551	3630.638348625	-0.00785524	0.531558	-0.29313	0.000641345	0.000860309	0.00191804	0
4473.173246366	3639.025978077	-0.0118201	0.578831	-0.251935	0.00114712	0.00100698	0.00196428	0
4489.909484479	3623.841491292	-0.0175378	0.550254	-0.254211	0.00100124	0.000893874	0.00203146	0
4464.857056865	3631.746821314	-0.0196007	0.622422	-0.270728	0.000730169	0.000762029	0.00186364	0
4496.31821992	3636.402463871	-0.00551341	0.637568	-0.210412	-0.00047978	0.000989019	0.00194555	0
4467.926005262	3633.40788403	-0.0149924	0.626476	-0.26484	-0.000818488	0.00121466	0.00192478	0
4506.065466252	3629.528873829	-0.00974732	0.581232	-0.30763	-4.5628e-05	0.00087619	0.00197207	0
4463.998108636	3629.862432058	-0.0144146	0.580718	-0.349375	0.00043553	0.000573692	0.00189692	0
4485.655089362	3626.512820283	-0.0171272	0.55856	-0.293486	0.00102267	0.000467543	0.00187158	0
4466.449694129	3628.56270023	-0.0227765	0.578328	-0.308856	0.00084204	0.000588699	0.0018991	0
4484.744309743	3629.98053744	-0.0159024	0.586838	-0.251541	0.000496488	0.000803237	0.00184277	0
4477.751293176	3634.640761054	-0.0208797	0.641406	-0.244155	-4.8006e-05	0.000704887	0.00238582	0
4489.839099807	3633.397004019	-0.00820771	0.612672	-0.172863	-0.00114643	0.000881056	0.00222163	0
4474.62020601	3632.659453807	-0.0155068	0.618594	-0.324417	-0.00068664	0.000631646	0.00173318	0
4478.791062277	3628.982869072	-0.0087239	0.561142	-0.27355	0.000344172	0.000812134	0.00193024	0
4470.842109956	3632.079234278	-0.0106297	0.591426	-0.300045	0.000293447	0.000704386	0.00194555	0
4489.011564542	3630.824167758	-0.0116676	0.553138	-0.253497	0.00101674	0.000767578	0.00202242	0
4479.145243444	3627.36675798	-0.0116631	0.617798	-0.303428	0.000200579	0.000788609	0.00188776	0
4490.006864667	3632.617079027	-0.010403	0.619651	-0.221445	-0.00025024	0.00100819	0.00201163	0
