4184.389412989	3442.861260764	0.0272384	0.0541944	0.0330098	-0.00301894	0.000830675	0.000929381	1
4070.957887353	3441.645981414	0.0110749	0.0310864	0.0392012	-0.0026007	0.000629961	0.00114873	1
3999.218133723	3438.491494761	0.0165982	0.0576074	0.0656315	-0.00296561	0.000760077	0.00120036	1
3944.0931802	3443.745586345	0.013017	0.0515966	0.0499218	-0.00241389	0.000372695	0.00083264	1
3892.170673019	3436.346577501	0.0097148	0.0679963	0.055665	-0.00293632	0.000551739	0.00107306	1
3872.445355957	3439.377958976	0.0149995	0.0384255	0.0849043	-0.0028006	0.00077633	0.000942496	1
3838.601337074	3436.753319149	0.0109838	0.0429012	0.0656201	-0.0028599	0.000289038	0.00092126	0
3836.006486517	3435.136778403	0.0159136	0.0606781	0.0917345	-0.00271088	0.000507101	0.000654021	0
3820.352276673	3432.776126336	0.0103491	0.0712004	0.106896	-0.00328281	0.000761303	0.000555876	0
3828.358033429	3436.454043911	0.00791351	0.0718571	0.0893744	-0.00353313	0.000401948	0.000579851	0
3793.287690902	3432.528980326	-0.00157322	0.0331637	0.0615026	-0.00289605	0.000202399	0.000706775	0
3803.473179582	3431.353533054	-5.93723e-05	0.0374774	0.0926681	-0.00340941	0.000482867	0.000473081	0
3788.413997052	3430.028782324	-0.0124283	0.0368238	0.0827409	-0.00322498	0.000191416	0.000711704	0
3797.078341674	3432.706086039	-0.006892	0.0677516	0.104093	-0.00315473	0.000218326	0.000682347	0
3797.607653842	3429.1181248	-0.00686915	0.0628233	0.0823478	-0.00303353	0.000246704	0.000637546	0
3787.731349542	3437.142684387	-0.0155028	0.0945563	0.106686	-0.00321767	0.000182119	0.000294737	0
3792.66609025	3435.765670764	-0.0191933	0.0537768	0.105467	-0.003094	8.61417e-06	0.000301327	0
3809.732996204	3442.253888419	-0.0288976	0.0942396	0.136757	-0.00423441	6.58912e-06	0.000205528	0
3806.18330097	3439.691001677	-0.0236735	0.0588047	0.142309	-0.00416403	0.000277384	6.89779e-05	0
3790.555664465	3440.518118771	-0.0390093	0.037785	0.109787	-0.00404627	9.47082e-06	7.04691e-05	0
3802.42604642	3436.990172977	-0.0362408	0.0472854	0.119478	-0.00378583	0.000263243	0.000410457	0
3785.911075881	3437.5427428	-0.0353892	0.0382368	0.103882	-0.00381551	0.000243591	5.97273e-05	0
3803.469229491	3438.011371199	-0.0357608	0.0502946	0.136298	-0.00403959	0.000227337	0.000223875	0
3780.890869572	3438.28792344	-0.0544491	0.0539017	0.132978	-0.00459484	0.000123576	-0.000178162	0
3792.485822469	3436.217591076	-0.0545516	0.0832486	0.134466	-0.00438167	7.877e-05	-0.00014551	0
3793.643917272	3445.013262252	-0.0647658	0.101088	0.125664	-0.00461164	-0.000126568	-0.000425025	0
3790.805597482	3440.748289365	-0.0530591	0.0787249	0.165587	-0.00538702	0.000558566	-0.000211164	0
3792.70882305	3433.774066902	-0.0511446	0.0411165	0.132822	-0.00437451	0.00011566	-0.000132199	0
3786.238933418	3436.098228509	-0.0514178	0.0591087	0.126784	-0.0042295	0.000259053	-0.000224829	0
3789.326468027	3436.833651626	-0.0527719	0.0439267	0.133107	-0.00464247	0.000105732	-0.000224703	0
3796.50055112	3435.331260525	-0.0572771	0.0631136	0.155907	-0.00489338	-0.000318806	-0.000399473	0
3804.737208638	3433.316265343	-0.0662368	0.054104	0.126674	-0.00414618	-0.000356186	-0.000752419	0
3786.124021685	3434.980390717	-0.0522755	0.0664282	0.121013	-0.00462694	-0.000192917	-0.000775938	0
3794.71008269	3429.887899742	-0.0437583	0.0950495	0.133416	-0.00496646	0.000123565	-0.000470334	0
3785.755945042	3432.218209925	-0.0431836	0.0991456	0.116377	-0.00479184	-0.000146772	-0.000961458	0
3801.360958301	3428.499658285	-0.0406473	0.07057	0.140076	-0.00504966	0.000105787	-0.000682126	0
3779.196639718	3430.179422428	-0.0377631	0.0471324	0.106575	-0.00503807	5.40418e-05	-0.00111025	0
3800.191731424	3434.096466131	-0.00437081	0.0394595	0.106397	-0.00494174	0.000653453	-0.000556454	0
3786.283820813	3438.829933752	-0.00632255	0.0581613	0.0945822	-0.00537545	5.05662e-05	-0.000635051	0
3793.061817528	3432.002742447	0.000240831	0.0703574	0.127117	-0.00512025	0.000133028	-0.000371244	0
3792.977429225	3437.178239194	-0.00679415	0.0820652	0.120656	-0.00545816	9.15461e-05	-0.000648132	0
3808.921791193	3440.777027273	-0.00797055	0.0862363	0.13329	-0.00489396	0.000385677	-0.000518316	0
3792.267131079	3438.957449865	-0.00350112	0.0827146	0.112457	-0.00491436	3.86966e-05	-0.000538865	0
3800.759826301	3438.882196646	0.00426614	0.116897	0.0918033	-0.00453729	0.000370399	-0.00062624	0
3785.824173883	3443.485608525	0.00395172	0.0880601	0.0843921	-0.00497996	0.000345613	-0.000310862	0
3785.901021104	3436.720704965	-0.00209438	0.0459477	0.0924724	-0.00512378	0.000595324	-0.000578026	0
3781.38139903	3433.409295966	-0.0200003	0.0279883	0.0783094	-0.00506909	5.58006e-05	-0.000766755	0
3781.140084392	3442.166070718	-0.0198128	0.0229783	0.0959094	-0.00485365	0.000220596	-0.00115311	0
3788.560509511	3431.82323077	-0.0454062	0.0441788	0.098855	-0.00489651	0.000168246	-0.000799617	0
3776.096895737	3436.3511221	-0.0391604	0.0746165	0.110265	-0.00498457	0.000304456	-0.00124389	0
3795.016035177	3438.944484391	-0.0427307	0.0681619	0.0974442	-0.00476496	0.000224056	-0.00121574	0
3792.910277681	3439.774408443	-0.0461859	0.0965289	0.0942997	-0.0054437	-3.95358e-05	-0.000829237	0
3795.043685813	3433.631847673	-0.0449467	0.0774034	0.0960864	-0.00458505	0.000320183	-0.000813226	0
3787.664197998	3433.59669386	-0.0430004	0.0597625	0.0917665	-0.00464953	0.000154716	-0.000909601	0
3788.441647688	3433.535742762	-0.044971	0.0452451	0.0945121	-0.0043815	0.000353862	-0.000976995	0
3791.743923597	3429.074149117	-0.0445704	0.0540855	0.0957	-0.0049614	9.35235e-05	-0.000825171	0
3793.664026826	3429.438786388	-0.0330423	0.0562554	0.110024	-0.0047438	0.000299948	-0.00102578	0
3795.288950541	3431.044366629	-0.0353266	0.0543312	0.117797	-0.0046415	0.000336555	-0.00116767	0
3782.458337422	3426.852508326	-0.0330979	0.0934008	0.12934	-0.00552569	-0.000168431	-0.00100491	0
3796.490496343	3430.040678481	-0.0239373	0.0689052	0.122696	-0.00506249	-0.000166816	-0.000890444	0
3780.367302992	3425.663159926	-0.0227405	0.0621312	0.110633	-0.00524331	-0.000513516	-0.00098238	0
3796.537179235	3430.974192667	-0.0246747	0.0582	0.114792	-0.00487491	-9.59427e-05	-0.00114527	0
3768.777377483	3431.29699289	-0.0244089	0.0682319	0.110316	-0.00497699	-0.000100336	-0.000872888	0
3774.04715771	3427.369122348	-0.023426	0.0909608	0.125673	-0.00515493	0.00014889	-0.000677259	0
3778.524406083	3430.030519965	-0.0374699	0.0712274	0.110441	-0.00514666	0.000129879	-0.000367213	0
3778.330492535	3432.702477092	-0.0259673	0.0901473	0.11017	-0.00487991	0.000280488	-0.000699071	0
3774.427802824	3435.380582795	-0.0231863	0.073845	0.0976591	-0.00520574	0.000185048	-0.000533502	0
3775.509768604	3442.127575288	-0.0226364	0.083447	0.124927	-0.00534336	0.000330578	-0.000462649	0
3789.649657274	3436.80865633	-0.0227388	0.0463861	0.104508	-0.00499982	0.000258089	-0.000377981	0
3769.649629351	3438.492296749	-0.0190421	0.0630067	0.110478	-0.00519969	0.000140448	-0.000565927	0
3793.095931949	3440.171392568	-0.0229787	0.0441767	0.121637	-0.00526885	0.000248514	-0.000651889	0
3783.972658595	3445.221378173	-0.0386914	0.0630789	0.145463	-0.00603957	0.000313799	-0.000889663	0
3791.616802493	3444.555728023	-0.038371	0.0606981	0.128261	-0.00539652	0.000313799	-0.000845632	0
3776.067808704	3437.128114936	-0.0258694	0.0582335	0.11112	-0.00581101	-7.30847e-05	-0.000692677	0
3785.394691284	3436.654941938	-0.0356792	0.0607334	0.112715	-0.00508888	0.00023141	-0.000436374	0
3781.059646179	3432.766101484	-0.0391187	0.0475908	0.110368	-0.00507856	0.00014022	-0.000490921	0
3772.986378781	3434.184417496	-0.0304709	0.0691222	0.110548	-0.00532822	0.000446908	-0.000709126	0
3788.523522297	3432.32781497	-0.0313719	0.065582	0.109997	-0.00472388	0.000207458	-0.000679935	0
3770.941668142	3432.115822774	-0.0394495	0.0847479	0.110755	-0.00547713	0.000122162	-0.000570218	0
3791.063071583	3434.492247274	-0.0318437	0.0832631	0.12585	-0.00505075	0.000509919	-0.000676873	0
3783.327357398	3433.227110996	-0.0277223	0.0885238	0.116408	-0.00513086	0.000261149	-0.00064416	0
3788.523522297	3429.090990868	-0.0231539	0.100032	0.132538	-0.00532877	0.000364851	-0.000804881	0
3781.390735608	3432.567743086	-0.00924901	0.0452385	0.110966	-0.00568452	0.000140402	-0.000857998	0
3785.229505668	3431.053054834	-0.0196135	0.0547064	0.110265	-0.00495432	0.000235929	-0.000876728	0
3773.054607622	3427.017450552	-0.0274575	0.0195848	0.111089	-0.00572351	-0.000195769	-0.000978807	0
3782.777935678	3432.08494623	-0.0288209	0.0408359	0.100489	-0.00522602	0.000494031	-0.000925207	0
3767.437578503	3430.794814655	-0.0411973	0.0501148	0.101344	-0.00572817	0.000181628	-0.000852699	0
3785.540844643	3431.072436213	-0.043473	0.0562303	0.131197	-0.00594694	0.000450317	-0.000888127	0
3772.078935194	3428.663263864	-0.0508591	0.0621454	0.12429	-0.00662957	0.000338132	-0.000776537	0
3785.537253652	3434.703571147	-0.0566611	0.0770659	0.155259	-0.00662957	0.000485999	-0.000929	0
3782.042141491	3438.744789346	-0.0644773	0.0728918	0.136793	-0.0065704	0.000584953	-0.000925852	0
3796.141092857	3444.631783231	-0.0655759	0.0680035	0.110931	-0.00563542	0.000269775	-0.000975879	0
3794.075913566	3440.192110595	-0.0563155	0.0527435	0.110783	-0.00555203	0.000584953	-0.000918346	0
3786.317217035	3441.009603831	-0.0537845	0.0636639	0.116485	-0.00530041	0.000378188	-0.000840778	0
3799.047282389	3434.416192066	-0.0405796	0.0562349	0.104204	-0.00501926	0.000426115	-0.000974938	0
3780.880814796	3443.490153125	-0.0441815	0.0877435	0.128583	-0.00590482	0.000368989	-0.00104796	0
3799.822936583	3435.899602782	-0.0237133	0.0638663	0.133174	-0.00581994	0.00064894	-0.000992133	0
3787.854161456	3436.530099118	-0.0423289	0.0626339	0.110995	-0.00563522	4.62187e-05	-0.00104106	0
3801.261128733	3429.931207101	-0.0343175	0.0561596	0.125943	-0.0057645	0.000355448	-0.00107486	0
3780.375562272	3431.328938751	-0.0355609	0.0533374	0.0993273	-0.00574312	-1.86072e-05	-0.000759379	0
3790.618865917	3428.338325006	-0.0402687	0.0670862	0.116425	-0.00554337	0.000594327	-0.000736552	0
3780.812585955	3426.85090435	-0.0411562	0.0766754	0.103531	-0.00579182	0.000324708	-0.000709829	0
3795.792766668	3429.144323079	-0.0469784	0.0831827	0.110575	-0.00522549	0.000176943	-0.000833154	0
3776.488672924	3427.081475938	-0.0531443	0.0751267	0.0971014	-0.00565056	-0.000121967	-0.000889955	0
3780.263882432	3432.124778308	-0.0628096	0.0711981	0.110679	-0.00537279	0.000341959	-0.000907751	0
3789.32934082	3427.754878639	-0.0570784	0.0624176	0.0998611	-0.00480487	0.000367431	-0.00074861	0
3790.036047975	3431.826706052	-0.0499416	0.0592253	0.125612	-0.00517045	0.000284372	-0.00106805	0
3798.352066408	3430.087327458	-0.0460406	0.0388205	0.109793	-0.00440132	0.000476148	-0.000946933	0
3779.459859405	3436.553490439	-0.0344147	0.0609796	0.137819	-0.00610385	0.000299042	-0.00102178	0
3802.066229058	3433.403013726	-0.0328124	0.0647941	0.157916	-0.00573545	0.000652818	-0.000920164	0
3778.207680621	3427.442637927	-0.0327645	0.0538594	0.121906	-0.00562601	-5.22229e-05	-0.000866609	0
3787.547849869	3427.478460063	-0.037296	0.0458863	0.118697	-0.0052437	0.000220524	-0.00074213	0
3777.063231586	3429.463514355	-0.0317615	0.0481916	0.109561	-0.00574395	0.000218809	-0.000769763	0
3793.572456539	3434.113441546	-0.0317865	0.0672172	0.11855	-0.00509248	0.000230041	-0.000757604	0
3784.821209919	3432.331156587	-0.0374099	0.0705169	0.112286	-0.00504831	4.03884e-05	-0.000229359	0
3785.543358337	3431.38307295	-0.0208549	0.0858746	0.12847	-0.00500668	0.000185619	-0.000646821	0
3793.403320833	3432.878647152	-0.0375745	0.0778935	0.104439	-0.00537285	0.000117422	-0.000646026	0
3780.930729579	3435.567312366	-0.0384498	0.0990805	0.100477	-0.0048867	-0.000115218	-0.000776538	0
3800.064969419	3438.732625859	-0.0372423	0.0496038	0.096739	-0.00450569	0.000184268	-0.000607279	0
3787.612487719	3437.879310486	-0.0246825	0.0582649	0.0966568	-0.00514222	8.50082e-06	-0.000276682	0
3801.214804941	3436.800502784	-0.0161349	0.0675497	0.1267	-0.00536476	0.000207843	3.67559e-05	0
3785.064679152	3441.588906592	-0.0111791	0.0764638	0.128685	-0.00598157	4.65963e-05	-0.000503388	0
3800.108061319	3434.53288134	-0.00130328	0.0843541	0.137647	-0.00598607	0.000139364	-0.000286116	0
3787.000223645	3439.81023058	0.000644664	0.056567	0.101532	-0.00552396	-0.000302715	-0.000304832	0
3802.451183362	3437.767299477	0.00331186	0.0500576	0.110725	-0.00554806	-0.000424942	-0.000212155	0
3789.056425456	3440.670362851	-0.00392543	0.0403453	0.0954903	-0.00584305	-0.000567289	-0.000122004	0
3808.909222722	3440.8450626	-0.0030206	0.0588882	0.130094	-0.00556223	-0.000294764	0.000163605	0
3788.040893021	3436.771096552	0.00171211	0.0716809	0.110799	-0.00556463	-0.000778219	0.000606383	0
3800.178085655	3442.689367974	0.00636732	0.11339	0.110457	-0.00528955	-0.000290035	0.000512525	0
3799.547507524	3438.494970043	-0.00423249	0.0810804	0.110642	-0.00543638	-0.00050974	0.000443052	0
3785.037028517	3438.226036689	-0.00174303	0.0973626	0.13442	-0.00582778	-0.000171171	0.00030259	0
3803.31086676	3437.522425767	-0.00396974	0.0955009	0.160918	-0.0059197	0.000239364	0.000118489	0
3787.517685539	3441.63729321	-0.00952277	0.0750634	0.178486	-0.00691519	0.000307493	-7.554e-05	0
3809.924755157	3446.492796692	-0.018865	0.0202856	0.126186	-0.00595092	9.90317e-05	-5.91881e-05	0
3789.043497886	3440.751497317	-0.0142823	0.04933	0.117688	-0.00628872	-0.000132401	9.68792e-05	0
3796.843490821	3432.43300908	-0.0117733	0.0110838	0.134493	-0.00556926	0.000231674	0.000100892	0
3786.238215219	3435.030247646	-0.00888226	0.0420882	0.11468	-0.00586133	0.000133042	0.000163247	0
3790.424234171	3428.013920806	-0.00987038	0.0671407	0.118393	-0.00523376	0.000135619	0.0001597	0
3788.795719463	3432.159397462	-0.0135528	0.0792719	0.101864	-0.00543717	-2.3943e-05	0.00011803	0
3787.534204101	3432.620139644	0.00261586	0.0916767	0.118429	-0.00528152	4.3382e-05	4.15389e-05	0
3795.271713782	3434.441722022	0.0060064	0.117213	0.116276	-0.00548452	-8.60944e-05	0.00013568	0
3789.534386443	3434.376627318	0.0107636	0.117553	0.136419	-0.00610141	-0.00011808	-0.000145045	0
3799.416436329	3433.161748963	0.0121272	0.0748825	0.105824	-0.00561981	-0.000298844	0.000160035	0
3790.524063738	3434.09673346	0.00992562	0.0634402	0.108668	-0.00551157	7.48623e-05	2.77659e-05	0
3790.399456328	3432.51654951	0.00793585	0.0168384	0.083353	-0.00532038	2.0889e-05	0.000259909	0
3791.224307107	3435.121941623	4.71011e-05	0.0566741	0.098642	-0.00513868	-0.000160445	0.000133974	0
3797.169911961	3435.04602008	-0.00694144	0.0478849	0.109866	-0.00527048	-0.000340163	0.000125254	0
3785.505293826	3439.196843323	-0.0129014	0.0726347	0.0989407	-0.00560915	-0.000492358	6.65348e-05	0
3797.963162014	3443.219615795	-0.00594206	0.102007	0.111951	-0.00568858	-5.16337e-05	2.53239e-05	0
3794.750301796	3434.428355553	-0.0102767	0.0883104	0.0849907	-0.00523102	-0.000250869	-0.000132084	0
3801.224500619	3439.815978161	-0.0147439	0.08381	0.106593	-0.00514807	-0.00021034	-0.000165418	0
3790.313990727	3438.59495123	-0.000879823	0.0771082	0.0881666	-0.00507546	-0.000338458	0.000260056	0
3789.655402861	3440.826082214	0.0137993	0.0846734	0.113924	-0.00520699	-0.000157814	0.000351356	0
3795.042608515	3436.60682265	0.0252095	0.0973748	0.133882	-0.00579785	-0.000506971	0.000423419	0
3797.783253333	3437.901231495	0.0344102	0.108413	0.153052	-0.0060397	-8.85107e-05	0.000450018	0
3791.614288799	3434.310062304	0.0263024	0.0643558	0.127121	-0.00577425	-0.00089898	0.000679442	0
3781.555562124	3438.230447624	0.0214262	0.0632628	0.121365	-0.00600388	-0.000999878	0.000314579	0
3795.803898742	3428.718200051	0.0234244	0.0281602	0.107599	-0.00588145	-0.000592848	0.000628785	0
3782.862323981	3439.160620192	0.0173688	0.0502537	0.125621	-0.00588726	-0.00065704	0.000610985	0
3796.486187153	3431.506980116	0.0209849	0.0587855	0.136121	-0.0056687	-0.000464179	0.000678758	0
3782.393340473	3432.915271277	0.0135627	0.0940823	0.12991	-0.00627703	-0.000495168	0.000623452	0
3795.174757007	3429.755037041	0.0146204	0.11099	0.132385	-0.00567909	-0.000145146	0.000477936	0
3790.776151351	3434.525128788	0.0133534	0.0985853	0.100083	-0.0054949	-0.000544923	0.00059744	0
3792.823375683	3435.037331875	0.0163026	0.098451	0.0933618	-0.00480261	-0.000358975	0.000474987	0
3788.875080378	3439.220234644	0.0218442	0.0723372	0.0953509	-0.00517314	-0.000244245	0.00039946	0
3803.021073735	3437.392637355	0.0277724	0.0946853	0.120099	-0.00533364	-9.72798e-05	0.000331082	0
3791.40349759	3435.456638003	0.0253733	0.0725613	0.105159	-0.00588238	-0.000175731	0.000111032	0
3818.447614709	3436.530500112	0.0283677	0.0615156	0.106276	-0.00550342	-0.000243523	0.000274586	0
3795.823649196	3438.023534685	0.0360667	0.0315726	0.0920102	-0.00514906	-0.000382305	0.000213006	0
3801.64464664	3440.821804944	0.0428486	0.0569436	0.106333	-0.00550698	-0.000189413	0.000311833	0
3784.217205126	3436.100099815	0.0329273	0.0618004	0.0916135	-0.00576957	-9.11325e-05	0.000399912	0
3807.12378168	3439.927721841	0.0253906	0.0759438	0.11494	-0.00588681	0.00023578	0.000899241	0
3787.134526732	3440.250655729	0.0151962	0.0969722	0.115486	-0.00620382	-5.66975e-06	0.000689383	0
3798.957507598	3444.998425472	0.0260564	0.121808	0.139004	-0.00590512	0.000591573	0.000776529	0
3798.981926341	3440.28433923	0.0402656	0.100373	0.131009	-0.00588157	0.000276388	0.000811921	0
3791.06019879	3444.307111702	0.0342531	0.113839	0.158424	-0.00611522	0.000771049	0.000713625	0
3786.71438071	3439.941890298	0.0362395	0.0575458	0.128774	-0.00570995	0.000573191	0.000686658	0
3785.908562187	3439.841508117	0.0265279	0.0512975	0.132623	-0.00573178	0.000581974	0.000630144	0
3802.974031744	3437.364033111	0.0175689	0.0256749	0.132109	-0.0051925	0.000424111	0.000576522	0
3792.861799294	3444.666669715	0.0173676	0.0587532	0.144175	-0.00533965	0.000490749	0.000484031	0
3803.773386483	3434.693813625	0.0088407	0.0552873	0.150646	-0.00533994	0.000578895	0.00068409	0
3781.959548684	3435.356255822	0.00723701	0.0728302	0.122117	-0.00514976	0.000236212	0.000227052	0
3797.581439603	3431.87883528	0.00325962	0.0838062	0.131922	-0.00500446	0.000617043	0.000207041	0
3796.21291269	3433.385770981	0.00584484	0.0928054	0.131741	-0.00474889	0.000179331	0.000313227	0
3783.663833314	3431.543737906	0.00401653	0.103598	0.148751	-0.00485275	0.000541036	0.000250513	0
3790.005524546	3426.005876188	0.00684238	0.100126	0.149675	-0.00541279	0.000648051	0.000254149	0
3780.294764961	3429.332923954	0.0195383	0.125332	0.183568	-0.00589419	0.000526351	-6.50239e-05	0
3794.511141753	3426.849968697	0.0201074	0.0919955	0.179437	-0.00594675	0.000704566	-6.57241e-05	0
3779.903705971	3426.97093524	0.0227391	0.088923	0.164273	-0.00615299	0.000485771	-3.93417e-05	0
3798.441841199	3423.821661509	0.0190177	0.0431161	0.158764	-0.00584914	0.000351634	-3.77961e-05	0
3771.309744785	3429.336265572	0.00776381	0.0427652	0.149223	-0.00621986	3.31304e-05	0.000373157	0
3791.138123308	3424.757715324	0.00941157	0.0599246	0.158822	-0.00593121	0.000897587	0.000445918	0
3781.448909673	3431.257294478	0.00339885	0.0775326	0.159227	-0.00627809	0.000511379	0.000353309	0
3786.700016744	3434.17853625	0.00516897	0.0960605	0.184139	-0.00644755	0.00102521	0.000462641	0
3779.007035359	3431.74169531	0.00318129	0.0924809	0.159153	-0.00620618	0.000487228	0.000276612	0
3783.185154129	3434.387587823	0.00838467	0.0991779	0.168239	-0.00574765	0.000789184	0.00037723	0
3785.725062514	3438.843300221	0.0029596	0.0695308	0.159304	-0.00635768	0.000313059	0.000604155	0
3799.146034659	3447.189323385	0.00401361	0.107432	0.210148	-0.00648809	0.000686616	0.000479672	0
3790.569310233	3442.570139072	0.0164927	0.0987774	0.185156	-0.0062608	0.000405763	0.00029963	0
3796.995748867	3444.270888571	0.0299295	0.067606	0.170648	-0.00629183	0.00084466	0.000275217	0
3790.061903114	3445.985806528	0.0261122	0.0375449	0.126966	-0.00588347	0.000363071	0.000327016	0
3796.171975385	3445.301309657	0.0261538	0.0397192	0.151542	-0.0062747	0.000745482	0.000477302	0
3787.781264326	3442.987172901	0.012482	0.042252	0.144901	-0.00663115	0.000544324	0.000452634	0
3803.802832614	3446.248457641	0.00155915	0.0839978	0.159573	-0.00680865	0.000849931	0.000365813	0
3796.341829289	3449.915414711	-0.0051877	0.0883228	0.116573	-0.00617817	0.000612237	0.000346618	0
3803.384841187	3447.89761257	0.00557087	0.113854	0.150873	-0.00623029	0.00094916	0.000305555	0
3797.590776181	3446.394553146	0.0101272	0.0911456	0.137193	-0.00575749	0.000899419	0.000441254	0
3795.300800814	3441.125090122	0.024124	0.127674	0.165811	-0.00633022	0.00103802	0.000262569	0
3807.174055563	3444.809022608	0.0319084	0.101818	0.164712	-0.00620881	0.000832795	0.000281586	0
3796.199626021	3446.223729673	0.0327827	0.0912583	0.152993	-0.00569938	0.000578093	0.000184592	0
3798.619954384	3440.574124276	0.0327852	0.0314022	0.133395	-0.00587702	0.00062005	0.000251123	0
3793.4173257	3440.693085848	0.0304296	0.0378934	0.13371	-0.00618827	0.000637765	0.000438017	0
3794.905432635	3437.658897415	0.0362206	0.0380728	0.143523	-0.00579176	0.000537882	0.000992996	0
3792.738269182	3439.377557982	0.0462448	0.0786221	0.149801	-0.00625351	0.000537882	0.000702219	0
3798.150611777	3434.240957659	0.0482387	0.11149	0.152883	-0.00622002	0.000488817	0.000844577	0
3786.636815291	3433.233393236	0.0555302	0.119874	0.130416	-0.00634987	0.000577731	0.000637746	0
3794.680636558	3432.156323174	0.0644827	0.148224	0.142153	-0.00627304	0.00099338	0.000609558	0
3795.018548871	3435.805101847	0.0622211	0.12537	0.133219	-0.00576377	0.000747421	0.000430723	0
3798.053295904	3434.978118418	0.0544731	0.113068	0.110074	-0.0057951	0.000939932	0.000435849	0
3773.526104824	3433.892627481	0.0606149	0.0505975	0.0994514	-0.00596016	0.00090494	7.48905e-05	0
3784.107679881	3432.646471588	0.0523523	0.0508239	0.100795	-0.00601208	0.000957235	0.000384675	0
3767.910871201	3432.326478323	0.0420339	0.038431	0.0993898	-0.00637439	0.00102362	0.000368849	0
3786.017728333	3434.018806947	0.0302494	0.0529927	0.13524	-0.00641376	0.0013094	0.000369722	0
3780.514533649	3432.168486661	0.0184791	0.0775852	0.126401	-0.00695022	0.00140933	0.000329544	0
3799.687197099	3438.609253351	0.0184611	0.0838312	0.144774	-0.0067219	0.00147999	8.86475e-05	0
3789.112444926	3434.041262615	0.0188895	0.0904985	0.141388	-0.00606057	0.00117404	0.000160802	0
3779.986657878	3433.205724645	0.0379998	0.110779	0.150537	-0.0066986	0.00139009	0.000157121	0
3787.82220163	3434.661600435	0.0355871	0.125934	0.14439	-0.00651198	0.00130736	1.09982e-05	0
3784.991782022	3437.902701807	0.0293741	0.118579	0.157354	-0.00675953	0.00101659	-0.000132413	0
3793.912523447	3435.561030125	0.0231114	0.041104	0.13217	-0.00674563	0.000898222	0.000181432	0
3775.453030936	3435.472143107	0.0208487	0.0507268	0.133488	-0.00690928	0.000974691	0.00017877	0
3795.724896926	3435.252799353	0.0139326	0.0430492	0.157879	-0.00672823	0.00136126	0.000190626	0
3779.351411457	3432.79590871	0.01247	0.0495314	0.15653	-0.0071128	0.00127746	0.00040988	0
3795.123405827	3431.994588901	0.00603009	0.0711106	0.189547	-0.00730437	0.00127746	0.000218219	0
3779.769043785	3430.233155633	-0.00387904	0.0591439	0.170621	-0.00703654	0.00127746	0.000215668	0
3771.291071629	3429.83282989	-0.000208381	0.0828825	0.188955	-0.00671211	0.00139435	4.25698e-05	0
3778.300328205	3432.691783917	-0.00816496	0.0718522	0.160851	-0.00598431	0.00148962	7.74781e-05	0
3761.611194572	3428.800804829	-0.00576083	0.0750239	0.15633	-0.00636694	0.00137892	0.000104095	0
3787.218915035	3429.869855009	-0.00935193	0.0512046	0.166229	-0.00624548	0.00133842	0.000199535	0
3776.522787345	3431.480113514	-0.0110365	0.0588452	0.150099	-0.00626783	0.000928781	-0.000143738	0
3791.23615738	3428.746269636	-0.0203119	0.0479207	0.146656	-0.00596152	0.00125889	-0.000193968	0
3770.850097856	3427.754477645	-0.0311139	0.0371607	0.142311	-0.00618245	0.0009747	-0.000327496	0
3780.192421699	3433.634921961	-0.0238601	0.0414986	0.165088	-0.00599708	0.00107971	-0.000467146	0
3769.138631241	3427.390241369	-0.0231206	0.0530565	0.146364	-0.00558992	0.00096258	-0.000327144	0
3773.657535118	3429.409914815	-0.00997174	0.0676827	0.16204	-0.00605717	0.00117309	-0.000468399	0
3769.715344498	3429.832696226	-0.00252135	0.0837448	0.173296	-0.00669975	0.00156546	-0.000406448	0
3762.858345967	3433.374944141	-0.00632279	0.104044	0.166148	-0.00740713	0.00133744	-0.000619553	0
3789.204733411	3434.748482483	-0.00341747	0.0820896	0.163961	-0.00713402	0.00133717	-0.000487537	0
3770.543068071	3432.574158991	-0.0083469	0.0767359	0.136938	-0.00760335	0.000997385	-0.000784225	0
3784.914575702	3432.101386987	-0.0136595	0.0450871	0.138713	-0.00704905	0.00141087	-0.000661478	0
3773.878022004	3432.21807626	-0.0334916	0.0400527	0.146069	-0.00789882	0.00077996	-0.000290956	0
3789.637807002	3437.292121509	-0.0157121	0.0616717	0.169806	-0.00760335	0.00146129	-0.000172911	0
3773.740127925	3438.002415665	-0.0323151	0.0675754	0.170004	-0.00774787	0.0011891	-0.000397235	0
3794.864854429	3435.262022217	-0.031869	0.0722369	0.189735	-0.00760335	0.00136628	-0.000561789	0
3779.674959804	3433.236601188	-0.0508213	0.0756657	0.179057	-0.00753618	0.000943656	-0.000543796	0
3785.084070507	3437.280893675	-0.0507916	0.0772589	0.169647	-0.00707644	0.00101425	-0.000611659	0
3791.173315026	3431.270928276	-0.0455361	0.112602	0.177402	-0.0070331	0.000782025	-0.000487823	0
3780.710601792	3439.388785816	-0.0349481	0.100203	0.201616	-0.00760335	0.00099426	-0.000731677	0
3779.894728492	3430.871137192	-0.0361947	0.0467402	0.16048	-0.00687314	0.00105804	-0.00078136	0
3785.232737561	3437.445702236	-0.0319825	0.0499135	0.169742	-0.0069966	0.00110728	-0.00077044	0
3787.856316051	3432.914068295	-0.0363869	0.00542552	0.144851	-0.00679194	0.00105997	-0.000623839	0
3784.815464333	3431.705873173	-0.0277108	0.0335818	0.147148	-0.00734654	0.000943942	-0.000408399	0
3781.185330887	3431.427449627	-0.0353269	0.0373738	0.147445	-0.00686533	0.00116958	-0.000385124	0
3779.527010948	3432.985177909	-0.0258675	0.0827389	0.141527	-0.0068798	0.00128719	-0.000291451	0
3801.710361787	3437.598347311	-0.0364158	0.086964	0.147637	-0.00625979	0.0013417	-0.000367542	0
3788.995378598	3438.571426244	-0.0283962	0.10674	0.12742	-0.00674851	0.000973004	-0.000443225	0
3802.622114564	3438.863884583	-0.0284222	0.0972542	0.126869	-0.00624692	0.00126442	-0.000508844	0
3797.255736661	3439.795527464	-0.0266331	0.0817108	0.127307	-0.00668186	0.00123129	-0.000633147	0
3804.363386409	3442.231299086	-0.0257691	0.0924502	0.167377	-0.00722983	0.00150009	-0.00048553	0
3803.356472353	3439.223977255	-0.0317922	0.05384	0.181895	-0.00808541	0.00150367	-0.000721282	0
3803.819710275	3439.693273977	-0.0399449	0.0316533	0.167927	-0.00778083	0.00152485	-0.000838814	0
3785.553054015	3440.996772021	-0.0446437	0.0144258	0.149815	-0.00778083	0.00141303	-0.000460938	0
3784.796432077	3434.983865999	-0.045685	0.0211883	0.167719	-0.00757366	0.00169493	-0.000332798	0
3782.959998954	3431.849830043	-0.0442171	0.0410492	0.145677	-0.00701103	0.00190951	-0.000428265	0
3773.264680632	3432.288116557	-0.0465821	0.075922	0.155785	-0.00746187	0.00155207	-0.000480516	0
3788.778482703	3435.368953968	-0.0454539	0.067241	0.132959	-0.00696152	0.00189832	-0.000505597	0
3787.750022698	3432.086282877	-0.0408952	0.0897175	0.10699	-0.00724704	0.00156713	-0.000426832	0
3795.288950541	3435.412394991	-0.0350498	0.112495	0.146931	-0.00696024	0.00160034	-0.000462195	0
3780.283991986	3428.295284976	-0.0310219	0.07664	0.155503	-0.00719761	0.00129943	-0.000645928	0
3785.487697967	3429.163971788	-0.0409527	0.0417452	0.143991	-0.00722742	0.00136637	-0.0006323	0
3781.039895725	3429.904206834	-0.0399787	0.0137516	0.125119	-0.00692164	0.00139615	-0.000362694	0
3776.409671108	3429.790591849	-0.0475928	0.0296102	0.143467	-0.00679101	0.00161863	-0.000561861	0
3780.81904974	3421.027133862	-0.0383884	0.0294387	0.136566	-0.00663898	0.0012989	-0.000436928	0
3752.544299787	3428.199982053	-0.0412325	0.0700334	0.132962	-0.0068439	0.00141219	-0.000390776	0
3779.215312874	3425.615307967	-0.042181	0.0498109	0.13974	-0.00639704	0.0015544	-0.000446592	0
3764.644505207	3428.297423611	-0.038881	0.065126	0.118728	-0.00692164	0.00147598	-0.000488107	0
3777.452135981	3426.606698963	-0.0391574	0.0892926	0.14314	-0.00640998	0.00158762	-0.000557245	0
3768.503025722	3428.69734836	-0.0318078	0.0702029	0.12541	-0.00668955	0.00133331	-0.000368267	0
3765.866160562	3433.799195863	-0.0233206	0.102928	0.164392	-0.00764046	0.00133434	-0.000429923	0
3780.136402229	3430.125154564	-0.0268402	0.0895947	0.144108	-0.00738441	0.000962012	-0.000364233	0
3773.799020188	3432.744581469	-0.0245772	0.0667477	0.151398	-0.00740225	0.00136241	-0.000326324	0
3779.410662819	3431.581565013	-0.0265556	0.0159168	0.141323	-0.00706853	0.00128703	-0.000292572	0
3773.03377987	3436.642644786	-0.0362701	0.0238426	0.143842	-0.00708984	0.00112079	-0.000247875	0
3785.319998658	3432.17303126	-0.0310351	0.0169314	0.138933	-0.0064465	0.00154021	-0.00024413	0
3784.251678645	3441.099025508	-0.0497808	0.0577593	0.143793	-0.00703665	0.00113742	-0.000163693	0
3792.985329406	3439.07560945	-0.0368534	0.0722315	0.1433	-0.00658795	0.00153072	-0.000331236	0
3784.323857577	3439.267685608	-0.0481781	0.0759904	0.143915	-0.00718712	0.00132102	-0.000379024	0
3784.008927611	3439.006638471	-0.0436253	0.079629	0.169777	-0.00714215	0.00127626	-0.000644422	0
3788.933613542	3445.807096839	-0.0550366	0.0804878	0.143771	-0.00701279	0.0012557	-0.000427516	0
3785.555567709	3443.357691418	-0.0570659	0.0760354	0.143367	-0.00654965	0.000998564	-0.000262519	0
3804.668261599	3439.597703724	-0.050592	0.0903303	0.18183	-0.00699904	0.00128176	-0.000623328	0
3791.511945538	3447.642580344	-0.0383564	0.0677023	0.182211	-0.00734404	0.0012141	-0.000599357	0
3799.450191651	3437.749254744	-0.0495546	0.0540378	0.18764	-0.00745926	0.00126191	-0.000420924	0
3789.754873329	3439.758502345	-0.0415701	0.0256276	0.147113	-0.00791751	0.000890742	-0.000380619	0
3793.842140011	3436.704798867	-0.0390288	0.0441428	0.163307	-0.00724329	0.00102274	2.40119e-05	0
3788.369468756	3433.228982301	-0.0450914	0.0675262	0.143628	-0.00737065	0.00101431	-0.000135056	0
3797.159498085	3436.09341658	-0.0398765	0.090204	0.146331	-0.00708836	0.000820187	-0.000132553	0
3801.401177407	3431.572342149	-0.0321751	0.0945371	0.152887	-0.00689815	0.000797409	-0.000205663	0
3788.06710726	3432.070243115	-0.0277725	0.104588	0.171127	-0.00688034	0.00109228	-0.000186712	0
3801.775358736	3427.656501429	-0.031176	0.0877576	0.174212	-0.00646428	0.000910389	-0.000119143	0
3783.282110903	3433.739447747	-0.0257523	0.0997911	0.167935	-0.00700288	0.000841601	-0.000215449	0
3791.341014336	3431.746239909	-0.0203063	0.102136	0.178389	-0.00700097	0.00108945	-0.000362551	0
3786.49138013	3431.016831703	-0.0149461	0.09113	0.190161	-0.00786608	0.000864022	-0.000311012	0
3784.513821035	3430.215912888	-0.0309916	0.0566661	0.192503	-0.00786608	0.00104683	-0.000450305	0
3785.077965821	3430.015014861	-0.0425972	0.0188549	0.162108	-0.00745159	0.000769533	-0.000302779	0
3783.269901532	3431.541599271	-0.0405491	0.0369667	0.193274	-0.00759509	0.00116142	-0.000292139	0
3775.932787419	3425.183170029	-0.0521804	0.0681936	0.188718	-0.00727419	0.00122211	-0.000422606	0
3768.490098152	3426.504846471	-0.0580182	0.0916987	0.191798	-0.00735591	0.00116032	-0.000601689	0
3799.56618068	3431.102911762	-0.0526137	0.0752869	0.182649	-0.00718473	0.00136852	-0.000405971	0
3775.437948771	3430.896533483	-0.0676532	0.0948234	0.168508	-0.00726947	0.000721901	-0.000641193	0
3793.394702453	3431.390959167	-0.0603727	0.0887636	0.172674	-0.00676147	0.00118607	-0.000726072	0
3787.581246091	3431.297661214	-0.0615272	0.085729	0.16571	-0.00686769	0.000945727	-0.000372902	0
3798.494628776	3435.17260054	-0.045367	0.0816197	0.177262	-0.00662029	0.00136308	-0.000592972	0
3800.30053847	3434.743536889	-0.0396177	0.0821547	0.186467	-0.00729044	0.001122	-0.000598916	0
3801.014786707	3440.454761708	-0.0358351	0.101379	0.212599	-0.0076714	0.00109427	-0.000778703	0
3791.797070273	3433.061233117	-0.0440678	0.0634152	0.197812	-0.00736398	0.00112579	-0.000745083	0
3786.454033817	3437.10285231	-0.0420042	0.0481922	0.179889	-0.00739293	0.000679537	-0.000469659	0
3795.432949306	3431.893271067	-0.0412563	0.0488028	0.16065	-0.0069241	0.000984569	-0.000701458	0
3787.770491351	3431.574881778	-0.0409352	0.0680691	0.14758	-0.00704924	0.00105011	-0.000556949	0
3781.700997286	3431.16212522	-0.0408563	0.0841215	0.160349	-0.0066394	0.00110093	-0.000641026	0
3787.757204682	3435.72650701	-0.0421803	0.0840359	0.141637	-0.00649517	0.000665066	-0.000549764	0
3788.051306897	3435.46652919	-0.0387238	0.104986	0.151802	-0.00640759	0.000962102	-0.000651956	0
3801.609095823	3431.806522684	-0.0371818	0.0939178	0.142831	-0.00629597	0.00114931	-0.000471171	0
3777.372056867	3437.038024936	-0.0396179	0.103749	0.151939	-0.00652965	0.000946268	-0.000627164	0
3794.788725406	3438.230982282	-0.0448629	0.0658243	0.142791	-0.00617159	0.000972744	-0.000654424	0
3786.373954703	3436.840735855	-0.0388151	0.0613853	0.143519	-0.00669961	0.000808551	-0.000656636	0
3794.451890391	3436.248734949	-0.023555	0.0642104	0.166947	-0.00687929	0.00135807	-0.000648407	0
3797.300624057	3439.934939734	-0.0221548	0.0678695	0.193711	-0.00744314	0.00117548	-0.000693937	0
3808.511340849	3441.857706281	-0.0159449	0.0821986	0.22816	-0.00733072	0.00131211	-0.00076411	0
3791.510509141	3437.307225619	-0.0159187	0.0982241	0.227938	-0.0069371	0.000951004	-0.000682824	0
3806.022424545	3439.511890994	-0.0119913	0.10187	0.25438	-0.0069592	0.00121211	-0.000726199	0
3795.455572553	3433.006163265	-0.0048853	0.100003	0.281741	-0.0066939	0.00115302	-0.000835773	0
3798.923393177	3428.271358997	0.00459466	0.0752102	0.258201	-0.00697532	0.000869273	-0.000414874	0
3791.798865769	3439.028960474	-0.010842	0.0698602	0.181278	-0.00659311	-2.0125e-05	-0.000304865	0
3796.451354534	3433.783022436	-0.00548664	0.0478452	0.190762	-0.00637963	0.000259481	-0.000370682	0
3783.46381508	3434.439850716	-0.0213855	0.0416296	0.150849	-0.00548319	-1.78598e-05	-0.000674749	0
3784.591027355	3438.801195844	-0.011024	0.0780517	0.215171	-0.00662416	0.000566064	-0.000773004	0
3809.861194605	3439.753556751	0.000970901	0.0766482	0.211195	-0.0065397	0.000630027	-0.000856623	0
3787.468129855	3436.84287449	-0.00673557	0.104263	0.201105	-0.00686629	0.00101883	-0.000697309	0
3797.83604091	3435.612223701	0.0104411	0.100627	0.23693	-0.00686629	0.00165439	-0.000462901	0
3775.623962138	3434.662135094	0.00957641	0.0854076	0.205816	-0.00624795	0.00129818	-0.000468429	0
3800.676515295	3437.39450866	0.00623064	0.0860645	0.21758	-0.00625711	0.00138746	-0.000213706	0
3781.083705823	3433.558198429	-0.00373834	0.0564248	0.220586	-0.00647856	0.00134538	5.05635e-05	0
3789.614106457	3436.282953109	0.0028083	0.0657181	0.239098	-0.00686628	0.00150228	0.000223636	0
3795.743210984	3430.662887607	0.00230336	0.0478102	0.236359	-0.0062089	0.00139627	-6.02791e-06	0
3778.001557701	3430.388607666	0.00278112	0.0669327	0.248831	-0.00667907	0.00148887	0.000185377	0
3783.344235059	3428.963474755	0.00365624	0.0646638	0.25114	-0.00659313	0.00174411	0.000304263	0
3777.625580877	3428.292879012	0.00797113	0.0712228	0.237736	-0.00670017	0.00142357	0.000259056	0
3784.98388184	3428.547510244	0.00340932	0.0894073	0.253895	-0.00686628	0.00156286	0.000649447	0
3768.34897218	3425.091609717	-0.00317938	0.075427	0.246877	-0.00621436	0.00156478	0.000494069	0
3770.149495387	3428.113768329	0.00574019	0.095125	0.246874	-0.00594682	0.00169951	0.000504388	0
3778.603766999	3426.79503251	0.0040229	0.0766091	0.257732	-0.00620587	0.00175523	0.000627582	0
3765.569185554	3434.082565003	0.00520996	0.0885694	0.28996	-0.00613236	0.00204159	0.000963363	0
3778.432476697	3429.441860676	0.00469913	0.0601011	0.308624	-0.00630208	0.00195867	0.000672167	0
3767.915180391	3437.306824625	0.00329149	0.0680283	0.339868	-0.00715901	0.00156847	0.00043849	0
3770.944181837	3433.468375759	0.00476378	0.0784765	0.350837	-0.00727717	0.00201297	0.000518084	0
3756.988151938	3428.76377971	0.00417938	0.041187	0.32715	-0.00730049	0.00166436	0.000335846	0
3764.548266632	3428.544970614	-0.00482458	0.0597833	0.325052	-0.00665999	0.00184308	0.000474683	0
3762.785448837	3431.084733365	-0.00726197	0.0555319	0.270231	-0.00684332	0.00139268	0.000784978	0
3763.468814545	3430.306136553	0.000254483	0.0650479	0.306473	-0.00621559	0.00178661	0.000676249	0
3772.240170718	3428.544168626	0.00318712	0.0792083	0.28581	-0.00619946	0.00172398	0.000838063	0
3761.341870199	3433.513019765	0.0134896	0.0953293	0.300506	-0.00616172	0.00187364	0.0010398	0
3778.27662766	3430.083183852	0.0228514	0.0698815	0.305997	-0.00569655	0.00184933	0.00120398	0
3765.857183083	3431.454583558	0.0180639	0.0850806	0.298585	-0.00615595	0.00169573	0.00129136	0
3782.066201135	3426.446167672	0.0280622	0.0802991	0.319182	-0.00601937	0.00198147	0.00128933	0
3771.602051504	3430.013143555	0.0268163	0.0795086	0.28416	-0.00602918	0.00158743	0.00123151	0
3787.51732644	3431.099570145	0.0269685	0.0895034	0.302791	-0.00635457	0.0017157	0.000999154	0
3771.244029638	3427.936929946	0.0265864	0.0913057	0.320113	-0.00698609	0.00157501	0.00106038	0
3775.405270747	3430.37390455	0.0262911	0.0913996	0.319966	-0.00683092	0.0014767	0.00107085	0
3764.101547272	3426.996331531	0.0257086	0.0569816	0.306068	-0.00668128	0.00130505	0.000989067	0
3782.613468261	3429.670293629	0.0266828	0.0557682	0.314552	-0.00666873	0.00162557	0.000959412	0
3763.068059879	3424.035525011	0.027027	0.0546724	0.301847	-0.00669586	0.00174853	0.00093866	0
3782.362817044	3428.32134959	0.00969886	0.0588549	0.304234	-0.00629127	0.00165207	0.00115724	0
3773.491631304	3429.124540705	0.00953837	0.0499325	0.303649	-0.00623966	0.00158254	0.00126072	0
3773.331832176	3430.57373326	0.0105126	0.0778979	0.315403	-0.00616932	0.00189691	0.00123192	0
3779.460577603	3428.391523552	0.00729317	0.0713839	0.30076	-0.00605158	0.00201428	0.00114863	0
3770.485971304	3430.953608305	0.00244871	0.106518	0.322978	-0.00618281	0.00170905	0.00104512	0
3793.834958028	3427.025203104	-0.00110473	0.0628267	0.325366	-0.00599002	0.00190695	0.0010383	0
3776.04841735	3429.943103258	-0.00516652	0.0646807	0.28728	-0.00628637	0.00172562	0.00111819	0
3785.100948168	3431.835527921	-0.0111532	0.06024	0.332103	-0.00596938	0.00220469	0.00105496	0
3778.13514259	3432.912597983	-0.0167908	0.061239	0.339248	-0.00632244	0.00169384	0.000836103	0
3781.250327835	3430.238635885	-0.00489274	0.0729787	0.345439	-0.00670195	0.00193306	0.000651647	0
3774.278776671	3428.589748285	-0.0143992	0.0496121	0.314577	-0.00671719	0.00202505	0.000805862	0
3765.750171533	3430.048832027	-0.0025908	0.0571918	0.29427	-0.00632735	0.00188703	0.000651529	0
3785.011532476	3425.925811039	-0.0108158	0.0340576	0.266611	-0.00565874	0.0017916	0.000675153	0
3760.70590558	3427.402137526	-0.00239415	0.0761749	0.277098	-0.00621117	0.0016735	0.000734414	0
3785.165586017	3425.337285415	-0.00164229	0.0644773	0.266432	-0.00555532	0.00204777	0.000952684	0
3770.958545803	3426.97320754	-0.00691722	0.0807082	0.239911	-0.00559123	0.0017398	0.00086902	0
3775.664540344	3426.977083816	-0.0089536	0.0766011	0.26063	-0.00533749	0.00196391	0.000772125	0
3772.661034938	3430.915647534	-0.0090116	0.0713638	0.239926	-0.0057712	0.00196391	0.000708551	0
3780.063864198	3428.046000332	-0.00964023	0.0599986	0.261559	-0.005624	0.00182832	0.000518518	0
3786.918708134	3431.464073751	-0.0221195	0.0511925	0.227308	-0.0056209	0.00172696	0.000796255	0
3785.541203742	3435.906018687	-0.0122806	0.0534776	0.262355	-0.00563299	0.00180928	0.000521558	0
3791.570119602	3433.298621604	-0.0100952	0.0487567	0.260614	-0.00510816	0.00185119	0.000605878	0
3771.040061313	3433.854800374	-0.00262313	0.0657069	0.252353	-0.00622922	0.00174962	0.000748073	0
3787.184441516	3431.451509271	-0.00125444	0.0513856	0.274873	-0.0060248	0.00215981	0.000832203	0
3778.687796203	3435.036396222	0.000384588	0.0696922	0.225117	-0.0058915	0.00156077	0.000779908	0
3795.224671791	3430.003386033	0.00418964	0.0838534	0.26128	-0.00598241	0.0019024	0.000895929	0
3785.07832492	3432.370053011	0.00880855	0.0938697	0.281312	-0.00668029	0.00186047	0.00073933	0
3798.704342688	3431.659758856	0.0124883	0.107729	0.290379	-0.00675131	0.00184271	0.000609758	0
3792.761251528	3431.773106512	0.00660194	0.0860891	0.291685	-0.00728874	0.00148367	0.000691624	0
3792.103740959	3432.639654689	0.0135935	0.0740252	0.294814	-0.0070341	0.00182657	0.000537019	0
3784.665719981	3436.217858406	-0.0028365	0.0513424	0.277049	-0.00677569	0.00169994	0.000781785	0
3787.625415289	3436.46059348	-0.00784075	0.0615717	0.298231	-0.00664204	0.00177325	0.00064303	0
3786.833960732	3431.101040457	-0.0122777	0.0744502	0.288998	-0.00683639	0.00175503	0.000485918	0
3781.001831214	3431.140738869	-0.0233879	0.0922633	0.316456	-0.00725395	0.00182566	0.000652066	0
3798.926265971	3429.156085571	-0.0228288	0.0772727	0.313878	-0.0069169	0.00194818	0.000731263	0
3784.035500949	3433.686917525	-0.03369	0.102974	0.270682	-0.006912	0.00132763	0.000540178	0
3797.646077452	3432.444370578	-0.0265246	0.0967994	0.302437	-0.00673975	0.00192583	0.000537775	0
3781.463632738	3432.647540905	-0.0233881	0.0752559	0.281034	-0.00652055	0.00156498	0.000855719	0
3792.809729915	3432.36203313	-0.0136834	0.090879	0.287264	-0.00669899	0.00186373	0.000757618	0
3792.805061626	3433.918959424	-0.0126913	0.0710053	0.302357	-0.00715287	0.00172788	0.00106281	0
3798.991981118	3433.519569334	-0.00965441	0.0893577	0.339372	-0.00725395	0.00192003	0.000810679	0
3793.952024355	3435.185699679	-0.0138047	0.0606816	0.291908	-0.00681771	0.0014984	0.000548232	0
3785.081915912	3429.703442472	-0.0184924	0.076375	0.297551	-0.00708804	0.00162411	0.000595718	0
3792.7734609	3428.380696712	-0.0171651	0.0382465	0.265752	-0.00642596	0.00142387	0.000705897	0
3794.802012075	3431.439345784	-0.0147156	0.0838737	0.292541	-0.00657629	0.00187482	0.00079176	0
3797.688451153	3431.111332638	-0.00878301	0.0808999	0.26399	-0.006205	0.00202769	0.000712343	0
3788.961623277	3432.361231142	-0.0118177	0.108499	0.270337	-0.00653937	0.00151527	0.000673561	0
3799.264178284	3433.952108267	-0.0110593	0.0941246	0.282191	-0.00618988	0.00176572	0.000633205	0
3799.352516678	3436.045564622	-0.0118922	0.12829	0.283274	-0.00718351	0.00154857	0.00050686	0
3815.577335093	3437.460806346	0.00273345	0.10299	0.323929	-0.00724467	0.00176572	0.000506409	0
3790.565360142	3436.641174475	-0.0153207	0.0563251	0.279718	-0.00732822	0.00131322	0.000495549	0
3805.651834208	3435.484974917	-0.0204666	0.0687165	0.285964	-0.00674884	0.00154899	0.00069261	0
3803.441937954	3440.396483904	-0.0211869	0.0563142	0.278977	-0.00659695	0.00137317	0.000778507	0
3805.305303515	3439.233066454	-0.0283551	0.0724079	0.282332	-0.00632087	0.00137673	0.000750483	0
3800.338962081	3435.757784547	-0.0223771	0.0623899	0.280141	-0.00646443	0.00180224	0.00103221	0
3790.917636422	3435.642298256	-0.0236007	0.086732	0.301227	-0.00679694	0.00181062	0.00077364	0
3802.343094513	3423.394469164	-0.021467	0.0728833	0.289339	-0.00625885	0.00179616	0.000649517	0
3785.83422866	3432.578837255	-0.0201626	0.112906	0.313649	-0.00647115	0.00194331	0.000695486	0
3798.504324453	3434.838438818	-0.016146	0.111752	0.333565	-0.00670616	0.00176296	0.000342321	0
3791.426120837	3434.085505626	-0.0223902	0.0951528	0.314196	-0.00691281	0.00130327	0.000348109	0
3795.774093512	3427.938533922	-0.0206469	0.0754618	0.305632	-0.00641797	0.00186875	0.000369395	0
3786.112889611	3432.605971187	-0.0220386	0.0549145	0.277324	-0.00634913	0.00139264	0.00051417	0
3788.659261781	3427.180120478	-0.00425014	0.0825749	0.262994	-0.00551212	0.00156454	0.000625157	0
3785.812323611	3428.553525155	-0.00155297	0.0644394	0.263768	-0.00630402	0.00179932	0.000993749	0
3788.148263671	3428.699486995	-0.00880671	0.0820021	0.26306	-0.00561331	0.00179932	0.000732389	0
3793.845371903	3435.335136801	0.00470503	0.0931271	0.272544	-0.00679351	0.00145894	0.000465945	0
3794.649394931	3434.274507496	-0.0210304	0.103671	0.302962	-0.0067717	0.00179932	0.000273997	0
3800.001408867	3435.661011312	-0.0248844	0.0957451	0.261484	-0.00703576	0.00132185	0.000355449	0
3799.380526413	3438.302091897	-0.0272206	0.0616758	0.252763	-0.00661311	0.00121428	4.08187e-05	0
3787.459152376	3438.739843752	-0.0204024	0.0553494	0.249769	-0.00636504	0.00166966	0.000244513	0
3810.269131255	3439.196308664	-0.0237464	0.0591379	0.259813	-0.00553884	0.00175964	0.000187622	0
3800.061378427	3441.723640598	-0.0195438	0.0732518	0.260643	-0.00625712	0.00154506	0.000502369	0
3809.889563439	3441.969316296	-0.0176603	0.0886639	0.268797	-0.00543865	0.00155601	0.000535517	0
3804.471116158	3441.882968907	-0.0166748	0.0889498	0.255445	-0.00610926	0.00163719	0.000373746	0
3802.652637993	3443.913469194	-0.0195761	0.105302	0.252737	-0.00535326	0.001578	0.000247552	0
3803.817196581	3435.393013611	-0.0172688	0.0921946	0.257447	-0.00529953	0.00141285	0.000557885	0
3800.025109412	3435.906286016	-0.0136034	0.0979849	0.262775	-0.00578459	0.00177904	0.000781268	0
3805.476952915	3436.672318347	-0.0155242	0.0761754	0.245829	-0.00457295	0.00164728	0.000589573	0
3790.608452042	3437.234512028	-0.000562738	0.0993102	0.262746	-0.00577055	0.00207977	0.000416336	0
3799.775894592	3432.745383457	1.65755e-05	0.0812244	0.293837	-0.00624296	0.00222444	0.000177448	0
3788.151495563	3432.280631335	0.00936545	0.0897535	0.278157	-0.0066565	0.00190682	0.000114937	0
3798.051141309	3430.901612741	0.00596807	0.101637	0.277934	-0.00643086	0.00192306	1.10068e-05	0
3777.67585476	3428.109090065	0.000818969	0.0665538	0.245932	-0.00634922	0.00164422	-6.99257e-05	0
3792.093327084	3423.72702691	0.0139137	0.0642643	0.251378	-0.00587138	0.00179422	8.3918e-05	0
3781.558794017	3427.480331369	0.0157533	0.0538484	0.228543	-0.00619393	0.00154682	0.000153372	0
3790.154191599	3420.191595893	0.0127745	0.081376	0.207788	-0.00558473	0.00166879	0.00082218	0
3774.605197811	3425.022371408	0.0107296	0.0855437	0.207863	-0.00557492	0.00105487	0.000730883	0
3793.862608663	3430.226338734	0.00721798	0.116306	0.221782	-0.00562861	0.00153392	0.00064576	0
3773.615520515	3425.798294926	0.00926803	0.0982521	0.213571	-0.00582843	0.00158921	0.000687653	0
3806.121176815	3435.605406802	0.0291323	0.0749089	0.159166	-0.00468463	0.0018654	0.000494848	0
3795.431512909	3438.902914673	0.0279779	0.109999	0.192506	-0.00518699	0.00130278	0.000812114	0
3803.663502138	3442.944132871	0.0271219	0.0994839	0.228124	-0.00531664	0.00127631	0.000553392	0
3790.117922584	3439.273032196	0.028988	0.0552405	0.202134	-0.00552455	0.00116131	0.000616373	0
3794.807398563	3439.193234376	0.0207536	0.0375947	0.191207	-0.00531417	0.00103291	0.000775915	0
3779.363979928	3439.155273605	0.0153755	0.0230279	0.191504	-0.00560024	0.000895099	0.00104153	0
3801.323252889	3438.990732373	0.0158547	0.0556072	0.19423	-0.00530051	0.00106742	0.000951633	0
3791.400624797	3439.158214228	0.0215602	0.0709224	0.18201	-0.00549909	0.00139496	0.000853544	0
3800.447410028	3439.909543443	0.0181138	0.089234	0.191254	-0.00547532	0.00134065	0.00100195	0
3804.94261336	3437.084005588	0.0152903	0.10104	0.178889	-0.00527163	0.00127094	0.000924436	0
3790.316504421	3439.085233308	0.0100225	0.106497	0.179726	-0.00509274	0.00146488	0.000875277	0
3786.514362476	3436.946464624	0.0092119	0.0924291	0.203228	-0.00495013	0.00124246	0.000696882	0
3787.041160949	3438.975360934	0.0224352	0.120271	0.231861	-0.00570017	0.00134651	0.000861945	0
3800.950148857	3437.042970529	0.00956247	0.0578344	0.214699	-0.00568622	0.00095091	0.000602455	0
3774.465149137	3433.819512896	0.00955313	0.0502623	0.192444	-0.00550693	0.000907866	0.000690813	0
3791.168646737	3435.019019812	0.00970633	0.0202961	0.194245	-0.00507681	0.000928141	0.000776086	0
3771.205965127	3431.34457752	0.00937547	0.0449648	0.196948	-0.00551233	0.00082405	0.000818917	0
3792.521373287	3428.273096638	0.00993543	0.0489972	0.211256	-0.00498895	0.000972542	0.000917721	0
3773.643889349	3430.96002421	0.0097533	0.0716323	0.183359	-0.00518458	0.0009316	0.000898569	0
3794.807398563	3425.881033368	0.018223	0.0896964	0.187716	-0.00473229	0.00132704	0.00100001	0
3775.228593959	3429.282666032	0.0114533	0.101972	0.162907	-0.00491922	0.00146209	0.000922779	0
3796.678305206	3430.924068409	0.0185773	0.115158	0.192858	-0.00471409	0.00138681	0.000663626	0
3784.402859393	3432.629763502	0.0160256	0.10361	0.19346	-0.00530834	0.00118966	0.000590859	0
3798.831104692	3432.629362508	0.0108926	0.0719845	0.203919	-0.00545208	0.00138538	0.000549733	0
3787.232201704	3431.508316763	0.0110794	0.0257806	0.211313	-0.00572257	0.00107702	0.00078634	0
3788.989273912	3434.991885881	0.00799255	0.0506558	0.218897	-0.00529358	0.00129919	0.000894212	0
3780.915288315	3430.378048156	-0.00192973	0.0555176	0.211471	-0.00555259	0.0014332	0.00089522	0
3793.484836343	3429.473004548	0.00403456	0.0862868	0.22639	-0.00563731	0.00160828	0.000684244	0
3788.594983031	3424.226531851	0.0036498	0.100322	0.239749	-0.00608028	0.0016819	0.000208493	0
3795.747879273	3432.498772107	-0.00539139	0.101704	0.250436	-0.00636247	0.00160912	0.000374319	0
3803.662424841	3433.790373994	-0.00335156	0.0582157	0.208323	-0.00589198	0.00163887	0.000384496	0
3778.3883075	3433.791175982	-0.00535175	0.0627993	0.237216	-0.0062293	0.00166868	0.000526763	0
3791.534927884	3432.173966913	0.00753863	0.0683635	0.225282	-0.00573793	0.00206526	0.000678149	0
3784.521721217	3433.425335729	-0.00575988	0.0798202	0.216985	-0.00600191	0.00151352	0.000581718	0
3788.733236209	3435.740408137	0.00795222	0.0954472	0.237413	-0.00531972	0.00199264	0.000526456	0
3787.20383287	3438.34152298	0.00474482	0.104081	0.248203	-0.00643946	0.00166017	0.000340144	0
3800.801122704	3434.760779634	-0.00581865	0.065832	0.246307	-0.00635204	0.00156942	0.000355898	0
3786.99770995	3435.879954072	-0.00340688	0.0485126	0.204423	-0.00611986	0.00146664	0.000974579	0
3786.978318596	3431.467281704	-0.00289466	0.062642	0.23495	-0.00598765	0.00188915	0.000706788	0
3796.351165868	3433.038911114	0.0124044	0.0521897	0.232819	-0.00571892	0.00182911	0.000784566	0
3789.528999955	3436.948469594	0.00644944	0.0779976	0.261805	-0.00641199	0.00200648	0.000797363	0
3806.329095231	3434.452816191	0.00556932	0.0848153	0.274404	-0.00634097	0.00203819	0.000730937	0
3779.31155145	3443.008425586	-0.00250037	0.0987241	0.272205	-0.00680335	0.00184086	0.000528255	0
3795.601725913	3434.604124619	-0.00347818	0.0930224	0.245294	-0.0059024	0.00203819	0.000734329	0
3773.050298432	3432.699670134	-0.0127435	0.0565457	0.227555	-0.00618303	0.00153857	0.00108588	0
3791.494708778	3438.676754019	-0.00848219	0.0746755	0.253619	-0.00587895	0.00175784	0.000735145	0
3781.787540184	3434.071871828	-0.0246263	0.0508787	0.200922	-0.00522764	0.00129768	0.000760549	0
3791.367587674	3435.101891919	-0.026996	0.0741025	0.169837	-0.00464236	0.00153327	0.000592101	0
3807.412497408	3439.913553384	-0.0263588	0.0732249	0.127271	-0.00411148	0.00136585	0.000680094	0
3777.391448222	3437.503579046	-0.0201013	0.102221	0.143381	-0.00461351	0.00125104	0.000548037	0
3797.320015411	3432.699536469	-0.0170766	0.0847605	0.160088	-0.00490948	0.00171139	0.000648438	0
3777.823085417	3431.066955961	-0.0201309	0.0778062	0.154737	-0.0051499	0.00133968	0.000371783	0
3794.205907464	3436.245259667	-0.0181878	0.0549795	0.136665	-0.00432438	0.00159802	0.000369728	0
3786.603778168	3431.001861258	-0.0186593	0.0432547	0.135167	-0.00473496	0.00135809	0.00069943	0
3783.994563644	3433.609926664	-0.0178586	0.0554533	0.141115	-0.00425991	0.00150599	0.00102178	0
3785.013687071	3432.697531499	-0.0284522	0.0556148	0.130028	-0.0042932	0.00124046	0.0010732	0
3775.168624398	3430.610357385	-0.0218264	0.0763132	0.151246	-0.0044402	0.0016605	0.000607112	0
3787.041879148	3430.134377428	-0.0204261	0.0748854	0.118092	-0.00384227	0.00174374	0.00068975	0
3780.36802119	3429.424617931	-0.0136058	0.0892044	0.151008	-0.00417324	0.0015849	0.00078373	0
3792.955165076	3428.695610719	-0.000524896	0.0937725	0.151162	-0.00435417	0.00164763	0.000417451	0
3788.049511401	3434.230531814	-0.00240091	0.0902086	0.125037	-0.00362723	0.00130749	5.48797e-05	0
3800.680465385	3437.283834298	-0.00526503	0.0776369	0.108031	-0.00271581	0.0017375	-0.000250038	0
3808.71243638	3442.342374443	-0.00458931	0.0598034	0.159482	-0.00318014	0.00131815	-0.000547238	0
3826.244016652	3447.312829557	0.0154188	0.0621202	0.293418	-0.0037284	0.00122712	-0.000173156	0
3806.849789018	3442.42925649	0.0154798	0.0233775	0.307631	-0.00409991	0.00108678	0.00028018	0
3805.783264502	3439.162892492	-0.00628494	0.00294907	0.190428	-0.00362528	0.000521457	0.000190661	0
3789.579992037	3440.895053193	-0.00462967	0.0399571	0.166885	-0.00420923	0.000148211	-1.04419e-05	0
3785.588245733	3435.811250422	0.00137028	0.0424544	0.151392	-0.00385119	0.000508607	6.83374e-05	0
3779.001289773	3437.418701969	0.015356	0.0933073	0.167707	-0.0035872	0.00053676	-0.000224485	0
3799.498310939	3434.875330272	0.0147432	0.0771674	0.175954	-0.00305248	0.000841285	-0.000368127	0
3778.638240518	3433.53453978	0.0083126	0.0932564	0.169211	-0.00374409	0.000752824	-0.000448953	0
3804.302339551	3435.086253151	0.030042	0.111027	0.188149	-0.0034617	0.00156282	-5.47417e-05	0
3789.312822259	3431.672857995	0.0196376	0.0846163	0.166655	-0.00313454	0.00130188	0.000179844	0
3794.02276689	3435.408919709	0.0257543	0.0786267	0.195425	-0.00411549	0.00151101	0.000269125	0
3786.587259606	3429.296968153	0.0168953	0.0573871	0.189896	-0.00417263	0.00154918	0.000201903	0
3789.677667009	3433.106545446	0.0240868	0.0743919	0.199636	-0.00442994	0.0013785	0.000261244	0
3787.618592404	3434.483425405	0.0327841	0.0472274	0.187085	-0.0044579	0.00184379	0.000437832	0
3790.159218988	3430.604342474	0.026765	0.0703683	0.179371	-0.00515082	0.00178074	0.000203555	0
3787.16110007	3429.055168731	0.0311658	0.0924786	0.189284	-0.00518778	0.00219358	0.000179887	0
3781.769226127	3433.29621564	0.026707	0.106966	0.171929	-0.00518385	0.00177767	0.000209753	0
3788.987837516	3426.740898311	0.0268915	0.157161	0.19162	-0.00563721	0.00183186	0.000179606	0
3769.776391356	3431.584371971	0.020406	0.111337	0.183993	-0.00458324	0.00206649	1.10102e-05	0
3761.619812951	3431.785804657	0.0025633	0.124163	0.193901	-0.00428133	0.00207711	6.22012e-05	0
3779.72379729	3433.70843754	-0.00423846	0.103785	0.176828	-0.00435964	0.00183671	7.96946e-05	0
3778.338392717	3436.206496907	-0.00378731	0.0716342	0.167057	-0.00447552	0.00166733	6.93116e-05	0
3783.023200406	3441.665496459	-0.00371593	0.0388546	0.189232	-0.00432773	0.00237141	6.20886e-05	0
3771.79309226	3436.281750127	-0.00395004	0.0191966	0.185271	-0.00465639	0.00221723	0.000412335	0
3773.081899158	3436.502831522	0.00780907	0.0351909	0.191106	-0.00478972	0.00227188	0.000384698	0
3772.580596726	3436.484385795	0.00819553	0.0626126	0.166526	-0.00470912	0.00194501	0.000312008	0
3769.752331712	3432.914602953	0.0149868	0.0995412	0.164436	-0.0041258	0.00202067	0.000437549	0
3768.667493139	3433.450331026	0.0136049	0.0866078	0.150297	-0.00380322	0.00190927	0.000510763	0
3758.220580268	3433.74065073	0.0120312	0.130382	0.153846	-0.00384806	0.0017917	0.000824454	0
3773.827389022	3430.197066167	0.00758914	0.0901913	0.147981	-0.00408521	0.0017531	0.000719253	0
3758.535869334	3433.288730417	0.00570825	0.116059	0.124183	-0.00394109	0.00161322	0.000817337	0
3772.288649105	3428.097060243	0.0168885	0.0821362	0.137443	-0.00388975	0.00184102	0.000897551	0
3756.934646162	3428.454613285	0.0139576	0.0711419	0.150723	-0.00471041	0.00175285	0.000854169	0
3766.42096877	3426.6852938	0.0172841	0.0602286	0.167474	-0.00437254	0.00185448	0.000831815	0
3753.68515783	3424.571921407	0.0129933	0.0722539	0.146865	-0.00440986	0.00131475	0.000613556	0
3773.374924076	3423.03771811	0.0273451	0.0922086	0.199487	-0.00484814	0.00185263	0.000745799	0
3779.987376076	3430.574134254	0.0317931	0.0914408	0.210504	-0.00583662	0.00214446	0.000417797	0
3774.315404785	3423.084634416	0.0137295	0.0835183	0.246619	-0.00577717	0.00198966	0.00036502	0
3757.451389859	3419.948459824	-0.00188712	0.0559947	0.221338	-0.00594258	0.00165495	1.88331e-05	0
3764.950816794	3420.230625982	-0.00995656	0.0494994	0.197607	-0.00541606	0.0017318	8.05127e-05	0
3758.411621023	3417.825864568	0.00183591	0.0633998	0.228349	-0.00620962	0.0018138	0.000285726	0
3759.63219908	3415.178368078	0.0102403	0.071409	0.200401	-0.00552328	0.00221388	0.000328295	0
3753.945504724	3419.876414557	0.00384148	0.0910738	0.223933	-0.00610221	0.00221029	0.000505192	0
3772.019683832	3421.2340468	-0.000257503	0.0853646	0.213753	-0.00595463	0.00249252	0.000830026	0
3764.935016431	3423.020074371	0.00275357	0.0913746	0.204032	-0.00585343	0.00217266	0.00046193	0
3781.942311924	3421.947147915	-0.00587279	0.0728148	0.187778	-0.00491029	0.0022838	0.00043363	0
3783.811063972	3424.766002535	0.00242236	0.0941114	0.198757	-0.00551109	0.00207221	0.000445417	0
3789.241002426	3430.433786331	0.0105872	0.10393	0.203178	-0.0049618	0.00215612	0.000468157	0
3784.828751002	3425.433122996	0.0065621	0.0619433	0.193479	-0.00564456	0.00193038	0.000548491	0
3783.451605709	3424.56203022	0.00435339	0.0527195	0.191747	-0.00525294	0.0019173	0.000575498	0
3784.384904435	3430.555955856	0.00129575	0.0554528	0.18935	-0.00549102	0.00166877	0.000411165	0
3788.230497379	3424.533292312	0.0026803	0.04867	0.172224	-0.00518936	0.00201852	0.000605557	0
3780.498733286	3427.768111444	-0.00313869	0.0791394	0.192036	-0.00522686	0.0019953	0.000603894	0
3782.51507509	3430.326720915	0.00218921	0.0947109	0.176122	-0.00510622	0.00201542	0.000639573	0
3785.392895788	3428.942756728	-0.00537168	0.125117	0.173127	-0.00474508	0.00205473	0.000533948	0
3781.559871314	3433.378018429	-0.00102878	0.10745	0.16438	-0.00502397	0.00207651	0.000563051	0
3788.124563126	3432.559723205	0.00431594	0.137741	0.185333	-0.00503722	0.00201256	0.000461714	0
3796.2086035	3439.473930223	0.0115271	0.112086	0.19524	-0.00556491	0.00184116	0.000564052	0
3800.550830587	3439.702095846	0.0104652	0.0792782	0.187428	-0.00539635	0.00171677	0.000394685	0
3794.746351705	3437.913929641	0.0056404	0.0457475	0.140474	-0.00478967	0.0013901	0.000620796	0
3792.031562027	3435.361869739	-0.00196287	0.0503324	0.174766	-0.00540956	0.00165448	0.000563423	0
3799.223240979	3433.460756871	-0.00544244	0.0470065	0.184566	-0.00565298	0.00148491	0.000686322	0
3796.920697141	3436.472623302	0.00197873	0.0868953	0.209714	-0.00590626	0.00174503	0.000785325	0
3788.386705516	3432.661843027	-0.00246164	0.095326	0.182774	-0.00530263	0.00149891	0.000834073	0
3790.898604166	3435.707660289	-0.00422536	0.11077	0.219385	-0.00556784	0.00169138	0.000776212	0
3794.939187956	3430.77128967	0.000916663	0.101613	0.164351	-0.00470298	0.00163393	0.000863081	0
3785.536535453	3433.666333163	-0.000228543	0.099405	0.186152	-0.00538376	0.00192902	0.000671507	0
3794.995566525	3430.963232163	-0.0038029	0.0776703	0.164558	-0.00476358	0.00157206	0.000744873	0
3778.248258827	3430.437929936	-0.000243297	0.100616	0.171462	-0.00488998	0.00169566	0.000942241	0
3804.255656659	3431.169343113	0.00121671	0.0646859	0.192384	-0.00516026	0.0019043	0.000727445	0
3785.99725968	3434.561619248	-0.000981652	0.0939814	0.210351	-0.00535596	0.0019051	0.000654061	0
3801.174226736	3429.264353969	0.0030066	0.0709084	0.19023	-0.00505686	0.00193997	0.000711701	0
3777.223389813	3425.932895268	0.00101762	0.0685053	0.181823	-0.00488121	0.00186871	0.000458314	0
3787.021410495	3428.561010377	-0.0159653	0.0210195	0.180363	-0.00476573	0.00167024	0.000379414	0
3778.604126098	3429.118793123	-0.0171667	0.0559811	0.186551	-0.00466654	0.00179995	-3.20827e-05	0
3785.853620015	3423.900523676	-0.0332516	0.0595602	0.175961	-0.00442096	0.00147348	-0.000138109	0
3765.705643236	3425.634154688	-0.0355598	0.106091	0.164219	-0.00495238	0.00147766	-3.0157e-05	0
3798.033186351	3421.590797855	-0.0345673	0.111234	0.187141	-0.00466127	0.00170451	0.000223777	0
3777.480863914	3424.186967104	-0.034774	0.117214	0.167031	-0.00455761	0.00161439	0.000233106	0
3795.157161148	3426.893142391	-0.0170873	0.118054	0.197505	-0.00501426	0.00189075	0.000160668	0
3782.001922385	3425.540054747	-0.0204297	0.0881428	0.178111	-0.00500154	0.00165784	0.00071764	0
3787.439401922	3428.592421579	-0.00830739	0.0913823	0.194464	-0.00516113	0.00191178	0.000445914	0
3789.94375949	3430.724373364	-0.0073536	0.0753864	0.167302	-0.0042469	0.00162248	0.000602079	0
3792.292627119	3428.076609545	-0.000502952	0.0937893	0.178997	-0.0049889	0.00132531	0.000744429	0
3797.158420788	3426.554168741	0.0168972	0.0694809	0.174754	-0.00452048	0.00123236	0.000963226	0
3798.272705493	3432.015841586	0.00791591	0.0796814	0.209456	-0.00490184	0.00142801	0.00108596	0
3800.689442865	3428.891028494	0.0155045	0.0968449	0.243441	-0.00524888	0.00153974	0.000787257	0
3790.781178739	3431.218932712	0.0170727	0.116244	0.227419	-0.00619188	0.00121456	0.000617054	0
3796.18705755	3424.236556703	0.0142715	0.14656	0.219759	-0.00569425	0.00141087	0.00054592	0
3795.755779454	3432.223957507	0.00699757	0.120872	0.192514	-0.00587986	0.00122084	0.000631677	0
3795.114787447	3431.707343485	-0.000690739	0.102367	0.201288	-0.00566771	0.00137926	0.00042636	0
3785.326462443	3430.524678319	-0.00203545	0.0812301	0.192922	-0.00617966	0.000990744	0.000313344	0
3794.227812513	3428.616748552	-0.00155932	0.0745176	0.20648	-0.00609442	0.000957069	0.000818299	0
3785.707107556	3428.412909902	-0.00606472	0.0814909	0.204957	-0.00642142	0.000919111	0.000973532	0
3795.845554245	3431.263977712	-0.00295687	0.0981097	0.224902	-0.00653218	0.00106234	0.000901326	0
3790.964319313	3430.702452355	-0.0108188	0.0965832	0.207111	-0.0058429	0.000890864	0.00111224	0
3782.452950934	3434.432365494	-0.00518389	0.093015	0.222102	-0.00597675	0.00109937	0.000719144	0
3790.564641944	3429.843523065	-0.00716404	0.0923203	0.204124	-0.00565656	0.00123798	0.000737503	0
3774.556360324	3431.540128959	-0.0094116	0.0993398	0.205593	-0.00560792	0.000809233	0.000901662	0
3802.375413438	3435.713006876	0.0025113	0.0586265	0.209539	-0.00572891	0.00101623	0.000723674	0
3779.867436956	3435.282339249	-0.00503462	0.0919188	0.233641	-0.00665536	0.00104026	0.000800329	0
3794.91189642	3432.766235149	-0.0131764	0.0662388	0.243578	-0.00655389	0.000816789	0.000381164	0
3776.269622434	3432.539673501	-0.0270542	0.0646766	0.209521	-0.00661432	0.00053011	0.000137067	0
3792.778488288	3426.734081412	-0.0261632	0.0733288	0.211531	-0.00608927	0.000860096	0.000186594	0
3780.838081995	3433.268680714	-0.0306406	0.0757172	0.224758	-0.00677004	0.000633329	0.000391396	0
3800.605772759	3428.675962009	-0.0336018	0.0778295	0.239051	-0.00671312	0.000865726	0.000145488	0
3778.932701833	3429.546921121	-0.0395314	0.0882539	0.239399	-0.00696491	0.000497519	0.000169268	0
3792.482231478	3437.372320322	-0.0523073	0.104382	0.243321	-0.00688619	0.000753744	0.000294152	0
3787.271343513	3428.388582929	-0.0423929	0.107742	0.226007	-0.00676369	0.00101237	0.00013805	0
3786.606650961	3430.637223987	-0.0360525	0.0975653	0.227559	-0.00660392	0.000801223	0.000196331	0
3787.506194366	3431.733541764	-0.0298604	0.0761975	0.216334	-0.00613759	0.00112792	0.000696829	0
3796.020076439	3431.47770755	-0.0164408	0.0899318	0.240046	-0.00635656	0.000815194	0.00083767	0
3805.354141001	3432.428865475	-0.0154156	0.0702124	0.242714	-0.00585227	0.00113559	0.000811588	0
3795.143156281	3433.386973963	-0.0170714	0.0589923	0.257371	-0.00608606	0.000595352	0.000867643	0
3806.118304022	3428.582931386	-0.00327266	0.116573	0.258041	-0.00677516	0.000784916	0.000808846	0
3793.606570959	3431.338295279	0.00748585	0.115434	0.242895	-0.00678707	0.000244164	0.000918334	0
3802.51187112	3428.257591534	0.00804493	0.129253	0.237047	-0.0065417	0.000376392	0.00105798	0
3779.086037175	3430.260690559	0.00101163	0.094094	0.228127	-0.00663209	0.000457279	0.000957011	0
3790.120795377	3428.203858329	-0.00689305	0.0872664	0.210646	-0.0062144	0.000477124	0.000663389	0
3775.978393013	3427.06129257	-0.0124299	0.0767837	0.189189	-0.00588632	0.00028062	0.000798944	0
3770.446470396	3425.325389257	-0.00743326	0.0854214	0.194228	-0.00557703	0.000433424	0.000691696	0
3781.794363068	3422.987192858	-0.0208634	0.0867523	0.179452	-0.00540523	0.000670729	0.000928596	0
3775.943560394	3428.078213521	-0.0128086	0.110623	0.1927	-0.00564255	0.000813894	0.000446377	0
3784.749390086	3425.697378086	-0.0148922	0.095243	0.165154	-0.00489372	0.00110833	0.000736927	0
3777.326451273	3429.020683242	-0.0170358	0.0935993	0.191499	-0.00557287	0.000811939	0.000510044	0
3796.399644255	3427.70729401	-0.0245961	0.0714427	0.189743	-0.00520961	0.00109412	0.000578305	0
3772.215751975	3430.149882532	-0.0163189	0.0813893	0.177093	-0.00550333	0.000780153	0.000725185	0
3795.002389409	3426.886726486	-0.0252819	0.0839088	0.188836	-0.00500962	0.00107081	0.000361922	0
3793.442462642	3435.352245881	-0.0236471	0.0916105	0.178666	-0.0051125	0.000691425	0.000296565	0
3805.540872566	3430.461053927	-0.0166639	0.0956143	0.222898	-0.00544172	0.00079252	0.000323609	0
3783.849128483	3430.662753943	-0.0172553	0.096039	0.204781	-0.00588605	0.000587845	0.00044197	0
3810.440780655	3429.294695854	-0.0164356	0.081948	0.220653	-0.00571633	0.000793554	0.00056501	0
3771.185137375	3429.438519059	-0.0299881	0.046865	0.202238	-0.00581107	0.000573367	0.00010768	0
3798.904360922	3430.27298771	-0.0430684	0.0637598	0.211311	-0.00526985	0.000627156	0.000220404	0
3784.45169688	3432.358557848	-0.0451296	0.063856	0.203825	-0.00569697	8.79969e-06	0.000166899	0
3802.261219904	3434.989212587	-0.0519127	0.105642	0.226274	-0.00490653	0.000393955	0.000255491	0
3783.246919185	3421.969603582	-0.0432176	0.0816913	0.225354	-0.00544355	0.000531954	0.000420359	0
3797.92186561	3430.2624282	-0.0431588	0.0953808	0.240979	-0.00536976	0.000623676	0.00015623	0
3786.878489028	3431.47770755	-0.0582527	0.094493	0.225727	-0.00519743	0.000471621	0.000171372	0
3794.113259879	3435.417875244	-0.047373	0.0941374	0.261797	-0.00562443	0.000488285	0.000199821	0
3788.154009258	3436.339626937	-0.0490171	0.11093	0.262462	-0.00571977	0.000496977	0.000101749	0
3789.664739439	3433.46155886	-0.0487135	0.121986	0.283729	-0.00627161	0.000512541	0.000258427	0
3802.548140136	3431.433330873	-0.0397448	0.043039	0.230836	-0.00605908	0.000411427	0.000602059	0
3770.582928078	3429.855018229	-0.0477298	0.0497167	0.230961	-0.00634049	0.000622473	0.000640099	0
3803.043696982	3424.200734567	-0.0517202	0.0427239	0.250256	-0.00580822	0.000772017	0.000572664	0
3781.397199393	3428.045599337	-0.0549352	0.0681805	0.236804	-0.00616955	0.000449779	0.000356806	0
3793.173497368	3425.6378973	-0.0560691	0.0945266	0.243877	-0.00584216	0.000735544	0.000499836	0
3784.085774832	3424.321166451	-0.0586978	0.0973652	0.242314	-0.00618518	0.000694223	0.000404347	0
3800.54975329	3428.712051475	-0.0683893	0.131507	0.288302	-0.00641467	0.000717316	0.000365026	0
3796.611512761	3428.502999902	-0.0834358	0.110689	0.310057	-0.006944	0.000658928	0.000427256	0
3790.738445939	3423.721011999	-0.0738022	0.092861	0.280186	-0.00678926	0.000804295	0.000427886	0
3781.078319336	3424.448548899	-0.0970575	0.078688	0.269346	-0.00611963	0.00036159	0.000481426	0
3789.802274419	3427.001009795	-0.0995692	0.0683292	0.299836	-0.00631456	0.0005365	0.000607166	0
3798.486728594	3423.127540781	-0.0909414	0.060056	0.282192	-0.00544659	0.000458612	0.000512788	0
3785.166663315	3424.025099166	-0.0871417	0.0908017	0.322877	-0.00585612	0.00047588	0.000619758	0
3787.703339807	3425.176219465	-0.0795461	0.0773794	0.281326	-0.00560492	0.00060575	0.000650209	0
3780.128142949	3425.102169227	-0.0804849	0.0940787	0.286447	-0.00547119	0.000317074	0.000591837	0
3794.692127731	3426.991385938	-0.0792174	0.0658521	0.297825	-0.00566577	0.000704714	0.000678505	0
3783.100406727	3427.971148106	-0.0662	0.105241	0.287441	-0.00588763	0.000303836	0.000666328	0
3798.269114501	3430.947326065	-0.0707565	0.10847	0.295547	-0.00569317	0.000759663	0.000634382	0
3791.878226684	3433.735838801	-0.062079	0.0998543	0.273698	-0.00607107	0.000372617	0.000357681	0
3800.837750819	3428.547242914	-0.0656514	0.0742414	0.26901	-0.00562411	0.000759398	0.000456755	0
3782.291356311	3433.75775981	-0.0739504	0.0591129	0.237094	-0.00579386	0.000425032	0.000696775	0
3798.396953803	3430.814730694	-0.0604956	0.0643133	0.247579	-0.00514956	0.000848898	0.000712132	0
3782.914752459	3429.288814607	-0.0745629	0.065616	0.247393	-0.0057158	0.000393208	0.000479797	0
3793.49920031	3437.46548461	-0.0791183	0.0888643	0.274883	-0.00515233	0.000847713	0.000446368	0
3780.421167866	3431.586243277	-0.0796352	0.0953297	0.249335	-0.00512339	0.000734972	0.000359778	0
3797.859741454	3436.223873317	-0.0796114	0.113707	0.275519	-0.00520121	0.000756777	0.000290698	0
3795.699400886	3433.729155566	-0.08858	0.0983951	0.263857	-0.00548676	-1.27274e-05	0.000108369	0
3791.978415351	3432.85579049	-0.08355	0.100195	0.251531	-0.00539242	0.000296124	0.000308261	0
3790.511495267	3431.331879374	-0.0753502	0.0692725	0.232128	-0.00486604	0.000536354	0.000231409	0
3797.398299029	3434.26862625	-0.0765257	0.0872437	0.256828	-0.00515948	0.000249028	0.000313176	0
3797.494896704	3429.444801299	-0.0672456	0.0654967	0.257944	-0.00528932	0.000451099	0.000629535	0
3783.693638545	3427.020792169	-0.0720177	0.0826113	0.252744	-0.0051897	0.000358432	0.000478216	0
3794.775079638	3427.081609602	-0.0633383	0.0931059	0.249184	-0.00491877	0.000368777	0.000506588	0
3795.349997399	3425.024376378	-0.0592039	0.107318	0.236737	-0.00520943	0.000285963	0.000772378	0
3794.920514799	3424.127753646	-0.0495698	0.105154	0.262172	-0.00495944	0.000377376	0.000589849	0
3782.674874218	3428.577584799	-0.0437224	0.116043	0.266891	-0.00587625	0.000351208	0.00077995	0
3797.471555259	3427.852186533	-0.0456079	0.138633	0.26678	-0.00556908	0.000385785	0.000874018	0
3802.4346648	3427.529519974	-0.0346178	0.0910736	0.238395	-0.00583977	0.000102714	0.000632799	0
3805.495266973	3432.273413442	-0.0499751	0.0834339	0.233454	-0.00587643	0.000276855	0.000668714	0
3795.959747779	3429.472469889	-0.0542113	0.0349542	0.214449	-0.00600044	0.000128131	0.00038594	0
3801.110666184	3429.556277649	-0.0723392	0.0568935	0.243562	-0.0062609	0.000406397	0.000451783	0
3797.012626527	3430.434721984	-0.0777897	0.0695378	0.236858	-0.00628215	0.000278671	0.000451404	0
3796.591762307	3432.65395681	-0.077924	0.10461	0.275991	-0.00617622	0.000258266	0.000411344	0
3798.259418824	3429.782438303	-0.0702757	0.107433	0.265797	-0.00582905	0.000397564	0.00068275	0
3797.366339204	3434.470860924	-0.0597495	0.111972	0.283755	-0.00602768	0.000722272	0.000837558	0
3807.284299006	3429.306725675	-0.041492	0.0985279	0.269619	-0.00519216	0.000669103	0.00101573	0
3783.374040289	3430.947326065	-0.03665	0.0937228	0.283236	-0.00604555	0.000463472	0.00126372	0
3804.160136282	3433.0578915	-0.0447455	0.0740472	0.276106	-0.00508632	0.000621942	0.00110736	0
3790.937745975	3427.274086754	-0.0399555	0.0994741	0.28672	-0.00571625	0.000459961	0.000994454	0
3803.001323281	3431.971598574	-0.0238633	0.103195	0.276493	-0.00550524	0.000477027	0.00084999	0
3787.98559175	3426.632496248	-0.0255437	0.0942213	0.275824	-0.00537164	0.000397908	0.0011025	0
3815.98670814	3425.614773308	0.00950347	0.0955782	0.254948	-0.00452053	0.000305228	0.00100738	0
3783.365781009	3424.414464404	0.0251566	0.111459	0.245732	-0.00443714	-0.000469903	0.00127105	0
3788.238038462	3422.017589206	0.0331577	0.102958	0.270485	-0.00406144	0.000177588	0.00141499	0
3793.843576408	3426.180575936	0.0266873	0.0923757	0.307277	-0.00425832	-0.000325036	0.00134111	0
3813.962825253	3427.270745137	0.0227308	0.0733889	0.225215	-0.00497813	-0.000321823	0.00120137	0
3787.134167633	3433.357968726	0.0443296	0.0936717	0.132618	-0.00447793	-0.000563274	0.00134108	0
3776.320255417	3425.021168426	0.0452024	0.0908783	0.159398	-0.00480665	-0.000521312	0.00165661	0
3780.39818552	3423.160555959	0.0309189	0.0909243	0.156021	-0.00455635	-0.000279255	0.00117661	0
3790.965037511	3431.263710383	0.0275933	0.0965698	0.179207	-0.0039353	-0.000293065	0.00142931	0
3790.083089965	3429.362463851	0.0141611	0.084465	0.187348	-0.0042833	0.000160326	0.00178804	0
3786.150235924	3434.009584083	0.0140359	0.102665	0.222192	-0.00419457	0.000109014	0.00174856	0
3793.68341818	3430.221526805	0.0118792	0.0961402	0.202033	-0.00362652	0.000299058	0.00171031	0
3780.026158786	3433.929919929	0.00929151	0.114307	0.210749	-0.00386041	0.000127172	0.00147099	0
3797.200794489	3428.98499477	0.0176004	0.0744932	0.223463	-0.00365973	0.000501617	0.00161908	0
3779.061259333	3430.780913527	-0.00107924	0.0588912	0.202926	-0.0039586	-0.00031757	0.00151334	0
3805.838924872	3432.274081765	0.00144919	0.0670266	0.209504	-0.0035384	0.000485707	0.00149827	0
3787.068452486	3431.006405857	-0.00784874	0.066209	0.185204	-0.0032018	0.000491278	0.00115778	0
3799.535298152	3431.494415636	-0.000688291	0.0839718	0.197667	-0.00364877	0.000667013	0.00127624	0
3791.172596828	3429.110104918	-0.0101901	0.0739926	0.196579	-0.003342	0.000333527	0.00129586	0
3789.503144816	3430.80550783	0.0043536	0.0895835	0.193388	-0.00352035	0.00072542	0.0011907	0
3787.90407624	3428.721541668	-0.0180111	0.11323	0.192878	-0.00326001	0.000739672	0.00112218	0
3776.754406305	3431.444826036	-0.0223856	0.127146	0.217185	-0.00399322	0.000596872	0.00107667	0
3779.915915343	3431.918801022	-0.0258276	0.0998707	0.216629	-0.0036075	0.000585566	0.0010511	0
3758.036721496	3431.293784938	-0.028794	0.104969	0.204301	-0.00412634	0.000520551	0.00105511	0
3790.340564065	3434.08390165	-0.0114641	0.103729	0.230819	-0.00463076	0.000921939	0.00143734	0
3759.683191162	3430.950400353	-0.00777512	0.0900616	0.223877	-0.00488755	0.000848733	0.00151084	0
3772.92640922	3433.358637049	-0.00576359	0.103251	0.248698	-0.00418137	0.000990955	0.00140452	0
3759.676009178	3428.13261505	-0.0122541	0.0891458	0.24236	-0.00491132	0.000646402	0.0014429	0
3765.997590856	3433.398201797	-0.00483039	0.0969264	0.261089	-0.00470022	0.000779158	0.00152124	0
3758.03923519	3423.933672518	-0.0123085	0.0864582	0.260729	-0.00494254	0.000901267	0.00158998	0
3769.071479698	3425.286091839	-0.011251	0.0834823	0.282939	-0.00489731	0.00133201	0.00125415	0
3768.429769492	3428.191427513	-0.0125969	0.0879373	0.272675	-0.00473795	0.000846275	0.00143384	0
3759.880336602	3426.990450285	-0.0169607	0.140692	0.29195	-0.00578433	0.000754268	0.00127832	0
3767.138807999	3421.623412039	-0.0178135	0.0832645	0.275649	-0.0052969	0.000834663	0.00133659	0
3744.171184587	3426.018574333	-0.0194008	0.0890761	0.247616	-0.00479804	0.000354098	0.00114176	0
3759.853404165	3418.584144347	-0.0301287	0.0454065	0.253709	-0.00479535	0.000654106	0.00113624	0
3744.965871036	3418.293557313	-0.0286213	0.0695373	0.233403	-0.00500546	0.000313357	0.00127951	0
3766.060792309	3416.471039283	-0.0219302	0.0780037	0.265437	-0.0051403	0.000775941	0.00144876	0
3744.010308161	3416.680224521	-0.0333883	0.0936097	0.258343	-0.00521278	0.000612847	0.00166356	0
3763.950366524	3418.070203619	-0.0173715	0.101169	0.283504	-0.00514389	0.000821099	0.00177407	0
3754.668012241	3417.878127461	-0.00271216	0.0950817	0.276059	-0.00467461	0.000981923	0.0019723	0
3768.313780462	3421.359290614	-0.00266317	0.0914221	0.300382	-0.00459094	0.000935287	0.00188194	0
3757.87189498	3418.564361973	-0.000628298	0.0698346	0.28329	-0.0044519	0.000785809	0.00186934	0
3751.509735096	3420.586842378	-0.00610849	0.0819204	0.302873	-0.0041687	0.000645471	0.00185625	0
3777.697759809	3420.391959262	0.00234857	0.0422935	0.300882	-0.00498764	0.000904547	0.00156926	0
3750.604446105	3424.281468039	-0.0146479	0.088335	0.304541	-0.00615814	0.000511166	0.0015898	0
3779.842659113	3428.008574219	-0.00224909	0.0822059	0.287945	-0.00556951	0.000739407	0.00142723	0
3755.340964074	3426.438014126	-0.0112497	0.0702968	0.288725	-0.00639207	0.00041487	0.00147087	0
3786.028860407	3425.702724674	-0.0135582	0.0779969	0.288519	-0.00617619	0.000498845	0.00146822	0
3765.305606768	3425.877157092	-0.0198178	0.0767688	0.265396	-0.00597683	0.000550358	0.00136586	0
3793.898877679	3429.067599547	-0.0320236	0.104452	0.282241	-0.00567892	0.000668212	0.00130549	0
3780.596767357	3428.855741016	-0.0427752	0.0855396	0.287239	-0.00558041	0.00026103	0.00121637	0
3794.782261621	3433.558465759	-0.0547789	0.0944086	0.300618	-0.00546959	0.000437644	0.000993986	0
3781.02517266	3428.147986489	-0.0688596	0.0881036	0.282817	-0.0050219	0.000208668	0.000879629	0
3786.217028369	3431.334285339	-0.0744001	0.094533	0.291835	-0.00520399	0.000269707	0.000759895	0
3796.663223041	3429.628322917	-0.0757863	0.0866782	0.280067	-0.00469942	0.000194303	0.000570918	0
3777.473322831	3432.111010845	-0.0730868	0.101019	0.289843	-0.00514168	0.000248933	0.000680157	0
3794.687459442	3434.457227126	-0.0639077	0.0708199	0.287047	-0.00471406	0.000702535	0.000671627	0
3780.211094855	3431.044500293	-0.0684169	0.0792541	0.2773	-0.00527975	-4.62338e-06	0.000617461	0
3796.121701502	3432.721457478	-0.0644197	0.0923088	0.293794	-0.00499445	0.000424776	0.000757756	0
3781.57890357	3427.069312451	-0.0677659	0.0992855	0.303684	-0.00548836	0.000125918	0.000901496	0
3794.845103975	3423.32309222	-0.0625428	0.113756	0.302049	-0.00514239	6.99811e-05	0.000811402	0
3786.626401415	3429.011193049	-0.0495769	0.135265	0.321655	-0.00514012	0.000174085	0.00103745	0
3787.203114672	3426.443227049	-0.0480576	0.145165	0.335955	-0.00531333	0.00018765	0.000957601	0
3789.221251972	3420.894672156	-0.0526316	0.115516	0.316054	-0.00529605	0.00020766	0.00102856	0
3775.657717459	3422.415508984	-0.0595244	0.10387	0.325719	-0.00545827	7.52139e-05	0.00090516	0
3795.20384404	3420.831315093	-0.0531884	0.0464088	0.312875	-0.0048606	0.000133613	0.000979943	0
3770.129385834	3424.026569477	-0.0672614	0.0764624	0.305869	-0.00497489	0.000148136	0.000801964	0
3791.365433079	3420.72772496	-0.07112	0.0843801	0.290523	-0.00459679	0.000551363	0.0011218	0
3770.179300618	3425.264304495	-0.0883367	0.0868566	0.286591	-0.00468303	-0.0004399	0.000653018	0
3785.228428371	3423.590020604	-0.0958961	0.103129	0.317491	-0.00520531	-8.82485e-05	0.000653977	0
3767.272033788	3422.08214925	-0.0982399	0.0792514	0.303074	-0.00538922	8.60897e-05	0.000790475	0
3765.793263432	3428.171244145	-0.101358	0.0985101	0.324427	-0.00573669	0.000162116	0.000457532	0
3778.589403032	3418.83396365	-0.103094	0.0901707	0.29021	-0.00530128	0.00014341	0.000446628	0
3768.053792668	3426.188462152	-0.104642	0.0867526	0.314229	-0.00555585	-0.000185371	0.000428513	0
3796.804349012	3423.470524372	-0.0893527	0.0709543	0.32543	-0.00519325	0.000283838	0.000525777	0
3780.854959656	3425.396365207	-0.0865556	0.0835362	0.292655	-0.00568504	0.000163071	0.00054609	0
3796.803989913	3426.444162702	-0.0812756	0.100983	0.317887	-0.00485648	0.000267191	0.000439854	0
3794.065499691	3429.648773614	-0.0716278	0.105246	0.299199	-0.00582834	7.76962e-05	0.000431107	0
3804.735413142	3428.657382618	-0.0688913	0.109786	0.300256	-0.00537616	0.000577382	0.000676588	0
3790.620661413	3428.713254458	-0.0702611	0.0711819	0.268087	-0.00567573	0.000177497	0.000660124	0
3799.310502076	3427.067975804	-0.0697218	0.0632822	0.277658	-0.00542848	0.000382972	0.000552857	0
3790.207697375	3434.465915331	-0.0756868	0.0621795	0.267344	-0.00585481	-8.15229e-05	0.000569215	0
3800.117756996	3429.972643155	-0.0814826	0.0812937	0.269178	-0.00531128	0.000139572	0.000704856	0
3805.300994325	3434.248309217	-0.0892561	0.0843236	0.290001	-0.00592567	-8.37475e-05	0.000960095	0
3808.720336562	3433.161882627	-0.0888603	0.121283	0.307363	-0.00527588	0.000114957	0.00072066	0
3801.683070251	3428.282720495	-0.0890565	0.109456	0.322014	-0.00524179	-0.000223052	0.000831751	0
3788.341099922	3434.753027082	-0.0965608	0.116264	0.338595	-0.00495302	0.000164183	0.000762562	0
3809.687749709	3430.364147028	-0.0981585	0.0984893	0.335847	-0.00470466	0.000214443	0.000786679	0
3788.546145544	3430.762066806	-0.0953433	0.104696	0.362295	-0.00484386	0.000133356	0.00072497	0
3800.832005233	3427.25457171	-0.112977	0.0784505	0.354237	-0.00493643	0.000288119	0.000942368	0
3800.646350965	3436.887518496	-0.114367	0.0726102	0.412555	-0.00602385	-0.000102433	0.000695482	0
3807.653452947	3431.59573347	-0.111858	0.0722439	0.407562	-0.00652142	0.000640897	0.000945022	0
3789.246029814	3427.828527883	-0.114279	0.0531803	0.372373	-0.00652142	-0.000150416	0.00102311	0
3800.35655794	3422.017321876	-0.113358	0.0580064	0.389231	-0.00587877	0.000166716	0.000958676	0
3791.606029518	3421.425454635	-0.122266	0.0728648	0.40542	-0.00635575	-6.11843e-05	0.000965553	0
3801.809832255	3421.110139634	-0.131705	0.116672	0.392762	-0.00565942	-5.91495e-05	0.000696036	0
3781.263973603	3419.615768414	-0.13195	0.100925	0.381283	-0.00563858	-0.000224367	0.000941257	0
3790.430338856	3418.697091009	-0.1152	0.111032	0.411024	-0.00548898	-4.41325e-05	0.000843027	0
3784.09511141	3415.635367649	-0.113023	0.102222	0.376163	-0.00509969	-7.22791e-06	0.000757847	0
3797.888469388	3419.852354913	-0.106636	0.116854	0.392399	-0.0053735	6.87747e-05	0.000784529	0
3798.76790324	3419.230413117	-0.106632	0.0753762	0.375396	-0.00462288	0.000114572	0.000634233	0
3784.348994519	3423.719140693	-0.086585	0.0965385	0.390097	-0.00526796	3.8612e-05	0.000663262	0
3789.610515466	3421.24514097	-0.0796462	0.0968301	0.357253	-0.00523573	0.000407822	0.000903505	0
3794.659808807	3419.672308578	-0.0606665	0.108103	0.361489	-0.00537893	4.13177e-05	0.00106579	0
3791.921318584	3425.358270771	-0.0648218	0.0548289	0.312495	-0.00491166	-7.48835e-05	0.00101341	0
3792.559437798	3425.164857966	-0.0633613	0.0742658	0.333773	-0.00499548	-0.000401097	0.00098389	0
3797.643204659	3424.613090131	-0.0642158	0.0587259	0.333963	-0.00510892	-0.000745323	0.00118671	0
3798.354939201	3430.807646465	-0.0599712	0.0740185	0.345466	-0.00500646	-0.000248326	0.000783096	0
3797.149802408	3428.857478657	-0.0606903	0.0946262	0.321434	-0.00514325	0.000385007	0.00131016	0
3790.173223855	3434.965286608	-0.0492846	0.116949	0.353814	-0.00559943	0.000434751	0.00121551	0
3806.874207761	3438.766977684	-0.0594219	0.116494	0.353229	-0.0053747	0.000754555	0.0014007	0
3787.004532835	3435.127020881	-0.0657881	0.12496	0.339874	-0.0054483	0.000427815	0.00128361	0
3804.998991928	3439.262071691	-0.0608858	0.107156	0.351312	-0.0052706	0.000440522	0.00130058	0
3790.101404022	3436.354731047	-0.0724926	0.0930102	0.348374	-0.00543211	0.000353992	0.00128537	0
3799.332048026	3437.331953586	-0.0796461	0.0811766	0.368357	-0.00526048	0.000305144	0.00130101	0
3789.067198431	3433.532935803	-0.0640534	0.0572368	0.354092	-0.00480686	0.000223618	0.00131533	0
3787.760795673	3434.553733031	-0.06706	0.0793432	0.369181	-0.00532931	0.000622974	0.00125353	0
3793.815566673	3427.837483417	-0.0732474	0.0679211	0.345285	-0.00470772	0.000434264	0.00142383	0
3779.332738301	3427.551975642	-0.0695877	0.0991112	0.366327	-0.00533569	0.000290664	0.00142965	0
3793.968902016	3427.843230999	-0.0756627	0.0901052	0.380102	-0.00518473	0.000654413	0.00099894	0
3780.980644363	3427.814225761	-0.066322	0.099326	0.38153	-0.00586789	0.000218377	0.00105451	0
3798.704701787	3427.227571443	-0.0816642	0.106206	0.346274	-0.00547399	0.000623827	0.00119204	0
3788.995378598	3425.939311173	-0.0832001	0.0865602	0.333876	-0.00576022	0.00024015	0.000836524	0
3791.041166534	3423.78717602	-0.0843497	0.0890493	0.346226	-0.00519319	-0.00013863	0.000821985	0
3783.101124925	3422.31191885	-0.0910573	0.0862631	0.346758	-0.00571842	-1.21377e-05	0.00105002	0
3780.246286573	3420.123560567	-0.080467	0.0981351	0.368686	-0.00518723	0.000250979	0.000799011	0
3785.15589034	3420.904830672	-0.0823807	0.0938388	0.358867	-0.00537774	0.000420349	0.0010217	0
3774.003347612	3419.197798933	-0.082134	0.104793	0.381658	-0.00600671	0.000535221	0.000960588	0
3786.619219432	3421.767769903	-0.0717257	0.0880706	0.372663	-0.00572123	0.000551308	0.000978497	0
3777.768143245	3422.015985229	-0.0671753	0.125335	0.375366	-0.0058946	0.000423551	0.000740532	0
3795.551092931	3423.52292093	-0.0577963	0.111559	0.375456	-0.00599319	0.000404691	0.000955119	0
3780.166566559	3421.905310867	-0.0585349	0.101615	0.361335	-0.00563548	0.000194953	0.000845205	0
3792.910277681	3416.893018705	-0.0573975	0.0735131	0.351686	-0.00537811	0.000493719	0.00106046	0
3778.377893625	3421.544683537	-0.0596485	0.0702405	0.333634	-0.00578811	-0.000204382	0.000987885	0
3785.629901236	3420.530435879	-0.0757253	0.0849066	0.342446	-0.00554949	0.000486746	0.000852627	0
3777.176706922	3426.946608267	-0.0764173	0.0764791	0.357155	-0.0063862	0.000276099	0.000841441	0
3802.378645331	3425.614372314	-0.0812328	0.102735	0.347883	-0.00575741	0.000312439	0.000698683	0
3786.024910316	3431.764284642	-0.0762575	0.110065	0.348405	-0.00629653	0.000356331	0.000807995	0
3800.349735056	3431.409404894	-0.0759368	0.132848	0.370973	-0.00586076	0.000517304	0.00058646	0
3797.940179667	3433.307042479	-0.06013	0.127695	0.373122	-0.00633312	0.000268094	0.000897557	0
3803.636569701	3436.490935365	-0.0764372	0.114973	0.356718	-0.00605191	0.000295267	0.000765373	0
3789.548032211	3434.751155776	-0.076888	0.0595468	0.309866	-0.00599953	0.000190231	0.00094048	0
3796.780289368	3432.223422848	-0.0762934	0.0637017	0.326834	-0.00566614	0.000481102	0.0010311	0
3801.499570578	3432.962053918	-0.0695417	0.0725849	0.31991	-0.00539153	-0	0.00101952	0
