4562.641384267	3451.925927106	-0.000628552	0.135366	-0.0242304	-0.00123258	-0.000671605	0.000784212	1
4434.893331105	3452.279627811	0.0138852	0.210668	0.0149219	-0.002029	-0.00034574	0.000855318	1
4340.274986147	3451.967849799	0.0183817	0.252453	0.0308378	-0.00255484	-0.000476868	0.000803517	1
4256.930052168	3447.510304955	0.0166151	0.228223	0.0274209	-0.00289426	-0.000821103	0.00090228	1
4209.004572515	3446.173358565	0.0154483	0.181712	0.0318781	-0.00223384	-0.000690912	0.000788024	1
4177.088170688	3443.922567921	0.0112062	0.179184	0.0455762	-0.001907	-0.000873958	0.000880617	1
4137.77046147	3448.486152519	0.0135257	0.201111	0.0153399	-0.00168399	-0.000602329	0.000892892	0
4127.983519848	3450.888780815	0.0120769	0.215941	0.0195696	-0.001123	-0.00088197	0.000912095	0
4114.90672809	3444.986488369	0.0126683	0.289075	0.0223367	-0.00173282	-0.000853331	0.000698875	0
4105.286144598	3437.978000491	0.0268555	0.336347	0.072387	-0.00240939	-0.000860505	0.00103314	0
4097.10657119	3452.157734939	0.019377	0.343955	0.0972655	-0.00325516	-0.00105689	0.000864019	0
4090.514161873	3451.454561027	0.0224085	0.236992	0.0602125	-0.00296105	-0.000980239	0.0010194	0
4085.669816406	3452.643897263	0.0177989	0.161082	0.0585634	-0.00244305	-0.00102967	0.00109196	0
4083.696167023	3448.381521931	0.0108368	0.154388	0.0513309	-0.00232618	-0.000992291	0.00109196	0
4081.178554256	3445.740744555	0.0120088	0.171081	0.0266113	-0.00182607	-0.000746344	0.00113356	0
4081.838935743	3440.966489617	-2.93626e-05	0.214096	0.0224828	-0.00140184	-0.00111209	0.00100026	0
4084.779124228	3442.777972711	0.00280491	0.275229	0.0151965	-0.0017041	-0.000608731	0.00090948	0
4086.907400315	3442.516924681	0.0129836	0.326589	0.0626658	-0.00178391	-0.00104625	0.000783406	0
4080.493976704	3448.16133972	0.0162349	0.347653	0.0803698	-0.00339001	-0.00111132	0.000923567	0
4076.86538166	3447.525805783	0.00840796	0.294269	0.0693761	-0.00286529	-0.000990713	0.000973552	0
4078.82444823	3444.117032851	0.00673719	0.214387	0.0352486	-0.00242083	-0.00112764	0.000905607	0
4079.262258507	3445.790769953	0.0034124	0.200873	-0.0145505	-0.0021433	-0.000803417	0.000897603	0
4073.94059067	3445.31165346	0.00260204	0.181395	-0.00613545	-0.00130827	-0.000876928	0.00118045	0
4074.99984062	3443.035850118	0.000720927	0.249965	0.0236283	-0.00170593	-0.000999855	0.000901956	0
4086.455414565	3440.030803289	0.0137976	0.284434	0.0614068	-0.00284145	-0.00101063	0.000991398	0
4088.453830291	3444.511247083	0.0110225	0.317534	0.092994	-0.00321686	-0.00130992	0.000970449	0
4072.106496368	3442.128347113	0.0148878	0.275605	0.0764575	-0.0030891	-0.00135719	0.00087514	0
4087.840211569	3446.326957676	0.0146317	0.222755	0.0310326	-0.00239427	-0.000841989	0.000933879	0
4080.379187965	3451.089939284	0.0150359	0.200315	0.021709	-0.00207607	-0.000963405	0.00113341	0
4080.868078824	3442.027944024	0.00298916	0.231496	-0.000754527	-0.00174639	-0.00105859	0.00099737	0
4080.20989698	3442.565893204	0.00390343	0.250932	0.0100334	-0.00149805	-0.000916022	0.00107321	0
4091.711989285	3440.469053964	0.00973166	0.304013	0.0510879	-0.00177671	-0.000837394	0.00120298	0
4108.116595375	3448.801805738	0.0141197	0.308948	0.044445	0.00179067	-0.00135751	0.000808505	0
4096.133840502	3447.735066957	0.0156718	0.304494	0.0681261	0.00350256	-0.00157674	0.000731482	0
4099.501655736	3445.258809729	-0.0258143	0.165479	-0.0188466	0.00254693	-0.00197612	0.000173737	0
4093.316343174	3456.325343846	-0.0195613	0.101745	-0.0876677	0.00251571	-0.00175011	0.000492108	0
4060.655077303	3447.455699767	-0.0145789	0.0490775	-0.0314312	0.00412254	-0.00125449	0.000150257	0
4059.655299162	3442.731117936	-0.0252478	0.0846459	-0.0297386	0.00431605	-0.00111725	-4.22802e-05	0
4072.825046172	3446.023282369	-0.035322	0.19692	-0.0543863	0.00278067	-0.00147666	0.000174284	0
4073.150511758	3452.137654321	-0.0201145	0.214074	-0.0609289	0.00231986	-0.00104191	0.000387572	0
4069.916222956	3454.25704022	-0.0175114	0.237797	-0.0401161	0.00196789	-0.00104879	0.000393964	0
4089.866000621	3451.184353416	-0.0151675	0.309591	0.00342432	0.00164729	-0.00114095	0.000305375	0
4093.580137308	3459.564312256	-0.000338806	0.305813	0.0190355	0.000713854	-0.00106198	0.000458274	0
4086.587311633	3454.395138503	0.00741723	0.278864	0.0601503	0.000374357	-0.00130657	0.000845021	0
4075.788045763	3452.544198757	0.00179789	0.162401	0.042773	0.000766531	-0.00147356	0.000898146	0
4083.377544768	3459.035170365	-0.000332774	0.150551	0.0131426	0.000987492	-0.00151121	0.000901532	0
4076.106912422	3458.205171499	0.00651118	0.152634	0.00295274	0.000767072	-0.00111106	0.00083134	0
4067.842123243	3457.081009197	0.00318994	0.18706	-0.0192005	0.0012386	-0.00137314	0.000893767	0
4075.28041721	3448.980065256	0.00263774	0.29962	0.00730705	0.000907238	-0.00113817	0.000811838	0
4091.10130342	3448.510108343	0.0124388	0.325195	0.0575011	0.000610821	-0.001075	0.000836318	0
4087.512057532	3451.830456099	0.0145399	0.331241	0.10197	0.000236179	-0.00120862	0.000903509	0
4061.98903813	3450.778161272	0.0063654	0.279357	0.0795172	0.000359492	-0.00133237	0.000943719	0
4064.137355402	3452.427590258	0.00142047	0.208661	0.0528297	0.00068107	-0.00120692	0.00086001	0
4061.698522415	3448.415694211	0.00766228	0.192408	0.0427041	0.00114597	-0.00118953	0.000695187	0
4063.183851217	3451.478516851	0.000739043	0.227575	0.0305298	0.00136055	-0.00133178	0.000639129	0
4062.570721305	3445.985234883	0.00532321	0.217053	-0.00108333	0.00129882	-0.00107869	0.000668562	0
4059.686420027	3444.213913024	0.00900259	0.26609	0.0505996	0.00105993	-0.00100739	0.000584602	0
4062.541311273	3442.43660221	0.0130853	0.308552	0.0625767	0.000853201	-0.00104256	0.000838855	0
4057.189092849	3446.175120022	0.0131742	0.302333	0.0646597	-2.3764e-05	-0.000863815	0.000846672	0
4053.987146935	3442.218886038	0.0175946	0.214744	0.0650109	0.000323134	-0.00122062	0.000943625	0
4059.292276721	3447.966170207	0.00582137	0.19839	0.0580277	0.000401567	-0.00155879	0.00082229	0
4048.048764583	3440.150230121	0.00258589	0.182711	0.0425392	0.000200119	-0.000933298	0.000770902	0
4055.017720067	3434.159512499	-0.00058052	0.197944	0.0366567	0.00099979	-0.00149392	0.000778314	0
4058.715726045	3441.570317315	-0.00108986	0.256058	0.0224413	0.000523207	-0.0012806	0.000757984	0
4060.081378014	3429.798495537	0.0147642	0.326662	0.0605692	0.000244626	-0.00120792	0.000798385	0
4062.576994359	3438.617409635	0.00871028	0.348345	0.0828005	-0.00027585	-0.00150864	0.000686224	0
4057.605639918	3435.441149118	0.00483913	0.281706	0.0591255	-0.000197844	-0.00152952	0.00074701	0
4056.503293274	3439.689432788	0.00822882	0.195161	0.0632839	0.000130311	-0.00136303	0.000562154	0
4056.43575611	3441.263823676	-0.000348295	0.181301	0.0496066	0.000484404	-0.00149122	0.000646042	0
4057.398955014	3444.042347045	0.01006	0.185562	0.0203763	0.000397765	-0.0010717	0.000611555	0
4054.339497038	3440.285510072	0.00115764	0.209596	0.0209707	0.00100378	-0.00143748	0.000637127	0
4068.582343597	3439.296980013	0.00829684	0.293263	0.0416547	-0.00016306	-0.00112553	0.000461237	0
4069.927791445	3434.863038703	0.0136094	0.336591	0.0890065	-0.000512982	-0.000874418	0.000612444	0
4060.102559755	3441.738360379	0.009609	0.303176	0.0776712	-0.000563489	-0.00121697	0.000827189	0
4058.452990997	3435.971347885	0.00707621	0.225277	0.0460466	-0.000532683	-0.00114908	0.000704763	0
4066.992246649	3449.649066889	0.00320728	0.19484	0.0523217	0.000389989	-0.00130628	0.000440496	0
4065.754418335	3443.973297903	0.0072177	0.206147	0.0332723	0.000559109	-0.00115628	0.000678841	0
4067.052533141	3444.594740178	0.00641137	0.213774	0.00553256	0.00047541	-0.000634614	0.000386387	0
4069.497802118	3440.901315682	0.00666283	0.300181	0.0435679	0.000269769	-0.000953479	0.000503765	0
4078.035265468	3441.414604455	0.0116118	0.332193	0.0661606	-0.000712235	-0.00111941	0.000660034	0
4070.6315955	3450.368798503	0.00789847	0.309103	0.0895108	-0.000641506	-0.00122308	0.000671442	0
4066.063508807	3445.241195152	0.00192817	0.221477	0.0607191	-0.00054922	-0.00137131	0.000747094	0
4068.076018537	3451.870969626	0.0066756	0.191239	0.0366339	-0.0001886	-0.00119469	0.000666073	0
4066.550444428	3449.507797982	0.0031166	0.185465	0.0492924	0.000433945	-0.00126485	0.000616126	0
4067.753567275	3450.909918307	0.00127849	0.207798	0.0413119	0.000219939	-0.00112747	0.000750655	0
4069.499350014	3442.332676206	0.00487504	0.260247	0.0235947	0.000343556	-0.000875779	0.000492263	0
4075.614844302	3442.775858962	0.0030993	0.332971	0.0649383	-0.00036212	-0.00116731	0.000753255	0
4081.631762029	3441.456174856	0.0118221	0.357317	0.0845153	-0.00141888	-0.000947669	0.000675462	0
4070.774979588	3452.23136387	0.0145869	0.297701	0.0934871	-0.00108038	-0.00105136	0.000770759	0
4071.155028889	3448.730995138	0.00956315	0.203744	0.0630062	-0.000623614	-0.0011434	0.000793636	0
4070.86703869	3441.339214065	0.00606535	0.184006	0.035031	-0.000566665	-0.000765805	0.000676347	0
4071.938345938	3440.157980535	0.00572926	0.176875	0.0398026	0.000273518	-0.00106963	0.000763191	0
4072.340554598	3447.483178507	0.00203407	0.252055	0.0570266	-0.000116739	-0.00102565	0.000667567	0
4078.860457188	3440.735386367	0.0184486	0.278621	0.0681797	-0.000865065	-0.000731548	0.00068873	0
4082.523676231	3439.137039655	0.00660006	0.327006	0.0912657	-0.00117604	-0.00115473	0.000762021	0
4072.152118578	3441.2669943	0.00617856	0.267536	0.0641867	-0.00121492	-0.00100286	0.000802728	0
4080.632635634	3448.5368825	0.00357983	0.246911	0.0459177	-0.000385602	-0.000840053	0.00073762	0
4079.117163587	3450.429040357	-0.0035857	0.260684	0.0271602	1.04902e-05	-0.000686052	0.00111054	0
4074.845132448	3445.010444194	0.00200961	0.24745	0.0138109	-0.000207297	-0.000361435	0.00078823	0
4072.915557378	3443.303591687	-0.00577156	0.25059	0.0075338	-4.13068e-05	-0.000631435	0.000851863	0
4068.698924637	3442.865341013	-0.00217517	0.285397	-0.00621576	-0.000312547	-0.000634548	0.000775133	0
4066.635660199	3447.595911799	0.0100368	0.285198	0.0432368	-0.000359875	-0.000790197	0.000724162	0
4075.527510357	3442.836453106	0.00925838	0.290037	0.0787081	-0.00144846	-0.000760581	0.00101177	0
4065.842974303	3440.856926948	0.0177795	0.287354	0.106152	-0.00203134	-0.000450348	0.000882998	0
4052.933355357	3444.972044416	0.0151763	0.214446	0.0888765	-0.00176894	-0.000947818	0.00111054	0
4052.87331327	3442.786779999	0.0102393	0.195404	0.0788127	-0.00175864	-0.000608805	0.00111054	0
4048.396226592	3444.688097436	0.00701796	0.203844	0.0565967	-0.000738043	-0.000858779	0.000797005	0
4055.488443511	3440.714248875	0.00374884	0.251097	0.036604	-0.000545185	-0.000872876	0.000763508	0
4057.025097299	3440.753353236	0.00649759	0.291326	0.0207693	-0.000942272	-0.000467601	0.00070719	0
4062.095435641	3447.383480001	0.0135649	0.342061	0.0747701	-0.00122852	-0.0007974	0.000818436	0
4067.727660377	3454.717485262	0.0083574	0.344434	0.106621	-0.00231887	-0.000497769	0.000763277	0
4065.382923198	3449.640964184	0.0201885	0.310996	0.11745	-0.00196806	-0.000745619	0.00111054	0
4060.217918771	3454.042142381	0.00912426	0.235471	0.101177	-0.0017327	-0.000904523	0.00111054	0
4065.194079837	3450.439961394	0.00736128	0.196329	0.0460069	-0.00109149	-0.000884773	0.000747614	0
4066.63280881	3451.654662621	0.00363183	0.200543	0.0581439	-0.000945575	-0.000649171	0.000801991	0
4069.762003594	3447.352126054	0.00482411	0.254312	0.0330766	-0.000840862	-0.000477546	0.000654455	0
4080.647870194	3448.255049269	0.00633908	0.294012	0.0934224	-0.00104039	-0.000890365	0.000880991	0
4072.389354069	3441.804238897	0.0154797	0.319256	0.103301	-0.00209247	-0.000873688	0.000865407	0
4075.586982167	3447.599787006	0.0124747	0.260898	0.0954821	-0.00158506	-0.000820726	0.000662109	0
4066.45822239	3441.530508371	0.0102305	0.221837	0.0879439	-0.00140485	-0.00126884	0.00076319	0
4063.989409093	3454.269370424	0.00925208	0.230536	0.0771168	-0.000757202	-0.000938415	0.000717425	0
4063.891565747	3442.559551957	-0.000638952	0.225601	0.0759598	-0.000174694	-0.0010591	0.000834986	0
4068.865934512	3450.863415824	0.00011398	0.254761	0.0485998	-0.000526467	-0.000879165	0.00070193	0
4065.157663537	3442.080787755	-0.00685655	0.268946	0.0446889	0.000196499	-0.000964558	0.000763191	0
4068.843286344	3444.153671171	0.00281559	0.31035	0.0593265	-0.000587516	-0.000861417	0.00068731	0
4064.64473955	3443.327899803	0.0120412	0.334023	0.096962	-0.000472199	-0.000963402	0.000666317	0
4062.527298737	3450.349422469	0.0124247	0.35245	0.126801	-0.00176095	-0.00101437	0.00101363	0
4059.774405717	3447.964056458	0.0110833	0.212956	0.103005	-0.00160608	-0.000720617	0.000766906	0
4051.168264647	3443.95427416	0.0085445	0.179904	0.0961117	-0.000982276	-0.00121608	0.0008558	0
4049.331074552	3443.35009417	0.00293455	0.190801	0.0690817	-0.00108503	-0.00107053	0.000859506	0
4046.465022157	3443.668918013	0.010225	0.22837	0.0619654	-0.000475788	-0.000830301	0.000990865	0
4052.678033919	3442.401725347	-0.00316261	0.259645	0.0598336	-0.000448695	-0.000969604	0.00111054	0
4057.537776881	3440.551137892	0.00470289	0.278247	0.042161	-0.000724968	-0.000686938	0.00111054	0
4065.003118302	3448.078198916	0.00214579	0.343442	0.0888632	-0.000469125	-0.000792409	0.00111054	0
4061.523284249	3440.931612755	0.0064012	0.340769	0.0815948	-0.00118147	-0.000768721	0.000872665	0
4058.272050055	3441.345555313	0.0064065	0.264306	0.0764542	-0.000859095	-0.00079082	0.00100309	0
4055.058861524	3443.056283027	0.000647716	0.228297	0.0814609	-0.000954806	-0.000928515	0.000829019	0
4048.638024304	3444.369625885	-0.00120679	0.207465	0.0411313	-0.000437425	-0.000825246	0.000817387	0
4053.11796237	3434.580148597	-0.00665411	0.212244	0.0445723	-0.000455583	-0.000825927	0.000817552	0
4052.215701703	3444.504905836	-0.0091676	0.23434	0.0208922	-0.000719919	-0.000675288	0.00111054	0
4051.679885143	3439.46326162	-0.0073679	0.254047	0.0153957	-0.000277032	-0.000297239	0.00111054	0
4060.904370092	3439.842679607	0.000985	0.308787	0.0670788	-0.000834527	-0.000761998	0.00079908	0
4065.988883906	3441.693971645	0.00757799	0.306058	0.100003	-0.00171712	-0.000657181	0.00079455	0
4057.78666233	3446.113116711	0.00707824	0.299063	0.126701	-0.0017112	-0.0009835	0.000875291	0
4045.974746339	3442.473592821	0.00463423	0.234301	0.100346	-0.0016383	-0.000900669	0.00111054	0
4047.72549864	3442.545460295	0.00350393	0.210187	0.0774104	-0.00142432	-0.000812001	0.000938608	0
4054.320189067	3450.047860911	0.00124657	0.201997	0.0598087	-0.000662124	-0.000855508	0.000968412	0
4054.884682445	3440.045599534	-0.00410718	0.241764	0.0377632	-0.000758947	-0.000690398	0.00121237	0
4059.964715506	3440.75652386	-0.00651192	0.289201	0.0251728	-0.000425709	-0.000358616	0.000855412	0
4067.599836722	3453.157186035	-0.0041749	0.332663	0.0816294	-0.00111486	-0.000731162	0.00114199	0
4070.275579327	3447.34895543	0.0060505	0.353319	0.0925493	-0.00212533	-0.000819686	0.000913376	0
4066.552807007	3447.900291689	0.00281528	0.292805	0.111376	-0.0012553	-0.000647046	0.00107314	0
4062.818955007	3458.168533178	-0.00777652	0.206649	0.0893755	-0.00140519	-0.000872423	0.00112078	0
4065.655678838	3451.894925451	0.000917263	0.175458	0.0398042	-0.00110625	-0.000547688	0.00109806	0
4064.108108307	3454.001276563	-0.010919	0.184232	0.0441599	-0.000708521	-0.000724208	0.00114689	0
4058.911249801	3446.554185718	-0.0162507	0.213608	-0.00213331	-0.000973892	-0.000597908	0.00103544	0
4059.367146026	3445.056946677	-0.0103026	0.246137	0.00516843	-0.000278607	-2.42221e-05	0.00107669	0
4058.465537105	3449.299241391	-0.00694264	0.301027	0.0378994	-0.0008361	-0.000503928	0.000957117	0
4071.652881253	3446.169131066	0.00780344	0.295702	0.0781225	-0.00145237	-0.000474308	0.00104603	0
4066.64893952	3442.327391832	0.00314123	0.314082	0.11579	-0.00205296	-0.000561497	0.00108644	0
4051.741230721	3441.264880551	-0.00173394	0.250804	0.0822724	-0.00167503	-0.00091702	0.000922138	0
4054.757510535	3433.163232027	-0.00104996	0.214441	0.0675286	-0.00113446	-0.000749204	0.000991317	0
4054.959225877	3444.548237695	-0.00979198	0.187123	0.0616485	-0.000922095	-0.000706392	0.00111474	0
4059.352807617	3438.713232933	-0.00348035	0.203416	0.0202772	-0.000886496	-0.00062173	0.000800633	0
4053.540782493	3435.854387094	-0.0116125	0.222975	0.0321159	-0.000500333	-0.000807549	0.000869368	0
4066.599895645	3441.027083762	-0.000781941	0.268937	0.0516619	-0.00132514	-0.000602806	0.000898802	0
4073.226603087	3434.491018837	-0.000158502	0.309728	0.0869306	-0.00208047	-0.000542076	0.000853852	0
4067.787050718	3436.577289332	-0.00519602	0.324891	0.088698	-0.00195236	-0.000672581	0.000895927	0
4066.901409571	3442.200214587	-0.00668887	0.23307	0.0389949	-0.00188682	-0.000470645	0.000960102	0
4061.684428411	3439.051080519	-0.00490605	0.190894	0.0394217	-0.00114161	-0.000814063	0.00110547	0
4061.602552838	3439.785608378	-0.00768766	0.202583	0.0287928	-0.00135778	-0.000551335	0.00111915	0
4060.31380688	3434.168319788	-0.00053619	0.226601	0.000799403	-0.000683924	-0.000464536	0.00112127	0
4072.805167924	3434.525191117	-0.00555468	0.28647	0.0620717	-0.00122105	-0.000546421	0.00124436	0
4078.958626408	3439.358278741	0.00118074	0.320691	0.0876497	-0.00211154	-0.00060948	0.00103889	0
4064.619077057	3435.572553862	0.00383154	0.308496	0.105372	-0.00221339	-0.000569214	0.00116892	0
4069.005245188	3441.727791633	-0.00494989	0.23594	0.0698383	-0.00128322	-0.000663827	0.0011432	0
4075.935910603	3443.397301237	-0.0121589	0.236136	0.0185202	-0.000349594	-0.000471282	0.00082011	0
4081.453020729	3448.089472246	-0.00528334	0.220549	0.0109776	-0.000128713	-0.000373711	0.000925421	0
4072.138839256	3443.067908648	-0.00107065	0.259449	0.00512246	-0.000544623	-0.000402535	0.00094539	0
4072.03268615	3451.764577581	0.00543528	0.291592	0.0515034	-0.00106281	-0.000344931	0.000730614	0
4085.698085882	3444.003594975	0.0049552	0.318124	0.0769577	-0.00183241	-0.000553496	0.000904089	0
4066.661567096	3445.355689902	-0.00398303	0.294539	0.0533123	-0.00150913	-0.000516092	0.000814297	0
4060.899970807	3448.944836102	-0.00613781	0.219455	0.0804387	-0.000887347	-0.000720104	0.000968582	0
4064.056131575	3444.757146577	-0.00578139	0.231279	0.0396946	-0.000846359	-0.000554317	0.000914546	0
4062.755572723	3447.019915133	-0.00830274	0.23859	0.0346369	-0.000802919	-0.000431349	0.000803066	0
4059.116386809	3444.601081426	-0.00671756	0.281314	0.0508802	-0.000987224	-0.000496517	0.00109401	0
4067.409608401	3443.034793243	-0.0028937	0.311068	0.0790377	-0.00164792	-0.000383466	0.000996389	0
4067.532706899	3440.60785683	0.00562352	0.321691	0.11276	-0.00209013	-0.000621087	0.0011108	0
4055.620829387	3441.334281984	0.00222792	0.266225	0.0917808	-0.00227795	-0.000687797	0.00111584	0
4055.59304872	3441.922961146	0.0109731	0.233541	0.0912519	-0.00203747	-0.000604951	0.000830656	0
4057.439037384	3441.130305183	-0.000965698	0.218468	0.0924118	-0.001459	-0.000634717	0.000977848	0
4059.69041197	3438.41272825	-0.000291385	0.253026	0.0594586	-0.00117828	-0.000474167	0.000591507	0
4059.538555186	3431.499359088	-0.00564327	0.248337	0.0592047	-0.000893798	-0.000421925	0.000855196	0
4067.283169705	3436.294046934	-0.00527014	0.297683	0.0802878	-0.00139789	-0.000436411	0.000904225	0
4073.769507384	3440.030450998	0.00390034	0.32074	0.103953	-0.00148557	-0.000363737	0.000951524	0
4071.479679793	3443.272942323	-0.00182728	0.342573	0.133414	-0.00217659	-0.000455442	0.000870906	0
4070.14873329	3443.365594998	0.00377036	0.266563	0.118908	-0.00262455	-0.000307749	0.00106006	0
4064.943972365	3437.065213113	0.000453704	0.198778	0.104951	-0.00198698	-0.000479235	0.000920923	0
4063.947534422	3439.267739816	-0.00556857	0.195892	0.0907419	-0.00197853	-0.000403862	0.000653285	0
4070.159731501	3438.706539394	-0.0110359	0.200785	0.0872836	-0.00105319	-0.000527258	0.000980101	0
4065.74684179	3443.133787165	-0.0100401	0.252372	0.0427107	-0.00101879	-0.000406508	0.00089633	0
4064.087415376	3435.486594727	0.00570949	0.339077	0.0790029	-0.000228441	-0.000322788	0.000941637	0
4064.186806619	3434.905665979	0.00777916	0.345483	0.108116	-0.00222125	-0.000347962	0.00106556	0
4059.387920425	3436.969389815	0.0144812	0.323861	0.0988266	-0.00192893	-0.000195608	0.000810433	0
4058.11009121	3437.694053511	9.71715e-05	0.273885	0.0925004	-0.00150484	-0.000798033	0.000945216	0
4050.72352957	3436.442713964	0.00692752	0.25403	0.0703686	-0.00119969	-0.000305517	0.000840758	0
4049.781675342	3434.170433537	1.45457e-05	0.237094	0.0767324	-0.00131614	-0.000615254	0.000920988	0
4050.511223358	3443.523421608	0.00202383	0.258041	0.0494276	-0.00111388	-0.00041091	0.00104498	0
4052.373587136	3435.256900643	0.00969023	0.301081	0.0966846	-0.000811136	-0.000863816	0.00100649	0
4058.325004405	3434.968373873	0.00935071	0.333112	0.121097	-0.00220153	-0.00050403	0.00108031	0
4047.319705377	3434.533998405	0.0208413	0.31615	0.140493	-0.00315106	-0.000330607	0.000977888	0
4047.950269491	3441.402626542	0.00601179	0.247169	0.128716	-0.00255654	-0.000780772	0.00110143	0
4050.939175979	3441.854968879	0.0104138	0.248846	0.0512087	-0.00128355	-0.000462077	0.000821496	0
4060.087651068	3433.757547853	0.00279133	0.242728	0.0546467	-0.000836589	-0.000540761	0.000871389	0
4053.988857768	3437.818764715	-0.00738092	0.271358	0.0308638	-0.000806365	-0.000469222	0.000808154	0
4046.73810367	3438.88656037	0.00736767	0.324769	0.0881536	-0.00116657	-0.000358844	0.000922614	0
4065.441580325	3440.303124649	0.00522445	0.371769	0.109103	-0.00142153	-0.000691295	0.000809565	0
4052.622879926	3433.893532387	0.00705768	0.346985	0.105714	-0.00245226	-0.000473274	0.000882629	0
4054.710992175	3444.609184131	0.00712057	0.265475	0.0950222	-0.00141312	-0.000829757	0.00114821	0
4058.996872913	3439.083139049	-0.00360409	0.23109	0.0786874	-0.00174626	-0.000541756	0.00087102	0
4060.796832026	3438.607545471	0.00489751	0.231745	0.051393	-0.00118753	-0.0002577	0.00100933	0
4057.786580861	3437.205425146	-0.0127805	0.248981	0.0474613	-0.00111923	-0.000580468	0.00106237	0
4062.952399971	3437.113829346	-0.00744669	0.24048	0.0376983	-0.00103017	-0.000239903	0.00110497	0
4067.95283857	3445.623431472	0.00127522	0.300615	0.0795609	-0.00180994	-0.000538146	0.00106392	0
4071.229898194	3442.769517714	0.00412476	0.340775	0.0955495	-0.00238077	-0.000421786	0.00106659	0
4061.918812514	3445.107676659	0.00191542	0.315062	0.136136	-0.00249133	-0.000445367	0.00112864	0
4054.40067968	3442.257285816	-0.00177331	0.241924	0.10919	-0.0028562	-0.000540727	0.00110431	0
4058.798742173	3442.953766189	-0.00800057	0.223557	0.0660117	-0.00173074	-0.000395368	0.00111241	0
4054.607690457	3444.190661783	-0.0035187	0.235402	0.0644333	-0.00147561	-0.000499185	0.00126567	0
4051.850153747	3439.588325116	-0.00274326	0.249708	0.0399525	-0.00137383	-0.000180889	0.00117641	0
4059.997058395	3432.121505946	-0.00415358	0.305051	0.0897382	-0.00171247	-0.000351176	0.00115913	0
4060.966611821	3435.272401471	0.00488829	0.331465	0.132246	-0.00332813	-0.000373332	0.0010677	0
4057.819168154	3435.296357296	-0.00121802	0.337261	0.135738	-0.00332334	-0.000199497	0.00113545	0
4056.438281625	3435.816339607	-0.0011467	0.270345	0.116101	-0.00274052	-0.000395451	0.00128253	0
4059.50841194	3436.414882932	-0.00276203	0.249094	0.0477553	-0.00182352	-0.00032182	0.00111979	0
4084.792322081	3447.32147669	-0.00372005	0.237179	0.00943529	-0.00117303	-0.000256523	0.00105756	0
4071.156250912	3439.39703081	-0.0100522	0.278121	0.0190888	-0.0015069	-0.000348382	0.00115702	0
4073.54758792	3435.116688611	0.00423687	0.308723	0.0666403	-0.00204435	-0.000145536	0.00112442	0
4083.223732747	3443.433939557	0.00138781	0.326951	0.0947643	-0.00263874	-0.000546677	0.00110364	0
4070.204294624	3431.320747277	-0.00713579	0.307835	0.0901193	-0.0022997	-0.000596447	0.00126713	0
4069.518657985	3439.857123561	-0.00226573	0.223621	0.0728664	-0.00244993	-0.000369969	0.00143744	0
4074.915846873	3437.87935886	-0.00324205	0.221203	0.0684841	-0.0016888	-0.000556978	0.0011371	0
4074.062059804	3434.847185583	-0.00840532	0.246292	0.0405615	-0.00130276	-0.000359777	0.00114967	0
4073.226684555	3435.490117642	-0.00785624	0.24351	0.0415572	-0.00125333	-0.000312695	0.00122565	0
4079.868789493	3427.656562979	-0.012208	0.276356	0.0316318	-0.00137474	-0.000436029	0.00111983	0
4073.33104536	3429.942230485	-1.55486e-05	0.348807	0.0758173	-0.00139778	2.28427e-05	0.00103684	0
4081.169918623	3447.173161952	-0.000307296	0.374044	0.111914	-0.00249644	-0.000375212	0.00127151	0
4063.728384879	3441.220844108	0.00391389	0.295665	0.0983659	-0.00275853	-0.000131099	0.00105677	0
4066.904994173	3448.622137053	-0.00230583	0.242889	0.0774882	-0.00178246	-0.000245431	0.00118255	0
4062.084763302	3449.764970805	-0.00788941	0.218775	0.072015	-0.00210206	-0.000425698	0.000995133	0
4063.764475305	3444.107873271	-0.00320762	0.223546	0.0559031	-0.00149296	-0.000144138	0.000978338	0
4057.924262173	3442.240023531	-0.00691832	0.266501	0.0619217	-0.00169378	-0.000286719	0.00108884	0
4069.377310603	3442.811440407	0.0101078	0.295718	0.0913679	-0.00199702	-0.000163041	0.00100063	0
4075.883363594	3455.789508415	0.0031437	0.332858	0.128567	-0.00256052	-0.000338874	0.0011313	0
4068.226245956	3450.631960283	0.00433333	0.323242	0.109043	-0.00291122	-0.00029278	0.00113472	0
4069.083210286	3456.366914248	-0.00459537	0.244527	0.104966	-0.00156739	-0.000448631	0.0010971	0
4076.881919711	3454.964089339	-0.0101808	0.238272	0.0707186	-0.00174305	-0.000257704	0.000907145	0
4077.256266236	3460.542978152	-0.0049379	0.224696	0.0450775	-0.00113199	-8.90538e-05	0.000927372	0
4070.011459319	3451.296029834	-0.00712361	0.236311	0.0546933	-0.00122933	-0.000180555	0.000901224	0
4067.069885874	3448.117655569	-0.00618651	0.22757	0.0393668	-0.000814759	-6.90737e-05	0.00103586	0
4072.735512586	3450.154957539	-0.010103	0.299195	0.0703098	-0.00155007	-0.000146718	0.0011307	0
4073.17715187	3444.093781609	-0.00151238	0.291195	0.112157	-0.00200744	-0.000204544	0.00110066	0
4059.627681432	3451.006446189	-0.00530541	0.329098	0.143195	-0.0029273	-0.000323339	0.00105017	0
4054.43432606	3447.707940509	-0.00137943	0.215094	0.115432	-0.00270179	-0.000204688	0.00113923	0
4049.890272495	3443.859155444	-0.00533072	0.2095	0.106538	-0.00227804	-0.000555282	0.00104942	0
4051.585789335	3437.952283209	-0.00522393	0.2151	0.0730906	-0.00171528	-0.000212094	0.000986494	0
4046.460541405	3436.819665911	-0.0105986	0.251424	0.0440877	-0.00115491	-0.000323473	0.000788716	0
4051.128996959	3435.713118186	-0.00682096	0.302212	0.0499845	-0.00155899	-0.000100779	0.000880323	0
4054.051832711	3434.051006705	-0.000391937	0.331959	0.111912	-0.00225728	-0.000265436	0.00109312	0
4052.278269305	3432.123971986	0.00556867	0.343895	0.125992	-0.00290396	-0.000173135	0.000956055	0
4052.757628381	3435.331234158	0.00267094	0.314177	0.146392	-0.00251148	-0.000419013	0.00102912	0
4047.624152159	3430.168401653	0.00182486	0.23488	0.111639	-0.00310715	-0.000338507	0.00105542	0
4050.415090844	3427.771410021	0.00128447	0.219641	0.10028	-0.0021037	-0.000574616	0.00111606	0
4052.352649801	3424.263290875	-0.0152861	0.222235	0.0790385	-0.00168667	-0.000469727	0.00120787	0
4047.263492297	3425.090471409	-0.00304859	0.213935	0.0625628	-0.0017704	-0.000248019	0.000967074	0
4055.784010256	3432.470274569	-0.00238299	0.29109	0.106887	-0.00229373	-0.000399354	0.000999554	0
4056.836498342	3425.551621033	0.00645629	0.312646	0.143056	-0.0034805	-0.000188676	0.00127173	0
4056.217339781	3430.853608696	-0.00168537	0.350673	0.150194	-0.00331553	-0.00058755	0.00124346	0
4051.462690837	3426.422485718	0.00506947	0.306595	0.104948	-0.0031957	-0.000345982	0.00104762	0
4050.191134675	3428.315348157	0.00142668	0.248759	0.10469	-0.0022668	-0.000513386	0.00114969	0
4054.205970606	3432.215567786	-0.00265167	0.231732	0.0881024	-0.00215035	-0.000419813	0.00118502	0
4052.631352622	3434.690063557	-0.0028864	0.213366	0.0644055	-0.00168159	-0.00015691	0.00117037	0
4060.080237459	3438.441968448	-0.0124245	0.246046	0.0480014	-0.00115701	-0.000495553	0.00117921	0
4064.416384096	3437.36888842	-0.00472361	0.301975	0.0393607	-0.00169364	-0.000181925	0.00113966	0
4082.85313376	3442.472183655	-0.0030517	0.307837	0.127162	-0.00280546	-0.000265655	0.00123265	0
4070.965533782	3444.892074237	0.00427483	0.320072	0.126631	-0.00357687	-0.000166687	0.00119068	0
4074.247400031	3451.571874109	0.00415411	0.286457	0.141808	-0.0030002	-0.000210779	0.00128564	0
4059.601367193	3447.7791034	-0.00418015	0.247305	0.0923039	-0.00297029	-0.000277409	0.000916629	0
4060.418900899	3445.970086347	-0.000938471	0.225096	0.0899986	-0.00207972	-0.000146962	0.00130744	0
4056.68456009	3453.608823788	-0.016547	0.254454	0.0728192	-0.00266067	-0.000243671	0.00130014	0
4051.602979132	3445.543109001	0.00678145	0.237457	0.0617218	-0.00189537	-0.000248398	0.00139756	0
4053.045211239	3444.619400586	-0.0167363	0.28985	0.0694805	-0.00217573	-0.000402767	0.00149089	0
4053.577035856	3446.38755182	-0.0100673	0.272773	0.0664183	-0.00209346	-0.000302098	0.00126895	0
4062.613003317	3449.137187283	-0.00417636	0.343255	0.129127	-0.00300856	-0.000413433	0.00131841	0
4058.706194262	3442.62895339	0.00905359	0.345603	0.150799	-0.00384543	-0.000185948	0.00105354	0
4049.879763093	3443.078125102	0.00268252	0.320903	0.1526	-0.0043108	-0.000436999	0.00133568	0
4048.277282974	3440.812538214	0.00214495	0.254016	0.120158	-0.00397508	-0.000207854	0.00133707	0
4047.10120758	3445.416284047	-0.00693531	0.207232	0.109653	-0.00284326	-0.000507974	0.00104977	0
4055.278988687	3433.238270124	-0.010695	0.212509	0.0647665	-0.00289534	-0.000391584	0.00129535	0
4049.495558912	3440.110068886	-0.00625684	0.266647	0.0567161	-0.00174172	-0.000446055	0.001323	0
4060.600167714	3440.032917039	-0.000538839	0.315454	0.0979381	-0.00300653	-0.000512409	0.0014152	0
4058.872633859	3430.804640172	0.00716895	0.326739	0.134128	-0.00362503	-5.4869e-05	0.00131864	0
4060.309244659	3432.720753854	0.00305401	0.357408	0.159313	-0.00410938	-0.000478955	0.0016896	0
4055.762013833	3430.077510436	0.00797783	0.29916	0.137482	-0.00406018	-0.000380398	0.00148387	0
4057.538835968	3429.806598242	0.000614203	0.240515	0.121396	-0.00316766	-0.000461214	0.00130997	0
4056.414900243	3429.109765578	-0.00253482	0.236114	0.0718583	-0.00284927	-0.000281888	0.00114666	0
4057.985933624	3438.822795602	-0.00592635	0.244374	0.0662914	-0.00183897	-0.000319029	0.00141846	0
4053.105008921	3433.96046778	-0.00868177	0.298052	0.0548563	-0.00221401	-0.000342753	0.00125572	0
4059.225961581	3426.501751314	-0.00268993	0.314655	0.0993956	-0.00219982	-0.000195664	0.00129065	0
4065.400601805	3439.077854676	0.00189984	0.360221	0.139206	-0.00341272	-0.000420944	0.00132645	0
4056.467691657	3435.615181139	-0.00820975	0.29886	0.114605	-0.00340748	-0.000282293	0.00128712	0
4051.686076728	3430.493214452	-0.0159957	0.274099	0.0770203	-0.00233791	-0.000224658	0.00156617	0
4053.323832592	3428.642626997	-0.0218198	0.285406	0.0471677	-0.0022642	-0.000190327	0.0016896	0
4050.396516087	3438.137588558	-0.0261822	0.253367	0.0651344	-0.00260047	-0.000276091	0.0016896	0
4049.659147121	3431.514507624	-0.0297974	0.268949	0.0588478	-0.00280139	-0.000268654	0.00144112	0
4054.387644763	3434.537873612	-0.0230453	0.262498	0.0565677	-0.00232424	-0.000299226	0.00153369	0
4060.112254474	3431.510280125	-0.0168756	0.296527	0.0716219	-0.00305014	-0.000365615	0.00152095	0
4068.179157318	3431.844957087	-0.00233295	0.32464	0.111113	-0.00333865	-0.000358617	0.00141895	0
4072.47636214	3433.474305456	0.000967414	0.353742	0.141085	-0.00429884	-0.000521199	0.00144463	0
4062.742863679	3436.635417436	0.0152425	0.293359	0.131522	-0.00431767	-0.000362666	0.00135782	0
4060.634302904	3434.763340197	-0.00155166	0.230585	0.122312	-0.0038833	-0.000624983	0.00139694	0
4069.584973126	3439.010566992	-0.00210863	0.198101	0.102031	-0.00387248	-0.00056398	0.00126315	0
4066.61578195	3441.011230643	-0.00519623	0.212451	0.111234	-0.00261267	-0.000670596	0.00129945	0
4068.971354404	3450.500907831	-0.00670053	0.250823	0.0879291	-0.00257201	-0.000705427	0.00128509	0
4075.582827287	3445.217591619	0.00596298	0.266543	0.067463	-0.00163215	-0.000363067	0.00102012	0
4076.550018135	3444.114919102	-0.00427066	0.358398	0.116829	-0.00287536	-0.000484067	0.00134048	0
4076.44150245	3443.32261543	0.00422964	0.352229	0.118525	-0.00343072	-0.000151417	0.00122089	0
4069.361668702	3445.49942485	0.00567079	0.351698	0.130774	-0.00385893	-0.000371539	0.00130634	0
4069.210300728	3458.792089203	0.00878985	0.296545	0.12512	-0.00372249	-0.000154666	0.00115353	0
4062.359881521	3458.143872771	-0.000624294	0.220097	0.107376	-0.0031959	-0.000333966	0.00117123	0
4056.597959359	3449.427123219	-0.00103434	0.208339	0.0673083	-0.00251051	-6.16951e-05	0.00110842	0
4052.802924718	3451.659242411	-0.00228624	0.215111	0.0620822	-0.00212819	-0.000552229	0.00116143	0
4055.848858968	3449.465522997	-0.00166905	0.271955	0.0821541	-0.00259044	4.51796e-05	0.000929891	0
4060.831618961	3441.356124059	0.00483073	0.324583	0.142995	-0.00340278	-0.000336074	0.00113653	0
4051.578049853	3446.787755009	0.0102552	0.359327	0.140034	-0.00433185	-1.06583e-05	0.00092895	0
4052.344910319	3446.190268558	0.00925957	0.340172	0.154092	-0.00355137	-0.000276801	0.00119565	0
4047.490707196	3440.725874496	0.00343536	0.28276	0.125361	-0.00325039	-0.000443088	0.000907319	0
4056.398525128	3441.513950669	0.00530526	0.236065	0.0896723	-0.00220976	-0.00037887	0.000838092	0
4054.014927602	3436.836223613	0.0021561	0.261911	0.0928064	-0.00247495	-0.00042181	0.00110516	0
4049.768721893	3434.097156897	0.000141957	0.275454	0.0699917	-0.0018219	-0.000294649	0.00089589	0
4057.395614817	3436.24049862	0.00463338	0.328746	0.126456	-0.00296855	-0.000405562	0.000834979	0
4049.717152502	3439.072218011	0.0101727	0.357109	0.143437	-0.00382001	-9.37381e-05	0.000932321	0
4050.214923399	3424.839639833	0.00780366	0.317297	0.155529	-0.00369779	-0.000385865	0.00122325	0
4050.138424729	3432.720753854	0.0108956	0.255587	0.117938	-0.00325631	-0.000509839	0.000957094	0
4048.690652782	3429.123152656	0.00996803	0.251852	0.108006	-0.00208704	-0.000353235	0.00089198	0
4049.951129264	3426.761037887	-0.00788084	0.275166	0.0945461	-0.0018311	-0.000578878	0.000905222	0
4052.442264856	3428.225866106	-0.00394567	0.244724	0.0761002	-0.00213321	-0.000267436	0.000800633	0
4050.546743507	3427.242620421	0.000737857	0.291107	0.0903692	-0.00226043	-0.000630749	0.00111324	0
4056.319582411	3428.443934569	0.0010696	0.338783	0.129619	-0.00333634	-0.000348292	0.000930966	0
4060.754550014	3430.976910735	0.00210541	0.340047	0.168157	-0.0035814	-0.000449271	0.00126534	0
4051.361588761	3434.104907311	-0.00150705	0.295879	0.133312	-0.00408543	-0.000519565	0.00102893	0
4049.555356594	3439.065172181	0.00590759	0.245592	0.123605	-0.00321791	-9.8556e-05	0.00113353	0
4056.705090084	3440.080124105	-0.00250158	0.23845	0.118201	-0.00275917	-0.000708387	0.00112263	0
4054.736980541	3448.293449047	0.000437896	0.209223	0.0810054	-0.00243798	-0.000294335	0.000902078	0
4053.125538916	3442.309072672	-0.0116495	0.237924	0.0688791	-0.00190142	-0.00042632	0.00109849	0
4056.329521536	3444.60671809	-0.00365824	0.30234	0.0558166	-0.0020515	-0.000341649	0.000989072	0
4059.183272227	3445.807679947	-0.00841311	0.33291	0.115651	-0.00276255	-0.00056912	0.00106037	0
4052.482673099	3444.8103426	0.00492705	0.348793	0.103105	-0.00371608	-0.00048528	0.00113205	0
4057.15683143	3448.556963118	0.0119935	0.312333	0.123997	-0.00371591	-0.000345389	0.0012036	0
4054.330128191	3443.761218397	-0.000683005	0.252727	0.0810398	-0.0026604	-0.000763857	0.00111543	0
4052.144254064	3450.502316997	-0.00349989	0.205492	0.0578885	-0.00238536	-0.000379892	0.00112967	0
4047.309358912	3445.514573386	-0.0123492	0.23621	0.0495806	-0.00183511	-0.000379531	0.00109895	0
4057.013773215	3446.522831771	-0.0108172	0.30283	0.0448658	-0.0022433	-0.000314593	0.00110637	0
4067.501260161	3442.435897627	-0.0050937	0.315825	0.115633	-0.0027694	-0.000440692	0.00129013	0
4063.514938111	3446.425599307	-0.00117771	0.361035	0.13159	-0.0034308	-0.00043117	0.00107316	0
4060.350223179	3434.829923298	0.000320476	0.320955	0.127874	-0.00370857	-9.88167e-05	0.00111752	0
4054.44719804	3442.298503926	-0.00510913	0.254567	0.102995	-0.00326517	-0.000414909	0.0012739	0
4062.542125956	3443.695339879	-0.0122029	0.274025	0.0477464	-0.00266469	-0.000371044	0.00112436	0
4059.647804085	3445.539586086	-0.0226824	0.257609	0.0545882	-0.00229798	-0.000497882	0.00125856	0
4059.687560582	3443.321558556	-0.0213932	0.276027	0.0300392	-0.00272181	-0.000181382	0.00102046	0
4061.84435055	3438.141463765	-0.0171361	0.323464	0.0733255	-0.00259937	-0.000423707	0.00102571	0
4071.404484615	3437.214232434	-0.0107171	0.324208	0.113215	-0.00462368	-0.000448623	0.00122516	0
4070.303115589	3435.415784127	0.0116157	0.340068	0.148735	-0.0042576	-0.000428028	0.00122749	0
4054.499826518	3431.943246427	-0.00243485	0.293319	0.135778	-0.00419809	-0.000633263	0.00125568	0
4056.482844748	3435.418954751	-0.00306214	0.230666	0.0836703	-0.00343977	-0.000534897	0.0011911	0
4056.393718502	3433.514466691	-0.0101171	0.234608	0.0887044	-0.00319915	-0.000508497	0.00116949	0
4059.518025192	3440.725522204	-0.013524	0.25934	0.0473028	-0.00307361	-0.000548098	0.00133293	0
4057.973061644	3429.886920713	-0.0124759	0.258703	0.0654173	-0.00222614	-0.00053879	0.00146742	0
4064.076824506	3438.983088252	-0.0140239	0.300855	0.0785482	-0.00301169	-0.000453778	0.00156211	0
4067.414822367	3438.127724395	-0.000374145	0.323639	0.132475	-0.00368718	-0.00023661	0.0013436	0
4072.686876051	3438.206989991	-0.00573703	0.373372	0.153046	-0.00426547	-0.000466659	0.00156211	0
4060.082274165	3442.68391087	-0.00343542	0.281863	0.120132	-0.00398924	-0.000570757	0.00144144	0
4058.062676699	3444.259358633	-0.0097923	0.254837	0.109769	-0.0032078	-0.000502664	0.001392	0
4064.497119114	3444.784977609	-0.0154941	0.245476	0.0470071	-0.00289719	-0.000373467	0.00129733	0
4072.657384551	3449.345391582	-0.0169309	0.275899	0.0322013	-0.00203702	-0.000419953	0.00133397	0
4062.933906682	3455.565450996	-0.0264252	0.309423	0.0355767	-0.0025247	-0.000424367	0.0012569	0
4056.800244979	3442.922412242	-0.0146601	0.344707	0.0815967	-0.00274384	-0.000392938	0.00157926	0
4059.132517519	3451.038152428	-0.0181242	0.386927	0.0977699	-0.00361696	-0.000541668	0.00159015	0
4056.49563526	3441.171875584	-0.0139638	0.306169	0.0806166	-0.00354614	-0.000512988	0.00135221	0
4051.598253974	3449.648010014	-0.0158889	0.276624	0.0807121	-0.00341638	-0.000785249	0.00176196	0
4054.954989529	3445.713970398	-0.0166199	0.258645	0.046975	-0.00279853	-0.000294796	0.00133674	0
4047.13990499	3442.689195243	-0.0209524	0.253565	0.0538145	-0.00252719	-0.000667332	0.00147274	0
4054.416240112	3442.577871117	-0.0133507	0.296712	0.0503243	-0.00280956	-0.00026897	0.00145428	0
4064.290352742	3440.436995434	-0.00576053	0.31586	0.113862	-0.00300224	-0.000608857	0.001343	0
4055.797289577	3434.784125398	-0.0147887	0.318947	0.12062	-0.00395288	-0.000601213	0.00131068	0
4049.801227718	3438.130895019	-0.00492228	0.306599	0.123449	-0.00396056	-0.000461741	0.00121793	0
4052.061156467	3436.581869122	-0.0100815	0.251099	0.116019	-0.00353373	-0.000692837	0.00142605	0
4056.948435693	3438.236582481	-0.0116849	0.227456	0.080347	-0.00334156	-0.000410794	0.00140416	0
4056.219865296	3430.516465694	-0.0198867	0.23758	0.0779368	-0.00279132	-0.000847533	0.00158712	0
4061.824472302	3431.326383942	-0.0155567	0.268407	0.0427709	-0.0025406	-0.000348119	0.00126464	0
4066.753463262	3433.657849347	-0.0126812	0.284714	0.0591269	-0.00230256	-0.000323597	0.00148577	0
4066.104487327	3439.373779569	-0.00670027	0.316812	0.063503	-0.00333344	-0.000208159	0.00109242	0
4071.374096964	3433.96293382	-0.0064659	0.346102	0.117884	-0.00339405	-0.000225127	0.00118794	0
4063.26849671	3439.411474764	-0.000224336	0.362591	0.124933	-0.00442875	-0.000312073	0.00112383	0
4057.884994485	3428.656366367	0.00312922	0.321928	0.115997	-0.00401996	-0.000127399	0.00127452	0
4053.274381375	3434.853879123	-0.00632639	0.230642	0.103448	-0.00327538	-0.000454641	0.00132604	0
4060.205372663	3439.745094851	-0.0136675	0.222496	0.0479435	-0.00314354	-0.000250324	0.00158712	0
4061.843780273	3441.957485716	-0.0238719	0.241661	0.0307888	-0.00186817	-0.000261779	0.00120565	0
4058.77674575	3443.154572366	-0.0173295	0.262151	0.00592461	-0.00243553	-4.36507e-05	0.00115632	0
4058.759800358	3440.352445464	-0.00751023	0.326647	0.0696007	-0.00277862	-0.000236541	0.00140904	0
4067.730267361	3444.526395619	-0.00492688	0.355607	0.1201	-0.00412852	-0.000275406	0.00158712	0
4062.393772306	3431.127691514	0.00530066	0.365271	0.130254	-0.00400328	-0.000101312	0.0013524	0
4052.0108091	3443.833790454	-0.00863393	0.293865	0.123246	-0.00408232	-0.00037193	0.00158712	0
4052.276151131	3439.776096507	-0.000924691	0.243527	0.0809851	-0.0037562	-0.000153104	0.00132734	0
4058.626436863	3441.311030742	-0.014509	0.230979	0.057605	-0.00188575	-0.000335718	0.0011009	0
4053.402775309	3445.526551299	-0.0195366	0.235201	0.0359843	-0.00266174	-0.000155539	0.00118716	0
4057.459730315	3445.196101835	-0.0121639	0.303175	0.110617	-0.00352812	-1.7223e-05	0.00131114	0
4070.235578425	3450.039758206	-0.00703693	0.338377	0.144253	-0.00409357	-0.000290072	0.00134524	0
4055.274263529	3447.360933343	0.00035285	0.299577	0.151151	-0.00455823	-0.00026912	0.00130515	0
4047.495350885	3437.563705641	-0.0094802	0.25916	0.13227	-0.00388374	-0.000409396	0.00130515	0
4056.478526932	3439.205031922	-0.00920795	0.241184	0.103321	-0.00393626	-3.19482e-05	0.00130515	0
4056.625414154	3451.596534517	-0.02284	0.239407	0.0843148	-0.00234493	-0.000143746	0.00130515	0
4061.870338916	3443.800322757	-0.0167993	0.267042	0.0627469	-0.00249262	-4.80819e-05	0.00130515	0
4059.406087841	3438.809056232	-0.00745963	0.28053	0.0495117	-0.00184981	-0.000122209	0.00112923	0
4069.249731352	3448.015138731	-0.00938852	0.360637	0.104029	-0.00307274	-0.000260701	0.00130515	0
4061.256638726	3437.015187715	-0.00234292	0.352198	0.119323	-0.00368301	-0.000603254	0.00118938	0
4056.892548486	3439.529140138	-0.00658766	0.330579	0.116475	-0.00365165	-0.000657435	0.00117043	0
4058.490140511	3438.128076687	-0.0084451	0.256901	0.103587	-0.00376574	-0.000724349	0.00135618	0
4056.724968333	3446.576732377	-0.0138216	0.236616	0.0698898	-0.00265533	-0.000551587	0.00139029	0
4067.061820519	3437.65494915	-0.0336322	0.244493	0.0436028	-0.00231269	-0.000216537	0.00160764	0
4070.526582949	3442.775858962	-0.0285918	0.281498	0.0107803	-0.00197859	-0.000203963	0.00148227	0
4059.074186265	3434.445220937	-0.0302618	0.335498	0.0537581	-0.00221102	-0.000553745	0.00171391	0
4070.308248088	3441.055971668	-0.0150549	0.359482	0.0720726	-0.00362906	-0.000486398	0.00171976	0
4073.956151103	3437.672916018	-0.00875714	0.370973	0.114737	-0.00346865	-0.000409176	0.0017768	0
4056.932304983	3428.20613778	-0.0152019	0.322732	0.111669	-0.00449955	-0.000700086	0.00157989	0
4058.817153993	3432.420249171	-0.0152659	0.258393	0.105397	-0.00391793	-0.000370902	0.00156198	0
4054.420069119	3439.801109206	-0.0189249	0.250064	0.0949117	-0.00342377	-0.00078487	0.00142266	0
4055.201838271	3436.954241279	-0.00801841	0.247685	0.0649207	-0.00298596	-0.000337465	0.00142266	0
4051.739845761	3431.570169687	-0.013863	0.280204	0.0912456	-0.00325845	-0.000472143	0.00140279	0
4061.529394366	3439.683796123	-0.0110336	0.348749	0.116933	-0.00404201	-0.00053238	0.00117515	0
4055.317849033	3436.450112086	-0.00284475	0.347514	0.150208	-0.00469564	-0.000531579	0.00148094	0
4045.82077138	3448.001047069	-0.00560111	0.340736	0.129895	-0.00466377	-0.000712805	0.00143354	0
4046.757900451	3437.771205358	-0.00352343	0.24863	0.124046	-0.00480331	-0.000697945	0.00114141	0
4062.332100854	3439.654203634	-0.00511832	0.233926	0.111058	-0.00343057	-0.000944768	0.00140159	0
4060.612876759	3444.220958855	-0.0103506	0.227672	0.0973263	-0.0038743	-0.000653371	0.00133172	0
4064.868940124	3445.491322145	-0.00709463	0.277491	0.0702607	-0.00273616	-0.000476024	0.00134125	0
4074.309560292	3447.351421471	-0.0109411	0.353053	0.117304	-0.00328025	-0.000738436	0.0016148	0
4078.102558228	3446.905420383	-0.00729861	0.365764	0.127827	-0.00374887	-0.000449221	0.00129774	0
4073.992160061	3446.579550709	0.000118728	0.360048	0.150301	-0.00439963	-0.000620406	0.0012587	0
4069.77552732	3452.201066798	-0.00677563	0.280378	0.128974	-0.0045081	-0.000685759	0.00134923	0
4068.331747316	3453.149435621	-0.00854089	0.258487	0.0976949	-0.00322759	-0.000547444	0.00125708	0
4073.684128677	3452.071775803	-0.0209007	0.258256	0.0669176	-0.00217721	-0.000637533	0.00134506	0
4079.060380229	3457.820821429	-0.0152646	0.249518	0.0205241	-0.0024484	-0.00025599	0.00137395	0
4066.719083668	3444.497155422	-0.0252421	0.323523	0.0690962	-0.0022616	-0.000320655	0.00126885	0
4073.878430409	3453.308319105	-0.00952464	0.350882	0.0916896	-0.00337903	-0.000245882	0.00140426	0
4068.356269254	3451.293916085	-0.00573239	0.361099	0.130593	-0.00328529	-0.000527871	0.00140057	0
4064.266808423	3451.024765349	-0.0176746	0.312162	0.0799867	-0.00296762	-0.000580541	0.00138894	0
4079.373381176	3458.356304569	-0.0164146	0.255225	0.0257709	-0.0023869	-0.000317098	0.00147252	0
4067.195102546	3446.037021739	-0.0297116	0.278214	0.0311455	-0.00205078	-0.000171895	0.00180192	0
4052.685447528	3448.420274001	-0.0255474	0.269897	0.0190887	-0.00206878	-0.000472783	0.00147842	0
4063.308253207	3453.092364392	-0.00674202	0.293103	0.0776688	-0.00256561	-0.000502343	0.00160802	0
4073.743030208	3445.056946677	-0.0113901	0.328921	0.119114	-0.00373237	-0.000856031	0.00138268	0
4058.456005322	3440.915759635	-0.00357376	0.355649	0.153354	-0.0041512	-0.000401437	0.00144161	0
4049.322194515	3437.326613435	-0.00580462	0.293099	0.139665	-0.00399972	-0.000671089	0.00142409	0
4052.355582657	3438.679412945	-0.00534969	0.252976	0.129423	-0.00423459	-0.000769885	0.00139965	0
4057.715051754	3437.209652644	-0.00232399	0.231039	0.107687	-0.00292196	-0.000432621	0.00133348	0
4060.991378164	3438.411319084	-0.00780439	0.270623	0.0857762	-0.00249129	-0.000606024	0.000811023	0
4058.608350915	3436.511410814	-0.00252966	0.274609	0.0645047	-0.00251896	-0.000230724	0.00112292	0
4064.218334825	3433.531024393	-0.00977211	0.337576	0.119367	-0.00339653	-0.000445779	0.000909222	0
4058.670185303	3442.171326681	-0.0118846	0.393989	0.126953	-0.00388813	-0.000236711	0.00105528	0
4057.223879784	3437.980466532	-0.00809742	0.344476	0.14196	-0.00374737	-4.05846e-05	0.00114974	0
4048.969192666	3434.889460568	-0.0122143	0.255935	0.11855	-0.00389666	-0.000278101	0.00134447	0
4049.989174928	3437.17195745	-0.0147898	0.224639	0.0774357	-0.00306679	-1.46457e-05	0.00117831	0
4047.537795834	3431.273187919	-0.0218031	0.256207	0.0545408	-0.00196424	-9.81035e-05	0.00129432	0
4045.405038994	3441.112690606	-0.0164365	0.266495	0.0487623	-0.00210598	3.9913e-05	0.00137627	0
4053.242527297	3431.52965616	-0.0152953	0.339347	0.103913	-0.00273506	-0.000112002	0.00138578	0
4045.359009443	3435.577838235	-0.0141019	0.36637	0.124697	-0.00395273	0.000193162	0.00135278	0
4048.547024289	3437.601400836	-0.00564206	0.344799	0.139039	-0.00316612	-8.27893e-05	0.00137437	0
4052.543285463	3439.504127438	-0.0100226	0.291196	0.0917001	-0.00312043	-0.000154932	0.0013862	0
4058.721836162	3442.104038997	-0.00533741	0.232524	0.0662891	-0.00292525	-0.000154053	0.0011713	0
4047.609650814	3447.519112244	-0.0164727	0.255615	0.0407832	-0.00187158	-0.000154745	0.00111225	0
4051.023740004	3445.15136081	-0.0104641	0.310642	0.0256516	-0.0016407	0.000233043	0.00122852	0
4052.441694578	3442.264683939	-0.00691499	0.314688	0.0986545	-0.00293944	-8.04627e-05	0.00105261	0
4055.154342292	3446.883930599	0.00235339	0.335053	0.117572	-0.00397877	-5.0972e-05	0.00112141	0
4044.280288585	3444.046574543	0.00332735	0.30416	0.127202	-0.00348531	-0.000152519	0.00132956	0
4041.628171768	3449.470455079	-0.00640415	0.278578	0.105726	-0.00321069	-0.000161583	0.00117556	0
4039.637739929	3435.153326931	-0.000287946	0.218612	0.0941123	-0.00349704	5.06736e-05	0.00106801	0
4037.604292863	3441.303280328	-0.0122172	0.243494	0.0833925	-0.00267617	2.86228e-05	0.00123171	0
4039.562463282	3444.69831389	-0.0104784	0.27637	0.0391895	-0.00263386	-0.000219456	0.00109051	0
4045.990632644	3444.480597719	-0.0100747	0.291192	0.111267	-0.00282719	-0.000171999	0.00151035	0
4061.18551696	3443.520250984	-0.00676732	0.318571	0.144653	-0.00429186	-0.000252761	0.00123171	0
4052.006898625	3432.361416484	0.00172616	0.347672	0.157428	-0.00422002	-0.000209216	0.00127377	0
4050.506009391	3437.186401403	-0.00740572	0.302935	0.139593	-0.0038813	-0.000312811	0.00128721	0
4049.495721848	3439.335379791	0.000960728	0.249116	0.102903	-0.00361797	-0.000164312	0.00114692	0
4056.500849227	3447.903814604	-0.00968986	0.235879	0.0907325	-0.00242004	-0.00038745	0.00124344	0
4057.546901323	3446.944877035	-0.0107196	0.236909	0.0587478	-0.00256079	-0.000231706	0.00109309	0
4066.464739848	3440.281282574	-0.0124428	0.27707	0.0550266	-0.00171713	-0.000194003	0.00107315	0
4066.402090778	3444.193480115	-0.0158484	0.32007	0.0555878	-0.00242347	-6.90626e-05	0.00124344	0
4071.070138991	3440.476099795	-0.00800532	0.349976	0.102491	-0.00270587	-2.55647e-06	0.00149935	0
4071.930769392	3452.504389813	-0.0130773	0.364123	0.135436	-0.00381131	-0.000396989	0.00137337	0
4059.789558808	3450.160594204	-0.00900936	0.31048	0.105359	-0.00350012	-0.000115112	0.0013533	0
4056.242757869	3442.312595588	-0.0155335	0.285305	0.0818023	-0.00255662	-0.000364334	0.00137187	0
4052.348657857	3445.860875969	-0.0135393	0.282115	0.0512166	-0.00240966	-0.000191538	0.00130314	0
4049.615317213	3443.201779432	-0.0170572	0.262264	0.0719196	-0.00225701	-0.000422409	0.00135	0
4053.186314217	3441.038357091	-0.0116106	0.285171	0.0578736	-0.00222242	-0.000244157	0.000889771	0
4051.649090151	3441.954667384	-0.0142652	0.268251	0.086315	-0.00219718	-0.000182889	0.00101346	0
4058.553278391	3442.313300171	-0.00318955	0.309151	0.0783231	-0.00250733	-0.000200615	0.000889771	0
4077.469713003	3438.425763037	0.00497824	0.336275	0.166139	-0.00376608	-0.000227684	0.00088977	0
4061.157247483	3437.541158983	0.00465945	0.353188	0.182876	-0.00477306	-0.000263751	0.00107158	0
4053.428600738	3433.556389384	0.00513663	0.337934	0.195792	-0.00522284	-0.000188521	0.00116915	0
4047.730957011	3440.368650875	-0.00144984	0.258728	0.173409	-0.00420501	-0.000101349	0.00106925	0
4051.654874396	3438.716755849	-0.00165275	0.24661	0.137619	-0.00398932	-0.000329305	0.000878757	0
4062.884618402	3432.12714261	-0.000413867	0.256186	0.118274	-0.00308234	-0.000278185	0.00109614	0
4071.330837333	3438.282028089	-0.00278145	0.325731	0.0861667	-0.00316438	-0.000358449	0.00149789	0
4069.775201447	3438.624807757	0.00973327	0.382055	0.132183	-0.00423392	-0.000173954	0.00153112	0
4083.683620915	3436.986299809	0.00638471	0.405459	0.148067	-0.00410793	-0.000292534	0.00156585	0
4076.140803206	3438.789680197	0.00261461	0.379117	0.152233	-0.00500285	-0.000191322	0.00135592	0
4079.153009609	3445.327506579	0.00637572	0.290666	0.140053	-0.00419522	-0.000159717	0.00135737	0
4081.221243609	3455.221614454	0.00322268	0.261266	0.135698	-0.00347433	-0.000255202	0.00125692	0
4083.246869724	3457.227210186	0.00158934	0.251152	0.0938165	-0.00276532	-0.000126215	0.00100627	0
4086.487350112	3448.40406859	-0.00445422	0.264614	0.0879396	-0.00222924	-8.76531e-05	0.00100627	0
4081.377581146	3463.928147551	0.0027432	0.350756	0.105002	-0.00338931	3.63667e-06	0.00100627	0
4088.150116723	3446.388256403	0.000799141	0.372287	0.163712	-0.00390048	-0.000184035	0.00101697	0
4071.518458671	3460.200903067	-0.00534659	0.356157	0.152635	-0.0047412	-5.47388e-05	0.00120357	0
4063.54174116	3453.642643776	-0.00305944	0.301941	0.140871	-0.0038776	-2.33999e-05	0.00102055	0
4069.169729548	3454.457141814	-0.00421469	0.267021	0.12113	-0.00340833	-0.000106692	0.000951803	0
4071.231120217	3456.803755756	0.00139114	0.271349	0.101994	-0.00291189	0.000211494	0.000859413	0
4068.242376666	3451.940018768	-0.012352	0.286028	0.0677859	-0.00217411	-0.000154317	0.000785494	0
4067.895647871	3452.34339258	-0.00929886	0.382233	0.118788	-0.00361759	-0.000101818	0.000980962	0
4076.066504179	3443.709783832	0.00146727	0.358867	0.16504	-0.003664	-0.00010569	0.00131451	0
4058.885424372	3446.590471747	-0.00510465	0.340759	0.158509	-0.00400558	-0.000224287	0.0011577	0
4071.07111661	3445.896809706	-0.000943705	0.266968	0.0971308	-0.00303753	-0.000161518	0.000908877	0
4062.740745505	3443.870781065	-0.0145879	0.265302	0.081098	-0.00214547	-0.000106229	0.000900707	0
4061.693389917	3439.461852454	-0.00528539	0.286551	0.0415638	-0.00194003	2.35002e-05	0.00093504	0
4062.184236013	3439.093003212	-0.00489669	0.330157	0.0896315	-0.00203808	-0.00027552	0.000980111	0
4071.030382494	3439.552743671	0.0011954	0.355612	0.146978	-0.00399569	-0.000126241	0.00114831	0
4061.375908218	3432.192316545	0.000918479	0.375297	0.154202	-0.00371983	0.000149572	0.000973518	0
4058.4201593	3433.915374463	-0.00682548	0.327562	0.147266	-0.00386723	-0.000209621	0.00132878	0
4060.057344886	3438.258424556	-0.00543541	0.297886	0.0885056	-0.0029243	-0.00010125	0.00090267	0
4061.552205471	3444.134999719	-0.0100565	0.258915	0.0863589	-0.00236198	-0.000186615	0.00105473	0
4068.540550394	3440.638858486	-0.00958691	0.274635	0.0308169	-0.00198779	0.000130306	0.00110105	0
4059.008767275	3437.227971804	-0.00199815	0.309031	0.0442511	-0.00174325	0.000161461	0.00076351	0
4055.863278845	3427.829890417	-0.00535609	0.358022	0.0488659	-0.00197364	6.13807e-05	0.000836412	0
4058.11514224	3437.030688543	-0.00175536	0.342689	0.115303	-0.00326159	0.000136445	0.00104493	0
4059.814569555	3438.391238466	-0.00588958	0.362795	0.148906	-0.00372143	-1.86464e-05	0.00144167	0
4040.746848436	3436.678397003	0.00678127	0.308038	0.118962	-0.00414242	-0.000338182	0.0013445	0
4040.4292038	3436.455396459	0.00415528	0.254993	0.124009	-0.00353451	-0.000430802	0.00124462	0
4037.877944654	3435.159315887	-0.00852078	0.240623	0.119265	-0.00397087	-0.00020465	0.00101451	0
4038.136198948	3435.200886289	0.000702985	0.27278	0.116172	-0.00311081	-0.000143744	0.00142597	0
4039.093287736	3441.728496216	-0.000822543	0.327351	0.125017	-0.00345945	-0.000191226	0.00116678	0
4050.57745703	3443.473396209	0.00497232	0.328449	0.164208	-0.00443737	-0.000140733	0.00103377	0
4054.498930367	3441.978623209	0.00615979	0.374935	0.179562	-0.00467278	9.24761e-05	0.00138439	0
4045.05228155	3443.004496171	0.0019996	0.369507	0.166591	-0.00552973	0.000115192	0.00138037	0
4045.939063253	3444.569375187	-0.00294106	0.289075	0.158105	-0.00470991	-6.23895e-05	0.0015812	0
4048.485678711	3446.700386707	-0.00656033	0.266338	0.141911	-0.00452193	-0.0001478	0.00125901	0
4053.665265951	3442.912548079	-0.00695628	0.234978	0.103393	-0.00353203	0.000207285	0.00132931	0
4065.935522214	3449.952389904	-0.0133556	0.289029	0.0615625	-0.00267063	5.19886e-05	0.00136651	0
4060.996673599	3448.282880301	-0.00808204	0.339769	0.0666972	-0.00333183	7.90688e-05	0.00131685	0
4069.894308002	3448.393852135	-0.00578468	0.350121	0.12999	-0.00457077	-5.84826e-05	0.00148741	0
4065.655841775	3447.178446326	-0.00500601	0.387379	0.147469	-0.00542152	-2.75782e-05	0.00139292	0
4062.295521618	3448.187761585	-0.00288232	0.340023	0.159513	-0.00477794	-2.46312e-05	0.00149417	0
4056.776945065	3452.827088863	-0.00863699	0.290244	0.11226	-0.00396916	-0.000129494	0.00138647	0
4058.851370651	3448.274777595	-0.0134724	0.242014	0.10198	-0.00395396	-5.66722e-05	0.00153637	0
4060.978994992	3444.009936223	-0.021566	0.276857	0.0617656	-0.00291527	-0.000192644	0.00154388	0
4061.040340571	3456.681158301	-0.022114	0.299281	0.0436387	-0.00291109	0.000105997	0.00135181	0
4054.260798726	3442.275252685	-0.0197004	0.325689	0.0996429	-0.00344266	-5.66037e-05	0.00148631	0
4075.53614599	3444.846628628	-0.00297344	0.353843	0.129072	-0.00485642	-7.01949e-05	0.00154744	0
4060.20504679	3444.183968243	-0.00576141	0.368283	0.175724	-0.00516286	0.000323321	0.00137785	0
4049.757153404	3444.36856901	-0.00705851	0.369699	0.147337	-0.00461493	-0.000232583	0.00140767	0
4049.113717309	3451.782192158	-0.00470191	0.274581	0.100699	-0.0044692	-0.000373149	0.00141955	0
4049.95316597	3443.688646339	-0.00564704	0.256936	0.0920136	-0.00365038	-0.000361851	0.00157697	0
4049.407410285	3437.381923207	-0.00846002	0.258513	0.0901569	-0.0040397	-0.000323048	0.00133769	0
4058.353273882	3436.075273889	-0.00721365	0.300271	0.0556583	-0.00307198	-2.85983e-05	0.00135779	0
4063.994867465	3438.552940283	-0.0110967	0.357204	0.0904018	-0.00315223	-0.000147587	0.00141037	0
4070.518110253	3442.510231141	-0.000963574	0.377915	0.135116	-0.0049045	-0.000128615	0.00144371	0
4076.814626951	3445.107676659	-0.000422201	0.367592	0.166344	-0.0048836	-0.000278394	0.00178449	0
4063.468827092	3440.71072596	-0.00625581	0.31303	0.125529	-0.00478139	-8.60391e-05	0.00150331	0
4059.75493481	3446.731036071	-0.00983409	0.273809	0.128425	-0.00417217	-0.000142819	0.00178449	0
4067.085120433	3440.409868985	-0.0267969	0.264073	0.106943	-0.0037744	-0.000294701	0.00178449	0
4062.655529734	3441.180330581	-0.0270827	0.264677	0.0742894	-0.00356879	5.09366e-05	0.00169729	0
4061.088488296	3444.046222252	-0.0324855	0.289451	0.0586816	-0.0029679	-0.000201189	0.00178449	0
4058.756378693	3443.042543657	-0.0297311	0.336735	0.0505688	-0.00261683	-6.87738e-05	0.00178449	0
4061.574690703	3448.124701399	-0.0243268	0.354205	0.0900281	-0.00330264	-0.000309399	0.00178449	0
4057.965077757	3443.011542001	-0.0156517	0.389713	0.144813	-0.00411948	2.22975e-05	0.00164589	0
4057.944955104	3436.91795525	-0.0147126	0.375385	0.16046	-0.00490253	-0.000224872	0.00178951	0
4041.186043674	3444.95689588	-0.0148888	0.328491	0.142231	-0.00449044	-0.000124098	0.00152283	0
4042.932804032	3442.929458073	-0.0165201	0.272298	0.131049	-0.00384419	-0.000381937	0.00140583	0
4040.082149133	3450.00875655	-0.0156865	0.254909	0.0937293	-0.00385713	-0.000127735	0.00142641	0
4033.606565261	3433.613812905	-0.0205223	0.248019	0.11236	-0.00359862	-0.000283596	0.00158082	0
4038.061574048	3434.293030992	-0.0148372	0.297444	0.106648	-0.00359276	-0.000185092	0.00135822	0
4049.130255361	3433.700124332	-0.00729181	0.342518	0.167429	-0.00441791	-0.000170085	0.00159256	0
4054.077413736	3443.585424919	-0.00275084	0.389831	0.197636	-0.00502727	-0.000304054	0.00146855	0
4046.036662195	3443.601278038	-0.00336003	0.367817	0.189443	-0.00597025	-6.69744e-05	0.00168973	0
4044.293323503	3440.068146192	0.000471899	0.282946	0.174567	-0.00482002	-0.000240022	0.00138285	0
4055.260495398	3438.453241777	-0.0103661	0.266981	0.144118	-0.00451985	-0.000214708	0.00154068	0
4072.320594881	3447.859778162	-0.00708663	0.255377	0.0774215	-0.00317671	5.36747e-05	0.00147248	0
4063.161773327	3440.260497373	-0.00672375	0.308899	0.0766108	-0.00272331	-0.000361314	0.00173809	0
4062.422204718	3432.681649493	-0.0118568	0.361046	0.119954	-0.00391832	-0.000196402	0.00155416	0
4065.306424529	3444.891017362	-0.010068	0.386018	0.131783	-0.0044191	-0.000397151	0.0018369	0
4060.933128378	3442.950243274	-0.0145916	0.344952	0.10788	-0.00470026	-0.000328295	0.0018369	0
4065.06495269	3447.271099	-0.0195046	0.284581	0.0974962	-0.0035389	-0.000229663	0.0018369	0
4058.959316058	3448.668991827	-0.0245902	0.275033	0.0824899	-0.00406498	-0.000419396	0.0018369	0
4053.880749425	3438.871764126	-0.0206304	0.314379	0.0631161	-0.00226496	-0.000310683	0.0018369	0
4062.560945117	3444.081451406	-0.0173135	0.346578	0.102197	-0.00380486	-0.000326378	0.0018369	0
4069.380080523	3443.041134491	-0.00517065	0.371782	0.143328	-0.00394857	-0.00027535	0.00164437	0
4059.856933036	3440.948522749	-0.0101868	0.383468	0.158521	-0.00462929	-8.54876e-05	0.00155056	0
4052.932214802	3442.094527125	-0.00863699	0.323836	0.142765	-0.00438118	-0.000293151	0.00140442	0
4045.761625444	3439.442828711	-0.0161729	0.288735	0.113181	-0.00382568	-0.000427475	0.00155056	0
4064.146724249	3448.658775373	-0.0216235	0.288929	0.0553804	-0.00325187	-0.000157858	0.00155056	0
4073.928126031	3447.132648425	-0.0277232	0.2986	0.0324596	-0.00259155	3.90694e-05	0.0014542	0
4066.233614475	3447.378195628	-0.0227699	0.329829	-0.00567508	-0.00296511	0.000493249	0.00155056	0
4057.12131128	3435.4460812	-0.0273095	0.381016	0.0291546	-0.00272367	0.000269421	0.00156083	0
4069.431324041	3443.692169255	-0.0237989	0.354197	0.0601245	-0.00455703	0.000104575	0.00180663	0
4069.38480568	3445.239433694	-0.0101794	0.365416	0.110243	-0.00469614	-5.18944e-05	0.00190596	0
4057.195773244	3441.541429409	-0.0103172	0.318245	0.106468	-0.00489062	-4.67732e-05	0.00180052	0
4058.385698238	3436.297922141	-0.0167215	0.255238	0.117154	-0.00476484	1.34499e-06	0.00178678	0
4062.630681924	3442.538062173	-0.0198444	0.259089	0.127641	-0.00454393	-0.000205309	0.00186673	0
4058.145122549	3434.391672623	-0.0202719	0.255529	0.0863718	-0.00451225	7.38766e-05	0.00160995	0
4062.450066854	3441.558691694	-0.0215002	0.272492	0.0930353	-0.00399042	-0.000147179	0.00153543	0
4059.722999263	3438.217206446	-0.0156705	0.315236	0.0798067	-0.00391749	5.99712e-05	0.0015073	0
4080.466440442	3442.704696071	-0.00694586	0.381212	0.121347	-0.00293785	-0.000609808	0.00144171	0
4089.839686382	3441.351896561	-0.00742858	0.409081	0.134123	-0.000981007	-0.000362258	0.000986686	0
4071.531982397	3443.109479049	-0.00324248	0.330298	0.167885	-0.000546278	-0.000544288	0.000923367	0
4068.920762632	3442.139268151	-0.015736	0.270513	0.0924666	-0.00190085	-0.000986658	0.00101018	0
4068.44629165	3444.143102425	-0.0070059	0.242772	0.0776239	-0.00181466	-0.00113181	0.00117523	0
4076.105038653	3441.881743036	-0.00784555	0.232581	0.0684017	-0.00105802	-0.00125422	0.00109965	0
4067.056280679	3445.06892459	-0.00662231	0.237255	0.0564246	-0.00126352	-0.000850641	0.00130796	0
4080.440533544	3436.03440807	-0.0159652	0.289403	0.0874647	-0.00100607	-0.00112589	0.00139889	0
4088.347514249	3442.285116848	0.000783603	0.393106	0.122525	-0.00210007	-0.00114148	0.00163358	0
4092.674129103	3442.952357023	0.00201264	0.414698	0.150079	-0.0027073	-0.00110061	0.00158993	0
4084.230598623	3449.86220327	-0.000182333	0.367007	0.130984	-0.00196529	-0.00136995	0.0016892	0
4082.450354822	3448.794407615	0.0119906	0.265695	0.0974497	-0.00282139	-0.0012005	0.00190404	0
4080.818464671	3444.094838484	-0.00157963	0.275212	0.0857269	-0.0017798	-0.00134567	0.00186481	0
4083.400274405	3452.248273864	0.00389789	0.292161	0.0569313	-0.00188652	-0.00106444	0.00189469	0
4085.209928238	3445.740392263	-0.00432213	0.3068	0.0717303	-0.00120844	-0.00135906	0.00185256	0
4089.64351088	3448.214888033	0.00383534	0.370616	0.0841891	-0.00233856	-0.0012083	0.00175059	0
4089.37719123	3460.253746798	0.00744294	0.398431	0.118323	-0.00204562	-0.00124838	0.00185477	0
4077.613097091	3447.210152564	0.00440089	0.406034	0.113271	-0.00270608	-0.00124766	0.00170399	0
4076.197830969	3452.729504107	0.00769942	0.300765	0.113172	-0.00276808	-0.00090713	0.00195842	0
4067.556414154	3452.288787391	-0.00221593	0.274015	0.105992	-0.00219274	-0.00140548	0.00180172	0
4063.052931769	3460.297783241	-0.00238461	0.288935	0.0809331	-0.00212131	-0.00120626	0.00177644	0
4062.451696218	3453.284715572	0.00249341	0.27012	0.109703	-0.00164543	-0.00115351	0.0018135	0
4057.198543164	3444.717689925	-0.00717988	0.294282	0.0721364	-0.00184511	-0.00107373	0.0016059	0
4058.346186145	3442.679683372	0.000174148	0.326606	0.101025	-0.00136139	-0.00100238	0.00162508	0
4059.376351936	3447.775580484	0.00182987	0.37654	0.125216	-0.00263276	-0.00113483	0.00160993	0
4060.270628717	3443.005553045	0.00473844	0.394477	0.161524	-0.00270861	-0.000946464	0.00164539	0
4054.337052991	3441.16870496	0.00444868	0.395958	0.165961	-0.00355332	-0.0011533	0.00169251	0
4047.671811075	3447.080861569	0.02005	0.270116	0.138779	-0.00341963	-0.000904687	0.00180146	0
4045.45449021	3444.442550233	0.00486629	0.2355	0.135111	-0.00285809	-0.00110973	0.00171083	0
4049.304515908	3446.643667769	-0.00100287	0.240726	0.0856572	-0.00228333	-0.00113787	0.0013995	0
4051.08198979	3434.548090067	0.0023882	0.259885	0.0900724	-0.00195823	-0.000987433	0.00200472	0
4051.826772365	3442.20091917	0.00674851	0.339768	0.114092	-0.00208144	-0.00123389	0.00181742	0
4059.957872175	3433.052612483	0.0139955	0.355625	0.150622	-0.00323249	-0.000830268	0.00174549	0
4059.013248027	3434.560420271	0.00615735	0.392778	0.166331	-0.00349104	-0.00115986	0.00192051	0
4056.506552003	3439.341016456	0.00392413	0.341776	0.132354	-0.00347363	-0.000945391	0.00181107	0
4057.435126909	3441.90111907	-0.00306048	0.27074	0.140824	-0.00281196	-0.00126331	0.00182956	0
4061.619172358	3444.257949467	0.00557163	0.275317	0.128406	-0.00272053	-0.00138273	0.00165364	0
4061.716038085	3439.696126327	0.00305458	0.252521	0.0960812	-0.00205485	-0.000989971	0.00158332	0
4061.851764159	3445.113313323	-0.00230278	0.305207	0.095902	-0.00191839	-0.00109089	0.00170722	0
4063.848550521	3436.035112653	0.000422009	0.369748	0.13271	-0.00254635	-0.000937707	0.00160076	0
4071.07527149	3439.935332282	0.000461638	0.368378	0.156521	-0.00292901	-0.00110045	0.00174231	0
4061.279531299	3436.70975095	0.0020183	0.378048	0.156749	-0.0037757	-0.000869972	0.00190029	0
4055.678101554	3440.346104217	0.00679779	0.281608	0.162569	-0.00313132	-0.00120545	0.00183821	0
4057.760673964	3443.29971648	-0.000950482	0.239678	0.144432	-0.00372045	-0.00126443	0.00167576	0
4053.333527312	3440.113239509	0.000380885	0.265857	0.120864	-0.0021492	-0.000967539	0.00166403	0
4053.498744886	3437.747249533	-0.00395048	0.305487	0.137419	-0.00271629	-0.000993822	0.00137189	0
4058.214044674	3440.20272156	0.00576631	0.341394	0.146338	-0.0032031	-0.000571574	0.00156662	0
4077.732285114	3448.343826737	0.000214645	0.407936	0.19297	-0.00359186	-0.000971351	0.00198374	0
4060.984942173	3443.76192298	0.00255412	0.412788	0.193515	-0.00432465	-0.000575304	0.00216064	0
4070.273379684	3443.26061212	0.00102856	0.32405	0.179993	-0.00392133	-0.000615232	0.00184607	0
4081.448458508	3447.110101767	-0.000542436	0.298733	0.12869	-0.00349536	-0.00103204	0.001792	0
4072.283445367	3447.056201161	0.00731705	0.264942	0.0674891	-0.00241255	-0.000813759	0.00161826	0
4064.120817351	3448.14302056	0.00977424	0.264694	0.0725344	-0.00192388	-0.00100449	0.00181526	0
4071.367090696	3442.973494515	0.00588434	0.315682	0.0799628	-0.00292637	-0.00103998	0.00167973	0
4079.285884295	3440.749125737	0.00893752	0.361157	0.134026	-0.00326867	-0.000723988	0.00189245	0
4078.73230766	3442.243194155	0.00373753	0.396895	0.162482	-0.00392406	-0.000970494	0.00196208	0
4077.129501667	3442.26045644	0.00764416	0.33394	0.132553	-0.00393757	-0.000805904	0.00194016	0
4075.916602632	3451.049425757	0.00194037	0.265679	0.121473	-0.00322024	-0.000897045	0.00191084	0
4073.598098224	3442.867454762	0.000560737	0.268013	0.0966154	-0.00282925	-0.00110001	0.00154859	0
4073.33748135	3447.088259692	0.00934716	0.265376	0.099208	-0.00227459	-0.000743753	0.00140702	0
4075.495248938	3444.792728023	-0.000167768	0.323879	0.099533	-0.00229959	-0.00100978	0.00164847	0
4073.888858343	3443.465293504	0.00302274	0.320819	0.0790163	-0.00179168	-0.000840374	0.00158214	0
4076.984488215	3448.69012932	0.00172815	0.386342	0.129457	-0.00310557	-0.000697398	0.00164638	0
4069.24891667	3446.305467892	-0.00339276	0.426986	0.149357	-0.00362937	-0.000463927	0.0016882	0
4069.6842829	3447.751976951	-0.00395488	0.374745	0.165707	-0.00363462	-0.000908772	0.00180012	0
4065.738287625	3444.620105169	-0.000317656	0.282454	0.130853	-0.00399579	-0.000798934	0.00161243	0
4060.223865952	3448.614386639	0.00362954	0.265065	0.121052	-0.00318528	-0.000352759	0.00121914	0
4062.155477728	3443.361015208	0.00404816	0.263518	0.117172	-0.00300631	-0.000803065	0.00136716	0
4058.433764495	3449.709661034	-0.000447247	0.260849	0.086077	-0.00252489	-0.000581526	0.00126305	0
4060.92058227	3447.67623427	-0.00190688	0.335303	0.125782	-0.00294217	-0.000657015	0.00161319	0
4062.567136703	3443.593527624	0.000173668	0.378056	0.150395	-0.00368397	-0.000499477	0.00126002	0
4065.321659088	3443.331422719	0.0036195	0.37387	0.17903	-0.00395581	-0.000479996	0.00169655	0
4055.389378141	3444.30903174	-0.00409134	0.303728	0.148607	-0.00414867	-0.000541307	0.00169111	0
4056.156890353	3437.414334029	0.000477713	0.274223	0.141912	-0.00338549	-0.000415543	0.00165043	0
4062.567136703	3436.026657656	-0.000538073	0.265307	0.130543	-0.00311996	-0.000433948	0.00164564	0
4058.468795834	3439.23673816	0.00580272	0.255492	0.106882	-0.00313349	-9.82306e-05	0.00143393	0
4063.257335563	3429.34826695	0.00777649	0.269429	0.110663	-0.00251563	-0.000205191	0.00137442	0
4062.875168087	3431.535292825	0.00375675	0.333886	0.0845177	-0.00233934	6.99276e-05	0.0011609	0
4077.257732664	3432.109880325	0.00358518	0.360408	0.168015	-0.00357182	-2.31696e-05	0.0014293	0
4069.927709977	3433.640939354	0.0107084	0.364003	0.163133	-0.00433325	-5.12367e-05	0.00148525	0
4068.744546847	3436.810154039	0.00053	0.333912	0.200171	-0.00448766	-0.000119811	0.0017108	0
4057.010188612	3441.673186444	-0.000640038	0.258577	0.170683	-0.00452426	-0.000297394	0.00154112	0
4050.732654012	3433.107922255	-0.0024	0.234302	0.138517	-0.00365166	-0.000240579	0.00137163	0
4060.888972596	3438.785100407	-0.00950934	0.239754	0.137435	-0.00291313	-0.000280464	0.00145668	0
4067.868600418	3436.404666478	-0.00346634	0.290226	0.0837919	-0.00242614	-0.000103961	0.00143035	0
4062.992563809	3434.156694167	-0.00203563	0.350478	0.142304	-0.00299286	2.83499e-05	0.00150136	0
4071.259878503	3435.672604659	-0.00954069	0.373579	0.163474	-0.00369475	-0.000134354	0.00150233	0
4069.605258716	3429.697740157	0.00444814	0.375955	0.174959	-0.00386906	-2.78843e-05	0.00161111	0
4075.92914874	3442.8075652	-0.000555255	0.328727	0.157429	-0.0037447	-0.00016008	0.00181646	0
4074.857760024	3442.281946224	-0.000820074	0.27549	0.116736	-0.00336772	0.000186717	0.0017416	0
4072.118472198	3447.427868735	-0.0100227	0.256623	0.11387	-0.00295424	-6.68796e-05	0.00164389	0
4074.054157385	3446.331889757	-0.00747973	0.277571	0.0659978	-0.00210879	-9.60759e-05	0.00166588	0
4068.275045427	3445.106972076	-0.0236382	0.271639	0.0858497	-0.00193758	-0.000122958	0.00182199	0
4064.614922177	3446.689113378	-0.0158603	0.283668	0.0698995	-0.00264189	-6.02713e-05	0.00150946	0
4075.172471803	3448.007388317	-0.0099212	0.324555	0.131164	-0.00274193	-8.02921e-05	0.00183898	0
4084.826538739	3440.873132359	0.0011343	0.333803	0.173116	-0.0042018	-0.000295245	0.00183898	0
4066.70010157	3447.949964796	-0.00241982	0.375569	0.183721	-0.00414553	-0.000388566	0.00163828	0
4056.108009413	3444.386535878	-0.00453551	0.323254	0.169383	-0.00395403	-0.000358647	0.00182813	0
4053.842459356	3449.586358995	0.000340434	0.261661	0.131049	-0.00391654	-0.000424923	0.00147597	0
4057.186893207	3444.087440362	-0.00622968	0.248375	0.154854	-0.00343685	-0.000515867	0.00163515	0
4059.830537329	3449.952389904	-0.00211459	0.27889	0.100955	-0.00301432	-0.000338515	0.00134132	0
4066.744664693	3438.661093785	0.00339409	0.306113	0.107165	-0.00253519	-0.000498266	0.00170846	0
4064.859245404	3440.763217399	-0.00831029	0.346455	0.108691	-0.00333481	-6.73095e-05	0.00164947	0
4072.506912727	3436.875327974	-3.173e-06	0.397459	0.153431	-0.00352591	-0.000106673	0.00174608	0
4069.372096636	3441.11128144	-0.00526602	0.408285	0.166734	-0.00464049	-0.000317186	0.00166027	0
4071.764818604	3445.792179119	-0.00157694	0.374685	0.1518	-0.00340799	-0.000413196	0.00179736	0
4062.379841238	3440.71777179	-0.00619724	0.283987	0.129247	-0.0038001	-0.0004599	0.0017198	0
4064.044807491	3438.224604568	-0.006805	0.242642	0.126775	-0.00321506	-0.0003041	0.00189014	0
4066.578713904	3452.967653187	0.00043306	0.275427	0.100932	-0.00293517	-0.000306425	0.00173395	0
4062.643635372	3438.454650943	-0.00463226	0.251317	0.0573918	-0.00165632	-0.00027514	0.0013507	0
4068.498675723	3439.140914862	-0.00215728	0.362848	0.137896	-0.00311945	-0.000443621	0.00134946	0
4070.194436968	3437.042666455	0.00330712	0.358772	0.16963	-0.00377191	-0.000214	0.00164686	0
4064.372961529	3439.575642621	-0.00126381	0.375078	0.173593	-0.00389407	-0.000348031	0.00163213	0
4064.307786943	3436.031237446	-0.00435893	0.34855	0.145188	-0.00408484	-0.000377198	0.00155176	0
4059.875670729	3436.326457756	-0.00719189	0.266256	0.137453	-0.00359654	-0.000408813	0.00163237	0
4064.690932037	3437.866324073	0.00285064	0.278364	0.113791	-0.00358859	-0.000347958	0.00160651	0
4065.463495279	3440.772376979	-0.000187392	0.276988	0.0881619	-0.0029951	5.62674e-05	0.00142004	0
4070.447803169	3437.685246222	-0.00591737	0.328314	0.13047	-0.00321977	-0.000164941	0.00160253	0
4073.682254907	3436.588210369	0.00844353	0.335319	0.167383	-0.00413566	-0.000119257	0.0017309	0
4075.484006322	3440.209767391	-0.0036417	0.369838	0.177994	-0.00403028	-0.000327935	0.00172606	0
4068.472687357	3437.880063443	-0.00259367	0.335212	0.129601	-0.00382722	-6.81477e-05	0.00164858	0
4070.878607178	3442.595133402	-0.00196723	0.28447	0.1101	-0.00282826	-0.000175966	0.00140081	0
4074.269722327	3438.942574725	-0.0136268	0.286761	0.0871384	-0.00268116	-0.00027909	0.0017784	0
4072.84956811	3443.509682238	-0.012229	0.2712	0.0539915	-0.00207715	-0.000110747	0.00150566	0
4074.827616778	3445.972904679	-0.0214579	0.294681	0.0418049	-0.00156268	-0.000219211	0.0016361	0
4078.910315746	3441.715109138	-0.0169582	0.334452	0.026866	-0.00221573	7.81753e-05	0.00171921	0
4072.153910879	3443.035497826	-0.0218948	0.345762	0.070589	-0.00252086	6.05755e-05	0.00177604	0
4086.096139663	3447.674825104	-0.010468	0.364028	0.114364	-0.00412526	-0.000392513	0.00142987	0
4087.095673399	3450.560445101	-0.00103628	0.353781	0.164973	-0.00423198	-0.000376843	0.00167717	0
4072.463653096	3444.68668827	-0.00497313	0.31429	0.166759	-0.00474648	-0.000465052	0.0017716	0
4061.924189418	3441.538611077	0.0108137	0.263648	0.134553	-0.00437052	-0.000278191	0.00168246	0
4068.901699066	3442.681797121	-0.0109249	0.255612	0.124707	-0.00344149	-0.000580585	0.00154895	0
4072.972259267	3438.884446621	-0.0116042	0.269217	0.0837928	-0.00336727	-0.000329171	0.00156913	0
4075.222167425	3442.440125125	-0.016929	0.28298	0.0639665	-0.00229487	-0.000382065	0.00146479	0
4081.182138858	3445.073152088	-0.00525226	0.355592	0.115772	-0.00368065	-0.000462551	0.0017639	0
4091.951261482	3443.889452517	0.00230775	0.380462	0.158042	-0.0041925	-0.000112839	0.00190444	0
4085.569936354	3451.745553838	-0.000972216	0.414179	0.175907	-0.00486296	-0.000412979	0.00182955	0
4085.79772153	3450.196175649	-0.00265111	0.34714	0.144626	-0.00437442	-0.000330766	0.00200367	0
4088.181970802	3453.292818278	-0.0138107	0.274206	0.126237	-0.00344803	-0.000487196	0.00185318	0
4092.053504113	3458.455298491	-0.0141388	0.260958	0.0778133	-0.00339584	-0.000215182	0.00185318	0
4089.486195724	3458.166419429	-0.023366	0.263344	0.065825	-0.00275424	-0.00020096	0.00173484	0
4080.294949814	3455.539733714	-0.0217675	0.274576	0.0635016	-0.0028476	-0.000148963	0.00168343	0
4079.83481724	3449.469750496	-0.00592549	0.340594	0.118107	-0.00327185	-0.000237883	0.00185318	0
4078.127650443	3453.050441699	-0.0103036	0.378653	0.147556	-0.00409921	-0.000396932	0.00183314	0
4071.413690525	3459.210611551	-0.00200585	0.406855	0.150489	-0.00306498	-0.000159187	0.00176101	0
4068.123351579	3457.782421652	-0.0186579	0.33711	0.145844	-0.00320156	-0.000448678	0.00183889	0
4055.773500854	3453.811743715	-0.0112945	0.302563	0.131412	-0.00304805	-0.000187755	0.00185049	0
4053.556668798	3442.826588943	-0.0182591	0.305495	0.123264	-0.00319644	-0.000164233	0.00206313	0
4049.21872986	3446.647895268	-0.00982404	0.323119	0.0883193	-0.00253072	-0.000266202	0.00183772	0
4047.803382269	3440.371469208	-0.0154544	0.301601	0.103496	-0.00306093	-0.000325429	0.00190205	0
4051.25706502	3434.085178984	-0.00798829	0.367994	0.109216	-0.00278565	-0.000224898	0.00177289	0
4062.894231653	3444.767010741	-0.00859095	0.370052	0.14575	-0.00341376	-0.000568746	0.00184841	0
4054.747978752	3445.777382875	-0.00513098	0.401955	0.156256	-0.00428117	-0.000466569	0.00185486	0
4055.250963615	3437.119113719	0.00766042	0.342513	0.172369	-0.00408402	-0.000498604	0.00186199	0
4049.715686074	3433.961524654	-0.0174593	0.300687	0.136279	-0.00359304	-0.000406571	0.00183773	0
4054.826514127	3437.592945839	-0.00504766	0.244294	0.0907356	-0.00337426	-9.62845e-05	0.00149793	0
4051.632063291	3436.782675299	-0.0325212	0.255365	0.102159	-0.00325939	-0.000307058	0.00175297	0
4046.173447356	3434.86937995	-0.0205749	0.286246	0.0947206	-0.00314689	-0.000129366	0.00179982	0
4051.090136613	3431.351748933	-0.024423	0.302604	0.0923664	-0.00291842	-0.000370643	0.00168436	0
4057.046116103	3437.418561527	-0.0159981	0.334241	0.0839158	-0.0032468	-7.89788e-06	0.00177918	0
4070.965533782	3439.975141226	-0.0168118	0.364701	0.148508	-0.00324827	-0.000511161	0.00174299	0
4069.141460072	3437.672211435	-0.00207376	0.378971	0.1651	-0.00438507	-0.00040012	0.00169833	0
4060.614587591	3442.711037319	-0.00138706	0.36392	0.190692	-0.00441154	-0.000381435	0.00195876	0
4050.384947598	3444.732838461	-0.00460801	0.282713	0.169904	-0.00455742	-0.00046009	0.00195496	0
4052.074109916	3440.116410133	-0.0102045	0.229727	0.139908	-0.00408778	-0.000377993	0.00158485	0
4057.449872659	3445.625545221	-0.0199058	0.248074	0.110081	-0.00288905	-0.000498786	0.00175514	0
4053.564000939	3446.161732944	-0.0132148	0.293851	0.0666738	-0.00287748	-0.000297574	0.00156457	0
4051.439146518	3442.940731402	-0.0100668	0.32488	0.131447	-0.00317093	-0.000399509	0.00183397	0
4065.630097813	3451.982998335	-0.01179	0.362012	0.162628	-0.00440186	-0.000549185	0.00166279	0
4064.304446746	3442.93791307	-0.0100504	0.410447	0.184903	-0.00426108	-0.000350369	0.00182254	0
4056.388341599	3451.929802313	-0.0170233	0.367244	0.176288	-0.00450847	-0.000566629	0.00185484	0
4061.553916304	3455.543608921	-0.014828	0.2917	0.121867	-0.00354331	-0.000381422	0.00160383	0
4060.49580691	3445.51069818	-0.0195083	0.27182	0.107282	-0.00294865	-0.000589462	0.00171683	0
4060.081540951	3443.631927402	-0.0251	0.267596	0.0910739	-0.00354194	-0.000288092	0.0014903	0
4056.867048929	3455.014819321	-0.0272395	0.296975	0.0774748	-0.00238033	-0.000348854	0.00193937	0
4063.96977525	3447.674472813	-0.0228017	0.355177	0.104669	-0.00295117	-0.000417403	0.00170107	0
4067.795604883	3441.170466418	-0.011374	0.362874	0.15264	-0.00396027	-0.000207004	0.00165338	0
4062.415035514	3454.85664042	-0.0142726	0.397964	0.160826	-0.00408369	-0.000654352	0.00188043	0
4060.402933125	3444.852265293	-0.0178246	0.329784	0.124197	-0.00368978	-0.000861006	0.00174756	0
4059.03019342	3443.1531632	-0.0230123	0.278305	0.10841	-0.00303752	-0.0011708	0.00187154	0
4054.425934832	3434.398013871	-0.017191	0.278386	0.100336	-0.00363236	-0.00114569	0.00180298	0
4067.320319218	3450.245496465	-0.0129991	0.331551	0.0581326	-0.00233606	-0.000775453	0.00174756	0
4078.104024656	3439.25047753	-0.0410884	0.389405	0.0703375	-0.00377474	-0.00096606	0.00125366	0
4057.486859237	3432.570325366	-0.0301131	0.377451	0.11924	-0.00405828	-0.00123918	0.00158865	0
4067.259218045	3440.695577424	-0.0265403	0.410647	0.159334	-0.00504223	-0.0014187	0.00159146	0
4059.332359091	3439.093003212	-0.0152586	0.346741	0.176354	-0.00541053	-0.00151162	0.00133237	0
4047.628958785	3432.465694779	-0.0337098	0.297284	0.171115	-0.00512013	-0.00151722	0.00142835	0
4053.068837026	3437.147297042	-0.0166072	0.282925	0.151032	-0.0049952	-0.00153296	0.00134632	0
4051.500655033	3432.197248626	-0.0299807	0.273326	0.16086	-0.00418366	-0.00173336	0.00118958	0
4052.827039315	3427.693201299	-0.0204741	0.310888	0.123186	-0.00399802	-0.00182353	0.00114261	0
4054.380557027	3425.386748593	-0.0145982	0.316563	0.141629	-0.00368452	-0.0017484	0.00133748	0
4068.622833308	3434.70450751	-0.0185388	0.387082	0.173169	-0.00484246	-0.00158459	0.001209	0
4071.558703977	3431.446515357	-0.014321	0.411076	0.191694	-0.00515175	-0.00160111	0.00137469	0
4068.936730405	3428.055709293	-0.00904797	0.432522	0.212609	-0.00625224	-0.00203806	0.00132401	0
4065.933729913	3434.266961418	-0.00625895	0.332626	0.185551	-0.00582771	-0.00153674	0.00151596	0
4069.2470429	3443.344105214	-0.019345	0.245401	0.185741	-0.00517518	-0.001777	0.00133072	0
4073.757287149	3446.754991896	-0.0225593	0.246636	0.161288	-0.00481994	-0.00175965	0.00112374	0
4077.939866169	3447.196765486	-0.018263	0.243027	0.157869	-0.00413857	-0.0017232	0.0013034	0
4081.03321493	3444.440084192	-0.0195325	0.305937	0.140411	-0.00411874	-0.00165086	0.00130937	0
4083.641175966	3451.81918277	-0.0135507	0.363153	0.172581	-0.00416875	-0.00142961	0.00118712	0
4086.93713622	3450.294112697	-0.0079944	0.441658	0.196338	-0.0053883	-0.00174688	0.00128898	0
4086.076831692	3457.617901503	-0.00992767	0.396071	0.181327	-0.00495878	-0.00147518	0.00140996	0
4086.467716268	3455.043354935	-0.0203124	0.336448	0.147213	-0.00412629	-0.00173151	0.00128472	0
4091.711093135	3462.899456257	-0.0313328	0.294843	0.0948831	-0.00391205	-0.00163579	0.00110608	0
4081.84781578	3465.217534584	-0.0332226	0.286845	0.0936427	-0.00279576	-0.00172003	0.000899216	0
4072.431310208	3462.290344186	-0.0380652	0.300925	0.0771478	-0.00313943	-0.0016415	0.000969017	0
4065.276770092	3455.890616087	-0.029396	0.355575	0.136343	-0.00323863	-0.00166608	0.0011653	0
4074.001691844	3467.59268414	-0.0247063	0.374209	0.159746	-0.00463003	-0.00162958	0.00103612	0
4060.944452462	3454.319043531	-0.0140895	0.371448	0.189299	-0.00448802	-0.00146169	0.00137681	0
4052.245926417	3452.208817212	-0.0245918	0.325248	0.154465	-0.00404407	-0.00174421	0.00116018	0
4055.364285925	3452.861261142	-0.0211665	0.286774	0.128951	-0.00345515	-0.00164985	0.00115129	0
4060.486600999	3452.561813334	-0.0423992	0.318711	0.104886	-0.0033506	-0.00168361	0.00137758	0
4061.003353994	3454.998261618	-0.0337215	0.320911	0.0767416	-0.00355034	-0.00128173	0.00108932	0
4050.422504453	3438.442673031	-0.0341275	0.357166	0.121717	-0.00412319	-0.00164376	0.00149268	0
4050.181602892	3443.414563522	-0.0239245	0.38673	0.165324	-0.00450159	-0.00132894	0.00127502	0
4058.068786816	3445.761882047	-0.0153427	0.396812	0.195547	-0.00514791	-0.00173022	0.00114993	0
4045.076722019	3438.95525722	-0.0120589	0.347464	0.187677	-0.00560441	-0.00158271	0.00108525	0
4038.603256321	3438.348963482	-0.0186037	0.273167	0.175294	-0.00435276	-0.00167931	0.00110634	0
4042.699886357	3435.981212048	-0.0114625	0.251373	0.165229	-0.00480945	-0.00202717	0.000823344	0
4039.336388939	3430.919487214	-0.00689016	0.263863	0.16121	-0.00403865	-0.00153324	0.000702307	0
4044.448357548	3429.61142873	-0.0149775	0.312115	0.167783	-0.0043062	-0.00166728	0.00105753	0
4050.509593993	3424.359114174	-0.0124751	0.342956	0.187806	-0.00449853	-0.00122994	0.000776462	0
4068.942433182	3429.819985321	-0.00836515	0.38971	0.218204	-0.00563277	-0.0016772	0.000920846	0
4061.697952138	3425.912719861	-0.0114677	0.389152	0.195276	-0.00548457	-0.001687	0.000881551	0
4062.077594098	3437.589070632	-0.0139938	0.280392	0.187977	-0.00514585	-0.00176369	0.00113202	0
4064.390069857	3439.74262881	-0.0137079	0.267734	0.16152	-0.00467732	-0.00171156	0.000919738	0
4071.706813223	3441.016867307	-0.0207422	0.260094	0.172822	-0.00412646	-0.00161833	0.00107204	0
4068.181927238	3442.000465284	-0.0200091	0.278777	0.152874	-0.00458381	-0.00162987	0.000977212	0
4073.271573551	3442.707866695	-0.0159482	0.296826	0.154558	-0.00379459	-0.00182843	0.000999007	0
4071.427458656	3441.153908716	-0.0196328	0.344265	0.140155	-0.00406856	-0.00177174	0.0010856	0
4074.850835224	3443.979286859	-0.0103004	0.368863	0.187726	-0.00431138	-0.00154396	0.00107403	0
4065.179497023	3438.703721062	-0.0146731	0.383397	0.190223	-0.00512152	-0.00158471	0.000891329	0
4063.097169019	3451.38198897	0.00130691	0.35752	0.200618	-0.00451685	-0.00173793	0.00123653	0
4049.389976083	3454.688245064	-0.00562538	0.275473	0.18155	-0.00512905	-0.00174809	0.00105633	0
4049.23257946	3452.535039177	-0.00238117	0.269647	0.180936	-0.00380152	-0.00170268	0.000892902	0
4040.387410598	3451.275244633	-0.0089575	0.272632	0.172886	-0.00424727	-0.00177955	0.000745309	0
4040.250706905	3439.066581347	-0.00522771	0.303063	0.16553	-0.00341525	-0.00183344	0.000831348	0
4037.366975904	3441.444196944	-0.0118323	0.359651	0.180858	-0.004146	-0.0016035	0.000927225	0
4040.758824266	3434.396252413	-0.00695388	0.372819	0.198187	-0.00414574	-0.00169779	0.000553392	0
4047.065605962	3443.160209031	-0.000627414	0.439669	0.237365	-0.00560126	-0.00217352	0.00102078	0
4042.929056493	3443.798209008	-0.00204362	0.370988	0.220827	-0.00505154	-0.00174582	0.000997304	0
4044.762824922	3443.705908625	-0.0137615	0.305183	0.203596	-0.00461099	-0.00204181	0.000973399	0
4042.990076199	3438.182329584	-0.012025	0.289833	0.182413	-0.00434789	-0.00181388	0.000947951	0
4050.373379109	3443.795038384	-0.0153896	0.26354	0.159514	-0.00316282	-0.00205858	0.00102635	0
4045.159656679	3437.376638834	-0.00997136	0.311473	0.144942	-0.00375098	-0.00188075	0.00100677	0
4044.592393381	3441.943041763	-0.0109301	0.33826	0.185691	-0.0038656	-0.00183562	0.000872313	0
4051.759805478	3435.370338519	-0.00388689	0.394997	0.193765	-0.00485491	-0.00175901	0.00072708	0
4056.37310704	3439.635884474	-0.002905	0.406943	0.233397	-0.00495128	-0.0018541	0.000817596	0
4045.625166156	3433.246020538	-0.00463678	0.334529	0.203624	-0.005517	-0.00196326	0.00086988	0
4045.769527863	3434.7548852	-0.00750514	0.310636	0.189945	-0.00449549	-0.00187822	0.000842763	0
4042.694590922	3431.525780953	-0.00997331	0.282085	0.181168	-0.00470037	-0.00203454	0.000645156	0
4043.815430855	3432.762676547	-0.00380837	0.26711	0.168428	-0.00404095	-0.00185302	0.000349971	0
