4595.877055478	3455.638924004	0.0118361	0.303357	0.00488117	-0.00242342	-0.000185791	0.000822465	1
4456.057916096	3467.856876884	0.020225	0.270787	0.0114474	-0.00227368	-0.000448741	0.000724727	1
4356.503733097	3459.639050695	0.0210682	0.251622	0.0118157	-0.00210919	-0.000229768	0.000557504	1
4292.945033562	3457.562505095	0.0157702	0.291021	0.00180271	-0.00121432	-0.000403024	0.000525697	1
4239.924876872	3459.7735058	0.0175273	0.330666	0.00887696	-0.00154166	-0.000454929	0.00047956	1
4201.94968288	3463.240701347	0.0400652	0.392925	0.0428672	-0.00254427	-0.000366182	0.000631214	1
4177.51331287	3458.071339091	0.0345514	0.417393	0.0976713	-0.00297663	-0.000533528	0.000558872	0
4156.254753043	3462.395904205	0.0327419	0.389828	0.111412	-0.00344255	-0.00051999	0.000428345	0
4127.337485497	3465.456591329	0.0407745	0.288651	0.0812377	-0.00339647	-0.000508705	0.000571378	0
4118.400568645	3462.763996883	0.0296269	0.289526	0.07637	-0.00201549	-0.000633088	0.000460987	0
4109.01020799	3453.356679555	0.0297755	0.299565	0.0700774	-0.001985	-0.000477295	7.51853e-05	0
4102.051874499	3455.274323667	0.0385656	0.32468	0.0480712	-0.00186803	-0.000350253	0.000405118	0
4097.612199127	3444.023399843	0.0312868	0.38258	0.0736951	-0.00188327	-0.000464611	0.000220446	0
4112.764645397	3458.463878152	0.0391088	0.470126	0.129816	-0.00352604	-0.00059282	0.000283209	0
4105.701163183	3456.965314887	0.0378611	0.479846	0.181119	-0.00403949	-0.000603531	0.000221676	0
4092.869154392	3449.6216215	0.0336399	0.416029	0.161319	-0.00348351	-0.000364976	0.000399814	0
4089.352791084	3454.010096443	0.0351397	0.360274	0.127453	-0.00338059	-0.000166757	0.000100888	0
4084.941616974	3448.641321551	0.0348953	0.346955	0.137796	-0.00281337	-8.47018e-05	4.04509e-05	0
4091.693437085	3452.051591948	0.0324169	0.320384	0.125173	-0.00267351	0.00020589	-0.000107381	0
4091.248286021	3442.434384963	0.0356931	0.36066	0.0975715	-0.00304488	0.000445013	-0.000224033	0
4110.641381902	3457.344583054	0.0465522	0.424395	0.188514	-0.00393404	0.000184871	9.86274e-05	0
4114.396141357	3451.82004978	0.0485493	0.46244	0.252822	-0.00540128	0.000624229	1.101e-05	0
4095.727573316	3447.167553903	0.0510563	0.40972	0.215797	-0.00510634	0.000815788	9.86273e-05	0
4112.609659721	3460.576394858	0.0309915	0.370302	0.150811	-0.00407329	0.000650327	1.13941e-05	0
4103.96137853	3449.484023288	0.0317943	0.357006	0.126044	-0.00375614	0.000679306	9.86276e-05	0
4089.897857589	3454.912167968	0.0366289	0.352736	0.0885019	-0.00380667	0.000973135	-5.69179e-05	0
4096.15734658	3447.184666371	0.0334816	0.427292	0.135754	-0.00339641	0.000659757	-0.000126881	0
4107.525404965	3448.254021001	0.0406513	0.481684	0.183158	-0.0044955	0.000551823	9.86279e-05	0
4102.618196182	3453.196031896	0.045371	0.4635	0.170176	-0.004298	0.00069049	9.8628e-05	0
4094.849267481	3455.077704902	0.0424624	0.38106	0.172198	-0.00426672	0.000727574	-7.62758e-05	0
4104.008397561	3462.572965863	0.0375734	0.332451	0.177535	-0.00364759	0.000557984	-0.000158317	0
4103.246914695	3462.553757991	0.0466902	0.316536	0.147006	-0.00328423	0.000721288	-0.000275351	0
4100.239951059	3461.410365745	0.0499218	0.347453	0.153523	-0.00283989	0.000697364	9.86283e-05	0
4102.450087044	3462.324311227	0.0329376	0.401437	0.139354	-0.00299626	0.000536178	-6.29897e-05	0
4109.020433019	3466.3981263	0.0466431	0.442797	0.140448	-0.00370795	0.000828137	-0.000187346	0
4111.58103791	3464.90165844	0.0400658	0.491948	0.204513	-0.00450634	0.000936168	-0.000163209	0
4109.799064949	3464.147312914	0.0337325	0.504762	0.209606	-0.00450372	0.000795272	2.64298e-05	0
4104.394613812	3470.272179502	0.0432473	0.395644	0.168009	-0.00444053	0.000867889	9.86289e-05	0
4098.45177867	3468.195633902	0.0422091	0.358102	0.174123	-0.00364422	0.000752444	-0.000117695	0
4102.085528531	3464.880355163	0.0375806	0.35233	0.164455	-0.00357502	0.000735311	-0.000104795	0
4094.547105798	3468.968139598	0.0411466	0.35459	0.131015	-0.00370327	0.00103171	-0.000139698	0
4091.667834256	3466.989728763	0.039949	0.395162	0.131912	-0.0031559	0.00101669	-0.000130067	0
4094.082551333	3463.654892918	0.0458497	0.453759	0.147899	-0.00387413	0.000864503	-0.000277587	0
4090.588248324	3464.794094355	0.0543598	0.502533	0.215787	-0.00474303	0.00122873	9.86299e-05	0
4094.310319891	3460.31202469	0.0535052	0.487106	0.235657	-0.00565309	0.00105425	2.68367e-05	0
4079.325821735	3457.596380797	0.0491575	0.45297	0.214347	-0.0055938	0.00091843	9.863e-05	0
4072.78268883	3458.352472493	0.0522021	0.398268	0.218202	-0.005181	0.00122581	9.86301e-05	0
4077.519373114	3453.875990572	0.0463446	0.358253	0.202613	-0.0046397	0.00104949	9.86303e-05	0
4078.353719375	3447.157076882	0.0447996	0.385648	0.183225	-0.00464366	0.000938724	7.17046e-06	0
4076.827291626	3452.391396669	0.0490868	0.418003	0.192129	-0.00391057	0.000944066	9.86309e-05	0
4077.616792681	3446.981062926	0.0397516	0.462705	0.185721	-0.004125	0.000803029	-8.60848e-05	0
4073.608581327	3446.988746075	0.052585	0.481829	0.221005	-0.00523356	0.00106589	4.71535e-05	0
4084.543645965	3445.594254554	0.0549433	0.491119	0.250593	-0.00586003	0.000895312	9.86311e-05	0
4071.63370152	3438.170935806	0.0481047	0.463687	0.241623	-0.00591722	0.00135125	-0.000187751	0
4093.802691485	3449.384142353	0.0586702	0.371652	0.172231	-0.00541649	0.0013663	0.000163447	0
4097.072526929	3449.102310483	0.0370968	0.370172	0.115262	-0.00353601	0.00112725	0.000177604	0
4094.150181446	3453.125835855	0.0334384	0.300901	0.0515669	-0.00303781	0.000990767	0.00027421	0
4101.393849603	3453.163902365	0.0383398	0.431185	0.0439793	-0.00317222	0.00147554	0.000223105	0
4093.512365072	3451.916089141	0.0417252	0.407345	0.143351	-0.00458466	0.00104983	0.000113546	0
4097.032995518	3451.461037187	0.0556215	0.468724	0.19914	-0.00503985	0.00110946	-0.000157898	0
4079.493608825	3445.275403876	0.0549364	0.485876	0.248703	-0.00555769	0.00137945	-0.000176066	0
4073.191770501	3442.668721003	0.0482107	0.439196	0.221926	-0.00525909	0.000968227	2.878e-05	0
4072.768196663	3442.743457088	0.0488979	0.361967	0.199495	-0.00491562	0.0014491	-0.000229455	0
4078.456694273	3446.65208446	0.0493593	0.36984	0.192625	-0.00366753	0.00083547	-0.000369341	0
4077.126071803	3441.471895949	0.049595	0.403246	0.18429	-0.00376125	0.00134118	-0.000369341	0
4080.145595317	3448.309898447	0.0451484	0.445945	0.184782	-0.00418974	0.00141761	-0.000369341	0
4091.675724436	3446.555346631	0.0502681	0.510154	0.234214	-0.00480715	0.0013808	-0.000381122	0
4104.695809351	3454.34955193	0.0489743	0.504612	0.272346	-0.00584175	0.00126308	-0.000247406	0
4087.233553191	3450.095182858	0.0539216	0.473748	0.289774	-0.00540327	0.00125828	-0.000149195	0
4090.655234341	3456.597920677	0.0536317	0.418995	0.25999	-0.00458456	0.00128117	-0.000517726	0
4092.962145797	3462.795078712	0.0567004	0.359226	0.21253	-0.00443187	0.00142061	-0.000589243	0
4086.129894159	3452.921883175	0.0526901	0.374589	0.19705	-0.00361711	0.0012994	-0.000643453	0
4085.435075262	3445.629177958	0.0514646	0.403763	0.185307	-0.00403458	0.00150163	-0.000550888	0
4085.750038359	3459.648829248	0.0603876	0.486285	0.250121	-0.00518575	0.00178849	-0.000369342	0
4098.646134733	3451.369537869	0.0594088	0.488495	0.288984	-0.00613642	0.00145187	-0.000186732	0
4089.062062111	3453.381475172	0.0526327	0.471523	0.27238	-0.00653585	0.0019149	-0.000525988	0
4084.987186788	3461.315024852	0.0544991	0.415259	0.259912	-0.0050135	0.00159513	-0.00068395	0
4088.151068389	3460.748218005	0.0468262	0.405401	0.248414	-0.00460388	0.00140886	-0.000835541	0
4091.342726642	3461.486149531	0.0557782	0.391909	0.189765	-0.00384663	0.00177697	-0.000728275	0
4093.834332716	3459.673624865	0.0486864	0.38101	0.181084	-0.0036535	0.00140505	-0.000369342	0
4099.044588814	3453.319660747	0.0501416	0.492945	0.23472	-0.00525007	0.0015599	-0.000345258	0
4100.806111718	3453.289626619	0.0478452	0.484613	0.304192	-0.00623712	0.00200996	-0.000217211	0
4093.829824042	3450.776887703	0.0494018	0.482736	0.296852	-0.00576942	0.00140249	-0.000133434	0
4097.280086966	3451.955901821	0.040414	0.400778	0.246741	-0.0052152	0.0010558	-0.000369342	0
4093.921044182	3456.751583655	0.0547797	0.383785	0.222349	-0.00372924	0.0012883	-0.000512347	0
4095.849065983	3447.447290369	0.0464782	0.381968	0.200542	-0.00307537	0.00125424	-0.000574051	0
4093.310440878	3451.019954595	0.0564393	0.404904	0.179122	-0.00336968	0.00122578	-0.000696331	0
4092.64283505	3443.8372581	0.0584417	0.482671	0.236781	-0.0044846	0.00167392	-0.000535269	0
4099.091205285	3447.073609946	0.0552735	0.505944	0.287533	-0.00578339	0.00162645	-0.000369342	0
4094.687679819	3444.882864815	0.0641097	0.480232	0.307319	-0.00633637	0.00185553	-0.000475668	0
4090.379158559	3450.673863662	0.0597672	0.413392	0.273745	-0.00501585	0.00152846	-0.000459536	0
4091.383546246	3451.595841527	0.0667463	0.406218	0.266336	-0.00479586	0.00138449	-0.000525486	0
4097.838115909	3457.693118626	0.0671701	0.371282	0.219002	-0.00410563	0.00181567	-0.000782181	0
4112.516668316	3455.209016901	0.0686716	0.400783	0.176466	-0.0032631	0.00170591	-0.000675951	0
4109.824023681	3454.114168187	0.0693362	0.504783	0.194938	-0.00464609	0.00191963	-0.000910083	0
4105.577335667	3454.523470481	0.0602626	0.504148	0.266472	-0.00479706	0.0020124	-0.000586284	0
4102.431247227	3448.348314191	0.0619248	0.514411	0.300991	-0.00569416	0.00193909	-0.000108672	0
4091.773224515	3452.285927989	0.0492914	0.438682	0.265075	-0.0058014	0.0021166	-0.000333098	0
4095.441916601	3453.552250617	0.0654641	0.364634	0.259086	-0.00378196	0.00180232	-0.000178235	0
4094.171517136	3448.959473761	0.0418398	0.391813	0.231176	-0.0026123	0.00201913	-0.000369341	0
4093.041289131	3455.268037454	0.056997	0.409013	0.21662	-0.00312237	0.00193316	-0.000627405	0
4093.07953235	3443.544599975	0.0502822	0.465306	0.242642	-0.00338636	0.00199454	-0.000636733	0
4097.721453964	3453.661211637	0.0584409	0.519439	0.29389	-0.0050875	0.002456	-0.000574563	0
4091.145713683	3451.391190379	0.0699887	0.534249	0.320593	-0.00515601	0.00261902	-0.000369342	0
4083.821211438	3453.104881812	0.0525534	0.478811	0.313465	-0.005414	0.00243071	-0.000119341	0
4087.071562968	3459.533582015	0.0702631	0.412056	0.277846	-0.00465069	0.00225468	-0.000522243	0
4081.978612911	3453.248417002	0.0559179	0.380486	0.25751	-0.00294329	0.00192008	-0.00072524	0
4091.921608204	3456.698150847	0.0513906	0.386302	0.21501	-0.00288924	0.00209907	-0.000704978	0
4109.354316445	3461.9321214	0.0527943	0.405702	0.152467	-0.00247701	0.00241974	-0.00055465	0
4088.16258161	3454.014636486	0.0517353	0.524506	0.251866	-0.00406696	0.00248124	-0.000704977	0
4080.087304601	3450.671768257	0.0603526	0.515457	0.257935	-0.00534863	0.00272395	-0.000704977	0
4076.121281555	3442.39701692	0.0567978	0.500425	0.274077	-0.00464085	0.00288459	-0.000338274	0
4070.432622921	3448.027368109	0.0511266	0.425531	0.267453	-0.00460094	0.00260424	-0.000704977	0
4072.373607159	3448.196746618	0.0665506	0.365787	0.236827	-0.0043584	0.00248205	-0.000704976	0
4077.205215137	3449.151552483	0.0600655	0.37616	0.226676	-0.00321717	0.00227502	-0.000704976	0
4076.804265183	3447.61771658	0.0579727	0.398397	0.215496	-0.0036747	0.0024011	-0.000704976	0
4072.512329403	3445.093802175	0.0672688	0.453078	0.219697	-0.00305954	0.00237642	-0.000704976	0
4081.572349162	3437.500755684	0.0663287	0.533114	0.243586	-0.00381854	0.00249741	-0.000704976	0
4080.709501639	3445.66829217	0.0666832	0.511753	0.263105	-0.00506834	0.00265391	-0.000704976	0
4080.016695543	3445.768173106	0.0596301	0.495798	0.295423	-0.00588766	0.00262478	-0.000454976	0
4079.053852067	3443.049036873	0.0572221	0.431124	0.253433	-0.00527258	0.00264558	-0.000548916	0
4074.409354068	3448.264847256	0.0707423	0.390643	0.248079	-0.00487564	0.00276497	-0.000940346	0
4073.074947532	3449.134440015	0.0640317	0.377488	0.23592	-0.00373785	0.00236535	-0.000704977	0
4070.136016569	3444.414891202	0.0624571	0.412112	0.229143	-0.00380011	0.00258859	-0.000704976	0
4066.249136857	3444.390444819	0.0681469	0.437332	0.230198	-0.00304987	0.00250277	-0.000704976	0
4076.17989432	3451.457544847	0.0633211	0.510528	0.288435	-0.00501472	0.00289838	-0.000704977	0
4079.364145466	3451.930058503	0.0684463	0.484654	0.310323	-0.00591633	0.00260355	-0.000536128	0
4075.088875678	3445.098342218	0.0680999	0.503088	0.307898	-0.00584963	0.00218025	-0.00049924	0
4076.363783817	3444.687293753	0.0583348	0.445401	0.264125	-0.00578974	0.0020756	-0.000704977	0
4074.654593739	3447.742393132	0.0643618	0.403709	0.241133	-0.00467425	0.00189171	-0.000704977	0
4083.034447792	3447.310739859	0.0495748	0.393243	0.201144	-0.00332189	0.00213616	-0.000704977	0
4084.757969013	3452.120391054	0.0608735	0.440903	0.1795	-0.00442116	0.00203859	-0.000743448	0
4083.965730548	3444.544806265	0.0662811	0.474509	0.282145	-0.0049882	0.00273859	-0.000704977	0
4085.117374755	3452.568807561	0.0565798	0.48456	0.329004	-0.00624483	0.00245473	-0.000474795	0
4070.944679489	3442.757775683	0.0610278	0.452486	0.273324	-0.00578327	0.00289647	-0.000704977	0
4083.757606927	3456.249385106	0.0523526	0.405866	0.23252	-0.00433891	0.00246323	-0.000704977	0
4083.673471846	3448.489404743	0.053241	0.395087	0.222927	-0.00449671	0.00244891	-0.000704977	0
4077.714936857	3449.507072735	0.0595268	0.424687	0.201661	-0.00409134	0.0023238	-0.000704977	0
4084.603144362	3444.255291246	0.0571997	0.49215	0.246346	-0.00450102	0.00200003	-0.000704977	0
4102.713844484	3446.621351865	0.05959	0.498057	0.304792	-0.00572257	0.00231127	-0.000695192	0
4094.187378008	3443.495707209	0.068897	0.481067	0.34115	-0.00628579	0.00250469	-0.000270042	0
4086.69492765	3449.569585628	0.0525123	0.427033	0.279979	-0.00577094	0.00246612	-0.000401246	0
4096.08665701	3453.73315385	0.063432	0.383659	0.255491	-0.00493735	0.00207884	-0.000401246	0
4096.088669811	3451.474308081	0.052153	0.383309	0.227304	-0.00404378	0.00212609	-0.000878918	0
4102.969792256	3449.566442522	0.0548654	0.408418	0.191361	-0.0029594	0.00184969	-0.000879104	0
4107.048371133	3446.436607058	0.0632955	0.481331	0.2169	-0.00472874	0.00249456	-0.000867661	0
4107.783285026	3446.66675229	0.0690687	0.493712	0.27274	-0.00583357	0.00241693	-0.000401246	0
4105.587802232	3446.7376468	0.0619414	0.48376	0.319369	-0.00636464	0.00261821	-0.000401246	0
4099.62797905	3449.143869334	0.0564326	0.441904	0.268648	-0.00616297	0.00292927	-0.000401246	0
4099.490142439	3451.526693187	0.0587143	0.3912	0.248995	-0.00486117	0.00269535	-0.000611922	0
4108.943624533	3454.872355287	0.0490562	0.383196	0.226664	-0.00425699	0.00252539	-0.000401246	0
4101.797295431	3456.786507059	0.0605305	0.407678	0.204888	-0.0039612	0.00223952	-0.000401246	0
4106.445013912	3455.789094641	0.054685	0.46886	0.248708	-0.00443068	0.00264161	-0.000401246	0
4109.942134842	3452.309675904	0.0540573	0.505875	0.268951	-0.00549055	0.00300637	-0.000526547	0
4104.130453812	3453.866910487	0.0622674	0.474526	0.275048	-0.00589414	0.00320037	-0.000401246	0
4104.25911205	3457.111294716	0.0551135	0.425845	0.234507	-0.00411329	0.0026421	-0.000401246	0
4103.774510087	3455.445099112	0.0548362	0.405193	0.237914	-0.00448868	0.00247149	-0.000712996	0
4097.657205357	3461.321660299	0.0615302	0.392869	0.214873	-0.00424988	0.00281876	-0.000775524	0
4095.60060583	3454.519628907	0.0624134	0.412954	0.218162	-0.00324848	0.00212858	-0.000814084	0
4094.932838978	3448.76320423	0.0526777	0.476469	0.207234	-0.00369582	0.00250942	-0.000866128	0
4093.68997463	3448.95074291	0.0712241	0.51631	0.271919	-0.00519833	0.00289208	-0.000620531	0
4093.155455203	3454.960013031	0.0668319	0.514772	0.290677	-0.00562429	0.00269657	-0.000659009	0
4088.115321043	3451.900373609	0.0672894	0.505703	0.282308	-0.00554042	0.00286574	-0.000401244	0
4086.628988289	3462.152837313	0.0759888	0.445321	0.282882	-0.00577718	0.00295635	-0.000401245	0
4085.574522113	3459.288419719	0.0645098	0.396677	0.252618	-0.00422537	0.00264307	-0.000735753	0
4087.83602478	3454.897500138	0.0616893	0.415548	0.252547	-0.00416577	0.00251703	-0.000401244	0
4078.839931579	3453.59834951	0.0627816	0.424661	0.253549	-0.00406835	0.00289494	-0.000608336	0
4084.964643417	3452.510834711	0.0516486	0.463648	0.223389	-0.00308771	0.00260852	-0.000401244	0
4085.342727953	3452.667990028	0.0566524	0.503173	0.221741	-0.00407638	0.00292004	-0.000804152	0
4089.409552072	3452.806635942	0.0745427	0.516887	0.294765	-0.00499457	0.00299992	-0.000751071	0
4088.635267792	3452.105723225	0.0602891	0.513626	0.320992	-0.00581577	0.00320212	-0.000710693	0
4070.770048877	3452.857274878	0.0678906	0.46293	0.31965	-0.00594915	0.00348686	-0.000401245	0
4071.088715527	3443.885452398	0.066172	0.385588	0.283805	-0.00511387	0.00280392	-0.000597125	0
4074.787680139	3446.748822289	0.0560541	0.36343	0.263442	-0.00478317	0.00295336	-0.000659595	0
4072.376908153	3447.347060199	0.0628942	0.378194	0.259507	-0.00473254	0.00310166	-0.00075424	0
4067.913803778	3444.265768267	0.0514697	0.426698	0.250694	-0.00406339	0.0027874	-0.000779486	0
4073.135331561	3442.239163135	0.0578407	0.48982	0.235746	-0.00435898	0.00304519	-0.000577628	0
4073.843032385	3444.027939886	0.0580775	0.523741	0.283443	-0.00488406	0.00317306	-0.000656561	0
4079.335000108	3440.826511444	0.0604174	0.5334	0.300941	-0.0055615	0.00300751	-0.000642017	0
4078.95208485	3444.483341074	0.0564095	0.48044	0.272099	-0.00531865	0.00266565	-0.000630449	0
4107.225417107	3454.743487926	0.0487599	0.406544	0.186123	-0.00386472	0.00245397	-0.000401245	0
4089.83473615	3453.427923299	0.0575456	0.412006	0.210235	-0.00439026	0.0026311	-0.000678478	0
4076.917223574	3449.535360692	0.0650174	0.402692	0.205584	-0.00410053	0.0027527	-0.000683331	0
4080.750079707	3443.050084575	0.0504703	0.43485	0.236277	-0.00387939	0.00297021	-0.000452371	0
4084.724959077	3441.93707569	0.0630657	0.485455	0.255315	-0.00498634	0.00313015	-0.000513033	0
4093.933845597	3448.213859086	0.0688159	0.506055	0.30293	-0.00539674	0.00340299	-0.000401245	0
4086.331657329	3441.129995824	0.0731078	0.510419	0.340978	-0.00605222	0.00323034	-0.000401245	0
4084.180456157	3438.475467889	0.0618911	0.440492	0.301203	-0.00615774	0.00370588	-0.000401245	0
4088.137381342	3444.80114405	0.0515404	0.419916	0.279161	-0.00547982	0.00317403	-0.000844063	0
4088.930183391	3453.561330702	0.0600496	0.422504	0.270783	-0.00524263	0.00334171	-0.000807653	0
4089.347235753	3448.094421044	0.061744	0.435402	0.245832	-0.00375524	0.00309793	-0.000746846	0
4091.671698834	3445.50834298	0.050915	0.481182	0.249633	-0.00466705	0.00276878	-0.000401245	0
4090.765455322	3451.260227614	0.0628345	0.486224	0.280762	-0.0056449	0.00310067	-0.000658604	0
4097.527339438	3447.335535476	0.0613289	0.50727	0.303168	-0.00585961	0.00326672	-0.000609848	0
4091.299652702	3445.534535533	0.0652931	0.498287	0.275408	-0.00626872	0.00319582	-0.000642846	0
4088.077802433	3447.903739259	0.0607077	0.440187	0.244812	-0.00456077	0.00295336	-0.000646337	0
4090.336728714	3453.533042745	0.0579891	0.400502	0.232363	-0.00459635	0.00272625	-0.000687018	0
4090.788320741	3457.042146376	0.0700672	0.399393	0.196974	-0.00453801	0.00341579	-0.000401244	0
4090.150262831	3446.77571331	0.0555712	0.480638	0.248626	-0.00506514	0.00308253	-0.000401244	0
4097.978609417	3450.39098409	0.061267	0.490394	0.279038	-0.00615167	0.0034804	-0.000401244	0
4089.195309536	3449.021288186	0.0632361	0.505734	0.30656	-0.00639517	0.00369825	-0.000452404	0
4085.368813854	3444.098135928	0.0527793	0.464093	0.28236	-0.00590633	0.00334278	-0.000401245	0
4090.154529969	3449.888436306	0.0673029	0.412186	0.236995	-0.00537271	0.00336836	-0.000401244	0
4089.55439323	3453.799159083	0.050719	0.394008	0.215246	-0.00422309	0.00280553	-0.000536405	0
4094.601612449	3443.594191209	0.0535685	0.429691	0.218738	-0.00494085	0.00298105	-0.000493533	0
4085.033320187	3445.026400005	0.0620068	0.504772	0.24591	-0.0049153	0.00362149	-0.000640128	0
4106.329076576	3444.582872775	0.0614793	0.506055	0.313715	-0.0062504	0.00340593	-0.000745066	0
4096.080377071	3448.013747981	0.0700593	0.485193	0.316802	-0.00667166	0.00346223	-0.000515622	0
4094.935173827	3454.715199969	0.0554419	0.457246	0.274459	-0.00588369	0.00318412	-0.000401244	0
4101.546661453	3443.310962402	0.0536213	0.402867	0.221619	-0.00561229	0.00296377	-0.000767579	0
4088.008079007	3443.621431464	0.0568883	0.421755	0.219646	-0.00499027	0.0033434	-0.000533781	0
4092.481247387	3454.295420654	0.0508004	0.452024	0.2081	-0.00456023	0.00294823	-0.000401244	0
4095.583376254	3450.382253239	0.0607797	0.482501	0.18435	-0.00468457	0.0031287	-0.000401244	0
4102.999179151	3446.50505693	0.0541805	0.502903	0.254315	-0.00585773	0.00365158	-0.000539313	0
4102.484063125	3444.291262352	0.0651946	0.49139	0.284419	-0.00647154	0.00391849	-0.000401244	0
4093.845845938	3444.307327118	0.0616631	0.461215	0.298419	-0.00685432	0.00381125	-0.000401244	0
4087.499806504	3445.889357318	0.048783	0.447148	0.26784	-0.00599828	0.00357124	-0.000497689	0
4095.48845256	3447.149393733	0.0565627	0.443595	0.244211	-0.00595547	0.00366619	-0.000401243	0
4089.377588792	3444.541663158	0.0572553	0.422632	0.249214	-0.00504411	0.00359909	-0.000578876	0
4090.11073142	3440.479372808	0.0509958	0.468978	0.248396	-0.00529959	0.00364557	-0.000544031	0
4094.413536326	3446.980713692	0.0702181	0.474948	0.219749	-0.00523033	0.00346726	-0.000527511	0
4106.5933976	3450.105310645	0.0606725	0.510816	0.294094	-0.00594891	0.00379564	-0.000850822	0
4097.815894586	3443.953553035	0.0677374	0.529748	0.305182	-0.00675431	0.00415921	-0.00059362	0
4091.792627917	3442.883849172	0.0673566	0.486612	0.317336	-0.00656952	0.00405435	-0.000594167	0
4087.695048199	3450.842543703	0.0654802	0.432149	0.289705	-0.00623067	0.00342369	-0.000401244	0
4096.987103655	3454.044670613	0.0582542	0.432494	0.262289	-0.00593802	0.00340704	-0.00047493	0
4089.671940807	3459.130915167	0.0511303	0.405217	0.264769	-0.00520104	0.00327266	-0.000633507	0
4089.841901722	3452.506294668	0.0603491	0.444256	0.27146	-0.00572214	0.00326491	-0.000401244	0
4086.090604284	3458.025240198	0.0625811	0.467928	0.236448	-0.00486378	0.00344941	-0.000401244	0
4087.941817599	3453.917549423	0.0467543	0.510758	0.275927	-0.00555667	0.00352394	-0.000513324	0
4089.252070523	3453.001159302	0.060515	0.517807	0.313185	-0.006421	0.00418309	-0.000512367	0
4090.686070452	3453.461799001	0.0614101	0.50832	0.338517	-0.00675467	0.00400203	-0.000401244	0
4085.577501059	3455.278514475	0.054564	0.461047	0.306563	-0.00670964	0.00379202	-0.000609205	0
4077.245149109	3450.564204173	0.0643296	0.412826	0.305056	-0.0067503	0.00411655	-0.000724925	0
4079.334678059	3462.898102754	0.0526948	0.41903	0.287727	-0.0062508	0.00369999	-0.00073575	0
4077.394820989	3457.774140923	0.0517409	0.433239	0.248362	-0.00630194	0.00397187	-0.00077077	0
4072.6808411	3449.572728734	0.055929	0.436305	0.253093	-0.0057018	0.00361558	-0.000401244	0
4079.914445253	3450.12731239	0.0556707	0.478796	0.271107	-0.00619197	0.0042378	-0.000845946	0
4075.443289674	3449.856306775	0.0691689	0.506133	0.331234	-0.00694091	0.00461817	-0.00102324	0
4075.33572559	3444.958648602	0.0564285	0.524808	0.322129	-0.00724211	0.00416294	-0.000401243	0
4110.314664047	3463.195650156	0.0553529	0.420328	0.154688	-0.00664722	0.0046028	-0.000154378	0
4089.868068134	3453.074498451	0.0583668	0.470574	0.212566	-0.00577983	0.00364376	-0.000255144	0
4075.007880566	3450.553727152	0.0481472	0.406401	0.196026	-0.00643525	0.00341427	-6.58162e-05	0
4077.710830743	3450.775490767	0.0583851	0.435895	0.195537	-0.00617207	0.00359893	-9.96551e-05	0
4093.576533167	3440.985063698	0.0522338	0.484788	0.265973	-0.00676525	0.00419181	-0.000359966	0
4082.249777459	3439.931075366	0.0677679	0.503711	0.296211	-0.00752606	0.0038867	-8.9401e-05	0
4079.801245326	3432.584588107	0.0600668	0.470835	0.300309	-0.00763879	0.0042066	-0.000173169	0
4080.983323084	3442.580364791	0.0642192	0.42936	0.281731	-0.0069044	0.00397528	-0.000457265	0
4092.946526461	3434.815495152	0.0646318	0.417809	0.261274	-0.00674506	0.00416092	-0.000457265	0
4089.030179343	3437.155712452	0.0608112	0.444882	0.231245	-0.00501797	0.0036661	-0.000457265	0
4090.866497931	3441.614383437	0.0574954	0.479416	0.238741	-0.00566732	0.00357809	-0.000457265	0
4089.196758752	3447.3306462	0.0680514	0.464414	0.243957	-0.00615719	0.00377236	-0.000457265	0
4106.764968755	3442.137536029	0.0570862	0.520623	0.302545	-0.00670219	0.00398611	-0.000457265	0
4103.14208802	3439.133424819	0.0586311	0.543865	0.315348	-0.00802103	0.00470807	-0.0005276	0
4096.576009184	3444.464482436	0.0685319	0.485214	0.322594	-0.00734245	0.00444777	-0.000457265	0
4095.175985336	3444.060418652	0.0685463	0.446253	0.267187	-0.00653287	0.00418589	-0.000457266	0
4089.360761776	3456.585348252	0.0633816	0.387052	0.246694	-0.00688085	0.00401701	-0.00036754	0
4086.351865851	3459.386903719	0.0488143	0.429784	0.239721	-0.00608658	0.00394958	-0.000457266	0
4087.84512264	3449.570284096	0.0599708	0.456617	0.219556	-0.00648781	0.00407779	-0.000457266	0
4090.201307464	3448.265545724	0.0655123	0.504304	0.281555	-0.00636211	0.00446378	-0.000457266	0
4091.080901491	3447.835638621	0.054105	0.546004	0.328571	-0.00726413	0.00434509	-0.000457265	0
4084.556366867	3447.428431731	0.0572601	0.488136	0.300421	-0.00786121	0.00472978	-0.000457265	0
4087.404158202	3452.674625475	0.0548873	0.455984	0.277995	-0.00675602	0.00412135	-0.000457265	0
4091.489017017	3446.361521739	0.0463023	0.425358	0.233372	-0.00685707	0.00395991	-0.000457265	0
4093.433382762	3454.207064441	0.0503065	0.442092	0.223715	-0.00596121	0.0042483	-0.000457265	0
4087.512607919	3453.097198663	0.0478339	0.455509	0.217775	-0.00584921	0.00382769	-0.000313649	0
4094.06033001	3454.969791584	0.0594239	0.477409	0.212395	-0.0066692	0.00405175	-0.000253083	0
4102.313941186	3457.284864033	0.0564994	0.502377	0.283691	-0.0067731	0.00441417	-0.000155695	0
4095.216241355	3449.752584265	0.0506645	0.518188	0.325317	-0.00834503	0.0045703	-0.000457265	0
4084.373926586	3449.797635456	0.0568561	0.439758	0.302255	-0.00895449	0.00501607	-0.000457265	0
4087.535634362	3457.330962927	0.0534359	0.406027	0.266278	-0.00813479	0.00452988	-0.000347181	0
4084.623513908	3447.867069685	0.0566988	0.404264	0.25778	-0.00766973	0.0046866	-0.000457265	0
4082.911022836	3448.561696189	0.0605166	0.426495	0.252101	-0.00772725	0.00458361	-0.000224475	0
4086.261048271	3449.760965882	0.0530552	0.476936	0.265387	-0.00774853	0.00480957	8.01141e-05	0
4093.874025152	3445.659561319	0.0597998	0.527651	0.289924	-0.00831855	0.00499577	-0.000314873	0
4097.948578426	3446.562331312	0.0645027	0.535032	0.311061	-0.00876009	0.0048824	-0.000457265	0
4095.576452218	3446.253259187	0.0560015	0.4927	0.293104	-0.00895514	0.00491906	-0.000457266	0
4096.583416291	3457.890435858	0.0604705	0.416778	0.252519	-0.00834968	0.00518729	-0.000209661	0
4091.635146368	3450.637194088	0.0495228	0.410708	0.249514	-0.00766755	0.00438925	-0.000255311	0
4093.038390698	3450.606461492	0.0453415	0.413943	0.232739	-0.0076199	0.00499742	-0.000365224	0
4092.600807765	3445.401477364	0.060566	0.461669	0.224887	-0.00693945	0.00474925	-9.67278e-05	0
4099.863476764	3445.666546	0.0485612	0.530069	0.286435	-0.00765983	0.00482761	-0.000301093	0
4095.289024239	3445.914851403	0.0569549	0.505128	0.305365	-0.00847194	0.00536649	-0.000457265	0
4091.006266831	3444.401620308	0.0576163	0.501934	0.284673	-0.0086238	0.00519298	-0.000331487	0
4089.81855323	3445.978761232	0.0589683	0.45479	0.277623	-0.00823689	0.00490395	-0.000457265	0
4089.121560508	3451.395381188	0.0657676	0.404595	0.261759	-0.00767399	0.00494627	-0.000457265	0
4087.649800433	3444.202207672	0.0495531	0.436801	0.219602	-0.00655989	0.00428472	-0.000457266	0
4088.767388048	3452.197921011	0.0487983	0.440078	0.238735	-0.00733277	0.00482563	-0.000457265	0
4083.943589737	3449.331757247	0.0577984	0.471787	0.222562	-0.0069553	0.00444587	-0.000241923	0
4088.726326908	3455.682229025	0.0531363	0.518493	0.251989	-0.00717569	0.00477717	-0.000249933	0
4093.53716278	3447.358934157	0.0600889	0.536972	0.278186	-0.00822789	0.0052244	-0.000457265	0
4093.701970924	3451.700262504	0.0593799	0.529287	0.301271	-0.00829773	0.00500203	-0.000457265	0
4085.037748349	3458.581919257	0.0538449	0.460833	0.287963	-0.00848933	0.00459001	-0.000457265	0
4082.5657067	3459.361409634	0.0574777	0.385684	0.264733	-0.00834451	0.00495215	-0.000457265	0
4082.869237088	3456.032860001	0.0458809	0.39725	0.256972	-0.0074092	0.00457696	-0.000370837	0
4083.366157393	3455.343821241	0.0484354	0.399834	0.22367	-0.00765721	0.00483397	-0.000457265	0
4081.054173678	3457.249242161	0.0456619	0.45258	0.211924	-0.00658184	0.0047361	-0.000303108	0
4082.364909675	3451.176062211	0.0511499	0.50564	0.242621	-0.00753302	0.00503079	-0.000457265	0
4077.117054455	3455.778966854	0.060085	0.535456	0.281413	-0.00827009	0.00556596	-0.000457266	0
4077.864608738	3448.964013803	0.0584586	0.553528	0.302761	-0.00889075	0.00527634	-0.000457266	0
4078.485276047	3452.378824244	0.0625277	0.46942	0.264754	-0.00833966	0.00547406	-0.000457265	0
4094.816257545	3470.864829668	0.0520926	0.420734	0.193711	-0.00718054	0.00480897	-0.000226993	0
4109.535710069	3467.689943013	0.0506542	0.420417	0.0893708	-0.00664836	0.00448026	0.000737661	0
4080.174821187	3455.914469662	0.0618056	0.395192	0.167342	-0.00720161	0.00471969	0.000159697	0
4088.418368358	3452.458100371	0.0621469	0.498785	0.246189	-0.00812301	0.00504625	-0.000185755	0
4076.777857234	3442.419367899	0.0690457	0.487309	0.257855	-0.00882393	0.00536293	-0.000112103	0
4072.061381472	3444.85562456	0.0713263	0.492046	0.287728	-0.00933969	0.00567755	2.39769e-05	0
4076.134082969	3446.156870592	0.062904	0.446655	0.266642	-0.00921547	0.00539243	-0.00026014	0
4079.26165364	3441.616478842	0.0739782	0.405806	0.231242	-0.00804153	0.0053735	-0.000426415	0
4083.896168146	3449.057608526	0.0600746	0.424727	0.232591	-0.00745451	0.00488341	-0.000224284	0
4086.241242309	3442.876864491	0.0612802	0.441856	0.221791	-0.00783089	0.0050575	2.39767e-05	0
4083.560835504	3444.237829544	0.0672659	0.494667	0.207939	-0.0070545	0.00490343	2.39767e-05	0
4091.383465734	3441.767347947	0.0619304	0.557158	0.270775	-0.00803343	0.00517191	-0.000383945	0
4092.158072062	3442.90445398	0.0708413	0.54724	0.277155	-0.00864715	0.00580631	-0.00058316	0
4086.602258293	3445.911009828	0.0591709	0.4913	0.274825	-0.00871645	0.00535121	-0.000334173	0
4086.273608149	3448.321772404	0.049376	0.431224	0.245732	-0.00826254	0.00498491	-0.000440034	0
4082.427306505	3447.983015386	0.056823	0.375604	0.23414	-0.00792721	0.00516415	-0.000514203	0
4090.259356644	3453.886118359	0.0580167	0.41683	0.23824	-0.007351	0.00479187	-0.000358613	0
4082.637845487	3446.48864293	0.052709	0.438997	0.206004	-0.00753573	0.00478903	-0.000513291	0
4081.07357708	3441.367824205	0.0521992	0.505072	0.257707	-0.00749402	0.00469413	-0.000513291	0
4084.325941411	3442.55347377	0.0608042	0.52194	0.262088	-0.00874041	0.00542506	-0.00063696	0
4080.983725644	3450.970014127	0.0585613	0.518391	0.260366	-0.0087841	0.00512671	-0.000513291	0
4081.076636537	3457.106056205	0.0511697	0.469468	0.233795	-0.00842703	0.00476735	-0.000513291	0
4075.717996751	3455.148948647	0.0574595	0.410464	0.197443	-0.00783471	0.00540466	-0.000513291	0
4069.061824943	3453.053195174	0.0470247	0.44254	0.194404	-0.00700618	0.0047096	-0.000391313	0
4074.697345632	3454.571664779	0.0522149	0.449214	0.204725	-0.00770037	0.0049707	-0.000224019	0
4073.962190203	3456.988713568	0.0569566	0.505383	0.266623	-0.00825706	0.00555331	-0.000191229	0
4084.627861558	3446.111819401	0.0596585	0.538845	0.289304	-0.00907455	0.00536288	-0.000513292	0
4078.40878961	3450.029526858	0.0583964	0.465909	0.27094	-0.00893287	0.00536557	-0.000385111	0
4072.888240113	3448.750981039	0.0493884	0.427245	0.233949	-0.00810788	0.00501184	-0.00016931	0
4079.101434682	3446.782348757	0.0411642	0.40653	0.231838	-0.00814851	0.0046933	-0.000513291	0
4077.751086762	3450.268053708	0.0573496	0.410171	0.219826	-0.00817661	0.00520642	8.3936e-06	0
4075.808331259	3446.951727266	0.0508104	0.483119	0.227661	-0.00823349	0.00487279	-6.45887e-05	0
4085.082593555	3439.726773453	0.0594659	0.529169	0.262845	-0.00950084	0.00586179	-0.000354915	0
4088.355085896	3444.39393716	0.0586455	0.552534	0.293195	-0.0102466	0.005409	-0.000353746	0
4085.663407405	3442.02089186	0.0613039	0.460841	0.260058	-0.00936204	0.00512422	8.37542e-05	0
4089.150544842	3442.424955644	0.0587254	0.409933	0.208963	-0.00908996	0.00524763	-0.000248329	0
4091.30391984	3442.341139474	0.0540105	0.405803	0.203519	-0.00807597	0.00498973	0.000314638	0
4093.564778409	3443.334361083	0.0465235	0.424552	0.208508	-0.00771826	0.00487743	8.79316e-06	0
4088.773587475	3446.604588631	0.0564991	0.443446	0.186631	-0.00724882	0.00489266	0.000168158	0
4102.427221625	3444.815462645	0.0473645	0.507555	0.24745	-0.00836749	0.00518213	-0.000137338	0
4098.980018159	3444.473911755	0.0654332	0.534745	0.258096	-0.0094343	0.00575009	-0.000257637	0
4093.46212556	3445.000207452	0.0661424	0.496078	0.264134	-0.00908976	0.00570995	-0.000281724	0
4090.037062904	3446.669546162	0.0528925	0.426733	0.255013	-0.00885559	0.00528248	-0.00020092	0
4095.138869286	3457.899166709	0.0498911	0.413048	0.206506	-0.0082231	0.00516198	-0.000184229	0
4093.01914832	3447.816081515	0.0442394	0.428924	0.206573	-0.00727462	0.00475128	-0.000162717	0
4095.441514041	3452.670783901	0.0447571	0.436694	0.211616	-0.00759048	0.00497933	-0.000305135	0
4090.132791719	3451.180951487	0.059136	0.466961	0.203645	-0.00720714	0.00505613	8.37542e-05	0
4091.895119743	3444.274499118	0.0536295	0.530967	0.25311	-0.00784609	0.00505764	-0.000182835	0
4092.490184224	3449.74874269	0.0632064	0.547373	0.26321	-0.00891253	0.00543578	-0.000562551	0
4090.182628671	3447.79058743	0.0604859	0.517689	0.285815	-0.00908776	0.00531133	-0.000335374	0
4085.853093769	3455.136376221	0.0485758	0.443026	0.266613	-0.00891092	0.00532646	-0.000298563	0
4084.103889207	3459.834970991	0.0535824	0.373159	0.234507	-0.00865501	0.00549481	-0.000358866	0
4081.962268967	3454.932772776	0.0490476	0.402193	0.229908	-0.00776267	0.0049368	-0.000250373	0
4080.224577628	3456.420859019	0.0615904	0.419555	0.223266	-0.00789965	0.00529078	-0.000246085	0
4075.525895026	3452.362759478	0.060426	0.455943	0.225273	-0.0076371	0.00524783	-7.5428e-05	0
4087.76694545	3449.553870096	0.0537131	0.521725	0.268583	-0.0081034	0.00527041	-0.000457301	0
4087.908163567	3451.301786465	0.0633088	0.554301	0.293127	-0.0091731	0.00568832	-0.000651395	0
4084.904903484	3455.442654474	0.0686869	0.524816	0.346032	-0.0091768	0.00568951	-0.000334343	0
4082.37143115	3451.308771146	0.0643215	0.458223	0.326653	-0.00877094	0.00523258	-0.000595865	0
4076.76191585	3451.602127739	0.06546	0.381004	0.295074	-0.00865868	0.00537283	-0.000497765	0
4084.117495742	3455.428685112	0.0555737	0.389746	0.287059	-0.00797415	0.00482933	-0.000459402	0
4079.718559462	3451.812017397	0.060625	0.410573	0.259205	-0.00763462	0.00478966	-0.000492668	0
4103.0757461	3453.678324105	0.0672934	0.423472	0.197115	-0.00685962	0.00532677	-0.000100583	0
4107.468321929	3455.379792347	0.056276	0.545555	0.227511	-0.0073733	0.00523499	-0.000213774	0
4086.978330027	3446.143948933	0.0643526	0.513402	0.260239	-0.00818476	0.00569511	-0.000373638	0
4082.811912516	3444.608017626	0.0631596	0.570408	0.271875	-0.00912621	0.00577189	-0.000373638	0
4080.68188601	3446.140456592	0.0612102	0.47473	0.258668	-0.0090075	0.00534731	-0.000373638	0
4083.924830432	3460.578490262	0.0576995	0.408698	0.219428	-0.00848991	0.00507033	-0.000692437	0
4081.462289205	3454.992491797	0.0586898	0.396802	0.236666	-0.00760807	0.00482191	-0.000434744	0
4085.174055231	3450.360251494	0.0526764	0.412341	0.235769	-0.00736387	0.00495877	-0.000373639	0
4080.51844657	3447.498627773	0.0621883	0.424026	0.220455	-0.00765986	0.00536883	-0.000151705	0
4091.669363985	3445.444433151	0.0592306	0.504099	0.264237	-0.0079282	0.00554387	-0.000373639	0
4092.74589046	3437.086214879	0.0617995	0.562297	0.280082	-0.00904662	0.00577723	-0.000373639	0
4080.655639085	3436.319296927	0.0672138	0.548887	0.292007	-0.00909747	0.0060367	-0.000554205	0
4085.445461315	3454.284245164	0.0595658	0.478884	0.241822	-0.00799222	0.00526967	-0.000440628	0
4081.031871844	3449.328264907	0.0559604	0.441178	0.216859	-0.00815563	0.00513761	-0.000373639	0
4085.46937339	3453.686356488	0.05267	0.437077	0.226808	-0.00719151	0.00486618	8.78298e-06	0
4077.359556716	3444.352378309	0.0461318	0.462597	0.223772	-0.00768975	0.00487325	-0.000217978	0
4082.634866542	3450.937535362	0.0612594	0.471901	0.263221	-0.00821054	0.00556423	-0.000156209	0
4083.594731072	3449.740011839	0.0542193	0.528845	0.277558	-0.00919519	0.00522791	-0.000278666	0
4083.219061898	3439.833639069	0.0578326	0.498591	0.256347	-0.00928803	0.00559242	-0.000439025	0
4072.922618754	3447.360680327	0.0614878	0.436556	0.246414	-0.00868374	0.00524056	-0.000217775	0
4076.462491577	3452.125629565	0.0378986	0.438251	0.224241	-0.00809244	0.00487424	-0.000202805	0
4077.463417247	3453.737693892	0.0554094	0.450324	0.192009	-0.00737106	0.00499154	-0.000373639	0
4087.835300171	3450.405651919	0.057777	0.46687	0.17899	-0.00685677	0.00503186	-0.000147576	0
4092.081666137	3441.494246928	0.0535528	0.542071	0.259435	-0.00839753	0.00542966	-9.09988e-05	0
4082.031187273	3445.901929743	0.06587	0.519012	0.261638	-0.00870472	0.005728	-0.000373639	0
4081.808974045	3448.705929848	0.057318	0.492697	0.257081	-0.00884286	0.00544764	-0.000312348	0
4083.204006146	3456.908738973	0.0543448	0.426098	0.255698	-0.0089395	0.00495813	-0.000138699	0
4089.51727718	3462.114072335	0.0573595	0.374347	0.226555	-0.00846812	0.00516419	-0.000193305	0
4090.797177066	3457.325025948	0.0443236	0.396565	0.214906	-0.00759021	0.00467843	-0.000148408	0
4093.331212984	3454.528359758	0.0520274	0.445781	0.208757	-0.00787871	0.00475441	-0.000111879	0
4097.908644455	3450.283769239	0.0645519	0.497713	0.263414	-0.0083555	0.0050727	-0.000373639	0
4096.068622313	3444.357267585	0.0552326	0.5477	0.276928	-0.00954131	0.00542502	-0.000319413	0
4090.92921681	3450.914835149	0.0549945	0.521758	0.253006	-0.00972929	0.00544324	-0.000638693	0
4085.505442784	3459.054432913	0.059723	0.447407	0.243817	-0.00894587	0.00539484	-0.000193689	0
4083.342245317	3458.375521939	0.0459398	0.437856	0.233988	-0.00855331	0.00489007	-0.000303094	0
4079.075268269	3447.446941135	0.059291	0.421436	0.208094	-0.00835994	0.00539556	-3.2608e-05	0
4078.51933264	3453.430367937	0.0519629	0.446315	0.204446	-0.00808572	0.00507661	0.000182855	0
4085.573072897	3451.224954976	0.0582086	0.493964	0.224852	-0.00862487	0.00531677	-4.72019e-05	0
4083.462852352	3444.114200694	0.0588553	0.529157	0.284619	-0.00940516	0.00591963	1.73894e-05	0
4080.494373471	3439.072658096	0.0571274	0.524547	0.292191	-0.00946529	0.00575591	-0.00012364	0
4077.760989743	3443.381507678	0.0576161	0.450113	0.258705	-0.00960038	0.00560634	4.38511e-05	0
4077.662523519	3441.738710756	0.0550151	0.4243	0.26665	-0.00905599	0.00562583	-0.000373639	0
4080.420382907	3440.609986339	0.0350184	0.441135	0.260804	-0.00828368	0.00529028	-4.60556e-05	0
4079.506973823	3448.218399128	0.0559493	0.42859	0.222779	-0.00814925	0.00545625	1.48086e-05	0
4081.348847742	3440.197890172	0.0518612	0.456708	0.235578	-0.00809508	0.00517181	-3.87305e-05	0
4085.887230873	3437.136155346	0.046606	0.465792	0.227385	-0.008293	0.00541008	-2.21695e-05	0
4086.922213136	3447.345314029	0.049297	0.487316	0.22012	-0.00785807	0.00528775	-0.000167642	0
4091.37066432	3444.606271456	0.0479033	0.537686	0.275616	-0.00892376	0.00555495	5.39878e-05	0
4086.059848685	3442.962077597	0.0524632	0.523707	0.290709	-0.0094915	0.00605297	-0.000261175	0
4087.335400921	3449.909390349	0.0560459	0.499106	0.286621	-0.00959733	0.00562071	-0.00037364	0
4082.971406865	3442.495151686	0.0527944	0.426119	0.282553	-0.00975422	0.00554394	-0.000266246	0
4076.153083811	3458.017557049	0.0581032	0.380247	0.283125	-0.00944877	0.00565218	-0.00037364	0
4083.920643806	3444.490325755	0.0675226	0.41551	0.27531	-0.00878683	0.0054498	-0.00037364	0
4073.068184521	3447.819573855	0.0629027	0.426182	0.248701	-0.00870422	0.00594442	-0.000373641	0
4080.176270404	3455.495388814	0.0529554	0.462453	0.244323	-0.00830912	0.00530958	-0.000120077	0
4077.741183782	3444.450513074	0.0642631	0.508241	0.22788	-0.00840578	0.00587874	-0.000297666	0
4080.866258579	3449.845480519	0.0731294	0.581394	0.265073	-0.00877469	0.00594778	-0.000449684	0
4088.10533755	3444.011525886	0.0515789	0.587259	0.247502	-0.00930694	0.00572447	-0.00038148	0
4102.03335673	3458.461433513	0.0624516	0.455737	0.180525	-0.00882984	0.00534187	0.000215886	0
4090.184319424	3456.928296079	0.0463486	0.416244	0.174587	-0.00872689	0.00505167	-0.000147157	0
4084.721738595	3448.684975806	0.051078	0.366557	0.199592	-0.00876436	0.00576239	-0.000124479	0
4073.560757176	3460.484895539	0.0609453	0.394349	0.212229	-0.00816463	0.00536021	-0.000124479	0
4078.805472426	3444.293008522	0.0496236	0.450479	0.255349	-0.00865443	0.00550788	1.03409e-06	0
4090.50991011	3449.229431673	0.069228	0.482456	0.283953	-0.00976094	0.00618419	-0.000124479	0
4083.048376375	3436.773301179	0.0550749	0.532975	0.301174	-0.0101897	0.00603942	-0.000124479	0
4082.287698629	3439.847259197	0.0678291	0.483319	0.279219	-0.00997112	0.00601155	-0.000124479	0
4076.681081763	3449.052370015	0.0717118	0.463299	0.249961	-0.00916195	0.00576012	-0.00012448	0
4087.177275276	3447.378491263	0.0571012	0.459941	0.246225	-0.00850171	0.00541462	-0.000124479	0
4091.397072269	3441.895866073	0.0593793	0.466435	0.209367	-0.00803011	0.00551486	-0.000124479	0
4094.117896118	3447.695246537	0.0631886	0.467724	0.219438	-0.00797561	0.00537535	-0.000124479	0
4096.103967098	3440.403239788	0.043674	0.482202	0.220636	-0.00818568	0.0054654	-0.000124479	0
4093.415187041	3441.417764673	0.0701953	0.527671	0.271115	-0.00897777	0.00626032	-0.000124479	0
4096.59798897	3438.012034318	0.0582515	0.554108	0.288186	-0.00947559	0.00585523	-0.000405739	0
4087.033802822	3443.745060314	0.0709533	0.43827	0.270624	-0.00939394	0.00604176	-0.000124479	0
4081.154411167	3453.343757895	0.051854	0.4084	0.270165	-0.00902889	0.00578671	-0.000124479	0
4081.898825481	3443.633654655	0.0533572	0.395955	0.245668	-0.00882124	0.00588977	-0.000124479	0
4075.466155093	3445.260037578	0.0586387	0.42532	0.2408	-0.00810229	0.00564093	-0.000124479	0
4076.572551534	3441.596921735	0.0562525	0.48187	0.236234	-0.00821368	0.00521988	-0.000124479	0
4073.523238565	3449.47634014	0.0482439	0.473687	0.232902	-0.00803219	0.00552353	-0.000124479	0
4072.811592652	3443.406303295	0.0584562	0.552348	0.268122	-0.0088488	0.00567257	-0.00012448	0
4072.057194846	3449.350266651	0.061915	0.584247	0.283242	-0.00978137	0.00618901	-0.000648401	0
4077.260687932	3445.717184936	0.0580723	0.542532	0.272172	-0.00933791	0.00578211	-0.000375403	0
4076.549766627	3449.299278481	0.0484622	0.439645	0.230545	-0.00937351	0.00586057	-0.00012448	0
4068.849836744	3443.922121972	0.0545841	0.406906	0.240568	-0.00919384	0.00583712	-0.00012448	0
4069.185491435	3451.560568889	0.0423307	0.4182	0.221394	-0.00802351	0.00543713	-0.00012448	0
4064.257188498	3445.823352084	0.0503651	0.421214	0.20656	-0.00819192	0.00556906	-0.00012448	0
4068.243259042	3443.865895292	0.0566255	0.467342	0.251735	-0.00854406	0.00554817	-0.00012448	0
4080.505162084	3441.765951011	0.0615317	0.493494	0.291184	-0.00930889	0.0059771	-0.00012448	0
4074.906515909	3437.865356021	0.0604255	0.527648	0.304576	-0.0101016	0.00614855	-0.000124479	0
4071.587648634	3448.716406869	0.0496477	0.469796	0.271903	-0.00951728	0.0054491	-0.000124479	0
4076.479560129	3447.481864539	0.0671951	0.426378	0.226778	-0.00907371	0.00570823	-0.000124479	0
4075.30456743	3444.504295116	0.045051	0.423027	0.230898	-0.00879712	0.00520675	-0.000124479	0
4074.730677616	3445.467482598	0.0492782	0.440667	0.229085	-0.00857039	0.00528072	-0.000124479	0
4077.589016028	3443.580571081	0.0551264	0.491875	0.264551	-0.00905347	0.00582644	-0.00012448	0
4085.585069191	3451.294103316	0.0589497	0.530935	0.284303	-0.00976823	0.00586256	-0.00012448	0
4080.876886168	3443.267308147	0.0598337	0.472808	0.265396	-0.00999287	0.00592898	-0.000124479	0
4083.265839392	3446.078991401	0.0482868	0.410208	0.242149	-0.00949323	0.00552994	-0.000124479	0
4085.78167959	3448.631542997	0.0591786	0.416576	0.242073	-0.0091613	0.00519995	-0.000124479	0
4080.404763571	3450.675260598	0.0697324	0.396956	0.22817	-0.00841417	0.00525429	2.32419e-06	0
4088.60362656	3441.969554456	0.0586787	0.438475	0.225446	-0.00854762	0.00519164	6.45602e-06	0
4089.465427427	3443.669974995	0.052956	0.492407	0.192642	-0.00816179	0.00536344	-0.00012448	0
4089.437248213	3436.83825871	0.0554322	0.536759	0.240883	-0.0081837	0.00543862	-0.00012448	0
4089.865894309	3443.635051591	0.0557152	0.545392	0.259341	-0.00974787	0.00575223	-0.000328747	0
4083.86670074	3442.226590709	0.0610191	0.525361	0.270283	-0.00997333	0.00581691	-0.00012448	0
4082.859414619	3451.581173697	0.0549727	0.43747	0.250039	-0.0095127	0.00562088	-0.00012448	0
4086.278680407	3449.410334906	0.0546182	0.420699	0.211038	-0.00874354	0.00539393	-0.000193276	0
4087.125264498	3447.779062706	0.0440606	0.414722	0.22157	-0.00818499	0.00496844	-0.00012448	0
4081.665823639	3451.613652463	0.0423651	0.414087	0.219386	-0.00850289	0.00525353	-0.00012448	0
4079.771133823	3444.355172181	0.0519048	0.464217	0.215161	-0.00839284	0.00533743	0.000140491	0
4081.930144664	3442.26989573	0.0502458	0.536499	0.241165	-0.00833095	0.00540469	-0.00012448	0
4086.204045747	3440.458069532	0.0596525	0.526201	0.269877	-0.00948546	0.00603995	-0.00012448	0
4077.724034717	3449.403699459	0.0483832	0.552498	0.280712	-0.0101849	0.00597211	-0.00012448	0
4083.149902056	3442.548584494	0.0495126	0.461097	0.236186	-0.00971797	0.00576451	-0.000124481	0
4071.227196235	3452.564965987	0.0540268	0.405956	0.248615	-0.0093963	0.00555988	-3.45765e-05	0
4078.835503417	3445.276102344	0.0440711	0.412911	0.233533	-0.00921628	0.00539392	-0.000124481	0
4070.497837672	3450.213922431	0.0507589	0.409617	0.224964	-0.00854569	0.00582983	-0.000107733	0
4083.970722295	3453.169490109	0.045014	0.470815	0.270362	-0.00908025	0.00576234	-0.000124481	0
4079.159483862	3440.442354	0.0655185	0.476195	0.291626	-0.0098525	0.00601923	-0.000124481	0
4079.383146307	3439.685563836	0.0506018	0.521734	0.308334	-0.010742	0.00605715	-0.000124481	0
4073.349493585	3440.582746084	0.0495119	0.480544	0.284919	-0.0108025	0.00603991	-0.000192838	0
4071.734824641	3449.184729716	0.0574022	0.441688	0.271521	-0.0100498	0.00598545	-0.00012448	0
4076.284640482	3439.322709669	0.0500365	0.4323	0.268778	-0.00967332	0.00586591	-0.00012448	0
4073.856638919	3452.1926825	0.0576144	0.411423	0.21962	-0.00924165	0.00572654	-0.00012448	0
4080.10187728	3447.983713854	0.0560485	0.454391	0.264045	-0.00933986	0.00565124	-0.00012448	0
4086.785986766	3444.866800049	0.056885	0.50773	0.283718	-0.0105079	0.00614703	-0.00012448	0
4086.073213684	3434.156839753	0.062614	0.536366	0.290313	-0.0103373	0.00620442	-0.00012448	0
4085.940851891	3450.890039532	0.0446856	0.471451	0.266097	-0.00996844	0.00576192	-0.00012448	0
4081.808490973	3445.303342599	0.0514086	0.395612	0.2483	-0.00987169	0.00599137	-0.00012448	0
4087.646902	3449.190317461	0.0374336	0.411748	0.232142	-0.00955668	0.00547011	-0.00012448	0
4086.84419697	3434.565792814	0.0379024	0.428725	0.208765	-0.00930809	0.00550802	-0.00012448	0
4090.496706136	3446.332884548	0.0417595	0.450681	0.215133	-0.00862037	0.00541089	5.73796e-05	0
4088.91947529	3439.479864987	0.0436923	0.514581	0.226139	-0.00900918	0.00575073	-0.00012448	0
4089.676529993	3446.266879315	0.0580997	0.5336	0.27279	-0.0100212	0.00623199	-0.00012448	0
4087.21535747	3437.182254239	0.049935	0.553739	0.301231	-0.0106622	0.00592161	-0.00012448	0
4087.24732075	3442.678848791	0.053949	0.443999	0.260849	-0.0103053	0.00617429	-0.00012448	0
4079.100468538	3444.473911755	0.0350568	0.408017	0.258596	-0.00998329	0.00581085	-0.00012448	0
4090.141728555	3441.346520929	0.0448621	0.394645	0.240114	-0.00968209	0.00581348	-0.000106366	0
4081.169225382	3447.654735388	0.0414096	0.430184	0.232817	-0.00926846	0.00579795	-0.00012448	0
4086.97253316	3443.613399081	0.0406805	0.479973	0.250104	-0.00897818	0.00569472	-0.00012448	0
4079.358831671	3440.146902003	0.0506497	0.49966	0.28139	-0.0099676	0.00619675	-0.00012448	0
4087.732003225	3442.070832327	0.0478888	0.51525	0.259308	-0.010234	0.00608781	0.000430873	0
4094.025468297	3441.306359014	0.0421565	0.540277	0.214436	-0.0106331	0.00565653	0.000392146	0
4088.454518264	3447.33413854	0.0518239	0.439494	0.194893	-0.00954225	0.00569179	0.000880812	0
4081.996889144	3441.375856588	0.0358028	0.418031	0.185722	-0.00877233	0.00516194	0.000765651	0
4087.413497598	3453.231304535	0.0482204	0.390119	0.138496	-0.00874109	0.00572344	0.000862788	0
4088.569569968	3450.19995307	0.0416059	0.438542	0.146397	-0.00776353	0.00486283	0.000502016	0
4107.284996016	3446.902136033	0.0546275	0.526415	0.209588	-0.00963586	0.00637585	0.000104002	0
4101.939882252	3453.632225212	0.0567668	0.537357	0.262357	-0.00986117	0.00621354	-4.36239e-05	0
4085.559868922	3442.3208839	0.0593108	0.568092	0.281555	-0.0110368	0.00627832	-9.13572e-05	0
4081.844640878	3445.265974557	0.0683156	0.478861	0.276272	-0.0114557	0.00628433	0.000445365	0
4083.028731437	3455.087134222	0.0564296	0.419169	0.271395	-0.010488	0.00594214	0.000340885	0
4090.491472853	3449.901357966	0.0630088	0.41844	0.239585	-0.0101727	0.0061615	-6.62917e-05	0
4090.476900174	3454.367013632	0.0413106	0.423627	0.254862	-0.00964011	0.00570113	0.000116229	0
4091.261409483	3449.319184822	0.0546512	0.454907	0.207063	-0.00906105	0.00585466	0.000213228	0
4092.24446148	3447.653338452	0.0396464	0.490722	0.241125	-0.00858192	0.00578257	0.000204191	0
4088.416758118	3439.747378261	0.0553981	0.574488	0.250232	-0.00990395	0.00612818	-9.89503e-05	0
4093.33499705	3447.397000667	0.0663796	0.603881	0.282202	-0.0104011	0.006206	-8.28008e-05	0
4091.772097347	3437.478753939	0.0557853	0.578868	0.267407	-0.0110493	0.00644149	-0.000304041	0
4082.896289133	3449.863989924	0.0728948	0.485477	0.259745	-0.0104406	0.0064204	-2.19293e-05	0
4078.065083715	3442.378158282	0.0491275	0.449613	0.262636	-0.00943038	0.00579912	-0.000443499	0
4074.518286857	3447.357537221	0.0623517	0.405103	0.260511	-0.00963896	0.00622822	2.83762e-07	0
4077.444013845	3437.618098321	0.0491445	0.429043	0.259372	-0.00961433	0.00582082	-0.000110085	0
4079.894156219	3452.73120139	0.0718482	0.481795	0.252188	-0.00987172	0.00628829	-0.000266725	0
4082.575770705	3444.898929581	0.0529618	0.54376	0.295986	-0.0107508	0.00621798	-0.000266725	0
4075.504076263	3435.311058255	0.0635013	0.573709	0.301631	-0.0121069	0.00655319	-0.000155649	0
4074.338745009	3438.288627677	0.0683155	0.520818	0.292045	-0.0121512	0.00657653	0.00014382	0
4077.172124689	3444.945377708	0.0647454	0.450142	0.260354	-0.0108108	0.00628295	8.87836e-05	0
4086.785423181	3442.856608917	0.0502582	0.437112	0.216962	-0.0101056	0.00628193	0.000173385	0
4077.90736063	3450.672466726	0.0597747	0.416781	0.22659	-0.00953065	0.00593349	0.000159847	0
4083.479276808	3447.056497478	0.0474328	0.48954	0.26853	-0.00988303	0.00601519	0.00016883	0
4085.802532208	3440.32047132	0.0600708	0.507105	0.281371	-0.010825	0.00657201	0.00024179	0
4090.445500479	3449.420113459	0.059402	0.555297	0.297266	-0.0118819	0.00630251	0.000505005	0
4092.680031612	3447.819224621	0.0522152	0.492581	0.255577	-0.0115446	0.00682775	0.000127596	0
4087.084042334	3457.69521403	0.0584499	0.432223	0.258809	-0.0106185	0.00624332	9.02363e-05	0
4090.416033072	3454.329994823	0.0387087	0.431127	0.239983	-0.00995718	0.00572375	5.44688e-05	0
4093.3634178	3449.568188692	0.0437782	0.414337	0.201657	-0.00995408	0.00625472	0.000279168	0
4089.678059722	3451.860211695	0.0392269	0.479827	0.226989	-0.00967004	0.00561077	0.000173006	0
4091.821048667	3441.9915562	0.0509833	0.531878	0.277988	-0.011012	0.00629689	0.000440928	0
4087.628384231	3451.530185527	0.0491796	0.54984	0.295103	-0.0114969	0.00638117	0.000222698	0
4081.861950967	3451.53647174	0.04643	0.475948	0.251923	-0.0114339	0.00650369	0.000440928	0
4077.771295284	3448.264847256	0.0454974	0.448374	0.236759	-0.0109058	0.00630144	0.000440928	0
4082.653384311	3451.1544097	0.0464735	0.45003	0.221252	-0.0102544	0.00619392	0.000440928	0
4077.525572541	3451.950663311	0.0638813	0.461684	0.182095	-0.0100627	0.0063537	0.000535806	0
4078.59912007	3441.215558164	0.0506214	0.526144	0.259581	-0.0108527	0.00634618	0.000440928	0
4079.247322497	3441.812049904	0.052189	0.566645	0.281081	-0.0122416	0.00692812	0.000558701	0
4072.02418491	3434.41247907	0.0564662	0.523469	0.278047	-0.0127386	0.00692812	0.000624607	0
4075.395868083	3444.350632139	0.0515835	0.472476	0.258061	-0.0112553	0.00635252	0.000566447	0
4084.012427531	3443.252291084	0.0510631	0.449082	0.232236	-0.0108738	0.0063359	0.000440928	0
4082.526255801	3445.399032726	0.0571334	0.433224	0.241542	-0.010345	0.0061697	0.000655232	0
4081.146279451	3444.137599374	0.0425334	0.461289	0.240072	-0.0101647	0.00591816	0.000622622	0
4077.25939974	3446.958013479	0.0458213	0.481359	0.247838	-0.0103633	0.00623094	0.000530448	0
4086.501698756	3440.299517278	0.0479464	0.575489	0.290768	-0.0116577	0.00640959	0.000647762	0
4082.375617776	3430.72875842	0.0537924	0.590102	0.286878	-0.0122131	0.00684239	0.000440928	0
4076.890413065	3444.129566991	0.0484396	0.530816	0.278477	-0.0118465	0.00635925	0.000504742	0
4076.236896843	3444.45365618	0.0477379	0.438327	0.248733	-0.0112312	0.00635246	0.000492354	0
4070.024426883	3452.058925863	0.0503542	0.427514	0.251023	-0.0107975	0.00620645	0.000440928	0
4072.207671847	3446.601445525	0.0429543	0.436831	0.243206	-0.010118	0.00586433	0.000440929	0
4069.531049107	3448.108390406	0.0586346	0.469277	0.207267	-0.00998151	0.00642033	0.000878736	0
4071.512530901	3445.151425792	0.0481157	0.513952	0.269688	-0.0105087	0.00605808	0.000681645	0
4075.110533416	3443.739123335	0.0646423	0.54844	0.285366	-0.0118628	0.00651686	0.000502617	0
4072.822944849	3448.629098359	0.0680232	0.573671	0.303627	-0.0122622	0.00657625	0.000592232	0
4072.989926819	3446.682118588	0.0515849	0.509073	0.292876	-0.0114409	0.00618584	0.00047442	0
4066.927209251	3449.793793882	0.0660259	0.422522	0.271238	-0.0111222	0.00634506	0.000787818	0
4073.203364234	3453.218033641	0.0480106	0.430555	0.249633	-0.0103491	0.00594382	0.000440928	0
4076.176190766	3447.476276794	0.0520819	0.447983	0.204467	-0.0104576	0.00612553	0.000440928	0
4065.361330602	3451.415636762	0.0540376	0.456457	0.237864	-0.0103451	0.00624296	0.000714725	0
4073.937875567	3451.466974166	0.0521685	0.493642	0.253965	-0.0108425	0.00633062	0.000440928	0
4074.449690599	3446.043369529	0.0686785	0.556695	0.292764	-0.0119585	0.00666888	0.000440928	0
4074.811431191	3445.80658885	0.0560896	0.587176	0.314534	-0.0126671	0.00659354	0.000590724	0
4084.291723795	3449.594730479	0.069775	0.462095	0.2258	-0.0120149	0.00725834	0.00100596	0
4077.3099613	3450.828923575	0.0643429	0.435644	0.247642	-0.0114432	0.00652755	0.000605204	0
4074.572793507	3446.852894033	0.0575487	0.407539	0.231299	-0.010767	0.00658611	0.000681484	0
4066.903619223	3445.281340854	0.0522058	0.447843	0.224758	-0.0102509	0.00631506	0.000642524	0
4083.698189042	3443.432495848	0.0552116	0.53085	0.292372	-0.0110964	0.00625183	0.000617137	0
4082.929138045	3444.986238091	0.0646298	0.558067	0.292055	-0.0123946	0.00659118	0.000582159	0
4076.927287578	3445.339662939	0.0637863	0.569867	0.314536	-0.0126444	0.00654239	0.000629306	0
4081.380327949	3437.812621681	0.0588495	0.488937	0.283244	-0.0121375	0.00640403	0.000548027	0
4082.276024384	3448.544234488	0.0727664	0.417901	0.258608	-0.0115052	0.00657531	0.000527161	0
4086.249051977	3441.061895187	0.0553085	0.450686	0.229223	-0.0102608	0.00611231	0.000653548	0
4086.752171709	3441.608446459	0.0477484	0.46703	0.196512	-0.0104719	0.00618213	0.000474324	0
4085.099501083	3441.988762328	0.064818	0.540182	0.278691	-0.0112111	0.00647764	0.000602769	0
4088.011943585	3443.118534447	0.0542863	0.569135	0.290723	-0.012324	0.00667229	0.000401568	0
4078.389869281	3444.161696523	0.0613156	0.574677	0.281099	-0.0125429	0.00678569	0.000474323	0
4077.990932127	3452.017367012	0.0385414	0.49191	0.274116	-0.0116766	0.00644404	0.000474323	0
4076.360402311	3452.160902203	0.0516254	0.474846	0.228721	-0.0111773	0.00648511	0.000474323	0
4078.205013639	3452.628875816	0.0454984	0.443624	0.250637	-0.0105562	0.00624605	0.000599492	0
4070.535517307	3449.148060142	0.0387234	0.468504	0.241899	-0.010697	0.00620069	0.000474322	0
4070.308151308	3441.830559308	0.0530082	0.572207	0.281823	-0.0116749	0.00652398	0.000474322	0
4075.167455428	3442.243004709	0.0512317	0.596998	0.31463	-0.0126242	0.00629495	0.000474322	0
4071.769605842	3450.422764387	0.0632714	0.547371	0.300558	-0.0135135	0.00696186	0.000461724	0
4068.429000316	3451.242416678	0.0573709	0.476138	0.269017	-0.0124127	0.00693391	0.00083993	0
4068.559429819	3449.977141752	0.0582174	0.43765	0.267819	-0.012364	0.00657313	0.000720115	0
4062.529319627	3448.762854996	0.0479786	0.473608	0.257033	-0.0113986	0.00631732	0.000763841	0
4073.189033091	3454.222081505	0.04537	0.538509	0.292371	-0.0116856	0.00649678	0.000417903	0
4075.38113438	3444.99915975	0.0646623	0.553106	0.30244	-0.0126557	0.00692703	0.000749799	0
4074.756038908	3449.574125671	0.0579479	0.573935	0.320605	-0.013697	0.00692703	0.000861883	0
4076.179169711	3450.329518899	0.0579573	0.511332	0.277028	-0.0131561	0.00692703	0.000815183	0
4071.330895741	3452.848893261	0.0571524	0.478542	0.280566	-0.0126472	0.00654954	0.000752546	0
4082.018305347	3445.565268129	0.0521162	0.471063	0.276966	-0.0118438	0.00693303	0.00103279	0
4079.234682107	3457.037955567	0.0534486	0.456442	0.239852	-0.0116352	0.00662928	0.000866219	0
4078.300581429	3444.487881116	0.055047	0.509997	0.268953	-0.0118873	0.00639488	0.000691127	0
4088.33117382	3443.856116738	0.0633164	0.562538	0.280125	-0.0135517	0.00695159	0.000740232	0
4081.695613094	3443.455894529	0.0702214	0.575829	0.330628	-0.0136548	0.00695159	0.00095971	0
4073.002728233	3446.436956292	0.0619533	0.533467	0.313101	-0.0136806	0.00688962	0.000497641	0
4070.08199299	3450.223002516	0.069241	0.443212	0.292248	-0.0132586	0.00682299	0.000729025	0
4070.267009656	3442.526582749	0.0522942	0.442724	0.291153	-0.0123961	0.00640906	0.000729025	0
4068.787117866	3447.673594027	0.0615242	0.471029	0.253724	-0.0122491	0.00660049	0.000729025	0
4070.886549797	3443.141234659	0.0561572	0.477301	0.259508	-0.0112366	0.0062563	0.000694392	0
4072.697668117	3438.52401142	0.0544005	0.562094	0.296871	-0.0128682	0.0068985	0.000729025	0
4070.78993535	3441.622066586	0.0632682	0.589807	0.320569	-0.0140917	0.00698842	0.000729025	0
4072.909334267	3441.110787952	0.0535945	0.588073	0.32427	-0.0143228	0.00692053	0.000848848	0
4075.802131832	3438.979761842	0.0684647	0.499749	0.260771	-0.0139632	0.00680727	0.00100034	0
4069.151354331	3446.761743949	0.0627453	0.455518	0.251986	-0.0126427	0.00648064	0.000994586	0
4076.086822402	3446.460704207	0.0560537	0.440077	0.258867	-0.0119651	0.00611813	0.000738855	0
4069.309479975	3444.47007018	0.0569181	0.460069	0.235493	-0.0119614	0.00652533	0.00110391	0
4085.686192312	3444.541313924	0.0634337	0.54751	0.297	-0.0124519	0.00683663	0.00109539	0
4081.511240524	3445.4192883	0.0627551	0.597806	0.315787	-0.0142579	0.00695006	0.000740672	0
4079.590223272	3439.339472903	0.0694618	0.5845	0.325514	-0.0139014	0.0069336	0.00079292	0
4079.995037804	3445.802048808	0.0580707	0.510836	0.2997	-0.0130289	0.00666624	0.000887456	0
4076.390433302	3444.689389157	0.0718587	0.444186	0.266533	-0.0125201	0.00683133	0.000922137	0
4077.541674949	3444.676816732	0.0511486	0.464579	0.265579	-0.0120104	0.00647861	0.000944062	0
4079.479438706	3442.629956025	0.0515366	0.474367	0.227531	-0.0119838	0.00665436	0.000765764	0
4081.91814837	3440.519883957	0.0536712	0.544341	0.298723	-0.011848	0.0065295	0.000888539	0
4078.684060272	3445.584476001	0.0550832	0.562571	0.331658	-0.0135448	0.00714349	0.000734751	0
4074.277797396	3442.417621729	0.0648775	0.546576	0.340659	-0.0141201	0.00705554	0.000746427	0
4069.963157221	3447.28664271	0.0514406	0.501046	0.302918	-0.0130005	0.00673355	0.000878485	0
4074.126676299	3449.589142734	0.0568546	0.491214	0.279884	-0.0126102	0.00677664	0.000886245	0
4068.504762145	3447.568125347	0.0476747	0.481066	0.291416	-0.0116339	0.00652927	0.000802942	0
4074.899108802	3445.941043955	0.0415561	0.491551	0.29202	-0.0119243	0.00645256	0.000872347	0
4070.880913954	3443.464974614	0.0364751	0.472301	0.273431	-0.0119354	0.00699805	0.00101665	0
4077.226792364	3452.802445134	0.0392663	0.552419	0.311589	-0.0123859	0.00672552	0.000825148	0
4077.913640569	3440.625003403	0.058677	0.578722	0.318267	-0.0139744	0.00724256	0.000907805	0
4076.157511973	3448.552965338	0.0567881	0.567389	0.336265	-0.0141206	0.00698614	0.000970007	0
4072.578832347	3446.072705188	0.0579456	0.494013	0.311489	-0.0141285	0.00702454	0.000897792	0
4064.914730321	3451.964283438	0.0596591	0.421526	0.294554	-0.0136157	0.00700897	0.000902302	0
4073.611318736	3451.369887103	0.0459394	0.425171	0.284679	-0.0128598	0.00669474	0.00097312	0
4070.504681196	3450.892833405	0.0437101	0.458778	0.250986	-0.0128132	0.00686888	0.000897863	0
4075.389346608	3444.719423285	0.0462538	0.476422	0.262032	-0.012111	0.00682238	0.00096595	0
4076.346473728	3440.213605704	0.0573324	0.5274	0.311354	-0.0133413	0.00729562	0.000769776	0
4094.939843525	3450.532074642	0.0571368	0.559698	0.281841	-0.0137025	0.00730401	0.00113332	0
4094.878251815	3445.885864977	0.0498141	0.65137	0.290976	-0.0146149	0.00737595	0.000816109	0
4086.114999432	3442.724249216	0.0496791	0.470845	0.244077	-0.014729	0.00759968	0.00131604	0
4074.069673775	3457.918374582	0.0438614	0.454992	0.224708	-0.0130151	0.00671244	0.000903825	0
4078.096644434	3453.217684407	0.0476171	0.436187	0.2447	-0.0125607	0.00652576	0.00094467	0
4073.914607588	3446.01578004	0.0475854	0.441239	0.239316	-0.0122503	0.00671839	0.000914333	0
4089.506730103	3451.808525057	0.0485175	0.54429	0.303346	-0.0132955	0.00667967	0.000904424	0
4083.229286927	3441.49354846	0.0590086	0.587045	0.29749	-0.0145189	0.00700829	0.000929186	0
4077.667434754	3447.617367346	0.052918	0.582483	0.307431	-0.0144034	0.00727684	0.000952243	0
4079.492079096	3448.895214697	0.052109	0.51479	0.296148	-0.0140278	0.00709058	0.00102088	0
4080.541473013	3441.637782118	0.0618351	0.437631	0.281138	-0.0137645	0.00723396	0.00131604	0
4086.499041858	3443.209684531	0.0491876	0.470918	0.261261	-0.0121578	0.00657562	0.000854894	0
4083.933123172	3453.380078235	0.0535826	0.48671	0.23615	-0.0122838	0.00685416	0.000931361	0
4086.458866351	3442.560458451	0.0440713	0.499713	0.24734	-0.0116125	0.00667326	0.000626548	0
4085.757687002	3447.608985729	0.0495773	0.546813	0.239725	-0.0123997	0.00702385	0.000652341	0
4084.618763697	3440.738155232	0.055138	0.575998	0.30084	-0.0128525	0.00716049	0.000909129	0
4077.853176028	3438.912010438	0.0476157	0.577402	0.313686	-0.0140344	0.00722444	0.000724826	0
4068.868032465	3447.577554666	0.0571974	0.532105	0.305036	-0.0139321	0.00703773	0.000717114	0
4063.378721639	3441.579460033	0.0418798	0.464279	0.285816	-0.0128406	0.00655134	0.000808067	0
4062.939045394	3445.650132	0.0535871	0.451236	0.250488	-0.0126364	0.00664017	0.0008885	0
4068.355573336	3445.900183573	0.0503032	0.446646	0.262109	-0.0119592	0.00671826	0.000969561	0
4067.398526727	3446.977221351	0.0545609	0.502144	0.283338	-0.0124261	0.00681179	0.00102187	0
4072.976320284	3450.128709326	0.0469458	0.564422	0.323576	-0.0136669	0.00697928	0.00131604	0
4075.354243359	3446.350695484	0.0521881	0.608748	0.347005	-0.0147871	0.0071743	0.000906492	0
4074.986142316	3443.929455887	0.0683421	0.554528	0.300883	-0.014778	0.00722661	0.000873401	0
4077.423644299	3451.015065318	0.0594296	0.467752	0.26374	-0.0134654	0.00675116	0.00104925	0
4078.577140284	3449.378903842	0.0583545	0.45474	0.251104	-0.0129539	0.00683707	0.00085835	0
4072.705799833	3447.015287862	0.0587052	0.470408	0.235772	-0.0123507	0.006752	0.000932123	0
4093.343772862	3450.158044985	0.0567027	0.548673	0.308839	-0.0136836	0.00725481	0.00091724	0
4086.620856574	3446.098897741	0.0632912	0.559636	0.315868	-0.0148043	0.00789643	0.00107548	0
4080.450172361	3441.946505009	0.05833	0.555011	0.303237	-0.014356	0.00715001	0.000768439	0
4084.299533462	3448.742250188	0.0499824	0.495834	0.247138	-0.0138923	0.00719579	0.000492028	0
4083.513574937	3449.535709926	0.0543719	0.467272	0.228216	-0.0125762	0.0066462	0.00131604	0
4087.478470814	3446.209604932	0.0415384	0.484583	0.219046	-0.0118863	0.00659848	0.000806397	0
4078.640986331	3440.391715064	0.04643	0.487502	0.202109	-0.0120766	0.00687216	0.000936642	0
4085.5878066	3445.597746894	0.0493702	0.576788	0.267958	-0.0128656	0.00695331	0.000520546	0
4076.337617404	3436.90391471	0.0565144	0.5638	0.308894	-0.0141671	0.00756353	0.000616667	0
4075.74045961	3445.269117663	0.0564114	0.573361	0.296351	-0.0142321	0.00739915	0.000858066	0
4076.917223574	3440.469245021	0.039425	0.522375	0.263014	-0.0145098	0.00726569	0.000887604	0
4064.987996277	3447.621208921	0.0375151	0.473021	0.264955	-0.0128019	0.00654928	0.000791893	0
4070.372319403	3446.237892889	0.0421591	0.454828	0.263486	-0.0128975	0.00680228	0.000933408	0
4063.934898806	3442.918423342	0.0499164	0.466467	0.248138	-0.0126111	0.00676383	0.00116146	0
4069.2855679	3444.331075032	0.0459435	0.543016	0.290396	-0.0128379	0.00683108	0.000928755	0
4071.904463507	3440.857942507	0.0589783	0.551775	0.315468	-0.0143834	0.00716343	0.000907465	0
4074.177640419	3439.659371283	0.0592408	0.580294	0.337295	-0.0151215	0.00712254	0.000964924	0
4071.619289865	3447.343218625	0.0553966	0.539061	0.301291	-0.0149155	0.00737891	0.00112099	0
4070.904906542	3443.125519127	0.0511979	0.474743	0.302568	-0.0142817	0.00720125	0.0011519	0
4071.442404915	3448.806509251	0.0500681	0.450257	0.277494	-0.0136563	0.00693114	0.000591857	0
4074.351868472	3450.622526258	0.0495156	0.454723	0.279848	-0.0125456	0.00684496	0.0011383	0
4080.06476123	3444.001747333	0.0459233	0.486638	0.254395	-0.0126836	0.00685207	0.00105532	0
4077.709301014	3448.557156147	0.039832	0.518569	0.261184	-0.0123027	0.00715524	0.00119225	0
4083.43435109	3449.716263925	0.0549104	0.554108	0.305552	-0.0139222	0.00722669	0.00107872	0
4080.932278451	3454.797968437	0.0503513	0.563881	0.328701	-0.0144537	0.00732196	0.00116633	0
4071.898183568	3447.231463732	0.0553524	0.594218	0.32113	-0.0146659	0.00717716	0.000737616	0
4070.455971412	3454.163410187	0.0579889	0.465588	0.304976	-0.0145635	0.00735799	0.0011283	0
4067.520180418	3451.144631147	0.05082	0.441268	0.30514	-0.0136517	0.00693688	0.00104997	0
4059.920085464	3454.872006053	0.0567459	0.425978	0.280571	-0.01345	0.00719312	0.00114543	0
4058.34253257	3443.68080125	0.0500945	0.4635	0.280561	-0.012921	0.00683618	0.00103704	0
4058.575212363	3445.656418213	0.054015	0.492134	0.257692	-0.0129285	0.00727702	0.00107562	0
4059.762281867	3440.769935529	0.0510192	0.534082	0.319143	-0.0134944	0.00693354	0.00101887	0
4067.242896956	3441.665022373	0.0696957	0.552895	0.332758	-0.0148728	0.00742361	0.000901253	0
4066.308796278	3442.933091171	0.0710908	0.588335	0.364166	-0.015127	0.00723514	0.00105747	0
4061.725728965	3437.688992831	0.0563202	0.537384	0.342035	-0.0146706	0.00703978	0.000771363	0
4059.085819715	3446.567919057	0.0643241	0.439209	0.322292	-0.0139668	0.00697983	0.00114224	0
4070.136258105	3448.241099341	0.0597653	0.462547	0.31648	-0.0132341	0.00657022	0.00113918	0
4061.850925186	3442.342187176	0.0557713	0.462203	0.278274	-0.0130864	0.00681892	0.000980574	0
4072.181988506	3441.589587821	0.0479215	0.481285	0.278922	-0.0126118	0.00664169	0.00100387	0
4071.846816887	3440.217447279	0.0584617	0.523194	0.287679	-0.01368	0.00735083	0.000638312	0
4082.46619382	3443.881261589	0.0700322	0.556039	0.340314	-0.014252	0.00734353	0.0009793	0
4074.841864742	3443.162188701	0.0629774	0.57172	0.340741	-0.0152958	0.00742848	0.000977165	0
4078.065405763	3447.562537602	0.0617575	0.539754	0.31888	-0.0149453	0.00748848	0.000885677	0
4077.330813918	3449.485769459	0.0656942	0.472897	0.299708	-0.0140437	0.00726751	0.00109193	0
4075.000151411	3454.820319415	0.059784	0.419584	0.266402	-0.0130653	0.00704582	0.00108282	0
4074.093666362	3451.755092249	0.0552505	0.449789	0.253372	-0.012537	0.00678465	0.00104756	0
4071.342972547	3444.031432226	0.0562211	0.50863	0.246214	-0.0128804	0.00703735	0.000926055	0
4084.532293767	3448.747488699	0.0504949	0.565284	0.301255	-0.0137518	0.00701262	0.000676445	0
4077.390392827	3447.322613817	0.0594742	0.580667	0.291271	-0.0147788	0.00726822	0.000903809	0
4075.745612381	3443.632257719	0.0547696	0.560433	0.311264	-0.0140699	0.00734938	0.000890628	0
4071.857363965	3445.637908809	0.0503393	0.483932	0.264512	-0.0137302	0.00697554	0.000714519	0
4071.652863385	3440.543282638	0.0473619	0.487508	0.25235	-0.0129875	0.00696861	0.000760663	0
4072.850882527	3443.87357844	0.0486922	0.501485	0.262194	-0.0128155	0.00684617	0.000906564	0
4062.161540632	3442.650211599	0.0426829	0.481747	0.254064	-0.013134	0.00705472	0.00117409	0
4072.167013267	3445.740583617	0.0477141	0.529263	0.280731	-0.013207	0.00727098	0.0011298	0
4073.7334555	3441.090183144	0.0612083	0.564799	0.307432	-0.0146119	0.00751846	0.00115994	0
4080.978009289	3443.754140399	0.0574651	0.580534	0.329562	-0.0151875	0.00714303	0.000928966	0
4075.124784047	3436.055974461	0.0601838	0.550674	0.307549	-0.0156206	0.00752229	0.00100428	0
4073.509793055	3442.203890497	0.0535447	0.469027	0.301913	-0.0144099	0.00720937	0.00111062	0
4074.492925564	3439.582889028	0.0528623	0.424505	0.26753	-0.0141698	0.00722426	0.000650996	0
4078.447435389	3449.104755121	0.0454388	0.453293	0.257364	-0.0130268	0.00692379	0.00100787	0
4077.492160045	3447.28489654	0.0507992	0.483008	0.256367	-0.0129252	0.00711731	0.00104608	0
4084.538010122	3450.582364343	0.0437772	0.498343	0.21698	-0.0124625	0.00718067	0.00117462	0
4104.996199768	3442.932741937	0.045885	0.599768	0.234474	-0.0133667	0.00733025	0.0010348	0
4086.256861645	3445.121391664	0.0555956	0.587413	0.272907	-0.0152693	0.00780375	0.00105585	0
4079.408668623	3441.981777647	0.0520599	0.591802	0.296098	-0.0150825	0.00759918	0.000824887	0
4081.229448388	3453.667847084	0.0608294	0.489191	0.243096	-0.0151835	0.00761607	0.00116257	0
4074.61908793	3453.148536067	0.0505138	0.436524	0.254199	-0.0140519	0.00726638	0.00109406	0
4086.369497987	3451.550441101	0.0487226	0.436134	0.253818	-0.0139585	0.00699947	0.000963817	0
4078.733092103	3450.482483408	0.05228	0.462273	0.26434	-0.0131195	0.00692337	0.00105251	0
4084.361527732	3457.637590414	0.0459576	0.549265	0.293238	-0.0130422	0.00690844	0.00100238	0
4087.005784632	3444.543409329	0.0565449	0.579526	0.307358	-0.0149582	0.0075498	0.00103239	0
4087.992540184	3446.414954547	0.0521019	0.61495	0.329654	-0.0156397	0.00739694	0.000893133	0
4092.633656677	3443.905707972	0.052419	0.572531	0.28697	-0.0154463	0.007323	0.00081882	0
4090.782604386	3452.068355182	0.0434763	0.49659	0.264792	-0.0138475	0.00711405	0.00107081	0
4097.020596664	3452.333423818	0.0388732	0.464057	0.243786	-0.0131549	0.00694387	0.000964406	0
4088.779625878	3456.572426592	0.0407512	0.452247	0.225438	-0.0126147	0.00717533	0.00115014	0
4095.42806853	3452.149028245	0.045225	0.539686	0.276899	-0.0132309	0.00700566	0.000800944	0
4081.548759135	3451.08351519	0.0487788	0.522333	0.294311	-0.0148697	0.00793666	0.00115415	0
4082.555401159	3452.275800202	0.0371042	0.576189	0.289274	-0.0145172	0.00741149	0.000865938	0
4083.121561818	3453.711501339	0.0492808	0.49745	0.253504	-0.0138621	0.00725189	0.000810105	0
4077.838200789	3449.62511384	0.040099	0.477258	0.259847	-0.0134691	0.00715318	0.00105362	0
4079.313986465	3446.309485867	0.0379861	0.461144	0.228655	-0.0130784	0.00732869	0.00057133	0
4086.300418658	3449.613239883	0.0340331	0.519305	0.216474	-0.0117965	0.00670674	0.000904057	0
4085.765979742	3449.298929247	0.0296749	0.544708	0.221717	-0.0128741	0.00719683	0.00081212	0
4079.217210994	3444.865752347	0.0414511	0.586525	0.266751	-0.0136014	0.00749035	0.00105362	0
4077.101596143	3441.743250798	0.0376612	0.606406	0.309201	-0.0143125	0.00725247	0.000840619	0
4073.455930501	3445.338615237	0.0515628	0.539186	0.296693	-0.0149257	0.0075766	0.00105362	0
4065.630321325	3445.82125668	0.0438288	0.480305	0.281701	-0.0142539	0.0072972	0.00105362	0
4070.687121476	3445.975268891	0.0452558	0.46434	0.241793	-0.013503	0.00724336	0.000637181	0
4065.160131016	3445.685753872	0.0380411	0.437286	0.257826	-0.013068	0.00715593	0.00105362	0
4064.103491015	3444.290563884	0.0357683	0.438197	0.240585	-0.0131363	0.00714969	0.000921034	0
4062.197932074	3448.68881738	0.0356914	0.503955	0.245448	-0.0127331	0.00698541	0.00105362	0
4072.140846854	3439.954823281	0.0395064	0.56688	0.297523	-0.013376	0.0072669	0.000633163	0
4067.588454628	3441.621368118	0.0401206	0.581054	0.313592	-0.0149227	0.00751763	0.000893756	0
4067.34965592	3447.920153259	0.0523006	0.580971	0.342606	-0.0154002	0.00762905	0.00125094	0
4070.701211083	3445.260386812	0.0484622	0.496031	0.296719	-0.0148327	0.0075641	0.00104768	0
4066.800724837	3441.985269988	0.0343063	0.450213	0.294942	-0.0137748	0.00720468	0.00110787	0
4069.436930533	3439.631083326	0.0479241	0.454803	0.283571	-0.013974	0.00730672	0.00108351	0
4068.197045131	3445.259688344	0.0352004	0.487688	0.265395	-0.0125235	0.00707214	0.000881321	0
4072.619410415	3449.873419243	0.0515726	0.507036	0.266061	-0.0130014	0.007082	0.00102698	0
4069.417124572	3448.603953508	0.0500809	0.558051	0.329083	-0.0143808	0.00744158	0.00104512	0
4073.219869202	3446.69783412	0.0529874	0.606789	0.332219	-0.0143992	0.00715504	0.000820032	0
4062.17724048	3448.710120656	0.053469	0.536521	0.327094	-0.0148021	0.00737588	0.000843485	0
4062.401144461	3445.1227886	0.0413243	0.493491	0.302776	-0.013625	0.0070604	0.00090203	0
4067.180500126	3450.893881107	0.0370901	0.486261	0.2771	-0.0136827	0.0071532	0.000789347	0
4067.38757709	3448.107342704	0.0304549	0.47831	0.27853	-0.0128949	0.00667864	0.0009501	0
4068.471913233	3449.619176862	0.0434902	0.505674	0.261556	-0.0124958	0.00686964	0.000898184	0
4061.807609709	3444.922677496	0.0455972	0.55105	0.294414	-0.0126198	0.00728218	0.000907777	0
4078.945804911	3445.359220045	0.0398548	0.596475	0.342775	-0.0134594	0.0074591	0.000907733	0
4069.247324681	3443.157648659	0.0414614	0.553115	0.332666	-0.0144202	0.00755006	0.000953117	0
4075.371633959	3445.543964852	0.0364604	0.518418	0.321748	-0.014303	0.00728304	0.000957645	0
4073.265519528	3448.257164107	0.0504221	0.480583	0.278483	-0.013597	0.00746016	0.00090579	0
4080.342447253	3446.030797104	0.0349249	0.46043	0.281122	-0.0127606	0.00687855	0.000935087	0
4076.561118825	3442.927154193	0.0402166	0.458351	0.258215	-0.0131536	0.00722465	0.000900931	0
4078.092457808	3453.160410024	0.0420792	0.483554	0.278393	-0.0126289	0.00687897	0.000881049	0
4079.143703503	3444.541313924	0.043014	0.523859	0.274378	-0.0135218	0.00753064	0.000755517	0
4085.004174828	3434.805018131	0.0422304	0.567355	0.318389	-0.0138684	0.00733209	0.000830103	0
4076.38681026	3437.359315898	0.0491592	0.579641	0.301371	-0.0151096	0.00792471	0.000539768	0
4072.368856949	3440.314534342	0.0462082	0.565194	0.313983	-0.01484	0.00748978	0.000893784	0
4070.209765597	3444.06635563	0.0416806	0.465617	0.2725	-0.0150386	0.00770703	0.000865745	0
4066.511525593	3441.418113907	0.0455983	0.465005	0.269871	-0.0136162	0.00713256	0.000821643	0
4065.390314936	3439.65308507	0.0365255	0.471365	0.263705	-0.0131267	0.00698863	0.000845392	0
4057.668968851	3441.333948504	0.0350506	0.45786	0.250374	-0.0130666	0.00713256	0.000909028	0
4066.442043703	3434.233671242	0.0406211	0.544248	0.307349	-0.013432	0.00706351	0.00090855	0
4067.710832927	3435.758776294	0.0538188	0.580704	0.323912	-0.014886	0.00761057	0.000966792	0
4070.655158197	3431.61057437	0.043885	0.599712	0.347867	-0.0154355	0.00761352	0.00080419	0
4074.211858036	3443.078372532	0.0522198	0.530622	0.304059	-0.0154355	0.00766161	0.000914617	0
4072.00840455	3444.22455865	0.0554113	0.494586	0.301659	-0.0147514	0.00743631	0.00106067	0
4078.541795498	3446.497373781	0.0484866	0.475424	0.305351	-0.0139077	0.00760795	0.000903468	0
4076.662080922	3454.279355888	0.0424517	0.459897	0.263693	-0.0133806	0.00712894	0.000935046	0
4083.978692987	3451.507834549	0.0502305	0.521942	0.304738	-0.0137649	0.00739184	0.00111852	0
4084.329725477	3445.765728468	0.0497565	0.554125	0.326798	-0.0147817	0.0076899	0.0010223	0
4083.748911627	3447.134376669	0.047101	0.592158	0.333447	-0.0153879	0.00755919	0.000927066	0
4077.46591312	3444.223510948	0.0492453	0.56118	0.295572	-0.0153641	0.00761265	0.000863434	0
4077.051839703	3448.900802442	0.0504933	0.493064	0.302115	-0.014085	0.00720358	0.000865838	0
4079.810584723	3454.907977159	0.043587	0.47613	0.292603	-0.0141034	0.00739809	0.000948792	0
4077.42525454	3451.589555314	0.0412117	0.462723	0.271696	-0.013514	0.00737533	0.00090184	0
4080.8603812	3455.02043052	0.0431919	0.509647	0.273507	-0.0128207	0.00698987	0.000892975	0
4077.48330372	3444.745615838	0.0401381	0.568697	0.276007	-0.0134204	0.00725171	0.00084743	0
4081.040164584	3452.75634624	0.0557037	0.586019	0.322075	-0.0146283	0.00750038	0.000786651	0
4077.389990267	3443.230987807	0.0484034	0.619048	0.318187	-0.0158424	0.00768989	0.000617012	0
4073.817107508	3443.207589127	0.0507154	0.539703	0.306283	-0.0146455	0.00754379	0.00120636	0
4074.2617755	3445.095897579	0.04279	0.481369	0.313144	-0.0141132	0.00704361	0.000814752	0
4072.325380448	3453.079038493	0.0425346	0.43405	0.269537	-0.0136552	0.00723743	0.000936567	0
4078.777856797	3446.661863013	0.0456747	0.462964	0.264933	-0.0131823	0.00720507	0.00108742	0
4070.822462214	3447.22517752	0.0416443	0.499441	0.237735	-0.012822	0.00740194	0.000912992	0
4076.972052272	3439.990095919	0.0486603	0.545452	0.310375	-0.0135327	0.00736744	0.000887492	0
4079.971045216	3437.503549556	0.0585697	0.578511	0.307837	-0.0151699	0.00782205	0.000839987	0
4077.697948817	3443.259275765	0.049806	0.59997	0.341537	-0.015097	0.00768989	0.000903272	0
4073.065044551	3440.017685408	0.0356835	0.535075	0.309936	-0.0148673	0.00768989	0.000827401	0
4066.809339625	3439.272769201	0.0523785	0.452403	0.300449	-0.0147396	0.00768989	0.00114111	0
4072.608782825	3442.518550366	0.0472047	0.462729	0.284864	-0.0136604	0.00718732	0.00089155	0
4069.4928864	3441.933234116	0.0479904	0.484193	0.265167	-0.0135279	0.0076166	0.00099096	0
4069.956233185	3436.809621519	0.0353777	0.479805	0.265814	-0.0128301	0.00732457	0.000931473	0
4074.163872861	3439.525265412	0.0536785	0.533629	0.283333	-0.0135665	0.00763468	0.000852447	0
4072.75740805	3432.955823891	0.0536488	0.599676	0.325011	-0.0150364	0.00768989	0.000771473	0
4072.500735669	3427.336298958	0.0502806	0.641049	0.347972	-0.0153635	0.00768989	0.000916967	0
4072.708939802	3434.956934938	0.0502395	0.543735	0.319636	-0.0157857	0.00796328	0.000923858	0
4070.627381543	3445.93196387	0.0464575	0.466805	0.30583	-0.0146388	0.00768989	0.00103044	0
4075.607453722	3440.887278167	0.0507712	0.431582	0.301568	-0.0144218	0.00761716	0.000936119	0
4076.23045588	3439.415955157	0.0443115	0.448495	0.289096	-0.0132667	0.00747224	0.000927116	0
4096.135527818	3451.902469013	0.0385617	0.476405	0.238987	-0.0127208	0.00775766	0.00112707	0
4088.672464354	3444.647131838	0.041893	0.565494	0.249482	-0.013662	0.00768989	0.000951017	0
4080.147205558	3448.892420825	0.0400772	0.627128	0.310131	-0.0137507	0.00749969	0.000762037	0
4098.626650819	3455.212858476	0.0337766	0.617797	0.345018	-0.0128082	0.00689627	6.89977e-05	0
4110.223443907	3450.787015491	0.036254	0.582583	0.351794	-0.00538805	0.00395209	-0.000817834	0
4094.619566634	3444.713137072	0.0221908	0.532465	0.262491	-0.00858466	0.00368495	-0.000134541	0
4084.069510567	3453.441194192	0.0250011	0.517748	0.245653	-0.011642	0.00472804	9.78589e-06	0
4081.760747334	3444.289865416	0.0210221	0.347889	0.224066	-0.0122941	0.00465383	0.000727849	0
4095.210605513	3457.660989094	0.0245963	0.346408	0.293509	-0.0114773	0.00412514	0.000266925	0
4093.867020604	3453.595555638	0.0357999	0.392444	0.282277	-0.00963737	0.00467435	-0.0004888	0
4093.478872064	3447.067323734	0.0215694	0.455545	0.293518	-0.00983162	0.00478332	-0.000148379	0
4087.213988766	3441.289945015	0.022816	0.559815	0.278131	-0.00926816	0.00481638	-0.00011629	0
4100.139874594	3449.283912184	0.04526	0.60916	0.265909	-0.00880528	0.00475411	-5.59781e-05	0
4107.494971414	3454.426732652	0.0290558	0.669822	0.244972	-0.00830164	0.00455874	-0.000158992	0
4109.154485564	3448.841781889	0.0297568	0.671182	0.230181	-0.00893425	0.00470045	-5.55226e-05	0
4095.95872338	3447.763696409	0.0316482	0.646788	0.29794	-0.0095361	0.00492727	-6.32099e-05	0
4092.45846248	3451.632860335	0.0456113	0.567964	0.322286	-0.0104229	0.00513717	0.000231758	0
4087.766381866	3456.999889057	0.0487691	0.427781	0.266875	-0.00976935	0.00534118	0.000167832	0
4099.505037166	3460.588268815	0.0344601	0.383448	0.273153	-0.00967922	0.00494721	0.000231758	0
4090.489862612	3455.398301751	0.0331627	0.390333	0.249647	-0.00922797	0.00529033	4.00828e-05	0
4090.496625624	3456.853559994	0.030506	0.409212	0.266615	-0.00857503	0.00509873	0.000231758	0
4076.692997545	3449.819986435	0.0282502	0.459969	0.270127	-0.00905003	0.00511875	0.000231758	0
4076.340515838	3451.761029227	0.0323619	0.518623	0.26064	-0.00895911	0.00563622	0.000231758	0
4079.158356694	3447.662069303	0.023079	0.589519	0.255758	-0.0087884	0.00528005	0.000231758	0
4072.487129134	3454.272720441	0.0351981	0.620517	0.275157	-0.00907832	0.00575629	0.000110815	0
4067.645457151	3449.792047711	0.0395635	0.624644	0.301875	-0.0105657	0.00544279	0.000231758	0
4070.627462055	3454.521724311	0.0354108	0.546325	0.27137	-0.0104142	0.00551168	0.000177363	0
4051.149264949	3457.937582454	0.0296012	0.455506	0.276569	-0.00984954	0.00564362	0.000363654	0
4052.179819049	3465.173013288	0.0326636	0.424209	0.255982	-0.0102306	0.00530632	0.000391482	0
4044.934621163	3456.128550128	0.0323025	0.433914	0.277382	-0.00978985	0.00552351	0.000459144	0
4047.528477527	3457.433986968	0.0241669	0.449528	0.281502	-0.01005	0.00550441	0.000158986	0
4037.265849439	3447.327153859	0.0411318	0.453528	0.281098	-0.00994271	0.00559723	0.000490714	0
4049.221726221	3445.093452941	0.0223832	0.57411	0.33885	-0.0115127	0.00572329	0.000309183	0
4044.169917816	3438.495723463	0.0473979	0.607078	0.351142	-0.0125392	0.00645977	0.0002566	0
4043.140490884	3451.143234211	0.0397666	0.588451	0.337122	-0.0122991	0.00592795	0.000333478	0
4052.334563189	3441.804366755	0.042275	0.505247	0.286925	-0.011678	0.00617113	0.000463869	0
4045.164322011	3450.418922813	0.0419746	0.493499	0.291968	-0.0105629	0.0057745	0.00034154	0
4047.97121323	3445.115454686	0.0283159	0.494796	0.30121	-0.0105612	0.00570547	0.000594707	0
4046.624327328	3437.754648831	0.0360415	0.496901	0.282055	-0.0102688	0.00569144	0.00040164	0
4057.407063188	3442.787111343	0.0260576	0.54943	0.337486	-0.0110945	0.00565863	0.000354345	0
