4570.460986671	3470.732271871	-0.0256521	0.274217	0.0272877	-0.00132676	-0	0.00105515	1
4451.029069967	3460.959389274	-0.0329613	0.265814	0.00117405	-0.000863188	0.000141736	0.0012436	1
4352.443788622	3467.646374101	-0.0438905	0.281587	-0.0270606	-0.00118997	-0.000333381	0.00141636	1
4266.429563171	3458.820437097	-0.0449357	0.303265	0.0144963	-0.000268575	-0.000280934	0.00161188	1
4204.552993346	3453.738882355	-0.0514126	0.298058	0.00545842	-0.000649004	-0.000350081	0.00148499	1
4172.104517184	3454.200195637	-0.0506918	0.322678	0.0418136	-0.000290672	-0.000344843	0.00140131	1
4138.140418199	3466.935510162	-0.05452	0.319034	0.0301493	-0.00121948	-0.000372952	0.00146333	0
4129.824978687	3451.135997924	-0.053584	0.307032	0.0564474	-0.000854258	-0.000364292	0.00103977	0
4113.209752857	3465.061822476	-0.056346	0.313469	0.0444538	-0.00101511	-0.0001788	0.000896454	0
4123.308972399	3466.106792466	-0.0458786	0.340227	0.097793	-0.00135036	-7.06729e-05	0.000800933	0
4106.544143075	3466.104921771	-0.0461971	0.326531	0.1042	-0.00211997	0.000328015	0.000683864	0
4105.025526471	3473.102067758	-0.0459575	0.259082	0.134159	-0.00254325	0.000164362	0.000563326	0
4093.581415138	3470.84301699	-0.0410955	0.21663	0.0959556	-0.00166118	-0.000101222	0.000500199	0
4098.441775206	3467.648244795	-0.0455653	0.220863	0.118206	-0.00140234	-6.54593e-05	0.00041289	0
4086.519856485	3460.862861434	-0.0601523	0.261844	0.0913295	-0.00120926	-0.000202801	0.000464183	0
4092.296398959	3456.266190725	-0.050732	0.321278	0.099871	-0.000181478	-0.000170474	0.000539012	0
4084.748564797	3449.736344243	-0.0538534	0.404608	0.112214	-0.00170357	-0.000148336	0.000226212	0
4107.342969281	3470.597956	-0.0308998	0.432458	0.132746	-0.000983305	0.000370079	0.000140573	0
4107.030161974	3478.136106858	-0.0282406	0.37302	0.099116	-0.00187675	0.000146226	9.24247e-05	0
4120.336575927	3484.847410714	-0.0279043	0.277644	0.0845222	-0.000737835	-3.05276e-05	0.00035479	0
4100.779832333	3484.226340115	-0.0449515	0.246812	0.0630152	-0.000968299	-0.000340699	0.000260468	0
4102.47465431	3480.425462879	-0.0392512	0.235138	0.0563621	-7.56567e-05	-3.32459e-05	0.000646347	0
4086.955066651	3473.017512363	-0.0516387	0.303095	0.0585122	-0.00075392	-0.000400943	0.000516609	0
4098.395756521	3477.099742064	-0.0311926	0.357144	0.0893404	-0.000565954	0.000190934	0.000533284	0
4078.687869774	3480.366723069	-0.0314562	0.370843	0.0772232	-0.00128041	1.28482e-05	0.000397591	0
4093.708779119	3486.093293301	-0.0220426	0.335448	0.0960291	-0.000540924	0.000153404	0.000315007	0
4088.955510861	3487.335060359	-0.0390105	0.296743	0.038501	2.63409e-05	-1.10667e-05	0.000166007	0
4100.533315883	3480.215570947	-0.030277	0.320364	0.0656149	0.000526811	0.0012639	0.000485449	0
4073.677820675	3484.604220419	-0.0632104	0.317375	0.0408662	6.59027e-05	0.00102786	0.000248008	0
4072.781739367	3466.238115225	-0.0702517	0.339439	0.0561819	0.000701748	0.00077984	0.000304027	0
4067.104932556	3474.811134321	-0.0648803	0.356876	0.0309175	0.000225945	0.000861646	0.000563816	0
4069.858098751	3468.982424166	-0.0483988	0.39885	0.0616599	0.000401468	0.000713985	0.000624755	0
4070.487733583	3466.014380154	-0.0385386	0.398031	0.0829916	0.00022333	0.000491227	0.00064335	0
4076.940870477	3468.313089647	-0.0293307	0.355471	0.112171	-0.000236715	0.000697393	0.000573818	0
4072.877882493	3462.690904172	-0.0317795	0.282382	0.102017	-5.84654e-05	0.000700744	0.000570889	0
4071.509125994	3466.330527537	-0.0402704	0.278463	0.0816704	-0.000196092	0.000372854	0.000558123	0
4072.601171628	3448.491584073	-0.0418589	0.254712	0.0914037	0.000420987	0.00025811	0.000230113	0
4068.052592427	3460.792523318	-0.0507142	0.295378	0.0872381	3.76353e-05	9.34699e-06	0.000241117	0
4070.882142796	3451.390786525	-0.0511299	0.325377	0.109572	0.000384959	0.000207732	0.000210742	0
4057.75911929	3440.37613687	-0.0577088	0.361038	0.0851428	4.64332e-05	-2.90754e-05	0.000190489	0
4071.212741713	3443.546964174	-0.0414372	0.406666	0.134297	-0.000654245	0.000471185	0.000212911	0
4073.449694592	3450.655977696	-0.0362539	0.381273	0.131304	-0.00120536	8.73456e-05	-3.06213e-05	0
4088.138037678	3451.903356838	-0.0240473	0.361067	0.169314	-0.00121675	-7.03495e-05	0.000204368	0
4084.408813465	3460.235056335	-0.0273612	0.258141	0.109713	-0.000791109	9.29305e-05	-5.39166e-06	0
4111.771797257	3461.053672281	-0.0484579	0.218662	0.0535277	-0.000176599	-0.000144135	-7.71431e-05	0
4083.370399273	3456.721143646	-0.0479214	0.264705	0.0694294	-0.000212647	-0.000255762	0.000262635	0
4084.273237971	3454.161659329	-0.0591439	0.292873	0.0977601	3.77086e-05	-4.01735e-05	9.7123e-05	0
4084.218323481	3452.574562052	-0.0492319	0.381379	0.10293	-0.000885745	0.000234799	-0.000191972	0
4093.46097962	3460.827692376	-0.0435956	0.417459	0.113323	-0.00065388	0.00041838	-0.000254894	0
4090.150799157	3455.133298091	-0.0423847	0.403612	0.0938748	-0.00074724	0.000537649	-0.000422586	0
4097.637987878	3471.531432593	-0.0408479	0.291611	0.107628	-0.000568111	0.00032418	-0.000650191	0
4101.419303874	3470.788392708	-0.0575805	0.268979	0.0688789	-6.00447e-05	0.000308877	-0.000555809	0
4100.214863162	3464.027328376	-0.055182	0.264869	0.0866201	0.000584114	6.97169e-05	-0.00055646	0
4102.974187991	3470.985563916	-0.0791622	0.268488	0.0795626	0.00108526	-0.00042749	-0.00130967	0
4125.370831881	3468.166053053	-0.0526937	0.34586	0.14699	0.00672019	-0.00230036	-0.00249102	0
4107.388816893	3468.305981008	-0.0453173	0.347801	0.179911	0.00674938	-0.00227845	-0.00373647	0
4116.490166587	3475.853859477	-0.0501838	0.297141	0.245955	0.00607408	-0.00200905	-0.00410819	0
4098.273524735	3471.804179862	-0.0622823	0.379248	0.201214	0.00585391	-0.001558	-0.00481226	0
4100.878627094	3479.184444098	-0.0331917	0.335049	0.336694	0.00794598	-0.00321216	-0.00582905	0
4109.789144657	3485.497290009	-0.0521483	-0.0998893	0.182425	0.00955245	-0.00497506	-0.00759143	0
4091.037043757	3482.550571915	-0.0421023	-0.0940317	0.035247	0.0122569	-0.00454269	-0.00892781	0
4085.96626368	3464.618842001	-0.0670116	0.0359159	-0.102134	0.0172727	-0.00613722	-0.0117955	0
4072.144320705	3451.380310635	-0.154151	0.161796	-0.0447197	0.0186402	-0.00719782	-0.0111477	0
4067.546215819	3448.19601433	-0.145767	0.275135	0.0113951	0.0203436	-0.0070862	-0.00937669	0
4064.565693371	3442.807291539	-0.214856	0.298447	0.0388326	0.0258846	-0.00694442	-0.00980911	0
4058.427929881	3428.64575947	-0.213907	0.292427	-0.0224579	0.026472	-0.00588889	-0.00951858	0
4059.384228947	3429.821303941	-0.212332	0.412618	-0.019504	0.0241294	-0.00679295	-0.00920175	0
4065.053508539	3441.249751236	-0.155475	0.305376	-0.0119818	0.0219605	-0.00686033	-0.00812375	0
4079.230856042	3457.265889906	-0.108712	0.186565	-0.0419792	0.0209153	-0.00739183	-0.00709688	0
4081.84023523	3444.007529178	-0.0840123	0.167183	0.0142711	0.0205498	-0.00812015	-0.0062941	0
4072.107882118	3454.560491412	-0.074073	0.0657704	0.0349791	0.0211935	-0.00738264	-0.00641354	0
4079.088523157	3446.857719432	-0.0731073	0.108427	0.0928684	0.0216111	-0.00724897	-0.00666683	0
4086.122539028	3442.613487581	-0.0624123	0.145262	0.177203	0.0216392	-0.00650581	-0.00778774	0
4067.243159684	3437.564857063	-0.069211	0.130677	0.174594	0.0226317	-0.00658429	-0.00778774	0
4049.701059374	3435.386246161	-0.0827408	0.146735	0.169826	0.0223763	-0.00714899	-0.00796962	0
4040.861879326	3430.082078764	-0.0825344	0.222866	0.164675	0.0247692	-0.00704011	-0.00811668	0
4032.246890678	3419.205860508	-0.0864235	0.267763	0.170487	0.0243406	-0.00765088	-0.00813605	0
4037.60618567	3418.151911184	-0.0955049	0.280112	0.168661	0.0251317	-0.00723381	-0.00826961	0
4031.053911869	3414.096245346	-0.10273	0.315476	0.173055	0.0248747	-0.00796001	-0.00828904	0
4028.711663449	3424.236158219	-0.0983511	0.262087	0.15855	0.0251802	-0.00763228	-0.00803096	0
4015.208258732	3420.939994378	-0.10757	0.28538	0.148299	0.0255613	-0.00820509	-0.00776749	0
4010.873093321	3423.957798866	-0.0905164	0.201338	0.144399	0.0245796	-0.00748219	-0.00770023	0
4010.897043566	3427.10804853	-0.0932363	0.179958	0.117452	0.0237922	-0.00786508	-0.00681107	0
4009.215137614	3422.291758278	-0.0723128	0.223853	0.157023	0.0239479	-0.00766926	-0.00682119	0
4012.79732443	3430.265406833	-0.0646603	0.259218	0.23649	0.0230184	-0.00720784	-0.00763164	0
4016.346750733	3427.319437017	-0.076043	0.24674	0.216871	0.0218378	-0.0066154	-0.00802046	0
4002.059146567	3429.873683389	-0.0722105	0.186275	0.216213	0.0228159	-0.00637497	-0.00810276	0
4007.307671676	3427.68384832	-0.0809873	0.163809	0.263522	0.0228808	-0.00733561	-0.00782233	0
4001.733166626	3412.499794597	-0.0924848	0.210965	0.257971	0.0228648	-0.00737586	-0.00782233	0
4012.473482904	3408.078969178	-0.0926468	0.287108	0.251951	0.0240092	-0.00741128	-0.00732233	0
4015.707022583	3414.031893453	-0.107205	0.290583	0.213556	0.0224547	-0.00741117	-0.00724405	0
4028.995730462	3417.366967741	-0.10068	0.346374	0.174337	0.0234997	-0.00726614	-0.00697952	0
4030.009937799	3415.308455431	-0.0990319	0.367439	0.193852	0.0209664	-0.00702272	-0.00672637	0
4050.847848425	3432.55251802	-0.0885286	0.279362	0.183774	0.0182159	-0.00596209	-0.00636353	0
4039.071512979	3431.491460057	-0.0922215	0.168307	0.190673	0.0188696	-0.00593585	-0.00579034	0
4049.425289411	3445.866625446	-0.0921703	0.164405	0.164162	0.018138	-0.00583548	-0.00552956	0
4048.17192177	3433.305659655	-0.0998797	0.167109	0.140486	0.0182469	-0.00506152	-0.00521349	0
4057.65707414	3441.382570551	-0.0899347	0.233701	0.125333	0.0158342	-0.00466122	-0.00416977	0
4054.804514428	3438.41751965	-0.0886455	0.224591	0.131288	0.0147212	-0.00441102	-0.00362713	0
4049.5730111	3442.39985426	-0.0868222	0.276769	0.137642	0.0127926	-0.00454581	-0.00332683	0
4043.406079633	3442.043674013	-0.0885567	0.273768	0.16181	0.0127269	-0.0042928	-0.00377588	0
4042.835978267	3431.917230142	-0.10084	0.286506	0.157706	0.0127179	-0.00486962	-0.00388614	0
4040.101202439	3439.367458355	-0.0965694	0.28473	0.163822	0.0135183	-0.00477154	-0.00417971	0
4059.801733039	3437.755667909	-0.0887579	0.311381	0.230466	0.0126796	-0.00451742	-0.00422897	0
4061.510583017	3450.335340646	-0.101208	0.262964	0.265716	0.0130275	-0.0046902	-0.0049188	0
4059.645799837	3442.998850663	-0.0998193	0.210573	0.196018	0.0133196	-0.00490791	-0.00469229	0
4069.782142259	3442.919907352	-0.0958917	0.116744	0.192033	0.0145093	-0.00516598	-0.00497851	0
4063.796548361	3447.780345996	-0.101312	0.12598	0.183671	0.0165757	-0.00521286	-0.00489014	0
4060.655815882	3440.70687567	-0.102476	0.192732	0.205632	0.0145727	-0.00524039	-0.00491177	0
4069.948853072	3435.2279854	-0.103882	0.218344	0.195839	0.0155732	-0.00529153	-0.00478773	0
4067.50481611	3432.803565232	-0.104996	0.313149	0.172681	0.015018	-0.00486402	-0.00485026	0
4087.409265939	3433.109985003	-0.0840829	0.351927	0.256381	0.0131173	-0.00413792	-0.00473277	0
4097.972350404	3453.019413222	-0.0844606	0.317451	0.223553	0.0108252	-0.00385846	-0.00444099	0
4102.755128786	3450.786552177	-0.0854458	0.239561	0.171958	0.0136153	-0.00377253	-0.00444335	0
4093.084960774	3447.434641639	-0.100983	0.207297	0.135183	0.0136618	-0.0045457	-0.00429171	0
4095.62394335	3455.111598034	-0.0903227	0.230668	0.122629	0.0136199	-0.00418696	-0.00348671	0
4102.668993441	3461.169655344	-0.102967	0.244179	0.0815199	0.0104046	-0.00437656	-0.00292764	0
4106.942829117	3447.210906567	-0.0749328	0.293035	0.0822472	0.00984356	-0.00448466	-0.00193569	0
4085.784669501	3455.895044922	-0.0562581	0.319489	0.050813	0.00868409	-0.0053748	-0.00145299	0
4087.250510029	3448.864600571	-0.047165	0.322354	0.107693	0.00867361	-0.00484936	-0.00150818	0
4077.968164913	3456.363092704	-0.058901	0.295165	0.0941097	0.00805918	-0.00453472	-0.00165719	0
4081.495180629	3454.036322792	-0.0624236	0.296425	0.0860561	0.00932762	-0.00497462	-0.00211351	0
4074.182058868	3443.16197523	-0.0703713	0.268973	0.0954741	0.00864142	-0.00475125	-0.00226829	0
4085.663378618	3457.231094987	-0.078792	0.275609	0.12469	0.00814057	-0.0041043	-0.00240259	0
4090.691561474	3445.824721888	-0.081703	0.269122	0.133719	0.00746591	-0.00375236	-0.00237602	0
4092.399213939	3461.14683287	-0.0698445	0.236281	0.128882	0.00726111	-0.00358764	-0.00226628	0
4087.85713552	3458.631496945	-0.0730172	0.184102	0.0953298	0.00787993	-0.0035845	-0.00235488	0
4095.113974205	3456.201090554	-0.0674237	0.181298	0.11793	0.00900771	-0.00361642	-0.00236821	0
4081.677715711	3444.833253763	-0.0760931	0.239027	0.0832402	0.00877312	-0.00384407	-0.00216592	0
4084.242958019	3444.575472051	-0.0679128	0.312311	0.0732439	0.00869312	-0.00467534	-0.00162199	0
4089.874344901	3450.655603557	-0.0439037	0.363036	0.0657912	0.00837308	-0.00547052	-0.000948223	0
4093.764634512	3447.407703637	-0.0415064	0.356229	0.0605907	0.00746785	-0.00535127	-0.000684218	0
4093.82134527	3444.934645409	-0.0436539	0.353963	0.0285721	0.00714597	-0.0050351	-0.000477975	0
4091.837666232	3452.895199102	-0.0431103	0.350992	0.0460802	0.0060801	-0.00458067	-0.000357495	0
4115.389054075	3464.238342724	-0.0435811	0.310115	0.144104	0.00528117	-0.0036127	-0.000443325	0
4113.418376598	3479.666709159	-0.0466603	0.260189	0.183802	0.0049042	-0.00348505	-0.00021191	0
4097.747132565	3462.485127769	-0.0432628	0.196434	0.171007	0.00556538	-0.00321392	-0.000222264	0
4085.727958743	3461.288631519	-0.0530931	0.194844	0.166939	0.00626086	-0.00395712	-0.00083117	0
4084.633518085	3455.751749717	-0.062939	0.206777	0.189134	0.00721579	-0.00381176	-0.001092	0
4068.786838508	3447.97564651	-0.0719942	0.243641	0.173256	0.0069342	-0.00422697	-0.00158242	0
4077.623452459	3441.990172149	-0.0666159	0.292871	0.172411	0.00761696	-0.00357426	-0.00166395	0
4082.832203054	3446.644086111	-0.0703668	0.332725	0.171976	0.0081057	-0.00397884	-0.00273212	0
4085.951123704	3442.949838465	-0.0628406	0.345231	0.223592	0.00839357	-0.00354309	-0.00300785	0
4083.506231377	3454.415325513	-0.0601678	0.309654	0.241171	0.00741533	-0.00356926	-0.00323576	0
4098.844652541	3455.062585836	-0.0589662	0.199699	0.23477	0.00840612	-0.00366183	-0.00367962	0
4087.141450878	3459.824251806	-0.0694012	0.176193	0.182731	0.00877679	-0.00356793	-0.00355166	0
4102.674125636	3447.851058251	-0.0753933	0.176777	0.218036	0.00959545	-0.00350482	-0.00343225	0
4085.595034883	3448.561922189	-0.0807942	0.205708	0.196688	0.00916578	-0.00386297	-0.00350566	0
4101.378417384	3439.23127179	-0.0704595	0.296775	0.227798	0.00944721	-0.00359324	-0.00336252	0
4095.67158723	3433.071822834	-0.0653469	0.313722	0.228176	0.00823796	-0.00317857	-0.00376387	0
4108.014859189	3450.765226259	-0.0529864	0.329295	0.254498	0.00788788	-0.00275675	-0.00360951	0
4096.619418174	3460.410527486	-0.0597948	0.240055	0.199481	0.00822229	-0.00318875	-0.00391375	0
4107.581787438	3455.239179404	-0.0555919	0.206497	0.21008	0.00963768	-0.00338893	-0.00374991	0
4089.99700437	3455.897289755	-0.0743833	0.197687	0.189432	0.00935018	-0.00382094	-0.00388453	0
4095.006711323	3454.493146407	-0.0677463	0.231048	0.19675	0.0105354	-0.00384081	-0.00373851	0
4084.196597188	3450.666827725	-0.0593404	0.256567	0.202896	0.00943453	-0.00359245	-0.00346357	0
4089.466249834	3448.256250696	-0.0622773	0.316939	0.244383	0.00888483	-0.00312717	-0.00399031	0
4089.271055338	3455.376114247	-0.0570759	0.318552	0.270481	0.00881427	-0.00308683	-0.00437059	0
4098.142140534	3464.963798081	-0.0592659	0.266381	0.291499	0.00834491	-0.00288757	-0.00461588	0
4081.796269423	3464.18820811	-0.0514525	0.146548	0.254339	0.00975828	-0.00299084	-0.00478144	0
4076.184555956	3456.58869847	-0.0679318	0.167045	0.252894	0.00972947	-0.00369345	-0.00461037	0
4072.690557363	3449.220780818	-0.0721934	0.164188	0.255246	0.010705	-0.00342251	-0.00449558	0
4065.104830492	3454.154176551	-0.0714211	0.265963	0.240429	0.00957704	-0.00327868	-0.00426475	0
4074.7941587	3445.478643391	-0.045204	0.325865	0.266376	0.00907832	-0.00291298	-0.00425412	0
4082.865305714	3457.956176204	-0.0460225	0.323465	0.260847	0.00835466	-0.00303378	-0.00462761	0
4089.706949796	3446.764184703	-0.0476361	0.245252	0.24716	0.00848409	-0.00268826	-0.00437972	0
4074.824609726	3456.169288746	-0.068491	0.210551	0.217242	0.0099611	-0.00301584	-0.00476352	0
4075.131686081	3448.543589382	-0.0653144	0.201435	0.224806	0.011007	-0.00334723	-0.00430525	0
4069.05713413	3440.136687964	-0.0723335	0.230811	0.223596	0.00966717	-0.0030167	-0.00402864	0
4078.917792126	3444.774513953	-0.0597062	0.283295	0.235971	0.00978131	-0.00283516	-0.00430881	0
4079.037201204	3448.204993664	-0.0552668	0.30331	0.244452	0.00859205	-0.00281947	-0.00415187	0
4085.307546407	3442.785217343	-0.0504231	0.230686	0.225055	0.00890155	-0.0026549	-0.00438019	0
4073.766008898	3449.088335643	-0.0747701	0.213476	0.204983	0.0095763	-0.00318332	-0.0040367	0
4080.099052422	3440.456202597	-0.0785238	0.213667	0.184055	0.00979458	-0.00322841	-0.00365586	0
4066.725834393	3444.083105239	-0.0860197	0.277612	0.163057	0.00925003	-0.00362538	-0.00319746	0
4074.401887902	3441.030131693	-0.0531741	0.319473	0.199389	0.00884666	-0.00301569	-0.00299252	0
4072.307353444	3453.957005342	-0.0543256	0.314741	0.22833	0.00762337	-0.0031401	-0.0027163	0
4084.104388744	3454.59566047	-0.0579704	0.281541	0.197905	0.0079579	-0.002845	-0.00210624	0
4072.5873147	3452.51993777	-0.0715101	0.290391	0.120859	0.00737397	-0.0027168	-0.00143544	0
4077.638677972	3454.514098187	-0.0668638	0.307547	0.116999	0.00709806	-0.00270822	-0.000774068	0
4052.724350117	3453.991426123	-0.079786	0.291549	0.10301	0.00644037	-0.0026451	-0.00122876	0
4057.638683773	3448.468013322	-0.0741477	0.287837	0.13907	0.00666561	-0.00258422	-0.00111848	0
4050.946044429	3447.466443446	-0.0828043	0.2959	0.114874	0.00680074	-0.00254392	-0.00125544	0
4066.186611735	3449.008269915	-0.0810522	0.308479	0.156352	0.00647011	-0.00258287	-0.0016751	0
4073.62051116	3440.360048896	-0.06696	0.309528	0.214206	0.00622971	-0.00275643	-0.00206291	0
4078.15181197	3454.808171374	-0.0604678	0.268838	0.235278	0.00619955	-0.00268403	-0.00223512	0
4061.379968645	3447.977143065	-0.0644816	0.224439	0.175224	0.00643812	-0.00290739	-0.00187522	0
4064.377940558	3456.196975026	-0.0649422	0.233058	0.152869	0.00657074	-0.00302334	-0.00148545	0
4065.780826156	3435.281861404	-0.0477125	0.260047	0.122459	0.00645912	-0.00328088	-0.00137152	0
4061.230963907	3446.783639927	-0.0502354	0.301835	0.14118	0.0063436	-0.00331125	-0.00150917	0
4063.088476477	3442.778482842	-0.04695	0.284219	0.136703	0.00636123	-0.00309093	-0.0016631	0
4061.159540855	3439.273549487	-0.0530323	0.316264	0.127664	0.0063625	-0.00333126	-0.00162133	0
4075.833941477	3444.628225638	-0.0471458	0.299545	0.147111	0.00628239	-0.00277531	-0.00181772	0
4082.570375555	3452.360928731	-0.0514965	0.329524	0.15447	0.0052695	-0.00253912	-0.00180934	0
4091.550177756	3453.235665514	-0.0497013	0.290631	0.173661	0.00558057	-0.0021127	-0.0020446	0
4088.829686538	3460.305020312	-0.0598466	0.188128	0.124654	0.00571518	-0.002588	-0.00225106	0
4107.705986565	3462.539752051	-0.0627109	0.159115	0.0681523	0.00695232	-0.00281728	-0.0022918	0
4090.401934583	3457.120724007	-0.0713282	0.214685	0.0959765	0.00659495	-0.00336622	-0.00235173	0
4085.000298979	3452.524801576	-0.0641623	0.24842	0.136255	0.00713902	-0.00297978	-0.00194813	0
4076.618226463	3452.732448674	-0.0693237	0.309677	0.132534	0.00607914	-0.00294592	-0.00235061	0
4096.820343622	3458.566770913	-0.0577939	0.354142	0.184096	0.00596484	-0.00246146	-0.00279865	0
4095.017403396	3460.699362728	-0.0582689	0.364339	0.177063	0.00560742	-0.00279432	-0.00322694	0
4106.466817998	3461.429307751	-0.0513341	0.280269	0.179237	0.00629053	-0.00270461	-0.00322694	0
4093.759331243	3469.00524664	-0.0683455	0.210064	0.140037	0.00675886	-0.00300043	-0.0031776	0
4096.399418067	3463.049329253	-0.0636301	0.198253	0.158478	0.00715602	-0.00312828	-0.00278591	0
4082.417179524	3460.661948837	-0.0695552	0.241539	0.132127	0.00658342	-0.00339694	-0.00269428	0
4098.479240232	3450.530267021	-0.0595745	0.310209	0.171183	0.00656665	-0.0029879	-0.00292819	0
4098.647747312	3454.142204105	-0.0541082	0.325287	0.13818	0.00514705	-0.00276097	-0.00267898	0
4120.285425047	3463.904610812	-0.0590204	0.317168	0.119147	0.00561603	-0.00259379	-0.00290583	0
4090.119407229	3464.951451496	-0.0581767	0.217145	0.0866034	0.0062251	-0.00303991	-0.00242585	0
4096.871665575	3455.905520811	-0.0519483	0.247994	0.116221	0.00743043	-0.00265968	-0.00244733	0
4080.336416456	3464.390991402	-0.0645437	0.265914	0.107189	0.0073617	-0.00287899	-0.00250956	0
4100.88273285	3453.128661785	-0.0562037	0.312954	0.160607	0.00716504	-0.00248348	-0.00269302	0
4089.984858174	3458.357253121	-0.0617083	0.304968	0.169863	0.00587798	-0.00236069	-0.00318737	0
4110.41450266	3458.584729581	-0.0576506	0.258013	0.144371	0.00670297	-0.00229236	-0.00290312	0
4100.145920671	3457.960665871	-0.0814316	0.216408	0.0931753	0.0070807	-0.00291586	-0.00283868	0
4093.226181683	3455.380978053	-0.0725688	0.21768	0.12312	0.00757032	-0.00251419	-0.00260019	0
4074.127144378	3455.135917063	-0.0851721	0.228861	0.102087	0.00742388	-0.00330009	-0.00277127	0
4082.446005354	3446.402018233	-0.0751746	0.253429	0.116706	0.00791347	-0.00323628	-0.00264976	0
4067.752358999	3452.209402471	-0.0772693	0.283176	0.107652	0.0072734	-0.00322239	-0.00270985	0
4074.359290681	3453.362124468	-0.0684363	0.309142	0.159662	0.00646397	-0.00279853	-0.00286562	0
4070.039350783	3447.80990297	-0.0655358	0.319578	0.178016	0.006331	-0.00269131	-0.00282744	0
4071.590642364	3457.726080771	-0.060602	0.276649	0.179589	0.00620975	-0.00269447	-0.00295159	0
4062.414277081	3448.795010733	-0.0710538	0.207368	0.140457	0.00729321	-0.00287616	-0.00283243	0
4065.606588124	3457.396090248	-0.0720851	0.197548	0.163655	0.00749888	-0.00308984	-0.00276819	0
4059.334788799	3442.877255516	-0.0732598	0.226375	0.1607	0.00749587	-0.00312152	-0.00269203	0
4056.543644359	3452.232599084	-0.0673333	0.253787	0.171404	0.00763543	-0.00312123	-0.00267746	0
4057.908551712	3441.994661816	-0.0674641	0.279234	0.150673	0.00758729	-0.00317871	-0.00252351	0
4059.672145106	3435.132205838	-0.0590111	0.337042	0.146022	0.00669424	-0.00294185	-0.0024736	0
4074.01397947	3450.5579533	-0.0401844	0.334689	0.119426	0.0067314	-0.00246843	-0.00232875	0
4074.984221001	3453.77854108	-0.0400333	0.355166	0.144157	0.00616798	-0.00273017	-0.00255488	0
4068.856892975	3455.249281155	-0.0571666	0.212594	0.116507	0.00626959	-0.00279894	-0.00219841	0
4070.29322338	3452.971149302	-0.0566789	0.23455	0.112542	0.00727824	-0.0028581	-0.00188496	0
4066.884419229	3444.038956847	-0.0577964	0.257789	0.0995708	0.00774569	-0.00334426	-0.00167362	0
4072.910643007	3448.92708177	-0.0661979	0.281828	0.0783108	0.00651959	-0.00294376	-0.00124388	0
4067.327755371	3457.738053217	-0.0469071	0.315507	0.0677614	0.00555126	-0.00302766	-0.000379228	0
4067.268991734	3454.188597331	-0.033474	0.379284	0.0679608	0.00517714	-0.00355687	-0.000402788	0
4068.755275507	3453.171313621	-0.0158681	0.367406	0.090515	0.00561435	-0.00317563	-0.000481665	0
4059.978964852	3451.344019161	-0.010795	0.357505	0.09933	0.00441977	-0.00322971	-0.000475237	0
4071.079817853	3453.466135086	-0.0114585	0.291222	0.10123	0.00527521	-0.00281118	-0.000826724	0
4065.890141917	3458.878428629	-0.0281197	0.263907	0.0943998	0.00531368	-0.00319071	-0.00092313	0
4075.239120037	3451.306605269	-0.026625	0.252859	0.111221	0.00641991	-0.00341161	-0.001096	0
4066.176775027	3458.027262598	-0.0287752	0.270904	0.100916	0.00536755	-0.0030495	-0.00136223	0
4082.800982199	3451.423710749	-0.0326763	0.326107	0.144278	0.00583219	-0.00254493	-0.00139758	0
4075.215597475	3452.417423707	-0.0373928	0.327839	0.150991	0.00499766	-0.00220515	-0.0015545	0
4088.137438922	3455.830693028	-0.0316249	0.319635	0.169068	0.00528325	-0.00216079	-0.00162676	0
4088.310479442	3456.32305984	-0.0414004	0.268801	0.0941131	0.00585938	-0.00195549	-0.000958921	0
4090.220340404	3448.080031267	-0.0416672	0.29209	0.0901045	0.0065585	-0.00209401	-0.000591414	0
4074.10653006	3449.19608765	-0.0460519	0.306843	0.05093	0.00637823	-0.00237969	-0.000605828	0
4084.912880585	3449.145204758	-0.0485779	0.32603	0.0482234	0.00580479	-0.00230919	-0.000532038	0
4075.477339437	3456.174526691	-0.0388196	0.348025	0.0224556	0.00473345	-0.00318314	-8.10227e-06	0
4085.217818525	3445.229092735	-0.0368157	0.352529	0.0368213	0.00468666	-0.00276831	-0.000130954	0
4080.492435195	3457.540882008	-0.0444946	0.354877	0.018562	0.00380115	-0.00217578	0.000269686	0
4092.162448661	3456.693083227	-0.0187216	0.366664	0.0769212	0.00415011	-0.0021405	-0.000152792	0
4086.960027773	3450.057355432	-0.0340857	0.349003	0.0516151	0.00271873	-0.00145995	-0.000226796	0
4091.008303463	3463.635230794	-0.0302921	0.323054	0.0544937	0.00265422	-0.00142192	-0.000261365	0
4078.999137422	3450.638767306	-0.0473712	0.254723	0.0625935	0.00363323	-0.00214541	-0.00065149	0
4089.698738284	3453.368858968	-0.043088	0.258879	0.0700365	0.00402551	-0.00271288	-0.000714576	0
4081.064247293	3450.270988753	-0.051179	0.241912	0.0742299	0.00525446	-0.00251925	-0.000995249	0
4083.490920327	3452.7028917	-0.0632516	0.273961	0.07299	0.00527134	-0.00309244	-0.00125296	0
4076.752005689	3444.126879492	-0.043712	0.315346	0.121559	0.00567989	-0.00257546	-0.00185777	0
4097.438003332	3449.880013586	-0.0395866	0.32557	0.156214	0.00501327	-0.0024589	-0.00250095	0
4101.476356778	3452.813262679	-0.0391944	0.316832	0.134737	0.00550852	-0.00216072	-0.00256635	0
4111.567963565	3453.502052422	-0.0571618	0.253867	0.0499843	0.00662132	-0.0033452	-0.00311201	0
4099.333665221	3451.348508828	-0.0556318	0.18933	0.0850063	0.00718928	-0.00330564	-0.00270185	0
4082.367995985	3450.314388867	-0.0590184	0.194747	0.0799729	0.00669761	-0.0034503	-0.00257614	0
4090.483023269	3438.935702047	-0.0541221	0.231283	0.110266	0.00741931	-0.00286891	-0.00258458	0
4077.077557947	3451.350753661	-0.0663727	0.286743	0.0990384	0.00739523	-0.00288716	-0.00301663	0
4098.62046114	3440.431883568	-0.0463282	0.346619	0.112037	0.00686151	-0.00232425	-0.0030528	0
4102.323083474	3448.845519487	-0.0481842	0.340065	0.0975827	0.00546349	-0.00207959	-0.00351488	0
4109.218530071	3461.830758807	-0.0491163	0.298176	0.119305	0.0062563	-0.00198447	-0.00388191	0
4100.310578605	3464.480410602	-0.0650941	0.176842	0.0942254	0.00607794	-0.00240528	-0.00419097	0
4107.408233698	3457.402076471	-0.0656868	0.178322	0.130694	0.007323	-0.00253675	-0.0037242	0
4091.325558672	3456.707300506	-0.0729432	0.206909	0.109597	0.00699935	-0.0029493	-0.00356467	0
4095.331322678	3452.819623041	-0.0676315	0.252657	0.131764	0.00752653	-0.00281309	-0.00311523	0
4086.59949105	3457.554725148	-0.0621831	0.349104	0.101854	0.0060677	-0.00270617	-0.00326131	0
4100.638953571	3456.012524541	-0.0459105	0.370211	0.118543	0.00549396	-0.00203359	-0.00365553	0
4100.428533562	3467.259514463	-0.0510722	0.289755	0.0653547	0.00558414	-0.00246071	-0.00330398	0
4101.626216883	3462.610090167	-0.0527573	0.211942	0.0802255	0.00699042	-0.00260219	-0.00308019	0
4085.889195213	3460.348046287	-0.0462147	0.190463	0.0578175	0.00709909	-0.00301053	-0.00300079	0
4083.701083727	3458.732888591	-0.0411473	0.231422	0.0951531	0.00769782	-0.00282478	-0.00266587	0
4075.68365369	3451.312217353	-0.0415572	0.264735	0.0931902	0.00714262	-0.00286059	-0.00284921	0
4094.569533815	3456.763421343	-0.0299119	0.314942	0.153221	0.00620418	-0.00209409	-0.00283319	0
4084.392048294	3462.213877056	-0.0383487	0.299308	0.125311	0.00558193	-0.00209456	-0.00348296	0
4090.824913016	3458.014167736	-0.0441531	0.233184	0.128188	0.00651415	-0.00196872	-0.00337175	0
4083.585010575	3461.76416208	-0.0651885	0.198166	0.11413	0.00631399	-0.0025877	-0.0034241	0
4084.46184615	3451.271062072	-0.0507822	0.196955	0.134562	0.00761678	-0.00210863	-0.00351736	0
4067.868261078	3453.086009948	-0.062549	0.22316	0.12226	0.00727566	-0.00293066	-0.00336628	0
4079.034464033	3450.798150484	-0.056778	0.253164	0.136821	0.00766671	-0.00249635	-0.00320474	0
4073.934687052	3445.071206113	-0.064788	0.298122	0.0997664	0.00777641	-0.0028514	-0.00324746	0
4076.502495458	3443.00670758	-0.053349	0.339569	0.154177	0.00670671	-0.00191741	-0.00343159	0
4073.708271701	3453.143253202	-0.0606665	0.306895	0.140245	0.00574585	-0.00222091	-0.00367849	0
4073.714002652	3452.185083441	-0.0510065	0.223064	0.147833	0.00630715	-0.00179476	-0.00380834	0
4068.598315866	3449.527948868	-0.0659997	0.164212	0.105638	0.00710241	-0.00234502	-0.00360776	0
4062.383997128	3447.608242095	-0.0601066	0.188465	0.144297	0.00754593	-0.00204512	-0.00341598	0
4055.025113292	3447.015980193	-0.0686442	0.202236	0.13674	0.00706275	-0.00252376	-0.0033523	0
4048.871525533	3440.295697003	-0.0726513	0.251271	0.158343	0.00751621	-0.00250116	-0.00339244	0
4049.837661307	3447.012238804	-0.0723606	0.307036	0.156369	0.00686373	-0.00239324	-0.00313358	0
4060.999758506	3443.735156048	-0.0629882	0.333927	0.197991	0.0066608	-0.00204007	-0.00392849	0
4061.112153585	3443.726924992	-0.0677958	0.303198	0.169933	0.0056468	-0.00209601	-0.00374777	0
4077.394727619	3454.754669509	-0.067817	0.221365	0.128415	0.00659958	-0.00219189	-0.00358841	0
4063.026291376	3448.556310105	-0.0764937	0.199913	0.130723	0.00697349	-0.0024792	-0.0033476	0
4063.019790596	3453.236413792	-0.0764792	0.176346	0.109991	0.00726684	-0.00263478	-0.00313483	0
4066.081230657	3445.310655019	-0.0718479	0.257381	0.119405	0.0068242	-0.00261511	-0.00277236	0
4058.321009144	3452.769114288	-0.0646469	0.252658	0.0973204	0.00763565	-0.00279634	-0.00287879	0
4067.071316677	3450.70274506	-0.0583645	0.31428	0.12914	0.00633706	-0.00207413	-0.00286886	0
4076.954470795	3459.895712339	-0.0636342	0.326817	0.127685	0.00574103	-0.0018036	-0.00287222	0
4075.333124748	3458.239025224	-0.0704213	0.243682	0.0875777	0.00599089	-0.00196501	-0.00255129	0
4079.662901354	3463.155584705	-0.0648974	0.260132	0.0576316	0.00550039	-0.00202255	-0.00181589	0
4061.082130242	3463.482956255	-0.0765569	0.262019	0.0550096	0.00576437	-0.00226497	-0.00174556	0
4059.868451579	3455.499954228	-0.0822908	0.270047	0.0601167	0.00560912	-0.00227525	-0.00181589	0
4054.87320031	3457.758630857	-0.0898828	0.27443	0.0630805	0.00584288	-0.00258866	-0.00219022	0
4057.231957292	3454.241350918	-0.0860081	0.275235	0.0665274	0.00540354	-0.0025409	-0.00206589	0
4064.407279608	3458.129776661	-0.0861378	0.335452	0.0905576	0.00538375	-0.00244168	-0.00251498	0
4082.077941411	3451.357114023	-0.0753431	0.281229	0.139986	0.00539899	-0.00190133	-0.00260355	0
4067.962779009	3457.205279402	-0.078011	0.296291	0.1441	0.00451363	-0.00166267	-0.0021459	0
4084.28931885	3454.160911051	-0.0711505	0.206068	0.1179	0.00554345	-0.00157254	-0.00212232	0
4062.736322339	3448.901266185	-0.0931131	0.231263	0.0618785	0.00521137	-0.00160797	-0.00163652	0
4072.980868547	3443.671926571	-0.085102	0.261276	0.0886914	0.00539109	-0.00148709	-0.00161982	0
4057.383784737	3444.468468321	-0.0778378	0.273139	0.113399	0.0051562	-0.00217042	-0.00173692	0
4063.644036623	3439.445653388	-0.0766547	0.304376	0.141745	0.00560609	-0.00221308	-0.00186027	0
4049.643407713	3439.237632152	-0.0903493	0.301225	0.115582	0.00517014	-0.00242087	-0.00208643	0
4068.823704778	3434.752828978	-0.0843764	0.296999	0.132793	0.00559592	-0.00203062	-0.00202572	0
4055.54603112	3442.797938066	-0.0908614	0.277575	0.124575	0.00535676	-0.00207779	-0.00215298	0
4078.117084115	3441.797490607	-0.0828827	0.300075	0.143498	0.00585505	-0.001906	-0.00222866	0
4071.784382738	3439.459870667	-0.0793206	0.289645	0.159691	0.0049134	-0.00169267	-0.00295078	0
4093.900381079	3444.058786209	-0.0672384	0.26588	0.173086	0.00452611	-0.00187076	-0.00295432	0
4076.496080214	3451.407622776	-0.0688273	0.216415	0.155169	0.00452347	-0.00188092	-0.00295047	0
4087.478721649	3450.252655946	-0.0805104	0.152898	0.1554	0.00534539	-0.00220524	-0.00320487	0
4077.679992144	3446.947512771	-0.0836715	0.189212	0.128385	0.00558314	-0.00219723	-0.00295221	0
4083.413338641	3441.467874223	-0.0895953	0.231165	0.148228	0.0056654	-0.00222686	-0.00295221	0
4087.05540107	3436.540464714	-0.0859328	0.291343	0.120821	0.0056792	-0.00208669	-0.00289568	0
4090.391584656	3452.813262679	-0.0832045	0.370723	0.15835	0.00497714	-0.00189019	-0.00295221	0
4114.565422258	3456.895118241	-0.0820933	0.357438	0.109275	0.00476029	-0.00189253	-0.00295221	0
4128.451004455	3467.072819144	-0.0777365	0.376511	0.125259	0.00391062	-0.00166708	-0.00348007	0
4106.35519275	3459.639427182	-0.0796966	0.217746	0.0768091	0.00481595	-0.00192738	-0.00304178	0
4102.839125717	3473.059790061	-0.0817672	0.176729	0.105045	0.00502188	-0.00202471	-0.00293022	0
4088.598737747	3466.88799452	-0.0878492	0.179229	0.0900835	0.00614339	-0.00237281	-0.00305424	0
4088.425269545	3466.180871971	-0.08846	0.244432	0.116396	0.0054291	-0.00229032	-0.00290827	0
4093.238156806	3467.265126546	-0.076362	0.306936	0.110935	0.00524602	-0.00182882	-0.00298675	0
4088.126661312	3470.281808617	-0.0750083	0.322231	0.141285	0.00459961	-0.00163236	-0.00316809	0
4099.669909552	3470.160587609	-0.0780438	0.254056	0.100438	0.00497061	-0.00177114	-0.00318086	0
4085.328502872	3468.969703443	-0.092175	0.259317	0.102449	0.0060493	-0.0019504	-0.00327247	0
4086.097134662	3456.553903551	-0.0998363	0.254458	0.100106	0.00600006	-0.00179767	-0.0033217	0
4074.436188074	3462.415537931	-0.100655	0.289268	0.0841092	0.00603991	-0.00204347	-0.00325928	0
4086.21603052	3447.007749137	-0.0815138	0.302002	0.13244	0.00567863	-0.00140634	-0.00347416	0
4078.914114052	3457.779582636	-0.0836165	0.310008	0.131338	0.00458448	-0.00160734	-0.00324726	0
4088.148815289	3459.868400198	-0.0736799	0.274336	0.139217	0.00525293	-0.00134517	-0.00340972	0
4079.992644905	3459.64017546	-0.102205	0.200229	0.0878368	0.00551055	-0.00191541	-0.00357193	0
4075.057868004	3448.12717277	-0.0938834	0.196262	0.127857	0.00613899	-0.00211184	-0.00324726	0
4060.316150086	3451.428574555	-0.108349	0.217192	0.100761	0.0054901	-0.00241599	-0.00341949	0
4066.930951134	3438.14514652	-0.101829	0.268598	0.118164	0.0055174	-0.0021137	-0.00335835	0
4062.84888849	3447.739190715	-0.0951222	0.311454	0.121686	0.00465651	-0.00175137	-0.00324726	0
4080.289627942	3440.647387583	-0.0877592	0.31382	0.120114	0.00455478	-0.00165323	-0.00292858	0
4066.454426796	3443.555569369	-0.0972077	0.252995	0.0840632	0.00458714	-0.00184961	-0.00283849	0
4072.844694297	3437.499382753	-0.0921183	0.224225	0.108661	0.00597125	-0.00202674	-0.00284652	0
4061.044237533	3442.394616316	-0.0998713	0.245001	0.114543	0.00547745	-0.00215104	-0.00313121	0
4070.604319954	3443.15860798	-0.102249	0.255731	0.108516	0.00611654	-0.00211985	-0.00283403	0
4069.499785979	3439.10032317	-0.089721	0.280957	0.088127	0.00634964	-0.00229413	-0.00269989	0
4067.80350988	3443.307889407	-0.10129	0.287893	0.134509	0.0061128	-0.00225638	-0.00290111	0
4072.809795369	3438.633397804	-0.0979991	0.29493	0.168481	0.00589992	-0.00222563	-0.00324726	0
4074.711701428	3444.27578678	-0.0794599	0.308532	0.180363	0.00604628	-0.00283611	-0.00324726	0
4083.62350204	3451.894003366	-0.0721249	0.258554	0.141319	0.00626519	-0.00283204	-0.00332555	0
4075.100208616	3449.486045309	-0.0812671	0.145471	0.128639	0.00698182	-0.00330183	-0.00350018	0
4077.961664132	3448.693619087	-0.0852591	0.170435	0.111861	0.00727972	-0.00337244	-0.00324726	0
4083.302654294	3448.887423045	-0.0924469	0.176281	0.143164	0.00739453	-0.00325403	-0.00324726	0
4068.07132494	3456.905594131	-0.101603	0.24762	0.140137	0.00668814	-0.00343589	-0.00324726	0
4079.639720938	3445.591633344	-0.088836	0.325178	0.14951	0.00700223	-0.00285062	-0.00312371	0
4085.403176314	3458.927814966	-0.0833762	0.354768	0.145465	0.00557253	-0.00273839	-0.00293511	0
4102.349941963	3467.599980875	-0.0529327	0.352898	0.164734	0.0060902	-0.00239839	-0.00272908	0
4105.506840859	3472.351170956	-0.0671443	0.266106	0.0940957	0.0060902	-0.00279427	-0.00249605	0
4102.707741516	3467.092648506	-0.0781252	0.248442	0.0959961	0.00635265	-0.00255951	-0.00205759	0
4094.983873053	3479.082304174	-0.076329	0.258033	0.0407582	0.00556979	-0.00242554	-0.00151753	0
4088.696848215	3471.73234519	-0.0835479	0.26547	0.0639883	0.00556979	-0.0023764	-0.00175533	0
4076.356313427	3461.91942973	-0.0864189	0.248278	0.0674816	0.00553517	-0.00247769	-0.00243641	0
4076.433638504	3465.090257034	-0.0966183	0.248928	0.083962	0.00574723	-0.00235203	-0.00254555	0
4073.796374388	3468.016023348	-0.10143	0.281315	0.0884327	0.00569125	-0.00246768	-0.00298256	0
4081.433850895	3468.713044147	-0.0903698	0.323626	0.127105	0.00503294	-0.00227025	-0.00290043	0
4080.701657692	3457.375138469	-0.0760056	0.271942	0.11892	0.00481216	-0.00189784	-0.00297991	0
4083.827592342	3466.876770353	-0.0754919	0.253714	0.131161	0.00505588	-0.00206599	-0.00291959	0
4073.897307563	3455.982967567	-0.093094	0.162648	0.116839	0.00557803	-0.00254608	-0.00291959	0
4076.038459462	3452.359058037	-0.0963908	0.218891	0.100067	0.00691472	-0.00252323	-0.00276895	0
4067.940368422	3449.009018193	-0.0977512	0.22878	0.0997193	0.00631494	-0.00254971	-0.00291959	0
4069.274824749	3435.365668521	-0.0962762	0.328014	0.0637952	0.00592218	-0.00255147	-0.00245142	0
4082.49878143	3429.7180416	-0.0761504	0.371267	0.103188	0.00589604	-0.00238646	-0.00207488	0
4070.751699497	3443.528631367	-0.0503216	0.373626	0.142426	0.00561284	-0.0029957	-0.00179806	0
4094.243382801	3448.456040876	-0.0526759	0.303249	0.107577	0.00583638	-0.00265702	-0.00138834	0
4084.00644935	3451.917199978	-0.0662416	0.268747	0.0545322	0.00564789	-0.00305784	-0.00109098	0
4073.766265508	3444.053174125	-0.0654346	0.226149	0.0851984	0.00601653	-0.00250889	-0.00120108	0
4061.71989105	3443.646485125	-0.0770664	0.256965	0.0910762	0.00554153	-0.00344926	-0.00132706	0
4064.673127327	3433.043014137	-0.0728365	0.276293	0.0964831	0.00605619	-0.00324538	-0.00134231	0
4054.813068087	3443.249897875	-0.0844227	0.315501	0.0804347	0.00540111	-0.00298788	-0.00163914	0
4067.559559527	3430.399722703	-0.067834	0.349013	0.119272	0.00595281	-0.00271558	-0.00163389	0
4064.932645338	3435.068228084	-0.0651099	0.346473	0.0985795	0.00562104	-0.00276523	-0.0017394	0
4083.523509768	3449.796954747	-0.0799467	0.273283	0.0684984	0.00553987	-0.00220493	-0.0011884	0
4066.144185587	3442.11737938	-0.0760975	0.26883	0.032555	0.00574942	-0.00214806	-0.000929448	0
4078.174222556	3443.256258237	-0.0603327	0.305738	0.0310232	0.0054993	-0.00162889	-0.000600117	0
4070.016512514	3455.477880032	-0.067055	0.31771	-0.000920937	0.00398933	-0.00115861	-0.000675589	0
4076.892542305	3454.254819919	-0.0670673	0.348339	0.020682	0.00360826	-0.000794007	-0.000323624	0
4072.628799946	3449.569852426	-0.0701564	0.36066	0.0232261	0.00337357	-0.000932162	-0.000215839	0
4071.150043393	3451.715913242	-0.0620316	0.345261	0.0379793	0.00342106	-0.00136324	-0.000376363	0
4072.839391028	3446.256852334	-0.0766238	0.328525	0.0390881	0.00345842	-0.00142492	-0.000719348	0
4074.894236509	3457.758630857	-0.0733217	0.301539	0.0414766	0.00381694	-0.00189643	-0.00119424	0
4079.099557377	3446.097469157	-0.0768156	0.238598	0.0387315	0.0044152	-0.00196883	-0.00139313	0
4085.945392752	3454.924154437	-0.0911188	0.257236	0.0155649	0.00398812	-0.00225615	-0.00152513	0
4088.903761224	3448.029522513	-0.0829153	0.314236	0.0268717	0.00398441	-0.00226374	-0.00193657	0
4084.773798091	3456.692709088	-0.093358	0.265182	0.01537	0.00361867	-0.00205275	-0.00233743	0
4096.419690238	3457.705503131	-0.0711328	0.271202	0.0861099	0.00420936	-0.00203222	-0.00246317	0
4086.70606964	3460.687764422	-0.0851108	0.161059	0.0783588	0.00477057	-0.00279485	-0.00287805	0
4088.363084444	3454.83024557	-0.0812268	0.200327	0.105764	0.00621988	-0.00278202	-0.00277495	0
4076.882106841	3451.557278342	-0.0803139	0.240074	0.116498	0.00547505	-0.00309241	-0.00238185	0
4084.945127879	3436.174182716	-0.0814381	0.2976	0.118922	0.00576634	-0.00273292	-0.00213498	0
4080.735359108	3448.424987346	-0.0821609	0.374635	0.124889	0.0053652	-0.00272134	-0.00292036	0
4099.87836222	3450.4752686	-0.0638318	0.378678	0.150189	0.00519025	-0.00221893	-0.00269078	0
4101.056457662	3459.383890303	-0.0603079	0.344825	0.112476	0.00414348	-0.00226764	-0.00262553	0
4106.657393519	3467.757867497	-0.0608266	0.253085	0.091244	0.00500862	-0.00225572	-0.00282123	0
4097.799823104	3464.884854769	-0.0715863	0.188301	0.0859309	0.00527637	-0.0027457	-0.00277244	0
4101.963402117	3455.51978359	-0.0649562	0.173334	0.112636	0.00625156	-0.00261382	-0.00254862	0
4086.554755413	3463.239765961	-0.0766069	0.211044	0.100287	0.00566993	-0.00324256	-0.00290919	0
4084.928106098	3452.116241881	-0.0674058	0.27082	0.119974	0.00691317	-0.00305404	-0.00246241	0
4072.956148473	3452.730577979	-0.0717045	0.318003	0.135146	0.00526544	-0.00272077	-0.00314696	0
4087.456482136	3454.524574076	-0.0528345	0.328002	0.177844	0.00493593	-0.00231086	-0.00283145	0
4089.200744262	3473.723512496	-0.0613552	0.308783	0.115342	0.00456915	-0.00237226	-0.00307307	0
4087.477866283	3463.016030889	-0.0622379	0.236278	0.11136	0.00537958	-0.00259054	-0.00277202	0
4073.083255844	3456.294251144	-0.0735736	0.238335	0.103204	0.00579247	-0.0029777	-0.00271625	0
4076.584525047	3454.277642392	-0.0681127	0.222217	0.13338	0.00615288	-0.00294163	-0.00265992	0
4062.911073591	3450.623801749	-0.0617852	0.251687	0.123149	0.00598132	-0.00291872	-0.00249578	0
4076.503436361	3448.334819868	-0.0619747	0.307371	0.157753	0.00530904	-0.0025836	-0.00285027	0
4081.195289348	3448.390566566	-0.0511101	0.323017	0.166676	0.00496483	-0.00204366	-0.00310027	0
4087.73524588	3453.349029606	-0.0451887	0.29632	0.171335	0.00457293	-0.00210394	-0.00310028	0
4084.53532208	3448.383832066	-0.0564505	0.206331	0.128491	0.00530763	-0.00238481	-0.00285028	0
4081.587046926	3450.134428049	-0.0690844	0.189318	0.132507	0.00632362	-0.00240521	-0.00310028	0
4074.972759098	3434.198355106	-0.0676924	0.20769	0.126552	0.00632122	-0.00261635	-0.00310028	0
4067.4353604	3444.046813764	-0.0773024	0.246055	0.128733	0.00646658	-0.00256652	-0.00310028	0
4067.146417802	3440.958297021	-0.0715463	0.240137	0.131151	0.00655101	-0.00246279	-0.00285028	0
4064.454324732	3447.518822894	-0.0746752	0.320767	0.135538	0.00649621	-0.00236229	-0.00310028	0
4072.921420617	3444.925666075	-0.0676356	0.315739	0.169303	0.00543388	-0.00187112	-0.00344148	0
4072.702104803	3456.590569165	-0.0738183	0.28553	0.147959	0.00489379	-0.00214461	-0.00313803	0
4072.369795154	3445.33422577	-0.0709702	0.209784	0.138096	0.00581795	-0.00221694	-0.00354524	0
4061.590559728	3446.49966849	-0.0843895	0.185239	0.124724	0.00606591	-0.00254696	-0.00333902	0
4063.589806426	3445.579286759	-0.0762725	0.200929	0.128077	0.00679989	-0.00249487	-0.00307687	0
4052.279217707	3446.424466568	-0.0804077	0.225772	0.137466	0.00584214	-0.00273049	-0.00302127	0
4062.906454615	3434.025128789	-0.0649742	0.302323	0.159826	0.00639626	-0.00208683	-0.00294487	0
4054.213969817	3441.806469941	-0.0651881	0.294651	0.165118	0.00502158	-0.00209631	-0.00303328	0
4067.47949728	3447.371786301	-0.0613116	0.285228	0.172766	0.00532979	-0.00197041	-0.00293528	0
4059.716025377	3452.436130653	-0.0692491	0.22476	0.142879	0.00531783	-0.00247264	-0.00294867	0
4067.3250182	3454.405597901	-0.0752916	0.222464	0.164168	0.00632742	-0.00241215	-0.00321011	0
4056.367952205	3450.170719523	-0.0785135	0.225596	0.147275	0.00615998	-0.00267739	-0.00332557	0
4068.137615797	3448.139893493	-0.0724528	0.245478	0.149116	0.00686908	-0.00257833	-0.0027828	0
4054.001325857	3450.760736592	-0.0759007	0.277476	0.146443	0.00642102	-0.00270928	-0.00328285	0
4066.656891902	3448.946911133	-0.0692499	0.300994	0.181159	0.00600004	-0.0023901	-0.0030694	0
4064.394962339	3448.192272941	-0.0647351	0.308561	0.174212	0.00533429	-0.00224894	-0.00297319	0
4064.466299854	3456.552032856	-0.0635702	0.262926	0.174013	0.00541072	-0.00226352	-0.00295181	0
4075.911266554	3455.141155008	-0.0768759	0.210763	0.111153	0.00654474	-0.0023513	-0.00276264	0
4059.777953867	3458.937168439	-0.0760266	0.245638	0.139828	0.00628948	-0.0025526	-0.00303655	0
4057.014950965	3448.687258726	-0.073845	0.206458	0.14892	0.00701976	-0.00243198	-0.00305366	0
4053.183938211	3452.376642566	-0.0857364	0.243988	0.155884	0.0062279	-0.00264369	-0.00310098	0
4049.55444966	3445.777580384	-0.077591	0.278479	0.171412	0.00696035	-0.00248507	-0.00308973	0
4047.509269814	3448.698482893	-0.0805352	0.324412	0.164052	0.00560803	-0.0023929	-0.00325484	0
4059.903607117	3447.294339545	-0.0620394	0.344677	0.181948	0.00533992	-0.00199978	-0.00320017	0
4059.630061105	3456.706926367	-0.0663408	0.28969	0.150039	0.00538856	-0.00208911	-0.00323657	0
4068.216052849	3455.648861516	-0.0681698	0.203851	0.159636	0.00593226	-0.00226883	-0.00302139	0
4059.176631646	3451.452145307	-0.0757333	0.183381	0.124184	0.00613354	-0.00283002	-0.00308978	0
4068.326138439	3448.915857603	-0.0729371	0.203053	0.156557	0.00641016	-0.00263728	-0.00287738	0
4057.242392755	3444.38615776	-0.0661961	0.231762	0.104717	0.00601368	-0.00277161	-0.0023794	0
4064.735569037	3440.837824291	-0.0626473	0.299958	0.143428	0.00598209	-0.00256216	-0.00255103	0
4073.384857857	3448.638620667	-0.057051	0.311792	0.145414	0.00539795	-0.00247236	-0.00278057	0
4069.501154564	3447.1169977	-0.0558154	0.315491	0.149444	0.00513173	-0.00232617	-0.00282233	0
4083.644458505	3447.782590829	-0.0721662	0.242915	0.0961405	0.00539127	-0.0025983	-0.00278845	0
4084.823494849	3456.128881744	-0.072575	0.247393	0.113808	0.00611758	-0.0025935	-0.00273273	0
4074.069236107	3442.094182767	-0.069031	0.211058	0.123159	0.00628791	-0.00246919	-0.00273203	0
4068.479163397	3453.737385799	-0.0741095	0.253779	0.116743	0.00598779	-0.00254606	-0.00268573	0
4075.771499767	3446.846495264	-0.0599956	0.289397	0.121143	0.00636171	-0.00186964	-0.00298476	0
4073.047159403	3458.855606155	-0.0670859	0.302486	0.126552	0.00479019	-0.00216261	-0.00304319	0
4083.236962194	3453.712318492	-0.0583604	0.283462	0.11663	0.00582871	-0.00203577	-0.00288804	0
4075.836165429	3449.697059657	-0.0780223	0.236185	0.0726876	0.00612461	-0.00260254	-0.0028904	0
4076.724976126	3449.472576308	-0.0664008	0.267733	0.102758	0.00620897	-0.00284875	-0.00250401	0
4064.296509725	3451.245620626	-0.0800251	0.283731	0.0782724	0.00620728	-0.00301581	-0.00254127	0
4079.884697729	3446.648575778	-0.0796273	0.291983	0.0902856	0.00627723	-0.00243459	-0.00250017	0
4076.673654173	3449.471453891	-0.0848345	0.309237	0.0368765	0.00567892	-0.00249436	-0.00246903	0
4080.142162862	3443.998175705	-0.09082	0.341491	0.0685065	0.00529971	-0.00226358	-0.00238207	0
4077.844393468	3444.617749748	-0.099149	0.333154	0.066278	0.00475828	-0.00174527	-0.0026755	0
4084.758743651	3451.918322395	-0.0850448	0.322416	0.056684	0.00421224	-0.00146114	-0.00251574	0
4077.9494324	3456.477579212	-0.0925828	0.229301	0.0571836	0.00462069	-0.00174112	-0.00234569	0
4080.264138039	3461.966945372	-0.0983275	0.217235	0.0656536	0.00502523	-0.00240652	-0.00281659	0
4077.517301552	3448.743005424	-0.0986912	0.182701	0.0886604	0.00574216	-0.00195762	-0.00291454	0
4071.72715876	3451.546054175	-0.100513	0.230559	0.0815983	0.00524995	-0.00226325	-0.00283791	0
4078.969370689	3440.354436813	-0.105049	0.264824	0.104149	0.00597511	-0.0021146	-0.00283791	0
4065.952925774	3445.688535323	-0.103928	0.286214	0.0841822	0.00522787	-0.00254808	-0.00283791	0
4086.470159727	3452.00961229	-0.0877565	0.31669	0.146477	0.00507193	-0.00206271	-0.003149	0
4091.825348963	3450.752879675	-0.080637	0.29978	0.16297	0.0040648	-0.00189819	-0.00321773	0
4094.757030019	3457.296943436	-0.0796452	0.28906	0.187037	0.0040648	-0.0018055	-0.00328411	0
4086.922391674	3456.032728042	-0.0811726	0.219247	0.142887	0.00464021	-0.00199094	-0.00310464	0
4094.455085859	3459.231615765	-0.0831002	0.190064	0.14974	0.00502194	-0.00217777	-0.00346639	0
4087.046590801	3451.607787096	-0.0904835	0.198638	0.133221	0.00569752	-0.00260477	-0.00333926	0
4093.487410426	3454.354715009	-0.0893631	0.217642	0.153562	0.00587961	-0.00245762	-0.00317289	0
4085.985680486	3455.969124427	-0.0983219	0.271483	0.128885	0.00556917	-0.00234795	-0.00334208	0
4098.280025516	3455.3506728	-0.0846061	0.332717	0.157991	0.00551824	-0.00218676	-0.00311931	0
4098.443485937	3460.845276905	-0.0806007	0.340347	0.145433	0.00470599	-0.00173005	-0.00319538	0
4102.864530084	3467.859259143	-0.0720895	0.307773	0.151945	0.00468947	-0.00154507	-0.00321439	0
4104.42018403	3474.367031429	-0.0787091	0.222108	0.107753	0.00590647	-0.00219212	-0.00307427	0
4086.87483333	3467.886197145	-0.0826264	0.19164	0.111307	0.00636752	-0.00244513	-0.00329223	0
4087.104327999	3461.377302442	-0.0973954	0.20997	0.0983394	0.0065602	-0.00248252	-0.00320355	0
4069.622274374	3464.4400036	-0.093545	0.260672	0.108417	0.00602844	-0.00241204	-0.0031487	0
4081.593120024	3464.615474751	-0.0737782	0.272103	0.13681	0.00563262	-0.00207903	-0.00329882	0
4071.55009802	3464.844073628	-0.0784517	0.296514	0.121019	0.00469492	-0.00206559	-0.00330138	0
4079.093911963	3461.842357113	-0.0688377	0.249249	0.137215	0.00547148	-0.00216224	-0.00316298	0
4072.351490324	3470.430341766	-0.0878562	0.202008	0.0857456	0.00565982	-0.00248888	-0.00308945	0
4070.481318339	3456.056672933	-0.0808585	0.210673	0.132162	0.00658374	-0.00240479	-0.00291358	0
4056.673916584	3457.394593693	-0.0883509	0.234157	0.130597	0.00570808	-0.00253136	-0.00310572	0
4064.231758527	3453.945781175	-0.0747871	0.309264	0.13631	0.00613582	-0.00205714	-0.00296725	0
4065.066424564	3448.795010733	-0.0727301	0.342741	0.139578	0.00526814	-0.00174082	-0.00321401	0
4075.97430702	3449.790594386	-0.0691896	0.314581	0.132502	0.00508547	-0.00177223	-0.0029918	0
4082.801153272	3446.63061711	-0.0884689	0.241265	0.0793382	0.00493522	-0.00205285	-0.00273697	0
4071.579779217	3453.683135657	-0.103899	0.237553	0.0547453	0.00517056	-0.00220284	-0.00273697	0
4068.160710676	3440.668339362	-0.101299	0.258018	0.036734	0.00507484	-0.0021759	-0.00204251	0
4075.019291002	3445.910773838	-0.100012	0.313543	0.0139799	0.0043434	-0.00183418	-0.00207406	0
4078.685132603	3442.252069389	-0.105102	0.259119	0.04946	0.00456746	-0.0016566	-0.00207541	0
4067.511145818	3440.40008176	-0.120361	0.272312	0.0555337	0.0042461	-0.00237783	-0.00270419	0
4070.293651062	3443.218470206	-0.112336	0.309101	0.0817443	0.00457738	-0.0019655	-0.00301629	0
4071.013099314	3436.636244276	-0.11589	0.307117	0.0723715	0.00399796	-0.00201718	-0.00308374	0
4075.120395251	3449.108913283	-0.112805	0.274952	0.103226	0.00394704	-0.00183187	-0.00338198	0
4075.143404593	3443.778182023	-0.119477	0.173669	0.0666277	0.00410582	-0.00220668	-0.00342142	0
4083.423603031	3442.132719075	-0.119446	0.146538	0.0900821	0.00480848	-0.00217875	-0.00357948	0
4071.082811634	3450.270988753	-0.121451	0.179144	0.0797611	0.00496183	-0.00274772	-0.00313863	0
4073.998240738	3434.874424126	-0.113371	0.21673	0.0763152	0.00602243	-0.00253481	-0.00291902	0
4070.882570479	3435.758888521	-0.106392	0.276803	0.0824858	0.00478207	-0.00224699	-0.00317364	0
4095.719573256	3451.317081159	-0.0890335	0.340222	0.110281	0.00450627	-0.0013573	-0.00277587	0
4086.309778622	3450.820972958	-0.0931424	0.346386	0.0876059	0.00379085	-0.00150957	-0.00321528	0
4102.065276195	3462.776207845	-0.108798	0.240449	0.0811689	0.00437331	-0.0016411	-0.00288903	0
4091.327697087	3461.94711601	-0.119246	0.206181	0.0637949	0.00439857	-0.00235118	-0.00321528	0
4096.229200254	3457.452211086	-0.104659	0.192533	0.100855	0.00525558	-0.00214191	-0.00321528	0
4081.340787086	3464.165385636	-0.118183	0.222414	0.046066	0.00537478	-0.00238677	-0.00321528	0
4087.951824524	3467.644877545	-0.107473	0.278818	0.0789223	0.00550268	-0.00217941	-0.00297236	0
4081.39484621	3466.177878859	-0.0904293	0.299665	0.0815673	0.00485746	-0.00206875	-0.00268198	0
4087.912819839	3473.545048233	-0.0693164	0.317771	0.0698501	0.00415109	-0.00224118	-0.00199113	0
4112.491844264	3469.661860435	-0.0680474	0.302487	-0.0208874	0.00475535	-0.00214347	-0.00169739	0
4095.853095872	3471.616736266	-0.06192	0.310571	-0.0476013	0.0037477	-0.00109918	-0.000988016	0
4077.07798563	3468.743349399	-0.0651496	0.302134	-0.0406944	0.00308571	-0.000927998	-0.000783842	0
4067.658953044	3466.596540305	-0.0687916	0.340397	-0.0300252	0.00233107	-0.000661443	-0.000341897	0
4076.909649622	3458.795743929	-0.0681269	0.322068	-0.0254279	0.0022698	-0.000319921	4.96015e-05	0
4062.049463528	3467.271486908	-0.0769849	0.351612	-0.0179493	0.00123817	-0.000369144	-0.000244667	0
4075.562448344	3449.460603863	-0.0644797	0.35738	-0.0228431	0.00135196	-0.000262398	5.99902e-05	0
4068.594894402	3464.032566321	-0.0700397	0.356305	-0.033072	0.00108141	-0.00033138	4.41796e-05	0
4074.475107222	3453.882177559	-0.0645805	0.317069	-0.000478154	0.000565841	-0.000284427	-0.000349341	0
4073.927330906	3453.65432696	-0.0768753	0.298482	-0.00575984	0.00108141	-0.000455647	-0.00117622	0
4089.540410057	3455.760354912	-0.0985795	0.200471	-0.0120782	0.00208664	-0.000683223	-0.00159953	0
4084.527965934	3452.530787799	-0.116413	0.180681	-0.0114554	0.00280456	-0.000979363	-0.00194762	0
4090.527587832	3450.293062949	-0.117447	0.19158	0.0272196	0.00308373	-0.0012364	-0.00222537	0
4077.218693319	3442.40359565	-0.109896	0.222227	0.0297349	0.00366128	-0.00129314	-0.00212278	0
4069.617142179	3443.257380653	-0.118961	0.268632	0.0349556	0.00340659	-0.00136315	-0.00223005	0
4085.577756492	3429.275435264	-0.0953735	0.312269	0.0701131	0.00361384	-0.00116007	-0.00214462	0
4099.977755737	3439.792854301	-0.088931	0.33121	0.0248297	0.00246279	-0.00137782	-0.0023694	0
4101.075532322	3435.822866275	-0.0775085	0.331148	0.0641838	0.00242443	-0.00089158	-0.00228956	0
4102.418798918	3440.924624519	-0.0812241	0.212965	0.0393294	0.00306373	-0.000998472	-0.00285312	0
4103.023200456	3444.512990852	-0.0886023	0.182802	0.0411148	0.00400566	-0.00138949	-0.00297358	0
4106.70076057	3450.871107572	-0.0851742	0.189396	0.0511578	0.00404315	-0.00192656	-0.00258424	0
4107.051717195	3447.096045921	-0.0843755	0.197459	0.058318	0.00488195	-0.00188879	-0.00297358	0
4094.517955252	3452.992101081	-0.074554	0.277419	0.059241	0.00434075	-0.00166785	-0.00289916	0
4110.647333256	3453.493073088	-0.0622059	0.333738	0.0710548	0.00414514	-0.00108937	-0.00297358	0
4101.135835617	3462.59175736	-0.0750087	0.327589	0.0681293	0.00293265	-0.00108721	-0.00335074	0
4110.652893134	3464.409698348	-0.0640524	0.258599	0.0736895	0.00381633	-0.00122855	-0.00326346	0
4101.823720867	3473.631848461	-0.0896423	0.214712	0.0483738	0.00389673	-0.00156417	-0.00330417	0
4100.728938063	3470.615914668	-0.0817216	0.222897	0.0638839	0.00536456	-0.00154572	-0.0033393	0
4082.886604325	3458.431332626	-0.0969955	0.234691	0.0518318	0.00508612	-0.00190592	-0.00322174	0
4089.68402599	3462.855151156	-0.0817436	0.276854	0.0840719	0.0049228	-0.0016852	-0.00316045	0
4079.664954232	3466.4397761	-0.079325	0.309109	0.0788611	0.0037605	-0.00151462	-0.00322284	0
4090.106405668	3467.75337783	-0.0726391	0.311219	0.0833314	0.00341894	-0.00130898	-0.00330227	0
4096.319184746	3475.896511314	-0.0761154	0.209523	0.0325562	0.0039325	-0.00168323	-0.00339106	0
4080.215296646	3467.214617793	-0.0806296	0.1926	0.0613748	0.00445279	-0.00148002	-0.00295797	0
4072.880448591	3458.884414852	-0.0738182	0.202089	0.058088	0.00444908	-0.00187417	-0.0030291	0
4071.389887989	3453.253250043	-0.0839475	0.231646	0.0813239	0.00558402	-0.00205138	-0.00299585	0
4067.64526719	3450.112727992	-0.0849193	0.261403	0.073885	0.00584139	-0.00194459	-0.0029641	0
4063.262971118	3452.690919254	-0.0693385	0.33621	0.0975898	0.00438909	-0.00167254	-0.00270927	0
4078.15480575	3448.491958212	-0.0542761	0.306084	0.11525	0.00468941	-0.00124653	-0.00323364	0
4076.689307369	3459.19869154	-0.0592266	0.278473	0.109103	0.00345727	-0.00133721	-0.00314106	0
4082.830663396	3456.134867966	-0.0566985	0.208352	0.069797	0.00463225	-0.00128066	-0.00306769	0
4071.088542585	3452.797922984	-0.0864539	0.18275	0.0655409	0.00468686	-0.00186819	-0.00296189	0
4070.032850002	3444.710910338	-0.0833831	0.215318	0.0664023	0.00506808	-0.00159851	-0.00278037	0
4058.947479123	3444.575472051	-0.114312	0.261925	0.0283168	0.00406305	-0.00128807	-0.00245042	0
4067.521324672	3445.143414924	-0.0999493	0.289042	0.0350795	0.00449608	-0.00127324	-0.00214852	0
4061.681142976	3452.545753355	-0.0988297	0.32199	-0.00868585	0.00378943	-0.00171518	-0.00210608	0
4064.479301416	3442.162276049	-0.0807082	0.33981	0.0322672	0.00347378	-0.00173133	-0.00210608	0
4057.842089782	3446.916085102	-0.0842412	0.329017	0.035227	0.00274288	-0.00166377	-0.00257817	0
4069.452740855	3454.003398568	-0.0761727	0.283793	0.079035	0.00293541	-0.00107228	-0.00257817	0
4061.057752314	3458.011548763	-0.0909957	0.186395	0.0370786	0.00349681	-0.00159789	-0.00299737	0
4072.215572684	3455.336829661	-0.0933603	0.178958	0.0466021	0.00446343	-0.00178828	-0.00258202	0
4056.43578272	3456.580467414	-0.106362	0.184668	0.0338493	0.00417044	-0.0020476	-0.00228259	0
4061.770101028	3449.733351132	-0.0986666	0.223232	0.0334365	0.00416601	-0.00219943	-0.00233657	0
4050.878128377	3439.086854169	-0.0941979	0.278741	0.0230888	0.00408202	-0.00200729	-0.00206502	0
4055.527982899	3447.32389652	-0.0849545	0.299035	0.0301166	0.0042019	-0.00203018	-0.00183899	0
4058.001615521	3447.541271229	-0.0904146	0.340554	0.0539286	0.00344548	-0.00164901	-0.00216229	0
4071.043635876	3449.443767612	-0.0848124	0.342851	0.0669155	0.00279135	-0.00148932	-0.00257054	0
4074.574244129	3456.964708079	-0.091094	0.276787	0.0599577	0.00270205	-0.00105932	-0.00244718	0
4072.31949964	3462.828961432	-0.0929211	0.212848	0.0376539	0.00321148	-0.00152133	-0.00259804	0
4070.904467845	3452.053386543	-0.0930252	0.165405	0.0207825	0.00412859	-0.00149686	-0.00259804	0
4080.841082332	3459.166889733	-0.100009	0.212077	0.0420335	0.00385736	-0.00207759	-0.00243901	0
4072.329935103	3448.256998974	-0.0900195	0.216818	0.0329449	0.00474492	-0.00177479	-0.00216821	0
4066.669380244	3454.800314457	-0.0888134	0.291643	0.0503033	0.0034611	-0.00161925	-0.00229792	0
4078.972535543	3451.535952424	-0.0808558	0.339827	0.0459489	0.00367552	-0.000887239	-0.00259803	0
4083.528128743	3454.954085551	-0.0908498	0.337952	0.0423925	0.00237329	-0.00115441	-0.00253317	0
4091.577635001	3461.015510111	-0.0915714	0.286744	0.0194235	0.00299377	-0.00118179	-0.00212146	0
4078.20321946	3462.91576166	-0.0966766	0.256832	-0.00151296	0.00311979	-0.00194957	-0.00153543	0
4082.927918497	3453.469502336	-0.0911939	0.260094	0.00944987	0.00325711	-0.00171373	-0.00132279	0
4072.007547699	3459.863536392	-0.097277	0.286964	-0.0229994	0.00255753	-0.0017055	-0.00098157	0
4097.834978642	3464.407079375	-0.0828943	0.307402	-0.014949	0.00189698	-0.000644853	-0.000324921	0
4085.320462432	3460.435968932	-0.0770962	0.326591	-0.0466085	0.001527	-0.000834612	-0.000175503	0
4085.715042718	3467.23631785	-0.0716979	0.379288	-5.94228e-05	0.000927294	-0.000435196	-0.000300649	0
4086.313456695	3458.689862616	-0.0575311	0.370368	0.00172512	0.000799488	-0.00044059	-0.000168816	0
4085.832398918	3461.310705715	-0.0628535	0.382106	0.00458557	0.000455206	-0.000420475	-8.55667e-05	0
4100.164396574	3467.287574881	-0.0597754	0.268637	-0.0404083	0.00118946	-0.000410039	8.71713e-05	0
4088.76869895	3460.951158218	-0.067458	0.268437	-0.0352416	0.00133162	-0.000857173	3.20235e-05	0
4091.084858711	3456.399384179	-0.0617187	0.244629	-0.0158675	0.00189222	-0.000654836	-3.00398e-05	0
4084.951200977	3467.04662942	-0.0733525	0.280285	-0.0181265	0.00142745	-0.000978245	-0.0005486	0
4093.589968797	3449.73409941	-0.0714072	0.294865	-0.0232805	0.00206985	-0.000711875	-0.000669384	0
4099.700103968	3464.033314599	-0.0729411	0.302687	-0.0572369	0.00199204	-0.000853389	-0.000772148	0
4098.719084828	3452.252428446	-0.0732276	0.3443	-0.0107287	0.00160095	-0.000426147	-0.00126695	0
4095.838982335	3453.83728089	-0.0694578	0.34581	-0.027531	0.00157195	-0.000482472	-0.00148023	0
4103.907990934	3464.401093152	-0.0645999	0.312786	-0.00240139	0.00107194	-0.000499688	-0.00179498	0
4107.409431211	3466.327534425	-0.068609	0.217253	-0.0102834	0.00119484	-0.000464969	-0.00203118	0
4110.776493505	3463.894509062	-0.076661	0.150932	-0.000880376	0.00194128	-0.000726042	-0.00205946	0
4112.939115089	3465.996047347	-0.0872972	0.178929	-0.00143602	0.00218903	-0.00112837	-0.00201964	0
4116.594948908	3454.3094442	-0.0925014	0.21256	0.0152519	0.00403037	-0.00135288	-0.00229329	0
4101.756146962	3449.640190542	-0.0914787	0.257864	0.0085851	0.00308524	-0.00139212	-0.00217798	0
4116.734373549	3451.592073261	-0.0730221	0.351589	0.054971	0.00227712	-0.000701987	-0.00260069	0
4120.220502775	3453.88554481	-0.0824742	0.364964	0.0184027	0.00134275	-0.000601385	-0.00268964	0
4122.619804101	3471.764146998	-0.0797869	0.305755	0.0166861	0.00238457	-0.000709127	-0.00259756	0
4117.763635326	3477.605577877	-0.0900332	0.231365	-0.0326421	0.00312069	-0.00102781	-0.00263244	0
4109.286873806	3470.498435049	-0.0868603	0.193897	0.000161732	0.0035052	-0.00109542	-0.00297211	0
4099.111868845	3466.274780838	-0.0968649	0.205898	0.00113764	0.00338053	-0.00147873	-0.00268093	0
4087.538426188	3474.317270954	-0.0850386	0.234286	0.0116312	0.00357758	-0.00120233	-0.00244319	0
4093.286399442	3465.927205786	-0.0890448	0.266059	0.00208816	0.00404543	-0.00133871	-0.00244319	0
4078.075684406	3462.734678425	-0.0749494	0.341011	0.0185205	0.00296364	-0.00101302	-0.00288564	0
4093.211383853	3478.231138143	-0.0624998	0.317613	0.028038	0.00324161	-0.000647291	-0.00262308	0
4088.366078225	3470.847506657	-0.0692613	0.289901	0.0239183	0.00230126	-0.000790453	-0.00268663	0
4081.411354772	3473.847352476	-0.064608	0.219817	0.012425	0.00383372	-0.000701052	-0.00258872	0
4068.332810293	3473.363216721	-0.0862391	0.201128	-0.00466233	0.00369117	-0.0012179	-0.00271111	0
4069.56795864	3465.241783294	-0.0835107	0.218232	0.0157207	0.00439587	-0.00107719	-0.00214565	0
4055.078145977	3465.259367823	-0.0908142	0.255745	-0.00209993	0.00345273	-0.00136597	-0.002105	0
4057.177384948	3456.785495539	-0.0855551	0.309523	-0.0085835	0.00316352	-0.00101645	-0.00197372	0
4060.987441238	3457.715604882	-0.107112	0.336481	0.0152108	0.00230755	-0.000347848	-0.00198328	0
4064.200109989	3462.696516256	-0.0931967	0.327182	0.0215424	0.00168134	-0.000727619	-0.00159337	0
4060.769151862	3460.125807772	-0.0921572	0.253268	0.01379	0.00203147	-0.000905999	-0.00168546	0
4053.818363092	3460.532496772	-0.0943241	0.216918	0.0168839	0.00241416	-0.0012802	-0.00198252	0
4049.40775441	3455.085782449	-0.0969031	0.193551	0.0361502	0.00336413	-0.00131659	-0.00252455	0
4050.668307124	3450.453194404	-0.108256	0.205217	0.0376735	0.00292976	-0.00141571	-0.00251197	0
4053.569195008	3442.151051882	-0.0951319	0.266088	0.0636993	0.00260414	-0.000960839	-0.00223423	0
4047.191330312	3438.977231467	-0.0957182	0.289758	0.0333868	0.00133508	-0.000802885	-0.00262414	0
4060.0835761	3449.007895776	-0.0799502	0.27735	0.0502223	0.00121672	-0.000670542	-0.0024694	0
4060.797721083	3451.119161673	-0.101272	0.188318	-0.0056493	0.0021795	-0.0011335	-0.0024694	0
4072.485953842	3445.26538421	-0.101574	0.191844	0.00701029	0.00301433	-0.00164174	-0.00225499	0
4064.236120893	3453.77180658	-0.0912867	0.217708	0.0193593	0.00295249	-0.0017359	-0.00218427	0
4075.113210177	3446.49966849	-0.0833341	0.30641	0.0476426	0.00291012	-0.000980396	-0.00189786	0
4072.904398836	3454.115640242	-0.0811449	0.352345	0.0258173	0.001911	-0.000775778	-0.00218161	0
4085.796131404	3462.655360975	-0.0687738	0.351843	0.0365136	0.00208375	-0.000827514	-0.00144121	0
4100.684630109	3468.591449	-0.0893781	0.263451	-0.0408021	0.00211579	-0.00112828	-0.00123435	0
4088.586677088	3466.149818441	-0.0929049	0.249968	-0.0284035	0.00253506	-0.000538896	-0.00119362	0
4083.210787998	3462.279351366	-0.105407	0.258565	-0.0249064	0.00225699	-0.00109508	-0.00122444	0
4093.937332885	3462.920625466	-0.0933397	0.247605	0.00736818	0.00282534	-0.000892608	-0.00140491	0
4071.893441889	3476.983384861	-0.101485	0.254303	0.00339092	0.00243569	-0.00112108	-0.00168102	0
4078.006570841	3463.016405028	-0.0999277	0.275602	0.0065023	0.00257095	-0.000944098	-0.0021561	0
4075.653801421	3470.042733851	-0.109768	0.306439	0.0132998	0.00202484	-0.000732242	-0.00233604	0
4078.090909918	3475.237652684	-0.104275	0.300437	0.0146869	0.00145854	-0.000682392	-0.00260923	0
4082.921161107	3476.714004843	-0.0981591	0.200864	-0.00710706	0.00211097	-0.000843256	-0.00253199	0
4076.679385124	3474.157513637	-0.113741	0.191892	-0.0428463	0.00234493	-0.00126924	-0.00212166	0
4073.395549931	3473.565251735	-0.103287	0.182478	0.00775163	0.00299603	-0.000996489	-0.0025453	0
4066.084566584	3467.256147212	-0.101921	0.232175	0.00369796	0.00250477	-0.00121475	-0.00212165	0
4069.334956971	3463.279424686	-0.0870415	0.324352	0.0430919	0.00190069	-0.000665089	-0.00214873	0
4066.41319816	3455.526518091	-0.0982263	0.312155	0.0210468	0.0014861	-0.000649703	-0.00219429	0
4072.27536276	3467.70511391	-0.0783207	0.288831	0.0331304	0.00164523	-0.000626112	-0.00254859	0
4075.407028361	3459.390624804	-0.107912	0.213947	-0.00362798	0.00236417	-0.000946205	-0.00267963	0
4072.120455997	3447.56521612	-0.099076	0.219332	0.0142498	0.00348252	-0.00111824	-0.00254859	0
4064.341330898	3453.356886523	-0.103331	0.223581	0.0299094	0.00298824	-0.00144334	-0.00254859	0
4076.638327562	3446.099339851	-0.0978038	0.282811	0.0295818	0.00351433	-0.00116997	-0.00254859	0
4062.860093784	3449.542540285	-0.096423	0.314312	0.0261741	0.00251436	-0.000926405	-0.00254859	0
4084.003541106	3455.508559423	-0.084797	0.339597	0.0407729	0.00196544	-0.000247938	-0.00254859	0
4073.943582858	3453.976834705	-0.0942567	0.287641	0.0118559	0.00209079	-0.000755809	-0.00254859	0
4088.507042524	3456.017762486	-0.0911411	0.221477	-0.00108707	0.00306428	-0.000907155	-0.00217604	0
4076.403957307	3454.084960851	-0.0984848	0.236486	-0.0384485	0.00332018	-0.00120316	-0.00188219	0
4080.210592134	3447.508347005	-0.0724526	0.278125	-0.0273894	0.00468863	-0.00139393	-0.0013985	0
4069.837826579	3449.959705175	-0.0699514	0.279355	-0.0410857	0.00379683	-0.00131919	-0.000991727	0
4071.546676557	3450.662338058	-0.0585581	0.316411	-0.0261735	0.00311485	-0.000975224	-0.000332111	0
4056.89519974	3457.165994816	-0.0570765	0.378394	-0.0204664	0.00247359	-0.000987241	-0.000514277	0
4072.433263303	3456.854711238	-0.0553586	0.370983	-0.0124164	0.00141418	-0.000787013	-0.000553863	0
4075.221670572	3461.86779856	-0.0498623	0.34169	-0.0434835	0.00078782	-0.00108575	-0.000169737	0
4068.388665686	3462.370641261	-0.054532	0.270875	-0.0602853	0.000471238	-0.000891745	2.57324e-05	0
4061.896780717	3450.3925839	-0.055263	0.262961	-0.0422163	0.000935254	-0.00076539	1.12176e-05	0
4062.260995513	3459.271648629	-0.07082	0.265405	-0.02358	0.00146731	-0.00108503	-0.000365176	0
4070.226846986	3448.582125691	-0.075712	0.233723	-0.00589608	0.00236367	-0.000834888	-0.00107988	0
4067.282934198	3457.737679078	-0.0948435	0.276467	-0.0112491	0.00204282	-0.00100782	-0.0013052	0
4069.321014507	3445.64476107	-0.0850099	0.320708	0.0341477	0.00189549	-0.000507927	-0.00147079	0
4060.506468997	3461.779501776	-0.0916242	0.286259	0.0207909	0.0015553	-0.000481858	-0.00212095	0
4070.158503252	3455.862120697	-0.0836045	0.249348	0.0439702	0.00150381	-0.000546913	-0.00212095	0
4065.579216416	3459.545892454	-0.0967097	0.16914	0.00236854	0.00173975	-0.0008293	-0.00212095	0
4077.156764828	3451.652309626	-0.095619	0.189954	0.0319615	0.00275847	-0.000901511	-0.00212095	0
4071.665059196	3452.341473508	-0.105689	0.206734	0.0292432	0.00311613	-0.00145272	-0.00212095	0
4095.488282319	3453.892653449	-0.0999884	0.217752	-0.00613878	0.00371792	-0.00165667	-0.00206165	0
4078.783499681	3445.296063601	-0.0914341	0.321309	0.00922077	0.00260482	-0.00104504	-0.00252937	0
4089.860145827	3452.422661652	-0.0940867	0.35881	0.0305502	0.00264379	-0.000758048	-0.00215417	0
4088.624398724	3466.351853455	-0.083446	0.340951	0.030698	0.00104956	-0.000556754	-0.00225819	0
4090.098878448	3464.820128737	-0.0867273	0.25845	0.00630916	0.00249769	-0.000700793	-0.00245535	0
4085.330641286	3473.650555407	-0.10249	0.199482	-0.011024	0.00225204	-0.00120877	-0.0025514	0
4099.037965232	3475.273944159	-0.106547	0.182479	0.00135141	0.00377307	-0.00150961	-0.00253959	0
4081.486455897	3471.068248616	-0.110031	0.230672	-0.0107792	0.00318441	-0.00148908	-0.00212095	0
4092.241826615	3470.972469054	-0.0982157	0.28942	0.00190305	0.00353198	-0.000904037	-0.00224076	0
4079.15943299	3469.170241901	-0.0904026	0.304647	0.0125115	0.00242314	-0.00117002	-0.00246644	0
4089.887859682	3475.651824463	-0.0988071	0.300088	0.0257545	0.00230953	-0.000824705	-0.00246671	0
4090.346934556	3474.257034588	-0.101729	0.259089	-0.0363089	0.00312165	-0.00106382	-0.00233293	0
4077.99305606	3472.945677692	-0.0839561	0.265659	-0.0369842	0.00359499	-0.00157896	-0.00190652	0
4068.203564507	3474.96677611	-0.0806186	0.285318	-0.0445844	0.00335681	-0.00187476	-0.00163507	0
4064.771579941	3468.158944414	-0.0775243	0.321406	-0.0184011	0.0033301	-0.00132372	-0.00154047	0
4075.405403166	3467.918747231	-0.0613956	0.309742	0.0335784	0.0032857	-0.000846123	-0.00142773	0
4064.786377771	3469.631555183	-0.0524477	0.318671	0.0459325	0.00240399	-0.00139142	-0.00128646	0
4074.404967219	3466.540793607	-0.0574479	0.260832	0.023792	0.00250054	-0.000930049	-0.00102788	0
4057.228621365	3468.671514727	-0.0765017	0.254756	-0.00467377	0.00206898	-0.00110057	-0.00117609	0
4062.042021845	3451.006545859	-0.072054	0.274508	0.00709438	0.00265932	-0.00119716	-0.000693161	0
4051.90123152	3452.176852385	-0.0673268	0.301315	-0.0269083	0.00222813	-0.00131931	-0.000695357	0
4063.684666503	3454.391754762	-0.073104	0.326832	-0.0272453	0.00196004	-0.000575231	-0.000933029	0
4060.563949585	3444.523092603	-0.0613364	0.339495	0.0096149	0.00132872	-0.00105837	-0.00100814	0
4061.684222293	3457.248679516	-0.0713837	0.317342	0.0172337	0.00165111	-0.000870587	-0.00159126	0
4073.463380446	3440.12097413	-0.091324	0.241276	0.00569092	0.00230162	-0.000924683	-0.00209602	0
4070.37396992	3452.451844488	-0.100237	0.224571	0.0103048	0.00257264	-0.00133898	-0.00238743	0
4066.925305719	3444.7307397	-0.105674	0.203206	0.0123355	0.00305987	-0.00153307	-0.00223039	0
4063.231237044	3447.182097871	-0.111936	0.241937	-0.0132583	0.00258461	-0.00137062	-0.00206697	0
4069.436659976	3433.072571111	-0.0842288	0.274877	0.000814642	0.00220481	-0.00117774	-0.00220586	0
4095.331322678	3446.697213837	-0.0933952	0.310526	0.096206	0.00444036	-0.0018511	-0.00409352	0
4106.129376154	3438.057598014	-0.0737969	0.260871	0.290505	0.0145941	-0.00587953	-0.00634306	0
4071.934670525	3434.139615297	-0.0828266	0.20022	0.311014	0.0125813	-0.00702252	-0.00790024	0
4082.435484354	3424.627133385	-0.0615071	0.262855	0.288354	0.0108373	-0.00502206	-0.00743602	0
4090.628692081	3448.68576217	-0.0484839	0.136352	0.173592	0.00931968	-0.00427889	-0.00827917	0
4106.403520922	3448.491209934	-0.060578	-0.134714	-0.232114	0.0135373	-0.00359259	-0.00901526	0
4067.412265521	3428.724328642	-0.0785379	-0.166637	-0.870124	0.0184817	-0.00413386	-0.00900565	0
4066.363415865	3419.706458376	-0.0772939	0.00202999	-1.33044	0.0205267	-0.00369028	-0.00960285	0
4041.287252784	3418.174359519	-0.0882672	0.133063	-1.4517	0.019601	-0.00335708	-0.00867868	0
4042.834524145	3424.468498485	-0.0975144	0.201151	-1.20574	0.0182394	-0.0032105	-0.00822796	0
4068.336231757	3445.781321774	-0.0353671	0.361366	-0.369462	0.014426	-0.00317201	-0.00661663	0
4058.485324932	3454.772628177	-0.0354701	0.333032	-0.271374	0.0130811	-0.00307052	-0.00623435	0
4046.196112098	3464.438881183	-0.012302	0.249584	-0.278151	0.0125774	-0.00248489	-0.0057154	0
4059.504065709	3479.06659034	-0.00614938	0.0995614	-0.268961	0.0124768	-0.00344285	-0.00575581	0
4059.9627129	3480.09060855	-0.00918995	-0.0395462	-0.262261	0.0142901	-0.00340368	-0.00612901	0
4066.154706587	3476.499623244	-0.0154166	-0.0353591	-0.196543	0.0125133	-0.00359314	-0.00634208	0
4061.828693592	3459.119748229	-0.00943428	0.00484448	-0.202853	0.0144367	-0.00350976	-0.00602903	0
4050.53649524	3459.490145755	-0.0174188	0.127044	-0.183614	0.0140762	-0.00372677	-0.00570056	0
4052.559350037	3441.011798886	-0.0115816	0.248197	-0.154424	0.0140845	-0.00410527	-0.00570907	0
4051.484839404	3445.562450508	-0.0138087	0.360145	-0.155717	0.0133197	-0.00399218	-0.00551668	0
4064.233811405	3440.933603853	-0.00369749	0.441295	-0.137998	0.0132826	-0.00320981	-0.0058265	0
4066.798454957	3460.596848666	-0.00446234	0.378623	-0.129872	0.0117553	-0.00350713	-0.00576284	0
4062.891742322	3452.341847647	0.000220606	0.243687	-0.155457	0.0125786	-0.00366086	-0.00530938	0
4044.892106796	3455.380978053	-0.0199695	0.141625	-0.144542	0.0127686	-0.003826	-0.00529442	0
4043.33995985	3443.151873479	-0.00404046	0.109172	-0.138297	0.0149155	-0.00389143	-0.00535884	0
4039.03036988	3445.529900423	-0.0176365	0.116595	-0.148955	0.0141564	-0.00356747	-0.00519381	0
4036.559816575	3443.315746324	-0.0103097	0.11655	-0.068292	0.013522	-0.00390855	-0.00519619	0
4017.202971991	3432.80057212	-0.0192225	0.178103	-0.0538395	0.0126317	-0.0038822	-0.00498369	0
4016.069441111	3428.734430393	-0.0157414	0.228003	-0.0385549	0.0131072	-0.0037878	-0.00512027	0
4007.763923843	3424.12204585	-0.0200815	0.246357	-0.0526676	0.012373	-0.00396359	-0.00481423	0
4021.178627117	3427.340762935	-0.00885224	0.337995	-0.0164512	0.0117107	-0.00336067	-0.00496052	0
4033.288042041	3427.868672944	-0.0076137	0.327515	-0.0506311	0.0107631	-0.00314238	-0.00489201	0
4036.040438406	3437.771755883	-0.00135924	0.282888	-0.0519319	0.0105092	-0.00321801	-0.00484854	0
4021.808775169	3430.619716385	-0.016091	0.178119	-0.0821415	0.0116708	-0.00332739	-0.00472939	0
4023.634382591	3424.943654907	-0.0112362	0.156722	-0.0655485	0.0126987	-0.00371946	-0.00493979	0
4029.74032647	3431.232181789	-0.0297094	0.138375	-0.0465545	0.0118019	-0.00392074	-0.00505517	0
4025.887501886	3426.260998026	-0.0185788	0.176992	-0.00634279	0.0117412	-0.00361639	-0.00482845	0
4020.715018804	3429.379445882	-0.0326395	0.194769	-0.00615404	0.0113852	-0.00399704	-0.0048716	0
4027.377549268	3427.428311441	-0.0253995	0.217834	0.0125812	0.0113523	-0.0034874	-0.00470698	0
4018.073820005	3427.055669082	-0.0319079	0.238282	0.00155322	0.0108951	-0.00410437	-0.00482957	0
4041.57072104	3430.784337508	-0.0287367	0.2817	-0.00999758	0.011215	-0.00371563	-0.00521171	0
4059.834579089	3435.398966884	-0.0307831	0.32152	-0.0791519	0.0105754	-0.00396191	-0.00546715	0
4048.912583096	3437.409963552	-0.020822	0.249961	-0.0504192	0.0096542	-0.00354842	-0.00481961	0
4053.240734506	3442.289483281	-0.0276765	0.161527	-0.0640703	0.010673	-0.0044731	-0.00542905	0
4055.437912871	3445.964649842	-0.02019	0.0951454	-0.0354912	0.0114357	-0.00483436	-0.00545933	0
4064.233725869	3451.642207876	-0.0277652	0.135388	-0.00585485	0.0107757	-0.004625	-0.00486794	0
4053.017227398	3440.063356737	-0.0271014	0.160569	-0.026455	0.0116605	-0.00508132	-0.00504829	0
4050.741355371	3452.417797846	-0.0266619	0.225562	-0.0149923	0.0115507	-0.00497173	-0.0050244	0
4059.202634769	3441.614910817	-0.0152158	0.287824	-0.0343704	0.0109501	-0.00445369	-0.00492214	0
4072.754624269	3443.78603894	-0.0171145	0.3003	-0.000138953	0.0100474	-0.00468732	-0.00535491	0
4076.646710147	3448.210605748	-0.0282867	0.223438	-0.0506739	0.0110061	-0.00534151	-0.00529197	0
4078.178499386	3455.758110079	-0.0335507	0.183781	-0.0114017	0.0118714	-0.00580963	-0.00570178	0
4078.771439022	3449.491657393	-0.0320499	0.184427	0.0020934	0.0113654	-0.00589627	-0.00500875	0
4074.054267204	3456.014395236	-0.0339376	0.16835	0.00772099	0.0117721	-0.00575502	-0.00548744	0
4076.69854532	3449.14445648	-0.0400248	0.179513	0.0159126	0.0113968	-0.00602318	-0.00540589	0
4071.034740071	3449.198706622	-0.0387894	0.190457	0.0160385	0.011171	-0.00594173	-0.0054181	0
4080.439915729	3445.012840442	-0.0355243	0.172366	0.01098	0.0115187	-0.0056305	-0.00565075	0
4067.449473937	3444.248474639	-0.0423636	0.185759	0.00299527	0.0109088	-0.00596066	-0.00547867	0
4080.853399601	3442.799434622	-0.0351294	0.201743	-0.02878	0.0126252	-0.0056414	-0.00536859	0
4070.802166085	3454.883747435	-0.0462907	0.222115	-0.014763	0.0107156	-0.00536576	-0.00545166	0
4084.112942403	3442.395364593	-0.0311603	0.251652	0.00220134	0.0101148	-0.00506074	-0.00523306	0
4076.258374033	3448.949904244	-0.0435899	0.201711	-0.0251409	0.00963027	-0.00495009	-0.00501468	0
4084.961636441	3442.83460368	-0.0417976	0.127785	0.0157648	0.0106475	-0.00556535	-0.00529767	0
4078.121446481	3455.64063046	-0.0436228	0.12534	0.0379155	0.00988191	-0.00585702	-0.00526363	0
4083.567390038	3442.918036658	-0.0379123	0.168577	0.0594731	0.0101078	-0.00554336	-0.00481992	0
4058.084842622	3446.410997567	-0.0508099	0.194618	0.0493789	0.00966677	-0.005775	-0.00482523	0
4083.242350999	3444.93090402	-0.0308271	0.223271	0.0202921	0.010626	-0.00554192	-0.00440025	0
4068.034800817	3433.611705288	-0.0337246	0.264531	-0.00294546	0.0102378	-0.005539	-0.0044785	0
4086.69426559	3443.241666819	-0.0238446	0.296307	0.0234144	0.010133	-0.00511623	-0.00432316	0
4084.981053246	3447.301448185	-0.0238392	0.268747	0.00145229	0.00908309	-0.00467606	-0.00379643	0
4094.512395374	3450.181943691	-0.0153699	0.197138	0.0185574	0.00924078	-0.00480647	-0.00354914	0
4094.561322303	3449.880761864	-0.00557348	0.15359	0.0145192	0.0101669	-0.00576321	-0.00329026	0
4096.50967473	3439.380553217	-0.00395048	0.17601	0.0241299	0.0110896	-0.00601093	-0.00295459	0
4082.449512354	3453.929319063	-0.00502909	0.197526	0.0154491	0.0102225	-0.00660138	-0.0025047	0
4101.031309905	3438.16235691	0.000394183	0.248131	0.020382	0.0102629	-0.00648999	-0.0023528	0
4077.020761652	3442.038436069	-0.00303227	0.270523	0.031135	0.00923499	-0.0065725	-0.00263948	0
4093.371679421	3439.666021209	-0.00473269	0.27947	0.0453691	0.00968896	-0.0066494	-0.0025047	0
4080.404845728	3445.17895812	-0.0129608	0.275207	0.0110346	0.00951839	-0.00648664	-0.00312537	0
4095.241936943	3444.076744877	-0.00820067	0.297434	0.0618574	0.0093502	-0.00549303	-0.00322545	0
4089.877424218	3455.422507472	-0.0126342	0.27908	0.0665093	0.00823926	-0.00487545	-0.00339418	0
4101.198876083	3447.493381448	-0.00491324	0.262894	0.0665014	0.00841081	-0.00432595	-0.00338822	0
4086.735665299	3461.899974506	-0.0146076	0.171553	0.0390444	0.00947371	-0.0050395	-0.0037981	0
4102.108985392	3454.000405457	-0.0187434	0.108852	0.0527593	0.00952653	-0.00529175	-0.00452298	0
4088.891615029	3454.900583686	-0.0232325	0.127549	0.0554196	0.0104825	-0.00590337	-0.00446363	0
4094.514533789	3448.59596883	-0.0258354	0.171517	0.0844525	0.0106313	-0.00586293	-0.00446363	0
4070.580369709	3438.138786158	-0.0254726	0.24157	0.0485929	0.0113764	-0.00603122	-0.00438692	0
4089.138901308	3442.366555897	-0.0177414	0.311116	0.106105	0.00958245	-0.00546321	-0.00442802	0
4090.555045078	3444.318812755	-0.0113538	0.3349	0.112762	0.00900055	-0.00501663	-0.00439897	0
4106.068131956	3455.218975902	-0.00560234	0.298039	0.163401	0.00875007	-0.00475145	-0.00476851	0
4093.435831863	3457.265889906	-0.011556	0.181003	0.131439	0.00955185	-0.00501411	-0.00515608	0
4096.668943859	3461.830384668	-0.0197475	0.11982	0.127019	0.0107887	-0.00587882	-0.00554663	0
4088.711988191	3453.634871737	-0.0151157	0.14442	0.0893654	0.0126366	-0.0059428	-0.00512589	0
4090.846724846	3452.989482108	-0.025293	0.15198	0.143612	0.0118154	-0.00598577	-0.00530989	0
4089.184663383	3441.144244062	-0.02966	0.220026	0.12512	0.011495	-0.00543098	-0.00546109	0
4085.734459524	3452.733196952	-0.0109647	0.325553	0.124585	0.00968638	-0.00484725	-0.00501722	0
4109.791539682	3452.532658493	-0.00738548	0.295188	0.0856884	0.0108936	-0.00507787	-0.00622893	0
4094.920404904	3461.393390415	-0.0116132	0.242614	0.136538	0.010557	-0.00585918	-0.00685686	0
4104.509826376	3455.955281287	-0.0222392	0.130559	0.100426	0.0120303	-0.00624539	-0.0067878	0
4090.064150592	3453.763575523	-0.0257776	0.149376	0.0642024	0.0139647	-0.00824967	-0.0060894	0
4103.249615808	3452.876492156	-0.0457942	0.137737	0.0175753	0.0175387	-0.00845069	-0.0069933	0
4083.707498971	3429.479715111	-0.0573932	0.170215	0.0507331	0.0272895	-0.00932252	-0.00845181	0
4072.129779485	3434.521611129	-0.0584823	0.134139	0.0282312	0.0292665	-0.00945365	-0.00945011	0
4072.889943153	3433.337461463	-0.0622663	0.235333	0.0564533	0.0297635	-0.0126066	-0.0086306	0
4069.63416396	3431.361259715	-0.0751909	0.241646	0.0663255	0.0293113	-0.0128768	-0.0086306	0
4060.211966521	3430.659749249	-0.106174	0.205357	0.0651957	0.0295529	-0.0128365	-0.00877811	0
4074.506926834	3426.909754905	-0.0923485	0.223138	0.0884733	0.0298724	-0.0124187	-0.0092317	0
4090.290394871	3434.557902604	-0.0318135	0.213719	0.172645	0.0288345	-0.0115907	-0.00877235	0
4102.282025912	3442.90344524	-0.0172517	0.200402	0.286568	0.02816	-0.0116416	-0.00917389	0
4088.271303684	3441.961737591	-0.0140969	0.0645431	0.297154	0.0293879	-0.0114058	-0.00954739	0
4065.01210883	3432.124128962	-0.0265533	0.0725423	0.310743	0.0313687	-0.0127011	-0.0106038	0
4054.656707202	3432.843598095	-0.0451301	0.126521	0.271217	0.0311178	-0.0123351	-0.0103263	0
4047.875109806	3423.902800446	-0.0470033	0.224976	0.257333	0.0328347	-0.0130383	-0.010297	0
4050.256191838	3421.07730336	-0.0415822	0.323742	0.259303	0.0309015	-0.0118866	-0.0105138	0
4049.887015919	3427.861564304	-0.0314691	0.349075	0.329139	0.0297903	-0.011539	-0.010877	0
4054.099094178	3424.912975516	-0.0273142	0.309265	0.346404	0.0277919	-0.0109466	-0.0112372	0
4046.596166725	3439.578098564	-0.0332868	0.160169	0.325438	0.0290855	-0.0113483	-0.0109622	0
4038.38585168	3425.963931728	-0.0443744	0.156517	0.291799	0.0304306	-0.0121543	-0.0109279	0
4055.499584752	3429.238395511	-0.0629084	0.117098	0.213637	0.0310583	-0.0121311	-0.0100841	0
4053.583565155	3424.365984422	-0.0440658	0.237305	0.189313	0.0308777	-0.0123556	-0.00978658	0
4028.282611918	3415.205567229	-0.042072	0.206864	0.178393	0.0320924	-0.0118817	-0.00942045	0
4036.347087078	3417.097213583	-0.0384477	0.322413	0.230237	0.0301996	-0.0115412	-0.00995416	0
4039.568052879	3414.673541692	-0.0240897	0.304911	0.26964	0.0294847	-0.0110057	-0.0102371	0
4038.52655937	3422.164176908	-0.0094986	0.308256	0.312942	0.0276744	-0.0112171	-0.0105278	0
4041.219422269	3422.063907679	-0.0168105	0.144991	0.279481	0.0287155	-0.0110907	-0.0103749	0
4043.036732641	3420.702790306	-0.0329455	0.123513	0.296407	0.0304755	-0.0126905	-0.010317	0
4039.017197245	3414.635379523	-0.0340604	0.164233	0.250031	0.0313243	-0.0121463	-0.0102436	0
4032.504270275	3412.704448583	-0.0479233	0.206626	0.268975	0.0315472	-0.0125584	-0.00999898	0
4036.299785345	3410.517980764	-0.0364265	0.262362	0.26196	0.0300812	-0.0117353	-0.00998964	0
4041.472353963	3405.599924728	-0.0307074	0.333759	0.305379	0.0285797	-0.0117092	-0.0100297	0
4048.983236318	3413.127225557	-0.0141635	0.320608	0.312574	0.0275452	-0.0111293	-0.0101267	0
4050.641192025	3424.523496905	-0.0181543	0.217255	0.313736	0.0277582	-0.011501	-0.0100037	0
4055.705385785	3419.360754018	-0.025641	0.150861	0.281763	0.028329	-0.0116059	-0.00996815	0
4053.049132546	3415.990136534	-0.0293522	0.147026	0.319995	0.0299827	-0.0122863	-0.00982882	0
4050.481409677	3417.852225913	-0.049487	0.155859	0.282998	0.0297689	-0.0119886	-0.00974619	0
4050.913882672	3416.819602508	-0.0406961	0.192027	0.299512	0.0306997	-0.0124321	-0.00971628	0
4042.176833311	3416.656103802	-0.0415528	0.222307	0.259155	0.0288352	-0.0120745	-0.00962051	0
4046.297216346	3417.099084278	-0.0459409	0.28537	0.245064	0.0295072	-0.0124819	-0.00976088	0
4059.462238317	3424.531353823	-0.0360033	0.334062	0.235542	0.026576	-0.0113011	-0.0098893	0
4074.835643946	3447.155534008	-0.0210245	0.312623	0.157191	0.0261868	-0.0115433	-0.00938991	0
4054.918363629	3431.974473396	-0.0107535	0.244416	0.152253	0.0258583	-0.0117928	-0.00910591	0
4047.684961968	3442.662873918	-0.0117556	0.146418	0.143083	0.0265901	-0.0122098	-0.00850418	0
4049.826456014	3436.053335847	-0.00495327	0.167313	0.192937	0.0273163	-0.0124351	-0.00827317	0
4040.367221231	3438.666696167	-0.0139977	0.154281	0.222388	0.0270517	-0.0125641	-0.00869823	0
4034.671767443	3431.179802341	-0.0137213	0.229447	0.219034	0.0271972	-0.0124666	-0.00887517	0
4037.619529378	3421.981597117	-0.017846	0.237695	0.226633	0.0271393	-0.0121623	-0.00881087	0
4034.634387954	3430.956815548	-0.0233572	0.29558	0.207804	0.0276009	-0.012383	-0.00896401	0
4052.140648433	3418.829850898	-0.0216929	0.308648	0.235488	0.0273159	-0.0113518	-0.00942064	0
