5202.532277565	3529.074363667	-0.00811362	0.167968	0.00977533	-0.000629985	-0.00186816	0.00135938	1
5057.479353335	3524.603030224	-0.00619318	0.176265	-0.0259488	-0.00152641	-0.00184016	0.00139814	1
4947.472766782	3524.059878219	-0.00138383	0.14726	0.0131268	-0.000834661	-0.00186274	0.00134666	1
4883.554055168	3525.219391063	-0.0072483	0.14259	0.00715017	-0.00038834	-0.00191369	0.00118403	1
4839.694615483	3522.055906268	-0.00232847	0.185657	0.0190112	-0.00091748	-0.00167814	0.00133635	1
4799.612493364	3528.074855283	0.00256529	0.165731	0.0093942	-0.000165856	-0.00161846	0.00142631	1
4763.440436459	3531.333447625	-0.00363135	0.189105	0.0150315	-0.000750483	-0.00161857	0.00124384	0
4766.425581233	3530.676166564	-0.00172064	0.180067	0.0343519	-0.00132141	-0.00177613	0.00145713	0
4736.62301529	3524.097921237	-0.00584323	0.182541	0.0174383	-0.000662244	-0.00206045	0.00129925	0
4730.963268976	3528.15749495	-0.0290239	0.166347	0.012364	-0.000895522	-0.00267033	0.00144062	0
4731.960553657	3540.99461606	-0.038764	0.245972	0.046415	-0.00127975	-0.00193127	0.00144814	0
4738.343463154	3538.041966313	-0.049021	0.178197	0.0722883	-0.00184203	-0.00211515	0.00153533	0
4739.615827799	3541.372328887	-0.0550955	0.114942	0.0255371	-0.000833437	-0.00208222	0.00151555	0
4722.190422572	3532.962583951	-0.0430531	0.120611	0.0151916	-5.90546e-05	-0.00179153	0.00171865	0
4728.37684638	3528.894538474	-0.0333004	0.140671	0.0207303	-0.000759687	-0.00146698	0.00185355	0
4718.494095449	3532.572403243	-0.0296969	0.221722	0.0434359	-0.000678193	-0.00146796	0.00168452	0
4730.304323067	3525.741603424	-0.0357461	0.264023	0.055371	-0.00118338	-0.00165374	0.00173266	0
4720.504479513	3532.521892345	-0.0381479	0.192363	0.0309973	-0.00098392	-0.00162434	0.00170375	0
4726.439785025	3525.884184821	-0.0342047	0.214411	0.0280793	-0.000845536	-0.00174735	0.00190441	0
4723.51118979	3527.644553577	-0.023181	0.196884	0.0292341	-0.00101967	-0.00148586	0.00187351	0
4725.120934741	3532.455876518	-0.027223	0.281948	0.0418316	-0.000845536	-0.00158841	0.00182025	0
4726.264385605	3529.252590414	-0.0336311	0.278785	0.0508589	-0.00127101	-0.00169775	0.00199182	0
4714.945851443	3528.200652996	-0.0289693	0.242099	0.0401817	-0.00146413	-0.00140925	0.00199855	0
4715.579397982	3527.171413514	-0.0346446	0.165177	0.03675	-0.00124005	-0.00140009	0.00174192	0
4719.662945683	3520.520279042	-0.0255011	0.150329	0.0204446	-0.00103084	-0.00160667	0.00190691	0
4713.83498845	3524.431357106	-0.0211327	0.159716	0.0242203	-0.000845536	-0.00157955	0.00185356	0
4713.144413137	3522.801581402	-0.0201726	0.209204	0.0344772	-0.000499312	-0.00124741	0.00198777	0
4707.650002342	3525.053152663	-0.0184214	0.253781	0.0200355	-0.000556601	-0.00125763	0.00194869	0
4707.080673077	3515.119449157	-0.0281386	0.209347	0.0119448	3.94074e-05	-0.00153325	0.00190364	0
4700.452875318	3518.765504848	-0.0261959	0.190402	0.0172695	-0.000401563	-0.00197107	0.0021648	0
4709.422207411	3517.479714757	-0.0210869	0.231803	0.0270826	-0.000845536	-0.00162584	0.0021648	0
4703.169649396	3520.798888208	-0.0148453	0.265888	0.0366958	-0.000529052	-0.00173602	0.0021648	0
4706.279394852	3518.463718213	-0.0205708	0.256073	0.0367933	-0.00109554	-0.00153162	0.0021648	0
4712.016297741	3518.913520962	-0.0225863	0.146695	0.0267735	-0.00109554	-0.00148428	0.0021648	0
4705.460864225	3517.729072358	-0.0206697	0.152931	0.0167501	-0.000517884	-0.00168808	0.0021648	0
4713.175563307	3523.19975434	-0.0058373	0.170541	0.0267871	-0.000937279	-0.00160128	0.0021648	0
4718.448089044	3523.196397603	-0.0118705	0.184567	0.0213344	-0.000615128	-0.00154331	0.00243011	0
4708.233229375	3521.224074887	-0.0258307	0.251336	0.0237765	-0.000796007	-0.00157231	0.0021648	0
4707.507190792	3519.126274146	-0.0236483	0.242247	0.0186099	-0.000546007	-0.00154577	0.00241796	0
4717.604159047	3525.244806357	-0.0207527	0.197956	0.00970065	-0.000343284	-0.00155891	0.00230857	0
4713.178917941	3527.228478042	-0.0271328	0.153994	-0.0116686	2.79549e-05	-0.00172554	0.00249518	0
4713.627480392	3526.657353229	-0.0117688	0.138957	-0.000155118	9.05596e-05	-0.00150873	0.00238333	0
4714.280196267	3532.032288286	-0.0246612	0.195467	-0.00292737	-1.85577e-05	-0.00179836	0.00261303	0
4708.697606528	3530.948381945	-0.0191383	0.239128	0.0051226	-1.34304e-05	-0.00150622	0.00253906	0
4717.733552062	3529.896124838	-0.0222562	0.228702	0.00639006	-0.000126498	-0.0014782	0.00245217	0
4716.585308864	3533.146245415	-0.0233823	0.161912	-0.00740078	-3.63219e-05	-0.0014792	0.00264386	0
4700.923003272	3528.268906647	-0.0103045	0.156147	-0.00217129	0.000172481	-0.00146256	0.00252123	0
4714.500164392	3530.529109517	-0.00993264	0.153686	-0.00596683	8.06566e-06	-0.00166635	0.00263748	0
4713.430994703	3526.411512209	-0.0121732	0.178004	-0.0021036	8.06566e-06	-0.00153629	0.00246763	0
4707.994091915	3523.941113669	-0.00199821	0.195752	-0.00213577	0.000134942	-0.00153058	0.00235406	0
4730.984355245	3531.322738036	-0.0129559	0.197182	-0.0228767	0.00015027	-0.00189808	0.00234148	0
4693.005109233	3530.94614412	-0.011764	0.232717	-4.70943e-05	8.06566e-06	-0.00180086	0.00249183	0
4701.25654971	3526.449235539	-0.0121049	0.297704	-0.00735981	0.000637741	-0.00170639	0.00253407	0
4714.968375413	3528.48197952	-0.0175731	0.24509	-0.0147169	8.06566e-06	-0.00192443	0.00238527	0
4694.836260009	3520.940350693	-0.0211598	0.129917	-0.00986028	0.000468532	-0.00173027	0.00271421	0
4691.457664623	3517.807875754	-0.0170633	0.117221	-0.0173882	0.000796696	-0.0016927	0.00233441	0
4682.717885323	3522.657401558	-0.00740496	0.116321	-0.00559116	0.000307307	-0.00175208	0.00262378	0
4683.057661795	3521.764189844	5.58588e-05	0.105474	-0.0158772	0.00105351	-0.00187475	0.00248478	0
4682.426511423	3520.283549166	-0.00721837	0.220459	-0.0072552	0.000625959	-0.00217887	0.00287238	0
4682.17299696	3515.409407291	-0.000542009	0.311562	-0.00400496	0.00069083	-0.00181685	0.00269189	0
4682.500792598	3515.969982359	-0.0103354	0.258246	-0.00478369	0.000475009	-0.00224275	0.002818	0
4694.032585617	3513.963932428	-0.0114215	0.19526	-0.0154025	9.19442e-06	-0.00196315	0.00275092	0
4696.999519523	3521.076058772	-0.000107773	0.173872	-0.00641347	0.000475009	-0.00211237	0.00276461	0
4687.899356715	3519.22441874	0.00037114	0.12207	-0.0229383	0.000847118	-0.00162594	0.0027045	0
4694.100157525	3517.620218174	0.00535149	0.202786	-0.0142077	0.000729864	-0.00156558	0.00271179	0
4693.437856982	3521.267552622	-9.62543e-05	0.176262	-0.00622655	0.00086292	-0.00175462	0.00260576	0
4694.805109839	3518.96850751	-0.00428248	0.177182	-0.0120257	0.000560694	-0.00182178	0.00249593	0
4692.683543629	3518.786124803	0.00835839	0.132616	-0.0133273	0.00060356	-0.00168082	0.00257676	0
4696.537538537	3515.676987178	0.00896439	0.128816	-0.0166707	0.00108242	-0.00166439	0.00268997	0
4691.265971267	3513.996221041	0.0146621	0.161581	-0.0389325	0.000819829	-0.00199155	0.00275921	0
4690.405747335	3518.362536571	0.0048237	0.252372	-0.0199904	0.000832647	-0.00208194	0.0026213	0
4702.118690576	3513.15575805	0.00402502	0.262937	-0.00192559	0.000165589	-0.00164018	0.00282935	0
4697.637379163	3520.347806702	0.00269988	0.197247	-0.00187841	-0.000179831	-0.00156413	0.00302764	0
4700.295686767	3516.504183066	0.0157991	0.145184	-0.00189545	-2.10069e-05	-0.0018264	0.00272901	0
4719.084990217	3522.387424002	0.0129333	0.128749	-0.0236549	0.000367251	-0.00236425	0.00284562	0
4710.745850029	3526.551216404	0.0232464	0.145627	-0.00817231	0.000293383	-0.00207826	0.00292771	0
4709.820450357	3527.276591271	0.0218587	0.16876	-0.010483	0.000345494	-0.00176347	0.00300389	0
4714.787704425	3527.453379416	0.026654	0.193361	-0.0210916	0.000374134	-0.0019298	0.00316423	0
4709.858309795	3525.294358188	0.0258775	0.222007	-0.00194438	0.000293384	-0.00156008	0.00341814	0
4724.025407215	3526.389933186	0.0259117	0.18094	-0.0153477	0.000753421	-0.00199034	0.00313918	0
4715.120292397	3525.515902826	0.0217725	0.227261	-0.0209552	0.000422898	-0.00190014	0.00349079	0
4704.648084398	3532.711468059	0.00947424	0.264142	-0.00199622	0.000520687	-0.00166449	0.00304272	0
4706.867893452	3529.2604228	0.00828359	0.204865	-0.0019747	0.000293384	-0.00154045	0.00287455	0
4702.132109111	3528.90237086	0.0113485	0.134711	-0.0182748	0.000452993	-0.00136966	0.00271844	0
4700.946485708	3521.84091526	0.0180776	0.105825	-0.00768983	0.00036257	-0.00149959	0.00263428	0
4691.8463229	3523.909943969	0.0137211	0.111465	-0.0264801	0.00104244	-0.0016743	0.00269251	0
4690.914693194	3523.960135178	0.00732598	0.237779	-0.00196373	0.000372328	-0.00150604	0.00293051	0
4687.765171367	3526.667423439	0.00900864	0.232633	-0.00195592	0.00036932	-0.00146784	0.00310841	0
4695.361020569	3522.739242001	-0.00133318	0.204155	-0.0233518	0.000920687	-0.00176989	0.00275985	0
4702.281150694	3517.82402006	0.0158503	0.194967	-0.0085625	0.000179294	-0.00151685	0.00302558	0
4686.437215648	3518.287569446	0.0175999	0.1566	-0.00199114	0.000355207	-0.00137235	0.00302795	0
4677.725711118	3518.215159835	-0.0108411	0.170263	-0.00201162	0.000175393	-0.00114891	0.00278097	0
4692.45590777	3517.165140553	0.00532597	0.123679	-0.00203354	0.000221838	-0.00056644	0.00297509	0
4693.024278568	3520.867141859	0.0168056	0.197528	-0.00789397	0.000364628	-0.00122997	0.00320923	0
4707.108468613	3516.417387439	0.0216052	0.132742	-0.0119973	0.000293384	-0.000955893	0.00308383	0
4697.557347187	3519.272851659	0.00902476	0.220137	-0.0120101	0.000293384	-0.000965329	0.00334312	0
4717.484829934	3525.089597235	-0.000839102	0.278666	-0.00196754	-3.46833e-05	-0.00103103	0.00324286	0
4703.538179871	3527.117545878	-0.00308246	0.223989	-0.00207323	0.000103313	-0.000509564	0.00310743	0
4717.779558468	3532.961465039	-0.00446229	0.142829	-0.00203067	2.43263e-05	-0.000707324	0.00294882	0
4702.959265938	3522.655003889	-0.00206984	0.12847	-0.00207693	0.000146912	-0.000499924	0.00310072	0
4715.717417198	3525.176872395	-0.00760322	0.180912	-0.0182049	-6.37243e-05	-0.00122109	0.00310072	0
4696.313257311	3528.982612857	-0.00459706	0.178494	-0.00505934	0.00011429	-0.00118684	0.00297351	0
4688.803670119	3528.925868019	0.000915067	0.220278	-0.00425542	0.000341041	-0.00115528	0.00293672	0
4710.379236487	3521.494052443	0.00275764	0.226889	-0.018375	0.000906467	-0.00125556	0.00296476	0
4697.476356744	3524.108470982	0.0058831	0.2753	-0.00597207	0.000606873	-0.00131981	0.00325477	0
4690.457983775	3523.298698157	0.00313543	0.267166	-0.00232395	0.000660892	-0.00131736	0.00320629	0
4687.859580344	3520.835972159	-0.00066284	0.300114	0.00962233	0.000801613	-0.00149734	0.00293969	0
4686.100314576	3521.425798792	-0.00272775	0.2493	0.00969025	0.000434792	-0.00134297	0.00307955	0
4680.292485145	3521.448017194	0.00403621	0.113375	-0.013717	0.000917185	-0.00141146	0.00281881	0
4703.44041626	3513.071519937	0.00588979	0.111806	-0.0079903	0.000577435	-0.00151767	0.003032	0
4695.905429698	3518.115576639	0.00854228	0.107079	-0.00576804	0.000716556	-0.00129387	0.00316584	0
4682.216127965	3515.92778338	0.00624908	0.16432	-0.00606165	0.000956608	-0.00126461	0.00313115	0
4677.493762158	3511.664088093	0.000625325	0.241224	0.0066676	0.000380331	-0.00131086	0.00326423	0
4683.419483003	3514.77290603	0.00225726	0.242241	0.00370328	0.000434792	-0.00122699	0.00325652	0
4683.227789648	3516.882215582	-0.00165852	0.230168	-0.00468745	0.000434792	-0.00140185	0.00346121	0
4694.536259908	3512.877148884	0.00486046	0.200977	-0.00547988	0.000505115	-0.00133742	0.00319338	0
4698.195206827	3517.468525634	0.00674976	0.219009	-0.0179119	0.00119974	-0.00134428	0.00315187	0
4698.162139723	3518.256559591	0.0018021	0.219542	-0.00891049	0.000463897	-0.00131996	0.00330807	0
4717.07700232	3521.334687361	0.0104714	0.230573	0.00379697	0.000104228	-0.00108811	0.003306	0
4698.367730846	3522.643495077	-0.00377492	0.268135	0.00255264	9.30163e-05	-0.00115658	0.00334021	0
4698.211979995	3526.851564437	-0.00730208	0.283427	0.00984435	-2.29785e-05	-0.00108978	0.00334915	0
4712.054636412	3525.142825492	-0.00633319	0.192941	0.00211144	0.000152613	-0.000932825	0.00331932	0
4703.857828541	3524.959963251	0.00499728	0.173517	-0.0026024	-7.87202e-05	-0.00100271	0.00324309	0
4706.49840451	3526.777396535	0.00389525	0.15217	-0.00119039	0.000152613	-0.0011352	0.00338843	0
4720.924287961	3525.285566734	0.00543823	0.154224	-0.00488982	0.000402613	-0.00114166	0.00324382	0
4714.127320816	3529.509460712	-0.00410403	0.257573	-0.020006	0.000411956	-0.00135437	0.00331535	0
4702.486741818	3534.385360878	-0.00617648	0.289933	-0.00770757	0.00081412	-0.00106539	0.00325245	0
4707.501919225	3529.7161398	-0.000759633	0.2263	-0.00127333	0.00014153	-0.000798959	0.00310233	0
4689.322679878	3531.886509996	0.00211657	0.231663	-0.00752822	-9.43779e-07	-0.000704857	0.00320598	0
4676.303346422	3530.920888671	0.00325288	0.223428	-0.00390832	0.000433255	-0.00104094	0.00295782	0
4684.969803014	3529.6122408	0.00239348	0.213601	0.00214526	0.000125671	-0.00117333	0.00322234	0
4692.696003698	3531.488976436	0.000595821	0.241751	0.00212743	0.000125671	-0.000881636	0.00337815	0
4684.152230853	3527.446506098	0.00568697	0.201293	0.00435268	-8.6401e-05	-0.000877092	0.00324173	0
4698.386420949	3526.31768342	0.00375549	0.228507	0.00215034	-3.13055e-05	-0.0010524	0.00330889	0
4687.261497076	3527.031709319	0.0104983	0.214523	0.0202664	-0.000604948	-0.00127336	0.00346057	0
4673.196476366	3519.994390256	0.00810118	0.251402	0.0108757	-7.77084e-06	-0.0012386	0.00347342	0
4688.534340955	3523.61183376	-0.00185626	0.284378	0.0140487	-0.000434337	-0.00128733	0.00368187	0
4682.794083431	3518.349109623	0.00206691	0.263022	0.016443	-0.000447044	-0.0010376	0.00355078	0
4679.554465727	3521.446738437	-0.000329843	0.209429	0.0259019	-0.000851972	-0.00116702	0.00353898	0
4681.334338531	3517.985463122	-0.0029701	0.145517	0.0165555	-0.000838113	-0.00116946	0.00360909	0
4673.761971764	3519.313771881	-0.0061221	0.182349	0.0164376	-0.000646782	-0.000978918	0.00372874	0
4678.93385849	3516.620549946	-0.000855967	0.206438	0.0223407	-0.000989599	-0.0011101	0.0038417	0
4689.159740526	3515.449528289	0.0116748	0.188102	0.0191536	-0.000688774	-0.000948926	0.00366709	0
4673.277946042	3510.791496335	0.00460496	0.256724	0.0246811	-0.0009896	-0.00114402	0.00395298	0
4687.838973308	3520.967204589	0.00898672	0.271591	0.0186728	-0.000860991	-0.00131756	0.0037208	0
4701.277156746	3516.73771605	0.00438693	0.283203	0.01232	-0.000394722	-0.000947882	0.00354155	0
4712.342655679	3522.288640029	-0.0152671	0.288847	0.00525501	-0.000428388	-0.00111426	0.00371376	0
4699.878753719	3525.115971597	-0.0042042	0.270747	0.0176533	-0.000517705	-0.00115841	0.00347743	0
4693.495844222	3517.255292916	0.00762936	0.267227	0.0209977	-0.000566839	-0.00115878	0.00347297	0
4689.302072843	3517.708772092	-0.00256043	0.249172	0.02842	-0.000976384	-0.00136867	0.0033697	0
4689.531625635	3518.593671886	0.000747172	0.205382	0.0227847	-0.000715332	-0.00106343	0.00353726	0
4697.34552603	3518.603102718	-0.00416967	0.176763	0.0326574	-0.000959045	-0.00134497	0.00365221	0
4690.269645053	3520.394641174	0.00327162	0.188367	0.032657	-0.00103414	-0.0012372	0.00383603	0
4683.386415899	3518.907127178	0.0077936	0.190621	0.0250953	-0.000980223	-0.00112697	0.00369558	0
4682.066607148	3516.301659937	0.00573347	0.253885	0.0326651	-0.00119775	-0.00105608	0.00389323	0
4690.608942292	3518.641465426	0.0128551	0.284488	0.0281496	-0.000973499	-0.00116816	0.00369083	0
4682.293284541	3514.456733379	0.00241766	0.298008	0.0180902	-0.000534924	-0.00125731	0.00395646	0
4691.353191744	3519.651044021	0.00209906	0.312328	0.0226159	-0.000676331	-0.00122793	0.00372115	0
4695.220605186	3522.494200205	0.00584595	0.292041	0.0142079	-0.000356999	-0.00127111	0.0035763	0
4699.565814317	3521.093162146	0.00320464	0.27689	0.00595448	0.000249098	-0.0013288	0.0034615	0
4696.906548246	3526.437886571	0.000532908	0.246382	0.00977449	-9.71086e-05	-0.00120502	0.00360049	0
4708.665977125	3526.31144948	0.0134764	0.180283	0.00290498	-9.01928e-07	-0.000948487	0.00337599	0
4705.2437715	3520.770116177	0.00320362	0.259619	0.0151358	-0.000181314	-0.0011088	0.00334393	0
4703.958467553	3531.619409643	-0.0035472	0.284323	0.02846	-0.000552007	-0.000852581	0.00341242	0
4690.429709005	3520.247584127	0.00245664	0.157059	0.0160843	-0.00055413	-0.00065249	0.00301459	0
4693.435460815	3525.632429551	0.00979271	0.19226	0.0141367	-0.000540301	-0.000793696	0.00334735	0
4701.277156746	3524.765272509	0.00808215	0.20831	0.0106483	-0.000250902	-0.000851196	0.00328513	0
4694.43322473	3523.734274736	0.00832958	0.306349	0.0126851	-0.000250902	-0.000848706	0.0035713	0
4692.963415928	3527.951295395	-0.00433313	0.350966	0.0284962	-0.00045185	-0.000888067	0.00377645	0
4708.376040925	3527.394396753	0.0035216	0.267406	0.0150356	-0.000593083	-0.000567819	0.00336996	0
4701.492332537	3531.1857512	0.00249114	0.273411	-0.00634129	1.62837e-05	-0.000842831	0.00326901	0
4705.196806628	3529.309335253	0.0111329	0.232954	0.00429762	-1.68939e-06	-0.00100268	0.00325287	0
4718.473967647	3532.951394828	0.00569775	0.289174	0.0153842	-0.000199893	-0.00112621	0.00358388	0
4704.579554024	3533.081828035	-0.000987112	0.315413	0.0121282	-0.000389233	-0.000796188	0.00350528	0
4722.838346113	3532.410960181	-0.00493933	0.288449	0.012087	-0.00020114	-0.00101883	0.00359344	0
4706.928276859	3526.868507966	-0.00160492	0.207782	0.0120907	-0.000307684	-0.000960826	0.00365363	0
4700.974760478	3527.613703566	-0.00308436	0.212597	0.0120919	-0.000265741	-0.000982307	0.00364383	0
4709.683389608	3523.534309121	0.00386323	0.204901	0.00475537	0.000119093	-0.00103853	0.00353791	0
4710.007351378	3525.604616588	0.0122375	0.246603	-0.00510821	0.00016111	-0.00114506	0.00351283	0
4704.110384537	3522.003956768	0.0087245	0.292346	0.00399289	6.28895e-05	-0.00118381	0.00373458	0
4694.763416534	3524.02391318	0.00923059	0.350635	0.0192602	-0.000159839	-0.000994533	0.00345703	0
4699.303673654	3523.388211142	-0.0042387	0.375755	0.0116464	6.18945e-05	-0.0013085	0.00355096	0
4701.02316305	3525.279013105	-0.00334297	0.37241	0.0192838	-0.000367563	-0.00116865	0.00371337	0
4690.229389449	3522.725655209	0.00613741	0.309665	0.0193038	-0.000330123	-0.0013457	0.00368319	0
4692.807185844	3525.127000875	0.00235421	0.207771	0.0125721	-0.000476381	-0.00111644	0.00371952	0
4682.182581628	3519.169592037	5.43692e-05	0.169998	0.0153512	-0.000362803	-0.00130196	0.00361067	0
4691.169166123	3518.472989201	0.000801211	0.170841	0.0140365	-0.000362803	-0.0014909	0.00390022	0
4688.793606218	3517.128376291	0.0071586	0.188013	0.0146889	-0.000362803	-0.00157838	0.00354581	0
4674.871397058	3515.174116016	0.00937089	0.255005	0.0094628	-6.8688e-05	-0.00154875	0.00379584	0
4690.031466059	3522.014986046	0.011961	0.310738	0.019382	-0.000265713	-0.00154834	0.00391036	0
4697.770126811	3515.830757698	0.0271897	0.330718	0.0193065	0.000190559	-0.00160205	0.00367712	0
4703.029713247	3522.235891306	0.012759	0.392911	0.0193311	4.32828e-05	-0.00157333	0.00399616	0
4696.390413887	3525.644417897	0.00987199	0.323603	0.0193484	-4.4514e-05	-0.00131108	0.00389711	0
4694.036898718	3520.722482482	0.0142506	0.257569	0.00493498	0.000390556	-0.00127019	0.00372003	0
4707.053356774	3524.759518103	0.0182673	0.21049	-0.00221624	0.000229729	-0.000795267	0.003573	0
4717.902721448	3528.204489267	0.0215498	0.199771	0.00638854	0.000343573	-0.000684472	0.00372005	0
4717.556235709	3529.927294538	0.010456	0.236663	0.0192461	0.000935795	-0.00131461	0.00350254	0
4716.382593141	3537.783018035	-0.00143468	0.267579	0.0193276	0.000192925	-0.00121609	0.00363402	0
4721.722690785	3528.792078075	0.0110653	0.259999	0.0124357	-0.000265714	-0.000988602	0.00363277	0
4708.06837309	3523.793896778	0.00817928	0.259595	0.00936569	-0.000247206	-0.00129205	0.00377083	0
4699.165175204	3525.024380632	0.022822	0.302884	0.00814924	-6.04136e-05	-0.00104643	0.00360383	0
4696.956388518	3530.67984299	0.0101828	0.327833	0.0266662	-0.000266373	-0.00146564	0.00381014	0
4713.170770974	3525.877631192	0.00773351	0.368865	0.0267581	-0.000687567	-0.00120339	0.00402314	0
4705.514059131	3527.393437685	0.00614542	0.304194	0.0267173	-0.00053394	-0.00128482	0.00383524	0
4700.857348298	3526.625064616	0.0108036	0.255291	0.0175159	-0.000158315	-0.00124234	0.00380279	0
4708.323804486	3526.014937717	0.0110538	0.228599	0.00535179	2.26701e-05	-0.0012521	0.00377239	0
4686.665330741	3527.475597818	0.0104847	0.240385	0.0265436	0.000180252	-0.00113047	0.00377356	0
4704.449681776	3529.853126636	0.00443139	0.274047	0.0440062	0.000377394	-0.000917443	0.00369597	0
4698.364855446	3529.102656164	0.0012013	0.256811	0.0266015	-0.000273754	-0.000949778	0.00363691	0
4677.836893264	3524.308116907	0.0155686	0.234703	0.0139278	1.9881e-05	-0.000774391	0.00377249	0
4684.220281994	3525.968103244	0.0124951	0.243412	0.0265617	-9.20054e-06	-0.00102395	0.00371119	0
4675.818841466	3524.466043388	0.00396029	0.35009	0.0134224	0.000253521	-0.0014818	0.00380306	0
4686.97491551	3520.444832384	0.000985913	0.349603	0.0266093	1.01173e-05	-0.00119648	0.00371356	0
4689.267088805	3524.114385233	-0.00074587	0.306491	0.0266938	-0.000674331	-0.00144778	0.00397367	0
4679.485935353	3524.47547422	0.00976366	0.252035	0.0166638	-0.000377427	-0.00145274	0.00394777	0
4666.408614656	3519.980963308	0.0196809	0.234992	0.0156401	-0.000128323	-0.00140049	0.00386423	0
4668.736730456	3522.841382711	0.0147749	0.251342	0.0167206	-0.000549605	-0.00145803	0.00376161	0
4682.258300503	3528.431628466	0.00892176	0.320567	0.0350924	-0.000345424	-0.00144905	0.00394325	0
4679.516127056	3523.587857068	0.0103192	0.340512	0.0542392	-0.000418539	-0.0015675	0.00436375	0
4692.103191996	3523.338979001	0.0113328	0.256328	0.0267347	-0.000770867	-0.000971373	0.00426641	0
4688.673318637	3518.931423559	0.0101715	0.266904	0.0267486	-0.000770867	-0.00132476	0.00414293	0
4698.80814633	3521.272987339	0.01116	0.228189	0.019031	-0.000573137	-0.00119694	0.00429411	0
4687.993765693	3524.413294665	0.0185581	0.2215	0.0204438	-0.000293169	-0.00109006	0.00410503	0
4680.786574768	3517.174251696	0.0132112	0.261821	0.010353	7.41217e-05	-0.00137012	0.00400374	0
4681.44024911	3519.047950284	0.00886947	0.300943	0.0138089	0.000333438	-0.00114891	0.00412086	0
4685.091049061	3523.758251428	-7.43952e-05	0.3573	0.0391096	-8.88284e-06	-0.00135827	0.00359345	0
4697.765813711	3522.233653481	-0.00655383	0.341752	0.0409672	-0.000629963	-0.00106308	0.00394245	0
4686.997918712	3527.19586974	0.00344696	0.234138	0.0221317	-0.000581818	-0.000932299	0.00372798	0
4691.073798679	3526.162634142	0.00860434	0.196084	0.0173413	1.89545e-05	-0.000853738	0.00368089	0
4690.229868682	3523.904669097	0.00992738	0.199587	0.0129337	-0.000288287	-0.00103003	0.00370902	0
4691.886099272	3526.281398692	0.0164416	0.274318	0.0264851	0.000207615	-0.000714462	0.00361498	0
4687.431145695	3520.167821664	0.0136935	0.296603	0.0265455	-1.74709e-05	-0.000927057	0.00377355	0
4687.917567584	3527.75756372	0.014335	0.260646	0.0212052	0.000187187	-0.00109485	0.00350988	0
4678.001270316	3519.30993561	0.0133424	0.253321	0.021738	0.000377848	-0.0011174	0.0035421	0
4703.186422564	3524.872847936	0.0139945	0.291055	0.0183473	-0.000443234	-0.000936143	0.00386218	0
4708.402398761	3528.343873772	0.00336148	0.298408	0.0170151	0.000284632	-0.00113171	0.00365054	0
4677.283378701	3525.689653923	0.00718959	0.358212	0.0418954	-0.000589187	-0.0012268	0.00377694	0
4694.885141815	3524.598075041	-0.00689215	0.374066	0.0514605	-0.000746046	-0.00164142	0.00382173	0
4695.925078267	3523.169543708	0.00156286	0.276586	0.0392466	-0.000642831	-0.00120855	0.00379006	0
4699.742172204	3523.372226681	0.00152445	0.241669	0.0138387	-0.00019699	-0.00107191	0.00391041	0
4707.557989531	3524.46124805	0.00631192	0.209506	0.0229302	-7.82079e-05	-0.00135029	0.00401762	0
4701.892013183	3524.411696219	0.00782207	0.20901	0.0261316	0.000210817	-0.00120405	0.00385624	0
4699.855271283	3526.546261221	0.0100138	0.259027	0.0161948	-8.58952e-05	-0.00105037	0.00381639	0
4681.945361101	3526.408475162	0.0119644	0.317607	0.0261778	-7.317e-05	-0.0010469	0.00402971	0
4690.904629293	3526.264295318	0.00973096	0.360558	0.0482756	-0.000167487	-0.00113254	0.00394761	0
4688.861657359	3529.54574544	0.00102391	0.372451	0.0316229	-0.00052394	-0.00122911	0.0042095	0
4686.836896294	3529.106492435	0.0102707	0.342938	0.0315376	-8.44229e-05	-0.0010245	0.00416292	0
4695.940892969	3528.139912042	0.00376424	0.257453	0.0388011	-0.000261778	-0.0011116	0.00410346	0
4694.980030026	3528.062067714	0.00695027	0.208783	0.0316483	-0.000315595	-0.00130897	0.0042095	0
4694.196483436	3527.298649828	0.000793548	0.206787	0.0439073	-0.000285682	-0.00149651	0.00413562	0
4692.034182388	3530.181767167	0.0100422	0.257462	0.0553054	-0.000339981	-0.00146598	0.00418596	0
4689.274756539	3526.933884414	0.0165942	0.244166	0.0580883	8.01252e-05	-0.00128153	0.00418549	0
4699.791054009	3526.932605657	0.011133	0.305885	0.0544633	7.77123e-05	-0.00140883	0.00431609	0
4691.488814793	3530.358555312	0.00975172	0.404806	0.0677978	-8.78482e-05	-0.00149026	0.00442084	0
4695.840253957	3530.946463809	0.00227414	0.399256	0.101401	0.000493379	-0.00112929	0.00416603	0
4702.016134631	3526.750702484	-0.00537841	0.321349	0.0679856	0.000441356	-0.00119675	0.00414707	0
4704.879074891	3523.457264017	-0.000840495	0.282357	0.076088	0.000329694	-0.00141156	0.0040859	0
4688.454308979	3526.562725216	0.00374739	0.23899	0.0779051	0.000847705	-0.00122506	0.00381563	0
4712.452400125	3525.67878449	0.000534167	0.215345	0.0752686	0.000828877	-0.00137441	0.00427004	0
4692.528272012	3529.342742777	-0.00615762	0.322141	0.072067	0.000963582	-0.00166792	0.00430665	0
4690.434022105	3523.929125323	-0.00687484	0.359672	0.0919103	0.000565704	-0.00143391	0.00405304	0
4685.625394289	3519.802416872	-0.0100823	0.369543	0.106014	-0.00027761	-0.00107117	0.00440138	0
4688.301433528	3518.845107467	-0.0100057	0.309626	0.0859291	-0.000566586	-0.00141852	0.0040371	0
4683.868524688	3514.730866896	-0.00791813	0.29179	0.0857286	0.000279955	-0.00131822	0.00396997	0
4681.486255515	3518.117654619	-0.00854804	0.29861	0.0694786	-0.000126721	-0.00153111	0.00417154	0
4700.557348197	3516.692480023	-0.00697295	0.31373	0.0806624	6.06598e-05	-0.00153064	0.004343	0
4693.990413079	3514.664851069	-0.00993106	0.312803	0.06144	0.000567439	-0.0013251	0.00392353	0
4692.992169931	3520.483514781	-0.00724612	0.407165	0.0732491	-0.000716068	-0.00145138	0.0043067	0
4693.630988038	3520.980311847	-0.005708	0.353247	0.0924714	-4.3952e-06	-0.00114083	0.00384913	0
4700.567891332	3524.607505873	-0.0192479	0.313518	0.063638	-0.000402748	-0.0014989	0.00394814	0
4702.744090147	3519.35149521	-0.00446027	0.276886	0.0499153	-0.000541638	-0.00126441	0.00406011	0
4695.736739545	3523.49546688	-0.00104689	0.253235	0.0498056	6.36252e-05	-0.00145345	0.00389495	0
4690.567248987	3531.037095707	-0.00417858	0.281536	0.0432778	0.000232661	-0.00128508	0.00418341	0
4696.131627857	3527.947938658	-0.00307302	0.342923	0.0725572	7.21799e-05	-0.00138656	0.0041807	0
4694.714055495	3527.461371647	-0.00631268	0.364216	0.0858358	0.000136009	-0.00140445	0.00408422	0
4696.973161687	3528.76490449	-0.00810056	0.32699	0.0498299	-0.000100849	-0.00139655	0.00386219	0
4682.285616806	3526.305055695	0.00362391	0.277228	0.0416624	0.000357877	-0.000871561	0.00387947	0
4694.843927743	3526.645684572	0.00439609	0.274578	0.0441097	0.000239858	-0.00137854	0.00393803	0
4687.899356715	3527.394716442	0.00630312	0.330802	0.0342518	0.000514233	-0.00123252	0.00347078	0
4685.624915055	3529.945197135	-0.00476232	0.376451	0.0697352	0.000421485	-0.00172423	0.00354358	0
4696.057346682	3528.3801585	0.000156194	0.390979	0.0914421	-0.00098761	-0.00153204	0.00409935	0
4680.182261466	3525.627953902	0.0040904	0.358493	0.0989051	-0.000462548	-0.00140503	0.00386657	0
4681.774274781	3522.869835053	-0.00665282	0.354351	0.109061	-0.000687588	-0.00150256	0.00368676	0
4683.977310667	3523.931043458	-0.014341	0.325551	0.10741	-0.000966081	-0.00156357	0.00375256	0
4671.189446937	3528.305511064	-0.0116257	0.237073	0.0909535	-0.000196979	-0.00168149	0.00346789	0
4689.123318789	3522.999788726	-0.0108407	0.276617	0.0628108	-0.000875355	-0.00145406	0.00419796	0
4674.328904863	3517.900425786	-0.0111757	0.310197	0.0690871	-0.000696223	-0.00151523	0.00369773	0
4669.250947882	3523.285590899	-0.0123316	0.326832	0.0597171	-0.000657454	-0.00166921	0.00388148	0
4670.895197636	3518.445176238	-0.00827111	0.366457	0.059754	-0.000798268	-0.00151774	0.00405348	0
4680.340408484	3516.983077535	-0.00757266	0.375009	0.06867	-0.00027841	-0.00139902	0.00386365	0
4698.289136571	3520.74182368	-0.00758168	0.380901	0.0689135	-0.000209196	-0.00102241	0.00410641	0
4683.294882322	3516.555333343	-0.00998156	0.379053	0.0699207	-0.000501198	-0.00119653	0.00415662	0
4686.780825987	3521.147349471	-7.53864e-06	0.309543	0.071107	-5.08222e-05	-0.00111527	0.0039527	0
4691.269325901	3519.286758141	-0.00679485	0.305191	0.0693681	3.01568e-06	-0.00110686	0.00377931	0
4691.042169275	3522.441131793	-0.00671305	0.298447	0.0803554	2.05273e-05	-0.00107999	0.00372404	0
4684.009419304	3516.470775541	-0.00349204	0.261037	0.095215	0.000467675	-0.001008	0.00373941	0
4682.655105749	3521.885352063	-0.00853833	0.289251	0.0854957	-6.2601e-05	-0.00120867	0.00398454	0
4684.782901992	3521.650700167	-0.0102451	0.269121	0.0755354	-0.000320539	-0.00103528	0.00368208	0
4655.885128686	3516.753220977	0.00238617	0.299536	0.0894002	0.000410312	-0.00093074	0.00364989	0
4680.040887616	3516.100415566	0.00366704	0.314805	0.0692693	-0.000168546	-0.00107296	0.00379194	0
4677.515806894	3516.430974231	-0.00456259	0.321219	0.0976413	3.61744e-05	-0.00103716	0.00372779	0
4667.039285795	3518.393226737	-0.0130481	0.317741	0.0754088	0.0009747	-0.0010748	0.00380808	0
4679.354625404	3516.938800576	-0.00790672	0.351427	0.0897	0.000106199	-0.0011827	0.00371097	0
4679.219481589	3523.731717222	0.00124947	0.310271	0.0754975	0.000124385	-0.000872842	0.00373479	0
4688.009101161	3516.978282197	-0.00119761	0.307601	0.0697738	-7.11439e-05	-0.000981111	0.0038479	0
4683.999834636	3528.680826222	-0.00892646	0.306593	0.0755013	0.00023986	-0.00114419	0.00368254	0
4690.834181985	3528.008839457	-0.0116286	0.36854	0.118214	-0.000249707	-0.000962967	0.00380031	0
4685.532902245	3525.589431349	-0.0193161	0.364226	0.103699	-0.000961135	-0.000960731	0.00347502	0
4680.523954872	3530.656026142	-0.0232649	0.319353	0.112626	-0.000468994	-0.000719259	0.00352407	0
4685.630665856	3529.494595162	-0.0373415	0.262403	0.0689616	7.82568e-05	-0.000601673	0.00307274	0
4683.163572374	3527.54944603	-0.0259212	0.287772	0.0721565	-0.000460299	-0.00084933	0.00314552	0
4689.239293269	3527.263004479	-0.0173653	0.29429	0.0890814	0.000122429	-0.000582529	0.00342065	0
4684.960218346	3527.91197362	-0.0232279	0.365404	0.103557	2.01226e-05	-0.000873969	0.00342627	0
4679.282740396	3530.740743789	-0.0381593	0.426427	0.111678	-0.000421537	-0.00105566	0.00350124	0
4684.684659148	3527.630007717	-0.0350075	0.371838	0.123295	-0.000380871	-0.000566176	0.00357995	0
4687.511656904	3525.93229805	-0.0432366	0.327854	0.103482	-6.64277e-06	-0.00108973	0.00366666	0
4677.041845073	3524.236026986	-0.0444492	0.341863	0.103683	0.000224821	-0.00113566	0.00369486	0
4681.207820916	3521.470075751	-0.0354999	0.334696	0.11612	0.000471436	-0.000948952	0.00378377	0
4684.862454735	3526.894882328	-0.0454526	0.3777	0.11083	0.000504571	-0.00113815	0.0037774	0
4703.299042411	3528.785684291	-0.0531903	0.406602	0.143661	-6.93591e-05	-0.000990971	0.00394105	0
4679.976670342	3523.112639024	-0.053876	0.324762	0.140185	0.000684638	-0.000985439	0.00388453	0
4698.141532687	3523.154838003	-0.0601428	0.281352	0.108503	0.000222502	-0.00112285	0.00369056	0
4697.457666642	3521.550317748	-0.0519066	0.278277	0.105877	0.000484645	-0.000925209	0.00394361	0
4681.193443915	3521.716875838	-0.0569536	0.269994	0.0912017	0.00072889	-0.00124374	0.00427365	0
4698.612139874	3521.949769443	-0.0442122	0.326119	0.0810012	0.000803449	-0.00132655	0.00404841	0
4698.209583828	3519.348937696	-0.0423765	0.391393	0.129289	0.000809303	-0.000985043	0.00417586	0
4701.28626218	3522.047274659	-0.048068	0.405304	0.125792	0.000501061	-0.00110074	0.00425724	0
4694.55351231	3521.476149846	-0.054327	0.352626	0.108789	0.000529038	-0.00104691	0.00414242	0
4699.504951677	3524.107192225	-0.044948	0.327817	0.0985091	0.00119589	-0.00102343	0.00403736	0
4713.568055452	3522.713187329	-0.0399457	0.307016	0.0635939	0.000944936	-0.00109675	0.00410666	0
4704.638020497	3528.952721914	-0.0401881	0.354946	0.0976195	0.000954179	-0.000860802	0.00422033	0
4704.74728571	3527.579816508	-0.0439239	0.38411	0.147326	0.00106989	-0.000909513	0.00414341	0
4696.509263767	3519.239444134	-0.0529097	0.361958	0.10484	0.000633151	-0.00106244	0.00407624	0
4703.630192682	3523.892520906	-0.049486	0.293522	0.0974062	0.000719632	-0.00123197	0.00384386	0
4693.565333064	3522.973574209	-0.0501736	0.260793	0.0812329	0.00115666	-0.00080975	0.00402829	0
4701.016453783	3527.048652849	-0.0565285	0.299328	0.0812643	0.000923675	-0.000889491	0.00429208	0
4699.578274385	3525.904325243	-0.0510169	0.349698	0.0929017	0.00158886	-0.000917732	0.00401904	0
4695.923161333	3528.449690908	-0.0720854	0.431712	0.122601	-0.000414247	-0.00136407	0.00404437	0
4695.061499702	3529.85776213	-0.0638584	0.430148	0.117893	-0.00102628	-0.00110234	0.0039656	0
4708.741216767	3528.064944917	-0.0646902	0.385007	0.0964975	-0.000455597	-0.00111575	0.00378589	0
4701.338977853	3528.524658033	-0.0483137	0.323437	0.0451487	-0.000348812	-0.00110299	0.00372928	0
4707.338021406	3527.593563144	-0.0522749	0.319974	0.0657509	-0.000242401	-0.000848399	0.00359095	0
4703.624921115	3526.82119396	-0.0608809	0.329372	0.0657986	-0.000254013	-0.00122934	0.00369064	0
4692.943288126	3530.703499993	-0.0575291	0.406165	0.099089	-0.000412106	-0.00118994	0.00374817	0
4710.810067303	3527.966800323	-0.0502576	0.372917	0.101273	-0.000192453	-0.000950099	0.003619	0
4719.010709042	3534.011164632	-0.0512837	0.32873	0.0418339	-0.000560057	-0.000858248	0.00369486	0
4691.960380447	3529.827711342	-0.0493032	0.276871	0.0317207	-0.000122369	-0.00090998	0.00361844	0
4693.597920934	3526.795458977	-0.035288	0.297953	0.0415993	0.000290676	-0.000912611	0.00358839	0
4695.132905476	3527.784417616	-0.0362463	0.327979	0.0396287	-0.000132397	-0.000895557	0.00368967	0
4685.914851255	3527.134489407	-0.0288383	0.344588	0.041602	0.000341751	-0.000905573	0.00360773	0
4690.431625938	3530.963886873	-0.0405026	0.372691	0.0887148	0.000557459	-0.00099723	0.00385807	0
4692.285300684	3534.955846312	-0.0471275	0.388135	0.0881173	-9.57685e-05	-0.000833169	0.00373563	0
4696.071723684	3534.623529356	-0.0365622	0.345461	0.0551991	-3.9092e-05	-0.000628369	0.0037124	0
4685.947439125	3527.481192379	-0.0356269	0.301493	0.0398296	7.04698e-05	-0.000703063	0.00337415	0
4680.89008918	3525.9783333	-0.0318355	0.309868	0.0345647	2.25073e-05	-0.000628723	0.00353853	0
4690.992808236	3528.578685513	-0.0342248	0.329901	0.0787256	0.00066221	-0.000620392	0.00377239	0
4679.972357242	3519.613320691	-0.0514837	0.390666	0.0770395	0.000350898	-0.00118486	0.00364259	0
4678.146957266	3526.208829236	-0.0625088	0.434594	0.064003	-0.00116982	-0.000970325	0.00394002	0
4670.921076239	3525.551228486	-0.052459	0.417684	0.0533857	-0.00160601	-0.000692486	0.0039096	0
4668.180340493	3523.389649744	-0.0676682	0.35188	0.0532987	-0.00161703	-0.000463586	0.00389916	0
4676.975231632	3522.125118987	-0.0685693	0.249316	0.0533385	-0.00145724	-0.000895332	0.00381389	0
4696.117250856	3527.317831182	-0.0731686	0.279602	0.0533554	-0.00130382	-0.00106518	0.0042484	0
4685.66660836	3520.616185812	-0.0577258	0.251886	0.0898389	-0.0010256	-0.000893282	0.0044834	0
4679.374273973	3519.2077949	-0.0562922	0.335916	0.0824443	-0.00132293	-0.000830193	0.00435549	0
4693.470444853	3523.292304373	-0.0533785	0.370849	0.0917256	-0.00077195	-0.00114909	0.00412063	0
4692.781307241	3516.246833234	-0.0358414	0.406923	0.0950967	-0.000453992	-0.000866288	0.0042502	0
4690.56053972	3519.883298248	-0.0365586	0.438626	0.0838373	-0.000876058	-0.000884314	0.00446717	0
4692.875716218	3525.936134321	-0.0337497	0.437377	0.0947501	-0.000739398	-0.000832841	0.0044864	0
4687.33002745	3525.119008644	-0.0319637	0.393351	0.109653	-0.000173176	-0.00100407	0.00443523	0
4679.645040838	3524.280783478	-0.0302234	0.368557	0.111628	-0.000557609	-0.000940922	0.00469063	0
4677.794241493	3528.999396542	-0.0278119	0.347491	0.134115	-0.000935232	-0.000765187	0.00519613	0
4692.77411874	3531.235303031	-0.0233895	0.317466	0.134002	-0.000315894	-0.000622859	0.00481043	0
4691.540571999	3524.829849734	-0.0306406	0.302324	0.134129	-0.000930092	-0.000597163	0.00516924	0
4671.869479115	3528.441059298	-0.0205642	0.289622	0.129256	-0.000471157	-0.000405116	0.00502598	0
4677.314049638	3524.221481126	-0.0185613	0.310852	0.141606	6.16534e-05	-0.000324005	0.00516928	0
4658.59854813	3524.446862034	-0.0253221	0.345806	0.133908	1.62301e-06	-0.000288246	0.00530606	0
4666.023790246	3519.115085023	-0.0292777	0.38986	0.152314	-0.000100107	-0.00043672	0.005407	0
4670.099190979	3521.717035682	-0.0431585	0.434487	0.157394	0.000176014	-0.000343549	0.00541991	0
4677.101749247	3525.180069288	-0.042774	0.403507	0.161289	-0.000181375	-0.000380752	0.00513046	0
4678.763251403	3525.612608819	-0.039084	0.315491	0.127245	-0.000100028	-0.000162049	0.00487627	0
4693.911818803	3522.590426664	-0.03995	0.325206	0.118624	-0.000229727	-0.000246934	0.00485899	0
4674.036572496	3523.331626148	-0.0408447	0.307947	0.131584	0.000135628	-4.33654e-05	0.00490354	0
4676.633538226	3525.431185179	-0.0467419	0.360273	0.157529	0.000199166	-0.000180389	0.00492805	0
4674.913090363	3529.527682998	-0.0594219	0.41964	0.131604	0.000339211	-0.000417422	0.00497006	0
4677.854624899	3524.595677372	-0.047464	0.420641	0.149238	-0.000578189	0.000166601	0.00517114	0
4669.526986313	3528.406053328	-0.0604202	0.379794	0.131838	-0.00109261	-0.000210427	0.00508616	0
4678.59168585	3527.180045123	-0.0535968	0.318016	0.138847	-0.000642696	-1.00478e-05	0.00504157	0
4678.544241745	3524.950532419	-0.0474901	0.333962	0.141339	-0.000494661	0.000256022	0.00495073	0
4667.80797615	3528.29879759	-0.044077	0.355193	0.155853	-0.000319615	-8.25196e-05	0.00500667	0
4673.579383844	3527.480233312	-0.039362	0.353009	0.164449	0.000100255	8.3239e-05	0.0050692	0
4678.12203713	3521.914603628	-0.0373354	0.364216	0.153558	2.36719e-05	0.000114179	0.00511454	0
4680.293443612	3526.501504728	-0.026184	0.408817	0.152425	-0.000155306	0.000177764	0.00532259	0
4674.773154214	3528.62775781	-0.0339028	0.395074	0.168451	0.000213625	0.000112967	0.00514761	0
4696.714375657	3522.540395299	-0.0304627	0.380813	0.141602	0.000383528	0.000223163	0.00505655	0
4672.292642196	3522.498995544	-0.0317184	0.397239	0.143066	0.000483032	-4.3764e-05	0.0050472	0
4666.170914896	3522.853051368	-0.0349046	0.33983	0.167826	0.000308679	0.000237338	0.0047824	0
4673.739447795	3524.443665142	-0.0317386	0.311495	0.148378	0.000548619	0.000198085	0.00491641	0
4673.1969556	3524.346319771	-0.0349086	0.311237	0.15993	0.000659481	0.000223454	0.0047016	0
4671.027466052	3517.132532251	-0.0302639	0.271725	0.16448	0.000513775	0.000315455	0.00465429	0
4666.2097328	3519.968655273	-0.0408087	0.356986	0.166559	-5.43104e-06	0.000103301	0.00479325	0
4668.188008227	3520.308804615	-0.0541443	0.402768	0.192335	-0.00041717	0.000225942	0.00475405	0
4663.534652028	3519.213868996	-0.063272	0.404219	0.197566	-0.000451172	0.000398715	0.00461808	0
4655.288003884	3518.784846047	-0.0812077	0.356861	0.183954	-0.00080335	0.000298183	0.00459834	0
4688.897599863	3523.87813489	-0.0709058	0.327063	0.215426	0.000133505	0.000669998	0.00435334	0
4672.974591308	3519.464984888	-0.0764116	0.335064	0.187259	-0.000255488	0.000823145	0.00438892	0
4691.983862883	3521.13104532	-0.0802931	0.350377	0.187242	9.37278e-05	0.000572272	0.00422632	0
4690.6779519	3523.157715206	-0.0768382	0.372705	0.187199	0.000105903	0.000757073	0.00444207	0
4685.996800164	3524.308596441	-0.0652302	0.399429	0.173882	0.000252174	0.000678952	0.00438816	0
4705.843771702	3530.221248787	-0.069263	0.435064	0.199534	-6.51756e-05	0.000734287	0.004374	0
4709.637862436	3523.819312072	-0.0816583	0.426516	0.204158	-8.69169e-05	0.000797385	0.00425699	0
4700.984824379	3531.825129664	-0.0932921	0.39633	0.184214	-0.000348187	0.000691773	0.00431755	0
4713.936106694	3528.479102317	-0.0847455	0.309804	0.182561	-0.000377172	0.00102447	0.00382662	0
4707.10655168	3531.177599124	-0.0876533	0.314043	0.168821	-0.000352326	0.00110405	0.00391559	0
4708.635785421	3533.021726459	-0.0779682	0.340926	0.172841	-0.000308429	0.00088519	0.00395144	0
4696.47715513	3536.240357646	-0.0781667	0.364671	0.195765	0.000298008	0.000997176	0.00374845	0
4695.214375152	3529.725570633	-0.0954827	0.445254	0.203702	-0.000106579	0.00116327	0.00401298	0
4693.203991089	3531.331369645	-0.0982395	0.503202	0.222452	-0.000561819	0.00110779	0.00416469	0
4696.299359543	3526.589579111	-0.0954527	0.411667	0.225131	-0.000494027	0.00118711	0.00389039	0
4697.998721138	3533.359318288	-0.0947184	0.358333	0.184105	-0.000657503	0.0013773	0.00374862	0
4692.712297633	3532.446605531	-0.091907	0.325235	0.199635	-0.000469425	0.001381	0.00340508	0
4691.70207365	3524.966197191	-0.0963257	0.307268	0.215193	0.000330305	0.00160844	0.00333236	0
4686.547918561	3530.568431293	-0.100824	0.335048	0.175783	-0.000513666	0.000954863	0.00333196	0
4693.869167032	3531.773020319	-0.0941129	0.436632	0.201892	-5.34374e-05	0.000938365	0.00353929	0
4695.342330467	3530.683039882	-0.108961	0.513553	0.226099	-0.00120288	0.000646295	0.00340924	0
4694.853033178	3531.068425251	-0.111304	0.4981	0.211474	-0.00133869	0.00114735	0.00366356	0
4692.127632899	3527.897747449	-0.126637	0.474446	0.195086	-0.00190284	0.00102478	0.00373874	0
4716.795692322	3531.473791198	-0.120695	0.31382	0.226801	-0.000887686	0.00105789	0.00338114	0
4693.242808993	3528.257717524	-0.145286	0.253604	0.23369	-0.00125204	0.00103765	0.00247713	0
4698.772203826	3519.251112791	-0.13939	0.255718	0.217507	-0.00137766	0.000713962	0.00309571	0
4677.611653572	3522.568368107	-0.122021	0.317774	0.217664	-0.000606644	0.000998491	0.00320737	0
4679.970440308	3523.637249054	-0.122095	0.377948	0.196437	-0.00133231	0.000933905	0.00340468	0
4707.667733977	3521.483822387	-0.138692	0.401844	0.207328	-0.00136632	0.000547283	0.00317191	0
4707.83929953	3527.424287696	-0.124539	0.414431	0.187592	-0.000951238	-0.000130326	0.00384376	0
4713.611186457	3532.449642578	-0.104438	0.431408	0.177409	-0.000809132	1.19647e-05	0.0035222	0
4722.883873285	3530.733390936	-0.0990914	0.438958	0.183855	-0.00025645	0.000345883	0.00350031	0
4737.49713699	3534.289454108	-0.0845487	0.399925	0.175845	0.000648424	0.000540751	0.00365432	0
4722.048569489	3540.768755617	-0.090374	0.412519	0.167581	-0.000224502	0.00034755	0.00356514	0
4710.275722076	3537.308439371	-0.110572	0.4617	0.231033	-0.000392442	0.000629661	0.00330795	0
4699.004632019	3537.744815172	-0.114178	0.381527	0.257274	-0.00024246	0.00098292	0.00309337	0
4688.421721108	3528.722705512	-0.114298	0.295489	0.206568	-0.000615007	0.000918825	0.00305065	0
4693.348240339	3529.973489632	-0.114362	0.294212	0.217323	0.000400823	0.000881996	0.00316077	0
4689.059101515	3526.771801974	-0.115496	0.296884	0.214424	0.000151654	0.000503537	0.00351126	0
4667.918199829	3525.228342362	-0.105611	0.367325	0.234273	-7.35798e-05	0.00011337	0.0035244	0
4665.064365003	3521.985734482	-0.10009	0.428453	0.225081	-0.000201002	6.97468e-06	0.00356004	0
4673.259735174	3523.376222796	-0.120564	0.549869	0.234882	-0.00150877	-2.23046e-05	0.00449801	0
4675.490566596	3515.472226225	-0.118303	0.574157	0.250151	-0.000975333	0.00013868	0.00460373	0
4690.953511098	3524.126693268	-0.119482	0.472054	0.248454	-0.000613073	0.000357228	0.00460373	0
4686.963893142	3520.724560462	-0.114858	0.358741	0.225439	-0.000319342	0.000180151	0.00400489	0
4692.193767107	3523.533030364	-0.111223	0.325117	0.196409	-0.000382824	0.000158489	0.00430235	0
4690.813574949	3527.059362438	-0.0976648	0.290401	0.186107	-0.000218824	1.8753e-05	0.00421575	0
4685.396320729	3526.908948654	-0.0801543	0.323212	0.19362	0.000408556	-0.000205052	0.00455448	0
4686.888174266	3524.326818727	-0.0803752	0.343119	0.177049	0.000172554	-0.000289479	0.00470354	0
4680.514370204	3526.792741618	-0.0765561	0.36029	0.191973	0.000580901	-0.000360744	0.00437724	0
4691.49121096	3521.343798504	-0.0857895	0.420563	0.190668	0.000103197	-0.000288898	0.00480879	0
4680.922197817	3524.445583277	-0.0777275	0.455399	0.195691	0.000151411	-0.000230786	0.00489408	0
4672.00749833	3523.59936588	-0.0629571	0.433655	0.194292	0.000403597	-0.000300543	0.00442397	0
4682.483540196	3526.002150148	-0.072404	0.40682	0.198221	0.000340431	-0.000289632	0.00463098	0
4669.668360163	3530.65906319	-0.074819	0.380113	0.186228	0.000720367	-0.000308225	0.00445498	0
4668.581938072	3528.221113107	-0.0735125	0.351203	0.205431	0.000201541	-0.000428571	0.00441683	0
4676.454784173	3530.574665233	-0.0741681	0.368488	0.194217	-0.000359038	-0.000589968	0.00475718	0
4679.161973582	3526.643446747	-0.07211	0.308347	0.205833	0.00043361	-0.000451206	0.00464694	0
4678.288810349	3527.029631339	-0.0773079	0.323131	0.191784	0.000351697	-0.000338134	0.0045617	0
4672.815485823	3525.491926133	-0.061281	0.299973	0.199839	0.000446119	-0.000334905	0.00441249	0
4665.859892427	3524.08657227	-0.069188	0.34148	0.184195	0.000523872	-0.000550727	0.00456609	0
4664.794556605	3530.669932624	-0.0739887	0.418197	0.206219	0.000554819	-0.000641878	0.00463705	0
4674.231141252	3522.404847065	-0.0779909	0.439285	0.236054	0.00110586	-0.000185942	0.00441249	0
4685.874116417	3524.445583277	-0.0866024	0.42219	0.196165	0.000254517	-0.000442296	0.00456047	0
4682.036415445	3525.29579679	-0.0858091	0.353487	0.18806	0.000744413	-0.000324316	0.00456047	0
4677.631302141	3526.710421641	-0.0968106	0.315568	0.185091	0.000651426	-5.30211e-05	0.00458407	0
4691.616290874	3524.842477459	-0.0869556	0.322382	0.185271	0.00124337	-2.74119e-05	0.00440874	0
4684.163732455	3522.14877599	-0.0821901	0.338365	0.183976	0.00159021	6.78206e-05	0.00431392	0
4673.227626537	3519.984799579	-0.0925698	0.360985	0.182827	0.00102143	9.40114e-05	0.00471154	0
4680.291526678	3527.044976422	-0.0937029	0.412423	0.19321	0.00179583	-0.000360136	0.00416776	0
4695.285301694	3524.792765783	-0.0985768	0.472711	0.203808	0.0017808	-0.000281473	0.00427138	0
4703.789298167	3524.934867647	-0.111094	0.446402	0.198472	0.00011353	-1.3116e-05	0.00452274	0
4694.191211869	3526.976882616	-0.0962289	0.388214	0.194148	0.00018943	-0.000114051	0.00442206	0
4684.608940272	3522.297591327	-0.0901968	0.345142	0.170084	-1.65682e-05	-0.000295533	0.00422518	0
4683.866128521	3525.519259563	-0.0795801	0.320253	0.168485	0.00104918	-0.000239461	0.00389085	0
4677.198075158	3515.067020123	-0.08963	0.352521	0.183838	0.000873436	-9.20525e-05	0.00392909	0
4689.794245532	3526.587820821	-0.077145	0.325349	0.165512	-3.41994e-05	3.74811e-06	0.00407948	0
4692.351914125	3522.914271856	-0.08522	0.325994	0.209037	0.000891744	0.000122564	0.00397653	0
4671.50669944	3519.168473125	-0.0867954	0.322225	0.200323	0.000927025	0.000137474	0.00403344	0
4692.122361332	3525.100306824	-0.0801005	0.377818	0.178885	0.00134752	1.96773e-05	0.00391019	0
4705.003675572	3530.591448917	-0.0837052	0.396389	0.150983	0.000578246	-0.00013056	0.00405626	0
4709.708788977	3534.998045291	-0.0692735	0.362109	0.145481	0.000739358	-4.72532e-05	0.00380057	0
4711.711505307	3537.590405273	-0.0707451	0.420988	0.15093	0.000683087	6.53043e-06	0.00440763	0
4712.394412885	3540.506930136	-0.0755413	0.419635	0.174544	0.000844878	5.65618e-05	0.00427814	0
4718.179239113	3539.778198532	-0.0707361	0.383484	0.150404	0.000815541	0.000409827	0.00410003	0
4729.91854019	3541.966151636	-0.0957881	0.362674	0.125159	0.00099963	0.000462086	0.0039352	0
4700.565015931	3544.197582475	-0.0956346	0.326072	0.127587	0.000527524	0.000860988	0.00350092	0
4702.884026297	3537.197187518	-0.0833591	0.286659	0.127172	0.000821228	0.0005045	0.00348782	0
4697.602395126	3536.527598421	-0.0979694	0.291198	0.115156	0.000364523	0.00016337	0.00379226	0
4683.865170054	3534.944976878	-0.0853223	0.344845	0.148124	0.00100537	0.000229457	0.00384666	0
4678.950631658	3527.796405962	-0.0843655	0.378558	0.137736	0.0011514	0.000266392	0.00422523	0
4687.513094605	3534.709685604	-0.0663839	0.440818	0.153506	0.00141196	-0.000104037	0.00405254	0
4689.399836454	3530.471565455	-0.0641672	0.438167	0.15274	0.00146272	0.000103089	0.00426487	0
4700.112619613	3527.373457108	-0.0688527	0.423658	0.146898	0.00151325	-0.00022058	0.00433565	0
4698.672044048	3532.132670705	-0.0691399	0.418424	0.15643	0.00151133	-0.000212827	0.00424083	0
4686.317886534	3529.253869171	-0.0653341	0.414975	0.172739	0.00189226	-0.000165535	0.00409742	0
4695.450157979	3530.552606676	-0.0648764	0.401327	0.170266	0.00125952	0.000119766	0.00438567	0
4694.888017215	3528.224309999	-0.0744849	0.305619	0.164958	0.000921327	-0.000338637	0.00428659	0
4680.848395875	3519.800179047	-0.0656666	0.268934	0.169928	0.00177362	-0.000186492	0.0043171	0
4691.750476223	3520.122585638	-0.0643416	0.282542	0.138036	0.00168221	-0.000491604	0.00422121	0
4679.609577567	3522.684734987	-0.0605604	0.317063	0.158836	0.00164798	-0.000192729	0.00420534	0
4666.361170551	3518.434306804	-0.0562398	0.358788	0.151977	0.00164826	-3.13671e-05	0.00435043	0
4678.282580315	3517.896269826	-0.0734746	0.442484	0.155014	0.0012637	-0.000112419	0.00456162	0
4675.90845811	3516.445040558	-0.0664175	0.446384	0.171357	0.00149648	0.000162342	0.00432721	0
4687.479548267	3514.722235286	-0.0704824	0.38989	0.109194	0.00110612	2.51521e-05	0.00434363	0
4693.255748295	3517.640038907	-0.0537995	0.339819	0.121084	0.0014113	0.00013446	0.00400909	0
4689.120922622	3516.743310611	-0.065957	0.335002	0.12494	0.0016598	0.000154659	0.00378781	0
4688.252072489	3521.643507159	-0.0703058	0.372036	0.127181	0.00140742	0.000124834	0.00424282	0
4697.153353441	3521.541526294	-0.0695922	0.351463	0.159807	0.0016701	0.000482258	0.00415233	0
4693.21693039	3524.85670363	-0.0793519	0.36298	0.130874	0.00153343	-0.000118609	0.00405919	0
4692.008783019	3526.340381355	-0.0747188	0.317754	0.105111	0.00140367	9.83249e-05	0.00382321	0
4696.096164587	3524.407700103	-0.0685137	0.33199	0.0985313	0.00102097	0.000137281	0.00387381	0
4686.927950638	3527.990777015	-0.0635421	0.38223	0.116004	0.000837274	8.33348e-05	0.00437647	0
4695.868049494	3533.097013273	-0.0507028	0.339031	0.0964661	0.00170759	0.000184335	0.00407055	0
4702.263898292	3535.000123271	-0.0447552	0.415667	0.0962141	0.00151267	0.00022159	0.00444426	0
4693.469486386	3537.026953002	-0.0513584	0.452556	0.12792	0.002077	0.000106865	0.00479574	0
4705.491535162	3539.349974806	-0.068324	0.398807	0.116038	0.0012616	-0.000168487	0.00485679	0
4691.957505046	3545.816328901	-0.0710055	0.352137	0.106617	0.0010563	-0.000249824	0.00482018	0
4688.430826543	3535.146381095	-0.0568915	0.264916	0.119015	0.00149508	-0.000110553	0.00450493	0
4689.963414918	3539.290033075	-0.0533117	0.292694	0.0911464	0.000912206	-0.000243253	0.00448895	0
4683.146319972	3538.699567063	-0.0506463	0.326339	0.105058	0.000572292	-0.000113711	0.00437322	0
4690.514054081	3536.480284415	-0.0423951	0.39665	0.164999	0.00147526	0.000356178	0.00416078	0
4690.099996434	3530.025758821	-0.0466638	0.410803	0.125491	0.0010876	0.000254632	0.00410626	0
4685.305266385	3531.62900032	-0.0470229	0.395208	0.105203	0.0013095	0.000202678	0.00449682	0
4687.41772716	3523.009219558	-0.0429287	0.368989	0.100372	0.00169495	0.000228619	0.00420923	0
4679.172037483	3529.063494233	-0.0495177	0.431122	0.109504	0.00144647	0.000382602	0.00422522	0
4697.094886968	3527.817025918	-0.0470645	0.438305	0.134757	0.00160328	0.000281872	0.00416093	0
4695.485142017	3526.465859379	-0.04548	0.431187	0.126447	0.0017744	0.000179069	0.00408096	0
4700.084824076	3524.244978284	-0.0507413	0.353784	0.0997495	0.00119827	0.000115334	0.00400133	0
4677.391206213	3523.47676506	-0.0332519	0.328784	0.111417	0.000887718	0.000291408	0.00391709	0
4704.087381334	3520.394641174	-0.0449965	0.352112	0.106273	0.00116369	9.52688e-05	0.00427498	0
4698.177954425	3521.023150204	-0.025571	0.324783	0.120856	0.0013004	0.000268174	0.00423589	0
4690.65255253	3518.676791086	-0.0390855	0.423001	0.100577	0.000548154	0.000241449	0.00462893	0
4700.720287549	3519.864596428	-0.0374802	0.47695	0.0881032	0.0004719	0.000169412	0.00501499	0
4696.739295793	3519.272052436	-0.0503865	0.469244	0.102124	0.000670483	0.000194387	0.00492414	0
4695.718528677	3521.332769225	-0.052269	0.424198	0.0988507	0.000646713	0.000186837	0.00483411	0
4696.570605641	3521.45552989	-0.0511343	0.35234	0.10355	0.000953511	0.000421273	0.00487404	0
4708.129714963	3524.427360991	-0.0463746	0.36012	0.0821455	0.000766757	0.000253153	0.00494491	0
4703.949841352	3525.455161872	-0.0424132	0.37243	0.117179	0.00110746	0.00028061	0.00476942	0
4710.948565753	3527.165818952	-0.0343868	0.368544	0.113797	0.00112072	0.000479545	0.00471981	0
4718.281315825	3524.574737727	-0.0419965	0.384189	0.100055	0.00109287	0.00044018	0.00465123	0
4693.082745042	3528.498443516	-0.0394804	0.461307	0.11494	0.000807125	0.000272686	0.00461958	0
4678.228906176	3528.044644651	-0.0352892	0.488304	0.138774	0.00126153	0.000342275	0.00424528	0
4701.98067136	3524.270073889	-0.0461425	0.450153	0.124172	0.000733617	0.000576651	0.00455787	0
4691.029709207	3532.410960181	-0.0327294	0.386637	0.119656	0.000859538	0.00027661	0.00443773	0
4693.403831412	3528.963751193	-0.0214999	0.363295	0.127179	0.00143317	0.000444849	0.00442743	0
4681.028108396	3525.982968794	-0.0345232	0.365926	0.0935169	0.00101083	0.000204128	0.00431423	0
4694.751914933	3533.373864148	-0.0343558	0.436448	0.136235	0.000996959	0.000171446	0.00447594	0
4686.827311626	3530.716607252	-0.0440297	0.450018	0.169835	0.00139818	0.000576651	0.00415132	0
4686.350953638	3531.001290513	-0.061231	0.428136	0.147873	0.00130653	0.000576651	0.0043113	0
4689.052392247	3530.010253894	-0.0494338	0.37773	0.137727	0.0011838	0.000692512	0.00419937	0
4685.980985463	3529.990912695	-0.055335	0.364121	0.118327	0.00130825	0.000208473	0.00427814	0
4697.78402458	3531.569058589	-0.0419984	0.362084	0.112739	0.00198635	0.000451239	0.00402076	0
4702.307029297	3527.10204095	-0.0399202	0.43429	0.130804	0.0013752	0.000368605	0.00421277	0
4701.666773491	3528.469032106	-0.0493875	0.496748	0.130833	0.00114994	0.000136264	0.00430069	0
4698.967251815	3529.951111386	-0.0468116	0.476652	0.135583	0.000791383	0.000576827	0.00426537	0
4710.867096077	3529.12743208	-0.0439809	0.392064	0.10099	0.00128024	0.0003927	0.00392052	0
4703.688179922	3532.636500934	-0.0406495	0.380305	0.0711682	0.00152144	0.000298269	0.00384783	0
4694.015812449	3532.414956297	-0.0277263	0.394665	0.0826424	0.000930286	0.00027976	0.00423366	0
4703.982908456	3528.856495455	-0.0321003	0.418801	0.10457	0.00150288	0.000274555	0.00370318	0
4712.633071112	3529.110168861	-0.0608655	0.461642	0.13992	0.00104736	0.000522257	0.0037567	0
4712.384828217	3532.80673545	-0.0631842	0.467083	0.167322	0.00065351	0.000422293	0.00396658	0
4687.15175263	3525.69125237	-0.0489114	0.429735	0.162481	0.00119472	0.00079774	0.00395582	0
4690.089453299	3526.634015915	-0.0574656	0.358481	0.114323	0.000895187	0.00038396	0.0039554	0
4694.129390762	3526.296104396	-0.0401141	0.354186	0.130291	0.00146977	0.000445994	0.00405692	0
4687.136417161	3525.541637809	-0.0303393	0.342902	0.114072	0.00181727	0.000987449	0.00406192	0
4694.624438852	3526.275324596	-0.0336336	0.404381	0.124712	0.00145604	0.000617663	0.00420137	0
4675.041045678	3530.400754291	-0.0373627	0.472326	0.15066	0.00237502	0.000461386	0.00400162	0
4698.779392327	3526.644405815	-0.0494754	0.47166	0.138382	0.00189202	5.57439e-05	0.00399012	0
4705.59600804	3532.985441731	-0.052399	0.449152	0.139108	0.00129538	0.000114621	0.00415217	0
4698.211979995	3524.73793908	-0.0400043	0.36379	0.153664	0.00203618	-0.000258285	0.00377167	0
4703.00479311	3526.853322728	-0.0544706	0.365304	0.13457	0.001771	-0.000511098	0.00428267	0
4699.180989906	3530.78166401	-0.0587711	0.377518	0.138189	0.00180914	-0.000497303	0.00407672	0
4685.876033351	3527.163900817	-0.060831	0.402566	0.166349	0.00193953	-0.000430015	0.00382881	0
4690.019005991	3526.706265681	-0.0615866	0.397709	0.161903	0.00156511	-0.000684876	0.00431513	0
4687.803989271	3524.484905053	-0.0588897	0.330291	0.170697	0.00230751	-0.000260716	0.00411625	0
4696.109103888	3528.584439919	-0.0561721	0.367612	0.135423	0.00184893	-0.00028756	0.00413068	0
4692.663895061	3524.157063745	-0.046721	0.368616	0.142846	0.00220826	-0.000246991	0.00419591	0
4693.459901718	3523.57858608	-0.0423657	0.378277	0.150241	0.00221206	-0.000376751	0.00425367	0
4684.215489661	3536.912664101	-0.0527574	0.473116	0.164874	0.00198829	-0.000716369	0.00449911	0
4704.442493275	3531.260078946	-0.049235	0.444351	0.167303	0.00215966	-0.000404694	0.00454248	0
4706.293771853	3533.094615604	-0.0466732	0.406394	0.133215	0.00172328	-0.000490186	0.00459301	0
4692.916451056	3532.774926372	-0.0430825	0.356511	0.133155	0.00221035	-0.000599275	0.00457234	0
4688.295203494	3526.899198133	-0.0390658	0.332969	0.125626	0.00274487	-0.000580606	0.00456277	0
4686.361496773	3528.221752485	-0.0396284	0.373356	0.123977	0.0024217	-0.000656098	0.00453589	0
4689.452072893	3530.771114266	-0.0386572	0.396457	0.162272	0.00252568	-0.000272167	0.00441141	0
4696.019008011	3529.13126835	-0.0429101	0.422727	0.179852	0.00214625	-0.000141325	0.00456294	0
4679.940248605	3529.325319714	-0.0374597	0.362681	0.145524	0.00227848	-2.8146e-05	0.00454407	0
4680.804306404	3525.829517962	-0.0371665	0.366387	0.134829	0.0023027	-0.000373765	0.00434066	0
4674.719480074	3526.193643998	-0.025061	0.387885	0.125691	0.00188858	-0.000339753	0.00454119	0
4686.677311576	3521.463362277	-0.0238218	0.366307	0.13055	0.00249026	-0.000270882	0.00437388	0
4679.282261163	3523.554449543	-0.0344292	0.432579	0.136727	0.00193597	6.95575e-05	0.0043625	0
4689.649037816	3524.315949294	-0.022139	0.381197	0.105226	0.00197745	0.000210872	0.00420947	0
4690.389932634	3527.54768774	-0.027754	0.38366	0.110622	0.00234443	0.000296521	0.00408444	0
4698.192331426	3521.63695353	-0.0255663	0.362509	0.099684	0.00252769	-0.000183884	0.00434865	0
4691.34408631	3521.809106181	-0.02631	0.424316	0.13354	0.00252139	-0.000361383	0.00392638	0
4683.965809065	3521.096838572	-0.0388554	0.462702	0.14693	0.00152408	-0.000418469	0.00437586	0
4695.806228387	3525.225465159	-0.0433282	0.469745	0.137378	0.00173947	-0.000422269	0.00406252	0
4682.998236855	3518.488334284	-0.0257507	0.439155	0.140763	0.00147111	-0.000194452	0.00422366	0
4683.272358353	3518.135876906	-0.0432299	0.372247	0.136937	0.00162123	-0.000465925	0.00442992	0
4688.592328195	3520.113634339	-0.0340455	0.308508	0.135442	0.00191601	-0.000222563	0.00424558	0
4703.14760466	3522.49643803	-0.0374682	0.342955	0.130112	0.00160222	-0.000537118	0.00448347	0
4687.929069185	3515.457040986	-0.0282773	0.382581	0.142484	0.00198926	-0.000356893	0.00450884	0
4681.427789042	3520.6462366	-0.0285643	0.40576	0.139752	0.00202028	-0.000415181	0.00466247	0
4675.919959711	3521.340441767	-0.0284831	0.455276	0.146055	0.00194159	-0.000384343	0.00468719	0
4702.664058171	3526.877938799	-0.0155211	0.461025	0.142852	0.00244435	-0.00018421	0.00461149	0
4710.345210917	3530.791894066	-0.0276834	0.451821	0.125099	0.00223389	-0.000416883	0.00443284	0
4704.592014092	3537.678639501	-0.0335585	0.495613	0.156685	0.00196139	-0.000408662	0.00446851	0
4703.887541011	3536.984434334	-0.0484497	0.464049	0.197139	0.00249728	-0.000175038	0.00434593	0
4707.911663772	3536.032879335	-0.0446055	0.362406	0.127847	0.00198899	-0.000362649	0.00421217	0
4696.434503359	3537.722596771	-0.0363819	0.330593	0.145637	0.00271542	-0.000294208	0.00422755	0
4711.47572248	3531.77477861	-0.0394826	0.29637	0.133843	0.00317151	-0.000378442	0.00405844	0
4692.74871937	3535.755708771	-0.0371786	0.346675	0.147414	0.00333317	-0.000661315	0.00420873	0
4692.254150514	3534.097161035	-0.0422784	0.414925	0.169221	0.00370523	-0.00022898	0.00416613	0
4701.571406046	3538.210922072	-0.0567583	0.429809	0.163612	0.00298399	-0.000211368	0.00444745	0
4677.101749247	3534.195305629	-0.0420934	0.398148	0.137378	0.00315523	-0.000180441	0.00431425	0
4695.130030076	3533.295060752	-0.0379473	0.400996	0.134375	0.00452973	-0.000202224	0.00386325	0
4693.411978379	3535.889658559	-0.0472822	0.443929	0.104614	0.00328166	-0.000451742	0.00427885	0
4704.25367532	3532.877067081	-0.0487726	0.490811	0.14303	0.00287983	-0.000652151	0.00399191	0
4706.624442891	3533.649116577	-0.0525563	0.480917	0.149191	0.00221335	-0.000468293	0.00409495	0
4706.596647355	3534.042334332	-0.0482977	0.41301	0.149528	0.00197746	-0.000317984	0.00402117	0
4700.343130872	3530.088098222	-0.0475843	0.331202	0.130504	0.00243211	-0.000183502	0.00386937	0
4710.824444305	3530.83808916	-0.034918	0.335569	0.104904	0.00191433	-0.000248365	0.00410735	0
4697.225238449	3529.288715297	-0.0299611	0.333934	0.142189	0.00248421	-0.00031047	0.0042889	0
4704.942812932	3524.823775639	-0.032093	0.366748	0.138297	0.00247527	-0.000432833	0.00421832	0
4683.260377518	3524.975947713	-0.0427248	0.455056	0.149306	0.00255117	-0.000618195	0.00422522	0
4692.985460664	3525.543715789	-0.0434466	0.4777	0.182097	0.0023301	-0.000484416	0.00389763	0
4706.805593112	3526.428455739	-0.0455001	0.525646	0.182498	0.00197597	-0.000530957	0.00410163	0
4684.254786798	3525.644417897	-0.0477747	0.486296	0.191014	0.00171529	-0.000476649	0.00375704	0
4691.256386599	3527.075506744	-0.055434	0.460462	0.166669	0.00225581	-0.000503102	0.00383493	0
4675.629065045	3527.985342298	-0.0561628	0.393627	0.154207	0.00143771	-0.000751196	0.00416049	0
4683.793285046	3527.196988652	-0.0431919	0.347576	0.176001	0.00213791	-0.000468974	0.00420673	0
4688.032104364	3528.252922185	-0.0344771	0.361786	0.14125	0.00180113	-0.000830724	0.00408495	0
4684.195361858	3527.516038506	-0.0383906	0.379152	0.152689	0.00274197	-0.000800133	0.00420306	0
4677.82635013	3522.566929505	-0.0370079	0.403367	0.165905	0.00245799	-0.00075696	0.00441945	0
4691.472041624	3524.67767766	-0.0339663	0.471138	0.157617	0.00207185	-0.000717988	0.00471149	0
4673.748073996	3525.129718234	-0.0282351	0.504738	0.17728	0.00250697	-0.000752729	0.00441928	0
4692.274278316	3528.109861254	-0.0340018	0.453454	0.180931	0.00183803	-0.00087745	0.00437643	0
4698.591532839	3523.767522416	-0.0287936	0.397581	0.165534	0.00194944	-0.000879454	0.00441656	0
4696.231787635	3522.702637584	-0.0275797	0.349906	0.181793	0.00279428	-0.000722284	0.00435094	0
4705.59457034	3525.974017495	-0.0279549	0.357742	0.175493	0.00262333	-0.000790247	0.00456947	0
4679.974753409	3529.904756447	-0.026203	0.363242	0.182723	0.00256852	-0.000606224	0.00451478	0
4678.259097879	3522.72117956	-0.0232051	0.394244	0.198999	0.0032614	-0.000497525	0.00440209	0
4680.720440561	3526.354447681	-0.0355893	0.453241	0.196057	0.00232895	-0.000466448	0.00448838	0
4680.857980543	3525.317375813	-0.0402707	0.438221	0.203755	0.00196889	-0.000751695	0.00411486	0
4685.364212092	3524.933109356	-0.0255857	0.383983	0.180912	0.00228901	-0.000429698	0.00405368	0
4681.508300251	3527.833969447	-0.0264326	0.368814	0.176102	0.00213321	-0.000629395	0.00449107	0
4689.416609622	3523.311006193	-0.0297035	0.370797	0.185002	0.00330378	-0.000544449	0.00435649	0
4674.633218064	3524.534936418	-0.0293223	0.412669	0.180857	0.00360541	-0.000762617	0.00425259	0
4683.050473294	3522.321887709	-0.0350094	0.493191	0.188922	0.003136	-0.000800549	0.00430679	0
4688.266928724	3528.796553724	-0.0359362	0.517837	0.203239	0.00329971	-0.000880198	0.00422712	0
4693.564374597	3531.147388492	-0.0365905	0.449931	0.174083	0.00179519	-0.000806203	0.00435031	0
4693.716291581	3529.045591636	-0.0370202	0.41252	0.172096	0.00339794	-0.000515843	0.00432508	0
4693.698080712	3531.97218671	-0.0393199	0.374535	0.187047	0.00309249	-0.00105374	0.00404211	0
4706.567893351	3533.941472379	-0.0431453	0.435624	0.18854	0.00335	-0.000873661	0.00422329	0
4699.85622975	3534.0329035	-0.0361126	0.446999	0.219897	0.00275932	-0.000815497	0.00424546	0
4705.434027155	3535.19401479	-0.0403229	0.440747	0.205403	0.00249833	-0.000826877	0.00440077	0
4687.949196988	3531.007044919	-0.0325493	0.389026	0.169055	0.0026915	-0.00112592	0.00427907	0
4705.732110322	3534.297286494	-0.0276075	0.383945	0.200542	0.00336798	-0.000628981	0.0042378	0
4702.484345651	3531.568099521	-0.0241088	0.393906	0.17158	0.00286755	-0.000855375	0.00448675	0
4691.274118235	3532.956989389	-0.0278699	0.424488	0.203908	0.00290314	-0.000790369	0.0043963	0
4685.720282499	3534.009406341	-0.0329902	0.454051	0.223931	0.00267944	-0.000878874	0.00415071	0
4705.47572046	3533.613311383	-0.0322292	0.416649	0.176503	0.00221619	-0.00091625	0.00412524	0
4700.613418503	3531.620368711	-0.0109091	0.393555	0.180675	0.00280344	-0.000392098	0.00415077	0
4688.271241825	3526.154961601	-0.0243626	0.39182	0.171686	0.00279469	-0.000794005	0.00428127	0
4703.007668511	3535.852734453	-0.0232932	0.455689	0.189204	0.00336092	-0.0011298	0.00397738	0
4701.380671158	3534.664449577	-0.0326543	0.48462	0.255294	0.00295364	-0.000975266	0.00416573	0
4706.500800677	3527.225920528	-0.0453591	0.500189	0.248035	0.00238036	-0.000801137	0.00424227	0
4698.097443216	3527.611625586	-0.0428849	0.455196	0.234021	0.00265439	-0.000752859	0.00382273	0
4695.566132459	3523.188725062	-0.0507966	0.438523	0.226826	0.00211954	-0.000727316	0.00396058	0
4688.03018743	3519.982721599	-0.0458883	0.367471	0.209688	0.00226123	-0.000899486	0.00410491	0
4690.245683384	3525.022462496	-0.0424449	0.379009	0.211481	0.00224748	-0.000735432	0.0040784	0
4703.905272647	3519.945158114	-0.0524601	0.407603	0.217691	0.00203266	-0.000964465	0.00425443	0
4698.618849142	3520.912058196	-0.0424346	0.433715	0.222632	0.00300835	-0.000727249	0.0040499	0
4697.06134063	3526.892324814	-0.0408321	0.507143	0.22386	0.00316981	-0.000744249	0.00443862	0
4701.181310068	3529.610642354	-0.0354786	0.471293	0.207671	0.0031314	-0.000783913	0.00419856	0
4699.316133722	3524.564667516	-0.0405363	0.475269	0.23074	0.00332468	-0.000411883	0.00439256	0
4714.110068414	3525.300272439	-0.036963	0.462049	0.213214	0.00277005	-0.000344252	0.00452225	0
4699.158465937	3529.005150948	-0.0332529	0.456371	0.216421	0.0028852	-0.000211435	0.00418246	0
4705.245688433	3529.942000243	-0.0402753	0.487696	0.261558	0.00347101	-0.000196458	0.00404376	0
4715.964701627	3531.78932447	-0.0497023	0.439232	0.231242	0.00377116	-0.000466182	0.00362416	0
4701.824920509	3524.989374661	-0.0481603	0.383231	0.206912	0.00333214	-0.000590697	0.00364215	0
4699.320446822	3528.006441788	-0.0477462	0.39124	0.20919	0.00435851	-0.000471233	0.00363425	0
4695.6298705	3531.457806736	-0.0402376	0.402039	0.188424	0.00350259	-0.000599897	0.003706	0
4681.508779484	3529.636057648	-0.0381825	0.44826	0.197518	0.00370543	-0.000558296	0.00381832	0
4690.41629047	3528.358579477	-0.0388225	0.498359	0.228128	0.00411399	-0.000608675	0.00371586	0
4683.589131622	3530.255135845	-0.0722322	0.526952	0.228076	0.00270154	-0.000664825	0.00321985	0
4695.201915084	3529.432255762	-0.0514241	0.47276	0.210279	0.00302842	-0.000702644	0.00326665	0
4684.889771038	3525.673349773	-0.0484589	0.435166	0.194247	0.00332866	-0.000484469	0.0033219	0
4700.623003171	3527.651426895	-0.0465917	0.447533	0.191519	0.00342299	-0.000521789	0.0034348	0
4694.450956365	3529.721574517	-0.0458399	0.434379	0.229464	0.00360927	-0.000403012	0.00335218	0
4697.124120204	3527.639758239	-0.0556575	0.434744	0.219617	0.00303498	-0.000401368	0.00335218	0
4692.242169679	3529.890210587	-0.05365	0.377203	0.201321	0.00311896	-0.000273123	0.00335218	0
4697.069487598	3530.275436112	-0.0543817	0.378667	0.20284	0.00399442	-0.00044786	0.00335218	0
4703.188818731	3530.37406024	-0.0537579	0.404262	0.18685	0.00376388	-0.00044786	0.00335218	0
4683.037533992	3531.060433021	-0.0561553	0.449768	0.212291	0.00363768	-9.94306e-05	0.00324084	0
4697.994408037	3531.113501433	-0.0707211	0.453189	0.240506	0.00388412	0.000138214	0.00299947	0
4716.319334334	3534.549041765	-0.0665945	0.41512	0.224463	0.00381428	-0.000181244	0.00301189	0
4697.638816863	3536.478526124	-0.0672746	0.404385	0.209835	0.00405593	-0.000384248	0.00331623	0
4695.907825865	3527.50165249	-0.0666894	0.478696	0.233239	0.00411689	-0.000474983	0.0031378	0
4697.956548599	3527.639598394	-0.0719895	0.505181	0.234556	0.00281751	-0.00020127	0.00309631	0
4690.753670775	3528.913080449	-0.0725682	0.451939	0.222844	0.00266002	-8.35129e-05	0.00303189	0
4692.149677635	3527.383367474	-0.0661838	0.41866	0.207423	0.00320553	-0.000543794	0.00304029	0
4687.963094756	3527.189156266	-0.0688644	0.412121	0.184392	0.00256835	-0.000867517	0.00314524	0
4693.215013457	3528.712315612	-0.0504426	0.426027	0.212188	0.00193235	-0.00072573	0.00335615	0
4682.018683809	3524.643470912	-0.0515067	0.416885	0.222438	0.00204308	-0.000895418	0.00318749	0
4680.107021824	3526.422541488	-0.0478797	0.508591	0.211483	0.00141992	-0.000614803	0.00348319	0
4680.170280631	3524.359427029	-0.0518111	0.546729	0.249536	0.00206502	-0.000654548	0.00379941	0
4682.950792749	3519.221221848	-0.067715	0.506014	0.227099	0.00214171	-0.000955706	0.00333953	0
4685.597598752	3523.321076404	-0.0505596	0.434801	0.228491	0.0020404	-0.000872824	0.00347787	0
4680.086894022	3520.865063879	-0.0461919	0.391848	0.22151	0.00213871	-0.000802076	0.00361446	0
4689.740571393	3527.790012178	-0.0503411	0.388155	0.189415	0.00180151	-0.000972425	0.00367126	0
4687.895522848	3523.419540687	-0.0481253	0.398988	0.196786	0.00235873	-0.000975277	0.00354154	0
4682.159578425	3525.086560187	-0.0405831	0.4104	0.201538	0.00267598	-0.000875771	0.00355255	0
4687.957823189	3529.264898449	-0.0422412	0.50629	0.223011	0.00228554	-0.00103611	0.0036749	0
4692.230188844	3532.610126573	-0.0423217	0.505569	0.252461	0.00242302	-0.00094141	0.00358568	0
4707.790417725	3531.469155704	-0.0498851	0.470281	0.216443	0.0026461	-0.00104131	0.00368243	0
4699.50255551	3535.94752231	-0.0497603	0.441157	0.190419	0.00262489	-0.00101918	0.00357651	0
4706.782589909	3536.374467279	-0.0452875	0.448275	0.219524	0.00243033	-0.00086639	0.00348516	0
4706.326838957	3538.633391392	-0.0328145	0.43492	0.192763	0.00265754	-0.000860747	0.00360014	0
4697.514695416	3534.261641145	-0.0373689	0.497841	0.237013	0.00190624	-0.000865754	0.00373525	0
4698.30734744	3540.893913952	-0.0422056	0.513389	0.238197	0.00152457	-0.000809444	0.00378622	0
4698.313577474	3536.785907321	-0.0517318	0.519736	0.251358	0.00138392	-0.00100261	0.0039131	0
4695.9241198	3529.761215982	-0.0491486	0.46386	0.242661	0.00114993	-0.000860047	0.00357283	0
4689.25223257	3534.077979681	-0.0461671	0.425454	0.213064	0.000626956	-0.000899368	0.00379776	0
4694.539135308	3532.402008883	-0.0410939	0.376833	0.206643	0.000890107	-0.000942054	0.00355532	0
4700.501757124	3533.080549278	-0.048762	0.374602	0.196977	0.00102345	-0.000989692	0.00363674	0
4708.613740685	3533.675490938	-0.0512024	0.40878	0.204853	0.00196687	-0.00116253	0.00368024	0
4690.946801831	3534.26180099	-0.0333332	0.495184	0.227303	0.00188826	-0.0011866	0.00393179	0
4699.932907092	3529.082835432	-0.0325939	0.529891	0.216538	0.00130137	-0.00115658	0.00409366	0
4701.432907597	3530.623257996	-0.0277027	0.540989	0.228442	0.00207834	-0.000968648	0.00401926	0
4704.60159876	3534.278744519	-0.0255878	0.531264	0.23091	0.00198185	-0.000778266	0.00393824	0
4721.452403154	3533.534028453	-0.027847	0.525435	0.206064	0.00187562	-0.000970954	0.00430209	0
4704.253196087	3533.548254624	-0.0322328	0.522295	0.247337	0.0022796	-0.000981935	0.0039926	0
4714.380356045	3533.22744648	-0.0336179	0.452652	0.252644	0.00198544	-0.000941314	0.00350808	0
4712.913901877	3533.986388716	-0.0303361	0.40762	0.214865	0.00203004	-0.000953778	0.00369837	0
4710.681153522	3529.267136274	-0.014853	0.324516	0.215582	0.0026392	-0.000760141	0.00373664	0
4705.977957051	3527.255172092	-0.0288218	0.37858	0.181571	0.00307312	-0.000964541	0.00369789	0
4711.718214574	3533.099570787	-0.0311643	0.438176	0.208763	0.00223039	-0.00073367	0.00342857	0
4699.713897434	3522.099064314	-0.0130249	0.492357	0.233077	0.00258802	-0.000466501	0.00369149	0
4689.995044322	3530.664817596	-0.0184384	0.572576	0.226573	0.00159017	-0.00028921	0.00375223	0
4707.455433586	3531.256562365	-0.025846	0.622354	0.201363	0.000893789	-0.000562638	0.00356486	0
4704.786582848	3529.481967438	-0.0331874	0.58662	0.185224	0.000213886	-0.000566879	0.00379451	0
4689.092168619	3529.879660842	-0.0332187	0.441697	0.172984	0.000971481	-0.000453542	0.00363277	0
4689.170762894	3531.405058013	-0.0431131	0.384783	0.146185	0.00147071	-0.00105413	0.00387247	0
4711.049204764	3532.616040824	-0.0312571	0.382714	0.161202	0.00141357	-0.00105172	0.00394035	0
4688.380027804	3525.957873189	-0.0184686	0.356991	0.163437	0.00194426	-0.00071312	0.00392297	0
4699.503034743	3534.085652223	-0.0159492	0.47806	0.181383	0.00115762	-0.000756358	0.00453033	0
4697.738497408	3533.964170315	-0.03352	0.686861	0.244466	0.00112566	-0.000837361	0.00470885	0
4698.57475967	3534.528261965	-0.0465543	0.620433	0.261361	0.00132107	-0.000680645	0.004985	0
4692.227313444	3535.904364264	-0.0598062	0.533917	0.262014	0.00157154	-0.000639589	0.00470474	0
4683.907821825	3538.798191192	-0.0644191	0.497829	0.208621	0.00117637	-0.000330577	0.00473388	0
4701.651438022	3543.901390402	-0.0587078	0.489093	0.192459	0.00111501	-0.000627907	0.00430709	0
4688.675235571	3544.481306668	-0.0694791	0.459682	0.174833	0.00127659	-0.00063922	0.00410116	0
4682.829067469	3543.399158618	-0.0638105	0.434301	0.175221	0.00120021	-0.000839061	0.00385334	0
4702.21405802	3544.225715127	-0.0543842	0.449709	0.148303	0.00141383	-0.000570379	0.00354202	0
4685.96085766	3542.023535853	-0.041985	0.488148	0.12223	0.00202762	-0.000629619	0.00347191	0
4684.5619754	3545.99391627	-0.113637	0.496335	0.165878	0.00169106	-0.000631842	0.00314008	0
4709.733709114	3547.397991376	-0.136236	0.442919	0.253528	0.00224683	-0.000290419	0.00296967	0
4686.404627778	3539.236165439	-0.100073	0.439688	0.239091	0.00213334	-0.00034688	0.00323611	0
4682.718843789	3537.386443543	-0.0702372	0.464406	0.231467	0.00241251	-0.000562842	0.0034491	0
4677.464528921	3535.619361313	-0.0690064	0.486881	0.20391	0.00194008	-0.000680582	0.00356168	0
4676.08241983	3531.859176567	-0.058064	0.511037	0.200158	0.00207208	-0.00065342	0.00365756	0
4672.05973477	3525.161527312	-0.0413374	0.460766	0.198537	0.00228602	-0.000257775	0.00314047	0
4677.690247847	3527.315593357	-0.052464	0.441069	0.197709	0.00214478	-0.000199812	0.00317318	0
4662.763565506	3526.643926281	-0.0482617	0.446367	0.182158	0.00288925	-0.00051902	0.00282651	0
4678.950152425	3523.832898864	-0.0482089	0.456875	0.209657	0.00282306	-0.000752762	0.00281041	0
4676.93114216	3521.716236459	-0.0581871	0.453825	0.2093	0.00219679	-0.00044248	0.00304948	0
4666.095196021	3525.750554722	-0.048684	0.444414	0.21073	0.00199213	-0.000708288	0.00315005	0
4657.956375389	3518.249846117	-0.0485151	0.480575	0.217023	0.00223201	-0.000355566	0.00313363	0
4652.229536401	3516.026727198	-0.0477843	0.495316	0.192109	0.0015501	-0.000494135	0.00311988	0
4653.719952238	3516.254825465	-0.0475421	0.468592	0.208163	0.00232198	-0.000282381	0.00281032	0
4662.97490743	3515.360974372	-0.0516626	0.424937	0.218594	0.00116124	-0.000371188	0.00306435	0
4644.670108936	3515.083803808	-0.0572174	0.442752	0.21914	0.00196106	-0.000238484	0.00290084	0
4658.695832507	3512.977371458	-0.0560343	0.446999	0.205442	0.00164269	-0.000171367	0.00297409	0
4665.122831476	3516.214065088	-0.0550565	0.40956	0.210264	0.00227988	-0.000260952	0.0029851	0
4639.821704748	3518.799551751	-0.0719681	0.422425	0.227052	0.00302122	-0.000232784	0.00267726	0
4640.153334252	3514.582850781	-0.0522697	0.381986	0.232841	0.00280791	8.73822e-05	0.00285625	0
4649.140877214	3520.838369828	-0.0589321	0.450032	0.213042	0.00217964	-0.000134302	0.00281019	0
4660.292638157	3526.087187483	-0.0694615	0.454938	0.218673	0.0021742	-0.000503222	0.0028137	0
4658.477302082	3529.361604442	-0.0580024	0.469492	0.208619	0.00149393	-0.000457062	0.00297868	0
4662.76692014	3534.772504538	-0.0543918	0.439797	0.211367	0.00192399	-0.000558647	0.00292308	0
4661.187366892	3532.148655166	-0.0522765	0.466688	0.193983	0.00177831	-0.000767791	0.00296105	0
4670.20126769	3532.927098446	-0.0471711	0.453067	0.200872	0.00195053	-0.000539392	0.00331823	0
4699.10095793	3532.16160258	-0.0444627	0.467221	0.200482	0.00219404	-0.000739937	0.00331823	0
4693.164214718	3534.511318435	-0.0643439	0.535611	0.211042	0.00197092	-0.00093966	0.00342758	0
4689.961018751	3535.706636474	-0.0603312	0.547783	0.232444	0.00192204	-0.000773726	0.00328713	0
4664.143278431	3535.507470082	-0.0665624	0.514996	0.24987	0.00215531	-0.000301565	0.00312309	0
4671.089766392	3527.896468692	-0.0612164	0.469859	0.237772	0.00173448	8.15473e-05	0.00286388	0
4656.04135877	3524.210931381	-0.0586209	0.423829	0.190541	0.00193019	-0.00033758	0.00286791	0
4668.522513132	3523.711097267	-0.0569787	0.445616	0.20129	0.00191788	-0.000271804	0.00272685	0
4659.914523013	3524.192389405	-0.0475726	0.411638	0.208837	0.0026893	0.000154549	0.00256644	0
4657.235608374	3520.934596287	-0.0599399	0.496325	0.199965	0.00189277	-0.000135807	0.00309032	0
4668.469797459	3517.509925389	-0.0567641	0.560689	0.193394	0.0025359	-0.0002998	0.00303286	0
4665.506218187	3519.353892879	-0.063425	0.594374	0.183203	0.00158139	-0.000749751	0.00300971	0
4688.076673069	3524.595197838	-0.0466441	0.600699	0.195644	-6.3968e-05	-0.000552395	0.0033044	0
4683.622677959	3523.036552987	-0.054149	0.628432	0.24162	-0.00012241	-0.000621474	0.00385291	0
4697.466292843	3523.874778153	-0.0639647	0.598827	0.250218	-0.000101493	-0.000449	0.00386709	0
4679.57603123	3524.466203233	-0.0511982	0.473032	0.219179	0.000687332	-0.000345535	0.00361576	0
4701.325559318	3519.770927483	-0.0531651	0.432737	0.219464	7.1845e-05	-0.000674281	0.00348023	0
4693.531786726	3520.82734055	-0.0442945	0.369514	0.201096	0.000660274	-0.000587597	0.00361062	0
4696.053512815	3522.06741508	-0.0442753	0.433965	0.210746	0.00078828	-0.000481494	0.00406633	0
4694.175397167	3522.82955421	-0.0339622	0.465867	0.220557	0.00160992	-0.000245456	0.00387223	0
4685.127470798	3526.802172451	-0.0454143	0.552965	0.213806	0.00125328	-0.000185918	0.00409471	0
4695.19280965	3527.306162525	-0.0481969	0.647892	0.222317	0.00049876	-0.000235252	0.00417918	0
4704.247924519	3530.445670628	-0.0411016	0.636214	0.215777	0.000555485	4.2939e-05	0.0040525	0
4719.162626026	3533.858832713	-0.0385626	0.573134	0.20538	0.00067144	3.83065e-06	0.00401775	0
4701.633706387	3538.093915813	-0.0316905	0.495413	0.208175	0.00176865	-1.36489e-05	0.00362756	0
4709.597127598	3537.697820855	-0.0278068	0.47715	0.203767	0.00116252	-9.79556e-06	0.00390451	0
4708.107190994	3541.736934457	-0.0268875	0.471724	0.207955	0.00216397	-0.000226291	0.00357623	0
4706.593292721	3537.037183057	-0.0336556	0.504165	0.228108	0.00189459	1.24255e-05	0.00378535	0
4700.748083085	3541.010760366	-0.0482753	0.576852	0.257883	0.00129912	-2.71981e-05	0.00411504	0
4701.061501721	3538.745282624	-0.0286311	0.507308	0.235972	0.000967565	4.5972e-05	0.00363801	0
4693.421563047	3534.132966229	-0.0376649	0.482559	0.200062	0.000801774	-6.23552e-05	0.0036369	0
4693.557665329	3533.742625677	-0.0332487	0.476971	0.200081	0.00175013	9.43713e-05	0.00360023	0
4696.340094381	3533.878173911	-0.0250011	0.489064	0.198852	0.00178244	5.94638e-05	0.00349379	0
4693.439294683	3533.155836092	-0.0227176	0.552065	0.205689	0.00147881	9.631e-05	0.00357778	0
4694.7571865	3532.81920333	-0.0295555	0.607646	0.232404	0.00124718	0.00014871	0.00362801	0
4715.853998714	3535.053191684	-0.0331119	0.55905	0.190266	0.00123085	0.000109571	0.00367627	0
4704.476039612	3530.568591137	-0.0303871	0.470998	0.172507	0.00150272	0.000182543	0.00333816	0
4702.165176214	3529.918662929	-0.0178501	0.489633	0.162221	0.00149214	7.61637e-05	0.00354424	0
4715.496011373	3532.908236782	-0.0192027	0.532726	0.20138	0.0021324	-0.000188575	0.00357959	0
4715.376682259	3532.867636249	-0.032884	0.573067	0.20704	0.00119671	-0.000482034	0.00361023	0
4702.230831188	3529.408119225	-0.02162	0.52147	0.206687	0.000444852	-0.000282695	0.00382625	0
4699.337219991	3527.279468474	-0.0245503	0.494151	0.17015	0.000498523	-0.000603626	0.00374951	0
4709.914859334	3524.861978502	-0.0258073	0.477576	0.191045	0.000671319	-0.000281067	0.00391451	0
4693.422042281	3524.289255243	-0.0227465	0.505186	0.185297	0.00102456	-0.000587527	0.0039637	0
4700.403035046	3523.802848076	-0.0172221	0.542073	0.192779	0.000962908	-0.000538127	0.00392102	0
4703.763898797	3530.602478196	-0.0189718	0.566938	0.202936	0.00131032	-0.000161333	0.00381546	0
4705.188180427	3525.806979872	-0.0272121	0.594909	0.20854	0.000581302	-0.000104275	0.00403079	0
4699.659744061	3522.643335232	-0.0250541	0.547155	0.218126	0.000483128	-0.000374511	0.00394587	0
4709.587063697	3522.815328039	-0.0212157	0.509792	0.193241	0.000440217	-0.000413024	0.00374619	0
4697.250637819	3523.631654493	-0.0182413	0.491201	0.190752	0.000800485	-0.000370616	0.00386623	0
4711.253358187	3524.477232511	-0.0184355	0.502131	0.186687	0.00168091	-0.00025457	0.00374913	0
4705.637701345	3526.081592922	-0.0218438	0.553088	0.202057	0.000911549	-0.000316757	0.00402065	0
4709.61438	3526.229129502	-0.0378305	0.59927	0.262378	0.00112834	-0.000138143	0.00388337	0
4704.437700941	3528.491730042	-0.0308181	0.541535	0.232313	0.000671604	0.000211143	0.00367724	0
4702.022843898	3526.860355891	-0.0292663	0.48074	0.190955	0.000903184	0.00011465	0.00362246	0
4683.846959185	3522.111212505	-0.020945	0.485129	0.202346	0.00160434	0.000166096	0.00374388	0
4698.448242056	3527.408782768	-0.0270796	0.514432	0.211195	0.00172434	-0.000178482	0.00379576	0
4700.392012678	3527.467445742	-0.0288269	0.523645	0.209172	0.00238333	0.00019279	0.00351853	0
4694.860700912	3531.628680631	-0.0435811	0.618075	0.234189	0.00109792	0.000219248	0.00361964	0
4697.167730443	3531.940697321	-0.0520874	0.609176	0.221513	0.00152935	0.000189996	0.00338267	0
4694.471563401	3529.525125484	-0.052671	0.561523	0.208776	0.000811966	0.000316926	0.00342248	0
4711.929077265	3531.658251884	-0.0478659	0.535576	0.182715	0.000792801	-0.000205962	0.00349285	0
4697.982906436	3526.27580413	-0.0353387	0.474019	0.192238	0.00095476	6.33578e-05	0.00352187	0
4698.530670198	3531.30835202	-0.0290841	0.496395	0.184151	0.00116992	0.000297832	0.00388727	0
4708.265338012	3532.78803363	-0.0365197	0.559098	0.219975	0.0007783	0.000251336	0.00365782	0
4703.530032904	3533.815994356	-0.0455469	0.583639	0.241677	0.000619981	9.29604e-05	0.00328023	0
4703.507029701	3532.47186098	-0.0454172	0.577496	0.233442	0.000421596	0.00010834	0.00356789	0
4696.667410785	3528.935298851	-0.0447933	0.479419	0.213885	0.000773083	0.000313305	0.00329208	0
4718.041699131	3533.979835087	-0.0446833	0.506941	0.179666	0.00162532	0.000301674	0.00330286	0
4698.86469587	3537.67304494	-0.0308342	0.538166	0.218117	0.00133471	0.000498637	0.00335451	0
4712.449524724	3529.608564374	-0.0389892	0.526803	0.216569	0.000949359	0.00029564	0.00351974	0
4708.462302935	3529.963579266	-0.0344917	0.624132	0.23779	0.000466701	0.000347318	0.00354301	0
4713.120451468	3532.955550788	-0.0368223	0.603502	0.260479	0.000553477	0.00055938	0.0032262	0
4718.466779146	3537.923201764	-0.0398213	0.544191	0.209606	0.000292334	0.000365137	0.00325986	0
4705.842813235	3532.557857383	-0.0398102	0.501842	0.202678	0.000694075	0.000349096	0.00318866	0
4702.184824783	3533.230163838	-0.0345292	0.492071	0.212696	0.00133874	0.00021015	0.00310662	0
4720.766140943	3540.219529517	-0.0478648	0.541883	0.220718	0.000688828	0.000339983	0.00328316	0
4708.841376545	3534.108989537	-0.0455062	0.581901	0.262626	0.000930014	0.000357834	0.00307657	0
4698.712778886	3532.77556575	-0.045794	0.523661	0.222546	0.000567293	0.000220039	0.00345756	0
4705.976040117	3532.004475323	-0.0455388	0.493432	0.213988	0.000814009	0.000298646	0.00330809	0
4716.43339188	3532.824638047	-0.0463692	0.529506	0.199198	0.00182675	5.37075e-05	0.00315519	0
4704.878116425	3534.262760057	-0.0432568	0.577167	0.200237	0.00075785	3.54616e-05	0.00342697	0
4722.484671873	3534.153905874	-0.029069	0.517001	0.185744	0.000880095	0.000267752	0.00352518	0
4709.458149915	3539.656716624	-0.0354705	0.594491	0.161079	0.000123115	0.000118624	0.00364287	0
4718.58898366	3538.371565911	-0.0353586	0.62354	0.219159	0.000334774	0.000407735	0.00358588	0
4715.64840759	3539.009186085	-0.042277	0.589452	0.206488	0	0.000220991	0.00346657	0
