5169.853066063	3525.314526234	-0.0194919	0.0674925	0.000291517	-0.000322892	-0.00170821	0.0020548	1
5027.835701561	3526.325163218	-0.00782531	0.0359062	0.000288023	-0.000270726	-0.00171202	0.00184252	1
4926.046473743	3520.92756067	-0.0294439	0.0470349	-0.00586712	-0.000381236	-0.00199695	0.00174257	1
4850.527205819	3528.595212024	-0.0258012	0.0766603	0.00781054	-0.000481715	-0.0019767	0.00184778	1
4797.043614724	3523.118022244	-0.0194627	0.0633008	-0.000978135	0.00025	-0.0021166	0.0017677	1
4762.437257072	3526.571521089	-0.0257123	0.0609238	-0.00661288	-0.000148152	-0.00180989	0.00176681	1
4740.724114585	3526.739154931	-0.0311814	0.0823047	3.3753e-05	0.000336113	-0.00222366	0.00158034	0
4720.383238788	3530.701425076	-0.0334958	0.0794357	-0.00309344	0.000417692	-0.00202568	0.00136106	0
4706.205325279	3525.623207294	-0.0369962	0.060531	-0.0255996	0.000417692	-0.00225527	0.00131806	0
4716.154938653	3535.091843449	-0.0448492	0.106212	0.0175971	-0.000297734	-0.00205073	0.00155546	0
4716.68633166	3541.374055479	-0.0596233	0.103056	0.0575145	0.000417692	-0.00243849	0.00134664	0
4692.333085127	3528.998845312	-0.0637381	0.0516235	0.0231303	-6.17122e-05	-0.00225125	0.00177978	0
4685.081773396	3529.395918265	-0.052157	0.0258233	0.00872718	0.00016461	-0.00222121	0.00180097	0
4674.60946946	3524.611361827	-0.0605274	0.0247895	0.00202512	0.000748536	-0.00209134	0.00155651	0
4675.530840752	3521.48622505	-0.0551101	0.0497699	-0.00436777	0.000577932	-0.00188885	0.00144031	0
4681.649746916	3519.662624355	-0.0508682	0.0980281	-0.00432845	0.000705555	-0.00206706	0.00173653	0
4673.418866296	3522.138460535	-0.0463057	0.132652	0.028669	0.000407642	-0.00230015	0.00118575	0
4683.825357997	3524.460301464	-0.0601667	0.124425	0.0188513	0.000577932	-0.00217226	0.00151699	0
4680.495585238	3522.495826192	-0.0494655	0.0792284	0.00490937	0.000422386	-0.00187895	0.00164862	0
4686.471444973	3519.894998353	-0.0534423	0.0523353	-0.00434556	0.000577932	-0.00199515	0.00183975	0
4691.087547784	3521.868105646	-0.0515687	0.0466826	-3.3793e-06	0.000703835	-0.00210705	0.00183123	0
4691.113111214	3521.328086431	-0.0522787	0.0656408	-0.00438294	0.00121704	-0.00203469	0.00181899	0
4693.655856664	3518.0220225	-0.0520241	0.0423535	-0.0143516	0.00156487	-0.00229521	0.00185266	0
4686.687374373	3521.708585903	-0.0510637	0.101212	-0.00426276	0.00116872	-0.00245069	0.0017555	0
4687.181781991	3521.587910254	-0.0451386	0.122378	0.0222842	0.00140499	-0.00253149	0.00169855	0
4698.465044958	3521.533701164	-0.0554689	0.135596	0.00626662	0.00186247	-0.00227962	0.00179875	0
4689.635327387	3522.065088359	-0.0576767	0.100887	0.0106505	0.00206046	-0.00253228	0.00182422	0
4685.099722187	3518.682372084	-0.0582587	0.0295841	0.0235019	0.00242859	-0.00232485	0.00183482	0
4688.43221446	3519.825596906	-0.0624697	0.0357131	-0.00443452	0.00259282	-0.00242691	0.00175985	0
4699.895509243	3520.482148401	-0.0601141	0.0147793	-0.00443805	0.00312085	-0.00240598	0.00181244	0
4683.870501927	3513.7869805	-0.0526631	0.0312749	-0.00450793	0.00361639	-0.00221281	0.00201565	0
4700.16582892	3522.461470749	-0.0530079	0.121711	-0.00453545	0.00379511	-0.00228494	0.00186865	0
4688.311468045	3525.388243691	-0.0578048	0.154207	0.0271695	0.00398345	-0.00217659	0.00192008	0
4697.178714906	3524.543168863	-0.0552584	0.0983063	-0.000860826	0.00418607	-0.00247803	0.00184074	0
4705.094675823	3523.979325271	-0.0633199	0.060127	-0.0358586	0.00459117	-0.00274246	0.00188296	0
4703.720233523	3532.543670936	-0.0477431	0.0636021	-0.0534515	0.00550892	-0.00279556	0.00195423	0
4695.072179478	3526.941662137	-0.0413556	0.0351913	-0.0587621	0.00428394	-0.00254373	0.00211441	0
4709.386612582	3530.571426845	-0.0541917	0.076011	-0.0361335	0.00482329	-0.00297749	0.00200142	0
4703.44882604	3530.710920299	-0.0525063	0.120672	-0.00491178	0.00431979	-0.00285743	0.00202658	0
4693.879944605	3531.465186269	-0.0652187	0.118985	-0.0311955	0.00409277	-0.00261389	0.00161931	0
4709.743412799	3529.405758768	-0.0673105	0.0923518	-0.0172711	0.00374532	-0.00282449	0.00190024	0
4706.694837772	3530.633404753	-0.071115	0.0360578	-0.048948	0.00387896	-0.00276523	0.00185361	0
4705.643473718	3528.034475959	-0.0646788	0.0402869	-0.0341207	0.00397072	-0.00284541	0.00215439	0
4705.658702995	3531.555822486	-0.057017	0.0465901	-0.0348514	0.00474346	-0.00277402	0.0020739	0
4703.883948256	3528.008234616	-0.0531578	0.0717275	-0.0647077	0.00540947	-0.00295675	0.00215271	0
4694.652830442	3529.912458384	-0.0616542	0.120372	-0.0394622	0.00494238	-0.0030722	0.00204544	0
4699.62192615	3529.060995861	-0.0592126	0.158109	0.0119571	0.00522113	-0.00299372	0.00193957	0
4710.780091479	3532.31630351	-0.0686437	0.163664	0.00653251	0.00487532	-0.00289243	0.00202651	0
4710.979703795	3534.300805071	-0.0600104	0.0826785	-0.0152733	0.0048511	-0.00310616	0.00209286	0
4686.925059884	3532.338919405	-0.06489	0.0376131	-0.0179967	0.00543235	-0.00315334	0.00193874	0
4701.502198026	3535.335439073	-0.0706752	0.0278763	-0.0449426	0.0053301	-0.00317815	0.00207039	0
4686.700971942	3534.106929886	-0.0585498	0.0395928	-0.0263998	0.00544067	-0.00330309	0.00218666	0
4693.712422552	3526.727760664	-0.0582128	0.0353943	-0.0264841	0.00583769	-0.00321248	0.00215152	0
4685.194905172	3527.86407987	-0.066365	0.0474388	-0.0323244	0.00557738	-0.00299057	0.00231385	0
4681.661712777	3524.364313394	-0.0640217	0.0846564	-0.0264159	0.00559162	-0.00336471	0.00222984	0
4686.968028203	3524.193054103	-0.0635255	0.0818511	-0.0101397	0.00581023	-0.00331193	0.00222282	0
4681.570337112	3525.043308143	-0.0734099	0.107385	-0.0218837	0.00558305	-0.00338054	0.00237038	0
4681.556739543	3527.216333036	-0.0658383	0.0987729	-0.00696839	0.00577644	-0.00352314	0.00248411	0
4680.129538674	3519.292828588	-0.0683136	0.0817527	-0.00648764	0.00580659	-0.00355856	0.00249973	0
4682.287744866	3525.678797508	-0.0708061	0.0742664	-0.0177738	0.00542212	-0.00355725	0.00238818	0
4690.234164337	3524.365349237	-0.0699822	0.0890827	0.00382709	0.0055244	-0.00342424	0.00249303	0
4685.391254072	3521.574616942	-0.0673683	0.0962249	0.0387598	0.00595646	-0.00383788	0.00240878	0
4688.524677931	3521.640738221	-0.0810439	0.116697	0.0381143	0.00539468	-0.00404743	0.00258445	0
4677.40948092	3523.154449372	-0.0756058	0.0912087	0.0447046	0.00504754	-0.00362093	0.00246149	0
4693.072248992	3521.809062624	-0.0851381	0.0872917	0.0361988	0.00471144	-0.00375804	0.00247013	0
4681.85262265	3522.653792171	-0.0825558	0.0670312	0.0323207	0.00466889	-0.00390818	0.00262439	0
4686.289237546	3518.870550135	-0.0886571	0.096986	0.0313713	0.00498966	-0.00379539	0.00250214	0
4690.377754669	3522.219083608	-0.0833761	0.1123	0.0402301	0.00490175	-0.00366396	0.00251255	0
4667.546348087	3518.597260359	-0.0782376	0.0761255	0.0402163	0.00591069	-0.00365405	0.00242957	0
4691.847923856	3523.960334825	-0.0795446	0.109776	0.017129	0.00531449	-0.0036438	0.0025853	0
4676.282514381	3523.45812386	-0.080173	0.0942172	0.0145127	0.0055954	-0.0037949	0.00258546	0
4689.768583566	3522.218220406	-0.0795005	0.10246	0.0132767	0.00598936	-0.00367398	0.00235478	0
4707.473162636	3525.63822701	-0.0625302	0.111593	-0.0065209	0.00574518	-0.00339767	0.00239026	0
4693.436119945	3530.276384377	-0.0673303	0.128835	0.0234066	0.0059345	-0.00387902	0.0023227	0
4675.685309139	3522.600791564	-0.0732392	0.105348	0.0139281	0.0068068	-0.00422113	0.00222473	0
4686.815735427	3528.623870333	-0.0676498	0.121876	0.0240208	0.00588832	-0.00429315	0.00241462	0
4687.151323436	3525.982817277	-0.0667337	0.110559	0.0454336	0.0054051	-0.00424358	0.00243529	0
4676.286865603	3521.475003423	-0.0729699	0.0635682	0.0454114	0.00590588	-0.00449293	0.00254161	0
4686.916901342	3525.41707464	-0.0768067	0.0635492	0.0427092	0.0055724	-0.00455243	0.00260742	0
4676.870473275	3525.95916554	-0.0759891	0.0487194	0.0500055	0.00587254	-0.00433001	0.0026699	0
4681.103668535	3523.422905216	-0.0913277	0.0533998	0.0291176	0.00677277	-0.00444468	0.00267147	0
4689.45910289	3526.283211597	-0.0955567	0.156016	0.0879391	0.00614714	-0.00472882	0.00275151	0
4683.323879643	3525.491310018	-0.0982425	0.125391	0.115953	0.0063236	-0.00477366	0.00250177	0
4679.359372351	3520.045540794	-0.109898	0.142609	0.0988535	0.00619834	-0.0046543	0.00231926	0
4677.744525027	3522.475799904	-0.0997272	0.0611779	0.0737433	0.00599001	-0.00457169	0.0022644	0
4664.251929008	3518.941505345	-0.0963313	0.0492469	0.0548673	0.00626355	-0.00450671	0.00242754	0
4676.828592762	3523.751785205	-0.0851894	0.0629898	0.0306608	0.00612308	-0.00418238	0.00232857	0
4670.630276794	3519.410051429	-0.082648	0.0772326	0.0539334	0.00665736	-0.00409787	0.00230215	0
4676.018721537	3520.115805442	-0.0935009	0.122584	0.0461463	0.00725253	-0.00409275	0.00237113	0
4693.116305116	3528.393222739	-0.100003	0.186973	0.085557	0.00681853	-0.00424306	0.00256987	0
4684.401894933	3526.984994881	-0.118178	0.163377	0.0739295	0.00746411	-0.00471231	0.00229618	0
4702.260398488	3527.705078048	-0.104856	0.122832	0.0246047	0.00624797	-0.00460758	0.0025816	0
4695.13744781	3532.669007877	-0.089826	0.0738219	0.0245995	0.00579706	-0.00438624	0.00242679	0
4687.406957738	3528.177422222	-0.0830072	0.0556975	0.038677	0.00619695	-0.00445271	0.00222474	0
4692.886778147	3530.41121654	-0.0834914	0.0967424	0.0445897	0.00612877	-0.00460337	0.0026642	0
4698.441657138	3524.830097232	-0.0778103	0.0570751	0.0542207	0.0063711	-0.00461775	0.00256537	0
4692.312960725	3527.725104336	-0.0766781	0.0893502	0.0407493	0.00685627	-0.00459582	0.00265673	0
4679.24134545	3529.220688244	-0.074703	0.123608	0.0469552	0.00687275	-0.00485926	0.00276385	0
4686.736325623	3530.810188537	-0.0738892	0.133736	0.0469814	0.00692201	-0.00462242	0.002731	0
4702.781457341	3530.372199807	-0.075533	0.117956	0.039843	0.00699819	-0.00460726	0.00286372	0
4685.664293263	3530.770826523	-0.0727479	0.101241	0.0404925	0.00699247	-0.00467516	0.00300256	0
4684.666775582	3531.963426504	-0.0706272	0.0948047	0.0369647	0.00719543	-0.00479356	0.00270622	0
4697.408241875	3536.811859895	-0.0800141	0.117505	0.0578184	0.00665339	-0.00473629	0.00280169	0
4685.812778719	3530.041248133	-0.0782445	0.108011	0.0718792	0.00629503	-0.00466928	0.0026981	0
4678.930233066	3525.320913929	-0.0754712	0.0952119	0.0794022	0.00637399	-0.00464556	0.00266268	0
4680.97693919	3530.49045849	-0.0750961	0.102234	0.0647961	0.00606719	-0.00451667	0.00259562	0
4674.943425761	3522.997173955	-0.079399	0.0781493	0.0719468	0.00599966	-0.00478106	0.00279608	0
4677.281119867	3530.712646703	-0.0802225	0.0748158	0.054523	0.00588653	-0.00448849	0.00274982	0
4686.097239868	3524.530048192	-0.0767241	0.0877506	0.0660562	0.00572153	-0.00423698	0.00284201	0
4671.707204278	3522.208897824	-0.0764934	0.100964	0.076399	0.00639035	-0.0042202	0.00284077	0
4669.9444154	3522.544683429	-0.0825439	0.105352	0.0489942	0.00595389	-0.00408476	0.00307946	0
4678.684932916	3525.535333323	-0.078022	0.134772	0.0645515	0.00609032	-0.00374294	0.00310469	0
4697.848259216	3527.696791309	-0.0808188	0.133898	0.0420255	0.00603357	-0.00389126	0.00315494	0
4688.191809435	3523.574310859	-0.081325	0.152781	0.0646349	0.00597138	-0.00400699	0.00329032	0
4697.254861294	3526.204832849	-0.0755832	0.116947	0.0660755	0.00629763	-0.00387032	0.0030677	0
4703.027845296	3526.585850243	-0.0752514	0.0995524	0.0573817	0.00662951	-0.00402074	0.00306383	0
4707.835401881	3528.404789647	-0.067221	0.09302	0.0248721	0.00630034	-0.00390416	0.00329704	0
4686.229952144	3526.943561182	-0.0646931	0.0748519	0.0230532	0.00660875	-0.00421801	0.00314875	0
4682.34159124	3521.79490611	-0.0647048	0.08837	0.0420052	0.00689222	-0.00412601	0.00315694	0
4711.369138179	3530.730601306	-0.0727268	0.126462	0.0757385	0.00648076	-0.00428511	0.00306492	0
4672.266336326	3528.290329052	-0.0655175	0.138219	0.0804872	0.00644432	-0.00423836	0.00272518	0
4687.778987233	3524.176135343	-0.0766838	0.0857462	0.0544749	0.00641558	-0.00446837	0.00263562	0
4680.241038742	3526.235735484	-0.0768669	0.0579355	0.0590922	0.00639951	-0.00443688	0.00314563	0
4683.581689556	3523.832408278	-0.0645753	0.0526765	0.0330932	0.00664184	-0.00443817	0.0027811	0
4677.309946713	3521.107969902	-0.0579848	0.0853957	0.00513701	0.00699532	-0.00442655	0.00266205	0
4689.682103026	3525.297952754	-0.0560967	0.147965	0.0411356	0.00721785	-0.00433678	0.00268052	0
4685.968878814	3523.623168096	-0.0668459	0.168779	0.0914434	0.00754671	-0.0043365	0.0026346	0
4687.860572648	3524.990825457	-0.0640241	0.116062	0.0665631	0.00681063	-0.00411022	0.00233985	0
4688.906497675	3521.424937703	-0.065523	0.0960019	0.0434304	0.00730947	-0.00443248	0.00289857	0
4695.205435656	3530.085616719	-0.042849	0.0544437	0.0209306	0.00768992	-0.00395432	0.00249976	0
4690.442479098	3524.460819386	-0.0620089	0.0749349	0.0304528	0.00759015	-0.00431093	0.00289441	0
4693.470929722	3525.482677997	-0.0552862	0.142309	0.0360238	0.00879748	-0.00462051	0.00268668	0
4690.149315505	3523.060705627	-0.0595752	0.147021	0.0617518	0.00776448	-0.00439799	0.00261477	0
4696.729995121	3520.950694485	-0.0732319	0.13859	0.0693299	0.00723709	-0.00466244	0.00274878	0
4688.153736242	3523.284965525	-0.065261	0.0498236	0.071731	0.0069585	-0.00447611	0.00261868	0
4702.995755033	3522.036257409	-0.0663246	0.0677346	0.0420397	0.00702411	-0.00450645	0.00295527	0
4681.181446631	3527.86407987	-0.0670954	0.0679124	0.0420125	0.00732061	-0.00445264	0.002996	0
4685.71487622	3526.966177076	-0.0526671	0.0793346	0.0418722	0.00784377	-0.00416922	0.00295172	0
4690.392983946	3523.517512163	-0.0598484	0.109538	0.0418968	0.00780648	-0.00434183	0.00310122	0
4679.736296971	3527.150557038	-0.0517394	0.140882	0.0530606	0.00802987	-0.00451288	0.00284848	0
4675.682045722	3531.323275848	-0.0627418	0.17948	0.111629	0.00796757	-0.00447069	0.00275307	0
4703.05014531	3526.794572504	-0.0620246	0.185887	0.124086	0.00765594	-0.00421617	0.00269817	0
4700.401882722	3531.985869758	-0.0639321	0.080311	0.0766894	0.0072192	-0.00445852	0.00249508	0
4684.052709355	3529.329624346	-0.0653095	0.047272	0.0459163	0.00750884	-0.00427534	0.00283698	0
4687.130111228	3526.402851404	-0.0499342	0.0689616	0.0436163	0.00768876	-0.00392848	0.00288581	0
4683.305386949	3527.58060431	-0.0454683	0.0551732	0.047606	0.0081495	-0.00393349	0.00283376	0
4679.994650787	3531.484176714	-0.0552555	0.134207	0.0336815	0.00905231	-0.00421396	0.002843	0
4691.738599399	3529.707534212	-0.0616019	0.191248	0.0649206	0.0082512	-0.00464618	0.0026799	0
4702.019993463	3530.154154964	-0.0778758	0.18888	0.0450198	0.00744972	-0.00455183	0.00276314	0
4698.803896383	3531.017874956	-0.0860389	0.206156	0.0406609	0.00652715	-0.00465555	0.00306602	0
4697.948881229	3531.74072037	-0.0835774	0.125874	0.0307988	0.00605162	-0.00466865	0.00302258	0
4694.441796167	3531.991566891	-0.0848341	0.110869	0.00145244	0.00619307	-0.00477956	0.00308633	0
4702.223413099	3533.077820377	-0.0821267	0.085002	0.00137577	0.00589434	-0.0044721	0.00288731	0
4701.638173718	3531.755740086	-0.0810782	0.0425343	0.00123842	0.00612669	-0.0040824	0.00358452	0
4706.500120581	3529.758635775	-0.0752663	0.0631994	-0.00166464	0.00601423	-0.00432406	0.00349511	0
4699.406540653	3528.51441631	-0.0699447	0.103667	0.00112106	0.00656839	-0.00402546	0.00347263	0
4706.099264239	3524.871530931	-0.0818941	0.128015	-0.00122365	0.00712399	-0.00406607	0.00314043	0
4705.077814837	3523.834134682	-0.0774867	0.171244	-0.0113791	0.00717543	-0.0039661	0.00309744	0
4673.13494905	3523.721745773	-0.0854275	0.191017	-0.0166748	0.00830117	-0.00449763	0.00282747	0
4675.764718944	3519.227570512	-0.0736563	0.167359	0.00642475	0.00734549	-0.00424136	0.00282314	0
4679.367530893	3522.828849551	-0.0704962	0.14287	-0.00341819	0.00730754	-0.0043361	0.00323157	0
4671.85079461	3523.121475053	-0.0724099	0.110563	0.0134805	0.00724092	-0.00441467	0.00305922	0
4686.256603379	3520.193493629	-0.0801211	0.0671978	0.0134923	0.00778201	-0.0045995	0.00309461	0
4674.266810715	3521.858092502	-0.0718563	0.0619986	0.0135069	0.0075448	-0.00447797	0.00313641	0
4661.447566325	3522.778093269	-0.0804358	0.0704669	0.0189678	0.00777536	-0.00449675	0.00321306	0
4660.578409699	3520.475933346	-0.0773887	0.0690368	0.029483	0.00819953	-0.00458104	0.00316793	0
4681.158602715	3521.783684483	-0.0838262	0.08644	0.0234238	0.00806745	-0.00444931	0.00336327	0
4657.738693336	3518.490050662	-0.073481	0.0847487	0.037059	0.00821064	-0.00433101	0.00334533	0
4670.783657375	3517.462494917	-0.0783292	0.0904419	0.0394733	0.00841776	-0.00442238	0.00344616	0
4669.83835436	3522.365310039	-0.0793699	0.139558	0.0266388	0.00804075	-0.00462518	0.00351391	0
4663.547031018	3516.266269488	-0.072519	0.102332	0.042223	0.00816876	-0.00435001	0.00366245	0
4679.833111664	3521.07758519	-0.075323	0.124543	0.0230897	0.00827047	-0.00448847	0.00356146	0
4670.937581859	3525.376849423	-0.0756448	0.125084	0.031213	0.00785991	-0.00465618	0.00354197	0
4672.307129034	3523.204687732	-0.0730439	0.0886131	0.0347853	0.00823522	-0.00452977	0.00338318	0
4670.197874091	3527.185603042	-0.074478	0.0756638	0.0194222	0.00748212	-0.00450351	0.00349762	0
4672.185838716	3529.253835204	-0.0666823	0.118633	0.0349379	0.00768765	-0.0040513	0.00372255	0
4686.629176777	3534.421653361	-0.0655488	0.157753	0.0811727	0.0083494	-0.00442807	0.00331218	0
4686.546503556	3530.564521228	-0.0821579	0.141848	0.0781434	0.00741958	-0.00442373	0.00324683	0
4657.302483314	3535.117912151	-0.0818834	0.123704	0.0734815	0.00707362	-0.00429907	0.00328216	0
4674.274425353	3529.735156678	-0.0804616	0.0932999	0.0626972	0.00711943	-0.00397437	0.00298639	0
4675.216464951	3533.404628681	-0.0856654	0.0886103	0.0688838	0.00705637	-0.00419253	0.00329576	0
4676.82043422	3528.818436079	-0.0771248	0.0443377	0.0608563	0.00731002	-0.00433138	0.00309292	0
4678.893247677	3531.46570419	-0.0722964	0.101152	0.0475615	0.0074012	-0.00457263	0.00325003	0
4674.465879128	3528.838980289	-0.0704554	0.116533	0.0375414	0.00853094	-0.00449038	0.00338252	0
4668.639592655	3525.43796413	-0.0686904	0.140146	0.0627286	0.0080829	-0.00440597	0.00330554	0
4672.536656003	3525.995765308	-0.0686824	0.162001	0.0431618	0.00832553	-0.0046669	0.00355794	0
4672.997885552	3524.864970595	-0.0716522	0.173969	0.039626	0.00819465	-0.00477926	0.00347403	0
4663.084713664	3526.56375227	-0.0641357	0.165719	0.0304271	0.009502	-0.00436484	0.00337601	0
4665.50888831	3528.153425204	-0.0704296	0.102316	0.0363139	0.00846898	-0.00452374	0.00364993	0
4674.1264838	3522.535706127	-0.073714	0.112814	0.0521339	0.00815296	-0.00460591	0.00358864	0
4683.210747867	3528.171034526	-0.0729557	0.111502	0.107964	0.00847748	-0.00428113	0.00356181	0
4685.176412478	3526.683046797	-0.0764694	0.140855	0.131133	0.00817236	-0.00448951	0.00353849	0
4679.449660211	3525.743365022	-0.0694733	0.133885	0.185906	0.00798624	-0.00420785	0.00341536	0
4662.911752583	3517.356493703	-0.0784514	0.0599715	0.142385	0.00758789	-0.00394189	0.00338113	0
4667.626845697	3517.112034877	-0.0690385	0.0678769	0.0859626	0.00766644	-0.00402298	0.00329445	0
4667.196618606	3515.809980873	-0.0633673	0.0657606	0.0859562	0.00819137	-0.00396066	0.00344226	0
4655.638684741	3512.878374	-0.0632717	0.132172	0.0463173	0.00937183	-0.00421821	0.00342129	0
4674.81560861	3515.219895937	-0.060372	0.135223	0.0613453	0.00834028	-0.00436448	0.00344702	0
4673.155617355	3515.096975963	-0.0644612	0.161504	0.0397488	0.00933806	-0.00463025	0.00315952	0
4686.671601193	3523.500938683	-0.0703994	0.188932	0.0651554	0.00821722	-0.00440946	0.00391795	0
4689.273088142	3521.841691663	-0.0650211	0.191032	0.0995897	0.00833608	-0.00413474	0.00342552	0
4701.987359297	3527.320780487	-0.0777715	0.191055	0.105837	0.00793945	-0.00458878	0.00332706	0
4697.309795474	3532.606339406	-0.0778635	0.148166	0.104702	0.00755897	-0.00433166	0.00318418	0
4697.243439336	3528.862804666	-0.0942749	0.124419	0.0924414	0.00794259	-0.00429184	0.00315182	0
4712.859431769	3533.166039629	-0.092435	0.0522342	0.0904711	0.00738099	-0.0041423	0.00343244	0
4695.547550499	3530.727148498	-0.0797383	-0.00305951	0.0678145	0.00721291	-0.00411273	0.00328705	0
4696.827897619	3533.66238082	-0.0773923	0.0406328	0.0322051	0.0071606	-0.00395682	0.00348122	0
4688.283729004	3531.037555963	-0.076354	0.088055	0.0357903	0.00784325	-0.0041152	0.00329923	0
4704.575248677	3533.719352156	-0.0446375	0.126423	0.00010594	0.00876698	-0.00352772	0.00305321	0
4704.433833957	3533.606617966	-0.0517324	0.215898	0.0127295	0.00943008	-0.00380931	0.00343667	0
4702.384408319	3531.568425236	-0.0552815	0.231144	0.00328786	0.0100455	-0.00432453	0.00299483	0
4679.204903965	3530.992151534	-0.0542527	0.236995	0.0092987	0.00950393	-0.00454078	0.00320716	0
4700.972436728	3536.554798318	-0.0503978	0.186523	0.026478	0.00863507	-0.00414626	0.00349637	0
4687.346584531	3539.672166277	-0.0478456	0.171419	0.0392265	0.0092625	-0.00427464	0.00328873	0
4693.648785928	3534.789204803	-0.0475253	0.118149	0.108502	0.00758693	-0.00438274	0.00335228	0
4690.533310861	3534.714796784	-0.0465695	0.0309514	0.0788327	0.00717962	-0.00426913	0.0034713	0
4691.288791809	3524.723750736	-0.0478627	-0.000484589	0.0614282	0.007868	-0.00451183	0.00339375	0
4689.875188509	3526.452226563	-0.0507365	-0.00932039	0.0561053	0.00851985	-0.00472757	0.00368414	0
4667.51153831	3520.502174689	-0.0419188	0.0261061	0.0407035	0.00826749	-0.00463794	0.00339187	0
4664.110514288	3513.848785768	-0.0429144	0.105458	0.0494074	0.0100849	-0.00449652	0.003225	0
4676.625717029	3515.805837503	-0.0519537	0.18351	0.0565906	0.00972434	-0.0049796	0.00320461	0
4679.056962411	3516.917814411	-0.0537804	0.218365	0.090291	0.00879766	-0.00460671	0.00337362	0
4674.530059655	3518.887468896	-0.0488977	0.174188	0.0652195	0.00884867	-0.00461764	0.00335145	0
4685.620781041	3521.041675983	-0.0510943	0.138631	0.0395504	0.00876338	-0.00488457	0.00348756	0
4661.987117873	3522.256891859	-0.0416813	0.113868	0.0453086	0.00908635	-0.00466676	0.00347437	0
4657.777310433	3515.449335048	-0.0376155	0.0544705	0.0463724	0.00973235	-0.00493981	0.00332484	0
4680.507551099	3517.761853395	-0.04882	0.087156	0.039105	0.00878548	-0.00485462	0.00334799	0
4667.515345629	3522.968860927	-0.0527473	0.0947304	0.0829262	0.00886556	-0.00484868	0.00322853	0
4666.218137522	3515.164305724	-0.0620965	0.0504338	0.0881231	0.0087483	-0.00489925	0.00318664	0
4662.945474554	3520.001344848	-0.054895	0.0853805	0.0835436	0.00840391	-0.00479941	0.00335419	0
4659.969238596	3521.930601476	-0.0567821	0.0439984	0.0829905	0.00903132	-0.00481902	0.00323273	0
4668.276265604	3514.334077972	-0.0526447	0.106203	0.0547881	0.00879378	-0.00448643	0.00332381	0
4662.124725274	3525.637363808	-0.0435364	0.13108	0.0285094	0.0084212	-0.00461153	0.00336261	0
4657.746851878	3521.808544703	-0.0419808	0.111532	0.022195	0.00879908	-0.00455666	0.00336877	0
4670.019473983	3522.15727834	-0.0448325	0.120799	0.0499255	0.0079519	-0.00433384	0.00337134	0
4666.991023359	3526.024941538	-0.0429156	0.126972	0.0797589	0.00802252	-0.00417119	0.00315805	0
4664.104531358	3527.531747073	-0.0581328	0.17403	0.121499	0.00794227	-0.00396525	0.00347812	0
4664.604921906	3528.95637577	-0.0615935	0.160134	0.0920446	0.00751385	-0.00426325	0.00333311	0
4665.034605094	3526.016309517	-0.0576658	0.107867	0.108099	0.00686317	-0.00424839	0.00319673	0
4665.958151998	3524.14575063	-0.0687499	0.0359212	0.0965257	0.00719867	-0.00438305	0.00326603	0
4667.149842967	3526.122656012	-0.0571347	0.0236072	0.0797976	0.00733997	-0.00415427	0.00366394	0
4680.289989991	3517.801905971	-0.0607764	0.0513333	0.0624567	0.00832752	-0.0046903	0.00359799	0
4670.15436187	3522.287794493	-0.0580461	0.118061	0.095716	0.0081068	-0.00460515	0.00351661	0
4654.545984075	3517.690898185	-0.0547918	0.129711	0.0967105	0.00889473	-0.00478919	0.00354812	0
4674.444123018	3521.601376206	-0.052228	0.159521	0.0812045	0.00906323	-0.00481275	0.00351831	0
4680.300324144	3521.700989725	-0.0553249	0.185252	0.054297	0.00872299	-0.00477279	0.0033786	0
4665.012848984	3521.713765116	-0.0500746	0.198445	0.0744878	0.00905354	-0.00480986	0.00340918	0
4664.811061056	3521.722569777	-0.0532985	0.179421	0.131446	0.00914593	-0.00451984	0.00319051	0
4664.276948536	3522.643951667	-0.0611505	0.121447	0.131577	0.0085484	-0.0046677	0.00332725	0
4654.945752611	3520.408776225	-0.0563826	0.0523788	0.0829762	0.00821787	-0.00448335	0.0036779	0
4658.574671894	3520.263067716	-0.0546748	0.00617434	0.0782236	0.00922798	-0.00469417	0.00329423	0
4664.06972158	3514.804868382	-0.0511232	0.020438	0.0520659	0.00900654	-0.004596	0.0033847	0
4666.126217954	3518.644909114	-0.05568	0.10047	0.0933411	0.00866891	-0.00489601	0.003476	0
4664.349831507	3521.570300932	-0.0684489	0.149727	0.111922	0.00964874	-0.004986	0.00316072	0
4668.714651237	3518.253705935	-0.078692	0.165735	0.0967129	0.00919086	-0.00528486	0.00327031	0
4665.481149269	3516.912462558	-0.0696993	0.144752	0.0932852	0.00855936	-0.00515966	0.003399	0
4671.507048059	3511.714087047	-0.0599737	0.11457	0.0790444	0.00829072	-0.00505154	0.00346733	0
4673.543963933	3519.786925453	-0.0575759	0.131326	0.0828075	0.00827818	-0.00469953	0.00356919	0
4674.044898384	3516.653501937	-0.0505634	0.119877	0.0827613	0.0087711	-0.00478367	0.00385864	0
4663.121155149	3523.758690821	-0.0563819	0.10956	0.0717705	0.00811843	-0.00477239	0.00379823	0
4677.275136936	3526.14233702	-0.0473693	0.111227	0.0619958	0.00860691	-0.0046927	0.00361648	0
4691.534635861	3525.772023331	-0.0526789	0.0726865	0.0620105	0.00869111	-0.00478475	0.00370595	0
4693.098900227	3528.144793183	-0.0560272	0.0729738	0.0453832	0.0087911	-0.0049634	0.00351829	0
4687.50540414	3535.536047234	-0.0547518	0.146347	0.074223	0.00878661	-0.00503447	0.00384695	0
4680.796907373	3537.023689683	-0.0594828	0.15706	0.120852	0.00885746	-0.00485401	0.00383529	0
4687.250857643	3526.840149574	-0.0724449	0.166636	0.128611	0.00875131	-0.0051825	0.00384181	0
4686.20765213	3533.719697437	-0.0712968	0.163058	0.14134	0.00813732	-0.00545164	0.00358566	0
4669.670288404	3528.562755626	-0.0601027	0.0698621	0.09906	0.00830948	-0.00511871	0.00359193	0
4668.943090401	3527.93089171	-0.0617689	0.0921106	0.0547331	0.00774737	-0.00517496	0.00352695	0
4674.228193618	3525.889073532	-0.0466873	0.0936003	0.0447319	0.00834376	-0.00515542	0.00368148	0
4652.953436764	3526.794572504	-0.0362279	0.102646	0.0388496	0.00889587	-0.00474424	0.003513	0
4669.023588011	3529.341881815	-0.0521527	0.157295	0.0375476	0.00912688	-0.00543787	0.00357656	0
4678.948181857	3533.820692079	-0.0437886	0.207537	0.0425018	0.00998514	-0.00527646	0.00327083	0
4688.075958145	3534.22933194	-0.0606423	0.187322	0.0886817	0.00902152	-0.00541598	0.00340658	0
4682.692952429	3531.122149766	-0.065423	0.148612	0.0910706	0.00862633	-0.00538728	0.0036892	0
4690.069361798	3527.205974611	-0.0578089	0.0658815	0.0818677	0.00879635	-0.0050996	0.00376818	0
4699.45114068	3532.683509671	-0.0615264	0.0784381	0.0692584	0.00904649	-0.00508001	0.00378709	0
4693.060283131	3530.984382715	-0.0561751	0.0795118	0.077913	0.0093584	-0.00508474	0.00414112	0
4699.471265082	3528.407379253	-0.0557228	0.0988496	0.0573085	0.0100241	-0.00496129	0.00411607	0
4697.190136864	3528.703975485	-0.0593936	0.135407	0.0476153	0.00887118	-0.00511216	0.00399012	0
4683.268945463	3524.438376132	-0.0585291	0.170429	0.0679013	0.00878264	-0.00501117	0.00407279	0
4676.503882808	3521.010255428	-0.0555425	0.14485	0.0674196	0.00875343	-0.00471019	0.00367201	0
4680.940497704	3525.663432511	-0.0576386	0.158478	0.0548169	0.00907454	-0.00485571	0.00381092	0
4683.929787329	3524.107942379	-0.0592246	0.164528	0.0548072	0.00865195	-0.00495986	0.00384067	0
4670.457859615	3525.226997544	-0.0655243	0.16787	0.0772715	0.00940003	-0.0048959	0.00358631	0
4682.602120667	3525.101487963	-0.0625589	0.164425	0.113973	0.00846141	-0.00466666	0.00358496	0
4674.910247692	3521.302535649	-0.0688783	0.16452	0.11387	0.00805196	-0.00491353	0.00366219	0
4658.767757377	3520.942580386	-0.0800464	0.132474	0.118269	0.00768762	-0.00431697	0.00358574	0
4663.779821404	3515.578297437	-0.0847305	0.104963	0.115601	0.00753993	-0.00466111	0.00359753	0
4678.88400133	3518.224529705	-0.0915374	0.0995701	0.101387	0.00814049	-0.00456909	0.00379567	0
4659.486252936	3516.072912224	-0.0899108	0.105682	0.110132	0.00823581	-0.00462506	0.00381884	0
4667.317365021	3511.060988361	-0.0881978	0.13874	0.12092	0.00798461	-0.00491826	0.00405746	0
4675.531384655	3514.411075597	-0.0748639	0.113078	0.118532	0.00799989	-0.00463747	0.00392026	0
4679.852692164	3513.370399181	-0.0824728	0.16448	0.0982446	0.00807951	-0.00475963	0.00418312	0
4680.528763307	3515.744895437	-0.0781417	0.17484	0.0981949	0.0087406	-0.00470203	0.00386299	0
4682.418281531	3524.757760898	-0.0888606	0.174398	0.0824047	0.00847565	-0.00488177	0.00388115	0
4701.564202942	3525.93827605	-0.0836691	0.17863	0.103649	0.00938537	-0.00497437	0.00403361	0
4714.37148147	3529.016281994	-0.085814	0.169095	0.088103	0.00886455	-0.00527453	0.00380803	0
4686.905479384	3536.830332419	-0.0780808	0.15516	0.0998631	0.00876383	-0.00497158	0.00391216	0
4677.478012669	3529.680429667	-0.0880803	0.123955	0.119409	0.00925125	-0.00484486	0.00407855	0
4681.496910238	3530.950717834	-0.0878952	0.137153	0.109385	0.00942318	-0.00530054	0.00405458	0
4676.382048588	3530.985073277	-0.0814243	0.119052	0.118561	0.00893147	-0.00503934	0.00410968	0
4665.849915347	3523.487472731	-0.08395	0.126225	0.131465	0.00934876	-0.00489448	0.00409924	0
4680.975307481	3525.319014884	-0.0777177	0.139422	0.114047	0.0092507	-0.00488759	0.00388092	0
4669.871532429	3527.041448296	-0.0867591	0.146216	0.120605	0.00903232	-0.00531674	0.00390832	0
4663.366455298	3529.166306514	-0.0890317	0.136288	0.133472	0.0094461	-0.00513782	0.00402328	0
4666.326374174	3523.419107127	-0.0758616	0.140187	0.111541	0.0095945	-0.00502765	0.00380184	0
4668.047826441	3526.207940377	-0.0695896	0.163824	0.11505	0.00930494	-0.00504059	0.00407868	0
4675.844128748	3522.725265302	-0.07621	0.161112	0.140522	0.00955197	-0.00506369	0.00385525	0
4674.617628001	3524.129695071	-0.0795598	0.179024	0.157178	0.00908795	-0.00498719	0.0038206	0
4669.563683461	3526.718956003	-0.0902216	0.169599	0.153121	0.00885526	-0.00527286	0.00388479	0
4676.102482564	3519.624816104	-0.0960327	0.122711	0.144759	0.0089061	-0.0053261	0.00389247	0
4674.451193754	3523.698094036	-0.0800261	0.0950126	0.102595	0.00859828	-0.00509761	0.0039661	0
4669.688781098	3525.203863728	-0.0814133	0.0926898	0.103142	0.00912455	-0.00533566	0.00376198	0
4676.866665956	3519.821108255	-0.081268	0.0902067	0.0883258	0.00951962	-0.00535078	0.00346473	0
4680.639719472	3526.407340055	-0.0986969	0.163268	0.106868	0.00923171	-0.00554339	0.0037111	0
4677.83154947	3526.169614205	-0.0877768	0.189433	0.141291	0.0091763	-0.00517336	0.00355997	0
4684.497077918	3524.173545737	-0.105669	0.205765	0.144801	0.00978648	-0.00527056	0.00334278	0
4683.869414121	3526.804930929	-0.10697	0.185837	0.12848	0.00954963	-0.00576586	0.00319188	0
4665.153719801	3523.383543201	-0.101508	0.11642	0.154198	0.00877845	-0.0055942	0.00372505	0
4681.232573492	3522.417274803	-0.111296	0.0599548	0.138159	0.00974501	-0.00572504	0.0036696	0
4674.960286747	3524.632769238	-0.124595	0.0406424	0.130988	0.00944228	-0.00616275	0.00331589	0
4660.990687999	3520.338684217	-0.112605	0.109631	0.110407	0.00940798	-0.00587316	0.00366104	0
4667.0383429	3522.234793886	-0.0972081	0.125854	0.077188	0.00993283	-0.00627424	0.0037583	0
4668.977900178	3517.872861182	-0.0887063	0.12007	0.0599702	0.0102819	-0.00594609	0.00381693	0
4666.195837509	3520.082485842	-0.0867277	0.13141	0.068426	0.0101745	-0.00616418	0.00384806	0
4674.356010769	3520.721773296	-0.0884352	0.106725	0.0642817	0.0110363	-0.00605823	0.00392093	0
4689.926315369	3520.553276252	-0.093964	0.155756	0.0945548	0.0108767	-0.00623847	0.00360254	0
4694.349876599	3525.920494087	-0.101747	0.194546	0.120416	0.0101215	-0.00618956	0.00369509	0
4671.515750503	3521.308750704	-0.103991	0.161675	0.11859	0.0102107	-0.00633909	0.00366607	0
4676.39619006	3519.806951741	-0.109154	0.127042	0.109531	0.0104549	-0.00626229	0.00371813	0
4663.222864967	3519.349454644	-0.111289	0.100376	0.108672	0.010248	-0.00632701	0.0035192	0
4665.747661626	3517.691934028	-0.117419	0.0861412	0.110194	0.0105345	-0.00649071	0.00350236	0
4663.54159199	3517.262232037	-0.104938	0.0782687	0.0863471	0.010192	-0.00610908	0.00378674	0
4661.685251836	3512.744059758	-0.106057	0.108033	0.086355	0.0102528	-0.00617489	0.00356752	0
4653.21179058	3512.185050097	-0.106463	0.123437	0.0886119	0.0100448	-0.00643435	0.00390838	0
4661.274605245	3514.577846237	-0.112162	0.156987	0.0895509	0.0101642	-0.00637735	0.00396089	0
4665.283712563	3515.830007161	-0.106807	0.158326	0.102429	0.0111858	-0.007035	0.00380203	0
4673.586932252	3516.995329957	-0.0966767	0.168564	0.0443228	0.0119629	-0.0063497	0.00398206	0
4676.023072759	3519.824733704	-0.100397	0.169582	0.071653	0.0106001	-0.00659491	0.00391037	0
4672.532848683	3522.031941399	-0.0899758	0.125489	0.0502325	0.0113462	-0.00640756	0.00384867	0
4675.950733691	3528.928753304	-0.0950342	0.184627	0.0648797	0.0105871	-0.00642427	0.00399793	0
4685.868800704	3533.782538548	-0.100132	0.17632	0.133832	0.0105451	-0.00618952	0.00366607	0
4680.124099646	3529.868952999	-0.113666	0.105138	0.0998165	0.0103049	-0.00625199	0.00356604	0
4684.834297635	3525.299506518	-0.105413	0.0383076	0.0683922	0.0108164	-0.00608002	0.00361623	0
4683.194974686	3527.816949037	-0.0991536	0.0521781	0.0631101	0.0114986	-0.00583569	0.00357059	0
4679.087964869	3531.268376197	-0.0911414	0.0958439	0.0544509	0.0111749	-0.00597353	0.00369273	0
4685.497859015	3533.385983516	-0.104494	0.151094	0.0483952	0.0122379	-0.00598582	0.00356237	0
4681.927137329	3529.236225882	-0.110994	0.239259	0.0676434	0.0109089	-0.0065198	0.00358838	0
4696.695185344	3534.77142284	-0.105198	0.245873	0.0793472	0.00975538	-0.00645658	0.00379261	0
4686.937569647	3531.946853024	-0.10727	0.202883	0.0585548	0.0100774	-0.00624029	0.0038214	0
4694.404810779	3533.270141799	-0.117725	0.126793	0.0531608	0.010592	-0.00704141	0.00439186	0
4697.062863616	3530.796895225	-0.104526	0.0961452	0.0464375	0.0106324	-0.00618545	0.00400817	0
4704.603531621	3538.074379244	-0.0963189	0.0895753	0.0286563	0.0105444	-0.00631686	0.00403425	0
4695.264721058	3534.161138976	-0.0944265	0.090929	0.0306197	0.0111405	-0.0061574	0.00401534	0
4706.236327737	3535.30505436	-0.0905723	0.098885	0.0361743	0.0117754	-0.00633513	0.00385129	0
4685.370041864	3536.394070093	-0.0847474	0.109538	0.0228151	0.0118943	-0.00629701	0.00385756	0
4684.810909816	3535.284510151	-0.0873222	0.151041	-0.00229934	0.0127437	-0.00600206	0.00349905	0
4676.124238675	3529.833734355	-0.0891909	0.143418	0.0224153	0.012103	-0.00646874	0.00343923	0
4683.373918698	3527.450088157	-0.0898945	0.161485	0.0321763	0.0115202	-0.00607448	0.00390793	0
4659.3415748	3528.550670797	-0.0949769	0.168247	0.0718229	0.0110981	-0.00626392	0.00352286	0
4661.649354253	3527.489450171	-0.110081	0.146525	0.0967191	0.0114066	-0.00635029	0.00345232	0
4654.346915661	3520.996962116	-0.12201	0.121228	0.093938	0.0108756	-0.00671926	0.00378229	0
4649.721566504	3522.121541774	-0.113659	0.0793922	0.0650392	0.0120024	-0.00682853	0.00350763	0
4655.758887253	3517.460423232	-0.112771	0.0846633	0.0463866	0.0117979	-0.00703075	0.00328379	0
4655.64847499	3520.238725417	-0.10754	0.0752986	0.0518491	0.0110399	-0.00658234	0.00386733	0
4642.97825996	3515.494566836	-0.106133	0.102404	0.0512927	0.011652	-0.00664255	0.00353841	0
4647.587292034	3511.361727962	-0.104371	0.13185	0.0338181	0.0111803	-0.0064501	0.00368155	0
4654.619410949	3513.038239024	-0.103987	0.173902	0.0472441	0.0115988	-0.00636886	0.00356584	0
4665.290783299	3514.878931119	-0.0945489	0.162887	0.0131915	0.0124494	-0.00641846	0.0034068	0
4661.805998251	3519.825251625	-0.0896084	0.182366	0.0434364	0.0109285	-0.00650791	0.00333924	0
4664.2502973	3516.544738476	-0.0964772	0.124311	0.0379652	0.0117232	-0.00652391	0.00331553	0
4680.451529114	3519.446823838	-0.093427	0.101027	0.028774	0.0116945	-0.00665805	0.00354185	0
4672.192365549	3522.767907485	-0.102333	0.0933214	0.0338727	0.0119018	-0.0065897	0.00354358	0
4665.500185866	3517.037281577	-0.101271	0.0683176	0.0420278	0.0120588	-0.00689934	0.00327507	0
4672.774341513	3524.775024939	-0.0959935	0.0699333	0.0477312	0.0116355	-0.00608648	0.00343524	0
4670.896789151	3520.532041481	-0.10302	0.0725189	0.0408664	0.011588	-0.00655437	0.0037395	0
4652.250714385	3519.724084343	-0.100887	0.100934	0.0600336	0.0119897	-0.0061064	0.00342252	0
4665.174932009	3522.435919968	-0.102581	0.105537	0.042859	0.0116621	-0.00589736	0.00342952	0
4655.02407461	3519.024718025	-0.0888312	0.119314	0.0314882	0.0117183	-0.00609809	0.00360383	0
4657.567363963	3524.35430025	-0.0899642	0.127637	0.0405765	0.0119066	-0.00594289	0.00338278	0
4661.345312605	3519.486703773	-0.0831001	0.127677	0.0279589	0.0114221	-0.00594654	0.00348246	0
4666.315496118	3520.543608389	-0.0844718	0.137796	0.0344039	0.0113236	-0.00575271	0.0036876	0
4665.291871105	3524.839592454	-0.102284	0.16763	0.074599	0.010856	-0.00583204	0.00352019	0
4668.077197191	3524.71270175	-0.0962139	0.167551	0.0834069	0.0099226	-0.00569716	0.00338605	0
4671.064855107	3524.205484213	-0.10827	0.147383	0.0589759	0.0101296	-0.00574118	0.00344064	0
4673.5178566	3525.126693463	-0.112424	0.118136	0.0411752	0.00955699	-0.00567324	0.00344464	0
4675.618953001	3525.864731234	-0.115681	0.112689	0.0280982	0.00881216	-0.00560894	0.00342892	0
4648.275329039	3519.098608122	-0.118455	0.0740877	0.0268985	0.00922434	-0.00546485	0.00350894	0
4671.022430691	3523.30378333	-0.121985	0.0904227	0.0169675	0.00895621	-0.00567366	0.00346674	0
4668.073933774	3520.705027176	-0.127999	0.136244	0.026907	0.0095296	-0.00558611	0.00322967	0
4672.928265997	3520.468682449	-0.124537	0.132023	0.026868	0.0100265	-0.00557071	0.00324817	0
4687.775179913	3520.580380797	-0.121717	0.146673	0.0257282	0.0102438	-0.00573422	0.0031704	0
4682.653247527	3521.499863643	-0.115367	0.186337	0.0149057	0.0100234	-0.00595941	0.00321957	0
4661.25991987	3520.926697468	-0.115645	0.148755	0.0387703	0.00935444	-0.0057233	0.00318657	0
4662.953089193	3523.259587384	-0.11365	0.154079	0.0521071	0.00975134	-0.00575274	0.00310355	0
4679.759140887	3522.193014905	-0.108879	0.155364	0.0575533	0.00951968	-0.00570343	0.00319679	0
4660.55502188	3524.373290696	-0.108459	0.130688	0.0388088	0.00989553	-0.00588916	0.00333987	0
4663.380596771	3517.239098221	-0.105214	0.0932834	0.0746879	0.0104873	-0.00574871	0.00334551	0
4652.29477051	3515.235260934	-0.106476	0.102932	0.0588892	0.0104452	-0.00584393	0.00345137	0
4668.815817152	3522.668466606	-0.112539	0.115156	0.0584066	0.0106845	-0.00606714	0.0034185	0
4658.72315735	3516.257637467	-0.10646	0.0995444	0.0792253	0.010377	-0.00597547	0.00354503	0
4662.20250337	3517.786368334	-0.111568	0.0975103	0.0574054	0.0105179	-0.00642076	0.00339527	0
4664.845870833	3522.565400279	-0.125635	0.183008	0.100824	0.0099577	-0.0067244	0.00334795	0
4671.622355446	3520.352150169	-0.130008	0.194663	0.151345	0.0100611	-0.00671646	0.00289978	0
4672.427331546	3513.207771911	-0.129149	0.167521	0.119123	0.00963674	-0.00649048	0.0029842	0
4675.624935932	3515.282909689	-0.117499	0.0698798	0.0674094	0.00970695	-0.00645243	0.003107	0
4671.802931166	3519.275391906	-0.109285	0.0580907	0.0489634	0.0106754	-0.00665449	0.00293211	0
4674.764481749	3517.82642091	-0.115451	0.0967615	0.0479809	0.010581	-0.00657276	0.00323688	0
4684.628702388	3522.431949239	-0.100891	0.0889725	0.046774	0.0111965	-0.00612686	0.0030379	0
4686.071132535	3528.900958197	-0.119637	0.184647	0.0484408	0.0114305	-0.00671608	0.00289433	0
4683.710594512	3531.976892456	-0.135438	0.212225	0.0750531	0.009827	-0.0068962	0.0029709	0
4705.07835874	3537.154551117	-0.135213	0.1934	0.057353	0.0102383	-0.00695041	0.00270724	0
4698.778876856	3540.818153346	-0.145607	0.154784	0.0250833	0.00988495	-0.00675899	0.00322903	0
4679.155408813	3536.488331759	-0.137077	0.124878	0.0416933	0.00937252	-0.00691382	0.00358585	0
4703.148047808	3538.173647482	-0.122362	0.0799046	0.0197341	0.0107058	-0.00681405	0.00352939	0
4699.797606744	3538.754237195	-0.123628	0.114557	0.0330489	0.0108794	-0.00713606	0.0038806	0
4697.864576299	3538.343007728	-0.120589	0.0924678	0.0398029	0.011474	-0.007316	0.00344092	0
4702.597074302	3535.594744975	-0.118533	0.169523	0.0568361	0.0106266	-0.00728183	0.00338343	0
4686.037954466	3537.48101414	-0.125974	0.193743	0.0736769	0.0102172	-0.00714077	0.00357445	0
4681.061788022	3537.623960403	-0.129536	0.16935	0.0890538	0.0101853	-0.00730424	0.00358238	0
4687.590252972	3533.046399822	-0.127878	0.148974	0.080303	0.0106821	-0.00712897	0.00364164	0
4678.666440222	3532.754119601	-0.126403	0.130065	0.0834	0.0103188	-0.00693852	0.00353964	0
4669.804088486	3526.66353843	-0.128441	0.0748134	0.0845141	0.0108764	-0.00716463	0.00357089	0
4685.079597785	3525.647376952	-0.120159	0.0715371	0.0621135	0.0106908	-0.00644511	0.00373626	0
4669.422268741	3529.213092066	-0.115253	0.0813639	0.0267844	0.0120061	-0.00683818	0.00357833	0
4660.894961111	3524.667642602	-0.122829	0.109511	0.0767301	0.0118927	-0.00714046	0.0036341	0
4678.068691078	3520.340755902	-0.115445	0.124506	0.0685837	0.0115042	-0.00697094	0.00380941	0
4667.426145575	3516.336016215	-0.105061	0.151239	0.0722604	0.011473	-0.00699312	0.00374907	0
4665.886356832	3513.477608878	-0.115217	0.148814	0.077694	0.0122343	-0.00739657	0.00373655	0
4683.563196862	3514.454926262	-0.11356	0.149812	0.0737979	0.0118405	-0.00723741	0.00402286	0
4671.981875177	3521.768492127	-0.122769	0.178816	0.109199	0.0115153	-0.00739247	0.00398469	0
4649.765078726	3513.096073563	-0.121247	0.139786	0.123743	0.0111742	-0.00720514	0.00366836	0
4672.936424539	3516.153362657	-0.120312	0.0685624	0.0666752	0.0109144	-0.00744813	0.00402694	0
4668.091882565	3512.359589556	-0.108407	0.0356339	0.043378	0.0120779	-0.00670636	0.00386102	0
4676.208543604	3513.262671562	-0.107633	0.0445299	0.0358612	0.012113	-0.00652934	0.00397449	0
4675.096262439	3513.904893903	-0.117569	0.0692513	0.0579234	0.0126009	-0.0067859	0.00402939	0
4675.395952865	3511.463067885	-0.110983	0.115909	0.0699065	0.0124729	-0.00654264	0.00390547	0
4672.139063078	3515.592626592	-0.126652	0.162444	0.0761594	0.0124211	-0.00720769	0.0040254	0
4678.120361841	3519.381393121	-0.130827	0.123276	0.0517525	0.0128744	-0.0073707	0.0038528	0
4687.372691864	3523.487472731	-0.151427	0.0929762	-0.0171063	0.0120157	-0.00813408	0.00383356	0
4681.930400746	3528.822061528	-0.136894	0.108956	-0.0199993	0.012669	-0.007275	0.00391092	0
4688.027550799	3528.803071082	-0.131484	0.129312	0.0350042	0.0116281	-0.00674564	0.00391171	0
4683.167779548	3530.352173519	-0.13417	0.152667	0.0376693	0.0105025	-0.00694663	0.00376476	0
4688.307660725	3533.414469185	-0.133937	0.0693641	0.00768237	0.0120626	-0.00658457	0.0035314	0
4698.047871533	3533.0621101	-0.110934	0.0449785	0.0301247	0.0110922	-0.00662816	0.00380241	0
4691.39702846	3533.982456147	-0.128195	0.0658501	0.0443247	0.0117871	-0.0073322	0.00427367	0
4691.108216089	3529.335321479	-0.11521	0.0680924	0.0389421	0.0121299	-0.00694084	0.00423547	0
4688.627475554	3536.990197443	-0.124089	0.125705	0.0449996	0.0121963	-0.00732661	0.00424582	0
4683.788916511	3530.945020701	-0.134238	0.145353	0.0694217	0.0119589	-0.00710478	0.0041577	0
4709.074956294	3535.853360316	-0.130888	0.199897	0.0731952	0.0121033	-0.00710982	0.00418232	0
4684.493270599	3536.419102953	-0.140751	0.174372	0.0923379	0.0120233	-0.00728622	0.00404982	0
4675.159899063	3532.644147657	-0.14831	0.106542	0.0867581	0.011993	-0.00698308	0.00379548	0
4674.947776983	3528.96863324	-0.137219	0.102103	0.0665869	0.0119822	-0.00670281	0.00371341	0
4660.497368186	3524.462200509	-0.147334	0.0473703	0.062139	0.0115642	-0.00677577	0.00380663	0
4660.395114465	3521.721706575	-0.14781	0.0631492	0.0754186	0.0118752	-0.00683872	0.0037448	0
4660.196046051	3523.787003849	-0.151494	0.0822953	0.0771558	0.0113478	-0.00676289	0.00406009	0
4651.410928508	3518.939088379	-0.148192	0.080464	0.0836073	0.0117392	-0.00701888	0.00391633	0
4674.366888824	3517.251355691	-0.150133	0.129227	0.0615757	0.0118208	-0.00695935	0.00413264	0
4651.620331075	3515.848997607	-0.143569	0.169866	0.0681956	0.0116854	-0.00681519	0.00431925	0
4657.082746595	3516.688720581	-0.142433	0.16734	0.0897135	0.0122088	-0.00728298	0.00407415	0
4669.998805677	3511.579082243	-0.143968	0.165232	0.0652215	0.0120784	-0.00723602	0.00429947	0
4665.654654252	3511.158357554	-0.141333	0.179739	0.0659282	0.0117199	-0.00692552	0.0043306	0
4662.776864696	3509.76842958	-0.134317	0.0966314	0.0747448	0.0122547	-0.00714156	0.00403772	0
4667.067713649	3510.215913533	-0.13458	0.0958362	0.0604287	0.0122461	-0.00722103	0.00421528	0
4656.827656196	3511.826821238	-0.13942	0.0726042	0.0674265	0.0122311	-0.00732029	0.00437533	0
4658.363093716	3510.848640651	-0.130826	0.0592195	0.0780712	0.0125106	-0.00738351	0.00401327	0
4663.749362849	3511.145236883	-0.139645	0.050408	0.0624466	0.0126407	-0.00728718	0.00405408	0
4659.144138094	3511.170615024	-0.143601	0.0936046	0.0693078	0.0125982	-0.00745559	0.0042204	0
4662.198152148	3515.79634228	-0.148174	0.139635	0.12981	0.0125205	-0.00742692	0.00366438	0
4648.193743623	3513.719996019	-0.146492	0.120672	0.0942268	0.0117002	-0.00697668	0.0034205	0
4660.92215625	3514.363772124	-0.130154	0.089705	0.0533728	0.0123586	-0.00697419	0.0035514	0
4666.894208666	3509.162461726	-0.133501	0.108556	0.0417294	0.0125185	-0.00703746	0.00364583	0
4663.421389478	3512.747512566	-0.128607	0.104809	0.0121633	0.0137248	-0.00667088	0.00359253	0
4667.513170018	3514.670208859	-0.142741	0.133456	0.0206735	0.0140277	-0.00757414	0.00359083	0
4677.749420152	3525.728345306	-0.148437	0.179576	0.0277491	0.013268	-0.00742997	0.00391062	0
4679.194569812	3535.717147029	-0.158158	0.197836	0.080876	0.0131593	-0.00765994	0.00375975	0
4688.087380104	3533.013943424	-0.15575	0.176717	0.095572	0.0128099	-0.00756015	0.00355363	0
4674.629593862	3533.494574337	-0.169426	0.154039	0.120579	0.0123692	-0.00769512	0.00356008	0
4678.536991363	3532.551267114	-0.161901	0.130669	0.134611	0.0122745	-0.00717348	0.00363188	0
4690.389720529	3535.387921759	-0.17134	0.106338	0.0988624	0.0127841	-0.00768181	0.00358472	0
4675.515067572	3535.960224732	-0.170183	0.0759119	0.127931	0.0121668	-0.00749425	0.00326569	0
4687.260647893	3532.08272103	-0.172132	0.0629399	0.118134	0.0118015	-0.0077899	0.00351696	0
4658.892311111	3532.113796305	-0.157773	0.0796145	0.0919359	0.0126865	-0.00780033	0.00352463	0
4672.590502377	3528.917359037	-0.144316	0.0879399	0.0633382	0.0132508	-0.00773404	0.00334195	0
4677.801090915	3531.86605731	-0.134097	0.1563	0.0401141	0.0135084	-0.0070615	0.00329332	0
4652.544965784	3526.849126875	-0.134923	0.168578	0.0478617	0.0138211	-0.0072609	0.00335017	0
4673.500451711	3524.842872622	-0.136974	0.180544	0.083681	0.0140583	-0.00726058	0.00349512	0
4668.905017207	3528.811530463	-0.144175	0.181531	0.0933957	0.0136709	-0.0071353	0.00289718	0
4692.144894769	3535.111006535	-0.132324	0.106961	0.0428758	0.0134131	-0.00684632	0.00277226	0
4682.635298736	3530.10685149	-0.127485	0.0732142	0.0283218	0.0137609	-0.00685735	0.00301771	0
4666.372062006	3522.126203065	-0.123758	0.0461331	0.0213831	0.0143235	-0.00712272	0.00308863	0
4672.072163037	3522.50756574	-0.143465	0.020926	0.0347457	0.0132776	-0.00760634	0.00365497	0
4668.277897313	3515.68378073	-0.144509	0.101292	0.0519469	0.011698	-0.00757137	0.00379685	0
4666.638574364	3519.396240196	-0.144397	0.127879	0.0805504	0.0114898	-0.00755176	0.00382481	0
4656.182587511	3513.766954212	-0.145268	0.173787	0.0621615	0.0108555	-0.0078218	0.00358417	0
4672.740075639	3511.878268081	-0.137455	0.156132	0.0540132	0.0109927	-0.00782433	0.00370104	0
4650.885518432	3504.4659519	-0.139438	0.0755496	0.0525691	0.0115627	-0.00756387	0.00378827	0
4674.646454848	3512.927749159	-0.135153	0.0723823	0.0546489	0.0113318	-0.00749067	0.00410084	0
4665.91137636	3504.868031424	-0.14674	0.102012	0.0416165	0.0127564	-0.00787306	0.00387552	0
4674.029125204	3506.59616197	-0.148028	0.113599	0.0553603	0.0115288	-0.00794914	0.00402571	0
4666.760952487	3506.463574132	-0.149084	0.116218	0.0731244	0.0118701	-0.0081913	0.00423549	0
4674.387013227	3511.515723211	-0.139593	0.116039	0.0634109	0.0121783	-0.00860353	0.0040743	0
4673.85562022	3512.633397253	-0.156344	0.154803	0.056881	0.0122564	-0.00872228	0.00416792	0
4666.364447367	3514.514659846	-0.14829	0.117731	0.0535545	0.0125146	-0.00862337	0.00415849	0
4683.165603937	3516.848412964	-0.148151	0.0983407	0.0390977	0.0125842	-0.00873176	0.00410534	0
4678.286252186	3522.048342238	-0.144084	0.113285	0.0415384	0.012747	-0.00840122	0.00404664	0
4678.362398574	3521.197397637	-0.154112	0.119611	0.0219996	0.0142873	-0.00813228	0.00405078	0
4691.333935738	3519.949725364	-0.152643	0.100977	0.0393943	0.0117478	-0.00845478	0.00414613	0
4690.041622757	3524.101899965	-0.153464	0.0970989	0.0262968	0.012522	-0.00857234	0.00410775	0
4664.426521797	3528.171552447	-0.155238	0.0786542	0.0479617	0.0131686	-0.008552	0.00405916	0
4667.79436775	3521.749501681	-0.147203	0.0999556	0.0303413	0.0134914	-0.00852375	0.00404794	0
4655.45593341	3525.984716321	-0.147651	0.0951231	0.0574567	0.0129481	-0.00886821	0.00394397	0
4665.630178628	3523.092644104	-0.144765	0.0900828	0.0280193	0.0133423	-0.00836267	0.00396356	0
4663.836931195	3526.850680639	-0.139217	0.0988247	0.0310368	0.0132791	-0.00867867	0.0041227	0
4658.394640077	3523.624031298	-0.139388	0.122722	0.0478388	0.0136875	-0.00858388	0.00390678	0
4680.224721659	3526.678730786	-0.15077	0.156331	0.0678333	0.012747	-0.00873295	0.00362529	0
4664.148043579	3525.96348155	-0.158974	0.14335	0.0829761	0.012653	-0.00912091	0.00417912	0
4677.308315005	3528.429131945	-0.156703	0.104541	0.0965802	0.0131999	-0.00867163	0.00413079	0
4673.412339463	3524.693883945	-0.156292	0.086079	0.0887801	0.0129902	-0.00842518	0.003916	0
4670.600906044	3519.490329222	-0.158426	0.0316211	0.0808003	0.0131704	-0.00891802	0.00403863	0
4664.125199663	3520.652026569	-0.156337	0.056593	0.0709399	0.0133706	-0.00858616	0.00385421	0
4658.353303466	3516.189789784	-0.159204	0.0854514	0.0782489	0.013245	-0.00876	0.00430245	0
4658.672574392	3515.355936584	-0.164926	0.120866	0.0872525	0.0137946	-0.00877039	0.00425857	0
4666.045720344	3514.780698724	-0.160322	0.135066	0.0784153	0.0138208	-0.00908557	0.00427364	0
4648.764841532	3519.087041214	-0.164151	0.166306	0.0785453	0.014027	-0.00924136	0.0045661	0
4659.614070087	3517.636343814	-0.169526	0.139385	0.0857355	0.0144846	-0.00911231	0.00443976	0
4667.405477269	3513.248169767	-0.161479	0.123165	0.0553027	0.0149521	-0.00911231	0.00456796	0
4647.951162988	3517.609757191	-0.165747	0.120034	0.0600911	0.0148612	-0.00939985	0.00484966	0
4644.428848648	3513.081744408	-0.173899	0.0495791	0.0669303	0.0151281	-0.00925762	0.00433495	0
4657.433563882	3515.348685686	-0.165842	0.0498304	0.0249885	0.0149403	-0.00907892	0.00459821	0
4654.184832636	3516.049087847	-0.165989	0.102681	0.0525786	0.0148826	-0.00908794	0.00456087	0
4658.763406155	3514.654498581	-0.198355	0.137211	0.0999251	0.015479	-0.00867899	0.00448143	0
4655.210089358	3514.454753622	-0.221623	0.111204	0.143564	0.0150818	-0.00886854	0.00482117	0
4664.826290334	3515.589346424	-0.205012	0.0978316	0.151718	0.0158827	-0.00802821	0.00388642	0
4654.117932595	3505.179992652	-0.20257	0.115038	0.182548	0.0151606	-0.00708192	0.00430998	0
4645.140817374	3511.037854545	-0.194901	0.124473	0.106438	0.0160239	-0.00625968	0.00444864	0
4632.074641128	3505.027378526	-0.21362	0.146699	0.0123717	0.0180534	-0.00564566	0.0040728	0
4654.860903779	3510.681006809	-0.24237	0.158815	0.0882397	0.0169598	-0.0072185	0.00273705	0
4671.410233366	3512.994733639	-0.263462	0.0517575	0.121685	0.0170984	-0.00722584	0.00350475	0
4670.170678953	3509.899981575	-0.253103	0.112278	0.0724608	0.0175004	-0.00706428	0.00400295	0
4685.111688048	3511.257453152	-0.266064	0.0845814	0.0783352	0.017881	-0.00738225	0.00383449	0
4681.980439801	3512.871295743	-0.268646	0.119371	0.0412287	0.0178409	-0.00773961	0.0037526	0
4699.159608795	3512.802930139	-0.274744	0.126867	0.061387	0.0184379	-0.00839329	0.00400242	0
4688.053114229	3520.33143332	-0.26535	0.149599	0.0407253	0.0173627	-0.00834179	0.00422533	0
4681.258136922	3516.010416394	-0.269919	0.170582	0.0476381	0.017904	-0.00836193	0.00426339	0
4660.006767887	3516.07981784	-0.253073	0.14491	0.0707795	0.017492	-0.00820457	0.00377506	0
4676.903107441	3518.265963405	-0.253063	0.143081	0.0529187	0.0169947	-0.00785698	0.00406556	0
4671.765401875	3519.510010229	-0.240221	0.10105	0.0493429	0.0180816	-0.00761357	0.00391855	0
4669.980856886	3521.96133147	-0.229854	0.076922	0.0398004	0.0184989	-0.00750153	0.00361917	0
4674.302164395	3520.283957206	-0.236695	0.0843926	-0.00237827	0.019162	-0.00807407	0.00381992	0
4666.932825762	3519.466850126	-0.251678	0.0661257	0.0189572	0.0194005	-0.00866619	0.00376187	0
4668.361114437	3516.4047271	-0.237533	0.059312	0.012035	0.0185137	-0.00841128	0.00361311	0
4666.701667085	3518.500581728	-0.239713	0.0748251	-0.0223491	0.0185128	-0.00851526	0.00357839	0
4656.657414629	3514.115515208	-0.224159	0.0679753	-0.010229	0.0189106	-0.00855684	0.003061	0
4673.883903164	3515.22110442	-0.231272	0.0629896	-0.0326274	0.019068	-0.00866069	0.00332449	0
4664.669102433	3514.255008663	-0.208865	0.0557757	-0.0481814	0.0191706	-0.00823769	0.00340829	0
4664.610904837	3515.768374533	-0.198378	0.0646093	-0.0595084	0.0194111	-0.00798796	0.00282612	0
4669.693676223	3520.70675358	-0.226093	0.0761136	-0.0638477	0.020168	-0.00891834	0.00277178	0
4671.517382212	3521.398351079	-0.237157	0.0552744	-0.0709724	0.0194529	-0.00936787	0.00251876	0
4673.116456356	3519.545746795	-0.249077	0.063838	-0.0654345	0.0189797	-0.00940984	0.00341611	0
4672.613346293	3519.645532954	-0.24625	0.0503409	-0.0572615	0.0191519	-0.00952047	0.0028628	0
4682.866457413	3519.030587799	-0.243352	0.0125505	-0.0775112	0.0195967	-0.00933459	0.0031788	0
4670.477984018	3525.644787346	-0.216055	0.0238567	-0.069951	0.0193371	-0.00861449	0.0029856	0
4678.232949714	3521.257649142	-0.197358	0.0175293	-0.0618171	0.0195692	-0.00827821	0.00290826	0
4673.022905079	3524.429744111	-0.218425	0.0202094	-0.0707171	0.0198628	-0.00874364	0.00333252	0
4637.406519983	3520.292934507	-0.196352	0.0293461	-0.0743503	0.0195794	-0.0086472	0.0031807	0
4637.344515067	3522.593885947	-0.229192	0.0338616	-0.0758647	0.0203682	-0.00877872	0.00382611	0
4653.896564168	3523.925979383	-0.227683	0.051856	-0.0887588	0.0191981	-0.00843886	0.0033137	0
4631.849465381	3520.782370081	-0.222005	0.0154861	-0.0582917	0.0182407	-0.00834314	0.00367136	0
4631.341460193	3522.109974866	-0.209112	0.0229667	-0.0754546	0.0183496	-0.00822175	0.00401711	0
4627.993738643	3518.532347564	-0.198678	0.0130431	-0.0920157	0.0184758	-0.00805191	0.00304489	0
4624.47849504	3512.950365053	-0.185226	0.0131923	-0.0843759	0.0186076	-0.00778339	0.00337578	0
4621.538156665	3516.082062166	-0.173906	0.0360099	-0.0905195	0.0184281	-0.00793345	0.00350698	0
4624.839102577	3510.733834776	-0.183161	-0.00667866	-0.0780164	0.0188546	-0.00805812	0.00325014	0
4625.559773747	3509.908613596	-0.18415	0.0179455	-0.0962834	0.0187803	-0.00837712	0.00378724	0
4610.284808351	3510.807552233	-0.183475	0.00818072	-0.104411	0.0190781	-0.00838702	0.00355971	0
4618.856172105	3504.008627442	-0.183511	0.00827892	-0.100481	0.019545	-0.00852881	0.00329721	0
4620.816941591	3506.528314287	-0.171924	0.00715222	-0.164474	0.0191731	-0.00800991	0.00361592	0
4619.428357819	3501.532273342	-0.162958	0.0493071	-0.115317	0.0195244	-0.00746943	0.00369303	0
4610.721562275	3501.77310672	-0.156468	0.0117773	-0.0969354	0.0184345	-0.00683245	0.00337427	0
4625.497768831	3503.485009066	-0.159341	0.0162459	-0.0868133	0.0177366	-0.00720759	0.00341011	0
4615.982733771	3495.832550069	-0.178519	0.0137199	-0.0649782	0.0186598	-0.00780691	0.00325889	0
4605.799786108	3494.701410075	-0.19799	0.0176849	-0.101843	0.0192118	-0.008752	0.00275077	0
4616.04147527	3492.119572682	-0.205639	0.0570446	-0.0827565	0.0181325	-0.00893889	0.00354728	0
4610.990794146	3491.228920785	-0.209321	0.0379857	-0.0740838	0.0187783	-0.00897911	0.00292153	0
4607.110047881	3493.30699345	-0.219967	0.0544578	-0.101618	0.0187427	-0.00884843	0.00350133	0
4636.692375646	3498.432859987	-0.220229	0.0865966	-0.0603428	0.0184868	-0.00899579	0.00316539	0
4630.534852385	3493.037156483	-0.234822	0.0599684	-0.0498315	0.0189611	-0.00912974	0.00322771	0
4644.015482543	3504.402420227	-0.250561	0.0760059	-0.0209844	0.0188646	-0.00931191	0.00333475	0
4645.236000359	3505.500931182	-0.236793	0.014456	-0.019746	0.0191096	-0.00908526	0.00273384	0
4640.529609689	3504.542776884	-0.265573	0.0139973	-0.0408751	0.0184459	-0.00912584	0.00313521	0
4643.690228686	3505.655099072	-0.248556	0.0543434	-0.032632	0.0188812	-0.00841419	0.00257396	0
4640.595421924	3509.151930661	-0.263869	0.0518435	-0.0324576	0.0180141	-0.00879128	0.0030788	0
4657.568451769	3503.839612477	-0.263046	0.0406381	-0.0220581	0.0181213	-0.00908016	0.00276198	0
4652.433465716	3512.713329764	-0.277781	0.059613	-0.0373023	0.018022	-0.00903467	0.00286922	0
4657.976378847	3511.362073243	-0.267982	0.0563565	-0.0592739	0.0184723	-0.00886993	0.00295928	0
4674.361449797	3512.877338158	-0.26225	0.0918322	-0.0624269	0.0186509	-0.00844721	0.00297271	0
4671.636496918	3514.057508029	-0.253458	0.0869277	-0.0686627	0.0191134	-0.00863199	0.00290019	0
4675.269767423	3517.640314544	-0.263438	0.10178	-0.108846	0.0195443	-0.00903035	0.00298672	0
4649.871139766	3519.121741938	-0.266911	0.0914549	-0.0833893	0.019008	-0.00925257	0.00282368	0
4663.700411599	3518.732610444	-0.248521	0.105604	-0.0971893	0.0190386	-0.00892488	0.00287358	0
4657.474900492	3516.80922359	-0.248727	0.130444	-0.0790115	0.0185279	-0.00913974	0.00351273	0
4658.278788787	3517.386533135	-0.249653	0.110169	-0.0958153	0.0191373	-0.00912606	0.00314714	0
4661.548188338	3518.599504685	-0.278271	0.143538	-0.101453	0.0190953	-0.0100031	0.00346406	0
4660.177009454	3516.080163121	-0.284297	0.0671926	-0.087722	0.018354	-0.00985731	0.00335229	0
4655.327028453	3523.491098179	-0.276287	-0.024828	-0.185132	0.0187384	-0.00957987	0.00339697	0
4656.052594749	3516.959938672	-0.280687	-0.0654324	-0.16873	0.0189918	-0.01053	0.00317434	0
4651.236879622	3506.860474444	-0.259924	-0.0542697	-0.188074	0.0195481	-0.00929234	0.00250342	0
4655.416228508	3509.412790327	-0.280307	0.0384872	-0.197202	0.0203049	-0.00997439	0.00238388	0
4660.93412211	3513.668894457	-0.278116	0.121166	-0.126365	0.01913	-0.00989814	0.00250972	0
4678.899230608	3516.322377622	-0.285286	0.144263	-0.145845	0.0189585	-0.00978721	0.00228746	0
4681.036224592	3518.371274057	-0.284355	0.0481657	-0.218667	0.0191887	-0.0100089	0.00210437	0
4681.146092951	3516.575123189	-0.244606	0.0128988	-0.285825	0.0201518	-0.00917352	0.00192484	0
4660.744843946	3514.53330501	-0.266806	0.0625837	-0.272915	0.0204036	-0.0099723	0.00184012	0
4667.875953166	3516.447541922	-0.257639	0.0743165	-0.236464	0.0200076	-0.00934383	0.00194965	0
4688.536643792	3520.254090414	-0.279341	0.0543476	-0.215716	0.0201687	-0.00970646	0.00194767	0
4670.151642356	3509.163842849	-0.254554	-0.02198	-0.25135	0.0205233	-0.00895258	0.00197475	0
4665.401739464	3514.668655095	-0.234682	-0.0455496	-0.264666	0.0208435	-0.00848167	0.00202755	0
4673.202392993	3519.948689521	-0.266544	0.00244618	-0.229395	0.0215294	-0.00934723	0.00206443	0
4662.192169218	3515.835186373	-0.25478	0.0155421	-0.210572	0.0206939	-0.00893565	0.00220342	0
4657.190439344	3516.048052004	-0.245933	0.0534994	-0.206731	0.020053	-0.00895362	0.00254562	0
4641.563568855	3506.676785043	-0.232682	0.0776505	-0.184748	0.0201583	-0.00842889	0.00236622	0
4672.006350802	3517.028649556	-0.242749	0.0981387	-0.170903	0.0208198	-0.00892987	0.00226842	0
4672.031370329	3519.86875701	-0.258862	0.120763	-0.101594	0.0199175	-0.00914058	0.00183826	0
4661.73311528	3515.970536458	-0.259067	0.0973416	-0.0993443	0.019428	-0.00913927	0.00183799	0
4652.044031333	3515.8797276	-0.260294	0.00736374	-0.139935	0.0196251	-0.00903509	0.00215314	0
4638.287642471	3512.140681511	-0.246161	-0.0209643	-0.164906	0.0198027	-0.00897883	0.00200986	0
4662.187817996	3510.059673958	-0.249014	-0.0726788	-0.166912	0.019906	-0.00953168	0.00221786	0
4646.168249707	3515.972608143	-0.249909	-0.0411716	-0.17037	0.0201978	-0.00940754	0.00199934	0
4636.225163166	3508.549242975	-0.256606	-0.034374	-0.182982	0.0210473	-0.00893264	0.00197852	0
4636.011409378	3503.721008512	-0.246006	-0.0140108	-0.144466	0.0209094	-0.00832691	0.00143122	0
4641.317724803	3511.846156964	-0.226868	0.0874459	-0.210133	0.0209156	-0.00841972	0.00149718	0
4650.412323022	3513.230560445	-0.224296	0.0840832	-0.215102	0.0209282	-0.00842152	0.00155647	0
4649.28100526	3515.186058416	-0.223576	0.0252962	-0.263357	0.0213926	-0.00827325	0.00144116	0
4646.142686277	3515.057096027	-0.230701	0.0444805	-0.22641	0.0213162	-0.00830524	0.00161068	0
4665.467551699	3512.752691779	-0.225423	0.00160882	-0.213534	0.0210535	-0.00791889	0.00138606	0
4656.884765987	3515.470051898	-0.235543	-0.0764762	-0.270084	0.021722	-0.0082397	0.00165905	0
4656.978317263	3509.383268816	-0.217812	-0.0426444	-0.289041	0.0227613	-0.00823195	0.00129346	0
4667.240130827	3507.285342503	-0.224063	-0.0317878	-0.281495	0.0214892	-0.00843091	0.00161401	0
4656.73410492	3512.885797538	-0.218689	0.00681993	-0.285051	0.021643	-0.00816356	0.00141103	0
4648.793124476	3511.493107317	-0.230974	0.090858	-0.210139	0.0206049	-0.00881471	0.00127918	0
4655.061059999	3512.901507816	-0.254366	0.0895591	-0.191797	0.0203393	-0.00924742	0.0014516	0
4638.649337813	3508.09692509	-0.253782	0.0707586	-0.166359	0.0206668	-0.00905922	0.00139202	0
4643.845240976	3509.321636188	-0.261207	0.00362352	-0.207688	0.0206973	-0.00900633	0.00117205	0
4641.028912432	3502.504411514	-0.246169	-0.0055878	-0.219303	0.0210681	-0.00912427	0.00121706	0
4640.555717022	3507.514091052	-0.242044	-0.0516844	-0.24952	0.021401	-0.00937592	0.00136867	0
4643.639101826	3507.758549878	-0.239804	-0.0238289	-0.255478	0.0224476	-0.00906289	0.00130286	0
4636.979012406	3506.336165506	-0.236125	0.000290657	-0.306375	0.0226224	-0.00894438	0.0013819	0
4645.371976052	3511.661259081	-0.23773	0.0473581	-0.225725	0.0217902	-0.00913365	0.00182788	0
4645.109814916	3507.94707321	-0.255743	0.0729634	-0.187	0.0213388	-0.00954312	0.00162343	0
4659.969782499	3515.731256844	-0.277246	0.0802646	-0.194347	0.0210237	-0.00974154	0.00150495	0
4647.657999394	3512.972635666	-0.262621	0.00122118	-0.233671	0.0213599	-0.0093572	0.00113396	0
4642.358754705	3511.140920872	-0.2733	-0.0161597	-0.257822	0.0214454	-0.00948967	0.00143871	0
4658.342425411	3508.389032671	-0.265186	-0.0412198	-0.25342	0.0219627	-0.00949466	0.00156982	0
4648.092033805	3510.466932695	-0.267972	-0.0489446	-0.263273	0.0215954	-0.00960246	0.0018197	0
4646.804072045	3512.785666098	-0.269865	-0.0208264	-0.249484	0.0219258	-0.00954881	0.00164905	0
4649.460493175	3511.954402504	-0.263353	0.00166595	-0.259909	0.0217115	-0.00932463	0.00179868	0
4652.115826498	3515.232498688	-0.277319	0.0248597	-0.240905	0.0217797	-0.00943438	0.00216317	0
4663.537784671	3516.639345423	-0.265923	0.00260824	-0.2396	0.0216965	-0.00933142	0.00163045	0
4657.071324637	3514.584061292	-0.273882	0.0210787	-0.268332	0.0210317	-0.00941541	0.00208346	0
4657.148014928	3515.271688062	-0.268526	0.00408274	-0.262682	0.0211891	-0.00970561	0.00212424	0
4654.681415865	3515.426546513	-0.267208	0.0031611	-0.277158	0.0209478	-0.00973031	0.00217409	0
4651.971148362	3518.029791318	-0.28559	0.0425243	-0.256238	0.0208739	-0.0104045	0.00257348	0
4662.398308368	3522.357713861	-0.283978	0.0690801	-0.173438	0.0204881	-0.00999403	0.00189911	0
4667.421794353	3517.824349225	-0.298998	0.0702345	-0.156334	0.0197197	-0.0101943	0.00223695	0
4661.904988555	3519.24379871	-0.279416	0.0745252	-0.116131	0.0194861	-0.00952048	0.00198663	0
4676.458194975	3521.118155687	-0.27135	0.0459034	-0.0904694	0.0190338	-0.00903795	0.00228546	0
4670.524215753	3519.990986423	-0.267188	0.0602333	-0.0485337	0.0188473	-0.00872827	0.00189813	0
4676.133485022	3521.799567402	-0.254764	0.0392864	-0.0250954	0.0178053	-0.00852211	0.00188177	0
4663.710201849	3515.290505867	-0.250547	0.0740088	-0.0475689	0.0174568	-0.00811146	0.00162995	0
4663.738484793	3514.020908261	-0.257461	0.0878058	-0.0798502	0.0172662	-0.00864592	0.00160241	0
4673.468905351	3514.114824646	-0.238799	0.106911	-0.0911994	0.0178243	-0.008444	0.00114147	0
4688.096082548	3514.809357033	-0.229531	0.124917	-0.112017	0.0188474	-0.00850875	0.000690889	0
4689.022348965	3524.590817618	-0.229852	0.155364	-0.16797	0.0179201	-0.00863191	0.00111042	0
4676.926495261	3518.966192925	-0.237005	0.156078	-0.171272	0.0181396	-0.00881863	0.00112672	0
4672.849943998	3516.217584891	-0.235141	0.124805	-0.163385	0.0183452	-0.00878438	0.000937094	0
4681.703049388	3519.04336319	-0.226666	0.0894645	-0.208692	0.0186716	-0.00874813	0.000592426	0
4662.153008218	3515.632161246	-0.230698	0.0994673	-0.198256	0.0182022	-0.00856462	0.000804345	0
4662.37328884	3516.786952977	-0.243599	0.093162	-0.113119	0.0187468	-0.00881496	0.00017307	0
4657.883915376	3509.973181111	-0.252864	0.0256687	-0.165068	0.0182983	-0.0085666	0.000248555	0
4653.141627123	3509.583531696	-0.252093	-0.0435228	-0.196702	0.0191613	-0.00847253	-0.000132202	0
4648.47004623	3505.45397299	-0.24025	-0.0584778	-0.20666	0.0197276	-0.00841946	-0.000389618	0
4649.239124747	3505.64180576	-0.242322	-0.00874126	-0.227789	0.0199863	-0.00822781	-0.000234858	0
4642.598071924	3503.001443266	-0.25166	0.0281156	-0.201726	0.0206701	-0.00836419	-0.000485253	0
4651.91186296	3505.055346273	-0.241834	0.0736722	-0.186962	0.0199388	-0.00849711	-0.000215168	0
4645.777183615	3502.001337347	-0.25831	0.0480095	-0.216337	0.0204076	-0.00832181	-0.000101869	0
4657.769151891	3500.758844286	-0.266733	0.0524695	-0.208729	0.0199108	-0.00848832	-0.00026279	0
4659.93660443	3505.684965864	-0.260355	0.0590416	-0.27705	0.0206916	-0.00844437	-0.000154268	0
4658.191220441	3506.970273747	-0.2627	0.0943992	-0.223728	0.0196012	-0.00880711	0.000121145	0
4660.198765565	3506.966130377	-0.248831	0.0786473	-0.229419	0.0196815	-0.00842684	-7.93016e-05	0
4658.160217983	3515.569320136	-0.250646	0.021771	-0.225917	0.0193406	-0.00831968	2.00804e-05	0
4657.631000587	3515.087308099	-0.238661	-0.0199593	-0.265789	0.0200138	-0.00811836	0.000203376	0
4680.308482685	3519.312854876	-0.259186	-0.0423413	-0.227801	0.0196758	-0.00892316	0.000245147	0
4664.583709698	3517.85956787	-0.259989	-0.0154317	-0.249978	0.0203876	-0.00898898	0.000315789	0
4681.424571169	3527.010545662	-0.263229	0.0677018	-0.217552	0.0194193	-0.00898624	0.000460018	0
4671.386845547	3524.135564845	-0.276131	0.0811528	-0.218819	0.0198008	-0.00915817	0.000376315	0
4671.646831071	3525.122550093	-0.271222	0.0651271	-0.267788	0.0207242	-0.00947571	0.00014651	0
4678.059444731	3528.804452206	-0.272979	0.0541826	-0.299803	0.0206268	-0.00948301	0.000399782	0
4657.123539303	3525.934995882	-0.228573	-0.0221951	-0.324062	0.0221595	-0.00934092	0.000834838	0
4665.284256466	3528.194686263	-0.24908	0.0847276	-0.276818	0.020557	-0.00941981	0.000419881	0
4669.38473945	3528.568107479	-0.259699	0.0223859	-0.297475	0.0208277	-0.00923562	0.000581385	0
4644.520224314	3530.782566071	-0.269281	0.0344942	-0.25675	0.0209972	-0.0096913	0.000308249	0
4655.193228372	3523.78303312	-0.266929	0.0305496	-0.236312	0.0205981	-0.00919885	0.000312812	0
4649.560571284	3523.181553917	-0.273313	0.00808797	-0.232139	0.0207493	-0.00954308	0.000251704	0
4623.646867704	3522.950215762	-0.265793	-0.0488774	-0.279905	0.0211587	-0.0096759	0.000441333	0
4642.153159458	3517.329043877	-0.253989	-0.0381336	-0.304088	0.0206385	-0.00964732	0.00084947	0
4628.27384857	3511.046659206	-0.253856	-0.00873966	-0.298806	0.0217835	-0.00941763	0.000581818	0
4629.215344265	3511.803169501	-0.261552	0.0377696	-0.289718	0.0214616	-0.0096461	0.000882381	0
4649.199963748	3515.75870667	-0.272749	0.101977	-0.236517	0.020924	-0.00983455	0.00128066	0
4642.359298608	3515.982448647	-0.281402	0.108234	-0.155879	0.0200178	-0.0104812	0.000887434	0
4645.667315256	3512.202141498	-0.290733	0.0660561	-0.190539	0.0197047	-0.00996123	0.000988855	0
4648.134458221	3511.546971126	-0.260679	0.0210425	-0.253147	0.0206706	-0.00955331	0.000377089	0
4653.484285868	3505.805123592	-0.267013	-0.00821775	-0.309324	0.0206068	-0.00975174	0.000443471	0
4645.620539618	3510.400638776	-0.266501	-0.0719988	-0.281053	0.0214417	-0.00918491	0.00066773	0
4649.279373552	3505.904737111	-0.259286	-0.0264514	-0.274765	0.0213043	-0.00913913	0.0005614	0
4652.555299937	3502.361637891	-0.248724	0.0398958	-0.236531	0.0207035	-0.00860714	0.000362822	0
4642.317961997	3499.70970849	-0.235666	0.00872954	-0.248445	0.0207751	-0.00849344	9.80892e-05	0
4655.768677503	3506.198743736	-0.227066	0.0114916	-0.326824	0.0214686	-0.00818016	0.000225189	0
4659.233338148	3505.042743523	-0.231646	0.0742667	-0.301643	0.0205117	-0.00831997	0.000617155	0
4665.360946757	3510.908374234	-0.241431	0.104476	-0.26416	0.0198766	-0.00857572	0.000513311	0
4676.163943577	3518.940296862	-0.249836	0.124025	-0.228309	0.0201218	-0.00903996	0.000458209	0
4665.456673644	3511.282313371	-0.251113	0.075777	-0.23755	0.0193113	-0.00874246	0.000430836	0
4671.593528599	3511.754139623	-0.265551	0.0629405	-0.277237	0.0192764	-0.00875611	0.000562794	0
4662.831254973	3513.429614843	-0.263665	-0.0114864	-0.268405	0.0199898	-0.00836056	0.000619382	0
4664.173063107	3510.299471494	-0.250742	-0.022101	-0.269351	0.0193288	-0.00838102	0.000788379	0
4659.958360541	3508.128000365	-0.252079	-0.0265242	-0.271987	0.0192876	-0.00820467	0.00102554	0
4656.617709727	3507.901496141	-0.238117	0.0401236	-0.278986	0.0197215	-0.00805463	0.000858084	0
4658.076456956	3504.686068428	-0.242087	0.0734837	-0.31906	0.0200411	-0.00814279	0.00105505	0
4659.797909224	3509.834032937	-0.238056	0.0911124	-0.302696	0.0203797	-0.00789168	0.00114445	0
4662.740967113	3510.512682405	-0.231171	0.0850869	-0.319827	0.0204929	-0.00783652	0.000803026	0
4672.594309696	3519.617565207	-0.233199	0.0960365	-0.356914	0.0204929	-0.0079146	0.00096783	0
4653.208527164	3513.231941568	-0.239498	0.0726906	-0.337524	0.0207432	-0.00806822	0.000849497	0
4657.961693472	3517.532414285	-0.224901	0.0276213	-0.337159	0.0216383	-0.00793786	0.000743446	0
4676.686634139	3517.862330116	-0.239494	0.0127117	-0.364852	0.0215376	-0.0080538	0.000731514	0
4662.645784128	3518.110932313	-0.233637	0.00287439	-0.327477	0.0210748	-0.00840191	0.000801397	0
4649.660649394	3512.865080688	-0.231946	-0.0472292	-0.347346	0.021166	-0.00796771	0.00081254	0
4670.511162087	3518.303081094	-0.247457	0.0391937	-0.311477	0.0214938	-0.00868567	0.000634724	0
4654.457327924	3518.549266324	-0.257936	0.0609091	-0.262786	0.0201373	-0.00882931	0.000665884	0
4655.505972465	3511.252101299	-0.280992	0.057928	-0.27943	0.019623	-0.00920339	0.000709499	0
4649.367485801	3514.489454345	-0.262388	0.00858356	-0.284664	0.02029	-0.00894322	0.000767088	0
4655.081728304	3515.787019698	-0.265495	0.00152719	-0.301939	0.0202424	-0.00868847	0.00065959	0
4661.189756412	3515.079711921	-0.254564	-8.95871e-05	-0.300131	0.0207608	-0.00892855	0.00101619	0
4658.654625601	3517.406214142	-0.250612	0.0331503	-0.304157	0.0207947	-0.00849051	0.000705845	0
4669.201988119	3516.944401034	-0.266952	0.0395282	-0.339576	0.0206303	-0.00859354	0.0010128	0
4657.923620278	3516.305113581	-0.252518	0.0459151	-0.334283	0.02144	-0.00802015	0.00100087	0
4671.539682225	3517.844720794	-0.235472	0.0364864	-0.336929	0.0219527	-0.00814393	0.000786373	0
4685.046419716	3515.312085919	-0.235881	0.0130307	-0.367051	0.022194	-0.00822306	0.000667658	0
4670.057547177	3517.052819214	-0.247261	0.042828	-0.34697	0.0218796	-0.00815924	0.000942262	0
4650.770754948	3517.95987195	-0.24693	-0.00598429	-0.340412	0.0219581	-0.00797893	0.00068602	0
4656.329441259	3512.484581216	-0.246535	-0.021569	-0.336399	0.0221324	-0.00802498	0.000946507	0
4650.013098389	3518.863471878	-0.243852	0.00313423	-0.341104	0.0216178	-0.00827084	0.000850202	0
4636.690743938	3516.079127279	-0.248555	0.00877891	-0.338363	0.0224192	-0.00821883	0.00057538	0
4657.890986112	3515.894574676	-0.250871	0.0537295	-0.261399	0.0217494	-0.00800074	0.000723434	0
4651.929267848	3520.791520023	-0.271132	0.0724848	-0.231919	0.0209805	-0.0080176	0.000925859	0
4634.162683862	3514.204079741	-0.276504	0.0577124	-0.221159	0.0207007	-0.00839357	0.000810654	0
4643.56730666	3514.228422039	-0.279711	0.0795244	-0.228753	0.0197017	-0.00807451	0.00107506	0
4639.240560124	3516.605162621	-0.277179	0.0314555	-0.233674	0.0198531	-0.00787402	0.000832722	0
4639.954704461	3510.244917123	-0.273294	0.0328694	-0.21687	0.0201157	-0.00752491	0.000883341	0
4643.963267877	3508.927843403	-0.285547	0.0167206	-0.267494	0.0197958	-0.00789797	0.00130514	0
4649.219544247	3507.301225421	-0.276277	0.0117784	-0.259463	0.019997	-0.00759162	0.00113494	0
4654.475276715	3505.68738283	-0.276478	0.0428227	-0.250013	0.0199779	-0.00743422	0.00133383	0
4654.720032962	3511.215328891	-0.274265	0.0640726	-0.24224	0.0202101	-0.00745777	0.00131282	0
4655.155155178	3510.8855857	-0.273396	0.0910503	-0.241815	0.0206879	-0.00736141	0.00129996	0
4672.365870533	3514.475988393	-0.260405	0.0591142	-0.267775	0.0209834	-0.00719228	0.00131593	0
4673.868129984	3512.909621915	-0.276995	0.0766073	-0.309115	0.021367	-0.00770983	0.0011503	0
4646.786123254	3513.635920138	-0.266656	0.0728244	-0.287563	0.021367	-0.00777815	0.00105549	0
4653.068200249	3514.217200412	-0.262102	0.0187801	-0.288421	0.0210492	-0.00778269	0.000821558	0
4668.773392736	3517.613209999	-0.270967	0.0435228	-0.339341	0.021367	-0.00795474	0.00061371	0
4659.099538067	3517.945024875	-0.273888	0.0712349	-0.286127	0.0202439	-0.00773608	0.000736508	0
4650.676659769	3515.108024949	-0.275774	0.0683447	-0.21733	0.0205187	-0.00763904	0.000410506	0
4657.437915104	3515.601085972	-0.278155	0.00363335	-0.305293	0.0203614	-0.00743369	0.000499374	0
4644.464746231	3512.784457615	-0.266554	-0.00876535	-0.322831	0.0210261	-0.00723191	0.000254379	0
4639.028981946	3506.269698947	-0.265946	-0.0286947	-0.32161	0.0219648	-0.00737673	0.000231479	0
4642.370720566	3505.161520128	-0.270093	0.0170033	-0.335048	0.0216414	-0.00714335	0.000145796	0
4637.763864103	3510.461235562	-0.274259	0.0657121	-0.292776	0.0216535	-0.00750914	-1.79911e-05	0
4629.114722252	3513.761775	-0.287178	0.0910091	-0.270054	0.0210089	-0.00766994	-1.50935e-05	0
4661.670022558	3512.377198878	-0.283587	0.0874827	-0.347356	0.0216917	-0.00797598	-0.000260487	0
4674.543113322	3512.320918103	-0.278859	0.0191348	-0.374583	0.0226891	-0.00806333	-0.000392818	0
4653.858490974	3503.72014531	-0.273342	0.0359545	-0.396663	0.0220751	-0.00730351	-5.31747e-05	0
4651.117221012	3510.365074851	-0.280774	0.0203051	-0.367033	0.0217419	-0.00754547	0.000221321	0
4655.34606505	3510.465896853	-0.274642	0.0618038	-0.332502	0.0213237	-0.00760938	8.22177e-05	0
4672.679158529	3514.296960283	-0.279535	0.0378268	-0.342179	0.0207789	-0.0075563	-2.46731e-05	0
4658.923857472	3515.463491562	-0.288253	0.00709055	-0.342506	0.02148	-0.00786148	7.04846e-05	0
4666.826220819	3518.373000461	-0.263947	-0.0209975	-0.378604	0.0221528	-0.00741994	-0.000128648	0
4678.474986447	3517.978171834	-0.264719	-0.0188084	-0.429572	0.0220143	-0.00731286	0.000128637	0
4658.123232594	3517.198355084	-0.274455	0.0402158	-0.387203	0.0220104	-0.00731167	4.71345e-05	0
4664.351463215	3522.955912896	-0.290805	0.0713173	-0.326844	0.0216532	-0.00767369	-0.000159974	0
4664.242138758	3515.90061709	-0.279171	0.00187024	-0.398748	0.0220491	-0.00752459	-2.84049e-05	0
4655.520657839	3517.127745154	-0.284356	0.0163964	-0.377384	0.022479	-0.00779015	0.000150559	0
4653.642561574	3511.991865474	-0.276655	0.010319	-0.381896	0.0226297	-0.00764906	-9.02099e-05	0
4651.999431306	3516.50485854	-0.282083	-0.0040229	-0.407902	0.0228132	-0.00762009	-3.50707e-05	0
4660.442977909	3518.152020731	-0.29259	0.0790949	-0.346109	0.02218	-0.00778253	0.000128901	0
4654.126091137	3520.432427962	-0.299243	0.0451308	-0.303893	0.0220491	-0.00772552	-0.000261368	0
4648.798563503	3516.047534083	-0.299676	-0.00842736	-0.345307	0.0222367	-0.00738944	0.000150303	0
4637.358112637	3515.261156996	-0.29778	-0.0209131	-0.341008	0.0228091	-0.00768484	0.000206756	0
4643.178960082	3508.044097123	-0.294252	-0.0271819	-0.342714	0.0234256	-0.00738736	-3.38996e-05	0
4649.82273242	3509.040577594	-0.293003	-0.0250136	-0.368901	0.0227262	-0.00753291	4.9738e-05	0
4646.806247656	3513.983963213	-0.294731	0.0375346	-0.346411	0.0227201	-0.00745555	4.69298e-05	0
4651.590960325	3508.787486747	-0.311001	0.0548366	-0.298493	0.0223786	-0.00740078	-0.000149508	0
4638.312118095	3509.048864334	-0.331151	0.0256914	-0.32908	0.021494	-0.00797462	-7.07954e-05	0
4646.589774354	3503.490360919	-0.323769	-0.00333464	-0.336928	0.0226954	-0.00794176	3.72436e-06	0
4659.977941041	3503.084138025	-0.290278	-0.0251611	-0.365902	0.0229564	-0.00747977	-0.000472438	0
4646.935696516	3511.892597236	-0.313086	0.0595245	-0.395793	0.0223415	-0.00793395	9.92815e-05	0
4670.408908366	3520.256852661	-0.327583	0.0721647	-0.28899	0.0218171	-0.00783182	-0.000198218	0
4659.230074732	3513.359522835	-0.309854	0.0461821	-0.29983	0.0208464	-0.00724132	-0.000610471	0
4664.007716664	3514.839569105	-0.32583	-0.0012575	-0.36116	0.0215549	-0.00777275	-0.00060615	0
4659.645072545	3511.41938986	-0.31714	-0.0623161	-0.386894	0.0225326	-0.00740543	-0.000952198	0
4659.719043322	3510.862106603	-0.29436	-0.0241718	-0.429248	0.0225331	-0.00669282	-0.000659524	0
4673.208919827	3523.017890804	-0.298944	0.0378729	-0.350333	0.0223205	-0.00667671	-0.000483311	0
4666.808815931	3524.299745879	-0.315304	0.0977572	-0.297626	0.0223396	-0.00728564	-0.000688926	0
4662.455418159	3522.210106306	-0.352186	0.136299	-0.302318	0.0214472	-0.00798078	-0.000440096	0
4671.607126169	3518.116111525	-0.351983	0.140557	-0.297075	0.0208669	-0.00784725	-0.000396459	0
4675.617865196	3524.903642048	-0.3275	0.0646486	-0.325855	0.0194791	-0.00778223	0.000161751	0
4673.082190481	3523.051037764	-0.332491	0.00678602	-0.345328	0.0211777	-0.00831713	-3.59669e-05	0
4669.364615047	3522.959193063	-0.313642	-0.0139594	-0.329002	0.0212037	-0.00717164	0.000514498	0
4659.092467331	3515.083682651	-0.326339	-0.0600196	-0.351431	0.0226793	-0.00756883	0.000381908	0
4649.458317564	3516.693036591	-0.311778	0.0139526	-0.361131	0.0233301	-0.0074546	0.000462533	0
4678.380347365	3521.554418013	-0.342083	0.0867461	-0.416544	0.0219745	-0.0086236	0.000443842	0
4672.354448575	3525.79653827	-0.31822	0.0565524	-0.409409	0.0221693	-0.00827955	0.0009553	0
4673.738137222	3523.025659623	-0.295356	0.0471548	-0.409628	0.0221154	-0.00780381	0.00126733	0
4678.368925407	3521.21103623	-0.336311	0.0771058	-0.428699	0.0224778	-0.00833119	0.00137594	0
4659.259445481	3524.652277605	-0.313579	0.07354	-0.365045	0.0214723	-0.0083578	0.00144991	0
4676.398909574	3521.678546471	-0.343845	0.0765854	-0.337824	0.0220632	-0.00923702	0.000939759	0
4669.928098317	3520.207304862	-0.341023	0.0539914	-0.32214	0.0211409	-0.00890214	0.0011906	0
4658.472962076	3517.628920276	-0.339341	0.0418825	-0.318408	0.0207446	-0.00869916	0.000783838	0
4648.441763286	3513.680116084	-0.330619	0.0155161	-0.314798	0.0207753	-0.00848803	0.0012778	0
4648.01643132	3513.350718173	-0.338161	0.00214771	-0.30328	0.0203328	-0.00871088	0.00108596	0
4631.587304245	3510.374570074	-0.329292	0.0166773	-0.31327	0.0208503	-0.00836643	0.00112887	0
4648.784965934	3513.54925465	-0.316224	-0.000211981	-0.324762	0.0204119	-0.00794293	0.00146919	0
4626.936391658	3503.248319059	-0.320967	0.0580964	-0.324401	0.0206931	-0.00863724	0.00151223	0
4639.777936061	3505.21210377	-0.332415	0.0724389	-0.340921	0.0206379	-0.00895245	0.00162598	0
4638.006444739	3503.62830061	-0.343514	0.100489	-0.304774	0.0204582	-0.00931405	0.00145066	0
4641.654400618	3502.633028623	-0.340456	0.110453	-0.312816	0.0206972	-0.00960778	0.00124987	0
4654.414359605	3505.129754292	-0.343464	0.0926749	-0.351493	0.0202365	-0.00957795	0.00121142	0
4643.682070145	3511.078252402	-0.32925	0.0675663	-0.35048	0.0206781	-0.00911729	0.00109442	0
4644.019833765	3511.67334391	-0.316957	0.0279126	-0.358293	0.0214123	-0.00885908	0.000907022	0
4643.188750332	3504.962465731	-0.313107	0.0360449	-0.374546	0.02081	-0.00896172	0.00090162	0
4649.178207637	3515.673422305	-0.325975	0.0712243	-0.303073	0.0203166	-0.00965027	0.00103701	0
4644.355421774	3509.563850689	-0.328919	0.0530537	-0.295654	0.0198369	-0.00992454	0.000870644	0
4654.985457514	3508.379364808	-0.330607	-0.0120022	-0.329515	0.0200309	-0.00939742	0.000940034	0
4638.116857001	3506.273324395	-0.300477	0.00212685	-0.352045	0.0209951	-0.00889897	0.00090323	0
4647.368099218	3515.852968336	-0.31411	0.0155199	-0.349657	0.0219585	-0.00921686	0.000879514	0
4640.747170797	3513.855691385	-0.309962	0.000803334	-0.360498	0.0220729	-0.0092974	0.000636861	0
4642.825967185	3513.308939193	-0.318585	0.0749066	-0.398615	0.0221771	-0.0094218	0.000906083	0
4628.936866047	3518.574299184	-0.314951	0.0594891	-0.361402	0.0228335	-0.00943427	0.000591771	0
4656.087404526	3518.984665449	-0.32707	0.104214	-0.327954	0.0225006	-0.0096875	0.000601641	0
4658.785706168	3520.657723702	-0.344361	0.109394	-0.328286	0.0219258	-0.00931694	0.00057164	0
4658.722069544	3521.333783564	-0.33864	0.0273909	-0.319193	0.0213704	-0.00952091	0.000586565	0
4655.651194504	3521.875356543	-0.347876	-0.0296843	-0.364304	0.0219248	-0.00978064	0.00091841	0
4651.670914032	3520.029830516	-0.332653	-0.0538891	-0.361646	0.0225465	-0.0094445	0.000824864	0
4641.051212446	3518.293931152	-0.33152	-0.0456333	-0.349991	0.0229331	-0.0093122	0.000801748	0
4644.107402111	3515.242857113	-0.344566	-0.024659	-0.384921	0.0231106	-0.00940922	0.00111584	0
4628.370663263	3517.539319902	-0.338014	0.0402657	-0.379669	0.0235381	-0.0097025	0.000749223	0
4637.984688628	3515.529958121	-0.344366	0.0918851	-0.302338	0.0222559	-0.0100913	0.00065948	0
4641.9258081	3514.767578052	-0.346455	0.127181	-0.319479	0.021605	-0.00961643	0.000997607	0
4634.726167132	3514.242923834	-0.355938	0.143486	-0.317503	0.0206598	-0.0100908	0.000668727	0
4640.690604909	3510.539269029	-0.348068	0.101093	-0.344291	0.0207988	-0.00999081	0.000397263	0
4638.990908752	3509.359617079	-0.3647	0.037555	-0.360792	0.0212903	-0.0103127	0.000260646	0
4635.730755548	3502.160166528	-0.378609	-0.0168176	-0.339394	0.0210206	-0.0104654	0.000667041	0
4635.514826149	3509.516029294	-0.356971	-0.0508921	-0.337815	0.0216514	-0.0099002	0.000262094	0
4615.121191783	3500.367468468	-0.348504	-0.0566159	-0.357636	0.0217982	-0.00991231	0.00028604	0
4623.581599372	3502.374931203	-0.349481	-0.00766783	-0.386205	0.0219091	-0.00988188	0.000685066	0
4625.802898285	3498.581158102	-0.331806	0.0548902	-0.383233	0.0228926	-0.00994529	3.15071e-05	0
4627.379672416	3500.697556939	-0.30648	0.0958903	-0.391066	0.0229735	-0.00949136	-0.000340633	0
4639.083916126	3498.615513545	-0.336329	0.118346	-0.414172	0.0230812	-0.0099529	0.000353159	0
4644.061170376	3502.069875592	-0.337587	0.121254	-0.41166	0.0238423	-0.0101124	-0.000155802	0
4651.854753169	3504.854392831	-0.341841	0.0852399	-0.416136	0.0233623	-0.0100562	4.96944e-05	0
4641.082214904	3508.307891676	-0.353967	0.0720661	-0.389348	0.0226823	-0.0101844	0.000740393	0
4646.908501377	3504.208199761	-0.343892	-0.001304	-0.381881	0.0228926	-0.00986838	0.000494777	0
4654.222361927	3509.608219275	-0.354204	-0.0437085	-0.425564	0.0227267	-0.0099491	0.000970819	0
4646.368949829	3515.276004072	-0.359765	-0.0579772	-0.39322	0.023082	-0.00999927	0.000964967	0
