4813.466241643	3383.476630151	-0.039475	0.0844732	0.010891	-0.00216095	-0.00172156	0.00122519	1
4694.748825545	3373.137921012	-0.0466181	0.0827899	0.0236953	-0.00221297	-0.00159391	0.000928723	1
4612.613427216	3374.50893594	-0.0473571	0.0602926	0.0235907	-0.00191247	-0.00176033	0.000993321	1
4542.196488087	3375.728809055	-0.03839	0.093741	0.0269908	-0.00205353	-0.0015781	0.000945363	1
4504.192549428	3369.949517928	-0.0478217	-0.00899566	0.0283957	-0.00222331	-0.0020426	0.00116177	1
4468.855479319	3368.153446699	-0.0427868	-0.0127184	0.0429323	-0.00181448	-0.00226945	0.000923667	1
4448.874494098	3373.300282261	-0.0432873	0.114424	0.0315212	-0.00101347	-0.00300803	0.000640796	0
4420.554530421	3373.981943062	-0.0470511	0.117437	0.0537117	-0.00184269	-0.00260853	0.000625448	0
4412.465202197	3370.113802509	-0.0456172	0.110077	0.0419997	-0.00174853	-0.00276908	0.000620483	0
4400.200249673	3372.564768173	-0.0462012	0.0864558	0.0512385	-0.00182146	-0.00308589	0.000677967	0
4399.946824012	3370.126784998	-0.0418051	0.0571508	0.0468247	-0.0016706	-0.00293697	0.000517002	0
4403.485816623	3367.348372116	-0.0565427	0.0683699	0.0528459	-0.0018509	-0.0032014	0.000611088	0
4382.928134647	3365.230303109	-0.0477575	0.0640177	0.0529111	-0.00153957	-0.00346931	0.000484187	0
4379.589239764	3358.697707077	-0.036887	0.0696706	0.0605445	-0.00176664	-0.00343857	0.000472556	0
4390.524297478	3361.601777628	-0.0520168	0.0902335	0.0566618	-0.00177005	-0.00348345	0.000594597	0
4380.141396232	3356.784312616	-0.0451263	0.0886415	0.0565906	-0.00131999	-0.00377602	0.000663404	0
4376.190409948	3355.37034328	-0.0507276	0.0888109	0.0565857	-0.00137908	-0.00362079	0.000427984	0
4378.245187096	3356.113710972	-0.0566586	0.0897653	0.0566697	-0.00163853	-0.00373983	0.000544001	0
4382.239118883	3354.81081404	-0.0518742	0.114268	0.0684528	-0.00160577	-0.0040411	0.000404298	0
4373.120986299	3350.295953212	-0.0452615	0.08721	0.056599	-0.0012655	-0.0038932	0.000494787	0
4386.194352524	3356.712347956	-0.0477343	0.127612	0.0910107	-0.00155582	-0.00467971	0.000668439	0
4378.338157031	3349.205424152	-0.0501486	0.0994466	0.0731796	-0.000381682	-0.00483403	0.000647272	0
4378.161183804	3353.184476832	-0.0459051	0.10261	0.0679739	-0.0012655	-0.0050272	0.000870939	0
4394.499352121	3348.091815113	-0.0404351	0.0993689	0.0837209	-0.00137266	-0.00556478	0.000996476	0
4374.740645273	3350.926004613	-0.0430251	0.0945364	0.0869296	-0.0013033	-0.00562562	0.00116178	0
4396.051525304	3345.675469419	-0.0369538	0.0929746	0.0768649	-0.000869848	-0.00562562	0.00110901	0
4389.033946942	3351.909949042	-0.0357898	0.106756	0.0802471	-0.000956909	-0.00577511	0.00116178	0
4383.865856785	3356.303800253	-0.0377896	0.109803	0.0843402	-0.000971376	-0.00569022	0.00147883	0
4398.35028954	3356.461673728	-0.038758	0.0888174	0.0771031	-0.000375279	-0.00549553	0.00139338	0
4398.731135925	3360.479673873	-0.0455373	0.129193	0.0650804	-0.00100104	-0.00572966	0.00148764	0
4413.385934906	3362.266448999	-0.0466856	0.212214	0.0836216	-0.000933925	-0.0060821	0.00158806	0
4411.271222825	3362.65271811	-0.0497164	0.180084	0.0641365	-0.00093182	-0.00636488	0.00165947	0
4416.374658763	3368.21114665	-0.053565	0.138311	0.0722006	-0.000685659	-0.0063308	0.00155557	0
4418.782438508	3370.393807545	-0.0601615	0.101658	0.0806509	-0.000281944	-0.0065808	0.00160417	0
4409.854493152	3369.073760906	-0.0573367	0.0614016	0.0836401	-0.000617524	-0.00671902	0.00156913	0
4392.272321032	3364.622209745	-0.0640132	0.0196692	0.0687717	-8.51565e-05	-0.0065808	0.00149782	0
4413.88523537	3370.155314417	-0.0706955	0.0504727	0.0621302	-6.57827e-05	-0.0065808	0.00124166	0
4417.15758832	3365.976395522	-0.0579931	0.0942644	0.0683492	0.000379519	-0.00721522	0.00119572	0
4398.351705326	3360.381263403	-0.0415062	0.145474	0.0659502	0.00048028	-0.0071811	0.00132567	0
4400.743911426	3367.183286147	-0.0403277	0.224867	0.0699495	0.000335903	-0.0071811	0.00165947	0
4399.205896102	3363.182275431	-0.0428704	0.216074	0.0831717	0.00081303	-0.00738434	0.00139517	0
4410.624208708	3366.549708638	-0.0455099	0.273695	0.0870108	0.000380475	-0.00763434	0.00140947	0
4406.897388511	3369.131941689	-0.0520722	0.24046	0.11944	0.000141236	-0.00795066	0.00129189	0
4411.832817866	3365.123237646	-0.0497709	0.139892	0.126142	0.000665157	-0.00784217	0.00137991	0
4426.268170045	3367.195146693	-0.0553956	0.0432734	0.0785527	0.000910913	-0.0078233	0.00122133	0
4418.719200075	3359.842249701	-0.0479987	-0.00232443	0.0762077	0.00137357	-0.00822022	0.00126765	0
4415.890931943	3360.629693744	-0.0445105	-0.00926816	0.0653291	0.00138515	-0.00817389	0.00133964	0
4405.970992659	3360.292629868	-0.0415655	0.0628436	0.0818479	0.00146067	-0.0082187	0.00141415	0
4399.194569815	3351.770347218	-0.0367275	0.12649	0.0816068	0.00206495	-0.00837364	0.00129174	0
4394.416764615	3354.746382429	-0.0403523	0.231376	0.103573	0.00110169	-0.00826943	0.0012667	0
4407.697779426	3350.551756325	-0.0432448	0.271769	0.119039	0.00138837	-0.00853982	0.00124296	0
4417.493601487	3355.297897787	-0.0430609	0.232474	0.0754667	0.00131993	-0.00866651	0.00107337	0
4415.944259875	3360.660627328	-0.0460504	0.206322	0.0821445	0.000812057	-0.00951115	0.00127898	0
4414.54168806	3359.260441869	-0.0306516	0.147367	0.0820819	0.00089702	-0.00928265	0.00140947	0
4421.786736009	3358.323779344	-0.0352971	0.113377	0.078606	0.00062142	-0.00946405	0.00165947	0
4425.449373915	3359.965022373	-0.0329286	0.13236	0.0961653	0.000820097	-0.00942979	0.00133827	0
4427.363516338	3356.182470079	-0.0268563	0.136157	0.100702	0.000505328	-0.00954512	0.00140947	0
4426.573035925	3356.507833688	-0.0242232	0.116397	0.0861431	0.000731998	-0.00986076	0.00165948	0
4415.43504891	3354.318761687	-0.0145264	0.0946532	0.0844269	0.00122058	-0.009554	0.00121667	0
4414.204259108	3356.506070634	-0.0139082	0.132425	0.0714415	0.00066569	-0.0101382	0.00143519	0
4407.648226922	3363.514691256	0.00210255	0.165428	0.0853151	0.00113767	-0.00991841	0.00165523	0
4425.808983512	3359.431778666	0.0180545	0.164313	0.0818418	0.00142498	-0.0102654	0.00202181	0
4399.609866988	3370.072450878	0.0130145	0.196389	0.0869975	0.00166217	-0.0102393	0.00172005	0
4407.103149383	3365.697512429	0.020689	0.17309	0.0923988	0.00209101	-0.0107351	0.00177191	0
4422.495572774	3367.056987367	0.0215914	0.167692	0.097682	0.00186048	-0.0107209	0.00186365	0
4404.444775549	3369.797254171	0.0150964	0.152738	0.104835	0.00190426	-0.0109288	0.00169854	0
4406.170618459	3369.039461491	0.0209997	0.139987	0.118612	0.00201211	-0.0111518	0.00194834	0
4402.944514513	3367.692007375	0.0322044	0.147235	0.125392	0.00160681	-0.0114625	0.00200477	0
4388.865940359	3369.215927172	0.0391518	0.138315	0.127908	0.00151118	-0.0117451	0.00196268	0
4389.234988528	3367.15796228	0.0403387	0.128843	0.114569	0.00134304	-0.0119377	0.00205672	0
4389.442165186	3368.08212315	0.0112896	0.120193	0.1288	0.00183742	-0.0132134	0.00183413	0
4365.43940439	3362.429771914	0.0346769	0.0955164	0.110278	0.00230516	-0.0128313	0.00138764	0
4374.271076311	3363.516133755	0.0504777	0.100231	0.0911012	0.00211865	-0.0126287	0.00199606	0
4367.87266828	3359.659052359	0.0599982	0.142229	0.110158	0.00239971	-0.0128472	0.00220866	0
4380.43304811	3361.785936636	0.0418996	0.179031	0.137063	0.00174807	-0.0127806	0.00232704	0
4379.805383065	3364.928981147	0.036009	0.132466	0.130038	0.00220556	-0.0128732	0.00215322	0
4385.465222829	3360.074492001	0.0456519	0.13191	0.116454	0.00293489	-0.0130414	0.00207999	0
4396.054828804	3364.907984776	0.0398506	0.133307	0.127941	0.00287431	-0.0131098	0.00218054	0
4397.023226302	3367.133920634	0.0457335	0.0940004	0.102486	0.00334884	-0.0126156	0.00172982	0
4414.144324175	3359.399082028	0.0398544	0.119068	0.0976005	0.00359703	-0.0126756	0.00180035	0
4407.428308192	3367.840584747	0.0164929	0.190764	0.136446	0.00279829	-0.0131023	0.00122099	0
4407.715240784	3366.52582727	0.0170522	0.181792	0.151151	0.00238094	-0.0132808	0.00166546	0
4402.000185374	3356.865413102	0.023658	0.10403	0.142496	0.00139846	-0.0136409	0.00177437	0
4391.377072468	3359.15177363	0.0348913	0.0753672	0.157901	0.00161579	-0.0133062	0.00161649	0
4400.780721858	3357.585700814	0.055001	0.083528	0.168834	0.00192345	-0.0132397	0.00161649	0
4394.647065774	3355.537032025	0.0504533	0.134436	0.163066	0.00183718	-0.0131815	0.00172162	0
4388.014581155	3349.620382961	0.0562011	0.138926	0.173761	0.00236784	-0.0131838	0.00178558	0
4382.6799002	3347.814855352	0.0665096	0.156325	0.172098	0.00242666	-0.0136257	0.0019535	0
4379.434447181	3350.709309244	0.0621169	0.170262	0.169227	0.00196126	-0.0135896	0.00207199	0
4388.957966437	3351.980310926	0.0631324	0.141807	0.180513	0.00290243	-0.0137712	0.00203797	0
4391.576698268	3348.74590816	0.0810862	0.141801	0.164444	0.0026653	-0.013749	0.00200379	0
4392.269961389	3349.657727651	0.0743062	0.12344	0.169904	0.00267205	-0.0135427	0.00184603	0
4392.09723552	3354.193104017	0.0782626	0.0756807	0.189076	0.00329323	-0.0138429	0.00154603	0
4386.581333981	3354.004457236	0.0776501	0.0842242	0.16399	0.00259847	-0.0140296	0.00173583	0
4396.364413969	3348.069536521	0.0708164	0.1132	0.169891	0.0031011	-0.0138819	0.00182787	0
4387.008429368	3349.32915849	0.0785439	0.0860339	0.177953	0.00285729	-0.0139529	0.00161649	0
4373.761865345	3351.110965009	0.0740778	0.0997292	0.179333	0.00232615	-0.0141698	0.00204978	0
4391.247292101	3355.372907722	0.0818455	0.117273	0.18004	0.00251768	-0.0146701	0.00215561	0
4375.561801046	3357.528321419	0.0834005	0.127054	0.189691	0.00254306	-0.0142043	0.00220255	0
4391.605485913	3357.70751182	0.0759729	0.152943	0.186587	0.00235405	-0.0147028	0.00215093	0
4391.596991198	3362.759302741	0.0745236	0.132966	0.177749	0.00264778	-0.0143369	0.00183289	0
4376.775601419	3364.96953139	0.0634522	0.126385	0.16538	0.00272826	-0.0143711	0.00218216	0
4388.433181828	3370.219104918	0.0697707	0.123643	0.165313	0.00293456	-0.0146426	0.00203419	0
4409.278740254	3365.63019582	0.0772407	0.12429	0.141087	0.00310051	-0.0141064	0.00196406	0
4397.142624239	3376.250993605	0.0625003	0.106895	0.155944	0.00251439	-0.0145113	0.00206512	0
4410.461865267	3372.479500468	0.0611742	0.129206	0.149344	0.0035787	-0.0143549	0.00161649	0
4401.380071186	3371.961643415	0.0672533	0.116155	0.147377	0.0035229	-0.0140954	0.00189703	0
4404.277240894	3371.73997944	0.0688909	0.122955	0.164162	0.0029282	-0.0141328	0.00221047	0
4395.712208636	3368.118826729	0.0745824	0.158487	0.155157	0.00317201	-0.0139081	0.00189609	0
4413.778579506	3380.656224527	0.0667812	0.201877	0.15295	0.00286861	-0.013941	0.00242704	0
4416.570509135	3378.793317523	0.0736203	0.244162	0.209798	0.00277353	-0.0139084	0.00244038	0
4432.019563959	3376.970479928	0.0680141	0.238506	0.26111	0.00321083	-0.0137558	0.00225815	0
4428.036958458	3380.101663895	0.0792564	0.174205	0.286463	0.00256074	-0.0137325	0.00264255	0
4410.215990464	3367.101865106	0.0743114	0.160208	0.285423	0.00308413	-0.0137929	0.00290252	0
4402.951593442	3364.303577798	0.0693423	0.114567	0.229454	0.00308172	-0.0133524	0.00283618	0
4392.731979494	3357.525756977	0.0700909	0.0862502	0.225529	0.00334858	-0.0137027	0.00290036	0
4381.017767652	3365.92622862	0.0748255	0.106487	0.195993	0.00324186	-0.0138743	0.00262089	0
4387.992872439	3354.296483095	0.0623926	0.133625	0.224841	0.00382185	-0.014101	0.00276944	0
4390.997169941	3359.197292479	0.077329	0.189234	0.207059	0.00374341	-0.0144232	0.00282215	0
4386.417102826	3357.371890443	0.0790499	0.230125	0.175733	0.00334324	-0.0144494	0.00295156	0
4394.518701194	3357.482802569	0.0736213	0.230241	0.207927	0.00328031	-0.0139969	0.00331094	0
4395.211964315	3359.986179021	0.0660258	0.223151	0.246804	0.00373166	-0.0138333	0.00323787	0
4395.673510491	3358.832019739	0.0537057	0.217386	0.27791	0.00363627	-0.0142835	0.00324776	0
4390.054256587	3353.637261164	0.0455341	0.111975	0.279622	0.00423977	-0.0145951	0.00318022	0
4396.636244846	3354.166017096	0.0405847	0.0549063	0.214293	0.00399857	-0.0147702	0.00319451	0
4395.165715311	3352.564202367	0.0443857	0.0141451	0.228642	0.00467103	-0.0148715	0.00286205	0
4391.834843215	3348.638361864	0.0641778	0.0121941	0.194891	0.00519607	-0.0146604	0.00290633	0
4378.790264635	3348.746709548	0.0639941	0.0944734	0.194867	0.00510032	-0.0150824	0.00291358	0
4382.245253955	3346.130818193	0.0624657	0.157735	0.220118	0.00560806	-0.0152701	0.00257762	0
4359.875366134	3346.827865647	0.0445953	0.244079	0.228468	0.00564653	-0.0153374	0.00252412	0
4384.535523476	3351.330064542	0.0637509	0.206938	0.221704	0.00523106	-0.0155526	0.00304463	0
4397.301192251	3351.332789262	0.0803761	0.157974	0.17543	0.00519984	-0.0151241	0.00299219	0
4380.72092456	3355.387813543	0.078533	0.14636	0.176469	0.00482471	-0.0153284	0.00260232	0
4407.947429658	3362.889608462	0.0950526	0.0948965	0.181284	0.00469114	-0.0149333	0.00308864	0
4396.53666791	3359.169564448	0.088873	0.0886785	0.16812	0.00439733	-0.0150755	0.0027902	0
4407.890326297	3365.534670347	0.0860965	0.120066	0.181862	0.00450599	-0.0146853	0.00284109	0
4416.938613447	3369.474615282	0.0839369	0.128816	0.230136	0.00369285	-0.0147764	0.00276376	0
4407.29711204	3375.98172717	0.067094	0.116976	0.232719	0.00348246	-0.0146865	0.00270839	0
4402.892602366	3371.605346222	0.0615423	0.0841742	0.187562	0.00432725	-0.0149364	0.00264647	0
4410.147560816	3374.29913251	0.0696252	0.113257	0.194324	0.00402711	-0.01553	0.00265176	0
4401.716556282	3373.542141219	0.0932294	0.0986304	0.20296	0.00402711	-0.0152935	0.00279525	0
4398.32669311	3376.334177699	0.085395	0.146212	0.200633	0.00515439	-0.0154899	0.00250619	0
4384.51051126	3374.373501335	0.0748872	0.211447	0.224703	0.00456297	-0.0151704	0.00291586	0
4385.722423919	3376.21941891	0.0879945	0.166635	0.225459	0.00448318	-0.0149617	0.00291009	0
4386.609177768	3377.06680679	0.088006	0.140312	0.189199	0.00435786	-0.0150955	0.00286893	0
4387.733783635	3379.465361666	0.0923945	0.115353	0.205912	0.00467389	-0.0155898	0.0029207	0
4387.781920352	3374.909149206	0.111017	0.106018	0.207957	0.00519159	-0.0152557	0.00294105	0
4378.045561296	3373.617952542	0.113085	0.0897127	0.184433	0.00484046	-0.0155356	0.00290199	0
4370.933125285	3372.91257065	0.118209	0.105104	0.206595	0.00545469	-0.0157524	0.00280051	0
4362.244919661	3367.442615368	0.11563	0.114175	0.191767	0.0051149	-0.0154914	0.00297764	0
4364.403521102	3365.626349157	0.114055	0.113378	0.203675	0.00469862	-0.0151369	0.0027235	0
4362.922609138	3365.77957458	0.11936	0.107846	0.211078	0.00464432	-0.0150156	0.00304127	0
4361.92731171	3356.780465953	0.120655	0.100001	0.19332	0.00462925	-0.0147324	0.00317633	0
4359.464788247	3360.916109886	0.123852	0.107666	0.203833	0.00468624	-0.0150185	0.00305755	0
4353.235330657	3360.601645157	0.118513	0.108343	0.207782	0.00449106	-0.0152749	0.00307558	0
4366.982139001	3361.596488466	0.12848	0.107818	0.191203	0.00464707	-0.0149123	0.00300423	0
4355.106527577	3358.233382755	0.116044	0.108789	0.216175	0.00437346	-0.0154503	0.00264189	0
4360.625260688	3350.981941509	0.118165	0.107609	0.198982	0.00471993	-0.0157314	0.00261811	0
4370.427689749	3352.306796478	0.0919077	0.108868	0.174473	0.00435166	-0.0159416	0.00254394	0
4361.571477541	3349.355604301	0.0956222	0.089408	0.189785	0.0049128	-0.0160415	0.00267495	0
4361.65642469	3352.089139443	0.103929	0.0898756	0.194097	0.00476719	-0.0156452	0.00262506	0
4373.490506397	3353.083181364	0.0720692	0.122737	0.173852	0.00494953	-0.0161103	0.00225997	0
4372.645282265	3347.454711496	0.0738877	0.113306	0.199199	0.00526995	-0.0161064	0.00194707	0
4370.533401756	3345.220280923	0.0876943	0.134474	0.176001	0.00433803	-0.0157167	0.00265613	0
4374.405104034	3350.631254034	0.0785828	0.13067	0.194861	0.00465323	-0.0162477	0.00271881	0
4364.424757889	3345.200566773	0.0923921	0.128655	0.192319	0.00523547	-0.0164382	0.00254269	0
4362.497873393	3344.744897444	0.0848919	0.132217	0.196172	0.00420311	-0.0162663	0.00274543	0
4375.380580462	3347.826395342	0.0952646	0.102862	0.207252	0.00418655	-0.0164456	0.00288137	0
4375.461752182	3348.066811801	0.100007	0.0835236	0.195771	0.00419474	-0.016198	0.00308296	0
4382.664798485	3346.461951796	0.0967281	0.0998258	0.195993	0.00378284	-0.0161397	0.0029866	0
4366.085474651	3344.000728364	0.0987464	0.103598	0.203125	0.00419255	-0.0163545	0.0030172	0
4386.023514369	3356.495812865	0.0823323	0.149752	0.225288	0.00442598	-0.0162644	0.00290135	0
4397.817010216	3364.493987633	0.0706454	0.194809	0.318945	0.00398764	-0.0160364	0.00327795	0
4382.207027738	3355.6432961	0.0654015	0.191738	0.329239	0.00338501	-0.016042	0.00361886	0
4389.503987833	3357.375256273	0.0686681	0.218125	0.354715	0.0033032	-0.0164078	0.00333186	0
4370.659878623	3350.750180042	0.0740438	0.183414	0.364638	0.00341631	-0.016394	0.00326855	0
4377.405626107	3352.998234215	0.0651855	0.178493	0.35421	0.00270239	-0.0165271	0.00321886	0
4372.743915344	3348.463498959	0.0624881	0.175119	0.330095	0.00294294	-0.0166318	0.00350832	0
4371.684435625	3354.823796529	0.0443608	0.17694	0.304482	0.00239925	-0.0170297	0.00350832	0
4382.274513528	3359.167801394	0.0487016	0.185806	0.299563	0.00236052	-0.0168626	0.00342481	0
4379.567531048	3356.282162771	0.050106	0.201785	0.29863	0.00269791	-0.0169917	0.00316131	0
4380.692608843	3357.97437409	0.0370579	0.252227	0.289422	0.00244885	-0.0171419	0.00323318	0
4395.393184899	3355.139383201	0.0571592	0.213844	0.287308	0.00325838	-0.016716	0.00318163	0
4405.90964194	3362.202017388	0.053597	0.196168	0.254547	0.00370859	-0.0178745	0.00277755	0
4407.050293379	3367.438127594	0.0542636	0.157612	0.19139	0.00422577	-0.0176288	0.00292597	0
4394.767407569	3364.891155624	0.059198	0.156107	0.217416	0.00466529	-0.0173895	0.00255232	0
4383.196662023	3362.871817644	0.0624478	0.154783	0.223752	0.00505793	-0.0174541	0.00215459	0
4374.384811104	3361.512182427	0.0592389	0.158829	0.222296	0.00386169	-0.0175497	0.0025748	0
4387.025890727	3355.489109011	0.0746438	0.14375	0.227997	0.00495235	-0.017364	0.00203174	0
4373.981312147	3355.086331303	0.0609183	0.137159	0.233103	0.00478534	-0.01747	0.00203174	0
4390.878715861	3356.867015878	0.066507	0.14654	0.235523	0.00408306	-0.0172658	0.00244302	0
4391.313834035	3357.169139229	0.0741128	0.111745	0.244541	0.00454308	-0.017268	0.00243784	0
4373.626421836	3354.804242657	0.0729285	0.103069	0.226776	0.00395544	-0.0169838	0.00254564	0
4385.519966547	3353.120526054	0.0716271	0.0945248	0.226211	0.00412219	-0.0174418	0.00248493	0
4389.571945552	3361.504008268	0.0711097	0.134538	0.270395	0.00445398	-0.0176828	0.00222705	0
4399.980802872	3364.122624343	0.0565201	0.172169	0.307211	0.00348685	-0.0172695	0.00258059	0
4381.971535364	3350.844904127	0.0702461	0.202335	0.315999	0.00343361	-0.0173667	0.00284645	0
4388.139642235	3353.247145389	0.0542016	0.150183	0.281003	0.003814	-0.0179303	0.00274476	0
4397.742445496	3354.783727119	0.0480154	0.118586	0.260226	0.00421624	-0.0180386	0.00249849	0
4393.532842337	3356.510077575	0.0462535	0.118335	0.235776	0.00428199	-0.0177316	0.00257099	0
4396.838702217	3363.57078843	0.0564012	0.131071	0.234332	0.00411629	-0.0177575	0.00240946	0
4389.560619266	3360.758877521	0.0502787	0.12789	0.208874	0.00545096	-0.0178856	0.00215667	0
4395.226594101	3364.32313167	0.0469136	0.166571	0.197239	0.00533902	-0.0177534	0.00228012	0
4393.074127733	3364.036875805	0.038445	0.190929	0.205278	0.00538952	-0.0180243	0.00227346	0
4401.634440705	3366.824103957	0.0477386	0.198499	0.223	0.00524007	-0.0176293	0.00227346	0
4395.872192434	3365.748160163	0.0502304	0.171279	0.205291	0.00513583	-0.0177963	0.00209255	0
4397.161501383	3367.93274439	0.0582978	0.167573	0.23339	0.00448597	-0.0175972	0.00217294	0
4405.708128426	3363.51917903	0.069954	0.113752	0.238052	0.00483367	-0.0171963	0.00243781	0
4397.742445496	3368.111934791	0.0534738	0.114927	0.220991	0.00533548	-0.0177456	0.00183353	0
4381.676579985	3368.077635376	0.0708008	0.103456	0.233594	0.00484425	-0.0176646	0.00232642	0
4395.830662716	3363.132429085	0.0779147	0.0904445	0.225251	0.00473196	-0.0176621	0.00248859	0
4380.557637262	3370.838577995	0.0737649	0.1061	0.231721	0.00492388	-0.0177429	0.00183353	0
4375.192752877	3366.013579934	0.081658	0.144585	0.260964	0.00457031	-0.0177478	0.00183353	0
4369.349804814	3360.261375728	0.071797	0.183475	0.290117	0.0039042	-0.0181472	0.00253426	0
4374.563200117	3355.936764458	0.0701364	0.161972	0.275866	0.00308142	-0.0183527	0.00236799	0
4378.184308306	3356.466802612	0.0678815	0.122862	0.220729	0.00321897	-0.0178575	0.00245747	0
4366.073676436	3357.547394458	0.0812757	0.144695	0.210873	0.00299147	-0.0181834	0.00210407	0
4368.482871966	3357.623526337	0.10013	0.11415	0.227907	0.00343619	-0.017764	0.00210407	0
4367.537127041	3352.763106917	0.102186	0.124349	0.200944	0.00315293	-0.0179087	0.00254494	0
4377.451403182	3351.854813534	0.112094	0.135917	0.219718	0.00372689	-0.0178621	0.00233366	0
4376.965316718	3353.36863584	0.112435	0.142553	0.18596	0.00360573	-0.0175291	0.00247597	0
4380.846929497	3358.080638165	0.104358	0.160365	0.205622	0.00381281	-0.0179392	0.00212001	0
4368.59660676	3352.234350985	0.106616	0.139349	0.20866	0.00455398	-0.0183333	0.00202707	0
4388.274141888	3363.773219088	0.0817075	0.151321	0.187625	0.00403453	-0.0187978	0.00202707	0
4385.791325495	3362.779818278	0.0929276	0.152549	0.221184	0.00318868	-0.0189532	0.00202707	0
4403.541976127	3361.145467188	0.10249	0.116051	0.203708	0.00314994	-0.0187923	0.00225541	0
4383.319835389	3362.16723714	0.0999192	0.132223	0.224023	0.00293713	-0.0191225	0.00259004	0
4392.518195836	3360.528237998	0.123986	0.125438	0.228635	0.00342677	-0.0187358	0.00249061	0
4383.710592274	3360.002367063	0.106449	0.169365	0.25284	0.00191859	-0.0187607	0.00262472	0
4394.726821708	3357.924207188	0.104287	0.209049	0.237963	0.00262131	-0.0186874	0.00263362	0
4397.195008314	3359.122442822	0.0953986	0.163556	0.221339	0.00215323	-0.0186703	0.00334827	0
4388.839984286	3355.062289657	0.0934471	0.0410302	0.229507	0.00290122	-0.0193327	0.00394175	0
4367.21621559	3346.49160316	0.111683	0.0835735	0.260169	0.00273398	-0.0189473	0.00441225	0
4365.055726434	3351.867956301	0.106666	0.148635	0.234026	0.00332024	-0.0187943	0.00392686	0
4373.096917941	3354.409639108	0.0959061	0.18287	0.211904	0.00285475	-0.0192833	0.00337502	0
4385.423693112	3361.339723687	0.107601	0.176618	0.233226	0.00277341	-0.0190492	0.00370397	0
4386.27033303	3360.152226656	0.113758	0.159841	0.211621	0.0030093	-0.019044	0.00374225	0
4395.484739049	3362.17813602	0.120824	0.185093	0.229062	0.00321536	-0.0189662	0.00392686	0
4404.715662569	3365.195202306	0.125892	0.172043	0.233808	0.00355189	-0.0191096	0.00392686	0
4428.753346081	3367.264066078	0.139358	0.15622	0.210601	0.00409796	-0.01885	0.00392686	0
4425.633426071	3365.033482168	0.145481	0.11812	0.178251	0.00461631	-0.018729	0.00392686	0
4411.541165988	3368.885434679	0.139892	0.134171	0.202298	0.00412085	-0.0190383	0.00392686	0
4385.438322898	3365.284957785	0.140683	0.108267	0.201478	0.00486174	-0.0191691	0.00361495	0
4373.324859457	3358.030310986	0.125254	0.147127	0.193089	0.00537574	-0.0196909	0.00331517	0
4378.072933155	3355.873294513	0.131785	0.136942	0.213094	0.0049626	-0.0195037	0.00394685	0
4374.670327911	3350.200748294	0.156514	0.124709	0.244532	0.00429241	-0.0190464	0.00414395	0
4369.438527392	3349.666542921	0.161299	0.156399	0.239034	0.00417024	-0.0189067	0.00428623	0
4384.919673361	3354.67842471	0.157527	0.214447	0.303075	0.00364258	-0.0194007	0.00419122	0
4370.09214851	3351.25826016	0.166892	0.215823	0.333038	0.00365269	-0.0194229	0.00411361	0
4367.140707013	3349.170163072	0.157743	0.170811	0.313811	0.00331415	-0.0191863	0.00432477	0
4369.90951214	3342.418627784	0.15754	0.128947	0.319123	0.00380824	-0.0189908	0.00413679	0
4374.946406145	3345.541156757	0.158402	0.104274	0.267364	0.00375122	-0.0190045	0.00417335	0
4377.961558004	3346.39992435	0.158536	0.116185	0.24981	0.00425677	-0.0190538	0.00407873	0
4375.18473009	3339.920059661	0.170065	0.129048	0.267768	0.0049401	-0.0193828	0.00387673	0
4380.181510164	3347.240099736	0.165832	0.144867	0.229661	0.00437131	-0.0191724	0.00404617	0
4377.324926316	3343.879077635	0.182502	0.165267	0.23533	0.00462143	-0.0191185	0.00395187	0
4384.975832865	3343.37692779	0.180324	0.180827	0.253222	0.00481693	-0.0192384	0.00395187	0
4381.151323448	3348.70583875	0.174477	0.171214	0.208797	0.00448713	-0.0196175	0.00395187	0
4392.56727641	3348.472634784	0.184172	0.155648	0.215869	0.00485924	-0.0195031	0.00395187	0
4388.48981326	3345.701754952	0.183148	0.135848	0.175937	0.00525547	-0.0195367	0.00395187	0
4404.164921886	3350.338907619	0.184065	0.144666	0.216311	0.00443663	-0.019454	0.00417167	0
4386.246264671	3354.794946554	0.181336	0.117013	0.22661	0.0053352	-0.0196691	0.00395187	0
4384.160340235	3352.368182814	0.177596	0.176077	0.268076	0.0037503	-0.0191254	0.00395187	0
4390.824916	3357.684271562	0.180382	0.179519	0.305305	0.00348587	-0.0200046	0.00395187	0
4372.907202641	3351.474474695	0.180145	0.137422	0.254719	0.00435957	-0.0202841	0.00395187	0
4381.302340601	3358.895169129	0.16056	0.158251	0.239214	0.00443953	-0.0206374	0.00395187	0
4390.623874414	3357.465973417	0.179299	0.0993014	0.261553	0.0047993	-0.02028	0.00395188	0
4384.795556138	3357.767776212	0.188915	0.155546	0.247762	0.00398804	-0.020177	0.00440505	0
4393.767862782	3357.358427121	0.204709	0.158642	0.246926	0.00425829	-0.0199221	0.00450322	0
4375.981345576	3358.562272471	0.208083	0.19807	0.266825	0.00400277	-0.0201511	0.00451092	0
4387.123108019	3361.949900661	0.183115	0.235459	0.277846	0.00467756	-0.0205086	0.00432942	0
4389.518145691	3366.574391395	0.185865	0.209918	0.283487	0.00485065	-0.0202044	0.00478647	0
4393.554079124	3362.10953719	0.173346	0.143139	0.246212	0.00419246	-0.0202376	0.00481496	0
4401.260201321	3365.025308008	0.189455	0.0830719	0.261843	0.00467387	-0.0200769	0.00454368	0
4396.057660375	3364.347654148	0.19356	0.0787536	0.229261	0.00423316	-0.0202285	0.00450015	0
4392.487048548	3365.839197862	0.195423	0.069769	0.236975	0.00492567	-0.0205496	0.00454969	0
4387.692253917	3360.18860968	0.213114	0.111691	0.238736	0.00502049	-0.020286	0.00434102	0
4387.6441172	3365.366378825	0.203227	0.145664	0.229297	0.00453492	-0.0206956	0.00452301	0
4393.221369457	3360.197585228	0.216742	0.183779	0.250599	0.0049895	-0.02039	0.00429774	0
4402.727427355	3359.225341066	0.215859	0.144609	0.249174	0.0055643	-0.0205189	0.00435417	0
4375.528294115	3364.384678283	0.209474	0.154766	0.243087	0.00470447	-0.0207968	0.00452	0
4383.973456507	3363.205195134	0.215903	0.157014	0.272391	0.00480722	-0.0205382	0.00395188	0
4380.746880633	3363.563736213	0.21831	0.174119	0.335795	0.00471622	-0.0204217	0.00395188	0
4375.603802692	3360.146296383	0.202825	0.145892	0.332804	0.00457494	-0.0211655	0.00413556	0
4365.702268624	3355.655637478	0.205953	0.0516437	0.297626	0.00524107	-0.0210501	0.00427974	0
4379.217360023	3355.169515398	0.214011	0.0646138	0.2558	0.00472066	-0.0202863	0.0045094	0
4378.585919549	3355.867684795	0.218252	0.0941649	0.269023	0.0047417	-0.0208205	0.00424897	0
4361.596017829	3348.81178227	0.215106	0.117904	0.253882	0.00593805	-0.0205017	0.00395188	0
4351.088527431	3353.018749753	0.200366	0.193691	0.263559	0.00588027	-0.0206388	0.00442027	0
4370.644304979	3351.00021316	0.202296	0.198936	0.257805	0.00630321	-0.0209823	0.00442027	0
4363.846645347	3351.667609251	0.19156	0.199351	0.261433	0.00617465	-0.0208269	0.00442027	0
4385.957916293	3353.533080698	0.193158	0.199384	0.261205	0.0061738	-0.020984	0.00442027	0
4393.800425856	3354.715929678	0.191573	0.162237	0.262919	0.00672846	-0.0212252	0.00392899	0
4382.995148509	3358.073265393	0.187907	0.169357	0.240364	0.00576654	-0.0208772	0.00422889	0
4393.891980006	3354.670731383	0.209841	0.168448	0.334757	0.00466612	-0.0210465	0.00442027	0
4411.773354861	3353.789204366	0.212896	0.128584	0.354079	0.00471426	-0.0203465	0.00442027	0
4392.06986366	3356.955649413	0.210284	0.0953362	0.37192	0.00490127	-0.0208963	0.00442027	0
4386.292985603	3349.454495604	0.217316	0.0639083	0.359639	0.00507259	-0.0207585	0.00442027	0
4375.135177587	3354.622006981	0.211485	0.0870764	0.327619	0.0046087	-0.0206164	0.00442027	0
4362.089183221	3351.788618869	0.220131	0.119088	0.351187	0.00514513	-0.0208285	0.00442027	0
4362.560167969	3343.97652644	0.211988	0.153277	0.332401	0.00470403	-0.021042	0.00442027	0
4354.250449087	3348.057034865	0.207902	0.214432	0.33928	0.0045062	-0.0212024	0.00442027	0
4376.082810226	3354.680508319	0.218772	0.214399	0.373292	0.00453378	-0.0214448	0.00442027	0
4371.610342834	3352.976596733	0.202948	0.244989	0.366793	0.00455424	-0.0213168	0.00463192	0
4378.206960879	3357.176512	0.228323	0.152234	0.343576	0.00460143	-0.0208635	0.00442027	0
4401.257369749	3356.454461234	0.231051	0.0846293	0.288995	0.00512973	-0.0200834	0.00442027	0
4378.100305014	3357.579449986	0.211635	0.111117	0.290643	0.00505821	-0.0204731	0.00442027	0
4378.877099499	3358.466426443	0.221461	0.0530922	0.301063	0.0057514	-0.0205605	0.00442027	0
4385.527517405	3355.414740186	0.21432	0.0933491	0.278279	0.00501431	-0.0203497	0.00443333	0
4380.626538839	3359.758905328	0.222185	0.160043	0.317636	0.00506514	-0.0197557	0.00451261	0
4398.498003194	3357.145898971	0.232542	0.169557	0.384092	0.00469793	-0.0200789	0.00413935	0
4394.518701194	3354.735162994	0.203205	0.210289	0.382087	0.00512488	-0.0203187	0.00428299	0
4376.146520588	3354.715929678	0.205589	0.148251	0.344447	0.00532527	-0.020017	0.00445651	0
4386.247208528	3356.744563761	0.21144	0.152477	0.319801	0.00406914	-0.0199808	0.00451261	0
4392.254387745	3358.073265393	0.219266	0.16292	0.307466	0.00450389	-0.0200953	0.00451261	0
4374.689676983	3353.869343186	0.220508	0.149254	0.303226	0.0043816	-0.0198005	0.00451261	0
4382.715766774	3357.116247607	0.224638	0.173991	0.302112	0.0046688	-0.0204158	0.00417009	0
4388.792319496	3359.131578647	0.228687	0.216056	0.34807	0.00423695	-0.0201022	0.00451261	0
4374.724127772	3358.602341881	0.219259	0.210355	0.361551	0.00364221	-0.0206788	0.00500404	0
4381.436368325	3359.996597068	0.221089	0.129014	0.376198	0.00450389	-0.0200051	0.00471253	0
4399.884057507	3364.833615952	0.209847	0.0677234	0.339076	0.00424277	-0.0192346	0.00451261	0
4391.698927777	3364.742898808	0.204809	0.0600542	0.33542	0.00526987	-0.019507	0.00451261	0
4388.712091634	3367.023329063	0.21537	0.0868033	0.323003	0.00529652	-0.0191147	0.00451261	0
4390.775835425	3360.671205653	0.207438	0.154855	0.303992	0.0048628	-0.0191452	0.00451261	0
4372.876055353	3360.72297533	0.209535	0.16198	0.318805	0.00504463	-0.0192074	0.00445309	0
4385.946590006	3362.024429763	0.206146	0.181322	0.291857	0.00508643	-0.0187861	0.00442316	0
4376.344258674	3362.967022561	0.200465	0.191705	0.317363	0.00530476	-0.0194276	0.00408039	0
4376.251288739	3359.241689385	0.198604	0.161795	0.328256	0.0059267	-0.0202178	0.00440556	0
4383.790348209	3359.495729444	0.211707	0.203808	0.379241	0.00443765	-0.0195559	0.00454521	0
4385.50533676	3361.037600337	0.205474	0.151044	0.393793	0.00429161	-0.0200207	0.00454521	0
4369.96708743	3360.375172852	0.209796	0.0962656	0.352959	0.00489822	-0.0200428	0.00454521	0
4366.940137355	3358.916966888	0.212851	0.0919234	0.315879	0.00467457	-0.0197563	0.00454521	0
4367.488990323	3356.254114184	0.217909	0.0902513	0.329545	0.00516326	-0.019976	0.00454521	0
4373.633028836	3357.97229048	0.222191	0.0997457	0.317713	0.00512797	-0.0198576	0.00427245	0
4370.801929133	3359.785671694	0.209059	0.164988	0.316458	0.00521977	-0.0204225	0.00454521	0
4368.252098878	3354.078505505	0.208184	0.19568	0.373037	0.00547928	-0.0200701	0.00416851	0
4367.68295298	3352.085132502	0.198686	0.155365	0.323632	0.0056973	-0.0201534	0.00433663	0
4381.335847532	3354.386078295	0.205709	0.1643	0.307801	0.00545264	-0.0195807	0.00413699	0
4383.15371652	3356.743441818	0.212528	0.133781	0.332498	0.00604873	-0.0199072	0.00405431	0
4389.265191959	3354.616557541	0.20518	0.17869	0.308731	0.00646189	-0.0206239	0.00412967	0
4383.912577717	3355.822165946	0.211666	0.18804	0.317925	0.00541507	-0.0205634	0.00403921	0
4402.390942259	3359.033488732	0.219446	0.161731	0.285882	0.00550311	-0.019852	0.00380775	0
4390.825387928	3363.14028269	0.209356	0.194925	0.380931	0.00456279	-0.0204724	0.00393446	0
4392.481385404	3358.360643201	0.200211	0.144736	0.393244	0.00523754	-0.0214388	0.00389663	0
4376.286211455	3350.752263652	0.213901	0.144169	0.381499	0.00488609	-0.0209717	0.00420704	0
4380.450981397	3349.558034959	0.208815	0.123673	0.32494	0.00460886	-0.0212275	0.00412968	0
4375.409840035	3349.38958316	0.209432	0.114962	0.329008	0.00484672	-0.0209895	0.0040559	0
4372.845379994	3350.859489393	0.211361	0.122082	0.299624	0.00505907	-0.0206264	0.00426149	0
4360.735220053	3349.671190973	0.199485	0.170469	0.329942	0.00506013	-0.0217555	0.00425699	0
4364.260526734	3352.389980573	0.198954	0.216319	0.358431	0.00576102	-0.021933	0.00427121	0
4376.662810482	3352.193159631	0.205602	0.251107	0.383483	0.0045636	-0.0213641	0.00436048	0
4376.558042332	3356.6224322	0.197882	0.176732	0.365622	0.00468003	-0.0219732	0.00427122	0
4373.475404682	3356.292260263	0.211989	0.117458	0.341911	0.00504452	-0.0212378	0.00413848	0
4377.619881694	3356.327841899	0.20151	0.102013	0.299687	0.00451359	-0.021029	0.00416986	0
4388.611098912	3353.635658387	0.212102	0.117636	0.306723	0.00482882	-0.0214683	0.00415842	0
4383.854530499	3353.876715957	0.221629	0.130199	0.344678	0.00548486	-0.0216194	0.00415842	0
4387.610610269	3361.705316983	0.194332	0.186913	0.349578	0.00492805	-0.0215884	0.00415842	0
4383.710592274	3357.659909361	0.181831	0.191794	0.36364	0.00492805	-0.021928	0.00369674	0
4388.12784402	3357.310504107	0.168918	0.157089	0.323804	0.00533922	-0.0216552	0.00387487	0
4378.464633897	3361.045293663	0.168518	0.195649	0.333234	0.00505676	-0.0218352	0.0035799	0
4377.239035309	3355.937726124	0.174706	0.174564	0.336503	0.00566737	-0.0218592	0.00399003	0
4373.67219891	3361.963043427	0.179971	0.17456	0.302452	0.00453253	-0.02138	0.0041491	0
4381.278744171	3362.188233511	0.187186	0.172828	0.33699	0.00504829	-0.0218825	0.00402882	0
4382.654416056	3358.844681672	0.199239	0.153416	0.369257	0.0040765	-0.0217453	0.0041491	0
4395.817920644	3356.850347003	0.190459	0.185446	0.401006	0.00380735	-0.0217119	0.00429046	0
4373.672670839	3356.707219071	0.187181	0.17494	0.40874	0.00378081	-0.0224409	0.00439499	0
4385.483156116	3347.880088351	0.198457	0.159394	0.398209	0.00352531	-0.0220902	0.00424041	0
4380.323088745	3354.924130331	0.193523	0.157706	0.407645	0.00368494	-0.0223295	0.00404701	0
4375.209270378	3347.513853945	0.186538	0.118623	0.387664	0.00472081	-0.0226662	0.0040185	0
4377.52313633	3351.575770164	0.181614	0.152161	0.388775	0.00359524	-0.0227814	0.00423949	0
4368.175174516	3342.50373521	0.182337	0.130723	0.388983	0.00330851	-0.0229562	0.00442739	0
4365.117549082	3339.018177383	0.178431	0.194681	0.363684	0.00311463	-0.0229832	0.00448949	0
4373.859554567	3346.593219183	0.168473	0.248899	0.368771	0.00307406	-0.0227072	0.00411641	0
4381.055521941	3346.097800999	0.168195	0.25651	0.383354	0.00329526	-0.0227539	0.00422229	0
4376.648180696	3346.469805401	0.171539	0.267044	0.348264	0.00315743	-0.0227394	0.00432419	0
4376.373046319	3345.892164788	0.171782	0.284066	0.336242	0.00287253	-0.0228055	0.00411387	0
4389.72154692	3346.15886678	0.166926	0.250962	0.345433	0.00309031	-0.0231471	0.00410471	0
4378.492005757	3346.893098647	0.175136	0.208963	0.322599	0.0030958	-0.0228891	0.00411413	0
4381.836563783	3349.067264827	0.174243	0.207918	0.318683	0.00340621	-0.0229353	0.00400553	0
4382.692642273	3349.164553354	0.172272	0.198692	0.332625	0.00359329	-0.0232892	0.00400553	0
4389.313800605	3349.971390992	0.175594	0.156719	0.311982	0.0036787	-0.0227433	0.0039395	0
4381.222112738	3351.043968956	0.180515	0.157778	0.330846	0.00383732	-0.022776	0.00400553	0
4379.864374141	3353.401332478	0.182752	0.154329	0.338665	0.00402301	-0.0223349	0.00400552	0
4370.332832099	3350.684947043	0.178425	0.169489	0.327911	0.00362813	-0.0224017	0.00424618	0
4367.779226416	3347.300364129	0.184976	0.21699	0.340235	0.003791	-0.0226286	0.00431571	0
4377.097928656	3348.970617411	0.190436	0.195699	0.318823	0.00394788	-0.0222257	0.00409811	0
4372.099732797	3349.673915693	0.18271	0.203545	0.33439	0.00394086	-0.0219261	0.0042232	0
4374.154509945	3350.901802689	0.185822	0.176363	0.333586	0.00442462	-0.0223656	0.00429651	0
4372.337112886	3352.853824061	0.186001	0.175501	0.326724	0.00438591	-0.0222573	0.00429282	0
4367.1685508	3347.140567322	0.187073	0.150541	0.333573	0.00478876	-0.0225706	0.00400553	0
4363.832487489	3355.087613524	0.183245	0.184198	0.366566	0.00544386	-0.0225233	0.00400553	0
4381.013048366	3363.001802809	0.167053	0.163261	0.404187	0.00435073	-0.0225704	0.00400553	0
4376.784568063	3359.209633858	0.166146	0.135404	0.410179	0.00463979	-0.0226948	0.00400553	0
4378.583087977	3350.778709462	0.17345	0.0830143	0.362438	0.00483063	-0.0221009	0.00400553	0
4370.397014389	3350.56970742	0.17	0.108237	0.362896	0.00490859	-0.0222317	0.00404282	0
4367.255385664	3351.572404333	0.174149	0.106429	0.364761	0.0054297	-0.022223	0.00403154	0
4360.987229928	3355.801650408	0.15452	0.169816	0.327575	0.00589032	-0.0223527	0.00383151	0
4361.474732177	3353.741762184	0.160153	0.192027	0.339201	0.0060025	-0.0224651	0.00385619	0
4361.49408125	3350.295632657	0.166733	0.20269	0.348814	0.00553006	-0.0222429	0.00383482	0
4365.524351539	3355.233947009	0.166315	0.197806	0.359701	0.00428968	-0.0223414	0.00396396	0
4374.571694832	3364.093453812	0.167733	0.213818	0.42618	0.00435377	-0.0222161	0.00396396	0
4377.729841059	3363.501067656	0.158259	0.193399	0.456045	0.00426833	-0.0226229	0.00431246	0
4369.910927926	3361.750355	0.178335	0.154802	0.475214	0.00356147	-0.0223739	0.00429294	0
4374.37961989	3356.217410605	0.178868	0.128476	0.463726	0.00349391	-0.0224166	0.00424991	0
4381.137165589	3360.112798356	0.150671	0.118346	0.450349	0.00393315	-0.0227055	0.00396396	0
4367.364401172	3355.014847475	0.159061	0.087829	0.462005	0.00417736	-0.0227977	0.00422912	0
4358.161793368	3351.426872237	0.171408	0.123692	0.41861	0.00386799	-0.0224282	0.00476413	0
4359.432697102	3352.265605124	0.176881	0.175184	0.404676	0.00475396	-0.0226467	0.00466411	0
4360.400622671	3351.54339408	0.190829	0.188232	0.418686	0.00437476	-0.0224972	0.0043953	0
4361.854162776	3353.519136543	0.181894	0.221047	0.388131	0.00405297	-0.0224872	0.00446652	0
4364.166612942	3357.882374725	0.199067	0.250224	0.41346	0.00455609	-0.022317	0.00458861	0
4370.822693991	3356.081174611	0.199103	0.229958	0.455326	0.00429438	-0.0225612	0.00443884	0
4381.184830379	3360.284615986	0.187582	0.140846	0.396153	0.00416244	-0.0220493	0.00450247	0
4370.598527904	3358.404879829	0.189138	0.119133	0.375223	0.00463878	-0.0224896	0.00415335	0
4381.822405924	3357.264344146	0.194241	0.0808615	0.397386	0.00484265	-0.022662	0.00419041	0
4371.596656904	3359.186073045	0.178139	0.0783928	0.373516	0.00448189	-0.0226733	0.00417018	0
4372.893044783	3356.772131515	0.157062	0.123408	0.38343	0.00551307	-0.0237247	0.0037131	0
4361.820655845	3356.931287211	0.160054	0.126793	0.340108	0.00463915	-0.0233317	0.00388318	0
4371.178056231	3361.556579333	0.145086	0.183369	0.387335	0.00466564	-0.0239317	0.00415029	0
4363.27042052	3364.881058133	0.161931	0.216911	0.442451	0.00491723	-0.0235528	0.00406847	0
4372.587235047	3362.033405311	0.17761	0.201061	0.449119	0.0038557	-0.0236718	0.00408439	0
4365.173708586	3352.269612065	0.234142	0.199546	0.484246	0.00411806	-0.0226547	0.00410023	0
4358.699320049	3354.372935529	0.251619	0.15412	0.472129	0.00383936	-0.0209754	0.00415029	0
4373.597162262	3350.567142978	0.252968	0.0648323	0.510123	0.00436321	-0.0193339	0.00415029	0
4370.920383213	3347.188490336	0.248826	0.0857372	0.58105	0.00394208	-0.0189459	0.00515253	0
4354.787975768	3341.403429215	0.251864	0.10062	0.61442	0.00399168	-0.0188169	0.00482761	0
4339.487106526	3336.19841287	0.238344	0.129756	0.619326	0.00331889	-0.0178301	0.0042773	0
4329.864954192	3332.308795114	0.255838	0.162971	0.619131	0.00354931	-0.0184847	0.00415029	0
4329.584628601	3337.429665697	0.222977	0.168689	0.559053	0.00377462	-0.0198843	0.00415029	0
4361.171282084	3350.533324396	0.225648	0.170519	0.542901	0.00426567	-0.0201868	0.00445386	0
4385.729502848	3353.384503326	0.204003	0.191908	0.518442	0.00471188	-0.019837	0.00449285	0
4380.528849617	3365.566886152	0.183129	0.19481	0.475601	0.00374298	-0.0194745	0.0042979	0
4394.47575569	3363.408908014	0.173947	0.167292	0.513236	0.00420102	-0.0200553	0.00439779	0
4401.98791523	3368.880305795	0.218232	0.148808	0.492831	0.00451399	-0.0201035	0.00482739	0
4388.109438805	3368.176847235	0.223234	0.119972	0.489087	0.00426323	-0.0209134	0.00508126	0
4370.703296054	3358.49784086	0.197469	0.054574	0.546675	0.00593459	-0.0221758	0.00471275	0
4365.092064937	3357.914430252	0.214154	0.0630159	0.566439	0.00524869	-0.022198	0.00498791	0
4363.029265003	3361.037440059	0.211248	0.135161	0.514004	0.00456607	-0.0219113	0.00478341	0
4355.09520129	3355.783539035	0.218055	0.115539	0.551478	0.00434887	-0.0223137	0.00491973	0
4365.278476736	3360.619596253	0.216679	0.10029	0.53936	0.00426671	-0.0222507	0.00522818	0
4352.889406989	3350.718765625	0.222332	0.135693	0.566383	0.00447049	-0.0230381	0.00536488	0
4359.384088456	3349.517003884	0.224912	0.134777	0.568511	0.00477156	-0.0236075	0.00536488	0
4360.65829569	3348.961481585	0.219671	0.129945	0.560101	0.00478986	-0.0237587	0.00536488	0
4355.482182747	3346.732500452	0.221153	0.112443	0.579665	0.00498019	-0.0241245	0.00536488	0
4347.37020195	3343.604682316	0.225408	0.118136	0.581607	0.00544319	-0.0240722	0.00536488	0
4341.745284903	3345.08196132	0.216809	0.129297	0.566565	0.00516572	-0.0242945	0.00536488	0
4343.499915457	3343.743482752	0.226802	0.129772	0.584322	0.00532375	-0.024045	0.00536488	0
4341.426261166	3339.780457837	0.217567	0.103166	0.556895	0.0055971	-0.0241539	0.00548698	0
4329.431251804	3338.443582045	0.208573	0.123002	0.577559	0.00530654	-0.024156	0.00548242	0
4326.560510098	3340.666152073	0.21452	0.0850554	0.580475	0.00569715	-0.0244596	0.00555194	0
4319.575966739	3337.801670099	0.211119	0.0889478	0.570764	0.0051892	-0.0243236	0.00554904	0
4320.821386328	3338.654507419	0.207393	0.117253	0.596323	0.00533576	-0.0249264	0.00519626	0
4320.4216628	3331.415086996	0.210666	0.136042	0.603983	0.00538938	-0.0249861	0.00565504	0
4317.720815391	3332.517156045	0.203339	0.119354	0.604505	0.00463451	-0.0253361	0.00568745	0
4317.463142373	3334.052936388	0.213152	0.115637	0.610303	0.00488653	-0.0253146	0.00566035	0
4311.401219438	3329.716785127	0.215066	0.108184	0.612057	0.00520693	-0.0251759	0.00542467	0
4315.155411493	3334.682987789	0.197379	0.111725	0.599278	0.00483343	-0.0256526	0.00545574	0
4335.765005616	3332.128643047	0.202992	0.114986	0.629524	0.00526508	-0.0256416	0.00568796	0
4329.325539796	3330.73310564	0.201177	0.0873061	0.638865	0.00571087	-0.025813	0.00532887	0
4325.625147602	3335.038483593	0.184902	0.0980688	0.616893	0.00556113	-0.026415	0.00563722	0
4339.802826763	3335.007069176	0.194552	0.0960759	0.641622	0.00561539	-0.0261982	0.00524916	0
4327.403846516	3339.940414921	0.200223	0.126947	0.70002	0.00564355	-0.0265	0.00550375	0
4331.518592025	3341.049055354	0.198356	0.141582	0.722073	0.00518573	-0.0263006	0.00516009	0
4328.615759174	3334.211290695	0.202032	0.114455	0.706987	0.00509338	-0.0259395	0.0049896	0
4313.214369139	3333.592458729	0.17888	0.0723849	0.667745	0.00509165	-0.0262768	0.00522428	0
4334.867397409	3340.504592212	0.185675	0.072451	0.652043	0.00627417	-0.0265758	0.00489201	0
4314.47300273	3334.841983207	0.190687	0.104286	0.633605	0.00688139	-0.0267547	0.00490254	0
4315.138422063	3344.638312814	0.182129	0.131269	0.640812	0.00622702	-0.0266573	0.00530843	0
4335.996722561	3340.895028542	0.191386	0.141511	0.650728	0.00607322	-0.026415	0.00532079	0
4323.509491664	3343.009090608	0.18522	0.144638	0.610843	0.00616197	-0.0264761	0.00510941	0
4345.529680389	3346.92884056	0.20036	0.148185	0.62241	0.00538008	-0.0263042	0.00515456	0
4351.859658772	3350.873593825	0.205543	0.11245	0.63714	0.00555018	-0.0264158	0.00550568	0
4348.733131762	3352.343500057	0.187479	0.119131	0.617894	0.00524416	-0.0266363	0.00555541	0
4360.818279487	3359.653923474	0.19497	0.170745	0.68679	0.00567451	-0.0268605	0.00525344	0
4365.7744737	3352.262559849	0.186547	0.142587	0.69087	0.00537889	-0.0269483	0.00517872	0
4352.284866446	3349.64426433	0.205099	0.143241	0.698883	0.00516031	-0.026925	0.00548569	0
4342.932657274	3344.802597394	0.217853	0.121555	0.728686	0.00452315	-0.0270283	0.00584988	0
4346.715636974	3347.365597128	0.215586	0.121358	0.728009	0.00446974	-0.0268008	0.00606746	0
4345.856254984	3346.604118063	0.216136	0.0848305	0.733513	0.00476507	-0.0265801	0.00593909	0
4342.838743481	3341.954303462	0.209421	0.0809749	0.703726	0.00466502	-0.026628	0.00620272	0
4347.892154987	3340.394802029	0.218797	0.123974	0.698116	0.00468151	-0.0265203	0.00636079	0
4344.424423595	3341.945808747	0.226722	0.152989	0.711962	0.00533137	-0.0266092	0.00619235	0
4331.833368405	3340.255039927	0.220122	0.153379	0.680594	0.005195	-0.0263944	0.00613209	0
4366.488973609	3342.050790601	0.230689	0.177754	0.678303	0.00555095	-0.0263596	0.00621709	0
4369.359243386	3347.557128907	0.23565	0.151391	0.657275	0.00584295	-0.0263409	0.00608602	0
4362.524301395	3349.570376338	0.219292	0.128854	0.630977	0.00601969	-0.026652	0.00608739	0
4365.007589717	3350.696326756	0.225939	0.0809937	0.639021	0.00601483	-0.0266311	0.00581508	0
4364.137353368	3344.738806894	0.227168	0.0528258	0.648224	0.00587652	-0.026187	0.00589455	0
4369.280431309	3346.593219183	0.219491	0.0598701	0.638622	0.0057801	-0.0262644	0.00618205	0
4366.240739162	3344.579651198	0.214496	0.0858956	0.67887	0.00593642	-0.0266347	0.00570623	0
4351.675134688	3339.565846077	0.225006	0.0548585	0.66262	0.00617723	-0.0263963	0.00558699	0
4349.129079862	3342.647985086	0.208722	0.0626299	0.629008	0.00562004	-0.0264226	0.00540424	0
4361.657840476	3339.589567168	0.223862	0.117679	0.612676	0.0056465	-0.0257314	0.00564117	0
4360.842347846	3336.092148795	0.215318	0.122846	0.601631	0.00606003	-0.0262672	0.00546907	0
4349.647729399	3345.191751503	0.186031	0.194929	0.639636	0.00625995	-0.0265465	0.00498573	0
4356.443029387	3343.369234464	0.195351	0.192702	0.667346	0.00635275	-0.0262886	0.0054818	0
4356.809717913	3341.850764107	0.205831	0.194456	0.666594	0.00483291	-0.0261207	0.00570861	0
4364.294505594	3340.76953115	0.205811	0.144903	0.666867	0.0053557	-0.0262035	0.00570617	0
4362.634732689	3341.453435838	0.208616	0.0764564	0.616872	0.00470304	-0.0265217	0.00577217	0
4365.721617696	3344.723901073	0.223154	0.0644671	0.625407	0.005334	-0.0264857	0.00579035	0
4367.235092734	3339.707050678	0.214312	0.0752633	0.609689	0.00509741	-0.0266196	0.00549035	0
4369.966615501	3345.858506483	0.212766	0.126911	0.615804	0.00530576	-0.0270994	0.00543431	0
4368.751399343	3343.0313692	0.210368	0.167057	0.616963	0.00540173	-0.0269938	0.00555493	0
4352.548202607	3347.693044346	0.209931	0.162442	0.616624	0.00459317	-0.0272354	0.00575071	0
4362.485131321	3352.712779739	0.213804	0.184265	0.63273	0.00503037	-0.0275547	0.00571123	0
4376.269222026	3351.777559712	0.222541	0.12512	0.621644	0.00577242	-0.026906	0.0059753	0
4373.667951553	3356.261647233	0.218646	0.137455	0.580779	0.00695011	-0.0270177	0.00572782	0
4359.470923319	3357.354099625	0.227865	0.132971	0.624303	0.00581518	-0.0269843	0.00596744	0
4351.534028035	3354.240385921	0.234137	0.0926502	0.64347	0.00590432	-0.0265407	0.00618233	0
4342.944455489	3352.95303592	0.215472	0.104173	0.626027	0.00560283	-0.0267368	0.00610555	0
4345.723643046	3353.986666418	0.224879	0.0984175	0.626054	0.0057269	-0.0266698	0.00576591	0
4342.337555303	3354.271640061	0.220374	0.0746228	0.649271	0.00592742	-0.0263008	0.00553848	0
4353.079594217	3354.952499474	0.208727	0.0934335	0.646504	0.00540494	-0.0262185	0.00561433	0
4347.940291705	3349.377562337	0.216406	0.077113	0.680952	0.00511137	-0.0262448	0.00586661	0
4329.553953241	3347.774144831	0.208761	0.0842755	0.650631	0.0049398	-0.026605	0.00548383	0
4340.01377885	3342.271813466	0.216625	0.11009	0.641818	0.00496718	-0.0264486	0.00600062	0
4332.03488192	3340.29494906	0.220967	0.108905	0.642523	0.00536295	-0.0264138	0.00579299	0
4339.593762391	3341.377464237	0.209305	0.109943	0.632466	0.00500642	-0.0265137	0.00610555	0
4346.83881034	3344.439889096	0.20727	0.123283	0.654084	0.00551754	-0.0267781	0.00573281	0
4345.177149721	3344.494383493	0.206634	0.124132	0.659366	0.00527606	-0.0259245	0.0059468	0
4352.974354138	3345.641971392	0.199874	0.166564	0.707648	0.00417493	-0.026018	0.00568748	0
4349.212611225	3338.598249967	0.193078	0.138095	0.715535	0.00418457	-0.0263436	0.00557167	0
4359.901322207	3338.767983988	0.182987	0.10084	0.670241	0.00409502	-0.026868	0.00559132	0
4360.900395064	3336.311729162	0.192446	0.0548422	0.645894	0.00491156	-0.0263579	0.00583139	0
4365.064221149	3342.186545762	0.193981	0.0516947	0.612127	0.00475936	-0.0262385	0.00610556	0
4363.854196205	3342.426641666	0.193797	0.0955695	0.616511	0.00568331	-0.0262471	0.00557635	0
4358.405780457	3339.534752215	0.192972	0.188055	0.587389	0.00535111	-0.0256867	0.00533295	0
4357.271264089	3343.337820046	0.197012	0.232409	0.606093	0.00425349	-0.0254134	0.00528447	0
4374.734038272	3345.370941904	0.211411	0.176092	0.581874	0.00453678	-0.0249048	0.00530659	0
4375.437211894	3347.936826635	0.204531	0.190646	0.561622	0.00452362	-0.0241319	0.00567966	0
4371.457909894	3358.786821444	0.189247	0.199059	0.613914	0.00427135	-0.0241516	0.00456737	0
4375.933208859	3353.039105013	0.177049	0.159568	0.675102	0.00470707	-0.0244828	0.00482581	0
4374.952069288	3357.327814092	0.16761	0.136288	0.683365	0.00412103	-0.0250218	0.00475636	0
4373.930343858	3353.683260846	0.197586	0.0924996	0.705975	0.00422616	-0.0250266	0.00517371	0
4377.300386028	3352.184664916	0.18662	0.0675442	0.720194	0.00452893	-0.0247532	0.00517371	0
4368.66786798	3349.040819017	0.180151	0.0743174	0.686471	0.00438737	-0.0252708	0.00517371	0
4363.786710415	3341.073257277	0.185188	0.0402571	0.670106	0.004982	-0.0252832	0.00507226	0
4356.569034325	3340.098448674	0.170409	0.126201	0.651926	0.00473482	-0.0243741	0.00517371	0
4357.421809315	3343.361861692	0.175786	0.19447	0.667089	0.00381323	-0.0240288	0.00504118	0
4372.544289544	3346.577992807	0.174736	0.214665	0.6533	0.00426714	-0.0240681	0.00504542	0
4369.571611259	3346.008846909	0.164291	0.220367	0.622107	0.00396852	-0.0240525	0.00476917	0
4365.905197924	3354.490739594	0.163409	0.211904	0.633968	0.0039165	-0.0243178	0.0046605	0
4360.158051368	3352.000025076	0.170255	0.147842	0.648317	0.0042667	-0.0243956	0.00436391	0
4374.369709389	3348.500843649	0.162467	0.121992	0.623964	0.00410452	-0.0245423	0.00455599	0
4364.645148548	3349.091627028	0.163885	0.114121	0.63233	0.00404666	-0.0247298	0.00454094	0
4370.817974705	3349.185710003	0.163373	0.109062	0.677417	0.00478521	-0.0252089	0.00490122	0
4370.318202312	3345.326865553	0.164675	0.130209	0.709621	0.00342907	-0.0256177	0.00469765	0
4370.40362139	3344.935627835	0.168199	0.135762	0.716708	0.00331833	-0.0255344	0.00464158	0
4357.447765388	3340.550271339	0.163232	0.127828	0.723765	0.00374972	-0.0255521	0.00431905	0
4352.282978731	3343.311534513	0.136499	0.121554	0.669604	0.0036478	-0.0259502	0.00430535	0
4367.04679322	3341.051299241	0.159354	0.122064	0.654874	0.00414763	-0.025739	0.00435605	0
4347.74585712	3344.016916405	0.157881	0.124499	0.613552	0.00455229	-0.0254413	0.00473741	0
4361.486058464	3343.761914681	0.15634	0.183585	0.620106	0.00456556	-0.0259371	0.00430767	0
4350.159300007	3349.435582843	0.159329	0.210077	0.656759	0.00504905	-0.0255904	0.00435412	0
4363.843813776	3354.184929858	0.139418	0.200642	0.646132	0.00441556	-0.0253205	0.00437158	0
4374.750555774	3354.053502193	0.144223	0.18148	0.642457	0.00477308	-0.0252728	0.00434636	0
4375.078546154	3359.099362842	0.15103	0.115818	0.63047	0.00516381	-0.0255652	0.00442894	0
4368.176590301	3363.963148091	0.131166	0.112523	0.577779	0.00561014	-0.02563	0.00423938	0
4378.322583387	3366.376929343	0.127094	0.141712	0.639147	0.00551367	-0.0261092	0.00421771	0
4380.603886265	3362.234393471	0.134338	0.142492	0.653745	0.00593234	-0.0259456	0.00394791	0
4369.653254907	3365.420071835	0.124204	0.140442	0.615364	0.00551754	-0.0262043	0.0039975	0
4373.74346013	3359.69158872	0.122131	0.123508	0.613918	0.00580725	-0.0264012	0.00406539	0
4371.626388406	3357.004534093	0.139206	0.140909	0.603954	0.00485604	-0.0260929	0.00418341	0
4351.892221846	3359.106895891	0.156752	0.171464	0.619501	0.0048146	-0.0262273	0.00421171	0
4355.001287498	3360.290706536	0.154115	0.19807	0.653138	0.00525675	-0.0263654	0.00423632	0
4366.32946174	3358.039767367	0.140692	0.211204	0.687635	0.00410892	-0.0269261	0.00442491	0
4361.143910225	3356.347876603	0.156044	0.165305	0.667375	0.00411189	-0.0270251	0.00434139	0
4351.262197158	3355.23795395	0.162105	0.127506	0.641563	0.00477447	-0.0267278	0.00445978	0
4365.238834733	3357.863942796	0.172498	0.119671	0.613326	0.00451449	-0.0268635	0.00392082	0
4356.401971598	3350.728702839	0.178758	0.133036	0.606787	0.0044766	-0.0268409	0.00391474	0
4363.749428055	3355.273535586	0.181021	0.157219	0.637131	0.0047098	-0.0271773	0.00408277	0
4377.551452046	3359.031084567	0.168034	0.184898	0.707741	0.00410134	-0.0270835	0.00437731	0
4383.222146168	3351.460370263	0.185055	0.130219	0.660165	0.00492604	-0.026492	0.00430179	0
4379.781786635	3352.259835129	0.160899	0.10377	0.618736	0.00475363	-0.026881	0.00413139	0
4353.727552192	3349.263124103	0.170826	0.130111	0.630644	0.00494348	-0.0267937	0.00396323	0
4351.226802512	3341.665483155	0.185669	0.130078	0.649014	0.00494348	-0.0263657	0.00413497	0
4356.084835576	3345.824687902	0.179949	0.144384	0.653011	0.00454212	-0.026081	0.00407254	0
4354.485469532	3349.643142386	0.177997	0.180112	0.709785	0.00398847	-0.0260182	0.00400168	0
4340.22001165	3344.615873944	0.173757	0.178952	0.737394	0.00412734	-0.0264418	0.00407256	0
4343.464520812	3346.500097875	0.1671	0.143121	0.656035	0.00425574	-0.0267037	0.003661	0
4343.545692532	3342.254182925	0.163489	0.153448	0.666778	0.00515019	-0.0269976	0.00364267	0
4348.021935354	3341.012351774	0.152086	0.140197	0.621305	0.00528785	-0.0277172	0.00318739	0
4357.852208203	3349.861761086	0.146678	0.170096	0.626036	0.00496068	-0.0283874	0.00350287	0
4356.553460681	3348.130442024	0.166374	0.120094	0.60278	0.00477251	-0.0284538	0.0036815	0
4351.18716051	3347.129668443	0.178909	0.165478	0.654307	0.00446209	-0.0281295	0.00407552	0
4363.090143793	3347.734075421	0.198217	0.146243	0.732997	0.00417789	-0.0271939	0.00394234	0
4329.925361054	3342.57297515	0.175483	0.116219	0.721458	0.00387252	-0.0266681	0.00375061	0
4353.909244705	3345.54163759	0.164914	0.0763149	0.699113	0.00468459	-0.0277863	0.0034632	0
4358.343485881	3341.304858466	0.172332	0.0631092	0.664345	0.00492787	-0.0269987	0.0040179	0
4364.787670987	3348.375025702	0.184947	0.0925355	0.651618	0.00466047	-0.0270151	0.0043714	0
4363.64937919	3348.588836073	0.184581	0.0819312	0.657199	0.00546866	-0.0267732	0.00484474	0
4384.909290932	3353.86629791	0.189227	0.139194	0.655702	0.00575212	-0.0267589	0.00476652	0
4382.105563088	3353.262051209	0.189222	0.132864	0.652479	0.00590898	-0.0266704	0.00483924	0
4360.46197339	3356.817810643	0.181421	0.162767	0.639714	0.00540526	-0.0272972	0.00459831	0
4355.393460169	3358.439820355	0.175136	0.162019	0.650348	0.00564796	-0.027353	0.00446121	0
4352.464199316	3354.601972276	0.18396	0.141117	0.681758	0.00586696	-0.0275684	0.00434477	0
4350.882294631	3354.539944829	0.18104	0.111488	0.679169	0.00554935	-0.0278483	0.0044541	0
4354.268382374	3352.023906444	0.184748	0.101921	0.667278	0.00599012	-0.0280077	0.00449179	0
4348.534449819	3351.756563341	0.187925	0.0871079	0.692712	0.00570053	-0.0280585	0.00446771	0
4351.501936889	3352.213194336	0.184489	0.0722961	0.684622	0.00558145	-0.0283047	0.00448176	0
4344.565530248	3351.742779464	0.183154	0.105179	0.690322	0.00510501	-0.0283583	0.00439563	0
4351.241904228	3349.834994721	0.18556	0.162255	0.757996	0.00533189	-0.0285835	0.00440866	0
4345.145058576	3348.543317223	0.187045	0.166844	0.781337	0.00456284	-0.0286688	0.00431443	0
4342.250720439	3344.526599299	0.193301	0.177482	0.823457	0.00416228	-0.0281602	0.00421937	0
4334.280790152	3339.491156697	0.194921	0.142218	0.833451	0.00424869	-0.0281055	0.00417237	0
4350.462278172	3344.488773776	0.174178	0.114455	0.735368	0.00464919	-0.0284406	0.00392	0
4348.953522421	3336.804422626	0.168069	0.0694282	0.74522	0.00545683	-0.0287244	0.00415407	0
4342.815147051	3337.90617112	0.160985	0.11091	0.690355	0.00585772	-0.0285762	0.00396712	0
4357.91733435	3338.616201063	0.16145	0.128585	0.726403	0.00547194	-0.0284412	0.00410911	0
4349.836500841	3338.693615163	0.169223	0.139708	0.70714	0.00564179	-0.028631	0.00441817	0
4346.144131433	3343.309130349	0.176368	0.186417	0.712013	0.0047672	-0.0288002	0.00459872	0
4374.368765532	3341.041201749	0.1865	0.132675	0.712931	0.00524377	-0.0288332	0.00463164	0
4360.766839269	3343.825064071	0.183753	0.136734	0.689428	0.00525706	-0.0290491	0.0048642	0
4358.189165227	3350.871349938	0.180661	0.130475	0.687768	0.00544081	-0.0289867	0.0047235	0
4367.142594727	3349.44327617	0.182005	0.11051	0.691948	0.00602355	-0.0290009	0.00475123	0
4388.666314559	3351.449952217	0.169504	0.10603	0.704795	0.00623585	-0.0292367	0.00488916	0
4371.593353404	3356.609770267	0.159525	0.135595	0.769712	0.00557123	-0.0293589	0.0050246	0
4359.055154218	3352.355200325	0.152691	0.080037	0.740328	0.00575535	-0.0291966	0.00503305	0
4356.579888683	3347.083989315	0.162513	0.0761795	0.71173	0.00590924	-0.0294405	0.00512292	0
4343.609402894	3350.16981471	0.155806	0.105514	0.722932	0.00573364	-0.0292045	0.00502001	0
4335.26287358	3344.805322114	0.175067	0.103412	0.72387	0.00639937	-0.0293631	0.00536832	0
4332.889072695	3340.443846987	0.171109	0.143107	0.715125	0.00574782	-0.0296145	0.00541183	0
4335.434655592	3345.956756677	0.167952	0.1661	0.722081	0.00561658	-0.0297841	0.00500555	0
4341.760386618	3350.180713589	0.170378	0.165134	0.729305	0.00592715	-0.0297214	0.00508349	0
4338.960906131	3350.060665637	0.164574	0.145974	0.72419	0.00573942	-0.029657	0.00512221	0
4345.740160547	3349.994150417	0.156744	0.133624	0.725179	0.00582302	-0.0301351	0.00505916	0
4348.85205777	3348.451157581	0.159384	0.148562	0.789093	0.00560231	-0.029933	0.00512549	0
4354.425062671	3348.5829058	0.14497	0.131061	0.803416	0.00507821	-0.0301532	0.00489691	0
4350.347599521	3351.585707377	0.133092	0.0430482	0.786969	0.00520904	-0.0303035	0.00490835	0
4357.37272874	3346.885565598	0.142729	0.0466863	0.761252	0.00564588	-0.0297492	0.00465442	0
4350.434434384	3347.180316177	0.133492	0.0826302	0.741119	0.00528683	-0.0299893	0.00477383	0
4353.040424143	3344.140650743	0.144752	0.0855941	0.74424	0.0055286	-0.02963	0.00469962	0
4357.421337386	3342.916129577	0.146251	0.122232	0.7188	0.00602663	-0.0293412	0.00464717	0
4347.901121631	3347.763085674	0.155367	0.167097	0.734078	0.00550861	-0.0292114	0.004757	0
4354.41845567	3346.123124866	0.152303	0.172407	0.741294	0.00571565	-0.0294567	0.00455613	0
4370.327640884	3345.154406813	0.13876	0.170204	0.721428	0.00644486	-0.0294616	0.00447723	0
4367.68625648	3353.898834271	0.146845	0.17661	0.722322	0.00513916	-0.0294849	0.00480503	0
4357.600670256	3345.767789339	0.150296	0.106642	0.71595	0.00583633	-0.0294149	0.00503393	0
4343.01524478	3342.721231967	0.144499	0.114124	0.69787	0.00599768	-0.0296493	0.0046923	0
4345.499476958	3349.013732096	0.152236	0.119642	0.718657	0.00522142	-0.0299316	0.00479187	0
4359.966920283	3346.49496899	0.156318	0.119694	0.763369	0.00520265	-0.0296858	0.00487246	0
4353.402393383	3349.557714404	0.138468	0.132357	0.766868	0.00516815	-0.0299899	0.00451013	0
4359.521891608	3346.179863151	0.140242	0.123983	0.742927	0.00466135	-0.0301175	0.00447302	0
4352.404736311	3346.21047618	0.150859	0.0805338	0.718809	0.00492251	-0.0295242	0.00457972	0
4351.042750356	3343.985662265	0.156491	0.114852	0.698072	0.00469785	-0.0297066	0.00448189	0
4365.540869041	3342.235109886	0.15941	0.12939	0.711644	0.00531036	-0.0296757	0.00454312	0
4344.103512144	3343.86449237	0.150262	0.163421	0.72268	0.00509337	-0.0297472	0.0045136	0
4349.060650214	3346.544013948	0.149854	0.176843	0.742933	0.00438082	-0.0300622	0.00455891	0
4367.276150522	3348.326621855	0.163855	0.140231	0.702259	0.00548078	-0.0294591	0.00461304	0
4355.886625561	3348.984080732	0.160143	0.132809	0.704232	0.00475431	-0.0296688	0.00452906	0
4362.699858837	3355.908395316	0.1608	0.144365	0.711442	0.00546975	-0.0300793	0.00438249	0
4366.418656247	3349.350956249	0.174381	0.172098	0.737069	0.00512059	-0.0300595	0.00472941	0
4356.587911469	3352.931558717	0.176981	0.196131	0.7316	0.00428245	-0.0302211	0.00464358	0
4362.952812569	3349.547296358	0.185714	0.13773	0.728471	0.0048997	-0.0305532	0.00442334	0
4357.912143136	3350.474502502	0.168596	0.0959132	0.710052	0.00409059	-0.030425	0.00474576	0
4364.429005246	3347.647365218	0.190595	0.0668457	0.717652	0.00583342	-0.0300445	0.00554666	0
4356.566202753	3340.693559549	0.205561	0.0838979	0.641762	0.00596597	-0.0302044	0.00585001	0
4359.125943508	3351.114811672	0.218144	0.165205	0.665767	0.00590516	-0.0310499	0.00575161	0
4365.521991896	3351.245117393	0.246604	0.131868	0.651842	0.00585327	-0.030987	0.00573426	0
4368.136948299	3352.623985926	0.239382	0.16407	0.629101	0.00555996	-0.0312649	0.00605785	0
4382.403821966	3354.665442221	0.256521	0.132165	0.644903	0.00563352	-0.0308964	0.00635409	0
4384.233961098	3361.709323924	0.241097	0.188326	0.699822	0.00498316	-0.0302958	0.00596696	0
4379.071062155	3363.514530978	0.242636	0.178729	0.74424	0.00523316	-0.0301983	0.0060883	0
4380.057864869	3355.579826155	0.243715	0.13983	0.769136	0.00566134	-0.0306507	0.00591254	0
4387.074499373	3351.906262656	0.210866	0.0672016	0.698986	0.00580956	-0.0311429	0.00534451	0
4369.03314072	3354.370210809	0.210859	0.0771688	0.713379	0.00590564	-0.0313498	0.00550692	0
4371.637242764	3349.520850547	0.252364	0.0548699	0.706721	0.00517309	-0.0312351	0.00628261	0
4357.369897168	3348.204169738	0.260189	0.115677	0.709868	0.00481834	-0.0315638	0.00639684	0
4351.857299129	3344.139368522	0.277511	0.123544	0.71777	0.00543868	-0.0316869	0.00650254	0
4349.005434567	3340.368997329	0.275941	0.157949	0.706964	0.00573781	-0.0321647	0.00687863	0
4353.165013295	3349.533672758	0.31191	0.194564	0.759921	0.00530433	-0.0324397	0.00742649	0
4366.811772775	3353.030610298	0.307443	0.153802	0.746595	0.00613213	-0.0324941	0.00776488	0
4354.712467191	3349.914812985	0.309061	0.105118	0.705568	0.00662805	-0.0326528	0.00776488	0
4346.085140357	3348.44779175	0.335364	0.0652601	0.680596	0.0069817	-0.0319646	0.0079186	0
4356.598765827	3343.226427087	0.32657	0.0655105	0.679819	0.00739382	-0.0318314	0.00765685	0
4362.300607236	3344.951976154	0.311157	0.0882752	0.669116	0.00657634	-0.0325104	0.00749594	0
4359.450630389	3350.806758049	0.318282	0.125609	0.742299	0.00646932	-0.0324192	0.0075284	0
4358.658734189	3344.221430673	0.310337	0.104085	0.725978	0.00650549	-0.032331	0.00731926	0
4349.324930233	3341.842750225	0.308165	0.104104	0.743478	0.0065065	-0.032707	0.00735518	0
4350.117298361	3337.896875017	0.297234	0.0922195	0.732511	0.00744945	-0.0327025	0.00708712	0
4354.61808147	3339.577706623	0.264888	0.107887	0.700404	0.00637656	-0.0328387	0.00681494	0
4346.666556399	3339.902108565	0.258181	0.0869081	0.706219	0.00700073	-0.0326865	0.00690649	0
4347.403708881	3341.834415787	0.257154	0.0710829	0.682576	0.00704502	-0.0324503	0.00653509	0
4362.324203667	3344.453993528	0.270977	0.110766	0.685774	0.0073881	-0.0324609	0.00676161	0
4360.275561591	3344.547755947	0.28013	0.0943692	0.685577	0.00771185	-0.0322826	0.00674885	0
4361.153348797	3345.959160841	0.306108	0.123824	0.658124	0.00864837	-0.033177	0.00665348	0
4347.171520007	3349.266650211	0.307783	0.127179	0.682065	0.00753285	-0.032842	0.00712675	0
4366.949103999	3351.348175916	0.3047	0.126822	0.729579	0.00765359	-0.0329539	0.00711524	0
4368.733466056	3353.990673359	0.286337	0.128247	0.752138	0.00720744	-0.0330128	0.00706976	0
4359.956537854	3358.084645106	0.294787	0.0878315	0.758482	0.0071793	-0.0333492	0.00703878	0
4366.155792013	3357.4603637	0.282838	0.0278203	0.722957	0.00743263	-0.0333666	0.00690649	0
4366.058102792	3352.231465987	0.270713	0.0248115	0.704205	0.00742573	-0.0335033	0.00690649	0
4358.047586645	3354.156400438	0.282769	0.0237714	0.717368	0.00773247	-0.0333332	0.00690649	0
4347.066751856	3356.859482829	0.277141	0.0604096	0.701203	0.00794534	-0.0334823	0.00699277	0
4349.956370707	3357.514858097	0.277136	0.128942	0.727007	0.00805481	-0.0341318	0.00677647	0
4352.528853535	3352.224093216	0.269535	0.168533	0.753395	0.00769033	-0.033943	0.00646299	0
4357.994730641	3353.291061462	0.253422	0.13257	0.739275	0.00778226	-0.0340595	0.00636268	0
4351.099381789	3357.921001636	0.25719	0.108689	0.73172	0.00807252	-0.0343459	0.00636268	0
4362.418589388	3352.967140353	0.264893	0.101332	0.730928	0.00851643	-0.0334986	0.00636268	0
4370.101115154	3350.665713726	0.263626	0.0820978	0.715272	0.00876775	-0.0339358	0.00622693	0
4367.152977156	3355.547450072	0.246428	0.124218	0.747024	0.00847335	-0.0345202	0.00604839	0
4366.536638398	3359.660975691	0.253231	0.151297	0.783344	0.0077785	-0.0344452	0.00636268	0
4359.912176565	3351.683797293	0.234194	0.0753435	0.772224	0.00699602	-0.0346361	0.00628808	0
4359.305748307	3348.814667267	0.253953	0.0292824	0.757889	0.00786659	-0.034554	0.00619651	0
4358.940475567	3351.077787538	0.252846	0.0664711	0.741291	0.00821557	-0.034387	0.00626712	0
4345.958663491	3350.138720848	0.250331	0.106143	0.727209	0.00688923	-0.0346096	0.00636268	0
4353.758227551	3343.273708991	0.260472	0.120332	0.783327	0.00698241	-0.034713	0.00626681	0
4345.406507023	3348.896569141	0.248733	0.147839	0.794294	0.00671314	-0.0343507	0.00629341	0
4345.769892049	3351.400266148	0.256724	0.143043	0.798234	0.00736107	-0.0346793	0.00612997	0
4361.400639386	3345.002143055	0.261463	0.101098	0.788589	0.00704731	-0.034198	0.00636268	0
4357.371784882	3351.796632751	0.266972	0.0850398	0.73727	0.00675415	-0.0344048	0.00618657	0
4356.89560892	3347.091682642	0.256773	0.0913282	0.757541	0.00743678	-0.0344792	0.00603543	0
4373.35081553	3349.431415624	0.273054	0.0728428	0.766652	0.00762232	-0.0342433	0.00636268	0
4360.247717803	3346.360335773	0.26441	0.10548	0.79433	0.00704987	-0.0349467	0.00615273	0
4352.457120387	3352.793880224	0.259825	0.0898559	0.800371	0.00703494	-0.0347384	0.00585582	0
4353.579838539	3349.900387998	0.25439	0.0598854	0.783951	0.00754895	-0.0346755	0.00595692	0
4355.722394407	3351.680431462	0.263959	0.0466875	0.705814	0.00718678	-0.0341651	0.00562309	0
4354.013068998	3351.254894329	0.28624	0.105484	0.696418	0.00718678	-0.0341862	0.00594182	0
4357.156585438	3348.035878217	0.277079	0.102007	0.724641	0.00845707	-0.0343409	0.00541589	0
4354.727096978	3355.817357617	0.261194	0.143144	0.731763	0.00736522	-0.0348256	0.00535166	0
4348.450918456	3350.011139846	0.273891	0.153702	0.778001	0.00660485	-0.0346699	0.00557449	0
4334.070309994	3352.411618054	0.272494	0.170026	0.771808	0.00597166	-0.0348033	0.00578646	0
4361.745619197	3351.375102559	0.27255	0.207077	0.774442	0.00549474	-0.0347451	0.00586214	0
4368.205849875	3347.371847956	0.264601	0.137892	0.761051	0.00542424	-0.0346325	0.00571024	0
4366.942968927	3348.071299575	0.251368	0.0267669	0.764477	0.00603149	-0.034629	0.00538985	0
4360.799874272	3345.903223945	0.240695	0.00742547	0.77471	0.0063095	-0.0346612	0.00538985	0
4347.345661662	3345.357158027	0.228984	0.0645846	0.76926	0.00579867	-0.0348735	0.00556145	0
4351.674662759	3343.697643347	0.224986	0.0694357	0.790345	0.00664822	-0.0343821	0.00573306	0
4329.95037327	3344.335388075	0.2314	0.0915281	0.7364	0.00679867	-0.0341915	0.00548215	0
4340.237944937	3341.408397822	0.232005	0.161948	0.738415	0.00702683	-0.0342428	0.00538985	0
4361.320883452	3348.37582709	0.240363	0.181133	0.752327	0.0071591	-0.0344937	0.00538985	0
4373.132312586	3354.364761369	0.260847	0.18162	0.738472	0.00729916	-0.0341922	0.00538985	0
4371.382401317	3358.207097222	0.244792	0.138766	0.704468	0.00726327	-0.0345948	0.00508655	0
4361.861713633	3356.100087373	0.240195	0.126066	0.720688	0.0077705	-0.0347459	0.00514168	0
4354.714354906	3358.717581504	0.251272	0.0795268	0.748445	0.00788608	-0.0346303	0.00493906	0
4360.970240498	3356.524983395	0.251019	0.0563836	0.772787	0.00671201	-0.0350051	0.00506033	0
4360.142477724	3360.266825168	0.255335	0.0292733	0.77555	0.00692905	-0.0348537	0.00499922	0
4362.396880672	3356.796012884	0.253952	-0.0304122	0.739454	0.00701945	-0.0349091	0.00488038	0
4356.116926721	3356.951963027	0.253096	0.0123253	0.715168	0.00760647	-0.0351042	0.00470793	0
4346.668444114	3354.306740864	0.264904	0.0176826	0.741982	0.00725219	-0.0351516	0.0049336	0
4335.862222909	3349.096755913	0.264941	0.0560759	0.729409	0.00668425	-0.034957	0.00499829	0
4337.968440274	3348.076107904	0.282809	0.121763	0.731803	0.00656079	-0.0349754	0.00492447	0
4354.243370158	3348.585149687	0.271057	0.153924	0.784343	0.00670949	-0.034987	0.00455235	0
4339.428587379	3350.724215065	0.25408	0.172156	0.776463	0.00602728	-0.0350468	0.00472601	0
4364.424757889	3353.989070582	0.263667	0.12749	0.744208	0.006652	-0.0349943	0.00436911	0
4355.559107109	3357.53841891	0.263762	0.0687524	0.699194	0.00644448	-0.0347955	0.00450192	0
4361.944773068	3358.828173075	0.281287	0.0620729	0.667253	0.00683417	-0.0347336	0.00419917	0
4367.244531306	3358.8767372	0.279913	0.054151	0.679097	0.00731379	-0.0346462	0.00441208	0
4364.040136076	3358.400872888	0.254113	0.0383895	0.659348	0.00776773	-0.035515	0.00370207	0
4367.695223124	3360.850716609	0.268962	0.0961479	0.688784	0.00693583	-0.0351272	0.00406531	0
4372.062450438	3359.165717784	0.271236	0.076955	0.684572	0.00641029	-0.0349542	0.00407424	0
4361.904659137	3356.407820441	0.269834	0.110857	0.696877	0.0062523	-0.0352566	0.00409205	0
4356.009798927	3358.622857419	0.278251	0.109857	0.690776	0.00657684	-0.0348487	0.00415703	0
4361.058963076	3360.932297927	0.267394	0.12656	0.698235	0.00648557	-0.0350568	0.00437744	0
4354.447715244	3361.922653462	0.277662	0.117342	0.701706	0.0066311	-0.0351891	0.00449513	0
4363.560656613	3360.257529065	0.279218	0.109013	0.713328	0.00687066	-0.0348681	0.00410418	0
4351.482115888	3364.177920128	0.271051	0.093591	0.695671	0.00660739	-0.0352798	0.00434794	0
4336.504517741	3359.519450535	0.271341	0.0872658	0.70775	0.00673599	-0.0353837	0.00430336	0
4339.373371732	3353.816291287	0.285041	0.0625449	0.716048	0.00693203	-0.035189	0.00406685	0
4349.189958652	3360.813211641	0.25445	0.0893392	0.755505	0.00609001	-0.0356338	0.00387073	0
4341.562648533	3357.73668235	0.264546	0.135476	0.816469	0.00586085	-0.0357945	0.00408749	0
4334.821148405	3350.203633292	0.246828	0.0679548	0.792813	0.00604659	-0.0359666	0.00415129	0
4341.82740048	3351.411325306	0.252313	0.0552576	0.771666	0.00611909	-0.0359541	0.00444404	0
4329.655417892	3346.384697974	0.268456	0.0575388	0.763552	0.0067176	-0.0354716	0.00430924	0
4331.823457904	3346.112386265	0.239559	0.0649292	0.736605	0.00664483	-0.0357923	0.0043063	0
4334.061343351	3349.635609337	0.244963	0.123507	0.732463	0.00765613	-0.0357634	0.00396698	0
4339.567806318	3344.121096871	0.248237	0.125093	0.743359	0.00703588	-0.0355512	0.00439886	0
4330.058916849	3346.367868822	0.236862	0.13752	0.724472	0.00681087	-0.0360635	0.00414462	0
4344.536742603	3343.674242812	0.254354	0.136354	0.756421	0.00656214	-0.0358126	0.00442052	0
4354.499155462	3349.502739174	0.244914	0.125197	0.80211	0.00553681	-0.0356721	0.00444504	0
4341.773128691	3350.104902266	0.245585	0.122279	0.818161	0.00519113	-0.0358717	0.00450575	0
4336.388423304	3344.64808975	0.251393	0.105956	0.823631	0.00544555	-0.0359689	0.00459695	0
4350.098421217	3345.912840603	0.226538	0.05518	0.805881	0.00540857	-0.0362976	0.00465822	0
4347.09270793	3346.945990268	0.225267	0.031639	0.816411	0.00585637	-0.0364828	0.00480447	0
4344.666051041	3345.972624163	0.212019	0.0549007	0.803176	0.00523071	-0.036702	0.00488007	0
4346.336206375	3345.707204392	0.230069	0.0824529	0.781654	0.00563636	-0.0365596	0.00463272	0
4345.804342837	3344.419373558	0.231642	0.101281	0.779901	0.00580305	-0.0365132	0.00469328	0
4339.298807013	3346.0583727	0.223586	0.154255	0.758179	0.00562574	-0.0367355	0.00464211	0
4357.146203009	3352.915530953	0.248277	0.15273	0.762296	0.00605537	-0.0364919	0.00487003	0
4358.03909193	3355.220323409	0.26485	0.144751	0.731969	0.00626856	-0.0365	0.0046647	0
4352.747828407	3360.510928013	0.248589	0.159114	0.728354	0.00684408	-0.0366486	0.00444084	0
4356.238212372	3368.356518469	0.233305	0.148515	0.787707	0.00706718	-0.0360146	0.00392458	0
4368.049169578	3367.93274439	0.246728	0.13249	0.808632	0.00611787	-0.0361992	0.00458883	0
4354.952678852	3357.611024681	0.263227	0.0925944	0.831999	0.00500372	-0.0361972	0.00474805	0
4363.149134869	3358.54672554	0.297144	0.0579988	0.859507	0.00542589	-0.0360378	0.00478382	0
4354.675184832	3357.678341289	0.27956	0.0763051	0.840842	0.00490009	-0.0360124	0.00481643	0
4360.404870029	3353.630369225	0.262957	0.0492322	0.804753	0.00416487	-0.0341215	0.00371319	0
4364.784367486	3354.651017234	0.198725	0.0622726	0.732906	0.00384017	-0.0321148	0.0030363	0
4357.077773361	3350.096567828	0.191628	0.0969269	0.732723	0.00420767	-0.0327781	0.0033288	0
4340.852395982	3346.074881297	0.179204	0.117908	0.708451	0.00461805	-0.0328034	0.00384505	0
4345.280502085	3352.155814941	0.166511	0.173949	0.715995	0.00486877	-0.032489	0.00379908	0
4354.532662393	3350.241138259	0.170403	0.197158	0.702325	0.00562432	-0.0323573	0.00378434	0
4364.69847648	3354.418454379	0.177523	0.196582	0.694354	0.00529763	-0.032413	0.00367455	0
4361.483226892	3353.626041729	0.179227	0.172406	0.693311	0.00506606	-0.0323963	0.00375012	0
4382.917280289	3355.721351311	0.1874	0.118051	0.691868	0.00543618	-0.0325841	0.00339424	0
4372.881718496	3357.840221705	0.186112	0.0632801	0.660889	0.00481583	-0.0321669	0.0032352	0
4367.195450731	3359.189599153	0.17131	0.0450957	0.684878	0.00501411	-0.0324298	0.00313504	0
4374.448521466	3359.710661759	0.180363	0.0500854	0.705752	0.00547188	-0.0316786	0.00292665	0
4379.320240459	3357.212093636	0.153938	0.0562725	0.750726	0.00450994	-0.0325916	0.00287354	0
4362.089183221	3354.58610479	0.169226	0.0296	0.703039	0.00512118	-0.0329376	0.00278088	0
4360.235919588	3348.802005334	0.154002	0.0363743	0.667154	0.00584426	-0.0327436	0.00275689	0
4347.401821166	3351.039641459	0.173316	0.107437	0.696266	0.00526242	-0.0329082	0.00280743	0
4359.378897241	3349.299667405	0.162774	0.109619	0.686133	0.00577287	-0.0328519	0.00260663	0
4350.546281464	3351.227647131	0.166066	0.155147	0.660812	0.00577287	-0.0330776	0.00272282	0
4356.798391627	3352.314329527	0.184102	0.139484	0.685623	0.00516688	-0.0329944	0.00290316	0
4371.193629875	3350.361025934	0.170727	0.124028	0.676574	0.00541426	-0.0330427	0.00294829	0
4362.878719778	3355.964652767	0.168338	0.132698	0.701154	0.00496649	-0.0333654	0.00295249	0
4366.226109376	3353.664027529	0.186779	0.0781388	0.682537	0.00526812	-0.033205	0.00272829	0
4364.638069619	3352.442231083	0.172118	0.0703311	0.668111	0.00593609	-0.0332697	0.002502	0
4355.936649994	3352.256309021	0.188838	0.0614952	0.668292	0.00533084	-0.0334802	0.00265266	0
4359.839971488	3348.144065623	0.19921	0.0526328	0.67755	0.00615303	-0.0332212	0.0026291	0
4347.088460572	3352.370907533	0.191549	0.0610912	0.656819	0.00545511	-0.0336104	0.00260809	0
4353.280635803	3348.797357282	0.200789	0.110047	0.668076	0.00554778	-0.0336771	0.00291563	0
4354.691230404	3348.609992722	0.186193	0.0901799	0.66495	0.00547811	-0.0335711	0.00252189	0
4342.170964505	3353.436273004	0.189904	0.109813	0.682633	0.00539134	-0.0336781	0.0026932	0
4337.440824094	3358.095383707	0.195111	0.0926233	0.677884	0.00533084	-0.0334599	0.00250531	0
4355.695966405	3351.753838621	0.187116	0.0864421	0.679543	0.00576885	-0.03369	0.00254097	0
4338.294542941	3350.623560707	0.187209	0.0925931	0.687481	0.00533084	-0.0336341	0.00273512	0
4335.293077011	3351.110484176	0.190039	0.0910513	0.689568	0.00584483	-0.0335073	0.00265053	0
4354.846966844	3349.662696258	0.185057	0.0694571	0.68722	0.00550023	-0.0340045	0.00266073	0
4345.737800904	3350.89090381	0.187711	0.0745486	0.700421	0.00475118	-0.0339397	0.0031778	0
4337.730116329	3352.676877547	0.201239	0.0624317	0.702245	0.00534907	-0.0335764	0.00269135	0
4336.153402858	3349.735943139	0.182728	0.0644332	0.693757	0.0049717	-0.033952	0.00265296	0
4349.793083409	3347.003850496	0.192279	0.0677947	0.701558	0.00515404	-0.0339113	0.00283526	0
4343.370135091	3349.250943002	0.193649	0.0601418	0.693045	0.00503282	-0.0336887	0.00253013	0
4336.977390203	3347.308217733	0.182801	0.0990756	0.686846	0.00478154	-0.0338788	0.00250368	0
4349.928526919	3350.798103057	0.179564	0.0629915	0.687529	0.00534907	-0.0336351	0.00271844	0
4362.819256774	3354.849280674	0.188242	0.153874	0.741814	0.00392393	-0.0336552	0.00314145	0
4351.799723839	3344.398537465	0.194131	0.172945	0.777238	0.00326751	-0.0342124	0.00313161	0
4341.220500294	3347.05177351	0.195988	0.156486	0.782294	0.0042481	-0.0337307	0.00278873	0
4352.482132603	3347.3335416	0.185559	0.0612658	0.763067	0.00476509	-0.0338075	0.00282708	0
4352.415590669	3350.773260022	0.187942	0.0100252	0.750803	0.00532013	-0.0339681	0.00282866	0
4341.869402126	3349.822172509	0.173191	0.0486718	0.726202	0.00508443	-0.0341157	0.0033829	0
4349.84357977	3349.161187524	0.181655	0.0581299	0.741302	0.00524017	-0.0341849	0.00297161	0
4342.070443712	3348.031390443	0.192857	0.0928818	0.71601	0.0057948	-0.0340596	0.00264519	0
4353.230611371	3350.651288739	0.186597	0.161016	0.664741	0.0057948	-0.0342112	0.00268115	0
4362.978768642	3354.613672544	0.191465	0.185602	0.692106	0.00499897	-0.0341008	0.00313931	0
4353.049862715	3357.08146736	0.202859	0.153694	0.691169	0.00494256	-0.0337248	0.00313807	0
4355.238667586	3360.961468458	0.186741	0.200997	0.70691	0.00515685	-0.0342639	0.00288133	0
4376.620336908	3360.932939038	0.190857	0.150035	0.727404	0.00453183	-0.0345177	0.00291243	0
4369.217664805	3359.940019061	0.186806	0.0966943	0.723814	0.00476389	-0.0343469	0.0032022	0
4378.244715167	3363.807678781	0.204304	-0.0123153	0.706379	0.00463872	-0.0342461	0.00340056	0
4377.710491986	3357.143174251	0.204677	0.0149503	0.707463	0.00584716	-0.0342169	0.00285118	0
4371.383817103	3357.165933676	0.19262	0.048829	0.688621	0.00499897	-0.034384	0.00294931	0
4363.928760925	3357.822591165	0.203314	0.0893236	0.710654	0.00539077	-0.0345731	0.00320357	0
4352.62512697	3356.281040828	0.205893	0.129263	0.71147	0.00546887	-0.0346278	0.00299348	0
4359.304332521	3359.725727857	0.194135	0.207902	0.6933	0.00508633	-0.0345246	0.00288635	0
4365.787215773	3359.771887817	0.199195	0.229489	0.78768	0.00458447	-0.0340743	0.0034736	0
4377.736919988	3358.38308207	0.205573	0.190567	0.784526	0.00491357	-0.0341844	0.00353406	0
4367.922220783	3353.165884626	0.207792	0.163267	0.796924	0.00448024	-0.0342852	0.00378406	0
4365.706515981	3357.145418138	0.222781	0.0917298	0.771492	0.0052662	-0.0342296	0.00371565	0
4378.120126016	3352.305514257	0.219984	0.0509279	0.739192	0.00512733	-0.033979	0.00378406	0
4360.08301472	3347.794980924	0.214539	0.0375784	0.731464	0.00507312	-0.0340209	0.00378406	0
4356.034811144	3345.520961775	0.213337	0.0633547	0.726596	0.00418318	-0.0340798	0.00378406	0
4346.465042885	3346.436788207	0.220399	0.104321	0.756033	0.00474924	-0.0343189	0.00378406	0
4345.427271882	3338.631587716	0.225248	0.159128	0.733365	0.00474153	-0.0346734	0.00378406	0
4344.55137239	3342.862596845	0.217126	0.213238	0.731958	0.00458447	-0.0347289	0.00378406	0
4353.065436359	3346.698201037	0.223391	0.198855	0.738425	0.00525948	-0.0346661	0.00353406	0
4369.884971853	3347.938589689	0.215124	0.209594	0.711086	0.0051982	-0.0349005	0.00369765	0
4359.878197705	3349.171605571	0.21467	0.186935	0.710366	0.00481597	-0.0350448	0.0031382	0
4355.579400039	3356.131662068	0.217424	0.107364	0.714424	0.00591908	-0.0349032	0.00320496	0
4370.702824126	3357.266267478	0.215487	0.0582703	0.680807	0.00651559	-0.034873	0.00307214	0
4361.762608626	3359.247299103	0.220112	0.0426582	0.714181	0.00637991	-0.0350132	0.00313824	0
4364.484692822	3356.977767727	0.227403	0.0186464	0.734068	0.00654996	-0.0350329	0.00310417	0
4368.547054257	3358.171836142	0.217171	0.0271926	0.754038	0.00688366	-0.0356195	0.00279635	0
4352.793605482	3355.498725669	0.21675	0.0210596	0.702175	0.00731328	-0.0358946	0.00236014	0
4348.069600143	3353.562732061	0.197689	0.0804868	0.692225	0.00784713	-0.0363155	0.00259819	0
4356.412354028	3355.793796804	0.152944	0.116881	0.689738	0.00716112	-0.0370754	0.00230144	0
4364.304416095	3360.575359624	0.151391	0.150713	0.699905	0.00764692	-0.0377711	0.00228653	0
4362.874472421	3356.112108196	0.15835	0.125418	0.68067	0.00733282	-0.0375611	0.00249022	0
4359.841387274	3359.16940417	0.164763	0.109574	0.685405	0.00699468	-0.0376544	0.00255885	0
4342.283283513	3357.252323323	0.176493	0.0946322	0.698707	0.00758594	-0.0373004	0.00248206	0
