284.1381849356	254.209831007	0	0	0	0	-0	0
278.8045442792	254.6049523357	4.07081e-06	0.0355888	0.0324744	-0.000495269	-0.0001	0
273.9922373254	254.7251429612	-5.70969e-05	0.033141	0.0603698	-0.00160435	0.00108646	0.000274789
272.9831643446	255.8597420152	0.0106316	-0.0325793	0.0510805	-0.00111338	0.00376449	0.00135559
269.1621355721	255.5355112944	0.0179615	-0.0326958	0.0512379	-0.00200931	0.00716603	0.00190286
267.0112296213	254.4202829217	0.0180161	-0.0112738	0.0405839	-0.00152762	0.00608983	0.00141639
264.3454068803	254.6986392718	0.0181142	0.00976333	0.0510577	-0.00103736	0.00439764	0.00107736
264.8708927029	254.6395581309	0.0182131	0.0595264	0.0510141	-0.0015215	0.00344055	0.00107736
264.0613371714	254.9189962643	0.0182464	0.0836495	0.0974613	-0.00166905	0.00348947	0.000840106
263.6217516993	254.9056768081	0.0182968	0.0389916	0.118651	-0.00242181	0.00335217	0.000813521
261.6647551397	254.4085297975	0.0183122	-0.00318438	0.102631	-0.00200113	0.003104	0.000837269
261.9747621171	254.7435558135	0.00868857	-0.000716719	0.0874972	-0.00209758	0.00322424	0.000823699
262.3361583185	254.1821441172	0.00297337	-0.00318856	0.0821765	-0.00200531	0.00298142	0.00107736
261.599723236	254.4091946434	0.00206917	0.0135762	0.0906656	-0.00232677	0.00328388	0.000926082
262.3477519	253.9033933669	0.00586714	0.0411169	0.126551	-0.00252766	0.00293105	0.000846226
261.4494380654	254.2637962147	0.00215662	0.0555135	0.126491	-0.0021403	0.00366059	0.00107736
262.1288219421	254.0607590227	-0.00284426	-0.011831	0.111437	-0.00230968	0.0028733	0.00107736
261.8576399819	254.2281762478	0.00738187	-0.00751974	0.0967337	-0.00233247	0.00306091	0.00107736
262.0463187806	254.0076389581	0.00232097	-0.00275559	0.126558	-0.00255418	0.00288068	0.00107736
263.3158968419	255.3463344502	0.00691593	0.0289351	0.264987	-0.00388358	0.00318974	0.00107736
265.1913608654	255.1240617999	0.0186887	0.0760615	0.418461	-0.00354893	0.00250053	0.000963529
262.3599925651	254.1928041895	0.0237832	0.0704653	0.509797	-0.00457201	0.00276297	0.00107736
263.4522697147	254.6213368444	0.0150447	0.0232145	0.397819	-0.00375771	0.00247978	0.00119818
262.4300393669	254.8038652292	0.0185371	0.0234926	0.141125	-0.00316772	0.00314681	0.00107736
260.7027574922	253.584977231	0.0205471	0.0726737	0.139499	-0.00289163	0.00335786	0.000623135
263.0904960478	255.0433900684	0.0184931	0.0725252	0.221595	-0.0037394	0.00328683	0.00064583
262.1463471235	254.2203220507	0.0239422	0.116215	0.255944	-0.00360861	0.00268851	0.000996719
262.3944497679	254.4527476875	0.022491	0.123666	0.276898	-0.00433131	0.00220209	0.00100835
263.5616268463	254.1833385862	0.0188922	0.0613203	0.288701	-0.00426794	0.0022945	0.00121937
263.0423422418	254.6309264021	0.0189145	0.0304113	0.319691	-0.00433131	0.00226463	0.00127066
263.9438375709	254.2118931563	0.0158296	0.0102385	0.311257	-0.0041156	0.00208393	0.00109597
262.4592120534	254.2270155845	0.0189313	0.0635119	0.290265	-0.00444793	0.00215408	0.00119155
262.9832419379	253.5805824866	0.0190757	0.0964971	0.298812	-0.00404249	0.00170864	0.00104715
263.575862686	254.2050305939	0.0190205	0.152393	0.329238	-0.00422126	0.00175214	0.000773329
264.238799854	254.372898562	0.00709607	0.0731842	0.323933	-0.00387834	0.00140214	0.00071979
262.7214966138	254.1835188834	0.0190242	0.073163	0.333545	-0.00390286	0.00166273	0.000719791
264.0469395609	253.8657901307	0.0193403	0.0669985	0.321367	-0.00370683	0.00103487	0.000994781
261.934589009	254.3017037025	0.0193627	0.0957048	0.298198	-0.00339963	0.000789933	0.000934989
263.3623250916	254.089043147	0.011861	0.113992	0.299861	-0.00386802	0.000711204	0.00100373
261.8517623057	254.2217193541	0.0193118	0.111391	0.317345	-0.00519634	0.000978229	0.00102767
263.7153631296	254.3059857611	0.0143906	0.0383412	0.302648	-0.00518455	0.000931418	0.0010544
261.2866426115	254.3991881485	0.00799984	0.0607552	0.317299	-0.00486012	0.00106511	0.00120137
262.9824330834	253.81161082	0.00794413	0.0313436	0.304233	-0.00403268	0.000625777	0.00114911
260.6183130799	253.8886315331	0.00315547	0.0560746	0.279126	-0.00464562	0.00106511	0.00125924
263.4191606028	254.1535219356	7.25536e-05	0.0753225	0.256103	-0.00390934	0.000691312	0.00106747
260.7647696724	253.9181552007	0.0102095	0.124134	0.27229	-0.0047619	0.000958044	0.000984822
262.6604011354	253.9656973204	4.47445e-05	0.086331	0.328016	-0.00574977	0.000749855	0.000926234
260.3005410992	253.9658776176	-2.50606e-05	0.0449507	0.302592	-0.00522822	0.00106511	0.00125191
262.3714243757	253.8254373621	0.00559925	0.0454158	0.283033	-0.00469663	0.00106511	0.00114605
260.4190652488	253.842081048	0.00817419	0.0462216	0.26343	-0.00435793	0.00106511	0.0011748
262.3870083062	253.876900946	0.00777951	0.0695674	0.289448	-0.00504325	0.000862513	0.00114683
260.7642304361	253.8462616895	0.00962747	0.0748989	0.330051	-0.00560127	0.00106511	0.00111238
263.8076803926	254.3583170254	0.01195	0.0698643	0.367641	-0.00608409	0.00106511	0.00101392
260.3056099208	253.6647925508	0.0105557	0.0375631	0.336496	-0.00584066	0.000995726	0.00115616
262.8465994469	253.7625023683	0.00972661	0.0426358	0.327207	-0.00572713	0.00106511	0.00115368
260.394368224	253.5947696231	0.00782173	0.0408086	0.324471	-0.00548867	0.00106511	0.00109291
262.8792232461	254.3123750434	0.0124063	0.0622605	0.34787	-0.00662895	0.00106511	0.00118653
261.2906868841	254.1203810553	0.00915755	0.0787228	0.372296	-0.00691867	0.00123287	0.00118635
262.3418203002	254.3567056191	0.0170407	0.105593	0.40908	-0.00746079	0.00143023	0.00121512
261.7183552329	254.5667969394	0.0170898	0.046941	0.404843	-0.00740105	0.00122848	0.00106428
263.2470902837	254.7606502424	0.017196	0.0243516	0.372267	-0.00672515	0.00101743	0.00123799
260.9280504391	254.4656727435	0.0171506	0.0166448	0.344764	-0.00604886	0.00115497	0.00131475
262.123375655	254.7475561578	0.0171286	0.0416227	0.354629	-0.00638867	0.00122052	0.001318
261.5369561249	254.8575487225	0.0172389	0.0841565	0.359481	-0.0062022	0.000882805	0.00113749
262.8141913423	255.343021489	0.0171831	0.118032	0.39427	-0.00522155	0.000889519	0.000719792
262.0572113549	255.1959778483	0.0169758	0.0995816	0.370056	-0.00364888	0.00146865	0.000719791
262.6523125902	255.0911462911	0.0118521	0.0429007	0.332243	-0.00295965	0.00141752	0.000778099
262.00032192	255.1292678818	0.0170247	0.0427807	0.301486	-0.00326774	0.00141752	0.000904934
262.4977135288	254.9984397211	0.0107796	0.063898	0.309033	-0.00364818	0.00141752	0.000943082
262.4080924475	255.570105821	0.0171452	0.0866363	0.258054	-0.00298112	0.00104415	0.000989589
263.156929966	256.2931201575	0.0170619	0.114995	0.0872646	-0.00329046	0.000946883	0.000719791
263.1844849435	255.2292652201	0.000854808	0.125825	0.00142537	-0.00335037	0.00141752	0.000719792
262.1394448982	255.3715760591	-0.00807897	0.00812832	-0.109513	-0.00353807	0.00168678	0.000719792
262.9277005939	255.1090520574	-0.00808761	0.00950051	-0.0287951	-0.00284554	0.00129607	0.000937447
261.9999444546	255.8757433923	-0.00222431	-0.0348126	0.042788	-0.00305356	0.00126625	0.000719792
261.68982963	255.0875628841	-0.00817004	-0.0300484	0.0489316	-0.00220656	0.00124299	0.000795016
263.3177302455	256.0309680188	-0.00204947	0.0473891	0.226077	-0.00286255	0.00142833	0.00124976
263.6223987829	255.0460719894	0.0172779	0.0317912	0.300492	-0.00315106	0.00102712	0.00103401
262.5999527407	255.3292062155	0.019812	0.0217319	0.336978	-0.0027626	0.0012328	0.000981563
262.9229013904	254.4802430115	0.00772149	-0.0113674	0.325073	-0.00276874	0.000931623	0.000719792
261.5963799706	254.6729131141	-0.0289924	0.0242774	0.305785	-0.000698938	0.0015414	0.000521128
262.0933941139	253.7011675123	-0.0441126	0.061079	0.309144	-0.000444332	0.00158063	0.000213647
260.721253299	253.9717936197	-0.043168	0.12436	0.303334	-0.000753472	0.00148232	0.000213647
261.9642470082	254.3133103351	-0.0348627	0.0526111	0.28493	-0.00117705	0.0014342	0.00061706
262.4790559511	254.0647368298	-0.0050012	0.0966188	0.306222	-0.00164051	0.00123658	0.000787909
262.9528290078	254.5007180131	-0.00198246	0.136619	0.349476	-0.00207726	0.00136444	0.00112035
262.6872551056	254.2868179143	0.00641952	0.116699	0.39587	-0.00250942	0.00121735	0.000935237
264.1470218273	253.9492902746	-0.00868581	0.0612157	0.365161	-0.00188086	0.00136216	0.00111038
262.9908451704	253.8266318311	-4.81937e-05	0.0489334	0.327533	-0.00110553	0.00105505	0.00111038
262.9096361762	253.8610009861	-0.000975863	0.061071	0.310774	-0.00165066	0.00107245	0.00111038
262.7651747581	253.9832537609	-0.00281506	0.0841458	0.300558	-0.00112582	0.00090551	0.00111038
262.5788685994	253.8823774737	0.000797851	0.140981	0.321194	-0.00195058	0.000877556	0.00111038
263.7416778634	253.9402303399	-0.00252856	0.139154	0.332056	-0.00169825	0.000889704	0.00111038
262.93832355	254.1988328774	0.00590441	0.0851594	0.305054	-0.0012989	0.000978736	0.00111038
263.4172193519	254.0031089908	-0.00851134	0.0655969	0.300056	-0.000855815	0.000903802	0.00111038
262.4247009271	254.0384359748	0.00299918	0.0680489	0.28207	-0.000918835	0.00112627	0.000917056
262.0513336787	253.9550259795	-0.000250424	0.103496	0.275332	-0.000855815	0.000977794	0.00111038
261.8090547869	253.9166452116	-0.000665576	0.13834	0.29947	-0.00115422	0.00103609	0.00111038
261.973144408	254.7782630258	0.000231665	0.136171	0.359523	-0.00192137	0.000904126	0.000960503
262.6421749468	253.954958368	-0.00847435	0.08189	0.331612	-0.00169187	0.000896278	0.00111038
260.0052013505	254.5644305385	-0.00114092	0.0820286	0.341835	-0.00135181	0.000960763	0.00111038
261.8439973023	254.1489919683	-0.00406609	0.0631574	0.312832	-0.00108574	0.000873556	0.000954329
260.1754382661	254.2850938223	0.000585981	0.0887601	0.321924	-0.00128766	0.00101562	0.00111038
263.0508082525	254.6837084094	-6.91952e-07	0.140091	0.411558	-0.00166694	0.00095524	0.000955076
262.3543305835	255.4858957568	0.00508934	0.119285	0.472192	-0.00311547	0.00125861	0.00111038
263.0660147175	254.5659405276	0.00313598	0.0812768	0.484432	-0.00285274	0.00112373	0.00098696
260.1968998728	254.2602240763	0.00495625	0.0693198	0.441395	-0.00261219	0.00136217	0.00111038
262.9015476309	254.2254943268	-0.00857349	0.0693967	0.43795	-0.00244708	0.00113354	0.00111038
260.5616393396	254.213707397	0.00262212	0.0862362	0.425784	-0.00244708	0.00136217	0.00111038
263.4112877521	254.0057345689	-0.00215101	0.123637	0.444507	-0.00275515	0.00114382	0.000993552
261.5318873032	254.4376816021	0.000936209	0.152759	0.482823	-0.00333294	0.00136217	0.00111038
263.4848395902	254.6070708279	0.00932327	0.110683	0.534881	-0.00434642	0.00136217	0.000964156
261.8597969273	254.8894725967	0.0116688	0.0719024	0.568271	-0.00417274	0.00136217	0.00111038
263.5018794588	254.8249149281	0.00591458	0.0639032	0.584273	-0.00388301	0.00136217	0.00111038
261.4340698294	254.5521252542	0.010714	0.0945076	0.509097	-0.00387168	0.00136217	0.00111038
263.3836249274	255.3129569298	0.00741265	0.141036	0.434604	-0.00391124	0.00136217	0.00101249
262.2686459275	254.7523340337	0.00723588	0.169913	0.462124	-0.00443903	0.00178835	0.00111038
263.6700133526	255.3461428844	0.00718786	0.155479	0.583313	-0.00532057	0.00186626	0.000906269
262.3031570539	255.1488301287	0.0075469	0.100645	0.505157	-0.00336505	0.00121734	0.000984182
263.0128460135	254.9564417404	0.0149633	0.114237	0.53456	-0.0039216	0.000981761	0.00111038
261.0011169644	254.2334048668	0.00756823	0.0677714	0.508226	-0.00328595	0.00121734	0.00111038
262.7527723221	254.4054196707	0.0176623	0.121157	0.541149	-0.00448242	0.00121734	0.00111038
262.1256404476	253.9764250042	0.0143449	0.146141	0.563267	-0.00453874	0.00121734	0.00111038
262.6451946704	254.9578503124	0.0225785	0.169427	0.62253	-0.00548792	0.00121734	0.00111038
261.880233985	254.5167531959	0.0235029	0.0898257	0.569673	-0.00498306	0.00121734	0.00111038
261.7715239369	254.3996726972	0.0220211	0.125769	0.541443	-0.0045172	0.00103899	0.00111038
262.5436564658	254.0392698494	0.0206854	0.101021	0.535035	-0.00477395	0.00102852	0.000968486
262.1506610143	254.4492769662	0.0128004	0.126068	0.531184	-0.00529552	0.00121734	0.00111038
263.7162798314	254.1209106783	0.0228642	0.151064	0.568516	-0.00545021	0.000766269	0.000989638
262.9274309757	254.4994897383	0.0300914	0.176189	0.620167	-0.00677075	0.00121734	0.00111038
263.3264658743	254.6672788264	0.019188	0.0874485	0.589388	-0.00606879	0.00109551	0.00111038
262.1916969005	254.1698050271	0.0196244	0.0941616	0.555335	-0.00575546	0.0012296	0.00111038
262.4835855364	254.5277625941	0.0301364	0.0995233	0.551176	-0.00579352	0.00113152	0.00111038
262.048044337	254.1790903332	0.0176816	0.111119	0.534889	-0.00547315	0.00138614	0.00111038
261.2166497333	253.9940377876	0.0205518	0.177916	0.590713	-0.00648301	0.00138953	0.00102986
263.870555351	254.3799864959	0.0300716	0.152853	0.631125	-0.00638738	0.00126513	0.00111038
261.3274088795	254.6755724979	0.0299708	0.116409	0.630459	-0.00688454	0.00138953	0.000944491
263.1166490107	254.3143695812	0.0203263	0.0787836	0.575809	-0.00523435	0.00123998	0.000969366
261.2948929276	253.969900499	0.0231083	0.0838108	0.558106	-0.00567578	0.00131937	0.00111038
263.9008604338	254.8911516144	0.0223687	0.133746	0.679255	-0.00576978	0.00039471	0.00111038
262.6806224985	255.380895171	0.0194078	0.0839706	0.829021	-0.00727936	8.10927e-05	0.00145035
262.3713165285	254.9223430312	0.0200682	0.157282	0.810669	-0.00744196	0.00104389	0.00104202
260.6831292891	253.9508002637	0.0288543	0.20223	0.755044	-0.00722237	0.00103251	0.00114605
262.6690828407	254.8909938544	0.029088	0.117346	0.676222	-0.00618978	0.000702547	0.00116229
262.0434069043	255.167028878	0.0290083	0.113098	0.561995	-0.00487363	0.000889366	0.00112701
262.1523865706	254.8945096499	0.0231814	0.134737	0.521245	-0.00483086	0.000862585	0.000991299
261.1944331957	255.0018991737	0.0197682	0.155211	0.472591	-0.00495572	0.00123741	0.00119648
261.4130396118	254.3633878843	0.0289412	0.197996	0.521235	-0.00594326	0.00101941	0.00104739
261.5580941898	254.4307176225	0.0231077	0.173942	0.537397	-0.00620658	0.00133242	0.00101557
262.0414117299	255.084565443	0.0288401	0.104092	0.526858	-0.00559921	0.00124892	0.00108556
262.0500934351	254.8948589757	0.0244003	0.102386	0.471023	-0.00496705	0.00129653	0.00119648
262.065461671	254.9190188015	0.0223442	0.117631	0.505117	-0.00595762	0.00127781	0.00110572
263.3629182516	254.8689637894	0.0213703	0.122493	0.505119	-0.00606475	0.00114948	0.00119648
262.0942568921	255.0101139652	0.0237495	0.165775	0.52608	-0.00656493	0.00161144	0.000882389
264.0750876983	254.9505820812	0.0107916	0.132004	0.537593	-0.00658893	0.00135171	0.000552112
263.4926585172	255.0911688282	0.0152245	0.0998774	0.505027	-0.0057707	0.00125648	0.00076094
263.4199694573	254.9738404209	0.00944044	0.0816779	0.50503	-0.00558508	0.00101941	0.00076094
262.1448372617	255.1367164101	0.028688	0.134307	0.518644	-0.00488172	0.00141276	0.00076094
262.8590558066	255.5836393801	0.0287772	0.156158	0.605451	-0.00516299	0.0012215	0.00076094
261.3870484197	254.535064631	0.0285138	0.14459	0.640932	-0.00570979	0.00165845	0.00076094
262.1320034366	255.0848922317	0.0213728	0.094368	0.571908	-0.00546876	0.00127135	0.00076094
260.9762581687	255.2796582894	0.0226142	0.10617	0.507905	-0.00535311	0.00162172	0.000982451
261.5401376194	254.7519847079	0.0260841	0.102412	0.510679	-0.0055749	0.00139344	0.00076094
259.8749218485	254.3416846081	0.0285636	0.118452	0.505037	-0.00562675	0.00169724	0.000852924
260.9279965154	254.339802756	0.0286145	0.163491	0.537954	-0.00606932	0.00156616	0.00076094
261.8537574802	254.1588407032	0.021346	0.166088	0.574203	-0.00644757	0.00176262	0.000844509
260.180021775	254.4968866974	0.0236202	0.142212	0.593086	-0.00685879	0.00177784	0.000706578
262.461638617	254.2094366069	0.0211915	0.074896	0.546683	-0.00634264	0.00153284	0.000706486
261.1331759464	254.4436764842	0.0216198	0.0886409	0.513781	-0.00580988	0.00197339	0.00076094
261.4488449054	253.8403682245	0.0286529	0.0807584	0.515419	-0.00565603	0.00153103	0.000760941
260.8789799313	254.2572717095	0.02851	0.149251	0.532419	-0.00608263	0.00180267	0.000760941
261.0078574188	253.9764137356	0.0285827	0.163459	0.59313	-0.00737503	0.00167811	0.00076094
261.1459019243	254.1541980501	0.0232006	0.148416	0.5942	-0.00720299	0.00177419	0.000760941
260.0099466304	253.8786137695	0.0285448	0.11208	0.562031	-0.00663851	0.00176363	0.000831253
261.0681440427	253.8248175904	0.0182832	0.0719885	0.544156	-0.00596554	0.00142616	0.000760941
260.0288738263	253.9265052151	0.0208349	0.106956	0.55785	-0.00658756	0.00157023	0.00076094
261.3850532453	253.8022128281	0.0175657	0.10677	0.555259	-0.00604783	0.00157023	0.000836659
259.6198091316	254.1939761214	0.0224553	0.160822	0.591005	-0.00735718	0.00190052	0.000920968
262.411867102	253.9622265992	0.0230312	0.130868	0.617623	-0.00753671	0.00157023	0.000760941
260.9808416777	254.3009149022	0.023996	0.0808463	0.590528	-0.00753986	0.00217795	0.000760941
261.9219708784	254.3230125786	0.0284642	0.0648374	0.579584	-0.00692891	0.00190064	0.000872465
260.6936983216	254.080681864	0.0282763	0.0862918	0.566929	-0.00713659	0.00224383	0.000760941
261.8563997383	254.3282750033	0.0283896	0.107277	0.577435	-0.00750041	0.00206696	0.000901222
261.7255270763	254.3879533788	0.0281557	0.146591	0.61607	-0.00792915	0.00243301	0.000940992
261.5990222287	254.8707442243	0.0209671	0.132068	0.651682	-0.00883634	0.00232339	0.000760941
261.2662055538	254.5712254895	0.0204633	0.085005	0.60659	-0.00815071	0.00242646	0.000760941
261.0232256547	254.9515737159	0.0212775	0.0895181	0.5763	-0.00735241	0.00229151	0.00102416
262.8690316791	254.2272522246	0.0174125	0.111765	0.577931	-0.0066471	0.00216722	0.000909934
261.0487315341	254.8742712884	0.0280749	0.104757	0.598211	-0.00772687	0.00259479	0.000924297
262.8384030544	254.3969569705	0.0175479	0.149188	0.638077	-0.00777309	0.00214222	0.000760941
261.9854389968	254.6923514068	0.0280654	0.134671	0.701329	-0.00936949	0.00248745	0.000941396
262.0238865485	254.3742958654	0.0281962	0.0644109	0.66445	-0.00872472	0.00225402	0.000978583
260.5229760933	254.4596891299	0.0280799	0.0768723	0.610356	-0.00833443	0.00257399	0.00112416
260.7505877564	254.2078815435	0.0282037	0.0948523	0.607851	-0.00795535	0.00237915	0.00117031
260.6030526912	254.1882854908	0.0281014	0.133468	0.610422	-0.0084269	0.00259889	0.00125835
261.5359315758	254.8057583498	0.0250206	0.160879	0.673133	-0.00971703	0.00259889	0.00118541
260.8990934471	254.5370591688	0.0279108	0.164945	0.687467	-0.00896769	0.0027439	0.000922316
260.3740929372	254.8922446662	0.0201899	0.0834318	0.612663	-0.00608601	0.00245828	0.000573557
260.8648519389	254.5378592377	0.0250853	0.0589919	0.590227	-0.00757349	0.00259889	0.000866141
261.5875364945	254.6075891824	0.0280354	0.0641753	0.590159	-0.00718453	0.00259889	0.000927526
260.4725574946	254.4436990214	0.0279795	0.0821915	0.619807	-0.00803976	0.0027205	0.00100755
261.3523755225	254.4061408595	0.0279932	0.11466	0.611998	-0.00810585	0.00259889	0.000871117
260.3797549189	254.4838038813	0.0277336	0.17947	0.623261	-0.00843314	0.00310531	0.000876082
261.7260663127	254.5305797379	0.0256152	0.139589	0.651406	-0.00873311	0.00293512	0.000876629
260.6324949959	254.4144007253	0.0278601	0.0880433	0.624286	-0.00785334	0.00289871	0.000954698
261.4833560318	254.7886301152	0.0251014	0.0805096	0.608088	-0.00791784	0.00307555	0.00087025
261.8567772038	254.8707667615	0.0278846	0.114715	0.559433	-0.00738336	0.00290531	0.00103348
263.6181927394	256.6129223281	0.0201593	0.120063	0.391612	-0.00698974	0.00259889	0.000868085
261.8924746501	255.4942345027	0.0119324	0.173968	0.294358	-0.0064246	0.00280417	0.00119799
263.182489769	256.0758732919	-0.00666924	0.11679	0.212486	-0.00365989	0.00213244	0.00177132
261.4272754514	254.86263085	0.00587651	0.0655511	0.367386	5.28946e-05	0.00316715	0.00128623
262.3503402345	254.6659829403	0.000937948	0.0237541	0.835595	0.000424399	0.00337874	0.00111887
261.3042756401	253.9015791262	0.0237396	0.0356009	1.19877	0.00322812	0.00214568	0.000770548
259.7543486008	254.0710697692	0.034024	0.064548	1.51912	0.00375647	0.00025694	0.000770548
257.7163587415	253.2531289533	0.0417947	0.0450309	1.47277	0.00515533	0.000955942	0.000770548
257.5310771318	253.6665842543	0.0368805	0.136426	1.52548	0.00368862	0.000513317	0.000546634
258.5224092367	255.1339218034	0.0175108	0.129685	1.43459	0.000710851	0.00170345	7.80861e-05
260.2547599331	257.080309031	0.00854341	0.18318	1.58892	-0.006242	0.00121446	0.000643026
259.9060897095	256.7750320542	0.0190649	0.357148	1.16968	-0.0109992	0.00171357	-0.000589024
261.4719781448	256.0893505081	0.0235089	0.312928	1.08535	-0.0109352	0.00182765	-0.000176443
260.3245910403	255.5528761692	0.0216971	0.288276	1.10313	-0.0093539	0.00210541	-0.000106576
262.0744129944	256.212369546	0.0275467	0.272211	1.15036	-0.0081673	0.00195864	-0.000176443
261.491444577	255.9533049969	0.0294893	0.227343	1.17223	-0.00559251	0.00105242	6.027e-05
262.0025867127	255.9246039353	0.0525104	0.157009	1.13197	-0.00618611	0.00136463	0.000517962
261.8437276841	255.721972412	0.0571917	0.102707	1.17259	-0.0058827	0.00048523	0.000743529
260.6007339749	254.907750226	0.0241069	0.13343	1.11887	-0.00520791	0.000783964	0.000507277
261.3999361685	255.4184082586	0.0110177	0.163059	1.05833	-0.00536301	0.00048523	1.62727e-05
260.8551996082	255.3851096182	0.0289615	0.177891	1.00181	-0.00539119	0.00048523	0.00018935
260.6226269707	255.0181935338	0.0205277	0.175264	0.93671	-0.00433708	0.000236924	7.14888e-05
260.8110900749	255.3363392238	0.0296598	0.252096	0.958533	-0.00345059	-0.000358471	0.000124684
261.7185170038	255.6894963776	0.0294356	0.256024	0.884126	-0.00327569	1.71374e-05	0.000424176
260.1541923539	254.9524864705	0.0294208	0.218463	0.903329	-0.00355456	2.11346e-05	0.000424176
260.6267790906	255.6410189662	0.0290254	0.17075	0.873018	-0.00377262	0.000485229	0.000424176
260.5300940131	255.1678064097	0.0295647	0.172892	0.871862	-0.00358327	-0.000118952	0.000424176
260.6902472089	254.9192554415	0.0293081	0.184093	0.915033	-0.00398659	0.000114816	0.000234834
260.4406886264	254.9568699463	0.0297747	0.126645	0.912357	-0.00394176	-0.000364327	0.000237043
261.3982645358	254.8377272983	0.0296598	0.0932401	0.875491	-0.00366242	-0.000237492	0.000424176
259.8267680425	254.4308753826	0.0296486	0.108344	0.856707	-0.00335399	-0.000219794	0.000424176
260.1870318476	254.9061162826	0.029971	0.158755	0.837189	-0.00327942	-0.000624075	0.000309328
261.1168910087	254.579891024	0.0303975	0.177021	0.875317	-0.00261313	-0.00108474	0.000267619
260.3182819751	255.4754835931	0.0348726	0.237912	0.954121	-0.00155898	-0.000999358	1.87247e-05
260.4065549655	254.9328115378	0.0481095	0.245863	1.13678	0.000248002	-0.0018108	-4.70209e-05
258.3208966129	254.3580803853	0.0699238	0.246309	1.17103	5.71936e-05	-0.000395518	-0.000333741
260.8951570217	255.2839741538	0.0743601	0.218043	1.37284	0.00120648	-0.000549514	-0.000744859
258.506555688	255.1380573706	0.0874855	0.216489	1.45826	0.00245642	-0.000549514	-0.000755188
258.1902935691	255.2463821862	0.101379	0.184454	1.56645	0.00225972	-0.000956551	-0.000618257
257.5633234655	254.6772515157	0.105527	0.0901472	1.60453	0.00136752	-0.00149185	-0.000755189
258.0626024015	254.4934610505	0.0910906	0.0952216	1.62045	0.00114766	-0.00151976	-0.00142853
257.9174399762	255.0459593036	0.0895951	0.1227	1.67852	0.000846853	-0.00208286	-0.00157074
257.0801676964	253.5456611714	0.109287	0.188985	1.60415	0.000495168	-0.00194734	-0.00165122
256.9173183188	254.2620608541	0.112921	0.395078	1.5195	0.00243586	-0.00255473	-0.00195137
259.1579531982	255.028988829	0.108463	0.476952	1.3029	0.00647483	-0.00223239	-0.00170031
259.6744337738	254.8912079573	0.0884941	0.483682	1.14819	0.00762655	-0.00213957	-0.00197767
260.7037281177	255.5584203083	0.0907425	0.374693	0.911418	0.00648146	-0.000890535	-0.00239504
262.6110610095	256.1458173395	0.064568	0.356297	0.809315	0.0105005	-0.00136323	-0.00281085
262.7873373721	256.2376449607	0.0729288	0.392035	0.837497	0.0184076	-0.00159748	-0.00281085
262.5753096395	255.6526932103	0.0682975	0.261917	0.840419	0.0223572	-0.00172836	-0.00281085
262.6825098258	256.5351691577	0.0785723	0.290592	0.84447	0.0263917	-0.00113682	-0.00265832
263.3264119507	256.2477303357	0.0766066	0.301141	0.861616	0.0274622	-0.00120425	-0.00236674
263.3891790618	255.8615562558	0.0667453	0.391198	0.863855	0.0281485	-0.000746253	-0.00208765
263.6444535496	256.5359354208	0.073525	0.438076	0.919239	0.0261489	-0.000647293	-0.00195115
264.9754506311	256.4730567699	0.0726038	0.471847	0.879632	0.0256869	-0.000840055	-0.0014625
264.5326297409	256.4717834209	0.0557532	0.547278	0.890984	0.0203826	-5.73218e-05	-0.00146249
264.9882844562	256.5752064061	0.0341386	0.590036	0.805989	0.0169433	0.000416755	-0.0018204
264.1346733149	256.5337831229	0.0256072	0.594935	0.784398	0.0149824	0.00080328	-0.00130944
264.0723375929	256.4418878903	0.0312547	0.500769	0.761325	0.0142688	0.00105081	-0.00113233
264.0263407323	256.5983745972	0.0407552	0.475939	0.750986	0.0149727	0.00147586	-0.000709448
265.1131176711	255.5777684523	0.0347916	0.439129	0.730571	0.0148066	0.000729092	-0.000414271
264.4202528856	256.0238462791	0.0408163	0.389321	0.698055	0.0125465	0.00124505	1.2979e-05
262.4905416853	255.6466532539	0.0341135	0.371074	0.725165	0.0107705	0.00081291	-0.000406662
263.8487702024	255.2956258608	0.0246704	0.367644	0.73436	0.011482	0.000504693	-0.000844796
260.7999278824	255.1683585699	0.028583	0.347487	0.698272	0.0102513	0.000987815	-0.000806941
261.6715495177	254.6806546255	0.0252994	0.368453	0.687924	0.00954477	0.000728271	-0.000707657
260.2838247723	254.3959991416	0.0223752	0.367465	0.657175	0.00831631	0.00102243	-0.000664078
260.0437567495	254.642341469	0.0274163	0.391587	0.668216	0.00768444	0.00118197	-0.000784143
260.3305226402	253.8600656944	0.036852	0.393086	0.687036	0.00822786	0.000683299	-0.00120159
260.524647726	254.8794097588	0.0792083	0.356291	0.777418	0.00922327	0.000461001	-0.00160446
260.7903294754	254.4153923599	0.112679	0.32282	1.12764	0.0109511	0.00117056	-0.00242509
258.1871659982	254.0346159277	0.116576	0.262968	1.46289	0.00665577	0.000709715	-0.00170913
258.2851991666	253.9799182626	0.121994	0.246523	1.55602	0.00818714	0.000382453	-0.000901638
257.0629121332	253.1713979758	0.124195	0.252023	1.68069	0.0114699	0.000909875	-0.000721093
256.1475584299	252.5624554283	0.14313	0.247146	1.77743	0.0113273	0.000417531	-0.00114957
255.6152782293	252.8275599338	0.158696	0.195876	1.77505	0.00933107	-0.000246175	-0.0019992
256.9065335918	252.8518324452	0.150217	0.176572	1.65451	0.00905835	-0.000594376	-0.00200598
256.589516542	252.9837085835	0.153302	0.273712	1.55759	0.00828566	-0.000577517	-0.00220188
257.505193787	252.8957686208	0.150381	0.330458	1.49298	0.00836547	-0.00069161	-0.00229624
257.7129615525	253.6369929752	0.167349	0.36665	1.43013	0.0066529	-0.000180559	-0.00271639
258.9640438069	253.4792441878	0.172588	0.348684	1.35895	0.00610783	0.00100154	-0.00303484
259.8421902021	254.2475581975	0.164738	0.326609	1.2598	0.00447833	0.00131393	-0.00350691
259.6590116142	254.2249196295	0.161861	0.291844	1.18913	0.00262734	0.00100154	-0.00382348
259.5036036982	254.205053131	0.14575	0.231065	1.14544	0.00215612	0.00128816	-0.00337438
259.1314227698	254.3023572798	0.15398	0.191837	1.15122	0.00228036	0.0014676	-0.00331632
261.0904684275	255.0622085894	0.148148	0.223203	1.29689	0.00397006	0.000527381	-0.00276765
260.3501508433	255.6323421631	0.138109	0.191657	1.39926	0.00423063	0.0010413	-0.00225044
260.7843978756	254.6232074279	0.128894	0.127614	1.43491	0.00247309	0.00115366	-0.00175106
260.4483997062	254.5936161489	0.124575	0.103668	1.33745	0.00272475	0.00146943	-0.00142372
261.3541550024	254.2518627933	0.113059	0.138602	1.32453	0.00330298	0.000527381	-0.00127308
259.322096743	254.7038002794	0.113508	0.176624	1.27358	0.00382275	0.00138301	-0.0013684
260.7182874991	254.7497986043	0.100767	0.210965	1.35901	0.00332049	0.00181863	-0.00126504
259.6386284802	254.6369325528	0.0964053	0.258715	1.29519	0.00273776	0.00150417	-0.000906235
259.948257992	255.1093788461	0.0909583	0.314697	1.31375	0.00223022	0.000640703	-0.000209923
259.4328019656	254.7243654295	0.0881015	0.278707	1.24425	0.00145787	0.00150417	0.000196506
258.8862320017	254.9775139765	0.0827764	0.237891	1.27083	0.0009183	0.00170962	0.000408624
259.1365455152	254.2576886468	0.0756594	0.150667	1.21355	0.000172726	0.00150417	0.000600833
257.6939265094	254.3819584966	0.0680257	0.134384	1.25818	0.000468805	0.00171787	0.000600833
258.4964719683	253.9225724822	0.0678357	0.0643844	1.2374	0.000507945	0.00150417	0.000793035
258.0828237646	254.8442405349	0.0562494	0.0445675	0.952941	-9.87346e-05	0.00170147	0.000995265
260.4358894229	254.6297319331	0.042793	0.0436222	0.568755	-0.00124588	0.00162441	0.00112964
256.6798386305	253.5249382612	0.0455134	0.0704475	0.613458	-0.00113157	0.00181283	0.00132191
258.5584302249	253.2309523969	0.0396387	0.0487763	0.684738	-0.0012732	0.00169947	0.00103024
257.7882928705	253.6486221451	0.0457746	0.106974	0.750241	-0.00186656	0.00160744	0.00132118
259.5932247795	254.8987917086	0.0487851	0.114882	1.29901	-0.00152043	0.00119731	0.00128252
257.228080227	254.0584376962	0.0493938	0.0654165	1.38485	-0.00283374	0.00122777	0.00130175
257.9683978112	253.723839886	0.0476362	0.0767022	1.39363	-0.00289952	0.000809858	0.00129603
255.898053771	253.5961218521	0.0503257	0.0929605	1.33595	-0.0049136	0.00102717	0.00137096
259.7049006275	253.5399705408	0.0496018	0.0680085	1.43225	-0.00405283	0.00029059	0.00132617
257.2457132557	253.5254340785	0.0533072	0.088807	1.3628	-0.00541717	0.000719186	0.00151997
259.9306249634	253.5057591458	0.0501052	0.117543	1.36012	-0.00536732	0.000282522	0.00137905
257.1415867166	253.1291182808	0.0556643	0.110294	1.3233	-0.00727387	0.000646438	0.00153967
259.2024941207	253.2884784744	0.0579798	0.129675	1.34191	-0.00630289	-0.000190575	0.00154569
257.1478957819	252.8705157433	0.0581682	0.132589	1.32649	-0.00640489	0.000325801	0.00159656
259.3507301932	253.4876618137	0.0498577	0.177375	1.38365	-0.00673627	-0.000190575	0.00159089
258.8566818498	253.2830470211	0.0537186	0.162685	1.45129	-0.00725563	-0.000190575	0.00150245
259.237760178	253.8816450163	0.057336	0.126916	1.4583	-0.00863021	-0.000190575	0.00160292
257.6495473578	253.6886368564	0.0515548	0.0138719	1.4226	-0.00815808	-0.0003652	0.00160879
258.7895469243	253.5282737595	0.0507622	0.0699135	1.38512	-0.00890312	-0.000190575	0.00138134
258.4194690176	253.3534756175	0.0529769	0.05939	1.37747	-0.00917053	-0.000190575	0.00160533
258.6883322615	253.2526782103	0.0550771	0.0837704	1.34497	-0.0099339	-8.71438e-05	0.00177596
258.3781635132	253.6546395643	0.0586269	0.12577	1.43493	-0.0092284	-0.000515627	0.00177596
259.1099611631	254.5577595419	0.0621149	0.166643	1.5083	-0.00870256	-0.000218444	0.00167032
258.1073050949	253.981101463	0.0642947	0.131404	1.54594	-0.00864787	-0.000594611	0.00177596
258.6516641897	254.150513226	0.0622073	0.0504228	1.47929	-0.00838559	-0.000334277	0.00154875
258.4316018355	254.047056435	0.0637267	0.0299388	1.43409	-0.00717061	0.000105693	0.00177596
258.5581606067	254.0827102076	0.0470418	0.087734	1.38248	-0.00810302	-0.000432128	0.00177596
259.2412652142	254.1460396015	0.0500438	0.0900312	1.31481	-0.00746508	-0.000211276	0.00140991
259.1228489119	254.4263116095	0.0537584	0.157487	1.35818	-0.00731881	-0.000842834	0.00152136
259.7973257378	254.3606721577	0.0554981	0.188398	1.44158	-0.00642598	-0.00108196	0.00160498
260.3272872221	255.3116835808	0.0618006	0.156187	1.51075	-0.00772258	-0.000640408	0.00123203
259.7020965985	255.0522697059	0.0600457	0.0720781	1.4296	-0.00734017	-0.00040241	0.00147862
260.6024595312	255.4651953838	0.0649032	0.048014	1.33677	-0.0081764	-0.000138862	0.00156196
260.0240746228	255.377232884	0.0546846	0.0654814	1.25693	-0.00758759	-0.000317326	0.00160242
259.2929240565	254.8180523656	0.0649453	0.114502	1.29622	-0.00699747	-0.000613412	0.00139408
260.6979043651	254.9036146588	0.0626606	0.135457	1.37592	-0.00691216	-0.00092465	0.00155838
261.1687655455	255.9047487054	0.072292	0.160936	1.49361	-0.00820117	-0.000633873	0.00139575
262.1050955427	256.1112453501	0.0747896	0.10789	1.57047	-0.00740245	-0.000830249	0.00177596
260.4634444003	255.8115801238	0.0713872	0.0949478	1.53813	-0.00812845	-0.000780584	0.00177596
261.6911237972	255.4954965831	0.068984	0.0971606	1.57437	-0.00749347	-0.00134707	0.00177596
259.496108313	255.5211889351	0.0676897	0.142089	1.47237	-0.00904256	-0.00103527	0.00177596
260.8886861856	255.0975243048	0.062435	0.162252	1.48436	-0.00919149	-0.00131943	0.00177596
259.7046310093	254.773293584	0.0628515	0.164624	1.49633	-0.0090868	-0.00118959	0.00162548
259.6193238188	255.2248817442	0.0658662	0.175132	1.55852	-0.0112877	-0.0012053	0.00177596
259.1118484903	254.8859680697	0.0587179	0.117045	1.51302	-0.0102483	-0.0017199	0.00142228
258.1610130353	254.8098713799	0.0636205	0.130086	1.52446	-0.0095721	-0.0017199	0.00136901
259.0788472258	254.2305764544	0.0636035	0.113685	1.53828	-0.0090057	-0.00253969	0.00145035
258.2147748993	254.4257256436	0.0679439	0.130637	1.51774	-0.00990052	-0.00222239	0.001579
257.2759644149	254.194517013	0.0646426	0.102685	1.54937	-0.0099385	-0.00228592	0.00166213
257.6637831974	254.4887057117	0.0560507	0.157832	1.55984	-0.0106161	-0.00162749	0.00172027
259.3411857098	254.4850096189	0.0615834	0.136636	1.62667	-0.0105292	-0.00189333	0.00137156
258.1906171109	254.3779581524	0.0653147	0.127792	1.5886	-0.0106506	-0.00155781	0.00170742
258.5392334108	254.3326922849	0.0642775	0.103602	1.56337	-0.00995668	-0.00191025	0.00172183
258.9323367096	254.6407413313	0.065444	0.126637	1.50618	-0.0109264	-0.000709507	0.00177596
260.6909482162	254.1653539398	0.0614377	0.129051	1.54073	-0.0102204	-0.00191025	0.00170935
258.6063683363	254.284834645	0.0638814	0.141091	1.52804	-0.0112692	-0.00106102	0.00177596
260.4966074358	254.1832484376	0.0667369	0.158419	1.61548	-0.0114643	-0.00125098	0.00177596
258.7088232427	254.2693178167	0.0741434	0.157974	1.62371	-0.0118251	-0.00111856	0.00177596
260.4439779681	254.5197957113	0.0708187	0.119833	1.60091	-0.011178	-0.00168039	0.0014318
258.8471373664	254.5348617966	0.0672496	0.0920061	1.54212	-0.0100352	-0.00168039	0.00177596
259.9922057545	254.3954019071	0.0679765	0.111128	1.52656	-0.00922456	-0.00223256	0.00151586
260.3152622515	254.710392396	0.0668906	0.110936	1.55561	-0.00944532	-0.00215583	0.00135194
259.492117964	254.8379301327	0.0714437	0.184822	1.55672	-0.0122413	-0.00180497	0.000897836
260.2833394596	255.0805876359	0.0718601	0.231083	1.49437	-0.0112848	-0.00190583	0.000840682
260.9132214395	254.9432011643	0.0812791	0.268799	1.60745	-0.010115	-0.00137904	0.00035333
261.1325827864	256.0731575652	0.106257	0.215109	1.7611	-0.00940964	-0.00124601	0.000752971
261.155392484	255.9361654937	0.108458	0.0835424	1.67566	-0.0105588	-0.00170422	0.000479462
259.1892828301	255.4901327412	0.0999189	0.125628	1.45796	-0.0117034	-0.00128373	-0.000120413
259.0833228875	255.3338263315	0.101635	0.179747	1.34291	-0.0130081	-0.00096726	-0.000263672
258.2150445175	254.2473666317	0.100586	0.218748	1.29588	-0.0142481	-0.00155274	2.41378e-05
259.2298334036	255.0930619489	0.0871842	0.342963	1.26707	-0.0164895	-0.00134477	0.000344085
259.884897721	255.5446613777	0.0793547	0.253537	1.12037	-0.0159422	0.000381085	0.000486956
259.5542919151	255.2723337154	0.071482	0.18413	1.08741	-0.0155743	-0.000161242	0.00069016
259.6709826611	255.2213208744	0.0655938	0.155718	0.972563	-0.0151413	-0.000114934	0.000509823
259.4910934149	255.3282483866	0.0660504	0.15568	0.915043	-0.0152034	-0.000318841	0.000601856
258.4624461547	255.089185559	0.0651938	0.134167	0.891051	-0.0143199	-0.000212284	0.000519392
261.3630524022	255.2092522301	0.0574714	0.123194	0.763844	-0.00986445	-0.000579267	0.000995021
259.0805188584	254.6153532309	0.0616451	0.159066	0.795101	-0.00941932	-0.000579267	0.00130171
260.5120295954	254.746992729	0.0631083	0.0797507	0.811343	-0.00889914	-0.000982591	0.00127524
259.2889337075	254.5637431554	0.062801	0.0508404	0.801691	-0.00882966	-0.000579267	0.00147041
260.5615854159	254.4807388288	0.0554971	0.0616392	0.803678	-0.00885889	-0.000579267	0.00116057
258.8883889471	254.5458937319	0.0626787	0.0893391	0.784193	-0.00815469	-0.000451976	0.00123491
260.4666798184	254.1415096342	0.0628722	0.12248	0.806592	-0.00920372	-0.000725795	0.0011775
258.3272056782	254.3590269456	0.062801	0.149986	0.83618	-0.00988047	-0.000579267	0.00147041
260.4369678956	254.550987128	0.0629821	0.144745	0.906517	-0.0115094	-0.000834969	0.00134908
259.1019804651	254.3308329699	0.0597536	0.119476	0.890717	-0.0112618	-0.000579267	0.00134309
260.2405780171	254.2107775673	0.054831	0.0895769	0.879049	-0.0107084	-0.000773172	0.00141516
259.3343374081	254.4648163317	0.0627363	0.0821612	0.880803	-0.0111616	-0.000579267	0.00141041
259.2867767621	254.3456060723	0.0517403	0.0678974	0.892977	-0.0112964	-0.000579267	0.00134067
259.1340650279	254.2938833111	0.0517039	0.0930962	0.864276	-0.0105048	-0.000209492	0.001311
260.8520181138	255.6406020289	0.0491982	0.110723	1.0121	-0.0118114	-0.00033938	0.0013961
260.8094723658	255.1962482941	0.0454673	0.0569834	1.12373	-0.010947	-0.00026683	0.00145305
259.826983737	254.3010163194	0.0460533	0.0453895	1.15081	-0.0114776	-0.000505166	0.00159471
258.3849578912	253.909917872	0.0443935	0.0527709	1.12536	-0.0114088	-6.006e-05	0.00141532
259.8099438684	254.8574134996	0.0476087	0.0724991	1.23479	-0.0117819	-0.000334876	0.00150431
258.7849634153	254.2459580598	0.0419667	0.101184	1.21109	-0.0109778	-0.000163673	0.00154141
258.6852046906	254.4135893879	0.0487525	0.156849	1.25339	-0.0122624	-0.000466091	0.00150026
257.8924194096	254.211769202	0.0476131	0.159469	1.28324	-0.0134592	-0.000157533	0.00136138
259.2105826659	254.7615179227	0.0459583	0.140142	1.28745	-0.0136637	-0.000334876	0.00164761
257.9662408659	254.5183082593	0.0474014	0.114812	1.20543	-0.0137424	-0.000334876	0.00148945
259.118103632	254.5474713325	0.0455356	0.102864	1.18704	-0.0129282	-0.000334876	0.00168447
259.221798782	254.4311120226	0.0414497	0.127784	1.14394	-0.0125215	-0.000141509	0.00148038
259.4982652584	254.5628642065	0.0457188	0.144081	1.20559	-0.013211	-0.000334876	0.00129064
259.8405185694	254.3296497695	0.0463122	0.142747	1.23254	-0.0133089	-0.000334876	0.00143353
259.6192159716	254.8933602552	0.0486981	0.161794	1.30729	-0.013975	-0.000334876	0.00156816
260.4388012992	254.4081692031	0.0505004	0.0937029	1.24914	-0.0131634	-0.000631578	0.00142366
259.3839471523	254.5124711372	0.0519716	0.0937184	1.2116	-0.0125802	-0.000666843	0.00146258
260.724219099	253.8469828783	0.0458143	0.0734846	1.16152	-0.0117635	-0.000631163	0.00149625
258.1640866825	253.9198342184	0.0531342	0.142245	1.15898	-0.0121214	-0.000785446	0.00143545
259.7763494438	253.8049961662	0.0522475	0.158267	1.22849	-0.0120637	-0.000785446	0.00125597
259.417811195	254.3492683593	0.0625676	0.174618	1.27045	-0.0133155	-0.000471936	0.00165513
260.3950153076	254.1538599929	0.0567145	0.120469	1.26575	-0.01343	-0.000785446	0.00140574
258.2569431819	253.8871553497	0.0628678	0.10755	1.20272	-0.0130775	-0.000785446	0.00158703
260.5334372785	254.1285845782	0.0519799	0.0992548	1.1872	-0.0121904	-0.000785446	0.00122182
258.8625056023	254.1857725985	0.0626973	0.12409	1.14642	-0.0120369	-0.000610642	0.00132008
259.7389264412	254.1265900403	0.0628621	0.156646	1.21492	-0.012618	-0.000724439	0.00159613
260.7303124697	255.2524559483	0.0627393	0.134745	1.32154	-0.012852	-0.000634199	0.00166141
260.4160455252	255.9134029714	0.0625381	0.124505	1.53783	-0.0109387	-0.000785446	0.000884839
261.2082376463	255.5344182426	0.0769981	0.130713	1.74891	-0.00573506	-0.000873803	0.00081234
260.0390653933	255.396051405	0.088113	0.12401	1.92811	-0.00600041	-0.00112771	0.000695844
258.5063939171	255.2456609973	0.0845306	0.102696	1.81392	-0.00422252	-0.00120305	0.00059546
258.6756062836	255.5221354954	0.0769831	0.133398	1.63102	-0.00164138	-0.00159099	0.000367025
258.2305745244	254.8471929017	0.073276	0.212614	1.49906	-0.00238808	-0.00136743	0.000126717
258.7057495955	255.2320147525	0.0768183	0.178407	1.36961	-0.00866287	-0.00207799	-4.96666e-05
260.0925576392	255.7560147784	0.0796281	0.225453	1.21809	-0.0105981	-0.00158086	-0.000538443
260.5483202018	255.8476621023	0.0351222	0.262878	0.99889	-0.00795831	-0.000839047	-0.000886699
261.5449907465	255.4698718426	0.0495969	0.201927	0.824437	-0.00522362	-0.000702874	-0.000217876
261.1616476257	255.8426588548	0.0623826	0.191929	0.830011	-0.00649803	-0.00101388	-0.000217876
260.1650849282	255.5985251682	0.0729885	0.125218	0.812815	-0.00663467	-0.00117106	0.000156796
260.7129490593	255.5685056833	0.0728812	0.0797472	0.834057	-0.00780098	-0.00109945	-2.06081e-05
260.6240829089	255.9017287272	0.0731086	0.112433	0.919267	-0.00954034	-0.00142722	-0.000130774
262.0025867127	255.7742924077	0.066422	0.0600039	0.954229	-0.00991712	-0.00130738	0.000133
260.1976548037	255.5301699897	0.0639521	0.0867867	0.96077	-0.0101525	-0.00142722	-0.000175894
261.3584688932	255.610661424	0.0639534	0.0945298	0.866829	-0.00760622	-0.00142722	0.000106398
259.8025563304	255.2237098124	0.0558389	0.149976	0.888046	-0.00772967	-0.0018941	-5.89492e-05
262.0312201629	255.1371333474	0.0567988	0.15833	0.869484	-0.0075049	-0.001937	0.000142406
258.5421452871	255.513334738	0.0566233	0.190458	0.894769	-0.0082908	-0.00173796	0.000169867
260.7027574922	255.1241406799	0.0570317	0.2243	0.962461	-0.00879486	-0.00204858	0.000152169
260.2870062668	254.9023863841	0.0484424	0.178624	1.00013	-0.00888178	-0.00148075	0.000178823
258.3212740784	255.2320823639	0.0501939	0.137325	1.01582	-0.00979621	-0.0018888	0.000197401
259.0385662704	254.5348392594	0.0397094	0.0923912	0.981075	-0.00883971	-0.00169777	0.000199884
257.3212063446	254.9850751906	0.0388908	0.0980982	0.977801	-0.00916405	-0.00148075	0.00017016
258.2976555262	254.1577701885	0.0448067	0.0947377	1.00955	-0.00923869	-0.00171643	7.07408e-05
256.2839852263	254.0546063805	0.0564355	0.0886486	0.993021	-0.00996276	-0.0013914	6.28906e-05
257.205486224	254.1981680314	0.0566526	0.100652	1.01369	-0.0101687	-0.00161288	0.000112198
255.9721448454	253.4604256669	0.0440003	0.110296	0.996375	-0.00957381	-0.00129101	0.000239717
256.6945058592	253.5741932044	0.0565179	0.170038	1.05346	-0.0106432	-0.00142107	5.9087e-05
257.2837833419	253.6821348884	0.0484307	0.137013	1.08861	-0.0112832	-0.00162325	-1.85275e-05
256.9077199118	253.7303643912	0.0478478	0.106095	1.06847	-0.0111451	-0.00149623	2.61751e-06
257.5103165324	253.4202531955	0.0369136	0.0752826	1.02717	-0.0101845	-0.00167737	3.93197e-05
258.1226194072	253.4501261889	0.0441205	0.117492	1.02154	-0.0100017	-0.00149623	0.000178632
258.3517409321	253.1297718581	0.0435307	0.0772782	1.00087	-0.00980245	-0.00149623	0.000232309
257.7309720466	253.1930787149	0.0469253	0.129237	1.00512	-0.00999329	-0.00161649	0.000127201
259.2056756152	252.9026875261	0.0468779	0.12445	1.02192	-0.0102206	-0.00154684	5.83999e-05
258.1995145106	253.6271893146	0.0536015	0.168056	1.06381	-0.0109029	-0.00157262	-3.90885e-06
259.6410550437	253.4627807991	0.056797	0.0775736	1.01382	-0.00989235	-0.00172059	6.07338e-05
257.7944401649	253.4816782001	0.0565441	0.0970459	0.979723	-0.0100551	-0.00147059	0.000191173
260.124642202	253.1178497053	0.056749	0.115402	0.963169	-0.0093818	-0.00166483	0.00044238
258.5139971497	253.6444076978	0.0563836	0.113226	0.949599	-0.00986572	-0.00129539	0.000141745
261.512420871	254.8550583673	0.0569296	0.22905	1.00297	-0.00747288	-0.00198722	0.000171544
260.3838531152	254.6548383192	0.0650993	0.183192	1.04607	-0.00600444	-0.00186212	7.29216e-05
260.751828	254.5313572696	0.06249	0.151903	0.958423	-0.00531614	-0.0017411	-2.3428e-05
258.6310653611	254.408383306	0.0563247	0.119151	0.922364	-0.00476353	-0.00113827	0.000517566
260.7673040833	254.2620270484	0.0479168	0.120754	0.995218	-0.00488668	-0.00115391	0.000516291
260.8642587789	255.39814736	0.0531425	0.185762	1.11929	-0.00374138	-0.00104308	0.000217468
262.4626631661	256.2164149646	0.0645754	0.216675	1.42859	-0.00158621	-0.00107213	-0.000119938
260.5675170158	255.4659278412	0.0761382	0.23242	1.53262	-4.36851e-05	-0.00105956	-9.18159e-05
260.8807594112	255.1909633322	0.0769756	0.212162	1.60351	5.73107e-05	-0.0012564	-0.000499574
259.2129553059	254.9811762635	0.0755085	0.185723	1.47139	-8.84471e-06	-0.000759009	-0.000478485
260.2875994268	255.7468646951	0.0748412	0.199187	1.35401	-0.000948895	-0.000573325	-0.000622502
259.2177545094	254.9169228464	0.059723	0.233459	1.22266	-0.00234277	-0.000181426	-0.000445121
258.6704835383	254.6604838754	0.0604655	0.230487	1.19626	-0.00366843	-0.000526582	-9.18159e-05
259.3691181527	253.9258629063	0.0415422	0.219506	1.17829	-0.00378456	-0.000526582	9.15589e-05
259.0388898123	254.5190519853	0.0353471	0.243677	1.23343	-0.00476213	-0.000526582	0.000237573
260.8541211355	254.265407621	0.0403139	0.181211	1.23553	-0.00455764	-0.000895884	0.000340778
258.9080710739	254.3987712112	0.0380474	0.173726	1.22644	-0.00493666	-0.00030976	0.000239442
260.5469181872	254.2018866613	0.0483093	0.177077	1.27026	-0.00496125	-0.000894745	-2.56581e-05
259.3205868812	254.5783359606	0.0379942	0.156782	1.27304	-0.00490312	-5.31565e-05	1.00797e-05
259.0405075213	254.2279283391	0.0413089	0.131385	1.25952	-0.00522566	-0.000526583	3.1666e-05
258.6258886922	254.1904941316	0.0396655	0.139437	1.2094	-0.00477663	-3.14114e-05	8.2997e-05
258.7040779629	254.0018131046	0.0473235	0.167102	1.2071	-0.0055217	0.000103511	0.000127978
258.6626646112	253.4545434705	0.0389472	0.201204	1.1753	-0.00432076	0.000150262	0.00010952
258.957680818	253.9942631591	0.047749	0.217851	1.20685	-0.0049761	-0.000332449	4.25438e-05
259.0835925056	253.8247049047	0.0380203	0.214099	1.25434	-0.00439936	-0.000373839	-6.03562e-05
259.7991052178	254.6760345095	0.0483234	0.239896	1.32491	-0.00701699	-0.000911033	4.6051e-05
261.2597347176	254.9675187501	0.0478117	0.202414	1.19497	-0.0058269	-0.000455263	-0.000163503
260.5899492479	255.9860627457	0.0524958	0.272443	1.44626	-0.00307419	4.06653e-06	-0.000476966
260.6577851807	255.1830415237	0.0593473	0.146636	1.39429	-0.0026952	-0.000635285	-0.000261715
259.2736193952	255.0320538816	0.0696813	0.171479	1.29886	-0.00540259	-0.000506084	0.000208493
258.8113859964	255.177857979	0.0700969	0.112535	1.19823	-0.00600717	-0.000929669	0.000157632
258.6169912924	255.4224762143	0.0624373	0.205902	1.133	-0.00659331	-0.000749638	0.000278746
259.0877985492	255.1614396646	0.0569756	0.21179	1.09362	-0.00681844	-0.000197578	0.000447783
258.5169629496	254.7792433919	0.0598646	0.280768	1.08952	-0.00674169	-0.000288971	0.000322192
260.3761420354	255.0512780712	0.0566584	0.302883	1.04163	-0.00631839	0.000321505	-3.78814e-05
260.0570758874	255.7142647064	0.0529142	0.276526	1.00759	-0.00773672	-0.000197579	8.11092e-06
261.7642981699	256.079028493	0.0459718	0.176945	0.88133	-0.00666309	0.000420731	0.000159533
259.2555010538	255.7163043186	0.0415714	0.198051	0.876652	-0.00736281	9.83184e-05	0.000488182
260.0548650183	254.8786660329	0.0354065	0.135872	0.871987	-0.00743775	0.000506032	0.000250572
258.4513918095	255.3881521336	0.0362885	0.12573	0.965038	-0.00801297	0.00041888	0.000132286
260.7919471845	255.4976939553	0.0482528	0.143159	1.00976	-0.00713405	0.000372841	-3.27058e-05
259.2681191844	254.9058232996	0.0673253	0.137427	1.06587	-0.00527505	0.00116128	-2.3862e-05
259.450758536	253.9856314303	0.0727349	0.101465	1.00083	-0.00473537	0.00128645	-0.000306407
258.08616703	254.8941377869	0.0649846	0.181009	0.943885	-0.00494935	6.57467e-06	-0.000320795
259.7838987527	255.1378207305	0.0556135	0.261008	0.826586	-0.00429279	-0.000514052	-9.2912e-05
257.9181949071	254.4451752048	0.0723043	0.253696	0.846369	-0.0040267	8.77463e-05	-0.000774012
260.1704772917	255.2344600334	0.0726117	0.172975	1.03808	-0.00442577	-0.000250491	-0.000481566
259.4820342443	255.2345163762	0.0739886	0.102999	1.36506	-0.00247642	-0.00153652	-0.000599053
259.7906931307	254.6171223972	0.0778854	0.105762	1.49462	-0.00144725	-0.00158816	-0.000523626
256.8695419783	253.8229019326	0.0808908	0.125253	1.48745	-0.00152717	-0.00207146	-0.000635568
257.9899672652	253.6877691761	0.0842915	0.147331	1.41262	-0.00104304	-0.0017169	-0.000884804
257.1616463088	254.5662447792	0.0821353	0.239589	1.22823	-0.00443804	-0.00263434	-0.00115009
258.5132961424	254.2042643307	0.0837485	0.271682	1.05154	-0.00619525	-0.00195999	-0.00129643
258.4331116972	254.536867603	0.070283	0.242834	0.905972	-0.00350508	-0.0011923	-0.00108251
260.0177116339	254.9094179752	0.0724589	0.254407	0.79534	-0.00204043	-0.0016773	-0.00108252
260.9999306444	255.1757845611	0.0675548	0.236067	0.574639	2.19227e-05	-0.000840445	-0.00121712
262.7389678716	255.919995088	0.046104	0.292295	0.445254	0.00276336	-0.000283469	-0.00175002
263.4425095367	255.7222428578	0.0461948	0.243951	0.330312	0.00616663	-0.00050645	-0.00175002
262.5376709423	255.186670005	0.046146	0.2451	0.281018	0.00905829	-0.000731481	-0.00230829
263.4517304783	255.4558988091	0.0462865	0.224754	0.278022	0.0139097	-0.000686539	-0.00230829
263.5180565493	255.8477860567	0.0474551	0.247997	0.331207	0.0170652	-0.00164922	-0.00230829
263.3401624776	255.9017738015	0.0487158	0.285845	0.421249	0.0233411	-0.00218763	-0.00275336
264.1383401221	256.0330977795	0.0387227	0.323509	0.418986	0.0277289	-0.00239794	-0.00275336
263.7460996015	255.0227573068	0.0480543	0.437155	0.384339	0.0351648	-0.00254644	-0.00315638
262.8970180456	255.0291578577	0.0563069	0.458452	0.342728	0.0349685	-0.00195759	-0.00219315
261.9948756329	256.2738508935	0.0616683	0.450931	0.325465	0.0274879	-0.00225801	-0.00203443
262.8206082549	256.1648725006	0.0481613	0.399888	0.251787	0.0209155	-0.00194532	-0.00125431
262.2439489027	255.8547613048	0.00819341	0.399373	0.220681	0.0176128	-0.00123207	-0.00113452
263.5160074512	255.9420138844	-0.0105431	0.369698	0.177745	0.0161833	-0.000119733	-0.00114399
263.1981276231	255.2702828346	0.00580451	0.32888	0.141285	0.0149549	0.000403923	-0.000249971
263.290175268	255.9829075446	0.0106477	0.352165	0.16851	0.0107176	0.0009996	-0.000524467
263.884575496	255.153731959	0.00575321	0.384612	0.17638	0.00843291	0.000919713	-0.000134175
264.2242943962	255.4264427529	0.0156435	0.346496	0.20869	0.00729081	0.00144693	-9.11322e-06
262.8669286573	255.1608424301	0.00593676	0.346253	0.227687	0.00663969	0.00127994	0.000422973
262.5318471897	254.5791360294	0.00570206	0.316574	0.226211	0.00664117	0.0013924	-9.11322e-06
263.2636448396	255.009561805	0.00336812	0.373318	0.203181	0.0072815	0.000824178	0.000274921
262.6117620167	254.7761783394	-0.0046909	0.215679	0.17138	0.00702009	0.000389322	0.000449334
262.7606451728	255.1092999661	-0.00314331	0.139189	0.188354	0.00555975	0.000108441	0.000227738
262.7815136195	254.8026144173	-0.023498	0.152063	0.199418	0.00711368	8.63695e-05	-0.000113914
262.0270141193	254.5523055514	-0.017899	0.089578	0.153943	0.00462355	0.000264203	-3.50059e-06
261.7495770175	254.6692959014	-0.00293295	0.186861	0.218031	0.00385901	-0.000292215	0.000159429
261.592335698	254.3355883088	0.0068718	0.144069	0.254948	0.00358924	0.000452461	0.000289325
261.7881863401	254.4051942992	-0.00237484	0.127267	0.228767	0.00309348	-0.000243464	0.000159429
262.1006738047	254.0688498598	0.00271168	0.137482	0.222631	0.00231857	-0.000935767	0.000260508
262.7464632568	254.7432740991	-0.00366512	0.140598	0.211398	0.00235879	-0.000408934	0.000921416
262.1836083552	254.5516745111	-0.0146427	0.186631	0.136565	0.00231803	-0.00104203	0.00113928
262.5235429499	253.5087227811	-0.0018914	0.203201	0.217791	0.00231524	-0.0008319	0.000336109
263.2262757606	253.886163715	0.0150526	0.165182	0.285049	0.00386568	0.00023899	-2.17694e-05
263.754889154	253.6650404595	0.028333	0.159613	0.408541	0.00508865	-0.000318834	0.000106711
262.5993595807	253.3158723813	0.0532156	0.157197	0.494104	0.00468787	-0.000764536	-0.00047311
263.0374891146	252.4406083222	0.0620031	0.173059	0.478623	0.00424279	-0.000918444	-0.000574829
261.6172484173	252.8793953807	0.063812	0.0848229	0.385461	0.00315758	-0.000588581	-0.00125281
262.1891624896	253.2403053145	0.0705756	0.0201886	0.318379	0.00294876	-0.00026797	-0.00185377
261.5694720768	253.0451448567	0.0802966	0.113938	0.285359	0.0022031	-0.00037692	-0.00211778
262.7951562992	254.0855949629	0.0934148	0.176663	0.245173	0.00131805	-0.000437978	-0.00268388
262.3416046056	254.0456591316	0.112122	0.201953	0.275558	-0.00129018	-0.000388113	-0.00269759
262.8837528314	254.8942392041	0.112363	0.271788	0.309021	-0.00396824	-0.000921308	-0.00266846
263.349706961	255.1793454309	0.120132	0.323581	0.329228	-0.00114127	-0.000652488	-0.00265238
264.1014024322	255.7816958618	0.14402	0.255781	0.490303	-0.001903	-0.000187448	-0.00232239
263.281170021	255.3888733224	0.188879	0.172754	0.598248	-0.00120688	-0.000728458	-0.00406313
262.9445786916	254.532833453	0.196037	0.107463	0.56496	-0.000663787	-0.000378029	-0.00406313
263.0639656194	254.5077721413	0.188236	0.0797023	0.546611	-0.00186341	-0.0012463	-0.00406313
263.0137627153	254.5049099231	0.185901	0.149672	0.519063	-0.00298795	-0.00105683	-0.00369113
262.3262363697	254.9527231106	0.179925	0.180301	0.474134	-0.00338083	-0.00112207	-0.00328884
262.9898206213	254.567495591	0.168907	0.251079	0.473963	-0.00315762	-0.00149245	-0.00281431
264.3348917715	255.5432866115	0.136968	0.289587	0.418575	-0.00275209	-0.0019729	-0.00194054
263.1311005449	255.0015273107	0.128743	0.295858	0.509711	-0.00338083	-0.00211326	-0.00161957
263.869962191	255.3771652726	0.108787	0.234841	0.509848	-0.00338083	-0.00148376	-0.000856667
262.7511546131	255.4876874603	0.118786	0.232292	0.48825	-0.00283673	-0.000874007	-0.000939218
264.4089828459	255.3214759728	0.115595	0.188696	0.519352	-0.00299076	-0.000943432	-0.000556483
262.2476696335	255.1767649272	0.111357	0.134656	0.582912	-0.00374799	-0.000891223	-0.000230471
263.2431538583	254.995149297	0.104477	0.0852968	0.5218	-0.00280677	-0.00077343	0.000165007
261.2129290025	255.1663527635	0.0959724	0.112285	0.589904	-0.00409104	-0.00099097	0.000247039
262.6113306276	255.1065504337	0.0950733	0.101364	0.60913	-0.00381371	-0.00096485	0.000165007
259.7456129719	254.5152094011	0.0901251	0.141658	0.621365	-0.00477706	-0.000297058	0.000620062
261.7797742531	254.6317602767	0.0830885	0.13058	0.670185	-0.00597755	-0.000206876	0.000961762
259.0676850333	254.7662957987	0.0787151	0.170119	0.70173	-0.00684209	-0.000373623	0.0014338
259.706895802	254.2687318508	0.0742719	0.192912	0.717826	-0.00693897	-0.0013568	0.00115463
258.5182031932	254.7037439365	0.07213	0.213406	0.739456	-0.00818804	-0.000986915	0.00141946
259.4686072592	254.4288921133	0.0674233	0.178417	0.769545	-0.00846284	-0.000910004	0.0017319
258.1969800998	254.2058419313	0.065109	0.186771	0.763525	-0.00859934	-0.000494075	0.00158523
260.7771181848	253.915969097	0.0631118	0.152377	0.772122	-0.00785809	-0.000794281	0.00149045
260.1091661187	254.2703319885	0.0650091	0.138562	0.774323	-0.00856305	-0.000494075	0.0017726
262.2732294365	254.4853026019	0.0655664	0.136419	0.861668	-0.00914065	-0.00115406	0.00205894
259.593602245	254.0095433474	0.0480889	0.110948	0.817698	-0.00814923	-0.000494075	0.00218266
260.4548705424	253.7884200918	0.0490405	0.118872	0.804024	-0.00727227	-0.000804874	0.002275
258.8829965836	253.3861319491	0.0488051	0.1463	0.792492	-0.00771923	-0.000620346	0.00225208
260.830125118	253.4210419957	0.0560687	0.181754	0.806185	-0.00771947	-0.000822827	0.00225136
259.9791562349	253.0254248497	0.0557722	0.19389	0.796404	-0.00806035	-0.000494075	0.00222087
261.03190736	253.1751278742	0.0580158	0.214052	0.784716	-0.00789631	-0.00079014	0.00226075
260.1400643616	253.0688539394	0.0569393	0.204315	0.775897	-0.00763298	-0.000592672	0.00215768
261.9826888914	254.2353430618	0.065349	0.214255	0.899881	-0.00935887	-0.000850968	0.00227711
261.6493329801	254.2040840335	0.0651719	0.164007	0.952922	-0.0101474	-0.000631894	0.00222155
260.4703466256	253.5496277099	0.0654338	0.129198	0.855574	-0.00929773	-0.000971231	0.0022996
260.6512604209	253.5791513776	0.0651371	0.119975	0.794965	-0.00805028	-0.000558913	0.00230518
260.689654049	253.6124274808	0.065028	0.14828	0.783828	-0.00903462	-0.000494647	0.0022632
261.022147182	253.0592080388	0.0598308	0.154068	0.828709	-0.009362	-0.000494647	0.00247394
261.1619711675	254.4188292754	0.0651573	0.200118	0.919265	-0.0104717	-0.000494647	0.00276188
261.0988805146	253.8905471909	0.0649373	0.196988	0.982501	-0.0110491	-0.000272334	0.00270375
261.2959174767	253.9665424636	0.0641727	0.133872	0.917358	-0.0103382	0.000752118	0.00272943
261.2467391216	254.0167665042	0.0649533	0.156047	0.851635	-0.00842967	-0.000284188	0.00258206
260.5774928883	254.2522571935	0.064824	0.176213	0.788451	-0.0081404	1.70979e-05	0.00283031
261.5069206602	254.2254830583	0.0555473	0.228844	0.820741	-0.00877843	-0.00017049	0.00292787
262.3115152173	255.2457286088	0.0644895	0.25384	1.08605	-0.00972281	0.000237475	0.00291075
262.7715916707	255.7271108824	0.072819	0.186085	1.48585	-0.00987885	-7.75971e-05	0.00268178
260.2720694199	255.3023193946	0.0747594	0.189207	1.58685	-0.0086335	0.000565262	0.0022869
259.7839526763	254.8210610753	0.0668275	0.158607	1.4669	-0.00835762	-7.75971e-05	0.00214505
258.5988190274	255.2583156075	0.0706246	0.182728	1.35846	-0.00880778	0.00049093	0.00221203
258.9639898833	254.8765250035	0.0736651	0.243419	1.39961	-0.00815012	-7.75971e-05	0.00221305
259.279119606	254.9871824142	0.0661797	0.21348	1.31758	-0.00855306	0.000506552	0.00244612
261.8393059461	255.4855689682	0.058369	0.329364	1.21862	-0.0100821	-3.30806e-06	0.0024408
260.312673917	254.7625659002	0.0637492	0.294678	1.16896	-0.011947	0.00045761	0.00255041
261.7409492359	254.9586616498	0.0692291	0.258699	1.18027	-0.0126161	-3.43361e-05	0.00229219
260.8084478167	255.0770380347	0.0617591	0.211366	1.08278	-0.0115826	0.000327359	0.00239425
262.6002762825	255.3583467516	0.0546612	0.186044	1.03818	-0.0111947	0.000140563	0.00243904
259.9205951673	255.0544670781	0.060095	0.177659	1.00071	-0.0108199	9.00849e-05	0.00245861
262.4726390385	254.697918083	0.0533602	0.183897	1.00065	-0.0111123	-0.000311294	0.00241337
261.8493896658	254.7758628192	0.0540027	0.185101	0.980188	-0.0106955	-0.000100088	0.00244803
260.8408019977	254.8110658489	0.0597802	0.217204	1.03324	-0.0118438	-0.000572695	0.0024366
262.223673616	254.3443552604	0.0547034	0.19457	1.04977	-0.012135	-0.0008451	0.00221672
260.4493703316	254.6334054887	0.0544567	0.20327	1.07362	-0.012596	-0.000498124	0.00239924
259.7658882586	254.8470802159	0.0506804	0.17027	1.01788	-0.0113756	-0.000700317	0.00241115
259.8366899913	254.6945600475	0.0507122	0.202444	0.976469	-0.0114123	-0.000206672	0.00263863
260.2041256399	254.2224067372	0.0519976	0.206023	0.98611	-0.011484	-0.000143462	0.00275447
259.2638052936	254.2485498322	0.0462941	0.22404	1.00009	-0.0113096	5.19218e-05	0.00273037
259.2487066758	254.6259682289	0.0532257	0.276665	1.02751	-0.00973718	0.000112526	0.00275014
260.7980944788	255.3846476066	0.0500864	0.203771	1.06886	-0.00658774	0.000359294	0.0022871
260.1944193856	254.6786375505	0.0487022	0.163072	1.04265	-0.0058546	0.00036908	0.00207683
260.287275885	254.6974222657	0.0530453	0.135175	0.983093	-0.007054	-0.000232824	0.00203803
259.9026925205	254.3684024004	0.0449201	0.169781	0.939554	-0.00650749	-0.000512263	0.00192695
259.0577630845	253.9053315618	0.0271195	0.153914	0.938741	-0.00642867	-0.000232824	0.00142837
259.7172491399	254.3484344847	0.038332	0.200892	1.02756	-0.00590174	-0.000232825	0.0014129
261.0018718953	254.8241824707	0.0503574	0.230238	1.09632	-0.00710736	0.00045397	0.00152041
259.8803681356	254.6842042267	0.0331794	0.198295	1.04617	-0.00727001	0.000122096	0.0011931
261.4600070978	255.0730376904	0.0189476	0.164379	0.931023	-0.00666368	0.000272002	0.00144648
261.1686576982	254.9169115778	0.0303025	0.181678	0.893608	-0.00655252	-0.000232825	0.00189267
261.089659573	254.8091163853	0.0597858	0.192062	0.91007	-0.00727627	-0.000636206	0.00258034
261.1441224443	254.3636808673	0.0596962	0.196865	0.944565	-0.00692402	-0.000550239	0.00253211
260.8862056983	254.5932555545	0.0598357	0.243255	1.02095	-0.0077403	-0.000608332	0.00272381
261.5032538531	255.0559770672	0.0188587	0.173918	1.059	-0.00734774	-0.000462784	0.0022996
260.4777880872	254.7404344181	-0.00853814	0.121656	1.08811	-0.00570001	-0.000232825	0.00172309
260.853312281	254.5696478889	0.00784599	0.150881	1.05511	-0.00535532	-0.000232824	0.00151111
259.9490129229	255.0923858344	-0.00218932	0.150893	1.09888	-0.00645079	-0.000232825	0.0016107
260.1986793527	254.5859309804	0.00819286	0.123471	1.05457	-0.00653902	-0.000375136	0.00214527
259.7072193438	254.7169169012	0.0252983	0.157469	1.10084	-0.00716217	-0.000698605	0.00221724
261.5847324655	256.1075492574	0.0451591	0.204382	1.33056	-0.00593234	-0.000698605	0.00203071
260.6731534167	256.3406735458	0.0588406	0.234736	1.76591	-0.00129788	-0.00169008	0.00214725
259.9771071367	255.398969966	0.0715799	0.25484	1.93609	-0.000275399	-0.00204551	0.00171166
259.2560942138	255.6206453818	0.080509	0.32558	2.05584	0.00188137	-0.00264221	0.00164752
258.6027554528	255.7151999982	0.0750204	0.171876	2.11968	0.000499209	-0.00141809	0.00176455
257.9965998723	254.8606025064	0.0703924	0.198447	2.05123	0.00155215	-0.00232974	0.0017031
257.8712813447	255.1913690009	0.0703095	0.222225	1.95462	-6.69762e-05	-0.00231838	0.00143371
258.6990630648	254.9850075791	0.0702333	0.185236	1.83547	-0.00161569	-0.00141621	0.00103635
258.508335168	255.099721677	0.0703343	0.280254	1.74923	-0.00414399	-0.00111552	0.000305653
258.77984067	255.119813547	0.0695251	0.23284	1.6466	-0.00351134	-0.000246587	-0.000199904
258.3248869619	254.9070065	0.0657872	0.275363	1.59531	-0.0035109	-0.000958941	-0.000190855
258.6124617071	254.7657774442	0.0664756	0.242094	1.53841	-0.00268505	-0.00068498	-0.000483538
257.8553738724	254.4658079664	0.0667592	0.234572	1.50852	-0.00206371	-0.00111562	-0.000708826
259.3099639251	254.3662951768	0.069861	0.237045	1.52781	-0.00170562	-0.00068498	-0.000382174
258.9516413709	254.3550266014	0.0704797	0.164776	1.54478	-0.00230296	-0.00121367	-0.000417574
258.8822416527	254.4396197971	0.0785623	0.139277	1.48236	-0.00184949	-0.00068498	-0.000143637
259.7167638272	254.3067970985	0.0711527	0.171396	1.51756	-0.00180997	-0.001461	-0.000245757
259.5160061343	255.0000285902	0.0743875	0.162676	1.5549	-0.00159085	-0.000135567	-0.000168791
260.257725733	255.5884510618	0.0727105	0.21706	1.65858	-0.000901743	-0.000909188	-0.000127433
260.0276335827	255.6154392999	0.0797251	0.18692	1.75202	-0.00158995	-0.000828953	-6.39078e-05
259.439973809	255.0715164327	0.0757602	0.203278	1.73419	-0.00217469	-0.00129912	3.81969e-05
258.7207942897	255.1789622994	0.0747099	0.248035	1.63977	-0.00188224	-0.000863864	-0.000257971
259.6842478753	255.8716416308	0.073857	0.275796	1.53031	-0.0011558	-0.000996236	-0.000556994
259.2987478091	255.9700388315	0.0692957	0.361814	1.42531	0.00187754	-0.000420076	-0.000696718
260.1023178171	256.1320922147	0.0634687	0.300807	1.24225	0.00445972	0.000272392	-0.000553724
260.8830781275	256.9307074237	0.059709	0.36338	1.01995	0.00971065	-0.000379136	-0.000642758
261.7298948908	256.5904527887	0.07416	0.427948	1.08872	0.0183933	8.71642e-05	-0.00142845
262.2279335831	256.9879067125	0.0818223	0.428459	1.03755	0.0257649	-6.78172e-06	-0.00188933
260.2809668197	256.2697378635	0.101288	0.398254	0.892075	0.0316705	-0.000615001	-0.00219161
260.515642479	256.3115330097	0.0805788	0.298879	0.877994	0.0363767	-0.00143545	-0.00318591
260.7130029829	256.8190020355	0.0723058	0.319964	0.929456	0.0382834	-0.00178462	-0.00354151
261.5961103524	256.8387107739	0.0670257	0.415336	0.942099	0.0400498	-0.00174908	-0.00284085
259.7160628199	256.8247377404	0.0606448	0.526847	1.01201	0.0387636	-0.00134692	-0.00280194
259.6673697776	256.0417971198	0.076625	0.594103	1.05213	0.0341058	-0.00132622	-0.00262158
261.251700096	256.4187985792	0.0602923	0.722722	0.976914	0.0313183	-0.00162432	-0.00230937
262.480404042	256.641589584	0.036286	0.656826	0.881183	0.024169	-0.00127278	-0.00173877
262.6073402786	255.9992131732	0.0251369	0.611923	0.844653	0.0217194	-0.00143929	-0.00116156
263.0151108061	255.5875721129	0.0251433	0.562752	0.7975	0.0213091	-0.000771061	-0.000605542
264.1075497266	255.6386638339	0.0139872	0.545344	0.741722	0.0214776	9.87217e-05	-0.000138371
263.3088867693	255.5212002037	0.0135001	0.518673	0.744474	0.021429	2.02524e-05	-0.000121239
265.1683354733	255.3012376113	0.0189814	0.496845	0.709637	0.0195935	0.000259804	0.00036341
263.6779401269	255.3941695529	0.0243907	0.496734	0.708249	0.0180272	0.000181545	0.000592256
265.0156237391	254.978640834	0.0307203	0.438116	0.696691	0.0155584	-0.000651433	0.000592256
264.3362398624	255.3620991872	0.0488701	0.463097	0.85711	0.0149081	0.00116027	0.000592256
264.3931292973	254.9850301163	0.0552423	0.447133	0.865995	0.0157353	-0.000266161	0.000592256
262.0739816054	254.5542662835	0.070845	0.534402	0.831833	0.0142235	-0.00150358	0.000592256
261.3492479516	253.9695399046	0.081227	0.542761	0.989578	0.0146231	-0.0035115	-7.46313e-05
259.635986222	254.1232320049	0.0974897	0.45427	1.09042	0.0140235	-0.00264106	-0.000838779
259.9873526274	253.6090356396	0.0942355	0.421344	1.09867	0.0129139	-0.00328463	-0.00070052
258.697121814	254.5879142497	0.0922576	0.451963	1.30411	0.0105996	-0.00150077	-0.000997796
259.6318341022	254.1832597062	0.0710382	0.252503	1.15822	0.00977891	-0.00146865	-0.0012478
260.6823743582	253.7235018288	0.0353825	0.147817	0.354139	0.00378097	-0.000597667	-0.0012478
260.2339993336	253.3374066289	0.0167297	0.176074	0.191743	0.003303	-0.000278377	-0.001128
259.3029538526	252.9645970795	0.0168174	0.186645	0.220495	0.00278251	-0.00062051	-0.00107682
261.1704911018	252.8149391293	0.0102708	0.1669	0.224352	0.00295098	-0.00117936	-0.00084956
259.8672107687	253.4681784468	0.017097	0.166855	0.26356	0.00285539	-0.00125203	-0.000857411
262.950725986	254.4823727723	0.0294346	0.136867	0.366908	0.00285539	-0.00190503	-0.00087599
260.1951743165	253.9340776978	0.0274914	0.0966419	0.355412	0.00267452	-0.0018845	-0.000746811
262.8040536989	253.9017932292	0.0445268	0.0887481	0.34172	0.00252683	-0.00231736	-0.000752205
260.0351828916	253.51347812	0.0328344	0.0710995	0.31681	0.00199243	-0.00194705	-0.000847959
263.3807669747	254.0527808713	0.0354989	0.0914022	0.320333	0.00170867	-0.00221137	-0.000967021
259.5880481106	253.6719593648	0.0415658	0.0790474	0.30034	0.00179619	-0.00206636	-0.000961093
263.2427763929	255.1292566132	0.0518835	0.155518	0.411322	0.00126419	-0.00255996	-0.000920273
262.0778641071	255.6331873062	0.0693663	0.143104	0.790291	0.000443403	-0.0031893	-0.000524882
262.5716967559	254.9316170688	0.0808299	0.149973	1.16129	0.000751179	-0.00398197	-0.000780569
258.9471117856	254.2744900928	0.0817142	0.178111	1.13228	0.000741129	-0.00381253	-0.000607323
258.9581122071	254.1489806997	0.0873397	0.244913	1.17583	0.00102027	-0.00378677	-0.000535104
257.7390605918	254.1988666831	0.0869832	0.228144	1.20076	0.00101181	-0.00340071	-0.000535104
259.0693027424	254.507805947	0.0845434	0.202525	1.20893	8.52845e-05	-0.00349295	-0.000535104
257.8766737082	254.5158066356	0.0869572	0.181883	1.14332	0.000561335	-0.00337186	-0.000535104
260.3708575191	254.8009917424	0.0811213	0.201351	1.14624	-0.000550193	-0.0035549	-0.000535104
258.9006296122	254.8634421875	0.0749375	0.194262	1.07153	-0.000650115	-0.00355987	-0.0001387
261.1393771644	255.5800897788	0.0728525	0.241226	0.961889	-0.00202903	-0.00290682	0.00068292
261.1984774683	255.6947249966	0.0690082	0.222347	0.823159	-0.00229198	-0.00287816	0.00137668
261.0070485643	254.9623690111	0.0653082	0.242717	0.862448	-0.00256942	-0.00284053	0.00139547
260.4791361781	254.933521458	0.061422	0.19956	0.916245	-0.00189805	-0.00256321	0.00120246
261.7184091565	255.3583242144	0.0612851	0.151029	0.990125	-0.00274577	-0.00234161	0.00114814
261.2627005176	255.391273529	0.0599901	0.0772763	0.889282	-0.00277965	-0.000873352	0.000913637
261.672250525	255.380816291	0.0535366	0.138018	0.780534	-0.00299348	-0.00117524	0.000720054
260.7314987897	254.8086318366	0.0506205	0.171666	0.78446	-0.00240511	-0.00184103	0.000997208
260.6617755297	254.4297935993	0.044715	0.168603	0.782927	-0.00214906	-0.00253049	0.000997209
261.7114530076	254.3132539923	0.0446544	0.235541	0.798831	-0.00226746	-0.00236121	0.00124453
261.0947283947	254.1841949979	0.0545655	0.22295	0.842761	-0.00320959	-0.00282346	0.00138726
261.5716290222	254.5042338086	0.0510701	0.137695	0.777891	-0.00279329	-0.00236121	0.00137179
261.8239377101	254.4107271697	0.0379692	0.127059	0.73342	-0.00219491	-0.00243707	0.00161417
262.0509022896	254.3170853079	0.0447659	0.102277	0.730882	-0.00283987	-0.00236121	0.00188997
261.8498210549	254.0919729766	0.0412288	0.144271	0.749818	-0.00337436	-0.00236121	0.0018274
262.2540326225	254.2259112641	0.0446034	0.174341	0.765523	-0.0035266	-0.00215304	0.00179701
261.8284672954	254.3217054238	0.0447039	0.169127	0.822315	-0.00463937	-0.00236121	0.00155121
262.328986475	254.2079153492	0.044736	0.117049	0.773393	-0.00452062	-0.00236121	0.00172924
261.6350432169	254.1846570095	0.02656	0.125297	0.764944	-0.00398274	-0.00236121	0.00158118
262.0235090831	254.0912743249	0.0265511	0.131858	0.741337	-0.00380755	-0.00236121	0.00160004
262.0256121048	253.8027424512	0.0267219	0.164732	0.743491	-0.00376613	-0.00251589	0.001826
262.2192518779	254.2832908502	0.0420463	0.225964	0.806212	-0.00377472	-0.00250667	0.00188997
263.0950795568	254.9667074127	0.0528281	0.178019	0.903537	-0.00440895	-0.00283671	0.00144286
262.8316086764	254.7041045309	0.0507154	0.123519	0.873142	-0.00450898	-0.00236121	0.00188997
262.3022942757	254.1082898738	0.0545236	0.11765	0.824515	-0.00260851	-0.00303904	0.00175226
262.5712653669	254.475239764	0.0509396	0.183822	0.784278	-0.0024469	-0.00267425	0.00188997
263.8979485575	254.9916222329	0.0511194	0.166444	0.749773	-0.00242554	-0.00301286	0.00172738
262.5802706139	254.5251257474	0.0511658	0.169171	0.716901	-0.00241035	-0.00301567	0.00188997
263.4589023218	255.0039387859	0.0511658	0.158016	0.691047	-0.00270252	-0.00301567	0.00188997
263.1656655949	254.3864095839	0.0510473	0.217443	0.723087	-0.00315845	-0.00295401	0.00155533
263.2872633917	254.7904556244	0.050679	0.199522	0.776328	-0.00391696	-0.00242308	0.00156111
264.3644958471	254.8155958162	0.0509635	0.154102	0.779193	-0.0035716	-0.00282829	0.00151738
262.9152442342	254.8357440291	0.0438403	0.129806	0.729528	-0.00355001	-0.00239656	0.00181403
263.3178380927	254.9127872792	0.0399839	0.134064	0.723027	-0.00344247	-0.00267597	0.00188997
261.8830919376	254.9832834871	0.0430256	0.156601	0.715363	-0.00331507	-0.00264336	0.00188997
262.9993111811	254.7194523307	0.0357998	0.179429	0.734687	-0.00383684	-0.00241817	0.00188997
262.3960135533	254.4982952693	0.0366563	0.185008	0.773775	-0.00407979	-0.00191037	0.00167467
261.813314754	254.8482859535	0.0430667	0.192769	0.808501	-0.00463394	-0.0025941	0.00158043
262.9411815026	254.7255598985	0.0335287	0.141317	0.7461	-0.0042346	-0.00217649	0.00172693
260.401162602	254.8033468747	0.030694	0.163654	0.753302	-0.0042825	-0.0023207	0.00168022
261.089659573	254.4013855207	0.0309437	0.14674	0.762362	-0.00433608	-0.00262668	0.00175931
260.5374276275	254.6228693707	0.0306172	0.155882	0.770599	-0.0051493	-0.00217649	0.00188997
261.8073292305	253.9377737905	0.0305758	0.186467	0.810118	-0.00485793	-0.00217649	0.00160295
259.8894812299	254.6436373552	0.0301519	0.183549	0.87743	-0.00601905	-0.00167614	0.00152572
261.3821952926	254.5030506082	0.0338594	0.148252	0.90134	-0.00642571	-0.00165915	0.0013869
259.9914508236	254.2380587884	0.0300668	0.144532	0.835619	-0.00558034	-0.00156708	0.00154063
261.7797742531	254.1260491487	0.0303552	0.14963	0.823502	-0.00553004	-0.0018948	0.00175488
259.2304265636	254.0367682256	0.0301749	0.146862	0.799738	-0.00570002	-0.00165915	0.00176859
260.9651498999	253.7397173088	0.030169	0.181243	0.81547	-0.00555145	-0.00165915	0.00173515
260.2776774779	254.2365149936	0.0338573	0.19666	0.8683	-0.00656109	-0.00121885	0.00166699
261.9389568235	254.3216265438	0.038964	0.173356	0.908341	-0.00734912	-0.00165915	0.00158388
260.4165847616	254.0289365657	0.0321305	0.158074	0.840501	-0.00602567	-0.00124969	0.00146842
261.6135816102	254.3110791572	0.0301495	0.140752	0.805652	-0.00566167	-0.00165915	0.00169108
260.3510675451	254.1140368473	0.0301578	0.141094	0.78569	-0.00559296	-0.00165915	0.00173891
261.9576683248	253.9721767513	0.0232233	0.164676	0.803781	-0.00569193	-0.00154405	0.00159896
260.6685159841	254.3618778952	0.0297745	0.191684	0.844741	-0.00608004	-0.0012352	0.00146943
261.9172795222	255.2752297392	0.0399851	0.180246	0.935676	-0.00741792	-0.0014801	0.00137862
261.4039265175	254.3910747742	0.0300953	0.151222	0.881404	-0.00648343	-0.00165915	0.0014461
260.6365392685	255.0438408114	0.0301368	0.232416	0.865655	-0.00518201	-0.00165915	0.00170954
262.4033471676	254.9151311429	0.0256826	0.183159	0.835698	-0.00459052	-0.000860851	0.0014953
261.8340214298	255.0476946642	0.0289192	0.170303	0.808504	-0.00513913	-8.15694e-05	0.0016398
263.1912253979	255.2455145059	0.0265668	0.186234	0.877241	-0.00578347	0.000136988	0.00155386
263.1655577476	255.5600880574	0.040021	0.211231	0.973769	-0.00596691	-0.00191139	0.00138292
262.9605400876	255.0165595903	0.0408788	0.15933	1.02623	-0.00639006	-0.0022773	0.000835377
262.0053368181	255.1488413973	0.049518	0.166898	0.922081	-0.00494906	-0.0022773	0.000730966
263.7269027875	256.125049355	0.046111	0.179571	0.77914	-0.00333312	-0.00193846	0.000687578
262.2139673617	255.3788555589	0.0489727	0.2871	0.791371	-0.00413201	-0.0015218	0.000931273
262.9536917859	255.9434675306	0.0382973	0.261111	1.17635	-0.0100989	-0.00302968	0.00100185
261.4762920356	255.6152477342	0.0506204	0.238297	1.0766	-0.00821706	-0.00300588	0.00139585
261.3450958318	255.6810336775	0.0391875	0.20349	1.00819	-0.00689197	-0.00326623	0.00139585
261.6507889183	255.503249363	0.0354663	0.184203	0.900846	-0.00538429	-0.00308133	0.0016052
262.8209857203	255.661167179	0.0330705	0.19542	0.807353	-0.00466353	-0.00279699	0.00148877
261.8248544119	255.4037591106	0.0224136	0.306287	0.748433	-0.00482718	-0.00257915	0.00182662
262.2646016549	255.3199772523	0.0325397	0.296891	0.688356	-0.00437805	-0.00206594	0.00139585
262.3188488317	255.3044153496	0.0143995	0.322564	0.685531	-0.004122	-0.00208069	0.00127099
262.3935869897	255.2746775791	0.016364	0.207354	0.624923	-0.0032648	-0.00237191	0.00139585
262.196496104	255.549191345	0.0154121	0.191994	0.61109	-0.00327413	-0.00202092	0.00139585
262.7004663962	255.2028629479	0.0167204	0.186598	0.603499	-0.00343884	-0.00136884	0.00112423
262.0565642713	255.0145988582	0.0124752	0.22207	0.61907	-0.0032682	-0.00205067	0.00112713
262.2559199497	254.4862378936	0.0135166	0.226726	0.624636	-0.00368801	-0.00177132	0.00121994
261.9600948884	254.8561176134	0.0119185	0.207118	0.639016	-0.00420144	-0.00187896	0.00105312
261.4029019684	254.9512356586	0.00812071	0.167864	0.621156	-0.00410809	-0.00155734	0.00118054
260.2904034558	254.629709396	0.0133207	0.176366	0.620184	-0.00419399	-0.00182681	0.000977193
260.700870165	254.5735918903	0.016819	0.1986	0.603489	-0.00365777	-0.00166706	0.00111263
260.1147741768	254.6013125859	0.0082359	0.233536	0.617141	-0.00351916	-0.00182073	0.00102861
259.8331310314	254.3821049881	0.0144163	0.252844	0.634314	-0.00352783	-0.00136884	0.0010637
259.6118823572	254.6924077496	0.0170189	0.236761	0.672048	-0.00403594	-0.00194903	0.00104976
260.0382565388	254.4417157521	0.0125996	0.192757	0.638601	-0.00347927	-0.0022474	0.000876704
259.266555399	254.5684308828	0.0143226	0.194752	0.651549	-0.00350493	-0.00307087	0.00101032
260.2647358056	253.8459574379	0.00886395	0.201944	0.614036	-0.00276292	-0.00275995	0.000874942
259.6253093423	254.7843255194	0.0197627	0.217559	0.590776	-0.00276654	-0.0023485	0.000693339
260.4404729319	254.8157648448	0.0234547	0.260443	0.592746	-0.00361707	-0.00163569	0.000848775
259.4977799457	254.2007147295	0.0218197	0.248431	0.634069	-0.00386979	-0.00170466	0.000998587
261.3924407832	254.5024759108	0.0219045	0.16477	0.608299	-0.00318834	-0.00189099	0.000863791
260.3499351488	254.5136656062	0.0188136	0.142751	0.608152	-0.00278712	-0.00216893	0.000847347
261.4590364724	254.4164628746	0.0153841	0.152646	0.578063	-0.00262465	-0.00214534	0.000886245
260.1637368373	254.6011660944	0.0198195	0.186225	0.578219	-0.00229326	-0.00224653	0.000921638
261.7462337521	254.3850460863	0.024502	0.25289	0.565838	-0.00186632	-0.00170466	0.00101331
261.5103178492	255.5575075537	0.0387595	0.294403	0.64128	-0.00143372	-0.0021626	0.000503202
262.7250016501	255.7144450036	0.0571438	0.265465	0.726217	0.000193564	-0.00217634	9.6381e-05
262.9865312796	255.6039904273	0.0514773	0.204905	0.611568	0.000740755	-0.00228067	0.000197136
262.07004518	255.2827571476	0.0564742	0.196564	0.626076	0.000424825	-0.00276618	0.000284887
263.1452285373	255.4617021254	0.0684815	0.160658	0.531784	0.00102692	-0.00129677	4.40298e-05
262.5328178151	255.8674046465	0.0640717	0.16397	0.391624	-5.26538e-05	-0.00105947	8.55951e-05
261.4632964396	255.1116325612	0.0685715	0.219393	0.439846	-0.000306988	-0.00183933	-0.000114293
262.4905416853	254.9551345857	0.0686029	0.200074	0.472624	-0.000524388	-0.00176819	4.9244e-05
261.8483111931	254.8676340975	0.0688135	0.268494	0.447386	-0.000418159	-0.00227562	4.72268e-05
262.2938821887	255.2549913778	0.0687787	0.265851	0.412276	-0.000727076	-0.00221931	4.45923e-05
262.1469402835	255.3866759502	0.0687401	0.185292	0.390096	-0.000642337	-0.00232131	-0.000275533
262.190133115	254.9696034365	0.0685563	0.14379	0.358171	-0.000727076	-0.00189409	-0.00038256
260.2144250541	254.8098488427	0.068727	0.140938	0.338799	-0.000673362	-0.00231353	-0.000395236
261.3649397294	254.1137889386	0.0725074	0.16853	0.343735	-0.000921496	-0.00212267	-0.000304363
260.5960965423	254.3996501601	0.0729495	0.18687	0.339072	-0.00107932	-0.00235743	-0.000360245
261.3300511376	254.6990674777	0.0763653	0.237122	0.379704	-0.00220653	-0.0024327	-0.000314877
260.9914107101	254.498171315	0.0690514	0.232189	0.393457	-0.00277904	-0.00282229	-0.000262305
261.2992068184	254.818784823	0.0777442	0.193991	0.441167	-0.00272783	-0.00242485	-5.76108e-05
261.4660465449	255.0587378682	0.0797918	0.139053	0.483762	-0.00329052	-0.0028741	-0.000201225
259.869529485	254.1780198186	0.0727654	0.194154	0.413128	-0.00300575	-0.00235338	7.23147e-05
261.1686037746	254.7743190244	0.0736132	0.212516	0.507988	-0.00362635	-0.00293586	-2.21805e-05
261.209747508	255.6651787919	0.0757799	0.211885	0.71084	-0.00497947	-0.00353332	0.000507912
260.2571864967	254.7362312395	0.0734817	0.227386	0.766312	-0.00463042	-0.003644	0.000740313
258.7861497353	254.3224153441	0.0739179	0.299539	0.816353	-0.00585539	-0.00414178	0.000872473
260.2641426456	254.2953256888	0.0735455	0.18658	0.767837	-0.00502273	-0.00362816	0.000775459
259.7119107001	254.8526694293	0.0637855	0.197501	0.640891	-0.00407072	-0.00362816	0.000841533
259.7393578302	254.5812319845	0.0658554	0.228369	0.575516	-0.00365586	-0.00362816	0.000984796
259.2570648393	253.9190116124	0.0601264	0.271985	0.576997	-0.00366072	-0.00338988	0.00108969
259.6482808108	253.8271276484	0.0508224	0.313819	0.581973	-0.0039303	-0.0030486	0.00118252
259.0774991349	254.0220627347	0.051002	0.309483	0.619819	-0.00496078	-0.0032986	0.00123834
259.8637596561	254.0912517878	0.0603116	0.236446	0.607045	-0.00469031	-0.00337948	0.00105727
260.6848548454	253.8646858103	0.0596798	0.200286	0.572995	-0.00396723	-0.00377427	0.00102711
259.693307046	254.2038361249	0.0509747	0.199789	0.552577	-0.00368133	-0.00318772	0.00130847
260.1552708266	254.1486201053	0.0552787	0.198098	0.557345	-0.00371332	-0.00337111	0.00107356
260.6984975251	254.3226970585	0.0508075	0.228877	0.556525	-0.00364432	-0.00292707	0.00122868
260.5533890234	254.3404563333	0.0508598	0.250413	0.575655	-0.00428745	-0.00299942	0.00127923
259.2592757083	254.2043544793	0.0506952	0.244951	0.604878	-0.0053001	-0.00276447	0.00120781
261.3345807229	254.7831873933	0.050715	0.206027	0.567999	-0.0044833	-0.00276447	0.00124216
259.8858683464	254.4705745738	0.0508652	0.204144	0.508529	-0.00358409	-0.00302869	0.00123862
261.560574677	255.0783001151	0.0508165	0.240455	0.465815	-0.00290545	-0.00301142	0.00108558
260.0927194101	254.8381893099	0.0502785	0.31412	0.488689	-0.00240664	-0.00229614	0.000792774
261.4293245495	254.953985191	0.0501973	0.240607	0.550246	-0.00340359	-0.00212212	0.000601513
260.3911867295	255.0172695106	0.0503582	0.276264	0.561459	-0.00381872	-0.00235283	0.000790016
261.7445081958	254.8929545865	0.0504614	0.208758	0.556485	-0.0038833	-0.00265908	0.000524415
261.1631035638	255.7121912886	0.0505053	0.176849	0.41573	-0.00256154	-0.00251258	0.000961599
261.4275450696	254.8865427671	0.0465017	0.187671	0.406249	-0.00228548	-0.00235283	0.000959476
259.910295753	254.8293547468	0.0504223	0.205889	0.389439	-0.00211329	-0.00226806	0.00101931
261.391739776	255.0336990936	0.0504011	0.26412	0.428008	-0.00211328	-0.00235283	0.000847566
262.272420582	255.7550344123	0.0499724	0.286465	0.527942	-0.00140597	-0.00215467	0.000202923
263.2928175261	255.4795402803	0.0710321	0.29308	0.575096	-0.000863162	-0.00244476	0.000186872
261.2935448367	254.5557875412	0.0703859	0.26688	0.588946	1.28304e-05	-0.0025119	0
