4067.975683426	3379.562577487	-0.00677166	0.0904329	-0.0284509	-0.0011348	-0.000190928	0.000762727	1
3956.229102297	3378.787336632	-0.00956765	0.155087	-0.0416916	-0.00210522	-0.000185168	0.000841992	1
3890.827583224	3387.815921523	-0.00917216	0.189282	0.0191322	-0.00285535	-0.000194138	0.000815961	1
3825.309536452	3379.320516246	-0.00771882	0.133011	-0.055125	-0.00364216	1.19898e-05	0.000757969	1
3787.143929613	3373.149221326	-0.00786336	0.121686	-0.0441735	-0.0026351	3.13998e-05	0.000752232	1
3740.044455165	3367.767446802	-0.0029009	0.126138	-0.0459856	-0.00275045	0.00012967	0.000816149	1
3728.563691323	3378.231816448	-0.00241094	0.117811	-0.00916484	-0.00191858	0.00021376	0.000743609	0
3698.032041508	3379.693857133	0.00243945	0.145199	-0.0178269	-0.00259538	0.000419162	0.000705592	0
3700.131164972	3371.390765021	-0.00617841	0.169592	-0.00435396	-0.00179923	0.000121881	0.00073135	0
3696.761146786	3380.820098303	-0.00401639	0.210816	0.034166	-0.00273056	9.56791e-05	0.000771081	0
3695.093315083	3383.114267689	-0.0110218	0.2464	0.0649979	-0.00351845	9.69785e-05	0.000862833	0
3687.2741208	3373.036597209	-0.0143056	0.158769	0.0296065	-0.00304841	5.29123e-05	0.000758147	0
3684.177548091	3379.544152274	-0.0114237	0.13886	-0.0208641	-0.00300185	0.000176642	0.000873192	0
3671.862520206	3371.902295008	-0.0108867	0.143122	0.0119815	-0.00227301	0.000473006	0.000888172	0
3661.318156237	3373.36686916	-0.00953915	0.119788	-0.0181865	-0.00235649	0.000479123	0.000843555	0
3668.538927398	3369.567590153	-0.00920356	0.16133	0.0254291	-0.00217671	0.000503844	0.000949858	0
3656.545627383	3369.022203836	-0.00461431	0.154102	-0.0222266	-0.00269093	0.000761337	0.000786396	0
3666.294492501	3371.995572651	-0.00269591	0.170387	0.0243693	-0.00218472	0.00062842	0.000911809	0
3663.778237015	3371.747983846	0.00329494	0.225399	-0.0156217	-0.00347517	0.000776009	0.000802605	0
3679.950749554	3374.127139529	-0.00803012	0.231352	0.0418565	-0.00337369	0.000909322	0.00102934	0
3679.958409742	3391.122095755	0.0103394	0.229854	0.030635	-0.00807717	0.00204064	0.00191304	0
3665.756654497	3382.00460921	0.00782676	0.15381	0.0268672	-0.00598456	0.00199822	0.0017175	0
3667.172628525	3381.154285611	0.00917986	0.149317	0.0488924	-0.00540827	0.00145318	0.00125715	0
3658.488297324	3380.908769642	-0.000736595	0.176425	0.0475813	-0.00433465	0.00121218	0.00119979	0
3665.50340406	3372.502726651	0.00169083	0.197265	0.0682661	-0.00384867	0.00108622	0.00102519	0
3660.986446912	3385.243531414	0.00205743	0.210056	0.0415228	-0.00353255	0.00137221	0.0009637	0
3666.971606638	3383.55601218	0.00251247	0.264284	0.0599296	-0.00348211	0.00117163	0.00102948	0
3667.480893034	3384.581605622	-0.00100844	0.28141	0.0323554	-0.00464855	0.00106384	0.000913473	0
3673.030350589	3375.942713996	-0.00310101	0.258495	0.0618912	-0.00451247	0.000852107	0.00103351	0
3675.503894726	3390.38646911	-0.00199274	0.206628	-0.0190196	-0.00496108	0.00095997	0.000826425	0
3675.30658687	3382.005760786	0.00102303	0.135982	-0.00692435	-0.00398448	0.0011845	0.000909089	0
3674.561459554	3381.419378369	0.00344618	0.149332	-0.0250674	-0.00400375	0.00120185	0.00100846	0
3678.539882318	3383.181980348	0.00313246	0.145344	0.0184105	-0.0029303	0.0012454	0.000989394	0
3663.511523219	3379.722876844	0.00610188	0.16104	-0.00364043	-0.00324705	0.00139492	0.000835667	0
3678.369965435	3374.867142162	0.00616668	0.207517	0.0140944	-0.00289421	0.00133691	0.00117923	0
3678.290345912	3383.999829508	0.00151872	0.247878	0.0312455	-0.00379836	0.0012348	0.00110078	0
3691.709601411	3383.132462587	0.00583208	0.304998	0.0700095	-0.00439852	0.00125666	0.00102942	0
3685.766456651	3378.082341904	-0.00600739	0.222426	0.0177908	-0.00419177	0.0012789	0.000878774	0
3684.485580473	3384.773688472	-0.00406093	0.208476	-0.015583	-0.00441163	0.00108205	0.00110859	0
3669.523377538	3375.132004605	-0.00144095	0.195934	0.0174478	-0.003715	0.00103114	0.000773738	0
3665.137804209	3382.082225422	-0.00396535	0.185438	0.00674778	-0.00356454	0.0010706	0.00101689	0
3672.529885014	3380.286227744	0.0040521	0.203718	0.0534334	-0.00328629	0.000946445	0.000902664	0
3663.38826384	3373.830954223	-0.00182344	0.149242	0.00771669	-0.00325847	0.00108872	0.000956111	0
3671.75852736	3370.498754376	0.00261261	0.192464	0.0403943	-0.0026508	0.00128796	0.000895257	0
3673.048688613	3375.197874743	-0.00364748	0.228038	0.0334342	-0.00304042	0.00113309	0.000942399	0
3684.170352157	3380.259050554	0.00260895	0.262609	0.0891331	-0.00372827	0.00111858	0.000884004	0
3668.330941705	3370.248171474	-0.00258517	0.23248	0.0528909	-0.00412939	0.00107652	0.000833612	0
3678.390856855	3382.531339999	-0.00678714	0.22641	0.0384951	-0.00319197	0.00101086	0.000955365	0
3654.969950055	3375.372223325	-0.00565682	0.18281	-0.0199191	-0.00359027	0.00118091	0.000842736	0
3662.130136098	3372.832307656	-0.00335485	0.195101	0.0473165	-0.00289452	0.00108949	0.000791034	0
3649.692313089	3370.144069018	-0.00158896	0.207088	0.00156215	-0.0034938	0.0010984	0.000916821	0
3675.404080164	3372.530594786	0.0068047	0.177416	0.037995	-0.00261022	0.00116542	0.000748296	0
3653.533316734	3373.774987637	0.00627609	0.206496	0.00578655	-0.00314007	0.0010159	0.000673688	0
3680.032922473	3371.668985743	-0.000485179	0.214587	0.0305299	-0.00275209	0.00120922	0.000753263	0
3674.67520173	3373.172483158	0.00545042	0.263164	0.0267359	-0.00362345	0.000712662	0.000820893	0
3681.068440529	3380.075719681	0.00550067	0.231397	0.0362074	-0.00311636	0.000887799	0.000908054	0
3679.49508447	3379.336868623	0.00699097	0.158493	0.0111244	-0.00270082	0.00123387	0.000786672	0
3668.677275024	3376.407029374	-0.0012186	0.176272	0.0335451	-0.0024073	0.000718953	0.000814318	0
3676.723025152	3378.31657243	0.00875561	0.192499	0.0398384	-0.00215944	0.000767617	0.000725099	0
3663.754095819	3375.980255368	0.00229254	0.167517	0.0281518	-0.00222299	0.000793104	0.000757445	0
3677.463277803	3380.355091979	0.00613125	0.195867	0.0398385	-0.00196421	0.00075037	0.000946788	0
3669.570267169	3375.391569799	0.0098529	0.184265	-0.000769169	-0.00251966	0.00109968	0.000931824	0
3686.463997955	3377.801587715	0.0061094	0.188007	0.0278774	-0.00207231	0.00101999	0.000892466	0
3675.285927577	3381.175013976	0.0107421	0.211942	-0.00432053	-0.00275972	0.000860811	0.00100235	0
3696.403903503	3379.118990474	0.0187611	0.193774	0.0249857	-0.00213953	0.0011324	0.000527519	0
3677.796844144	3385.287521611	0.0130896	0.204804	-0.0118205	-0.00267774	0.000998441	0.00110024	0
3683.165939105	3379.025021885	0.00746021	0.186989	0.0210397	-0.00195121	0.00112776	0.000927317	0
3669.271519862	3382.528345902	0.0191897	0.169464	-0.0120614	-0.00263745	0.00117597	0.00104893	0
3679.856506037	3383.478165654	0.00707085	0.203103	0.0372009	-0.00259332	0.0010022	0.000840418	0
3686.007868617	3384.733613633	0.016761	0.22387	0.0414175	-0.00340921	0.000908677	0.000792882	0
3686.884147626	3383.821335253	0.00379286	0.189871	0.0430598	-0.00271152	0.000817861	0.000884465	0
3684.278755414	3389.736059076	0.00880382	0.156053	-0.0214233	-0.00276063	0.00111997	0.00108321	0
3670.807271365	3376.10646808	0.0118124	0.150789	0.00590249	-0.00196767	0.000926226	0.0010194	0
3679.237655749	3378.489999751	0.007455	0.132917	0.0176839	-0.00173208	0.0011661	0.000904462	0
3665.274759074	3375.449378906	0.0119377	0.170142	0.0152518	-0.00163398	0.000979208	0.000969339	0
3673.432626489	3379.368652116	0.0118447	0.245628	0.0396972	-0.00190433	0.00107515	0.000416993	0
3680.459803824	3376.669588665	0.00301548	0.252645	0.0483827	-0.00254756	0.00106233	0.0008207	0
3676.751808886	3372.950229021	0.00917361	0.211978	0.0273888	-0.00251866	0.00108961	0.000697194	0
3682.50948426	3381.347980667	0.002887	0.158683	-0.0276156	-0.00224865	0.00104359	0.000979955	0
3678.825398392	3373.988259482	0.00622437	0.140546	0.00448127	-0.00110945	0.00116105	0.000818212	0
3669.01269838	3375.010858827	0.0116541	0.129437	0.00402496	-0.00118727	0.000912891	0.000904568	0
3681.558460393	3378.491611957	0.00576225	0.181183	0.0281285	-0.00173862	0.00101463	0.000718914	0
3691.498598068	3377.69978841	0.00876673	0.253309	0.021488	-0.0025001	0.000846233	0.000822291	0
3699.430141765	3376.773691121	0.0102241	0.217908	0.0391209	-0.00232797	0.00103146	0.000832302	0
3689.106298342	3373.123656343	0.0110495	0.191503	-0.000424304	-0.00216046	0.00106254	0.000889055	0
3698.341002398	3372.687439415	0.0237007	0.135524	0.0182657	-0.00264526	0.00147384	0.000974917	0
3696.708221856	3375.570755	0.0314022	0.124333	-0.0178539	-0.00405901	0.00285548	0.00105842	0
3703.353782583	3371.237835749	0.00828489	0.0834355	0.0356629	-0.00333783	0.00205611	0.00110872	0
3685.778295123	3371.780458285	0.00178271	0.207607	-0.0255859	-0.00301376	0.00174831	0.000775311	0
3697.898568546	3376.994563367	-0.00542218	0.293223	-0.0313548	-0.0028413	0.00158809	0.000918972	0
3697.56918049	3373.886229863	-0.00275838	0.240743	-0.0361832	-0.00269483	0.00172827	0.0010465	0
3692.428730515	3374.938079234	-0.0048936	0.243362	-0.0511646	-0.00245132	0.00129197	0.000834474	0
3692.856076119	3372.739490643	-0.00616573	0.22754	-0.0292799	-0.00233366	0.0015213	0.000956585	0
3681.283157902	3380.993295309	-0.00731593	0.227987	-0.0727316	-0.00296238	0.00141426	0.000878829	0
3694.443127665	3376.210570536	-0.0135992	0.22478	-0.0275751	-0.0029581	0.00128556	0.000860342	0
3687.595384416	3369.619411066	-0.00416158	0.185826	-0.0764706	-0.00378652	0.00148583	0.000999291	0
3691.353750889	3371.712284995	-0.00412601	0.136912	-0.0668897	-0.00295798	0.00151326	0.000907992	0
3691.356768538	3378.31657243	0.000530996	0.149156	-0.0774729	-0.00350246	0.00148288	0.000872794	0
3688.198217949	3370.429429511	-0.00536698	0.176463	-0.0457606	-0.00265706	0.00146869	0.00100966	0
3691.88578572	3370.892362998	-0.00257235	0.182652	-0.0371578	-0.00267604	0.0013576	0.000795557	0
3689.473987335	3368.343695352	-0.00626134	0.223595	-0.0369526	-0.00250318	0.00134941	0.00110183	0
3683.90294198	3377.997585922	0.00317046	0.209061	-0.0256164	-0.00226157	0.0013032	0.00100239	0
3693.492568051	3372.325153656	0.00408427	0.288002	-0.030051	-0.0023126	0.00154279	0.00109069	0
3684.994170489	3381.017708717	0.00345877	0.296448	-0.0366405	-0.00294682	0.00136611	0.00104346	0
3700.805493587	3379.429685635	-0.00548209	0.283653	-0.0450449	-0.00317273	0.00167519	0.00110208	0
3691.0050963	3380.212296575	-0.00640349	0.201478	-0.0813061	-0.00337326	0.00161732	0.000989092	0
3676.330498581	3377.74700302	-0.00112621	0.172168	-0.0848211	-0.00337326	0.00147307	0.000907741	0
3679.212353918	3373.296162403	0.00356243	0.132652	-0.0634422	-0.00285804	0.00156276	0.00109051	0
3674.398738604	3373.892218057	0.00372749	0.142239	-0.0687698	-0.00285004	0.0016038	0.00107786	0
3681.832137996	3370.002194875	0.00488458	0.144777	-0.0414896	-0.00229362	0.00199027	0.0010808	0
3680.69587687	3365.274976057	-0.00307206	0.16802	-0.0589384	-0.00222025	0.00169462	0.00110121	0
3677.783845038	3367.759155456	0.0036237	0.27181	-0.0333151	-0.00155234	0.00144264	0.00110111	0
3681.007623283	3376.785437194	0.00485323	0.291077	-0.0444172	-0.00246822	0.0018494	0.00112393	0
3683.931725714	3374.241836482	0.00389042	0.284856	-0.0402455	-0.00252506	0.00155294	0.00105798	0
3679.31890016	3368.345307558	0.00423177	0.193852	-0.118822	-0.00325227	0.00180066	0.000991152	0
3675.630636008	3372.639994491	0.00509529	0.154029	-0.0567786	-0.00200194	0.00149117	0.00100633	0
3681.522016471	3363.718045523	0.00967368	0.139205	-0.0811444	-0.00223998	0.00204273	0.00110142	0
3690.958438795	3362.614605554	0.00373327	0.13728	-0.048099	-0.00148747	0.00178745	0.00106311	0
3684.96422612	3364.069045839	0.00782882	0.183193	-0.0696062	-0.00221948	0.00185472	0.00109506	0
3702.764876664	3370.069216588	-0.00243267	0.235872	-0.0272293	-0.00225176	0.00166135	0.00118016	0
3689.952400855	3370.424592892	-7.37695e-05	0.221447	-0.0290176	-0.00265069	0.00167131	0.00108928	0
3696.752790218	3377.09498078	-0.00789985	0.223259	-0.0705796	-0.00266448	0.00173744	0.00120924	0
3692.037364579	3374.326592464	-0.00562323	0.193925	-0.0533991	-0.00258768	0.00168634	0.00107076	0
3682.394813577	3369.843047094	-0.0026109	0.158288	-0.0889079	-0.00233768	0.00186456	0.000966514	0
3707.02974401	3376.115450372	-0.00913992	0.16148	-0.0466716	-0.00169135	0.00159057	0.00110827	0
3688.900169663	3371.846098107	-0.00266008	0.186315	-0.0811042	-0.00217953	0.00181695	0.00108681	0
3704.350767575	3380.983852387	-0.00629857	0.219546	-0.0564802	-0.0019744	0.0015831	0.00108116	0
3698.964495224	3382.911360026	-0.00287207	0.275383	-0.0662305	-0.00288137	0.00173815	0.00107665	0
3710.208953893	3381.294086918	-0.0153032	0.238134	-0.0409861	-0.00261468	0.00147163	0.0011062	0
3703.20777477	3390.020037678	-0.0148694	0.207113	-0.11498	-0.00277392	0.0016275	0.00109383	0
3699.78877781	3384.636881262	-0.0166599	0.16619	-0.0890029	-0.00209453	0.00144125	0.00108618	0
3683.56334034	3387.357133708	-0.0112369	0.16999	-0.109784	-0.00245185	0.00168615	0.000901918	0
3691.503936986	3379.988660547	-0.011822	0.150417	-0.0842728	-0.00172652	0.00164418	0.00108515	0
3669.171937427	3379.864520672	-0.00751172	0.183267	-0.0980706	-0.00221117	0.00166268	0.00107554	0
3685.604199955	3380.295670666	-0.00364436	0.240706	-0.0450355	-0.00204294	0.0015109	0.00106509	0
3677.140157173	3383.781490729	-0.00828669	0.265183	-0.0477144	-0.00247693	0.00168292	0.000956831	0
3686.773655226	3381.624589184	-0.00337776	0.210571	-0.0430819	-0.00229834	0.0015629	0.00108607	0
3675.332585082	3389.750108301	-0.0103167	0.205006	-0.100867	-0.00281345	0.00167531	0.00106441	0
3670.915674623	3374.132206462	-0.0105169	0.159367	-0.0737062	-0.00175728	0.00171576	0.00108374	0
3662.733666011	3376.431903412	-0.00878798	0.172106	-0.0788184	-0.00202034	0.00173178	0.00109225	0
3672.377377648	3367.67555105	-0.00267899	0.156902	-0.0558486	-0.0015813	0.00182449	0.00102096	0
3653.077883776	3375.709174416	0.000183131	0.180849	-0.0772142	-0.00208714	0.00161496	0.00109447	0
3672.430302579	3374.597903731	-0.00800136	0.247097	-0.0302863	-0.00214932	0.00169205	0.00108511	0
3668.081869552	3371.196148704	-0.00338617	0.244849	-0.0357579	-0.00260976	0.00162935	0.00109616	0
3670.751560912	3367.120261181	-0.00999961	0.207818	-0.0544269	-0.00236936	0.00161547	0.00116219	0
3670.10462327	3370.591110758	-0.00951343	0.17821	-0.0577263	-0.00192518	0.00154497	0.00108462	0
3658.66169611	3366.663776518	-0.00372926	0.181042	-0.0660974	-0.00205922	0.00158927	0.00113258	0
3665.061202335	3371.044140693	-0.00718498	0.177731	-0.046616	-0.00185767	0.00153233	0.000980911	0
3649.746630781	3370.672181697	-0.00367693	0.142796	-0.0719152	-0.00205922	0.00175551	0.00110091	0
3666.945144173	3366.704081673	-0.010451	0.179727	-0.0275708	-0.000952501	0.00162754	0.00114824	0
3651.41399823	3370.424592892	-0.00599904	0.240932	-0.0605336	-0.00200488	0.00168346	0.0011424	0
3670.856714393	3375.800609537	-0.00529891	0.240863	-0.0236113	-0.00195836	0.00179068	0.00107673	0
3663.494113702	3370.473189393	-0.00148594	0.240303	-0.0424463	-0.00254915	0.00175115	0.00113476	0
3683.703544982	3377.416040124	-0.00911267	0.198143	-0.0539266	-0.00204625	0.00158725	0.0012141	0
3674.053798046	3373.698292686	-0.00418478	0.150434	-0.0685331	-0.00182147	0.00161915	0.00112152	0
3669.665671321	3370.585583194	-0.00829005	0.148125	-0.0597724	-0.001507	0.00167	0.00123945	0
3669.496450818	3377.086919749	-0.00637116	0.132894	-0.0332625	-0.00105331	0.00182504	0.00116687	0
3664.942353368	3370.791024324	-0.00205556	0.170465	-0.0678388	-0.0016663	0.00185014	0.00109085	0
3676.861372778	3380.151032741	0.00188192	0.239777	-0.00934698	-0.0016663	0.00164047	0.00114848	0
3668.927275685	3373.33209157	0.0107722	0.245741	-0.0429693	-0.00229659	0.00202806	0.000996092	0
3682.817980897	3377.716140787	-0.00122948	0.177775	-0.0594454	-0.00174419	0.00182366	0.00106621	0
3682.853264184	3378.037200131	-0.00123943	0.186853	-0.0991036	-0.00195682	0.00210343	0.00137726	0
3674.875759363	3383.148124018	-0.00668546	0.146652	-0.063566	-0.00105269	0.0021477	0.00114089	0
3669.616924674	3375.964824252	0.00243743	0.166127	-0.081018	-0.00133065	0.00206992	0.00109064	0
3674.465359021	3375.153884546	-0.00246232	0.200152	-0.049347	-0.00123064	0.00183746	0.00117598	0
3678.710959836	3379.525496745	0.000728278	0.208731	-0.0448402	-0.00181928	0.00191208	0.0010989	0
3681.500660797	3380.268954106	-0.00579832	0.231798	-0.0457744	-0.00176908	0.0017954	0.00119764	0
3683.744167187	3376.124202348	-0.0129979	0.168443	-0.0694693	-0.0015906	0.00178092	0.00110456	0
3673.446554102	3377.336811706	-0.00799149	0.168346	-0.0744919	-0.0016088	0.00194292	0.00112286	0
3682.051730034	3372.287842599	-0.00355533	0.159189	-0.0408382	-0.000873909	0.0018098	0.000970631	0
3666.600203614	3372.47416757	-0.019243	0.171441	-0.0600499	-0.00118057	0.00178331	0.00113194	0
3670.045430913	3375.898032853	-0.0141217	0.221218	-0.0222642	-0.000913221	0.00176002	0.00110439	0
3673.844187464	3374.205446686	-0.0155927	0.236429	-0.0245044	-0.00186711	0.00174526	0.00113452	0
3668.900116839	3383.750858812	-0.0113641	0.230933	-0.0168303	-0.00133939	0.00180131	0.00102395	0
3671.690978435	3373.569085877	-0.012027	0.172118	-0.115524	-0.00182333	0.00190307	0.00108501	0
3670.446546178	3369.511162937	-0.0067077	0.167143	-0.062598	-0.00109658	0.00154179	0.00110721	0
3654.381044136	3362.387284484	-0.00701306	0.173202	-0.0950564	-0.00120101	0.00217971	0.00109247	0
3675.694006649	3369.814718328	-0.00666696	0.16269	-0.0441634	-0.00072301	0.0016005	0.00101091	0
3659.790993429	3366.565662257	0.00766191	0.211568	-0.0681985	-0.0016682	0.00193788	0.00105713	0
3689.473058827	3371.23161724	-0.00473037	0.245403	-0.0233539	-0.00151575	0.00189219	0.0010257	0
3671.541256591	3367.857960663	0.00761048	0.236968	-0.0585589	-0.00200958	0.0019211	0.00104764	0
3684.277130526	3374.067257585	-0.00522203	0.184038	-0.0595713	-0.00175313	0.0019925	0.00108637	0
3680.35557885	3370.218000187	0.00104657	0.16822	-0.0753983	-0.00172019	0.00194054	0.00107064	0
3669.555411048	3368.560882555	-0.00434091	0.17107	-0.0645964	-0.000986641	0.00167965	0.0013095	0
3673.085828915	3362.833635279	0.00489058	0.14702	-0.0421565	-0.000739809	0.0019705	0.00109778	0
3671.171942709	3365.412013582	-0.00326084	0.192319	-0.0685963	-0.00113181	0.00191741	0.00118533	0
3672.030115821	3373.530162614	-0.00439529	0.242968	-0.0229551	-0.00101234	0.00169775	0.00104562	0
3669.590462209	3374.133127723	0.00287521	0.225973	-0.0756276	-0.001778	0.00218128	0.000977186	0
3675.271071456	3367.116806453	-0.00822743	0.194381	-0.0588063	-0.00137658	0.00182854	0.00101189	0
3675.845585508	3382.633599933	-0.00013168	0.155474	-0.0922677	-0.00147469	0.00223649	0.000978377	0
3677.042663879	3373.62090679	-0.00263893	0.13379	-0.0688027	-0.000437045	0.00210069	0.00102565	0
3675.797535242	3374.258419174	0.00323506	0.148853	-0.0695997	-0.000864312	0.00233482	0.00116842	0
3686.56961569	3371.902985954	-0.00317037	0.179953	-0.0598996	-0.000562294	0.00206284	0.00122429	0
3681.734644702	3373.989641373	-0.00372187	0.1961	-0.0401451	-0.000965143	0.0019073	0.00121227	0
3689.37811893	3382.100650635	-0.010641	0.244917	-0.0331061	-0.00132337	0.00183596	0.000995398	0
3684.421977705	3378.100306487	-0.00457083	0.220859	-0.0557536	-0.00137506	0.00204484	0.00102695	0
3685.957961335	3382.707531102	-0.00611501	0.158852	-0.118661	-0.00140099	0.00221696	0.00104172	0
3675.340245269	3379.018342746	-0.00683439	0.157371	-0.0729965	-0.000703214	0.00209414	0.00123458	0
3662.75989635	3374.545391873	-0.00620336	0.163751	-0.108253	-0.0012124	0.00219176	0.00102353	0
3672.200961211	3381.318960956	-0.000862527	0.163684	-0.0666666	-0.000603519	0.00223225	0.00129027	0
3669.99343449	3375.621654652	0.00581602	0.205113	-0.083874	-0.00118713	0.00225805	0.00121711	0
3683.08121279	3384.522184309	8.22481e-06	0.235027	-0.0299169	-0.00097537	0.0023144	0.00113849	0
3670.22625776	3385.657177455	0.0116095	0.235099	-0.0547444	-0.00187392	0.00223138	0.00101909	0
3682.814731121	3386.675861442	0.00162979	0.193558	-0.0759237	-0.00139596	0.00207632	0.00107445	0
3664.71974368	3374.597673416	-0.010187	0.162253	-0.0670038	-0.000884922	0.00164595	0.00100393	0
3654.272408751	3374.421482313	0.00227701	0.13618	-0.094427	-0.000797075	0.00231363	0.00113712	0
3662.47554091	3373.107303966	-0.00773513	0.140453	-0.063672	0.000249184	0.00190205	0.00123572	0
3659.533332582	3374.517063108	0.00210603	0.185062	-0.100533	-0.000423127	0.00217319	0.00112718	0
3676.908726663	3377.874827938	-0.00582138	0.23302	-0.056056	-0.000553151	0.00194674	0.00111404	0
3672.581649311	3376.320891501	0.000105677	0.240451	-0.0524972	-0.0010282	0.00161402	0.00110792	0
3667.517569083	3378.13830849	0.00156984	0.228499	-0.0833857	-0.00121905	0.00203188	0.00130681	0
3680.304975188	3378.44762176	0.00102368	0.186819	-0.0796369	-0.000731722	0.00187043	0.00123122	0
3667.768033997	3371.239447956	0.00154806	0.145042	-0.128999	-0.00111858	0.00207577	0.00111073	0
3674.475340478	3372.316631995	0.00151474	0.148052	-0.0882719	-0.000588574	0.00204855	0.00113536	0
3676.904548379	3369.618029175	0.00111274	0.143958	-0.0828567	-0.000379158	0.00198739	0.000901232	0
3674.257141201	3369.455656981	0.000401311	0.174027	-0.0832634	-0.000553285	0.00167845	0.0012399	0
3679.700748894	3371.20397942	0.000737525	0.174035	-0.0595143	0.000271488	0.00180457	0.00114674	0
3667.315154435	3368.021484432	0.00126634	0.176362	-0.0991184	-4.18983e-05	0.00198223	0.00115516	0
3681.008087537	3368.262854728	-3.63026e-05	0.254366	-0.0451927	-0.000599446	0.00151832	0.00121359	0
3676.31192843	3372.049927031	-0.00194373	0.253307	-0.079415	-0.00149279	0.00195076	0.00108612	0
3683.693795652	3375.348961493	-0.00104019	0.231869	-0.0514734	-0.00112811	0.00185975	0.00116656	0
3681.993698311	3373.828190441	0.013982	0.163711	-0.117667	-0.0016687	0.00208643	0.00123138	0
3672.087219035	3369.500338124	-0.000435411	0.123876	-0.0867006	-0.00100416	0.00199105	0.0011461	0
3679.040115766	3375.83239303	0.0095047	0.125595	-0.08043	-0.00111676	0.00212326	0.000974966	0
3674.683558298	3368.678112975	0.00123071	0.141898	-0.0631384	-0.000656966	0.00195001	0.00105039	0
3679.246244444	3375.044484842	0.00330026	0.184182	-0.0362186	-0.000832674	0.00202698	0.000963666	0
3684.871607491	3378.810137834	-0.00245113	0.263778	-0.0593114	-0.00183706	0.00187608	0.000972512	0
3683.653405573	3378.059310387	-0.0109431	0.244981	-0.021536	-0.00201409	0.00193659	0.00132899	0
3677.587465689	3375.390648539	-0.00222572	0.178649	-0.0856957	-0.00236111	0.00204677	0.00125487	0
3679.881575741	3373.438497177	-0.00628923	0.137377	-0.032246	-0.00140897	0.00204638	0.00121652	0
3681.818674636	3367.651828588	-0.00312885	0.142254	-0.0551013	-0.0016981	0.00158778	0.00107534	0
3684.901319733	3378.949939141	-0.00920013	0.232257	-0.0649137	-0.00161872	0.00170136	0.00105568	0
3688.886938431	3373.199199718	-0.00886195	0.172871	-0.0418308	-0.0010929	0.00151736	0.000908709	0
3677.93519177	3372.720144169	-0.00812717	0.153074	-0.0879619	-0.00126795	0.00205768	0.000995926	0
3696.32056995	3372.555929454	-0.0115241	0.180436	-0.0672963	-0.000884979	0.00151536	0.00113773	0
3683.995560609	3375.210081447	-0.0119296	0.261102	-0.0703956	-0.00195351	0.00179804	0.000987879	0
3709.943168604	3377.099126453	-0.0149616	0.242091	-0.0328528	-0.00207878	0.00204866	0.00121733	0
3687.513675751	3381.137702919	-0.00896446	0.199359	-0.106547	-0.00261227	0.00184174	0.00132259	0
3688.460521334	3375.27526064	-0.0152671	0.170896	-0.105745	-0.00181133	0.00212188	0.00127897	0
3680.846062968	3372.272872113	-4.89395e-05	0.164732	-0.0823483	-0.00150931	0.00218114	0.00115031	0
3678.283149978	3369.188491387	-0.0177397	0.186762	-0.0833483	-0.000807496	0.00176727	0.00122928	0
3671.184709688	3366.568656354	-0.0024938	0.178035	-0.0573964	-0.000369552	0.00185082	0.00118807	0
3670.834894465	3370.91562483	-0.0198814	0.255141	-0.0856653	-0.000730796	0.00188732	0.00133308	0
3682.07888888	3377.497341378	-0.00215843	0.286152	-0.0295276	-0.000951877	0.0016644	0.00112179	0
3684.159442193	3372.615350768	-0.0110248	0.258819	-0.0831557	-0.00181709	0.00186322	0.0012699	0
3678.86741336	3378.66734243	-0.0119245	0.217961	-0.0779592	-0.00125521	0.00155701	0.00134049	0
3676.854641098	3374.733559365	-0.0107246	0.182804	-0.120316	-0.00207694	0.00200445	0.00111292	0
3679.910127349	3364.51654821	-0.016393	0.139818	-0.085971	-0.00117594	0.00194548	0.00109195	0
3670.668691612	3368.117525857	-0.00664795	0.159905	-0.0979864	-0.00119784	0.00204717	0.00114218	0
3677.732312868	3368.809853251	-0.0178744	0.174567	-0.0706025	-0.00102621	0.00215042	0.00118223	0
3672.713265257	3367.014085888	-0.00830852	0.196964	-0.068731	-0.00128022	0.00210152	0.00114617	0
3692.434301561	3375.557627035	-0.0180771	0.278106	-0.0275675	-0.00205463	0.00179428	0.00124866	0
3684.450065059	3368.403116665	-0.0162094	0.272799	-0.0130874	-0.00219065	0.00166005	0.00122563	0
3682.574944043	3373.496536599	-0.0192468	0.223967	-0.0837541	-0.00259854	0.00191714	0.00104824	0
3690.847250015	3371.970698613	-0.0196438	0.22965	-0.0689245	-0.00193687	0.00178044	0.00117529	0
3673.390843649	3366.328667949	-0.020442	0.169158	-0.11737	-0.00194112	0.00178016	0.00103552	0
3681.581440955	3375.446384809	-0.0126654	0.178186	-0.072759	-0.00121112	0.00169358	0.00102962	0
3677.476044782	3365.095560541	-0.0113732	0.189653	-0.0923014	-0.00194518	0.00209566	0.00112501	0
3696.642762073	3374.097659187	-0.011873	0.211902	-0.07508	-0.00128131	0.00195607	0.00100412	0
3677.924513933	3374.505547349	-0.0124842	0.291789	-0.074602	-0.00211583	0.00174043	0.00107314	0
3700.945698229	3377.344872737	-0.0193299	0.295568	-0.0337711	-0.00200292	0.00174048	0.00120807	0
3695.039925899	3377.233400196	-0.0238509	0.304395	-0.0803744	-0.00286766	0.00177126	0.00125052	0
3702.665526355	3373.14668786	-0.0114758	0.206133	-0.0810635	-0.00202532	0.00204851	0.00112935	0
3688.64738348	3376.961858613	-0.00831201	0.197785	-0.121931	-0.00278261	0.00196975	0.00119685	0
3680.992535036	3375.054158079	-0.0214158	0.176518	-0.088186	-0.00177108	0.0018357	0.00123281	0
3675.851156554	3374.997500547	-0.0120294	0.193186	-0.0900665	-0.00200843	0.00180004	0.00118196	0
3680.929628649	3370.973664252	-0.0240828	0.189503	-0.065423	-0.00169438	0.00159862	0.00103378	0
3675.545909693	3371.178644751	-0.0124148	0.219706	-0.0613475	-0.00170616	0.001682	0.00118251	0
3680.704001312	3376.934451108	-0.0174656	0.28899	-0.0494404	-0.00167939	0.00162022	0.00113158	0
3679.68241087	3375.288158289	-0.0122168	0.290248	-0.0345199	-0.00251846	0.0017346	0.00119655	0
3690.472829342	3380.493511395	-0.0076104	0.292795	-0.019991	-0.00224886	0.00173026	0.00127838	0
3683.979543854	3377.498723269	-0.0127979	0.215711	-0.0767994	-0.00236883	0.00156428	0.00113371	0
3685.455406619	3370.413998394	-0.0124001	0.200669	-0.0846796	-0.00206043	0.00166938	0.00117981	0
3675.540570775	3368.749510677	-0.0126468	0.154051	-0.0577225	-0.0015965	0.00161191	0.00118293	0
3672.704444435	3367.457442586	-0.0194187	0.169508	-0.0710229	-0.00153117	0.00165335	0.0011159	0
3672.516189528	3367.19511361	-0.00728112	0.187676	-0.0501872	-0.00118085	0.00200276	0.00096157	0
3674.25273079	3363.359214492	-0.0174879	0.234705	-0.0640392	-0.00186356	0.0015913	0.00116982	0
3683.919190862	3370.322102642	-0.0149302	0.283175	-0.0193051	-0.00208689	0.00170306	0.00117334	0
3679.302883405	3370.393270029	-0.0182206	0.273021	-0.0334452	-0.00277758	0.00158368	0.00127128	0
3678.900375378	3376.909807385	-0.019577	0.234004	-0.0735218	-0.00240251	0.00167381	0.00103727	0
3672.681231746	3368.043825003	-0.0170539	0.181477	-0.109693	-0.00268158	0.00166785	0.00113943	0
3664.562361649	3362.750261188	-0.00927615	0.173657	-0.0578914	-0.00122894	0.00167531	0.00110078	0
3660.014763751	3366.660091476	-0.00861585	0.158808	-0.111416	-0.00153706	0.00190596	0.00113474	0
3666.08627468	3363.265015588	-0.0122968	0.187479	-0.0618062	-0.000582103	0.00163023	0.00106961	0
3667.799835381	3367.631791168	-0.0066691	0.271873	-0.0839703	-0.0014653	0.00184377	0.00111717	0
3689.101423677	3369.903159352	-0.0130461	0.286382	-0.0374368	-0.0017591	0.00174666	0.00113156	0
3681.199824348	3378.978267906	-0.018443	0.290705	-0.080737	-0.00254702	0.00180992	0.00113875	0
3691.107928512	3376.728549348	-0.020228	0.214519	-0.0820542	-0.0019511	0.00188835	0.00119923	0
3682.333764205	3378.153739606	-0.00938036	0.187977	-0.11022	-0.00172929	0.002152	0.00120858	0
3679.002279083	3369.892104224	-0.0104683	0.177821	-0.0820599	-0.00147163	0.00172573	0.00128277	0
3685.371376685	3373.144384708	-0.00975196	0.158595	-0.0591747	-0.00154925	0.00203645	0.00105787	0
3678.182174781	3374.435301223	-0.0101562	0.199759	-0.0768185	-0.00118039	0.00185787	0.00119384	0
3671.919159167	3369.811724231	-0.0103501	0.216993	-0.065932	-0.00122823	0.00183361	0.00116749	0
3686.692178688	3377.507475245	-0.019834	0.292219	-0.0314254	-0.00174601	0.00184555	0.00120935	0
3678.659659793	3373.344989219	-0.0117381	0.26882	-0.0434057	-0.00253974	0.00175017	0.00111707	0
3691.342608798	3374.284905418	-0.016745	0.232121	-0.0746467	-0.00231021	0.0018478	0.00118942	0
3684.617660674	3373.372627039	-0.0104499	0.185132	-0.0707407	-0.00181774	0.00174447	0.00116169	0
3657.480634495	3372.707476835	-0.00468802	0.189964	-0.077273	-0.00171327	0.00185491	0.00117115	0
3673.71837469	3370.676097055	-0.0148868	0.168286	-0.0573429	-0.00148237	0.00172335	0.000908756	0
3659.412858726	3367.607838391	-0.0159457	0.205955	-0.066839	-0.00144638	0.00188469	0.00107412	0
3666.554938871	3368.779221334	-0.0118401	0.222837	-0.0576712	-0.00139574	0.00214908	0.000868516	0
3658.406820785	3367.89481109	-0.023226	0.278083	-0.043885	-0.00200251	0.00173294	0.00110053	0
3674.972556276	3375.246010613	-0.0207396	0.269296	-0.00140026	-0.00185521	0.00187262	0.00106299	0
3672.342326487	3372.084934936	-0.0192485	0.24146	-0.0739788	-0.00222629	0.00188744	0.00118587	0
3665.152196076	3372.841289947	-0.0185868	0.217448	-0.05883	-0.0014872	0.00189911	0.00106752	0
3661.354368032	3366.590075665	-0.0261764	0.184244	-0.0716594	-0.00171385	0.00189031	0.00120565	0
3673.6243633	3373.447018838	-0.0181831	0.195852	-0.0457584	-0.0011654	0.00199994	0.00120363	0
3666.031492734	3367.560623781	-0.0246112	0.189101	-0.05735	-0.00124164	0.00182472	0.00121332	0
3666.392217921	3370.65490806	-0.0148332	0.231518	-0.0348344	-0.000991639	0.00197383	0.0012012	0
3680.103024794	3373.988489798	-0.0219671	0.271919	-0.00901827	-0.001971	0.00208323	0.00117015	0
3682.846764631	3372.08954124	-0.0230857	0.261649	-0.00767227	-0.00189818	0.0021937	0.00118104	0
3674.821673797	3372.491901838	-0.0252156	0.231766	-0.0676872	-0.00202461	0.00202792	0.00118838	0
3670.122032786	3370.565085144	-0.024644	0.197502	-0.0541094	-0.00151989	0.00223387	0.00118101	0
3665.349503932	3364.478546207	-0.0305154	0.185329	-0.0619246	-0.0016824	0.00180412	0.0012234	0
3662.74945064	3364.92927299	-0.0199009	0.197337	-0.0458738	-0.00122539	0.00185395	0.00115848	0
3664.626660797	3365.439190771	-0.0254471	0.19941	-0.0627181	-0.00125581	0.00188651	0.00112297	0
3670.048216436	3368.676500769	-0.0206887	0.216792	-0.0494596	-0.000951186	0.00199556	0.0011651	0
3669.488558504	3364.111654145	-0.0194298	0.276144	-0.0272161	-0.00171211	0.00192827	0.00111408	0
3669.043107003	3367.706413283	-0.0251047	0.261352	-0.00585507	-0.00224831	0.00189208	0.00109137	0
3662.728791346	3371.82214533	-0.0236107	0.249061	-0.0452838	-0.00248997	0.0019594	0.00121047	0
3666.443750091	3371.868668994	-0.018481	0.214998	-0.0582793	-0.00192682	0.00191515	0.00118938	0
3651.846450626	3368.028854517	-0.0229226	0.168534	-0.108838	-0.00208482	0.00204023	0.00110102	0
3655.40170607	3364.186736889	-0.0204908	0.173266	-0.0535554	-0.00123569	0.00189445	0.00121836	0
3657.067448631	3370.99853829	-0.0109093	0.19169	-0.0593834	-0.00167517	0.00198806	0.00120259	0
3673.147110414	3370.85459131	-0.0191479	0.194578	-0.0353986	-0.00102926	0.00187218	0.00114588	0
3666.93191294	3373.802855772	-0.0106491	0.251552	-0.0538454	-0.00179621	0.00206821	0.0011881	0
3703.735863444	3392.136864384	-0.02094	0.271806	-0.0207671	-0.00183636	0.00186378	0.00122031	0
3686.24045976	3376.651393767	-0.0217392	0.288181	-0.0323878	-0.00246786	0.00200677	0.00127389	0
3689.893672752	3388.421650414	-0.0232563	0.245116	-0.0578967	-0.00197509	0.00188757	0.00123473	0
3695.042943548	3384.438810218	-0.0260616	0.184473	-0.0847828	-0.00175815	0.00192986	0.00120747	0
3682.957024904	3382.672753512	-0.0185408	0.188852	-0.0825588	-0.00164352	0.00182703	0.00119096	0
3683.218399782	3383.283779652	-0.0266432	0.198969	-0.0678692	-0.0013202	0.00211355	0.00122205	0
3672.296829617	3380.041633036	-0.0268999	0.206096	-0.110822	-0.00167946	0.00189852	0.00119688	0
3670.891301299	3381.104076905	-0.0241761	0.224503	-0.0768664	-0.00122789	0.0017661	0.00121626	0
3669.774770959	3380.295210036	-0.0236565	0.291285	-0.0548331	-0.00147339	0.00191589	0.00135531	0
3662.477165798	3381.818053925	-0.0242885	0.268147	-0.0545413	-0.00177432	0.00173487	0.00111884	0
3666.192588796	3373.979737821	-0.0244714	0.270265	-0.0544439	-0.00191084	0.00162477	0.00111121	0
3662.088121131	3381.794561777	-0.0240614	0.232571	-0.0953829	-0.00211614	0.00177615	0.0011174	0
3646.400521664	3371.596436466	-0.0242734	0.193259	-0.0662789	-0.00164046	0.0016707	0.00116817	0
3646.283529712	3366.330971101	-0.0241861	0.182067	-0.0775231	-0.00187738	0.00172984	0.00108991	0
3645.781207122	3369.773031283	-0.0219108	0.183583	-0.045616	-0.000753357	0.00176126	0.00120264	0
3638.968747161	3361.777179605	-0.0199571	0.205902	-0.0761821	-0.0012809	0.00177321	0.00107553	0
3654.406345967	3371.049898573	-0.0203566	0.222595	-0.0392517	-0.00066301	0.00183728	0.00112937	0
3661.727860198	3368.163588891	-0.0257227	0.284618	-0.016747	-0.00140662	0.00169653	0.00128072	0
3660.372935542	3366.193472946	-0.0232588	0.290412	0.00668975	-0.00147961	0.00176639	0.00118724	0
3667.713484178	3360.856379564	-0.0302359	0.238323	-0.0427504	-0.00185725	0.00176144	0.00123622	0
3670.265719331	3368.105088838	-0.0242432	0.190522	-0.0487615	-0.0010472	0.00166089	0.00123488	0
3669.591622843	3360.447800456	-0.0193622	0.166426	-0.0659534	-0.00116277	0.00166089	0.00125184	0
3659.234817401	3361.910532087	-0.0158295	0.162547	-0.0307003	-0.000797204	0.00166089	0.00120437	0
3679.576096754	3354.412852116	-0.0173355	0.164714	-0.0467908	-0.000613353	0.00186158	0.00110396	0
3663.785897203	3364.511020646	-0.00948395	0.194952	-0.0911837	-0.00138757	0.00196312	0.00107661	0
3674.800318123	3365.188377554	-0.0199479	0.243494	-0.0246754	-0.00127056	0.00161229	0.00114435	0
3666.382236465	3367.393184654	-0.0190502	0.272874	-0.0435383	-0.00229629	0.00176339	0.00121101	0
3668.971379794	3367.109436368	-0.02167	0.213782	-0.0623342	-0.00167194	0.00187854	0.00115438	0
3662.943740846	3367.200871489	-0.0191218	0.217572	-0.0752301	-0.00186127	0.0018674	0.00116289	0
3667.343473916	3361.06435416	-0.0210872	0.186185	-0.0541647	-0.000889027	0.00177902	0.00103238	0
3657.851805392	3365.630582676	-0.00728524	0.185723	-0.0870703	-0.000849576	0.00172656	0.00111839	0
3677.824467244	3367.769289323	-0.0183648	0.175123	-0.0681562	-0.000246179	0.00197206	0.00116429	0
3669.160563209	3376.386761639	-0.0145978	0.229327	-0.0819984	-0.00108675	0.00174735	0.0011421	0
3688.306156952	3374.85677798	-0.0209545	0.271614	-0.051343	-0.000940061	0.00174529	0.00116787	0
3676.541501924	3374.869445314	-0.0150342	0.270407	-0.0683293	-0.0017024	0.00169121	0.00121411	0
3693.403895579	3378.791712621	-0.0303914	0.21917	-0.0876141	-0.00110016	0.00165797	0.00116793	0
3690.330535558	3374.451423285	-0.0199339	0.167496	-0.092135	-0.000503038	0.00188464	0.00106564	0
3687.267853374	3373.925383442	-0.0267067	0.186527	-0.102771	-0.000503038	0.00171978	0.00131127	0
3692.739084167	3376.530017673	-0.0224476	0.170142	-0.0818607	-0.000437891	0.00178595	0.000980502	0
3692.897394706	3370.520173687	-0.0221488	0.185918	-0.0922197	-0.000675107	0.00196643	0.00118431	0
3686.621379986	3373.759326206	-0.0193542	0.196657	-0.0826904	-0.000503038	0.00191312	0.00122127	0
3700.375130334	3367.968972574	-0.0237347	0.263554	-0.0776753	-0.000366597	0.00173556	0.00124042	0
3693.071722	3373.955094098	-0.0244421	0.268747	-0.0726423	-0.00124481	0.00180448	0.00129693	0
3693.324508183	3374.084300907	-0.0270864	0.278276	-0.0710757	-0.00155817	0.00174578	0.00150514	0
3683.265289414	3375.609908578	-0.0249221	0.187266	-0.103636	-0.000785596	0.00189276	0.00114962	0
3679.134127156	3374.949594993	-0.0184395	0.200198	-0.113414	-0.000818131	0.00182532	0.00124425	0
3674.365544459	3372.071806972	-0.0149362	0.18693	-0.0871137	-0.000787019	0.0020171	0.00130839	0
3667.679129398	3367.64837386	-0.0204414	0.190768	-0.0818943	-0.000711768	0.00199647	0.00117159	0
3664.044254431	3365.898669531	-0.0125588	0.182058	-0.0893555	-0.000563344	0.00204077	0.00127191	0
3667.041941086	3369.181121302	-0.0218352	0.223827	-0.0817678	-0.000459274	0.00209892	0.00116174	0
3668.285444834	3369.127457867	-0.0170333	0.257203	-0.0711802	-0.00109526	0.00202272	0.00115333	0
3677.145496091	3368.371563487	-0.0235677	0.28699	-0.0319293	-0.00133452	0.00171276	0.00118278	0
3663.867837995	3370.136468617	-0.019503	0.261829	-0.078789	-0.00202349	0.0018716	0.00125922	0
3677.065412314	3367.368540932	-0.0278812	0.221701	-0.0829245	-0.00168794	0.00183561	0.00123521	0
3670.067018714	3367.656204576	-0.0100973	0.168977	-0.0761876	-0.0013854	0.00203428	0.00128302	0
3669.391761591	3357.316665751	-0.0274274	0.199996	-0.0843205	-0.00138756	0.00167795	0.00123815	0
3667.072813962	3356.434098028	-0.0130443	0.172109	-0.0759241	-0.00127239	0.00210579	0.0011347	0
3668.958844942	3361.053759663	-0.0207668	0.213883	-0.0852588	-0.00105881	0.00202262	0.00111406	0
3672.914287144	3363.162985969	-0.0232374	0.233645	-0.0673072	-0.000756003	0.00180251	0.00122879	0
3689.309641497	3367.0993025	-0.0225022	0.290546	-0.0579128	-0.00144194	0.00173487	0.00119757	0
3684.411067742	3364.394941801	-0.0203528	0.291036	-0.0400114	-0.00138305	0.00180251	0.00134026	0
3682.019232269	3365.65706892	-0.0264803	0.211754	-0.127628	-0.00170684	0.00191839	0.0011231	0
3691.86860833	3369.016906587	-0.0219171	0.200303	-0.0935441	-0.000448973	0.00177177	0.00123703	0
3677.300556853	3366.154779998	-0.017674	0.179578	-0.111484	-0.00131842	0.00201335	0.00108928	0
3701.42852216	3367.456060695	-0.016682	0.166917	-0.0872903	-0.000426426	0.00201192	0.00112556	0
3682.860227991	3369.91375385	-0.0124437	0.193466	-0.117423	-0.000862264	0.00211657	0.000928539	0
3705.71474518	3367.712631792	-0.0181819	0.245005	-0.0827937	-0.000803578	0.00182747	0.00108756	0
3694.22260712	3375.759843753	-0.0122673	0.281551	-0.0868554	-0.0018995	0.00213977	0.00117057	0
3699.586827416	3370.645925768	-0.0227224	0.246942	-0.0659164	-0.0015215	0.00197522	0.00134457	0
3696.51161038	3378.879462699	-0.0131097	0.208137	-0.125427	-0.00199538	0.00207252	0.00110756	0
3692.757422191	3375.052315557	-0.0134686	0.18698	-0.108222	-0.00118129	0.00192972	0.00121887	0
3690.875801622	3373.982040973	-0.0134169	0.173472	-0.104193	-0.000841249	0.0019944	0.00118513	0
3679.21444306	3371.845407162	-0.019709	0.186705	-0.104798	-0.000826956	0.00207291	0.00126323	0
3685.96585365	3373.547896882	-0.00606761	0.192889	-0.093213	-0.000601466	0.00208816	0.00113964	0
3688.604207879	3372.48890774	-0.0219339	0.267592	-0.0734482	-0.00113379	0.00184731	0.00121911	0
3694.025299263	3379.235760264	-0.0198641	0.259407	-0.0556938	-0.00124459	0.00193974	0.00112946	0
3680.513425135	3375.417595413	-0.0232833	0.258877	-0.0782761	-0.00143166	0.00167001	0.00122102	0
3687.401094209	3374.377492116	-0.0285593	0.215196	-0.10526	-0.000858886	0.00187978	0.00125913	0
3668.258518115	3370.139462714	-0.0198309	0.183368	-0.136152	-0.00116423	0.0021058	0.00112391	0
3671.526168343	3371.704223964	-0.0230776	0.195292	-0.0864255	-0.00067605	0.00178363	0.00111435	0
3663.064911083	3369.822779359	-0.0219687	0.160761	-0.115707	-0.000793904	0.00207493	0.00128208	0
3666.579544321	3368.992032549	-0.0188704	0.189364	-0.0681311	-0.000520863	0.00187938	0.0011077	0
3661.421452703	3371.98751162	-0.0161451	0.256916	-0.0971322	-0.00105833	0.00199422	0.00117007	0
3682.33863887	3374.647191177	-0.0166501	0.263838	-0.052588	-0.00123204	0.00184029	0.00111184	0
3675.595816975	3374.139115917	-0.0158871	0.267798	-0.0771532	-0.00189669	0.00206357	0.00117877	0
3683.866033804	3371.404814246	-0.0277999	0.229647	-0.0907544	-0.000926376	0.00183661	0.00124413	0
3681.562870804	3368.526104965	-0.0258197	0.191136	-0.0902255	-0.000660053	0.00177491	0.0011124	0
3673.82956347	3365.809767876	-0.0237794	0.197272	-0.104198	-0.00100883	0.00176595	0.00110992	0
3677.82098534	3369.193558321	-0.0185453	0.19923	-0.0777833	-0.000901093	0.00155213	0.00134261	0
3667.727411791	3366.501404325	-0.0230616	0.184962	-0.118953	-0.000838992	0.00213811	0.00125205	0
3677.878320682	3362.156508686	-0.0244113	0.198165	-0.0741077	-0.000635902	0.00182544	0.00115342	0
3665.576059777	3360.624682505	-0.0198286	0.226977	-0.123991	-0.000948296	0.00199133	0.000925524	0
3686.756477836	3368.374327269	-0.0162625	0.280757	-0.0677396	-0.000967895	0.00157624	0.00122045	0
3675.040569454	3361.933563603	-0.0170521	0.30157	-0.0950303	-0.00190775	0.0021145	0.0012026	0
3689.036892402	3364.190191617	-0.0206083	0.24332	-0.0783544	-0.00112026	0.00176921	0.00131737	0
3684.505543386	3374.473763856	0.0015245	0.224748	-0.131796	-0.00157703	0.00209277	0.00135036	0
3675.299623063	3363.28827742	-0.0163235	0.199482	-0.0992938	-0.000870237	0.00193583	0.00139298	0
3686.620683606	3364.895877291	-0.0128663	0.168265	-0.0833767	-0.000858723	0.00167144	0.00128328	0
3683.272021093	3362.745654885	-0.0208828	0.196863	-0.0956967	-0.000935678	0.00178596	0.00130196	0
3680.04731434	3369.605361841	-0.00842408	0.223098	-0.0708007	-0.000702981	0.00181595	0.00114926	0
3672.048685972	3367.680848299	-0.00694049	0.203604	-0.126096	-0.000582568	0.00198624	0.00112599	0
3682.151544596	3369.033489279	-0.0106287	0.23007	-0.0944874	-0.000203057	0.00182215	0.00106569	0
3685.053362846	3361.730655941	-0.00487278	0.295652	-0.0868118	-0.00122979	0.00189396	0.00109711	0
3702.22262825	3367.945941057	-0.012225	0.281697	-0.0677261	-0.00112942	0.00191762	0.00113144	0
3690.829144118	3372.59093736	-0.00482311	0.24483	-0.0979942	-0.00168098	0.00179091	0.00130286	0
3693.961232242	3376.080903096	-0.00953639	0.201568	-0.104693	-0.00121778	0.00200722	0.00151019	0
3688.301282288	3370.616215112	-0.00268819	0.1475	-0.100333	-0.00080905	0.00205069	0.00134879	0
3683.928708065	3372.183279513	-0.00776692	0.171339	-0.100598	-0.000630044	0.0018285	0.00114867	0
3691.269488828	3371.346544509	-0.00249695	0.153781	-0.0933552	0.000173659	0.00213333	0.00123544	0
3687.513907878	3369.44713532	-0.00839039	0.235938	-0.115816	-0.000486983	0.00205506	0.00116916	0
3705.682247415	3377.566205613	0.00018837	0.291094	-0.0553647	-0.000745757	0.00194378	0.00109088	0
3689.825427446	3380.059827934	-0.000670611	0.232531	-0.119781	-0.00116733	0.00209027	0.00112117	0
3692.677570541	3378.277188536	-0.014632	0.23207	-0.0770332	-0.00138767	0.00175085	0.00116838	0
3684.243704254	3369.90661408	-0.0147442	0.202789	-0.12536	-0.00186683	0.0017223	0.00114005	0
3684.056609981	3368.118677433	0.000495178	0.158896	-0.0764185	-0.00096592	0.00205454	0.00123862	0
3685.124161547	3368.327803605	0.000487121	0.145217	-0.062944	-0.000592884	0.00192747	0.00120078	0
3686.329364359	3367.596783263	-0.0147992	0.207752	-0.0713152	-0.000992361	0.00145685	0.00116202	0
3692.755333049	3369.958665308	-0.00213812	0.20907	-0.0750713	-0.000553038	0.00176836	0.00107736	0
3689.000912734	3367.410918922	-0.00158608	0.195065	-0.107296	-0.00101264	0.0020109	0.00122593	0
3699.647412534	3368.014344662	0.000105448	0.199374	-0.073996	-0.000814401	0.00193932	0.00119033	0
3690.278539135	3365.901202998	-0.00122044	0.206182	-0.128316	-0.00137849	0.00185559	0.00118343	0
3697.173172016	3364.039565497	-0.000815161	0.24511	-0.0821107	-0.00114769	0.00193508	0.00121745	0
3709.028588658	3375.658735394	-0.00346655	0.271793	-0.0697957	-0.00225886	0.00190045	0.00106034	0
3699.355396907	3365.938514055	-0.0046497	0.211904	-0.0622261	-0.00184753	0.00199524	0.00126344	0
3686.692178688	3372.658880334	-0.00151325	0.198679	-0.128818	-0.00213466	0.00193744	0.00123134	0
3675.677757767	3367.449611871	-0.0123065	0.172622	-0.102785	-0.00120295	0.00172166	0.00115366	0
3675.866244801	3361.532815212	-0.00180758	0.172234	-0.0923937	-0.00118087	0.00187098	0.00112511	0
3683.722811513	3362.648692199	-0.0115921	0.196874	-0.0839759	-0.00101208	0.00183218	0.00114216	0
3672.37644914	3367.451454392	-0.00408941	0.245607	-0.0869306	-0.00124405	0.00204601	0.0011746	0
3692.087503987	3366.70039663	-0.0134675	0.332088	-0.0531024	-0.00205462	0.0015554	0.00143419	0
3684.25368571	3367.559011575	-0.0110075	0.287288	-0.0406657	-0.00219986	0.00200127	0.00124287	0
3688.373938004	3370.940959498	-0.0222303	0.251984	-0.101381	-0.00200366	0.00167829	0.00106742	0
3686.370218692	3366.180805612	-0.0147125	0.20567	-0.0915794	-0.00106429	0.00193362	0.00107724	0
3672.590934386	3362.126567714	-0.0146376	0.178143	-0.128856	-0.00134371	0.00192514	0.00121832	0
3687.011817415	3359.218378091	-0.00959745	0.163298	-0.0737142	-0.00109904	0.00174598	0.001212	0
3662.924242188	3364.696884986	-0.0128491	0.186537	-0.0996131	-0.00126196	0.00191935	0.00103754	0
3695.029248062	3365.202657094	-0.0122974	0.212208	-0.0974633	-0.000683598	0.00170548	0.00110343	0
3690.023199556	3365.539147554	-0.00568482	0.287144	-0.0802	-0.00199324	0.00192694	0.0010905	0
3709.202219572	3369.946458604	-0.0108752	0.274648	-0.063309	-0.00238687	0.00178396	0.00128827	0
3700.571741809	3368.435130473	-0.0144943	0.189686	-0.0952629	-0.00206059	0.00178883	0.00117028	0
3693.347256618	3376.543606268	-0.0185583	0.190819	-0.132769	-0.00197968	0.00196377	0.00116585	0
3697.702189198	3372.671317353	-0.0141752	0.187068	-0.0890058	-0.00130831	0.00187408	0.0013087	0
3685.983959547	3371.807635474	-0.0147062	0.173497	-0.138621	-0.00130296	0.00190481	0.0012082	0
3687.884382394	3373.989411058	-0.0128753	0.192222	-0.0950426	-0.000985153	0.00208711	0.00133369	0
3683.258557734	3372.68052996	-0.00918871	0.254597	-0.115529	-0.00179665	0.00226022	0.00114808	0
3712.986352129	3378.437487893	-0.00260897	0.261492	-0.0670427	-0.00204411	0.00215506	0.00113064	0
3698.963798844	3376.859598678	-0.00318926	0.268285	-0.122507	-0.00315625	0.00218288	0.00116395	0
3706.986336282	3385.852715033	-0.0194028	0.200668	-0.127603	-0.00208328	0.00207603	0.00120226	0
3700.709160928	3380.106812228	0.000406423	0.194562	-0.162517	-0.00217776	0.00238393	0.00130044	0
3686.407358994	3373.295932088	-0.0111473	0.168305	-0.117704	-0.00111876	0.0022003	0.00123867	0
3682.199826989	3372.032883708	-0.00384141	0.175112	-0.138994	-0.00153005	0.00233069	0.00116361	0
3681.088171314	3372.821022212	-0.0173418	0.23002	-0.110984	-0.00103792	0.00213338	0.0010041	0
3690.19009879	3381.198966754	-0.00903769	0.280992	-0.0819502	-0.0016775	0.00208397	0.00123905	0
3692.176640713	3378.514182843	-0.0176328	0.297367	-0.0675045	-0.00207077	0.00211098	0.00129421	0
3686.81218829	3369.739865898	-0.0158747	0.228359	-0.0936791	-0.00207077	0.0020459	0.00119542	0
3682.059158094	3378.542281294	-0.0201526	0.22032	-0.120541	-0.00207077	0.00193181	0.00115809	0
3677.451903586	3369.317928511	-0.0110202	0.185763	-0.0983486	-0.00115716	0.00199744	0.00100522	0
3677.343964582	3364.57942425	-0.024118	0.172567	-0.115978	-0.00137381	0.00192947	0.00121233	0
3681.543140018	3368.861904479	-0.0149632	0.196631	-0.0833642	-0.00103977	0.0018922	0.00118671	0
3672.133412287	3366.165374495	-0.00775351	0.188487	-0.129174	-0.000944021	0.00222206	0.00132652	0
3680.824243041	3366.057126366	-0.00827752	0.244366	-0.093898	-0.000950752	0.00210422	0.0010751	0
3680.691002206	3365.090954238	-0.00807962	0.26485	-0.121615	-0.0017051	0.00215825	0.00113335	0
3677.016897794	3367.46918866	-0.0088286	0.276778	-0.067599	-0.00154795	0.00189698	0.00123153	0
3670.839072749	3363.025257498	-0.00867957	0.242289	-0.152343	-0.002378	0.00195288	0.00115978	0
3679.169178316	3362.038357005	-0.00849212	0.19214	-0.116119	-0.00173516	0.00201383	0.00116102	0
3673.918700196	3364.045784007	-0.00413585	0.188914	-0.150725	-0.00230226	0.00205129	0.00121239	0
3667.837904191	3361.643366492	-0.0128688	0.197241	-0.105554	-0.00116181	0.00214909	0.00123866	0
3669.526627314	3363.538399692	-0.00917683	0.181941	-0.112169	-0.00128481	0.00219325	0.00136289	0
3677.510631689	3363.850246429	-0.00970814	0.208022	-0.0990901	-0.00121917	0.00192208	0.00122132	0
3677.824931497	3360.3770937	-0.00933168	0.185334	-0.098047	-0.000487157	0.0022261	0.00119827	0
3681.003212873	3363.832051531	-0.00385907	0.214347	-0.103882	-0.0013073	0.00222399	0.00140242	0
3692.664571435	3371.418172526	-0.00168798	0.289137	-0.0601514	-0.00138126	0.00215885	0.00145432	0
3684.056609981	3369.384950225	-0.00170309	0.244489	-0.100672	-0.00232553	0.00229456	0.00116602	0
3696.913654153	3377.14265602	0.00452495	0.196802	-0.0999903	-0.0017427	0.00202869	0.00107193	0
3695.138811954	3374.551380068	0.00171656	0.181996	-0.153909	-0.00210747	0.00242299	0.00108049	0
3694.679432839	3373.316199823	0.00956964	0.16496	-0.104904	-0.000928496	0.00231141	0.00141851	0
3687.268781882	3376.181550825	0.00968208	0.157768	-0.142452	-0.00116877	0.00241038	0.00126387	0
3693.550367647	3371.065329689	0.00504607	0.171769	-0.1169	-0.000391385	0.00253399	0.00105663	0
3700.544350836	3383.090545226	-0.000251126	0.235865	-0.185798	-0.00111004	0.00306836	0.00112275	0
3713.609148575	3386.605385001	-0.0169279	0.236256	-0.156467	-0.000630009	0.00305562	0.0012354	0
3697.490721601	3388.929034728	-0.0133387	0.237426	-0.131519	-0.00177351	0.00263507	0.00109886	0
3689.536893722	3377.164305645	-0.00948509	0.170085	-0.123006	-0.000467864	0.0024776	0.00129358	0
3676.4895055	3372.093686913	-0.00729764	0.20194	-0.154546	-0.0011032	0.00259246	0.00112658	0
3686.719105407	3376.246269387	-0.00866746	0.182783	-0.110575	6.643e-05	0.0026705	0.00104048	0
3668.980432742	3372.452287629	-0.00131513	0.23171	-0.140777	-0.000659631	0.00274954	0.00119044	0
3690.094462511	3374.782616496	-0.00195067	0.266508	-0.0901478	-0.000997273	0.00252777	0.00125055	0
3682.956096396	3373.344758904	-0.00188113	0.260871	-0.109493	-0.00165481	0.00259263	0.000999517	0
3694.861188193	3367.763761759	-0.00874205	0.184607	-0.118081	-0.000721709	0.00252824	0.00104722	0
3691.508579524	3371.683725914	-0.00420472	0.194755	-0.162755	-0.00105199	0.00251476	0.0011013	0
3687.276674196	3367.593328535	-0.00187504	0.167003	-0.124499	-1.26006e-05	0.00258625	0.00105985	0
3680.704465565	3363.467923251	0.00209271	0.1605	-0.145824	-0.000470418	0.00292713	0.00109501	0
3686.495102958	3364.672471578	-0.00117777	0.195331	-0.117018	-0.000265674	0.00263951	0.00121409	0
3677.342803947	3363.395604288	0.00478348	0.24072	-0.137359	-0.00100783	0.00270844	0.00118542	0
3689.352817099	3367.712862107	-0.00386506	0.271543	-0.0906329	-0.00116438	0.00255721	0.00114224	0
3676.412207246	3369.293515103	-0.00457813	0.238913	-0.0932619	-0.0014013	0.00238573	0.00100426	0
3687.316600021	3367.05738514	0.00184855	0.211412	-0.123545	-0.000984838	0.00245887	0.00107977	0
3687.447519587	3363.620852522	-0.00364967	0.161389	-0.101494	-0.000397913	0.00249645	0.00102632	0
3671.247151821	3362.050794024	-0.0121877	0.172111	-0.12447	-0.000199666	0.00253799	0.00120705	0
3682.06542552	3366.841579828	-0.00866478	0.173244	-0.101382	-0.000199666	0.00249756	0.00114987	0
3673.606489529	3364.221744795	-0.0093792	0.17743	-0.141431	0.000101814	0.00259174	0.000966298	0
3689.652260786	3370.264523851	-0.00136183	0.248052	-0.0827827	-0.000354317	0.00251442	0.00112707	0
3679.491138312	3372.386417491	-0.00237599	0.256521	-0.115167	-0.00134887	0.00262574	0.000958039	0
3691.8648943	3371.007520582	-0.00535123	0.215868	-0.0962238	-0.000935801	0.00243657	0.00119647	0
3688.813354207	3376.390676997	0.00466107	0.207565	-0.167622	-0.00126358	0.0025465	0.00104043	0
3693.178036115	3369.794220278	-0.0110247	0.160296	-0.13679	-0.000510178	0.00236333	0.00118909	0
3687.476767575	3371.195688074	-0.009816	0.179805	-0.159765	-0.000842766	0.00268413	0.0011331	0
3698.382553112	3374.430234289	-0.0129518	0.163088	-0.129287	0.000101614	0.00255356	0.000979788	0
3681.890401845	3372.186503925	-0.00912398	0.20965	-0.173667	-0.000424547	0.00256817	0.000980415	0
3707.14023641	3380.074568105	-0.00946897	0.252291	-0.102764	-0.000554281	0.00232695	0.00123526	0
3689.37510128	3378.485623763	-0.00725932	0.269346	-0.11901	-0.00125067	0.00234013	0.00111219	0
3691.95890569	3378.460058779	-0.0108179	0.226117	-0.103467	-0.000901782	0.00216616	0.00115164	0
3695.273677677	3382.277532684	-0.00681419	0.207191	-0.183326	-0.0013518	0.00226903	0.00109053	0
3682.415937124	3378.067601733	-0.0133737	0.1696	-0.154454	-0.000114852	0.0024872	0.00112929	0
3664.477867461	3379.296333153	-0.0105729	0.161782	-0.168227	-0.000418686	0.00241477	0.0011118	0
3680.342347617	3371.69247789	-0.00565127	0.167917	-0.132222	0.000364968	0.00240219	0.00114838	0
3664.361571889	3370.283870325	-0.00229989	0.204701	-0.157438	-0.000381655	0.00219649	0.00105281	0
3680.898755772	3374.418488216	-0.00914234	0.249285	-0.0939304	-0.000495058	0.00230023	0.00102355	0
3669.452578836	3375.117034119	-0.00667307	0.263798	-0.127523	-0.000711947	0.00220846	0.00118665	0
3682.664080769	3373.208872955	-0.0150756	0.194184	-0.107654	-0.000770057	0.00228448	0.00130984	0
3674.148737944	3371.579853773	-0.00518494	0.173195	-0.153964	-0.000848432	0.00222977	0.00100138	0
3664.927032993	3368.687325582	-0.0158933	0.179991	-0.133077	-0.000139302	0.00242	0.00132251	0
3666.973463653	3365.900742368	-0.00701539	0.146106	-0.125193	-0.000232804	0.00221655	0.00115876	0
3664.054468014	3361.415584791	-0.0192054	0.176715	-0.117805	0.000190392	0.00231759	0.00117937	0
3664.358786367	3363.083757551	-0.0140101	0.172765	-0.118536	0.000236632	0.00227245	0.00096482	0
3663.822573251	3365.184001566	-0.0192013	0.237736	-0.106075	-0.00023095	0.00241591	0.00114656	0
3671.58605708	3367.436483906	-0.0178465	0.232436	-0.0780183	-0.000727799	0.00246855	0.00115879	0
3668.813997762	3369.251597743	-0.0208992	0.247021	-0.0834872	-0.00101357	0.00197463	0.000980883	0
3666.277779365	3365.180086208	-0.0156298	0.18633	-0.0961888	-0.000403662	0.00222486	0.000994983	0
3666.598114472	3370.168482426	-0.0177095	0.160609	-0.13396	-0.000677372	0.00224974	0.00100212	0
3659.843454106	3361.162698737	-0.019251	0.168165	-0.105192	0.000206328	0.00233837	0.00100981	0
3651.279596761	3364.13906165	-0.0177795	0.162401	-0.144558	0.000426525	0.00254285	0.00109105	0
3661.320013252	3365.999547575	-0.0179669	0.185053	-0.106502	0.000593675	0.0023338	0.00117938	0
3649.066266867	3357.165579001	-0.0198427	0.235811	-0.124929	-0.000321942	0.00236311	0.00110385	0
3674.836065664	3369.033258964	-0.0169549	0.247353	-0.062662	-0.000298921	0.00210589	0.00113558	0
3663.28682439	3370.560018211	-0.0201805	0.266099	-0.101439	-0.00133457	0.00230232	0.00126665	0
3674.689593597	3366.681050156	-0.0158483	0.182977	-0.109364	-0.000560552	0.00241552	0.00117798	0
3667.846260759	3366.717439952	-0.0102744	0.17318	-0.150131	-0.00110317	0.00248703	0.00104459	0
3674.323297365	3368.509752588	-0.015569	0.167337	-0.113207	-0.000189576	0.00231908	0.00107475	0
3666.41844826	3369.671231978	-0.00198116	0.153359	-0.15387	0.000442139	0.00267436	0.00109672	0
3674.497392532	3369.937245997	-0.0179712	0.184764	-0.127492	0.000911238	0.0023719	0.00118508	0
3673.453750036	3372.332984372	-0.00792702	0.236448	-0.112477	-0.000443509	0.0024066	0.00102659	0
3677.908729305	3370.33269714	-0.0232402	0.247389	-0.0920381	-0.000563418	0.00215423	0.00135201	0
3673.658485953	3368.233144071	-0.0118063	0.18854	-0.127465	-9.56885e-05	0.00241343	0.0011554	0
3678.110679699	3370.370468828	-0.012359	0.192908	-0.148315	-6.96096e-05	0.00249319	0.00095797	0
3680.9974097	3365.870801396	-0.0111523	0.170382	-0.10803	0.00033939	0.00229787	0.00123012	0
3671.118553524	3364.961517114	-0.0183196	0.172864	-0.112568	9.38009e-05	0.00215707	0.00117871	0
3675.869726705	3369.263804447	-0.0149643	0.188588	-0.0934308	0.000413173	0.00219421	0.0011869	0
3669.067712453	3363.561661524	-0.0174852	0.198867	-0.116124	8.35967e-06	0.00233283	0.00114095	0
3685.622305853	3374.432767756	-0.0167552	0.246323	-0.0772914	-1.95785e-05	0.00184869	0.000893395	0
3670.459545284	3372.35071864	-0.0114179	0.238978	-0.103068	-0.000669438	0.00225127	0.000788207	0
3685.149695505	3374.087295005	-0.0166535	0.21757	-0.102441	-0.000306244	0.00194859	0.00131642	0
3675.928919062	3375.128549878	-0.00896957	0.164686	-0.193037	-0.000457956	0.00230775	0.00112252	0
3667.717894589	3362.531001149	-0.010241	0.159157	-0.124907	0.000553776	0.00218246	0.00114666	0
3661.695130306	3365.07275934	-0.0113974	0.169684	-0.167782	0.000105432	0.00220172	0.0011317	0
3682.135063587	3366.735634851	-0.00877005	0.180175	-0.121266	0.000517488	0.00240644	0.00103722	0
3667.083956053	3362.538140919	-0.00739161	0.216814	-0.146427	-5.0218e-05	0.00229972	0.000997575	0
3682.003447641	3362.394654569	-0.0101747	0.230648	-0.120057	0.000408078	0.00233793	0.00100404	0
3681.851172401	3374.606886023	-0.00660196	0.277299	-0.115529	-0.000709843	0.00224966	0.00103564	0
3696.272287556	3373.86780465	-0.0113845	0.256428	-0.0749117	-0.000601789	0.00232964	0.00126045	0
3679.670572398	3368.926162411	-0.00542491	0.199768	-0.145457	-0.00109041	0.00224932	0.00106986	0
3679.306365308	3370.715711264	-0.0222785	0.163174	-0.131556	-0.000370964	0.00203698	0.00121002	0
3672.852309264	3366.724349407	-0.00224749	0.143641	-0.140205	-0.000739424	0.0022755	0.00102326	0
3677.700279358	3362.900196362	-0.0131359	0.179317	-0.120362	-6.3168e-05	0.00200573	0.00115204	0
3706.127698917	3393.150711753	-0.000828678	0.268898	-0.0560221	-0.000808605	0.00231266	0.000825132	0
3710.19943669	3387.172651259	-0.00539188	0.204483	-0.0101274	0.000468449	0.00161893	0.000872112	0
3678.198887917	3379.873963594	-0.022792	0.157386	-0.0357916	0.000939591	0.00162519	0.000777529	0
3687.004389354	3380.416586129	-0.0209539	0.229373	-5.49318e-05	0.0001847	0.0014891	0.00100327	0
3698.616072763	3384.623753298	-0.0152133	0.19378	0.0294782	-0.00064891	0.00187167	0.000439988	0
3675.151758235	3371.409650865	-0.0669487	0.144926	0.0121271	-0.000285971	0.00200816	-0.000197342	0
3689.993255187	3373.216703671	-0.0443157	-0.0705106	-0.050916	-0.000790161	0.00268895	0.000482057	0
3687.187073217	3375.070740771	-0.00137883	-0.0743194	-0.0658424	-0.00152915	0.00246426	0.000642481	0
3668.423560334	3353.718451886	0.0565575	-0.0243436	-0.075372	-0.00117603	0.00261348	0.00102077	0
3683.168028247	3360.321587745	0.0220335	0.213938	-0.114711	-0.00085576	0.00279061	0.000585766	0
3683.449598164	3367.254534924	0.000141029	0.291396	-0.180149	-0.000643822	0.00299741	0.00037364	0
3689.535965215	3364.793617356	-0.0126846	0.337765	-0.157916	-0.000241593	0.00283825	0.000507366	0
3696.239093411	3378.054934399	0.0018829	0.310567	-0.1287	-0.000154146	0.00307165	0.000454992	0
3702.46961126	3376.880327044	0.00298836	0.293857	-0.158613	-0.000238438	0.00319601	0.000506915	0
3701.444306788	3377.677447839	0.00265273	0.275477	-0.161012	-0.000804424	0.00307664	0.000582929	0
3698.620947427	3373.416156606	-0.00555357	0.268152	-0.161318	-0.00155535	0.00283153	0.000755457	0
3691.074734367	3375.025829313	0.0066282	0.177062	-0.187085	-0.00149835	0.00299443	0.000597257	0
3687.041065403	3366.719743104	0.00265298	0.121862	-0.212809	-0.00138845	0.00298709	0.00102077	0
3684.181029994	3365.962006202	0.00256459	0.132615	-0.171769	-0.00102525	0.00287393	0.000702324	0
3664.164960414	3364.003175701	0.00498745	0.123298	-0.217807	-0.00124475	0.00307128	0.00074801	0
3661.496661815	3367.538052895	0.00471084	0.186442	-0.166787	-0.000849169	0.00290134	0.000681255	0
3649.445794332	3360.007207541	0.00880252	0.218558	-0.203161	-0.00109262	0.0029608	0.000577638	0
3657.324413098	3361.705090957	0.0114374	0.263476	-0.158846	-0.000316876	0.0027723	0.000768891	0
3655.989683482	3362.484477485	0.00970494	0.276848	-0.186458	-0.000620768	0.00312955	0.000573307	0
3657.022416015	3374.218344335	0.0082575	0.325104	-0.147037	-0.000597553	0.00294333	0.000764532	0
3650.373837637	3371.502467877	0.0155124	0.321734	-0.146534	-0.00194542	0.00304688	0.000617556	0
3654.331136854	3367.342975948	0.00697209	0.24998	-0.115351	-0.00164176	0.00296541	0.000747796	0
3661.420524196	3374.060578445	0.00263694	0.196752	-0.196488	-0.00162864	0.00303082	0.000896579	0
3656.116192637	3361.941394319	0.00336746	0.127241	-0.161311	-0.000509318	0.00303053	0.000850629	0
3658.693961748	3360.071465472	0.00497873	0.131662	-0.137866	-0.000782667	0.00307783	0.000693477	0
3667.330010556	3354.899508066	-0.00448886	0.155923	-0.135914	-0.000626586	0.00272985	0.000915784	0
3665.859254582	3354.821661539	0.0134127	0.152678	-0.117018	-2.60837e-05	0.00290673	0.000612928	0
3662.821642102	3353.091533999	-0.00529128	0.227274	-0.137928	-0.000418749	0.00262948	0.000829741	0
3669.496682945	3359.559474854	-0.000941848	0.281334	-0.0911089	-0.000886044	0.00270064	0.000630988	0
3681.576798417	3366.653182021	-0.00703048	0.306177	-0.113499	-0.00153283	0.00277709	0.000756528	0
3680.830046213	3364.018837132	0.000650036	0.284064	-0.106305	-0.00147514	0.0027778	0.000722792	0
3678.62182311	3371.332264968	-0.00577551	0.22448	-0.182044	-0.00180044	0.00283694	0.000712891	0
3679.291741314	3369.160392936	-0.006041	0.190493	-0.138327	-0.00102599	0.00266412	0.000756075	0
3667.59463521	3364.749857474	0.000967198	0.165548	-0.194984	-0.00188357	0.00288805	0.000592716	0
3679.34280923	3369.454505406	-0.00216496	0.164056	-0.138644	-0.00114516	0.00259997	0.000928567	0
3676.312856937	3363.739695149	-0.00304252	0.186678	-0.18508	-0.00165514	0.00281041	0.000496297	0
3678.084681487	3356.816190892	0.00346271	0.188929	-0.149038	-0.00090746	0.00276022	0.000656944	0
3671.812380798	3364.36638272	-0.00151382	0.220581	-0.163241	-0.00127124	0.00279306	0.000594562	0
3696.544804525	3366.062423615	0.0016373	0.284392	-0.124826	-0.0016116	0.00284867	0.000623353	0
3681.375544404	3376.484645585	-0.000423662	0.277749	-0.144145	-0.00253277	0.00279786	0.000805935	0
3697.884640933	3370.811061744	-0.00481509	0.239049	-0.129919	-0.00174956	0.00283479	0.000838753	0
3689.182668088	3372.448832901	0.00924277	0.202455	-0.173127	-0.0011002	0.00313828	0.000612727	0
3686.733961528	3369.107190133	-0.00499074	0.197802	-0.178718	-0.000413107	0.00288668	0.000742392	0
3687.385541708	3365.710271724	0.00846302	0.145299	-0.168613	2.26314e-05	0.00293696	0.000592236	0
3683.767612003	3370.1954293	-0.00397638	0.184633	-0.159302	-0.00034768	0.00311519	0.000764206	0
3692.862111418	3365.989413707	0.00482891	0.184431	-0.144009	-0.000136022	0.00301284	0.000593338	0
3689.183596596	3370.12679538	-0.000725863	0.258203	-0.132965	-0.000758349	0.00274423	0.000713598	0
3699.038079448	3370.745421921	-0.000553025	0.249133	-0.108046	-0.00125644	0.00289321	0.000339545	0
3695.018338098	3374.200149437	-0.000852794	0.244321	-0.14315	-0.00156992	0.00270573	0.000609722	0
3694.712626984	3371.903676899	-0.00013885	0.192476	-0.15727	-0.00103217	0.00297615	0.000559767	0
3684.674531762	3369.100741308	-0.000757297	0.171485	-0.180459	-0.000948461	0.00276975	0.000569132	0
3683.802663164	3366.190018218	-0.000784554	0.168281	-0.151172	-0.000293583	0.00294796	0.00071972	0
3679.330042251	3364.763676385	-0.00637876	0.1782	-0.164625	-0.000523052	0.00295202	0.000523033	0
3681.626009318	3369.747235984	-0.000272236	0.202207	-0.13941	-8.78153e-05	0.00298314	0.000474947	0
3680.889702823	3370.743809715	-0.00727718	0.247945	-0.116336	-0.00105762	0.00266765	0.000573208	0
3693.620934221	3372.207001975	-0.00769218	0.267654	-0.0929119	-0.00117121	0.00249602	0.000552869	0
3681.607439167	3369.410745524	-0.0139659	0.250048	-0.13318	-0.00152675	0.00275941	0.000694543	0
3695.774143251	3373.834869581	-0.000904168	0.203063	-0.150311	-0.000964389	0.00282551	0.000521357	0
3675.661276758	3371.289886977	-0.00032947	0.158109	-0.187256	-0.00022848	0.00299696	0.000613761	0
3677.710260814	3369.877594369	-0.000273532	0.172092	-0.156521	0.000299616	0.00302047	0.000552772	0
3668.84997743	3358.772027296	-0.00713918	0.17179	-0.183744	9.88686e-07	0.00308618	0.000512672	0
3678.307059048	3363.023184662	-0.00067866	0.207692	-0.149925	0.000292634	0.00302212	0.000654893	0
3681.486965311	3369.633460291	-3.28648e-05	0.237687	-0.161656	-0.000338743	0.00311201	0.000536126	0
3686.8778802	3371.246587726	-0.0105161	0.256568	-0.0928748	-0.000865946	0.00295501	0.000624371	0
3680.655718919	3367.275032973	-0.00802417	0.226428	-0.183412	-0.00158036	0.00309451	0.000455955	0
3690.177563938	3368.385382397	-0.00931829	0.192935	-0.165702	-0.00077118	0.00305042	0.000603207	0
3673.214195085	3357.524179717	-0.000455303	0.188689	-0.200395	-0.00118846	0.00311169	0.000563878	0
3683.736739127	3360.448261087	-0.00712219	0.172824	-0.164103	-0.000119569	0.00315084	0.000571471	0
3671.023613626	3361.052377772	0.00470108	0.199528	-0.185261	-0.000572736	0.00331984	0.000750824	0
3683.139940893	3364.944934422	0.0042262	0.223975	-0.151242	-0.000321969	0.00317627	0.000641678	0
3687.110935597	3373.20242413	0.00394403	0.223908	-0.135817	-0.00134173	0.00307596	0.000862027	0
3691.341216037	3369.51576924	-0.00579823	0.254779	-0.106054	-0.00155487	0.00286647	0.00063772	0
3681.499268036	3364.807666582	-0.00422862	0.194507	-0.15367	-0.000994864	0.00307766	0.000750677	0
3680.603258241	3369.105117296	-0.00607497	0.180323	-0.177725	-0.000494529	0.00300757	0.000634125	0
3678.523401309	3362.557948023	-0.00635188	0.178162	-0.152375	-8.1404e-05	0.00302123	0.00070159	0
3670.604392463	3370.136007987	-0.00940406	0.161113	-0.183262	0.000114658	0.00312761	0.000723117	0
3681.091885344	3360.85753114	-0.000895294	0.208542	-0.149814	0.000105717	0.00321936	0.000575768	0
3668.574907066	3367.95008673	0.00720477	0.208652	-0.181461	-0.000316831	0.00326823	0.00074808	0
3691.691263386	3379.492791991	-0.00794165	0.255313	-0.109719	-0.000702124	0.00305509	0.000787161	0
3680.717232544	3369.706009569	-0.00856943	0.269217	-0.13817	-0.00157194	0.00306762	0.000550791	0
3690.045947991	3375.499587613	0.000228534	0.231082	-0.102906	-0.00138349	0.0027841	0.000814733	0
3683.692867145	3373.374699876	-0.00987314	0.197448	-0.203884	-0.00203688	0.00326508	0.000594819	0
3686.262511815	3364.534743108	-0.00626722	0.169487	-0.158772	-0.000873253	0.00316761	0.00053352	0
3677.304503011	3369.991830692	-0.00187772	0.184265	-0.183825	-0.000988929	0.0030835	0.000836958	0
3683.700295205	3366.519138593	-0.00536099	0.181141	-0.156921	-0.000369335	0.00324574	0.000620127	0
3674.698414419	3364.539810041	-0.00453559	0.198059	-0.169259	-0.00093167	0.0034384	0.000614969	0
3681.752518473	3363.806947178	-0.00642912	0.213854	-0.155301	-0.000344257	0.00308206	0.0006819	0
3691.709137157	3363.689716757	-0.000717532	0.235682	-0.12781	-0.000777658	0.00276507	0.000579045	0
3690.485596321	3371.010284364	-0.0121768	0.275731	-0.112332	-0.00131443	0.0027529	0.000542433	0
3689.125564873	3373.967300802	-0.00517536	0.248321	-0.095812	-0.00133948	0.00276766	0.000638796	0
3685.124625801	3369.811724231	-0.0127379	0.205154	-0.170277	-0.00169958	0.00312479	0.000533281	0
3688.751376327	3371.604036866	-0.0105182	0.191333	-0.141492	-0.00131328	0.00311804	0.000547334	0
3680.534316555	3363.65194507	-0.0043318	0.161995	-0.178195	-0.00146207	0.00304763	0.00045107	0
3692.130215335	3364.312028341	-0.0052414	0.174538	-0.156298	-0.000718499	0.00322788	0.000696516	0
3683.106514621	3369.007003035	0.00194422	0.175966	-0.166677	-0.000819897	0.00331905	0.000644942	0
3689.886708945	3366.660782421	-0.00749166	0.199531	-0.15661	-0.000445474	0.00307391	0.000573872	0
3693.70612479	3367.275032973	0.00628253	0.224578	-0.143843	-0.000618628	0.00318963	0.00075055	0
3710.176920382	3373.356504977	-0.00718751	0.283069	-0.114572	-0.00131127	0.00288551	0.000714821	0
3700.091239147	3373.613076074	-0.0063851	0.265056	-0.0944657	-0.00157597	0.00284315	0.000522185	0
3707.283922955	3375.779190227	-0.00590245	0.206435	-0.169853	-0.00185211	0.00297903	0.000729299	0
3700.58590155	3380.80881286	0.0107583	0.201743	-0.16802	-0.00107182	0.00318383	0.000474713	0
3687.302440281	3375.28286104	-0.00281667	0.157787	-0.212629	-0.000739461	0.00355155	0.00067947	0
3691.098875564	3369.989757855	0.00208658	0.144303	-0.173481	0.000602056	0.00346473	0.000598678	0
3676.977900477	3370.384057423	0.0122248	0.193683	-0.206594	-0.000382553	0.00361796	0.000694907	0
3699.069416579	3373.687007243	0.010734	0.251852	-0.140508	-0.000299169	0.00313074	0.000800189	0
3689.296874518	3365.701519748	0.00621233	0.264376	-0.154428	-0.00182587	0.00350492	0.000648482	0
3702.299926504	3374.546543449	0.00293603	0.221122	-0.163713	-0.00059365	0.00335125	0.000866436	0
3705.580807964	3377.692878955	0.0115623	0.19581	-0.224545	-0.000994455	0.00345808	0.000580488	0
3688.956344371	3361.402687142	0.00378397	0.172004	-0.172869	-0.000540119	0.00329598	0.000830866	0
3694.136255917	3367.955383979	0.0121047	0.138297	-0.177527	0.000331637	0.00364982	0.000528288	0
3689.983970112	3355.089748394	0.00473608	0.172644	-0.176122	0.00077652	0.0035964	0.000660297	0
3687.657826549	3361.681368495	0.00369393	0.183611	-0.157424	0.000400141	0.00368875	0.000793956	0
3697.953814746	3369.233172529	-0.00297209	0.256309	-0.143038	-0.000114819	0.00344677	0.000687989	0
3701.321279536	3373.382760906	0.00245741	0.242806	-0.105688	-0.00112265	0.0035073	0.000522295	0
3685.48442248	3369.081394834	-0.00227194	0.220247	-0.152072	-0.00123744	0.00352321	0.000902197	0
3685.610003127	3370.172167468	0.000472781	0.188615	-0.157953	-0.000474435	0.00359133	0.000652838	0
3675.495073905	3365.91732506	-0.000922712	0.148639	-0.225219	-8.80232e-05	0.00379292	0.000591759	0
3667.915898826	3361.114793182	0.00748652	0.16869	-0.16639	0.00093036	0.00366965	0.000650892	0
3663.751542423	3360.316981441	0.00346027	0.1924	-0.200158	-0.000641599	0.00375341	0.000709556	0
3670.865535214	3365.078747534	0.00371448	0.202615	-0.155975	-7.14627e-05	0.00367902	0.000726956	0
3667.316082943	3367.743954655	0.0100623	0.247592	-0.153235	-0.000855758	0.00369134	0.000783531	0
3696.992113042	3371.367963819	0.00378819	0.24585	-0.108377	-0.00100456	0.00336479	0.000783759	0
3679.326328221	3371.745680694	0.0188505	0.232972	-0.112292	-0.00127224	0.00376481	0.000550985	0
3683.107443129	3375.25568385	0.000870718	0.201016	-0.157742	-0.00109084	0.00358711	0.000631946	0
3677.950047891	3374.20475574	0.00451972	0.174498	-0.157872	-0.000610184	0.00369468	0.000478096	0
3662.895458453	3369.788232084	0.00365734	0.139836	-0.188544	-0.000821169	0.00369996	0.000709181	0
3675.546838201	3371.030091468	0.0034952	0.158162	-0.149202	-0.000454338	0.00365446	0.000494446	0
3665.606236272	3366.965489388	0.00570106	0.185027	-0.181066	-0.000947855	0.00360595	0.000462284	0
3692.621627961	3371.001532387	0.0148616	0.224249	-0.138539	-0.000733116	0.00385169	0.00070674	0
3683.120906488	3373.287410427	0.0148657	0.273875	-0.137168	-0.00170804	0.00384313	0.00074174	0
3694.700324259	3377.587394609	0.0147312	0.264499	-0.109884	-0.000999942	0.00384236	0.000610423	0
3687.236980498	3375.951005342	0.0150372	0.222377	-0.211029	-0.000744539	0.00396126	0.000622507	0
3688.334940687	3376.675346544	-7.91319e-05	0.17237	-0.193624	0.000130482	0.00377864	0.000677975	0
3681.938452112	3369.51530861	0.0120011	0.174011	-0.194452	-0.000330977	0.00402343	0.00068817	0
3687.33308103	3365.203117725	0.00491302	0.190569	-0.170651	-0.000164831	0.00370558	0.000624034	0
3683.419653795	3364.342890573	0.00917574	0.178657	-0.15818	-0.0001399	0.00386024	0.000580686	0
3686.155501318	3369.172829956	0.00543298	0.246325	-0.136046	-0.000615076	0.00375602	0.000844608	0
3696.542251129	3371.256721593	0.00528566	0.259862	-0.10638	-0.000934191	0.00353888	0.000614943	0
3688.506482458	3364.380892576	0.00415062	0.226503	-0.171441	-0.00158134	0.00381252	0.000625081	0
3685.283864847	3370.969979209	0.00289978	0.204654	-0.168331	-0.000626107	0.00390322	0.000658111	0
3669.403600063	3363.174271412	0.00273394	0.166623	-0.236896	-0.000939954	0.00404752	0.000596953	0
3678.843040036	3363.164598175	0.00267658	0.158032	-0.180521	-6.64298e-05	0.00408537	0.000832825	0
3665.758975766	3367.212387248	0.0161148	0.187276	-0.206569	-0.000482202	0.00394352	0.000825866	0
3675.145722935	3363.74867744	0.00283324	0.200991	-0.176121	-2.60496e-05	0.00408119	0.000612286	0
3681.753911234	3368.117986487	0.0102955	0.24767	-0.164237	-0.00102814	0.00410563	0.000859954	0
3694.627668542	3376.547291311	0.00540712	0.259172	-0.122351	-0.000757999	0.00395947	0.000882733	0
3674.483697046	3370.902496865	0.00424787	0.213909	-0.154576	-0.000930664	0.00384459	0.000849907	0
3684.646676535	3368.350604807	-0.00054074	0.196729	-0.184761	-0.000440666	0.00370604	0.000676297	0
3676.642941375	3363.422090532	0.00455869	0.15878	-0.16465	-0.00011167	0.00406239	0.000588477	0
3663.994115023	3367.011322106	0.00814262	0.151888	-0.193968	0.000302087	0.00427352	0.000884054	0
3670.352302661	3369.528436575	0.00591857	0.18375	-0.165774	0.000583617	0.00390893	0.000875099	0
3655.91517075	3365.763474528	0.00944278	0.179742	-0.201811	-0.000315905	0.00416435	0.000774599	0
3678.416158686	3367.743263709	0.00890688	0.235286	-0.131338	-0.000608782	0.00391815	0.000662612	0
3672.888288932	3367.68223019	0.0173642	0.258497	-0.151646	-0.00177362	0.0042222	0.000851192	0
3684.225830484	3373.395197926	0.010932	0.229432	-0.1327	-0.00129342	0.00420359	0.000721475	0
3678.85093235	3369.148646863	0.0211189	0.208407	-0.214175	-0.0013391	0.0040338	0.000907019	0
3672.480906241	3368.551209318	0.00113977	0.184719	-0.177821	-0.000715269	0.00378478	0.000840891	0
3672.13689419	3368.355902056	0.0096217	0.139299	-0.172215	4.52558e-05	0.00412483	0.000865673	0
3667.885258076	3367.980948963	0.00799574	0.159518	-0.192148	0.000713254	0.00417692	0.000719431	0
3678.435657345	3362.239191831	0.00930685	0.193627	-0.180885	0.00063276	0.00387052	0.000838124	0
3666.655217687	3358.136587748	0.00766095	0.233485	-0.1849	-0.00108969	0.00412979	0.000618417	0
3698.162961074	3370.834553891	0.00452172	0.24149	-0.142206	-0.00066584	0.00390856	0.000902901	0
3677.489972396	3368.674427933	0.00683131	0.239529	-0.181318	-0.00166337	0.0038617	0.000584705	0
3690.11024714	3371.133733294	-0.00330391	0.191738	-0.173	-0.000823566	0.00376958	0.000696586	0
3681.207020282	3370.34605542	0.00869097	0.151777	-0.187393	-0.000487453	0.003626	0.000573522	0
3670.771988078	3365.102930627	0.00269711	0.168854	-0.220554	-0.000750313	0.00403658	0.000725005	0
3683.205632803	3362.92414914	0.0113152	0.184293	-0.186692	-0.000494499	0.00356631	0.000599073	0
3675.4484164	3367.375680702	0.0134019	0.201086	-0.214507	-0.00108386	0.00417102	0.000824168	0
3694.796192664	3372.978327472	0.0117271	0.236258	-0.15488	-0.00112862	0.00363159	0.000832008	0
3691.660158383	3371.295644856	0.0121835	0.22058	-0.141295	-0.000585749	0.00379982	0.000773101	0
3683.591427694	3377.038092933	-0.0036614	0.21722	-0.18723	-0.00121798	0.00369386	0.000855679	0
3693.093774054	3372.929500656	0.00632615	0.201308	-0.17047	-0.000455955	0.00357416	0.000813698	0
3685.44263964	3365.819901744	-0.00171323	0.160197	-0.225701	-0.000892694	0.00399687	0.000842957	0
3690.225382077	3369.06204836	0.00370261	0.182195	-0.174767	-6.30907e-06	0.00379567	0.000825946	0
3683.371603529	3370.338455019	0.00246441	0.196326	-0.210312	-0.000378636	0.00408096	0.000846102	0
3693.233746569	3369.499186548	0.00210352	0.228353	-0.17294	-0.000330849	0.00388631	0.000655713	0
3690.795485719	3371.121296275	0.0108285	0.254251	-0.170898	-0.00128557	0.00402362	0.000784145	0
3704.755596871	3374.337647592	-0.00522337	0.223167	-0.148923	-0.000905953	0.0035574	0.000730937	0
3700.312920327	3370.742427824	0.00312319	0.173155	-0.207023	-0.000824222	0.0038703	0.000613006	0
3687.970733597	3368.111537663	0.00247989	0.164881	-0.201917	-5.50918e-05	0.00365087	0.000847908	0
3693.576133731	3364.068124578	0.00975953	0.150943	-0.180165	0.000307281	0.00379097	0.000717689	0
3679.160357494	3365.233519327	-0.00642049	0.154266	-0.210424	0.000623671	0.00366246	0.000864891	0
3686.669198126	3369.457729818	0.00639544	0.239417	-0.15786	0.000400348	0.00379265	0.000647324	0
3681.390632652	3366.167217017	0.00646136	0.234908	-0.177684	-0.000657148	0.00385112	0.000483874	0
3691.874875756	3372.378586775	0.00540744	0.255998	-0.140432	-0.00091164	0.00343472	0.000804274	0
3688.952630341	3371.190851455	0.00702694	0.211858	-0.245813	-0.00138613	0.00396844	0.000646648	0
3681.9892879	3365.704974475	0.00651593	0.176973	-0.203674	-0.000382144	0.00382392	0.00059366	0
3678.892715191	3363.668758077	0.00719401	0.158282	-0.207733	-0.00023839	0.00406891	0.000584236	0
3679.71073035	3356.221517129	0.00570458	0.172663	-0.182337	0.000242116	0.00356448	0.000633305	0
3679.969783959	3363.817541675	0.00648469	0.154317	-0.178386	0.000407789	0.00381138	0.000670901	0
3684.183119136	3361.769348889	0.00560799	0.218228	-0.164814	-2.83289e-05	0.00355817	0.000543384	0
3699.33125571	3374.060578445	0.00410517	0.244112	-0.121046	-0.00035816	0.00374213	0.000786728	0
3681.828656093	3368.312372489	0.00720581	0.226208	-0.165083	-0.00130842	0.00407631	0.000459838	0
3700.38511179	3370.576140273	0.00693522	0.198209	-0.164059	-0.000541058	0.00391011	0.000806656	0
3690.575429427	3370.519022111	0.00734605	0.164612	-0.238859	-0.000919588	0.00409953	0.000578366	0
3684.414085391	3366.915741312	0.00410914	0.157825	-0.179347	-0.000299178	0.00379255	0.000823384	0
3687.331688269	3366.319915973	0.00708457	0.131892	-0.176232	0.000212277	0.00399643	0.000670061	0
3689.767859977	3366.054132269	-0.00193306	0.161961	-0.19903	0.000185277	0.00386963	0.000789047	0
3695.861655088	3373.71717853	0.0143691	0.226449	-0.152767	-0.000155844	0.00376126	0.000765189	0
3692.33657614	3372.342427294	0.00699662	0.22838	-0.174336	-0.000757672	0.00400938	0.000468528	0
3706.60657669	3372.01422818	0.0100361	0.23551	-0.138707	-0.000594846	0.00388473	0.000537387	0
3699.152518005	3375.787481573	0.00929118	0.186331	-0.242859	-0.00144746	0.00424351	0.000494838	0
3700.85377598	3373.654532804	0.00367993	0.152838	-0.220022	-0.00012497	0.00409854	0.000543371	0
3702.530892759	3375.954229754	0.0136652	0.148086	-0.250394	-7.48802e-05	0.00435107	0.000756903	0
3708.019300941	3365.346604074	0.00388431	0.160144	-0.212907	0.000354176	0.00412557	0.000590825	0
3692.038525213	3370.884532282	0.0106734	0.178984	-0.242762	-0.000288796	0.00434874	0.000549635	0
3717.113800357	3373.53131419	0.00949783	0.202112	-0.170808	-0.000410714	0.00391441	0.000781143	0
3710.363086148	3375.722072065	0.00990442	0.244142	-0.183191	-0.00138827	0.00408967	0.000493729	0
3709.730308246	3376.144470083	6.75343e-05	0.219006	-0.155371	-0.000850213	0.00405512	0.000646153	0
3702.946399892	3373.651538707	0.00989611	0.191648	-0.250399	-0.00127632	0.00403237	0.000739601	0
3694.589831859	3375.887898986	-0.00183193	0.156552	-0.23371	1.97056e-05	0.00424636	0.000644622	0
3685.958425589	3370.655138375	0.00794553	0.163264	-0.247088	-0.000418388	0.00443642	0.000710921	0
3686.946125505	3365.868958874	0.00379448	0.173926	-0.192527	0.000317348	0.0039233	0.000798097	0
3672.238565768	3364.64759754	0.00701573	0.202588	-0.213798	-0.000421575	0.00413057	0.000736215	0
3693.354220425	3372.374210787	0.00681912	0.249213	-0.162332	-0.000633549	0.00408033	0.000583775	0
3678.474190408	3370.062998079	0.0082138	0.242475	-0.156613	-0.00129672	0.0041718	0.000479531	0
3694.729572247	3365.932525861	-0.00887591	0.195502	-0.175948	-0.000566441	0.00393272	0.000525717	0
3686.139020309	3364.272874762	0.0016072	0.172691	-0.188552	-1.01986e-05	0.00394736	0.000565562	0
3675.335138478	3363.186478116	0.000583182	0.1564	-0.202542	4.06367e-05	0.00419397	0.000793012	0
3689.879513011	3362.474113302	0.00930936	0.171772	-0.176477	0.000681888	0.00417918	0.000604447	0
3665.814454093	3363.227243901	0.00501254	0.173335	-0.234522	5.9692e-05	0.00422083	0.000787663	0
3681.795926201	3362.46420975	0.00888201	0.220843	-0.169161	0.000351465	0.00399085	0.000822151	0
3687.787817608	3373.390361307	0.00939435	0.249263	-0.176837	-0.00109492	0.00421864	0.000511254	0
3694.388577846	3364.65427668	0.00903664	0.220839	-0.151599	-0.000704522	0.00407663	0.000575062	0
3688.350957442	3374.656403784	0.00966334	0.201855	-0.240717	-0.000953552	0.00424015	0.000756285	0
3688.020408751	3371.94605489	0.00318359	0.155876	-0.219142	1.55873e-05	0.00408698	0.000811526	0
3672.336523315	3368.121901845	0.00951313	0.141584	-0.225114	-7.22583e-05	0.00424229	0.000604575	0
3677.367873651	3365.317584363	-0.00533388	0.157198	-0.194788	0.000547484	0.0042026	0.000652712	0
3668.215574641	3368.027472626	0.00258361	0.157934	-0.211913	-5.06163e-05	0.00427309	0.000561491	0
3681.519230949	3368.648862949	-0.00400128	0.223536	-0.157511	-0.000208749	0.00388096	0.000767577	0
3669.360424461	3374.762118446	-0.00326924	0.228885	-0.15997	-0.000739579	0.00411309	0.000540935	0
3676.050321425	3369.168223652	-0.00533978	0.239735	-0.1513	-0.000807681	0.00387932	0.00061682	0
3675.887600475	3371.905289105	-0.00932917	0.169918	-0.186878	-0.000463728	0.00399388	0.000502308	0
3665.629913215	3371.701920812	-0.0105405	0.171704	-0.208641	-0.000205478	0.00387216	0.000560426	0
3668.003178536	3362.959847991	-0.00579109	0.159325	-0.187959	0.000316118	0.00409966	0.000525279	0
3658.179800687	3369.610889405	-0.0079428	0.14521	-0.204626	0.000491333	0.00405792	0.000725515	0
3663.367140293	3368.766784315	-0.00343547	0.181126	-0.176219	0.000767707	0.00401569	0.000695562	0
3660.310029155	3367.269044779	-0.00156795	0.202869	-0.185827	-2.24134e-06	0.00418064	0.000478525	0
3681.538265354	3374.16375964	-0.00106561	0.231341	-0.138086	-0.00017878	0.00401615	0.000568992	0
3664.638267142	3370.561630417	0.00139015	0.228406	-0.190195	-0.00100715	0.00403005	0.000551159	0
3669.718596252	3370.944414226	-0.00501403	0.166879	-0.175694	-0.000393515	0.00384332	0.00047147	0
3672.892002962	3365.591429097	0.00972338	0.191789	-0.232801	-0.000775643	0.0040269	0.000617688	0
3666.608560183	3363.619470631	-0.0055017	0.154304	-0.197134	7.25875e-05	0.00389254	0.000579683	0
3666.174947152	3371.266855461	0.0115564	0.144513	-0.214428	-0.000213547	0.00411684	0.000640653	0
3669.919153885	3359.465506266	-0.00513718	0.155321	-0.183142	0.000630874	0.00394801	0.000630282	0
3665.786830993	3370.090175269	0.00254608	0.177364	-0.195439	4.24036e-05	0.00399129	0.000590141	0
3680.540816108	3366.74139273	-0.00487179	0.239213	-0.148754	-4.99666e-05	0.00382191	0.000823885	0
3679.070524388	3365.857443116	0.0010311	0.227189	-0.141546	-0.000745788	0.00391083	0.00052947	0
3678.948889898	3364.398396528	0.0032019	0.248614	-0.13934	-0.00077802	0.00376694	0.00062645	0
3680.449358114	3372.304194976	-0.0012514	0.154088	-0.182472	1.31224e-06	0.00393671	0.000364117	0
3665.920303954	3372.236482317	-0.00727588	0.161684	-0.197639	0.000286473	0.00381293	0.00076877	0
3673.311224125	3366.321528179	-0.00183195	0.138858	-0.177934	0.00069553	0.0038714	0.00050001	0
3666.870863568	3365.441493923	-0.00315688	0.14833	-0.201857	0.000850657	0.00386445	0.000659028	0
3673.395486186	3367.819728345	-0.000507534	0.179424	-0.175473	0.000915362	0.00398973	0.000682443	0
3674.758071029	3370.18068913	-0.0034152	0.222417	-0.159403	-0.000173213	0.00399739	0.000613417	0
3686.678947455	3373.839475884	-4.9437e-05	0.236035	-0.113476	-0.000471672	0.00382181	0.000554695	0
3671.457923037	3364.476934001	0.00168026	0.194112	-0.199658	-0.000881763	0.00413483	0.00056119	0
3682.467933547	3373.951639371	-0.0026874	0.167775	-0.186002	0.00012553	0.00409862	0.000817602	0
3667.914970318	3360.586450187	0.000224437	0.153665	-0.251414	-0.000560268	0.00421863	0.000736353	0
3672.529885014	3358.841121846	0.00387584	0.149325	-0.18566	0.000768704	0.00400434	0.000527354	0
3659.215318743	3361.195864121	0.00162342	0.178723	-0.223278	0.000100587	0.00412886	0.000715941	0
3677.473259259	3363.681655727	0.00325911	0.193708	-0.189202	0.000427991	0.00415435	0.00052217	0
3680.498569014	3365.733994186	0.00874629	0.218136	-0.170985	-0.000493784	0.00419561	0.000736263	0
3685.984888054	3372.757224911	-0.000682545	0.234627	-0.146394	-0.000478711	0.00406984	0.000891506	0
3675.742056915	3367.567533236	0.00434613	0.201301	-0.184192	-0.000668755	0.00416203	0.000661561	0
3680.313563883	3372.853496651	-0.000276818	0.159833	-0.194421	-0.000321595	0.00382576	0.000452972	0
3677.326322938	3362.272817846	0.00231774	0.138824	-0.183706	0.000431035	0.00396491	0.000478367	0
3659.906824747	3362.318420249	-0.0005091	0.1203	-0.202696	0.000191452	0.00416871	0.000666195	0
3667.880151285	3369.87275775	0.00477793	0.157713	-0.173109	0.000357509	0.0041725	0.000619811	0
3666.632004998	3361.889803722	0.00235366	0.155184	-0.230096	0.000361619	0.00434389	0.000653445	0
3689.826820207	3370.82027435	0.0042785	0.225172	-0.145099	2.78804e-05	0.00396084	0.000552238	0
3684.154103275	3366.002541672	0.00830305	0.243999	-0.170411	-0.000980711	0.0043363	0.000496381	0
3687.712144241	3368.109234511	0.00392307	0.218001	-0.15928	-0.000418753	0.0040826	0.000586923	0
3684.84328801	3369.517842077	0.0149566	0.164286	-0.230861	-0.000556817	0.00467692	0.00060426	0
3675.825854723	3361.494813209	0.00194462	0.149877	-0.206755	0.000449428	0.00435566	0.00086195	0
3679.753673825	3361.318622106	0.0143483	0.12298	-0.197244	0.000446101	0.00425524	0.000668647	0
3675.62529709	3364.714849569	0.00228316	0.15699	-0.198582	0.000922224	0.00412027	0.000536075	0
3677.998098157	3362.160424044	0.00850803	0.151743	-0.186388	0.00151053	0.00430471	0.000576707	0
