3680.620745895	3040.540696908	0.0010821	0.173966	-0.00558577	-0.0028839	-0.00100617	0.000856214	1
3580.407771995	3033.184341132	-0.00052564	0.140256	0.029016	-0.00260189	-0.00133506	0.000737923	1
3509.140831119	3031.033566828	-0.000945688	0.127201	0.0292844	-0.00278028	-0.00137013	0.000562704	1
3472.265429096	3035.117763391	0.00650359	0.129938	0.0282875	-0.00219201	-0.00133264	0.00081217	1
3422.018907955	3034.752308674	0.00623897	0.142355	0.0405874	-0.00247808	-0.00144829	0.00087291	1
3402.304669209	3028.268899365	0.0114517	0.206027	0.0595614	-0.00292747	-0.00159865	0.000883869	1
3385.522295737	3036.10393511	0.015656	0.215824	0.0882047	-0.00333893	-0.00144278	0.00083254	0
3373.212431904	3040.858131988	0.018245	0.175528	0.0886841	-0.00365607	-0.00128574	0.00104702	0
3366.255522566	3038.317134943	0.0102673	0.122772	0.0751188	-0.00301742	-0.00150437	0.000860538	0
3352.999220753	3033.588211559	0.00453045	0.118114	0.0431551	-0.00294987	-0.00156745	0.000875909	0
3352.942616894	3032.092020739	0.00405727	0.0976619	0.0582099	-0.00267002	-0.00159689	0.00066805	0
3344.452038074	3031.929764911	0.00709023	0.104367	0.041186	-0.00234343	-0.00145685	0.000988962	0
3341.811508301	3033.371870454	0.0156415	0.161634	0.0576003	-0.00233775	-0.00161279	0.00104702	0
3338.285704907	3032.222937436	0.0129578	0.219972	0.0727823	-0.00276833	-0.00167466	0.000819234	0
3343.075035197	3041.851127551	0.0161975	0.205018	0.106113	-0.00343201	-0.0013109	0.000765416	0
3334.415717859	3035.443033253	0.0167513	0.209411	0.111352	-0.00324725	-0.00191781	0.000793066	0
3347.270695631	3038.650745058	0.0067531	0.165137	0.0612213	-0.00277207	-0.00169601	0.00104702	0
3331.604035186	3033.965797553	0.00340596	0.123185	0.046548	-0.00234389	-0.00181375	0.00089558	0
3333.251448915	3031.356814811	0.00405539	0.111429	0.0376089	-0.00244265	-0.00162297	0.00104702	0
3324.772137214	3032.432454698	0.00789285	0.133519	0.0499358	-0.00198907	-0.00192306	0.00104702	0
3317.965456127	3032.593194117	0.0153368	0.166616	0.0525908	-0.00235279	-0.00178051	0.00104702	0
3332.894656819	3036.514882116	0.0155	0.193173	0.0823409	-0.0025779	-0.0018069	0.000856868	0
3331.093795662	3035.816322753	0.018045	0.210938	0.121772	-0.00310064	-0.00182395	0.000764968	0
3333.08002775	3031.408120003	0.0179714	0.184427	0.111912	-0.00355431	-0.00183595	0.00104702	0
3333.320392952	3035.449857096	0.00978694	0.146545	0.0819833	-0.00293541	-0.0020505	0.000901772	0
3332.855490168	3034.750539529	0.0122078	0.108491	0.0578452	-0.00283819	-0.00188815	0.000867115	0
3322.053542403	3031.639877939	0.0138522	0.131508	0.065138	-0.00244878	-0.0018468	0.00104702	0
3320.236585362	3027.421226391	0.0135865	0.160132	0.0532289	-0.00219044	-0.0018468	0.00104702	0
3322.687183704	3029.107473882	0.0154045	0.190757	0.0810824	-0.00241736	-0.0018468	0.000774517	0
3334.521950694	3037.742162964	0.00896041	0.200478	0.0939198	-0.00259517	-0.00234452	0.000629214	0
3332.485553101	3037.674430001	0.01159	0.195067	0.072332	-0.00313838	-0.00232244	0.000629214	0
3339.932045577	3038.397251918	0.00340193	0.159047	0.0633945	-0.00241409	-0.00267071	0.000706882	0
3334.556556844	3033.443141706	0.00410519	0.132551	0.0280716	-0.00147563	-0.00250465	0.000629214	0
3334.837698285	3032.792601981	0.00280404	0.0981103	0.027665	-0.00119621	-0.00231606	0.000629214	0
3338.558798406	3035.736963984	0.00273658	0.119993	0.0361098	-0.00139627	-0.00238212	0.000719836	0
3338.012611408	3035.157442776	0.00424958	0.194877	0.0460414	-0.00133684	-0.00221801	0.000629214	0
3351.862851341	3040.186362528	0.00276047	0.203041	0.0841745	-0.00234698	-0.00237611	0.000629214	0
3343.832614804	3042.276227713	0.00712908	0.194453	0.105817	-0.00310258	-0.00245223	0.000719424	0
3347.034622665	3042.749600247	0.00680739	0.165568	0.0885018	-0.00274519	-0.00271883	0.000794189	0
3346.495678815	3033.857374266	0.00414854	0.139363	0.0568753	-0.00258494	-0.00270699	0.000285012	0
3335.020118304	3037.65901317	-0.00439671	0.115852	0.0637204	-0.00216908	-0.00280332	0.000201714	0
3336.807566224	3036.45776402	-0.0204763	0.120896	0.0633439	-0.00189743	-0.00330518	0.000201714	0
3334.749707453	3030.559183354	-0.00926172	0.135722	0.0458354	-0.00172373	-0.00325014	0.000201714	0
3327.909225009	3034.471772895	0.00376151	0.0850517	0.0620886	-0.0011182	-0.00333201	0.000201714	0
3329.163362639	3031.75360866	0.0020689	0.142018	0.0684895	-0.0015203	-0.00356649	0.000201714	0
3342.49772949	3026.902108833	-0.0015047	0.108672	0.0407575	-0.00126792	-0.0035085	0.000269722	0
3336.893142674	3034.219290694	0.00234707	0.0974014	0.0342621	-0.00112121	-0.00356434	0.000313692	0
3335.726727613	3032.516615432	0.00598798	0.128121	0.0267707	-0.000743751	-0.00354386	0.000315161	0
3335.718947935	3033.099674928	0.0092679	0.179916	0.0446281	-0.00137961	-0.00363131	0.000261247	0
3350.904341448	3037.826070963	0.017289	0.184297	0.0778114	-0.00165678	-0.00394397	0.000201714	0
3350.840494441	3036.698873149	0.00116157	0.147123	0.0381979	-0.00149971	-0.00403071	0.000305049	0
3345.903886813	3029.906369015	-0.00322703	0.132084	0.0271089	-0.00116033	-0.00399847	0.000201714	0
3338.133867068	3031.948972766	0.0127905	0.111022	0.0209327	-0.000535668	-0.00370781	0.000201714	0
3337.303855982	3031.395483256	0.0124029	0.110943	0.0164645	-0.000215209	-0.00367577	5.77575e-05	0
3340.268449553	3029.503762262	0.0131098	0.130374	0.0243999	-0.000215208	-0.00379588	0.000201714	0
3339.034163514	3027.046167746	0.0158346	0.219625	0.0251782	-0.000655216	-0.0035178	0.000201714	0
3347.196922829	3035.0245042	0.0265319	0.211736	0.0915032	-0.00108227	-0.00393089	-0.000106959	0
3334.189302424	3030.9291873	0.0260914	0.170561	0.0776833	-0.000769171	-0.00365002	-7.95589e-05	0
3341.457935382	3028.502173711	0.0195427	0.138493	0.0374154	-0.000435886	-0.00369984	-0.000241536	0
3337.247252123	3034.109603732	0.0146721	0.132766	0.0193957	-0.000668857	-0.00386591	-0.000188984	0
3326.552073722	3025.63211578	0.010676	0.0983567	0.0125323	-0.000196163	-0.00387876	-3.37699e-06	0
3327.779384878	3025.537845649	0.0149668	0.109463	0.0116978	0.000283896	-0.00409603	-0.000171043	0
3328.417318415	3028.121302163	0.0153444	0.130826	0.0121154	5.70845e-06	-0.00363693	5.47175e-06	0
3325.654728188	3030.127259348	0.0186766	0.202603	0.0346902	-0.000495179	-0.00399404	-7.80084e-05	0
3337.131630023	3033.816936676	0.0249496	0.219459	0.0747237	-0.000858459	-0.0037418	-0.000223034	0
3333.443526464	3031.966664211	0.0314248	0.188705	0.079456	-0.00112224	-0.00389011	-2.36341e-06	0
3336.314495644	3032.140545847	0.0191889	0.154215	0.0498509	-0.000671716	-0.00411477	-0.000145154	0
3336.159706893	3028.40941999	0.0125962	0.129583	-0.0016971	-0.000216357	-0.0040397	-3.01821e-05	0
3329.836975385	3024.350496921	0.0162248	0.100459	0.0146755	0.000134017	-0.00420981	-4.41652e-06	0
3331.535091149	3026.967061711	0.0201692	0.101307	0.0146837	0.000138357	-0.00407844	5.34285e-05	0
3322.703816118	3027.948431467	0.0253634	0.112552	0.0146718	9.25264e-05	-0.00400508	0.000201714	0
3333.899039982	3024.879976611	0.0262529	0.15051	0.0147037	3.8719e-05	-0.00400202	-9.68905e-05	0
3328.064013761	3026.93016241	0.0254751	0.184541	0.0148024	-2.38347e-05	-0.00405876	0.000201714	0
3343.319424369	3035.574202685	0.0259758	0.212286	0.0445123	-0.000377994	-0.00412768	-0.000117674	0
3340.167313749	3042.216076798	0.0333015	0.212475	0.0253889	-0.000799623	-0.00406676	-0.000117651	0
3340.713769011	3035.914636643	0.0314028	0.163716	0.0542203	6.65097e-05	-0.00426534	-0.000155497	0
3333.942230604	3033.463360501	0.0225064	0.136796	0.00785941	0.000316365	-0.00417298	-0.000301802	0
3328.920583055	3035.181958065	0.0225241	0.0852618	-0.00980431	0.000813886	-0.00444921	-0.000203586	0
3328.993282798	3031.158670621	0.0210085	0.0948581	-0.00154913	0.00110073	-0.0040919	-0.000274249	0
3326.203597833	3035.735194839	0.0206868	0.118488	-0.011717	0.00116665	-0.00410814	-0.000192602	0
3335.489045059	3034.202862923	0.0273202	0.19256	0.0172469	0.000508725	-0.00442741	-0.000281269	0
3345.708858352	3046.169103929	0.0400891	0.19431	0.0736526	4.4656e-05	-0.00422388	-0.000180164	0
3338.671469594	3040.423680633	0.0342104	0.169945	0.0894838	-0.000243668	-0.00396225	-0.000186443	0
3348.429867545	3040.782816977	0.0215048	0.129657	0.0500903	-9.6891e-05	-0.00434643	-0.00018099	0
3343.77171871	3040.110794783	0.0229872	0.12421	0.0123121	-0.000243668	-0.00424895	-0.000158157	0
3341.166331617	3040.293522141	0.0291485	0.131063	0.00833437	0.000360249	-0.00414581	-6.83027e-05	0
3342.320406501	3032.897234245	0.0242006	0.110449	0.0119843	0.000492641	-0.0044872	2.86458e-05	0
3337.838775861	3033.196472409	0.0261059	0.156479	0.0103244	0.000374175	-0.004095	-8.69989e-05	0
3352.475567993	3048.411368279	0.0254573	0.186107	0.0488166	2.41024e-05	-0.0042966	-9.71924e-06	0
3349.609427579	3040.923843071	0.0240056	0.195282	0.0687265	-0.000320751	-0.0046646	-0.000348191	0
3351.774592244	3039.097580425	0.0271445	0.144803	0.019196	0.000682279	-0.00455032	-0.000227858	0
3348.882698415	3038.978795005	0.0269334	0.130473	-0.0170471	0.000628083	-0.00444257	-0.000227858	0
3335.760797234	3037.984788503	0.0258522	0.123908	-0.0065811	0.00102613	-0.00451865	-0.000227858	0
3336.408120036	3030.050933398	0.0223813	0.118472	-0.016732	0.0014698	-0.00437431	-0.000227858	0
3333.422333551	3032.838852475	0.0246317	0.158933	-0.0059281	0.00119102	-0.00413071	8.78474e-05	0
3344.476986695	3032.738516705	0.0228416	0.267195	0.043368	-0.000353704	-0.00414151	8.78818e-05	0
3343.806056596	3028.463252531	0.0164894	0.284572	0.0627187	-0.000596212	-0.00440662	0.00012115	0
3341.66181658	3032.437509397	0.0351391	0.220654	0.0942036	-0.000751354	-0.00429902	3.44027e-05	0
3351.100174704	3028.193837089	0.0566427	0.149516	0.135871	-0.000452806	-0.00351818	-0.000152906	0
3348.895306858	3038.671722058	0.0194912	0.00895785	0.0481014	-1.82517e-05	-0.00428449	9.5489e-05	0
3326.721348769	3029.086496883	0.00815697	0.0286347	0.0169135	-0.000183544	-0.00434547	0.000354254	0
3317.50484558	3029.572506164	0.00980288	0.06317	0.00733473	-0.000200229	-0.00443238	0.000354254	0
3308.604626511	3028.971502487	0.00874534	0.146533	0.0242938	0.000212851	-0.00426923	0.000354254	0
3308.745465497	3027.293847983	0.00995535	0.235442	0.0323827	0.000172009	-0.00447821	0.000501026	0
3308.693422138	3029.850767329	0.00513889	0.300901	0.0298755	0.000277609	-0.0044887	0.000711252	0
3316.367403109	3035.013636597	0.00424094	0.313165	0.0295893	0.000394377	-0.00432276	0.000354254	0
3314.511279417	3042.259294472	0.00501055	0.272122	0.0143895	0.000575799	-0.0041609	0.000354254	0
3322.04147049	3037.961284154	0.00428625	0.214412	0.0287935	0.000895387	-0.0045971	0.000550814	0
3321.941944274	3040.941787252	0.00238767	0.136578	0.00131918	0.000699946	-0.00470448	0.000583206	0
3321.265917145	3041.566042543	0.010241	0.0905581	0.0102966	0.000943434	-0.00437985	0.000423068	0
3329.990959342	3038.477368893	0.0105284	0.0741136	0.00633857	0.000880212	-0.00447009	0.000776403	0
3322.784027273	3038.042917538	0.0150337	0.060726	0.0117883	0.0014275	-0.00445002	0.000533474	0
3308.665254341	3031.781156768	0.0135342	0.0951119	0.0183975	0.0010333	-0.00431377	0.000512175	0
3315.141701541	3032.844918113	0.0163735	0.127232	0.00674913	0.0014649	-0.00429139	0.000458572	0
3303.251672016	3030.944351396	0.0165239	0.1938	0.0254646	0.00165188	-0.00440145	0.000501004	0
3303.672579383	3031.917633634	0.0167284	0.237911	0.0167403	0.00160172	-0.00423591	0.000420402	0
3300.096342219	3032.500187661	0.0145765	0.26399	0.0285681	0.0010333	-0.00420587	0.000338706	0
3304.003618065	3030.678726978	0.00766505	0.221998	0.0105936	0.00100969	-0.00423481	0.000396988	0
3290.145330189	3032.010892825	0.00776655	0.169699	0.00894871	0.00197047	-0.00424528	0.000331379	0
3292.608805238	3028.830981863	0.00739646	0.149436	0.00764087	0.00174132	-0.0045377	0.000450245	0
3279.444786494	3030.930198239	0.0188354	0.153418	0.0276352	0.00176187	-0.00434329	0.000419302	0
3290.670860802	3032.142314992	0.0180617	0.151303	0.0277375	0.00166807	-0.00431895	0.000373629	0
3278.780294748	3030.779062748	0.0186365	0.132067	0.0273742	0.00198094	-0.00425837	0.00039709	0
3286.748830397	3037.216979768	0.016179	0.136515	0.0277108	0.00179705	-0.00447698	0.000356751	0
3272.894834757	3030.453540151	0.0178781	0.158116	0.0277356	0.00179701	-0.00441666	0.000504244	0
3290.123064216	3034.287276392	0.0180561	0.14538	0.0360887	0.00136986	-0.00439836	0.000427211	0
3280.151664067	3032.889652197	0.0173473	0.169075	0.0495912	0.000709498	-0.00458492	0.000547602	0
3294.021487326	3028.591389143	0.0196208	0.152391	0.049086	0.000793224	-0.00443088	0.000382532	0
3293.007178368	3028.286338076	0.0131278	0.165697	0.0445383	0.000905219	-0.00449395	0.000340604	0
3297.490955126	3028.19130974	0.0138732	0.16344	0.0409169	0.0010681	-0.00475905	0.000313073	0
3318.074371609	3038.062125393	0.00140812	0.184913	0.0410116	0.000539553	-0.0044659	0.000244223	0
3313.98950451	3032.431696493	0.0203574	0.183443	0.0821801	0.000623472	-0.0044025	0.000244223	0
3305.360232823	3028.006055032	0.0174196	0.165547	0.0827955	0.000410448	-0.00474561	0.000244223	0
3309.515117017	3026.503293104	0.0159882	0.110435	0.030653	0.000539553	-0.00453471	0.000244223	0
3309.99638395	3027.222071261	0.00913465	0.107549	0.0114011	0.000697777	-0.00480837	0.000356711	0
3322.692012469	3032.225212051	0.0134185	0.105553	0.00171909	0.00116112	-0.00465784	0.000244223	0
3327.894738714	3028.499140892	0.0169642	0.133865	-0.000892284	0.00202161	-0.00452722	0.000369185	0
3335.949655606	3026.159320856	0.0143227	0.187143	-0.0110845	0.00150528	-0.0047209	0.000244223	0
3328.594104874	3038.58629765	0.0203828	0.227881	0.00602146	0.000969111	-0.00434506	0.000244223	0
3349.023269136	3041.034540973	0.0164853	0.235561	0.0280695	0.000592421	-0.00446166	0.000244223	0
3350.352520891	3049.991467098	0.011854	0.204404	0.000881884	0.000831572	-0.00442345	0.000411833	0
3348.037664504	3044.986809899	0.00804352	0.141465	-0.0178	0.00112975	-0.00460891	0.000244223	0
3341.12743323	3042.81884962	0.010806	0.115468	-0.0200359	0.00131474	-0.00476227	0.000389956	0
3335.989895316	3043.090539676	0.0108546	0.102018	-0.0133501	0.0013911	-0.00454231	0.000295213	0
3324.45853574	3039.736241608	0.0100583	0.128308	-0.0253192	0.00149065	-0.00469684	0.000244224	0
3340.858363702	3043.151954265	0.0162399	0.173325	0.00361909	0.00154129	-0.00441371	0.000244224	0
3333.621385983	3038.791012948	0.0262236	0.203111	0.0320893	0.00131579	-0.00444589	0.000244224	0
3331.527311472	3045.732125225	0.02126	0.186889	0.0249092	0.00136559	-0.00436205	0.000244224	0
3329.195822672	3036.241170181	0.00913678	0.154365	-0.0179378	0.00153562	-0.00459776	0.000371959	0
3318.474890856	3029.763321041	0.0178954	0.131355	-0.00900274	0.00233394	-0.00478668	0.000325588	0
3310.68609258	3031.455381436	0.0198844	0.142574	-0.0153606	0.00196912	-0.00469422	0.000244224	0
3315.021250676	3031.04443443	0.0205938	0.141529	6.59824e-05	0.00226504	-0.00459109	0.000244224	0
3308.320802423	3024.164736743	0.0214204	0.153652	-0.0148944	0.00176129	-0.00464374	0.000329966	0
3309.555088463	3030.33576567	0.0240937	0.176375	0.00311974	0.00185138	-0.00454862	0.000244224	0
3321.466579166	3030.698187568	0.0269182	0.192835	0.029638	0.00133009	-0.00448663	0.000244224	0
3318.662944435	3031.191020693	0.0289979	0.184142	0.0614397	0.000942515	-0.00440206	0.000302942	0
3314.514498594	3027.486937474	0.0216401	0.140845	0.013168	0.000769487	-0.00440997	0.000244224	0
3313.389128036	3024.318146849	0.0225503	0.119943	0.0115511	0.00108294	-0.00430707	0.00030428	0
3300.154019137	3021.245648234	0.0200591	0.107409	-0.0110334	0.001184	-0.00441828	0.000345137	0
3305.258023959	3019.325368192	0.0169342	0.145693	0.00328961	0.00174319	-0.00498205	0.000244224	0
3302.755113994	3024.777113492	0.0231328	0.164378	-0.0129688	0.00155572	-0.00454573	0.000244224	0
3304.833897415	3025.10162515	0.0244997	0.194004	0.0029821	0.00194279	-0.0044906	0.000244224	0
3321.211727669	3028.775127442	0.0241521	0.215311	0.0304224	0.00169912	-0.00468849	0.000244224	0
3318.644702433	3026.12368523	0.021667	0.21399	0.0319831	0.0013508	-0.00450223	0.000244224	0
3333.047299453	3029.915467472	0.0101775	0.159621	0.015732	0.00104126	-0.00458125	0.000331331	0
3332.68782471	3038.351001425	0.0114795	0.136772	-0.0168687	0.00103839	-0.0045641	0.000244224	0
3323.341213125	3031.049994599	0.0171126	0.118669	-0.0292968	0.00199761	-0.00447834	0.000392532	0
3332.766694541	3029.499465768	0.0183776	0.118229	-0.0287854	0.00223414	-0.00465252	0.000426468	0
3314.142415408	3030.960273697	0.0191245	0.138929	-0.0293938	0.00232359	-0.00441899	0.00050841	0
3327.973072016	3036.511849297	0.0193723	0.171276	-0.019217	0.00173457	-0.00473558	0.00047363	0
3330.766780952	3039.085701883	0.0190527	0.212271	-0.00374394	0.00157145	-0.00464068	0.000596832	0
3335.774747	3040.17979142	0.0191482	0.216384	0.0157303	0.00110166	-0.00467148	0.000394859	0
3335.131179904	3044.556402303	0.020169	0.198055	-0.0122345	0.000930776	-0.00429374	0.000575108	0
3330.749343744	3042.071512415	0.0184956	0.168919	-0.0267534	0.00152792	-0.00452801	0.000501607	0
3315.359800769	3039.703386066	0.0128573	0.131859	-0.0337374	0.00150411	-0.0046169	0.000470618	0
3314.494647003	3036.238390096	0.0206584	0.120377	-0.0308004	0.001655	-0.00447436	0.000522968	0
3315.25329967	3033.996631216	0.0182155	0.147422	-0.0254241	0.00171071	-0.00446103	0.000481084	0
3310.818347093	3033.918788855	0.0186585	0.157844	-0.0294946	0.00170294	-0.00453406	0.000481084	0
3325.193849375	3043.331901539	0.0194174	0.212083	0.0037247	0.00124677	-0.00446075	0.000481084	0
3329.013402653	3040.420142344	0.0257384	0.214876	0.0224823	0.000814015	-0.00416147	0.000372017	0
3327.025560977	3043.598284162	0.0227711	0.193322	0.0225903	0.000731937	-0.00449388	0.000387311	0
3335.540551887	3039.521416912	0.0133886	0.154634	-0.0206677	0.00108666	-0.00459918	0.000316386	0
3329.739863552	3034.258717344	0.0201543	0.120306	-0.0211879	0.00156069	-0.0045028	0.000481085	0
3328.679144795	3033.720644666	0.0170458	0.127827	-0.0189871	0.00167096	-0.00465935	0.000481085	0
3333.201015145	3034.984319345	0.0271058	0.122213	-0.0270666	0.00191836	-0.00447733	0.000481084	0
3333.532053827	3038.759926551	0.0182609	0.185323	-0.0441515	0.00152557	-0.00471312	0.000481084	0
3335.910488955	3036.693312981	0.0224185	0.22928	-0.000980842	0.0017465	-0.00475597	0.000481085	0
3330.912985232	3034.878170672	0.0244063	0.233393	0.00979466	0.0012015	-0.00494686	0.000481085	0
3334.267903991	3033.196472409	0.0263821	0.186693	-0.000326183	0.00136819	-0.00494377	0.000185587	0
3328.709726975	3032.234310508	0.0198828	0.168661	-0.0416556	0.00201069	-0.00470504	0.000188692	0
3326.996588385	3025.526219842	0.0216782	0.128043	-0.0460077	0.00212398	-0.00493196	0.000234041	0
3323.074826244	3017.411406523	0.0230986	0.144894	-0.0378956	0.00237365	-0.00481208	0.000200801	0
3317.266894761	3026.464119189	0.0276247	0.181591	-0.0495981	0.00285185	-0.00489089	0.000250406	0
3325.886508918	3032.934639015	0.0305216	0.220192	-0.00917399	0.00228612	-0.00465786	1.22701e-05	0
3325.45648055	3027.806141698	0.036912	0.234608	0.0145332	0.0019961	-0.00450259	0.000249328	0
3329.647848748	3028.633848613	0.0280174	0.17962	-0.0137507	0.00194776	-0.00492449	9.03644e-05	0
3332.555301931	3025.741802742	0.0245253	0.185633	-0.0606609	0.00222815	-0.00528921	0.00020571	0
3316.751558208	3021.494844881	0.0191014	0.159788	-0.0507597	0.00305653	-0.00508266	0.000186652	0
3324.926657701	3026.521237284	0.0260265	0.154909	-0.0562672	0.00302049	-0.00494706	0.000286091	0
3318.422579233	3016.527339718	0.0315356	0.186929	-0.0506328	0.00322112	-0.00518461	0.000322108	0
3325.705698487	3028.033855875	0.0359673	0.207516	-0.0237756	0.00281147	-0.00484201	0.00024123	0
3331.089235162	3036.958431928	0.0400703	0.207543	0.0114302	0.00212047	-0.00465864	0.000185873	0
3330.822043487	3031.976773609	0.0377661	0.198167	0.0284625	0.00196945	-0.00478566	0.000181415	0
3327.999898489	3036.252037783	0.0382361	0.17579	-0.0145413	0.00188015	-0.00463023	0.000337823	0
3331.865861566	3036.73526698	0.0305718	0.136739	-0.041793	0.00258842	-0.00500837	0.000238627	0
3312.774265267	3029.813868028	0.0332207	0.146957	-0.0628241	0.00254151	-0.0047635	0.000481085	0
3321.409170513	3032.053605029	0.0297239	0.151685	-0.0501829	0.00311643	-0.00513879	0.00026181	0
3311.801805607	3036.925829122	0.0299571	0.159275	-0.0584554	0.00319924	-0.00522052	0.000320164	0
3320.816841981	3035.638902828	0.0403268	0.207544	-0.0210448	0.00243948	-0.00492365	0.000481085	0
3322.941766936	3040.592760305	0.0385918	0.21994	0.00447766	0.00155002	-0.00473706	0.000481085	0
3330.293025433	3039.242903013	0.0403005	0.214337	0.0137546	0.00133452	-0.00470269	0.000308263	0
3327.029584948	3036.18582123	0.035176	0.204957	0.00416898	0.00139014	-0.0047063	0.000202864	0
3328.808180132	3042.557774431	0.0234266	0.160964	-0.047156	0.00157097	-0.0048817	0.000329769	0
3317.148590013	3033.772960797	0.0263745	0.134924	-0.0289514	0.00202861	-0.00482426	0.000304369	0
3317.825421936	3031.470545532	0.0250317	0.122686	-0.0435521	0.00178068	-0.00473515	0.000481085	0
3321.186779049	3033.792674122	0.0283197	0.189429	-0.0229088	0.00214817	-0.00511998	0.000284749	0
3334.351066058	3036.823724208	0.0309816	0.228138	-0.00656308	0.00194837	-0.00467709	0.000175497	0
3326.942935439	3035.639155563	0.0345171	0.220332	0.0116984	0.00167477	-0.0045485	0.000188154	0
3338.249757432	3040.504555813	0.0349857	0.185025	-0.0211073	0.00214862	-0.00490953	0.000233427	0
3345.848356013	3041.415412521	0.0193899	0.179261	-0.0611468	0.0017013	-0.00474306	0.000262087	0
3333.092636193	3032.347788494	0.0281977	0.164441	-0.0499742	0.00205354	-0.00463151	0.000481085	0
3345.299218103	3031.452601352	0.0243589	0.170277	-0.0226256	0.00164459	-0.00488001	0.000481085	0
3331.991945991	3024.162462128	0.0272814	0.226525	-0.0205831	0.00124279	-0.00485848	0.000399525	0
3339.956457668	3025.737253513	0.0223574	0.187908	-0.0219421	0.00161689	-0.00487514	0.000481085	0
3338.868912438	3021.407398593	0.0265981	0.117991	-0.0414671	0.00204582	-0.00543887	0.000481085	0
3351.171533123	3027.64236946	0.0292737	0.203962	-0.0698726	0.0018515	-0.00507175	0.000481085	0
3348.97820066	3028.156432319	0.0292796	0.193852	-0.0512182	0.00187517	-0.00513698	0.000481085	0
3338.321652381	3027.526869594	0.0280593	0.112196	-0.112408	0.0021996	-0.00513917	0.000481085	0
3335.604667159	3034.375480884	0.0296024	0.163514	-0.0753136	0.00215386	-0.00500139	0.000481085	0
3332.906460468	3035.230735907	0.0301065	0.213954	-0.0633661	0.00205922	-0.00506829	0.000481085	0
3336.757400719	3034.184413273	0.0351174	0.224905	-0.0499043	0.00149382	-0.00465338	0.000481085	0
3341.529025537	3032.113503209	0.0259068	0.238036	-0.0301357	0.00147536	-0.00437991	0.000481085	0
3341.19825512	3030.209145468	0.0229903	0.202393	-0.0891067	0.00133435	-0.00473869	0.000481085	0
3326.716788268	3029.791627354	0.0214725	0.180326	-0.0688194	0.00176911	-0.00456811	0.000481085	0
3330.267272018	3027.985836237	0.016059	0.161301	-0.0577351	0.00205404	-0.00486168	0.000551244	0
3315.714178483	3034.52990193	0.0213046	0.163664	-0.0621736	0.00259416	-0.00482069	0.000481085	0
3325.780544348	3025.019991766	0.0249343	0.163483	-0.0526422	0.00271823	-0.00493173	0.000369574	0
3317.463532811	3025.649301756	0.0251686	0.22109	-0.0637695	0.00268564	-0.00488181	0.000481085	0
3324.097987938	3028.577488722	0.0221718	0.237227	-0.0391679	0.00251486	-0.00480274	0.000481085	0
3325.812199586	3027.402524005	0.0250074	0.246693	-0.0441668	0.0015245	-0.00465977	0.000481085	0
3330.060976438	3023.147731361	0.0181226	0.189359	-0.0534487	0.00187595	-0.00504708	0.000481085	0
3324.198587214	3026.531599417	0.0130423	0.174544	-0.057794	0.00228249	-0.00487474	0.000481086	0
3312.164231262	3023.647893799	0.0175127	0.123337	-0.0753245	0.00214149	-0.00483044	0.000481086	0
3321.231579259	3027.468740559	0.017741	0.149619	-0.0599372	0.00290069	-0.0050155	0.000481085	0
3317.735284986	3019.387540986	0.0189866	0.171873	-0.0932858	0.0033936	-0.00493332	0.000481086	0
3316.756118708	3022.880843269	0.0241785	0.197639	-0.0723074	0.0035241	-0.00498948	0.000341856	0
3320.690221027	3029.220699134	0.0245226	0.232854	-0.0503813	0.00251271	-0.00501866	0.000481086	0
3324.833033309	3027.936552925	0.0317563	0.244179	-0.023812	0.00219503	-0.00487241	0.000481086	0
3326.244374072	3022.48152207	0.0259993	0.201584	-0.0399144	0.00259322	-0.00467322	0.000481086	0
3323.120967779	3028.395014098	0.0212839	0.164641	-0.107095	0.00282133	-0.00498011	0.000474587	0
3317.910461857	3027.258717827	0.0172663	0.154537	-0.0574251	0.00220651	-0.00501881	0.000331337	0
3314.595782808	3025.959660257	0.0238823	0.150862	-0.075538	0.00223657	-0.00502486	0.000464977	0
3316.946050139	3028.545391385	0.0204044	0.148689	-0.0561394	0.00262139	-0.00503635	0.000279004	0
3313.247484257	3023.756064352	0.0259307	0.173414	-0.0731621	0.00243445	-0.00491941	0.000467974	0
3313.409784421	3024.92496343	0.0333846	0.225148	-0.052836	0.0024607	-0.00484066	0.000455514	0
3320.210295418	3035.583553878	0.036335	0.242398	-0.0256324	0.0019199	-0.0046076	0.000591983	0
3320.022510105	3033.473469898	0.0380679	0.218381	-0.0138446	0.00169123	-0.00469239	0.000263975	0
3328.373591263	3030.305942948	0.0344303	0.176979	-0.0249503	0.00186766	-0.00478242	0.000249902	0
3327.881593742	3029.085738678	0.0242267	0.169048	-0.0735564	0.00193493	-0.00504021	0.000305128	0
3330.64257438	3026.681723969	0.0211832	0.148577	-0.0691531	0.00236608	-0.0055134	0.00023578	0
3325.343272832	3032.371040108	0.0241523	0.157222	-0.0958421	0.00273268	-0.00522896	0.000200517	0
3323.976195749	3023.667859859	0.0299983	0.172855	-0.068303	0.00283971	-0.00515507	0.000328556	0
3332.51613528	3031.326739354	0.0348095	0.22333	-0.0635408	0.00300314	-0.00500947	0.000591983	0
3333.864165567	3035.837299753	0.0370589	0.24287	-0.0465739	0.00216247	-0.00469601	0.000438564	0
3337.804437975	3028.101588838	0.0364039	0.237655	-0.021475	0.00185602	-0.00489344	0.000405007	0
3346.51579867	3030.868025445	0.0275016	0.191772	-0.0892854	0.00266563	-0.00545159	0.000525322	0
3342.298408793	3025.898245668	0.0220401	0.171752	-0.0862221	0.00271664	-0.00548932	0.000262124	0
3341.031394456	3027.373712223	0.0202632	0.146515	-0.0885062	0.0030613	-0.00530303	0.000294283	0
3342.082187417	3028.44581382	0.0311643	0.177196	-0.123603	0.00396958	-0.00524939	0.000305262	0
3341.838334774	3020.092924192	0.0289785	0.217651	-0.0911194	0.0039075	-0.00530274	0.000591983	0
3351.860973488	3031.685622963	0.0387685	0.233505	-0.0635926	0.00323955	-0.00491932	0.000591983	0
3366.613387721	3036.676127005	0.0343032	0.233694	-0.0198547	0.00249463	-0.00500935	0.000222066	0
3348.055906506	3029.016236571	0.0340697	0.228072	-0.0703768	0.00244986	-0.00502804	0.000302758	0
3348.626505595	3031.824121707	0.035393	0.191325	-0.0948859	0.00363876	-0.00549592	0.000416383	0
3341.570338306	3029.401151878	0.0318291	0.164992	-0.106312	0.00356193	-0.00538701	0.000300911	0
3337.329341131	3024.364902812	0.0371246	0.18479	-0.105414	0.00388775	-0.00546499	0.000286859	0
3330.193767481	3027.771769747	0.0353733	0.206613	-0.0939493	0.00408717	-0.0054385	0.000351454	0
3328.968065913	3021.625256108	0.0373627	0.202287	-0.134812	0.00423505	-0.00553143	0.000591983	0
3337.651258812	3031.12632055	0.0385161	0.208713	-0.0845058	0.00406142	-0.00514342	0.000591983	0
3337.098096931	3030.596082654	0.0439272	0.253412	-0.0575269	0.00310831	-0.00511906	0.000417178	0
3345.375941817	3036.056673677	0.0359946	0.227943	-0.0191069	0.00223474	-0.00495411	0.000502416	0
3337.04363919	3025.737253513	0.0353079	0.22368	-0.0404342	0.00176568	-0.00536695	0.00024501	0
3343.374686904	3033.386781815	0.0390686	0.181687	-0.0675642	0.00205975	-0.00543161	0.000591983	0
3337.888941366	3031.448810328	0.0205207	0.1715	-0.0631269	0.00210459	-0.00538504	0.000118357	0
3334.940711943	3030.914528673	0.0334305	0.140657	-0.10996	0.00325251	-0.00510882	0.000235339	0
3336.910043353	3025.839863897	0.0296538	0.181326	-0.081364	0.00355921	-0.00517026	0.000312317	0
3344.482083725	3030.33879849	0.0318546	0.235744	-0.0709866	0.00274986	-0.00504791	0.0002396	0
3359.268567578	3032.630346153	0.0256786	0.249631	-0.0356237	0.00209496	-0.00493215	0.000374325	0
3347.975963616	3036.987496446	0.0257217	0.24649	-0.0371645	0.00128437	-0.00460745	0.000591983	0
3361.898366762	3040.491919066	0.021682	0.183653	-0.0948581	0.00206853	-0.00506407	0.000591983	0
3356.64306063	3033.855352386	0.0165139	0.157857	-0.105219	0.00262957	-0.0052321	0.000591983	0
3357.912221085	3037.854882746	0.0213176	0.167162	-0.130631	0.00283127	-0.00518574	0.000591983	0
3361.041260938	3038.281246582	0.0254098	0.166308	-0.125471	0.00373206	-0.00552436	0.000426979	0
3350.808302673	3032.626555129	0.0244531	0.20225	-0.107615	0.00387587	-0.00552925	0.000591983	0
3364.667931873	3042.655077381	0.0291221	0.258958	-0.126284	0.00380848	-0.00472544	0.000591983	0
3367.379820065	3042.903263088	0.0317703	0.274916	-0.0560056	0.0024949	-0.00502249	0.000591984	0
3361.31623229	3046.93261617	0.0338037	0.246091	-0.0961958	0.00296777	-0.00503273	0.000591983	0
3355.987153356	3046.566403248	0.0297579	0.193359	-0.12868	0.00310773	-0.00560935	0.000315543	0
3347.340176197	3042.655582851	0.0292522	0.177926	-0.144487	0.00333905	-0.00576916	0.000591984	0
3337.331218984	3040.96680801	0.028351	0.156544	-0.137753	0.00350831	-0.00537952	0.000216282	0
3327.882935065	3033.794190532	0.0298972	0.164951	-0.135773	0.00318188	-0.00541442	0.000591984	0
3322.57022028	3036.875282134	0.0373456	0.182924	-0.0831583	0.00320745	-0.00513544	0.000591983	0
3322.757469064	3035.914636643	0.039911	0.224581	-0.0534132	0.00288191	-0.005423	0.000235946	0
3324.087793879	3036.785308497	0.0384449	0.219489	-0.0253626	0.00282487	-0.00486657	0.000339193	0
3308.754586498	3033.152749265	0.0322751	0.191579	-0.0563535	0.00287281	-0.00510193	0.000298058	0
3312.053706192	3035.89037409	0.034417	0.180769	-0.0799069	0.00355178	-0.00504438	0.000482232	0
3305.905883291	3030.78942488	0.0309874	0.178569	-0.0943385	0.00263497	-0.00529927	0.00047286	0
3301.581455785	3023.002661508	0.0356509	0.17979	-0.056879	0.00278131	-0.00528206	0.00035865	0
3308.135699757	3028.437220833	0.0314752	0.162225	-0.0701402	0.00256003	-0.00523543	0.000365317	0
3309.467902424	3017.224635406	0.0347264	0.182333	-0.065563	0.00321905	-0.00521777	0.000591984	0
3309.237731283	3022.048587125	0.0342633	0.223596	-0.0452729	0.002524	-0.00505378	0.000591984	0
3320.623423108	3030.562974378	0.0372556	0.220082	-0.0241759	0.00203515	-0.00477659	0.000286396	0
3328.15012674	3023.805347664	0.0349964	0.202338	-0.0173282	0.0016963	-0.00490801	0.000250092	0
3328.988454033	3024.466754991	0.0303208	0.180227	-0.0659507	0.00213212	-0.00523549	0.000144544	0
3324.566378163	3021.090974454	0.0286554	0.152079	-0.0949516	0.00360813	-0.0054305	0.000330655	0
3324.054529052	3023.565249475	0.0283378	0.165184	-0.0925483	0.00356777	-0.00537428	0.000395113	0
3320.377424348	3020.895863083	0.0290373	0.175297	-0.114469	0.00407916	-0.00533754	0.0004165	0
3337.60806819	3025.435235265	0.0351994	0.23139	-0.0652324	0.00353858	-0.005421	0.000460977	0
3340.233843403	3034.381799258	0.0293619	0.255411	-0.0383074	0.00235756	-0.00510197	0.000591983	0
3341.240909213	3035.37732217	0.0355913	0.243372	-0.0339488	0.00204968	-0.00528574	0.000591984	0
3348.133971544	3037.436353692	0.034115	0.21094	-0.0898269	0.00218554	-0.00522819	0.000591984	0
3342.782358372	3033.046600592	0.0274699	0.18269	-0.110432	0.00337238	-0.00570042	0.000591984	0
3336.410534419	3037.100216227	0.0347166	0.166166	-0.0860259	0.00330004	-0.00552597	0.000591984	0
3322.909038639	3039.139787159	0.0334845	0.157838	-0.121124	0.00316104	-0.00553663	0.000438701	0
3341.109727758	3035.963667221	0.03852	0.213149	-0.0746729	0.00315257	-0.00542547	0.000591984	0
3340.058934796	3043.17116212	0.0440235	0.240239	-0.0594582	0.00256609	-0.00499863	0.000344906	0
3336.426362038	3043.542682476	0.0429452	0.233957	-0.0358592	0.00249842	-0.00502437	0.000591984	0
3333.447550435	3040.701183593	0.0347577	0.186464	-0.0981776	0.00260655	-0.00533525	0.000591984	0
3334.229005605	3037.890012902	0.0327731	0.194033	-0.124645	0.00295369	-0.00543423	0.000378672	0
3322.925134523	3036.056673677	0.036286	0.182584	-0.0844006	0.00345855	-0.00556301	0.000591984	0
3315.578973057	3032.302296206	0.0348006	0.17349	-0.120062	0.00325429	-0.00571202	0.000481162	0
3321.460677342	3037.472494788	0.0393713	0.218821	-0.0715184	0.00378432	-0.00532993	0.000300173	0
3329.265571503	3043.415051333	0.0410627	0.2467	-0.0515394	0.00278676	-0.00521028	0.000591984	0
3326.137872973	3035.484987253	0.049463	0.244015	-0.0219621	0.00241978	-0.00476998	0.000591984	0
3323.956880689	3031.960598573	0.0394056	0.193516	-0.0606573	0.0024785	-0.00517109	0.000318472	0
3322.583096988	3034.056023926	0.0376565	0.151676	-0.113549	0.00311271	-0.0054925	0.000502466	0
3315.007032645	3029.84369075	0.0350624	0.149756	-0.0808414	0.00348785	-0.0056319	0.000591983	0
3308.522537503	3026.98955512	0.0373152	0.176422	-0.116726	0.00353058	-0.00564593	0.000316048	0
3308.295049009	3031.198097271	0.0433688	0.189848	-0.0836383	0.00382742	-0.00560929	0.000378034	0
3317.404782834	3030.355478995	0.0408043	0.22604	-0.0658007	0.00272639	-0.00547647	0.000267754	0
3318.770518593	3034.277925199	0.0451696	0.242408	-0.033044	0.00272731	-0.00509086	0.000267659	0
3321.538742379	3027.8170093	0.0382416	0.223425	-0.0432115	0.00286551	-0.00530352	0.000174595	0
3325.885167594	3029.958432411	0.0372417	0.173876	-0.113651	0.0028601	-0.00565839	0.000273416	0
3313.377860917	3024.467513196	0.0349462	0.158978	-0.0945931	0.00351602	-0.00557311	0.000302998	0
3318.437065529	3023.500802066	0.0370033	0.16124	-0.116066	0.00375789	-0.00545958	0.000266528	0
3306.988868021	3024.872141828	0.041313	0.195611	-0.110607	0.00448847	-0.00575677	0.00031817	0
3323.169523695	3026.701184559	0.0371235	0.230478	-0.0509152	0.00330881	-0.00556264	9.20876e-05	0
3325.183118786	3034.941607141	0.0413797	0.223936	-0.0329385	0.00251318	-0.00504827	0.000216935	0
3325.338175802	3026.710788486	0.0391559	0.212953	-0.0448163	0.00273964	-0.00517976	0.000189997	0
3330.255200105	3032.664465369	0.036142	0.196056	-0.0978517	0.00279875	-0.00553892	0.000238662	0
3317.333424415	3030.076459626	0.0428915	0.17094	-0.115892	0.00356405	-0.00566747	0.000591984	0
3316.119526495	3019.221241398	0.0404086	0.173389	-0.0855887	0.00396373	-0.00573108	0.000274344	0
3308.949346694	3025.008618694	0.0391549	0.175495	-0.0940396	0.00369487	-0.00554449	0.000176618	0
3327.382084808	3037.273845128	0.0440066	0.220358	-0.0482308	0.00328627	-0.00562704	3.8095e-05	0
3313.865566203	3038.562035096	0.0452803	0.224822	-0.0382066	0.00255072	-0.0051724	-1.96019e-05	0
3322.246693012	3028.816575971	0.0495158	0.216375	-0.0547731	0.00289612	-0.00546071	0.00014577	0
3322.069370023	3033.735050557	0.0392241	0.200248	-0.0874542	0.00341701	-0.00586498	1.02725e-06	0
3322.883285224	3036.695082125	0.0442682	0.191099	-0.141298	0.00371202	-0.00570697	7.72158e-05	0
3327.138768694	3028.629046649	0.0259814	0.196476	-0.119227	0.00409051	-0.00583882	-0.000303509	0
3315.800827992	3025.263122774	0.0315443	0.205355	-0.132784	0.00508538	-0.00610301	-0.000440923	0
3319.9769051	3023.873333362	0.0326136	0.190379	-0.103763	0.00498408	-0.00587176	-0.000531062	0
3320.375546494	3033.17246259	0.0431514	0.23558	-0.0846468	0.00414378	-0.00554213	-0.000495347	0
3324.012679753	3027.516001992	0.0479387	0.254132	-0.0614558	0.00418121	-0.0058932	-0.000474968	0
3324.871126901	3026.131772748	0.0465662	0.24532	-0.0456035	0.00334134	-0.00573445	-0.00036875	0
3330.835993253	3034.010531637	0.0340222	0.190407	-0.166652	0.00479161	-0.00627448	-0.00035015	0
3322.150117707	3030.539470029	0.0247482	0.165758	-0.133785	0.00485046	-0.00651262	-0.000447073	0
3328.788060277	3026.960490603	0.0278076	0.170756	-0.132094	0.00526695	-0.0065941	-0.000395682	0
3324.722239974	3027.22914784	0.0371036	0.186615	-0.146801	0.00566012	-0.00661033	-0.000333961	0
3323.241686909	3033.657713667	0.0345988	0.252762	-0.108478	0.00534234	-0.00634071	-0.000313698	0
3331.698464372	3029.782023426	0.0418326	0.25865	-0.114162	0.00482414	-0.00629292	-0.00031748	0
3342.768408606	3035.10133562	0.0487135	0.269721	-0.103368	0.00496885	-0.00623636	-0.000304833	0
3344.739349604	3028.314897124	0.0398624	0.209187	-0.154552	0.00557314	-0.0065947	-0.000268141	0
3344.316027854	3032.119063377	0.0380568	0.183921	-0.188525	0.00511017	-0.00670892	-0.000242637	0
3341.773146444	3023.030967821	0.0382077	0.176062	-0.153673	0.00505732	-0.00676796	-0.000335031	0
3339.620590221	3023.782348785	0.0369523	0.182765	-0.179332	0.00533066	-0.00668994	-8.74262e-05	0
3340.735498454	3024.581749387	0.0452625	0.198231	-0.170981	0.00552443	-0.00673783	-0.000258543	0
3349.11930791	3038.406350376	0.0466493	0.237605	-0.127127	0.00482457	-0.00628843	-0.000298509	0
3353.498729687	3033.491919549	0.0558181	0.244465	-0.120216	0.00521484	-0.00644627	-0.000270757	0
3346.73228831	3030.274098346	0.050746	0.244094	-0.119855	0.00558736	-0.00666088	-0.000408621	0
3345.602088988	3030.348149682	0.0484938	0.200364	-0.215252	0.00601721	-0.00727803	-0.000362057	0
3333.336220571	3029.07815663	0.0455595	0.194656	-0.204615	0.00721614	-0.00750581	-0.000338515	0
3332.731283597	3032.468090324	0.046929	0.194455	-0.221375	0.00758767	-0.00728291	-0.000242793	0
3327.231588292	3029.915467472	0.0536029	0.216635	-0.200313	0.00745641	-0.00744582	-0.00011959	0
3329.065714276	3029.658688777	0.0425253	0.222928	-0.179814	0.00698094	-0.00697614	-0.000344572	0
3335.762406822	3033.197230614	0.0472356	0.228838	-0.158828	0.00636448	-0.0067884	-0.000207258	0
3343.473676591	3044.188167502	0.0491638	0.252072	-0.0693946	0.00449923	-0.00633182	-0.000279943	0
3335.083428781	3037.765667313	0.0508095	0.217395	-0.0893858	0.00412285	-0.00621916	-0.000234975	0
3337.041761337	3029.133758316	0.0406732	0.182936	-0.127878	0.00449021	-0.00677439	-0.000229589	0
3329.404532635	3026.875824399	0.0336847	0.184314	-0.18196	0.00518774	-0.00676755	-0.000326388	0
3324.699705736	3019.3529163	0.0399767	0.177064	-0.161839	0.00547365	-0.00674426	-0.000320502	0
3323.282463148	3029.21640264	0.0390307	0.189287	-0.147883	0.00533096	-0.00674624	-0.000129915	0
3327.651154336	3026.373640082	0.0484014	0.236099	-0.121528	0.00473563	-0.00642858	-0.000324919	0
3344.729423809	3036.163580555	0.043247	0.247388	-0.0729283	0.00436035	-0.00639983	-0.000129915	0
3337.969957315	3026.036238942	0.0522666	0.241767	-0.116345	0.00493991	-0.00642016	-0.000274897	0
3342.167227338	3028.507986615	0.0474459	0.204805	-0.15505	0.0056275	-0.00689383	-0.000349556	0
3336.647412178	3029.851272798	0.0402158	0.192858	-0.161052	0.00554737	-0.00700427	-0.000371082	0
3330.982465798	3023.579402632	0.0448084	0.187297	-0.208887	0.00684814	-0.00721867	-0.000164841	0
3337.530271417	3022.962476653	0.0447201	0.207497	-0.179964	0.00722336	-0.00720876	-7.84495e-05	0
3332.916922792	3028.388190255	0.0427241	0.223331	-0.222651	0.00713302	-0.00727936	-0.000187098	0
3353.562308429	3033.632692908	0.0421809	0.232018	-0.142334	0.00665891	-0.00695995	-0.000418649	0
3352.170819256	3039.360172023	0.0508737	0.24991	-0.115352	0.00586455	-0.00680109	-0.000215066	0
3350.072720774	3038.532212374	0.0484937	0.23987	-0.0764371	0.00508024	-0.00632836	-0.000263369	0
3336.668068563	3035.247416413	0.051685	0.204918	-0.113072	0.00477916	-0.00655623	-0.000138452	0
3335.022264422	3034.442202907	0.0474146	0.198661	-0.147599	0.0052438	-0.00684533	-0.000353935	0
3329.640337336	3034.88676366	0.0478405	0.197277	-0.198386	0.00585165	-0.00770044	-6.22314e-05	0
3327.301605388	3028.529721819	0.0482302	0.189009	-0.159609	0.00643058	-0.00723321	-6.80737e-05	0
3319.583360736	3027.825096818	0.0497531	0.219385	-0.170467	0.00574756	-0.00701436	-0.000307733	0
3332.013407169	3031.929006706	0.0560212	0.252732	-0.0919148	0.00568957	-0.00675357	-0.000271213	0
3330.101216148	3037.568281328	0.0508055	0.256801	-0.0685714	0.004581	-0.00623311	-0.000284623	0
3330.767317482	3033.992081987	0.0570362	0.23921	-0.075811	0.00451986	-0.00613152	-0.000265532	0
3336.34883353	3027.150547274	0.0492918	0.201718	-0.0790916	0.0042506	-0.0065587	-0.000381772	0
3339.930972518	3032.580304635	0.0487502	0.184294	-0.15043	0.00437644	-0.00679103	-0.000191519	0
3327.576845004	3026.671614571	0.04084	0.177476	-0.132439	0.00522328	-0.00695361	-0.000175543	0
3329.290788388	3026.012229124	0.0427647	0.183756	-0.162266	0.00525057	-0.00687299	-7.17166e-05	0
3330.842431607	3024.231711501	0.0476763	0.232753	-0.136738	0.00549593	-0.00695417	-9.60451e-05	0
3338.2172974	3033.937743976	0.0472445	0.254024	-0.0876663	0.00475011	-0.00647655	-0.000341386	0
3343.307620721	3034.647423675	0.0404969	0.257092	-0.091051	0.00464664	-0.00681925	-7.09423e-05	0
3340.865875115	3030.6137741	0.0464406	0.242392	-0.0775891	0.00454903	-0.00683577	-0.000364807	0
3346.784331669	3035.314896641	0.046105	0.185592	-0.176962	0.00586725	-0.00704571	-0.000162971	0
3334.964587504	3035.743282357	0.0387295	0.182646	-0.187649	0.00664226	-0.00766592	-0.000469737	0
3332.906996997	3030.061042795	0.0409591	0.191192	-0.213804	0.00689219	-0.00744725	-0.000256649	0
3328.170246595	3033.967061228	0.0356229	0.225005	-0.185648	0.00734427	-0.00779632	-0.000360117	0
3340.841463024	3037.980492009	0.0467812	0.247351	-0.148172	0.00591308	-0.00728552	-0.000472337	0
3346.427539573	3032.887883052	0.0454605	0.268344	-0.0871236	0.00535013	-0.00670827	-0.000431984	0
3334.995437949	3031.607022398	0.0476406	0.257783	-0.0768306	0.00451159	-0.00663804	-0.000399342	0
3340.455430073	3039.681650862	0.0462928	0.190844	-0.166484	0.00548007	-0.00708693	-6.37938e-05	0
3332.248138811	3031.954785669	0.0370605	0.190594	-0.162519	0.00621898	-0.00743404	-0.000454226	0
3327.113551809	3026.112564893	0.0473225	0.206246	-0.201861	0.00631871	-0.00767498	-0.000215902	0
3324.165322387	3025.993021268	0.0439539	0.221663	-0.15596	0.00646362	-0.00748008	-0.000367109	0
3330.459349567	3034.419709498	0.0518962	0.229268	-0.141525	0.00563727	-0.00695759	-9.11025e-05	0
3344.712254866	3036.14487817	0.0447292	0.252693	-0.078822	0.00538385	-0.00664909	-0.000318642	0
3328.213168953	3029.675116548	0.0472133	0.241071	-0.0687632	0.00430477	-0.00654529	-0.000375732	0
3330.067683056	3034.603195062	0.0524008	0.195355	-0.104282	0.00499564	-0.00677722	-0.000293923	0
3322.792611745	3026.826793822	0.0485425	0.195363	-0.135169	0.00529286	-0.00701554	-0.000186279	0
3321.077327038	3030.23947366	0.0463612	0.176861	-0.163425	0.00527381	-0.00737774	-0.000349341	0
3313.428562952	3021.754150925	0.0482915	0.191475	-0.157014	0.00648851	-0.00783398	-0.000362331	0
3310.137759464	3023.170477505	0.0459747	0.210396	-0.18006	0.00637797	-0.00758091	-0.000106536	0
3316.717220322	3030.992623769	0.0533639	0.250183	-0.107694	0.00582789	-0.00688862	-0.000491498	0
3329.953134015	3033.64457145	0.0516893	0.251413	-0.099331	0.00526476	-0.00676389	-0.000127325	0
3326.243301013	3029.84672357	0.0531678	0.234614	-0.0753134	0.00544649	-0.00672826	-6.05258e-05	0
3323.81416385	3023.839214146	0.0465321	0.185473	-0.113547	0.00597659	-0.00721483	-0.000340411	0
3319.848406293	3027.728552073	0.0410361	0.163254	-0.182964	0.00681782	-0.00760422	-0.000435747	0
3325.128661045	3021.793072105	0.0396803	0.181238	-0.161155	0.00716669	-0.00746259	-0.000347465	0
3314.05522937	3020.402524488	0.0429552	0.212712	-0.199435	0.0070304	-0.00756563	-0.000301685	0
3324.487240067	3025.47693653	0.0383266	0.222545	-0.174274	0.0070988	-0.00783862	-9.35127e-05	0
3318.372413728	3020.994935178	0.0367112	0.23882	-0.191082	0.00683116	-0.00761163	4.54913e-05	0
3339.052137251	3028.652045528	0.0465592	0.239632	-0.114476	0.00573949	-0.00715276	-0.000109753	0
3338.396229977	3033.893515362	0.0403449	0.24286	-0.0928416	0.00435208	-0.00682105	-0.000246301	0
3342.225440785	3036.402667804	0.0472129	0.242609	-0.0471256	0.00425582	-0.00664585	-0.000322375	0
3329.844755063	3030.177300866	0.0438255	0.190797	-0.0832463	0.00367074	-0.00675226	-0.000321519	0
3342.399276333	3030.894815348	0.0457757	0.177031	-0.151446	0.005098	-0.00699638	-6.08186e-05	0
3335.312526864	3031.373495317	0.0404477	0.187527	-0.116891	0.00518737	-0.00733335	-0.000363178	0
3326.101657234	3030.818742133	0.0448096	0.168415	-0.171432	0.00611029	-0.00742773	-9.89113e-05	0
3325.120613103	3028.158454198	0.0437667	0.216029	-0.152622	0.00656397	-0.00783591	-0.000293934	0
3343.619612606	3038.021182333	0.0482902	0.258459	-0.122126	0.00567077	-0.00686849	-0.000344318	0
3349.883594137	3034.516506979	0.0427423	0.27334	-0.0907607	0.00538607	-0.00692918	-0.000454221	0
3343.7870098	3029.163581038	0.0432874	0.257163	-0.090088	0.00577453	-0.00716713	-0.00054809	0
3349.422447059	3038.496324013	0.0470095	0.203295	-0.180603	0.00637716	-0.00763031	-0.000396117	0
3352.083096688	3033.382232587	0.0418645	0.20566	-0.17533	0.00676733	-0.00771013	-0.000152581	0
3337.020031893	3034.177842165	0.0406598	0.225647	-0.206356	0.00658509	-0.00801913	1.61902e-05	0
3345.323361929	3032.52065919	0.0304235	0.22464	-0.187174	0.00690569	-0.00768618	-0.000353391	0
3331.404982754	3034.37168986	0.0404783	0.258951	-0.213221	0.0068804	-0.00738087	-0.000258237	0
3332.794862339	3037.541491425	0.0398408	0.235482	-0.161023	0.00651323	-0.0076666	-8.66919e-05	0
3346.429417426	3044.696922928	0.0521171	0.250656	-0.110966	0.00536256	-0.00708342	-0.000352441	0
3347.462236651	3044.703746771	0.0487927	0.248588	-0.0543035	0.00397876	-0.00666465	-0.000378621	0
3335.489849853	3032.262616821	0.048673	0.247315	-0.0538415	0.00373155	-0.00662997	-0.000172043	0
3335.452561055	3030.991612829	0.0425383	0.198072	-0.0848046	0.00419363	-0.00694031	-0.000413575	0
3334.719125273	3028.695768672	0.0456489	0.209171	-0.154018	0.0044136	-0.00728685	-0.000449334	0
3327.436810813	3029.058948775	0.0402758	0.191237	-0.146224	0.00528243	-0.0075518	-0.000447433	0
3327.949732984	3021.803181503	0.0410177	0.203659	-0.146458	0.00556998	-0.00773324	-0.000362594	0
3326.509419629	3024.203910658	0.0409904	0.230944	-0.14975	0.00552796	-0.00753766	-0.000433135	0
3348.691693925	3030.289262442	0.0475817	0.288977	-0.0739277	0.00462207	-0.00678973	-0.00036086	0
3335.432172935	3028.360894882	0.0511308	0.281485	-0.0794637	0.00415386	-0.00671513	-0.000342075	0
3355.863751579	3031.462205279	0.046759	0.251187	-0.0832241	0.00412124	-0.0071255	-0.000230906	0
3355.375778028	3030.972657709	0.0273536	0.206432	-0.160776	0.00444521	-0.00730607	-0.000375341	0
3344.798099581	3028.812532212	0.0243971	0.199214	-0.159975	0.00484946	-0.0071639	-0.000158767	0
3353.263998045	3028.440759122	0.0270775	0.185553	-0.148107	0.00540564	-0.00759492	-0.000243615	0
3341.642501519	3030.651937075	0.0324407	0.20407	-0.19469	0.00574478	-0.00766835	-0.000110313	0
3359.72998292	3040.085268554	0.0391514	0.258848	-0.106891	0.00483899	-0.00726992	-0.000379584	0
3349.35618567	3037.722196904	0.0449794	0.278081	-0.106668	0.00459133	-0.00702337	-0.00039326	0
3352.403673044	3040.480798729	0.0431595	0.25393	-0.103156	0.00444454	-0.00719257	-0.000566748	0
3356.893351627	3042.208747485	0.0437583	0.249924	-0.205338	0.0049653	-0.00769802	-0.000511955	0
3339.433877967	3033.205318132	0.0397096	0.212151	-0.181311	0.00600901	-0.00780355	-0.000578893	0
3331.863715448	3032.358150627	0.0328007	0.201294	-0.22534	0.00642625	-0.00829663	-0.000472079	0
3345.390159848	3034.565284821	0.0519185	0.253088	-0.0855309	0.00403205	-0.00765121	-0.000367714	0
3341.593409073	3035.161992005	0.0466379	0.232311	-0.0821061	0.00322708	-0.00754021	-0.000707645	0
3330.533927163	3026.574564356	0.0488301	0.218984	-0.101288	0.00412962	-0.00791834	-0.000570631	0
3335.368862458	3029.255071085	0.0481884	0.205549	-0.104374	0.00428992	-0.00789526	-0.000444708	0
3329.859241358	3029.327353277	0.04682	0.178689	-0.151169	0.00455312	-0.00820205	-0.000301986	0
3335.311453805	3022.938466834	0.0552929	0.174235	-0.139446	0.00557041	-0.00804865	-0.000430164	0
3326.396211912	3027.225104081	0.0498256	0.130275	-0.132476	0.00504323	-0.00777335	-0.000399854	0
3324.668587027	3023.528855644	0.051385	0.247707	-0.136046	0.00532136	-0.00806329	-0.000614967	0
3334.775729132	3022.732993331	0.0508723	0.243222	-0.139974	0.00575259	-0.00823672	-0.000561911	0
3325.744328609	3024.726061035	0.0428393	0.208312	-0.195673	0.0062491	-0.00840991	-0.000622284	0
3333.559685094	3021.663166348	0.0495306	0.212132	-0.180924	0.00685214	-0.00847122	-0.000546716	0
3337.98498014	3022.776716475	0.0545579	0.26184	-0.137942	0.00580465	-0.00799643	-0.00046011	0
3344.987494483	3029.622547682	0.0632546	0.243974	-0.11585	0.00460356	-0.00746036	-0.000349266	0
3336.653582267	3024.488490196	0.0606635	0.234087	-0.0965771	0.00417853	-0.00738924	-0.000457903	0
3334.695786241	3022.495169757	0.047349	0.176019	-0.162623	0.00485507	-0.00796052	-0.000350129	0
3327.921296922	3022.44512824	0.0459482	0.158856	-0.186118	0.00563994	-0.00825515	-0.000317843	0
3317.351934681	3018.359920737	0.046565	0.174468	-0.183546	0.00664578	-0.0083215	-0.000495913	0
3312.415863582	3018.851490187	0.0589925	0.193337	-0.187593	0.00624581	-0.00810975	-0.000300697	0
3317.043698502	3019.84499122	0.0555722	0.227422	-0.1451	0.00612697	-0.00825224	-0.00036263	0
3325.336834478	3028.78270949	0.0485181	0.282528	-0.10511	0.00502592	-0.00799198	-0.00027691	0
3328.671901647	3031.02547931	0.0564635	0.285988	-0.0595856	0.00429066	-0.00765558	-0.000289244	0
3328.606981582	3026.445669539	0.066707	0.220869	-0.12401	0.00405134	-0.00736026	-0.000118962	0
3325.024306064	3030.704000472	0.0570726	0.212445	-0.174682	0.00543676	-0.0082096	-0.000422376	0
3307.260083666	3024.648724145	0.053578	0.171766	-0.152741	0.00647956	-0.00825516	-0.00033025	0
3309.353353383	3017.218064297	0.0466557	0.159809	-0.20072	0.00707577	-0.00828508	-0.000180668	0
3307.854290051	3019.909691364	0.0450425	0.188439	-0.180207	0.0074517	-0.00818514	-0.000345876	0
3318.113001731	3027.533693437	0.0455453	0.238239	-0.1139	0.005224	-0.00802471	-0.000370162	0
3326.791365864	3031.516290556	0.0457244	0.261497	-0.109967	0.00426912	-0.00740292	-0.000157569	0
3330.553242224	3021.935614609	0.0397742	0.274411	-0.10594	0.00388384	-0.00734658	-0.000130811	0
3330.613601789	3024.286807717	0.0353474	0.22008	-0.180768	0.00416181	-0.00783387	3.03589e-05	0
3320.350329609	3022.982189978	0.0392878	0.190691	-0.181735	0.0050961	-0.00780757	9.62978e-05	0
3324.455584828	3022.664502164	0.0366158	0.168756	-0.159989	0.00587856	-0.00791235	-0.000133078	0
3322.921378817	3020.487190692	0.0388977	0.182748	-0.188251	0.00611281	-0.00779273	-0.000160341	0
3321.514330289	3018.738264936	0.0449927	0.200522	-0.165364	0.00652128	-0.0073972	-0.00019902	0
3320.217002037	3019.427473106	0.0442611	0.228645	-0.17126	0.00667159	-0.00770379	-0.000281316	0
3319.278880263	3021.923483332	0.0519311	0.286278	-0.159123	0.00602289	-0.0076771	-0.000129141	0
3331.979337548	3031.619406409	0.048821	0.283336	-0.109904	0.00506306	-0.00729295	-0.000230259	0
3339.673706639	3024.635329193	0.0468479	0.262334	-0.16418	0.00559519	-0.00793687	-0.000321856	0
3335.697755021	3026.786356232	0.0464649	0.207393	-0.201136	0.00709786	-0.00807972	-0.000256905	0
3326.321366051	3023.480330537	0.0514538	0.170175	-0.205634	0.00789209	-0.00802772	-0.000358646	0
3324.349351994	3028.807477514	0.0477975	0.144496	-0.248395	0.00830304	-0.00807967	-0.000361033	0
3331.22175794	3027.261245176	0.0513926	0.156968	-0.234182	0.00880365	-0.00816507	-0.00024015	0
3325.974231486	3025.457981409	0.0454534	0.228634	-0.231283	0.00773684	-0.00813684	-0.000420254	0
3343.236262302	3031.474083821	0.0604349	0.22116	-0.150228	0.00755327	-0.00796642	-0.000193755	0
3332.038087525	3036.100649556	0.057535	0.241896	-0.143263	0.00671896	-0.00780771	-0.000366628	0
3332.076449382	3035.932580824	0.0543024	0.227676	-0.222752	0.00748545	-0.00836972	-0.000210564	0
3325.301423534	3025.010135103	0.0490032	0.244986	-0.210173	0.00796859	-0.00819665	-0.000133281	0
3316.202420298	3026.805816822	0.0493548	0.217221	-0.248403	0.00806942	-0.00803949	-0.000346276	0
3315.424720835	3024.278720199	0.0436868	0.232304	-0.223183	0.00850197	-0.00823832	-0.000284609	0
3313.129716039	3023.568787764	0.0437615	0.247072	-0.240153	0.00816774	-0.00820478	-0.000240049	0
3319.56377741	3032.694288091	0.0424493	0.224066	-0.199768	0.00821242	-0.00815862	-0.000255451	0
3323.130625309	3023.358512298	0.0381982	0.218665	-0.192538	0.00657417	-0.00801338	-0.000179871	0
3339.823666625	3030.784622916	0.0523508	0.238807	-0.0932781	0.00539791	-0.00742186	-0.000313938	0
3328.726627653	3023.97720742	0.0433965	0.214449	-0.0828384	0.00491516	-0.00733143	-0.000394436	0
3328.597860581	3022.636701321	0.0458081	0.189398	-0.143291	0.00562933	-0.0077048	-0.000187097	0
3327.899299214	3022.029632005	0.034957	0.184405	-0.146468	0.00614242	-0.00828308	-0.000367309	0
3323.193667521	3017.531708353	0.0417469	0.191417	-0.190806	0.00621364	-0.00842001	-0.00046773	0
3323.341213125	3014.537557568	0.0341239	0.203519	-0.169678	0.00691646	-0.00862731	-0.000509361	0
3332.432704948	3016.529108862	0.0404976	0.218501	-0.198315	0.00704905	-0.00847544	-0.000363537	0
3333.062054013	3016.402235924	0.0483231	0.258805	-0.205296	0.00787023	-0.00812539	-0.000157617	0
3343.02594275	3024.047214998	0.0488307	0.299512	-0.138083	0.00637526	-0.0082371	-0.000437577	0
3347.858195397	3031.231205548	0.0507163	0.282911	-0.152639	0.00524178	-0.00761008	-0.000218119	0
3348.80758429	3029.4309746	0.044528	0.271487	-0.15002	0.00571543	-0.00802748	-0.000215307	0
3348.157310576	3033.863945374	0.0382467	0.214203	-0.185308	0.00509526	-0.00796481	-0.000189024	0
3349.929199141	3030.368621212	0.0405349	0.178836	-0.201683	0.00561926	-0.0083174	-0.000247876	0
3354.490504407	3031.920413718	0.0315051	0.184066	-0.177341	0.00599068	-0.0083061	-0.000399642	0
3347.842904308	3025.707178056	0.0356952	0.190041	-0.227742	0.00694746	-0.00816387	-0.000189522	0
3351.261938338	3032.694035356	0.0355183	0.224641	-0.213748	0.0072019	-0.00815493	-0.000564459	0
3348.345900683	3037.623630279	0.0363046	0.299116	-0.20166	0.0064041	-0.00818051	-0.000393138	0
3356.436496785	3041.229652343	0.0464497	0.330245	-0.186997	0.00592575	-0.00778774	-0.000457092	0
3356.088289161	3037.79827012	0.0431108	0.284578	-0.175736	0.00631814	-0.00815638	-0.000130571	0
3359.771295689	3040.372880911	0.0367917	0.261623	-0.274821	0.00680284	-0.00824739	-0.00048249	0
3345.259783187	3036.729454076	0.0339107	0.215485	-0.229247	0.00657308	-0.00822859	-0.000268022	0
3339.321743308	3038.329013485	0.0286686	0.181825	-0.237032	0.0063305	-0.00807316	-0.000333402	0
3338.651349739	3033.17296806	0.0368397	0.173719	-0.239472	0.00731888	-0.00801289	-0.000132716	0
3344.896016209	3036.588175247	0.031817	0.211717	-0.211935	0.00701417	-0.00831402	-0.000348559	0
3332.9297995	3034.464949052	0.0341953	0.257936	-0.216966	0.00616113	-0.00793803	-0.000326241	0
3341.846114452	3036.882358713	0.0305858	0.254221	-0.170859	0.00579636	-0.00812754	-0.000531306	0
3330.274515166	3033.006163002	0.0238089	0.241331	-0.202397	0.00547315	-0.00795722	-0.000331783	0
3335.497361265	3034.52939646	0.0276733	0.229737	-0.222445	0.00596182	-0.00830034	-0.000151552	0
3320.947755171	3029.208567857	0.02734	0.227578	-0.225708	0.00682554	-0.00823001	-0.000394215	0
3308.143479434	3025.70945267	0.0336385	0.192698	-0.260949	0.00767613	-0.00806562	-0.000281269	0
3320.45066062	3026.285941059	0.0294734	0.20546	-0.227412	0.00830792	-0.00811972	-0.000184498	0
3316.869862955	3025.488562337	0.0313913	0.219791	-0.272724	0.00870056	-0.00815448	-0.000398309	0
3323.374477952	3023.752778797	0.0308477	0.253044	-0.180314	0.00769235	-0.00812	-0.000561942	0
3323.836966353	3025.621248178	0.0323043	0.251289	-0.180725	0.00629808	-0.0078454	-0.000125457	0
3321.405951336	3023.940560855	0.0281127	0.237921	-0.200541	0.00700081	-0.00819042	-0.000313998	0
3316.877642632	3018.620237721	0.0307868	0.21346	-0.217361	0.00804462	-0.00821006	-0.000541941	0
3309.52772546	3021.353566052	0.0290879	0.184422	-0.249787	0.00790535	-0.00830725	-0.000277635	0
3319.48839502	3020.164195444	0.0346134	0.183717	-0.220015	0.0085995	-0.00794659	-0.000507987	0
3304.499639557	3021.707142227	0.0313523	0.209761	-0.253481	0.00833081	-0.00817424	-0.000421835	0
3306.21867997	3020.394184236	0.0360572	0.229056	-0.203815	0.00857025	-0.00834408	-0.000482915	0
3314.451456381	3020.45635703	0.0366771	0.244736	-0.190531	0.00774912	-0.00822237	-0.000501527	0
3314.425434702	3025.624786467	0.0392277	0.240944	-0.127604	0.00756043	-0.00804687	-0.000558232	0
3305.420324123	3016.789678581	0.043792	0.207901	-0.189131	0.0075653	-0.0079395	-0.000645564	0
3307.373559649	3022.004105777	0.0461235	0.195651	-0.156557	0.00671992	-0.00803494	-0.000390674	0
3303.320884318	3023.907705313	0.0395894	0.173596	-0.16651	0.00637537	-0.00786019	-0.00041101	0
3303.257037311	3020.113901192	0.0427866	0.192365	-0.151694	0.00706422	-0.00808573	-0.000514475	0
3302.084720425	3015.165603884	0.0394714	0.183145	-0.156227	0.00703819	-0.00792269	-0.000525344	0
3297.659961908	3016.941319543	0.0384694	0.20663	-0.184508	0.00761499	-0.00834648	-0.000311243	0
3308.508051207	3017.848890697	0.0474305	0.247395	-0.133655	0.00731689	-0.00771959	-0.000505359	0
3316.676175817	3021.073283008	0.0376941	0.252652	-0.152568	0.00695677	-0.00811703	-0.000613482	0
3314.147780703	3017.50188563	0.0447054	0.224133	-0.149414	0.00721837	-0.00819588	-0.000576639	0
3326.706057679	3020.841525072	0.0409553	0.18691	-0.217949	0.00825176	-0.00843385	-0.000480986	0
3321.040574769	3017.163220816	0.0478084	0.173027	-0.213685	0.00879024	-0.00827409	-0.000502794	0
3331.75614129	3019.066314883	0.0335697	0.193514	-0.213872	0.00904349	-0.0086504	-0.000560054	0
3321.492332581	3020.294101201	0.0394533	0.191012	-0.238815	0.00893358	-0.00831318	-0.000422128	0
3345.063681667	3026.501776694	0.0388711	0.226482	-0.19621	0.00839256	-0.00844926	-0.000504584	0
3339.700801377	3036.557341585	0.0492811	0.264122	-0.171646	0.00765408	-0.00811278	-0.000190843	0
3359.229132663	3041.622655169	0.0492017	0.259557	-0.112126	0.0070058	-0.0081799	-0.000511425	0
3341.989904349	3035.511524421	0.0530398	0.241814	-0.122769	0.00689168	-0.00791144	-0.000532395	0
3338.93758821	3033.032194701	0.0422125	0.202679	-0.156315	0.00751241	-0.00797405	-0.000639291	0
3327.192421641	3037.815203361	0.0529706	0.209097	-0.228032	0.00773547	-0.00813946	-0.000566973	0
3326.758101037	3027.369415729	0.0532282	0.208513	-0.197915	0.00822797	-0.00819346	-0.000733601	0
3325.360441775	3027.253663128	0.0488478	0.218145	-0.2318	0.00802953	-0.008046	-0.000367626	0
3331.235707707	3032.946517557	0.0487312	0.230067	-0.190801	0.00789178	-0.00819235	-0.000279982	0
3329.554224356	3026.194451012	0.0440811	0.246432	-0.19458	0.00662349	-0.00814694	-0.000262451	0
3329.974863458	3022.136286148	0.0420689	0.241586	-0.165463	0.00663237	-0.00848091	-0.000394966	0
3329.945890867	3021.797621334	0.035752	0.237109	-0.202313	0.00663067	-0.0083371	-0.000400892	0
3344.131998247	3031.186471464	0.0397655	0.260924	-0.118526	0.00640861	-0.00838994	-0.000483073	0
3344.861678323	3029.070827317	0.0384503	0.243721	-0.116493	0.0052745	-0.00804129	-0.000581474	0
3334.03263582	3023.415377658	0.0444335	0.198379	-0.0879416	0.00534497	-0.00809515	-0.000730963	0
3341.922838166	3021.430397472	0.0419596	0.197733	-0.183357	0.0060757	-0.00835798	-0.000894275	0
3333.495301558	3017.607781568	0.0396166	0.178276	-0.170697	0.00663488	-0.00846691	-0.00107258	0
3348.351265978	3015.300058869	0.0437001	0.170221	-0.183432	0.0073339	-0.00843361	-0.000978882	0
3349.322652578	3015.176218751	0.0423951	0.209038	-0.195256	0.0080422	-0.00857208	-0.000892319	0
3351.654677908	3019.473976334	0.0392032	0.28112	-0.148599	0.0069684	-0.00837111	-0.00100829	0
3361.472094101	3027.578932991	0.0367916	0.288969	-0.150086	0.00637705	-0.00838739	-0.000975844	0
3364.291556451	3030.410575211	0.0367247	0.284666	-0.125796	0.00624721	-0.00847396	-0.00108389	0
3367.172719691	3027.184919226	0.0407891	0.239618	-0.207124	0.00652969	-0.00868098	-0.00104159	0
3357.966678826	3023.402235442	0.0334605	0.201358	-0.220869	0.00762541	-0.00899195	-0.00123215	0
3358.941016339	3024.685623446	0.0330393	0.17145	-0.25168	0.00842	-0.00899811	-0.000997409	0
3364.078822517	3025.652334575	0.0425043	0.188503	-0.242385	0.00888635	-0.00874637	-0.00111299	0
3354.773255437	3028.62550836	0.0566402	0.262055	-0.228375	0.00797358	-0.00864286	-0.00101534	0
3372.370885434	3037.682770254	0.0454208	0.265681	-0.171961	0.00741602	-0.00854284	-0.00117899	0
3354.797130998	3035.551709276	0.0533452	0.274159	-0.170328	0.00669286	-0.00814327	-0.000950795	0
3346.424588661	3031.16372532	0.0514015	0.224187	-0.227098	0.00823832	-0.00877683	-0.00134206	0
3338.272023405	3027.154338299	0.0479235	0.233627	-0.287488	0.00925597	-0.00860929	-0.00126687	0
3332.83402899	3021.223154825	0.0442189	0.200534	-0.230342	0.00918307	-0.00859432	-0.00113311	0
3334.751585306	3027.789713927	0.0448586	0.214552	-0.214184	0.00963264	-0.00883503	-0.00120704	0
3345.909788637	3043.346054696	0.0630233	0.275754	-0.163499	0.00764545	-0.0085148	-0.00100536	0
3345.268367659	3032.084185956	0.0618195	0.126116	-0.0975058	0.0075563	-0.0086428	-0.00132907	0
3329.442894492	3023.76212999	0.0434417	0.179892	-0.161307	0.00795279	-0.00902976	-0.00115832	0
3333.842972653	3020.324934863	0.0565982	0.200679	-0.151235	0.00854341	-0.00909331	-0.00167699	0
3330.388795942	3025.099350535	0.0610515	0.147946	-0.164225	0.00889173	-0.00920713	-0.00137734	0
3326.220766776	3022.348583494	0.0614405	0.144012	-0.176209	0.00877575	-0.00915762	-0.00132004	0
3330.674766149	3019.772709028	0.0643008	0.1998	-0.155153	0.00858875	-0.0094055	-0.00153615	0
3330.70883577	3016.442168044	0.0538986	0.229391	-0.189227	0.00842344	-0.0091465	-0.00150331	0
3337.591972306	3019.527050671	0.0527432	0.219735	-0.183485	0.00862104	-0.00952053	-0.00156008	0
3342.47224434	3026.332444287	0.0495936	0.157876	-0.254914	0.0089252	-0.00969312	-0.0014968	0
3328.211559364	3021.561566904	0.0432682	0.191763	-0.231914	0.00938873	-0.00963096	-0.00138623	0
3325.671628866	3017.035084204	0.0429761	0.18321	-0.223314	0.0096227	-0.0097153	-0.00161481	0
3312.343968634	3011.826975382	0.0604059	0.173413	-0.248186	0.0102207	-0.00913076	-0.00144819	0
3320.073748669	3012.2662287	0.0601779	0.238182	-0.246055	0.0110344	-0.0094076	-0.0014827	0
3321.026088473	3013.378767887	0.0659246	0.297514	-0.199588	0.00840893	-0.00899732	-0.00116579	0
3330.929617645	3019.135564255	0.0563428	0.258343	-0.161402	0.00800205	-0.00914955	-0.00146973	0
3323.965196895	3018.579294662	0.0674527	0.217899	-0.246896	0.00885475	-0.00922109	-0.00132369	0
3321.335129447	3013.552396788	0.0532234	0.194964	-0.236979	0.00938401	-0.00918727	-0.00125054	0
3314.326981545	3011.762022503	0.0470229	0.163501	-0.218833	0.00904052	-0.00949091	-0.0011634	0
3317.671437979	3009.597095043	0.0645067	0.149248	-0.242584	0.00976693	-0.00930874	-0.00144895	0
3314.656142373	3011.706926287	0.0527135	0.182536	-0.222077	0.010502	-0.00944039	-0.00161841	0
3309.083479061	3015.056422391	0.0535371	0.236316	-0.262756	0.010178	-0.00956922	-0.00156995	0
3322.398262586	3022.273773953	0.0648024	0.280822	-0.17205	0.008667	-0.00937157	-0.00131101	0
3315.186770016	3020.588284666	0.0594867	0.280586	-0.134373	0.00800505	-0.00909413	-0.00149927	0
3325.564322973	3019.03901951	0.0581226	0.206341	-0.203618	0.008629	-0.00926738	-0.00142792	0
3326.557707281	3017.586804569	0.0558932	0.176019	-0.219942	0.0096122	-0.00963831	-0.00158412	0
3322.602143784	3023.279658998	0.0555976	0.169971	-0.231035	0.00949624	-0.00919378	-0.00143825	0
3323.059803419	3020.729058025	0.0570559	0.17481	-0.228917	0.0101257	-0.00978961	-0.00130642	0
3325.873095681	3016.984284482	0.0637027	0.197717	-0.226622	0.01046	-0.00944894	-0.00158272	0
3329.078322719	3025.55578983	0.0644416	0.240428	-0.211823	0.00898341	-0.00930055	-0.00134568	0
3332.438875037	3032.185027196	0.0635766	0.248743	-0.157374	0.00826343	-0.00928703	-0.00153387	0
3333.761151909	3026.376167431	0.0614344	0.239291	-0.194973	0.00814266	-0.00949655	-0.00146785	0
3333.062054013	3025.134986161	0.0566363	0.197412	-0.230135	0.00923065	-0.00966704	-0.00159306	0
3326.244105808	3023.957241361	0.0535095	0.183239	-0.270553	0.0100423	-0.00960859	-0.0015392	0
3315.905719502	3020.031004133	0.0600876	0.203349	-0.247128	0.0102964	-0.00974965	-0.00135255	0
3317.395125304	3022.312442398	0.0616296	0.203851	-0.23997	0.0107152	-0.00950975	-0.00156992	0
3313.695218097	3020.608503461	0.0659346	0.196211	-0.283361	0.0111959	-0.00942894	-0.00117956	0
3319.126774159	3019.938755881	0.0601442	0.25199	-0.217238	0.0108015	-0.00949952	-0.00151826	0
3326.964128353	3023.916298301	0.0683151	0.258812	-0.207216	0.00929384	-0.00940894	-0.00119155	0
3326.595264344	3024.830187829	0.064005	0.256264	-0.163651	0.00872668	-0.00953606	-0.00147318	0
3323.832137587	3018.81989832	0.0499179	0.217641	-0.250727	0.00936164	-0.0096918	-0.00152889	0
3315.266444642	3014.859794611	0.052066	0.179983	-0.241023	0.00987644	-0.00989817	-0.00172654	0
3314.537837625	3016.756570304	0.0536929	0.171025	-0.262323	0.00984506	-0.00969707	-0.00142554	0
3304.757441966	3011.465564423	0.0538846	0.175704	-0.233781	0.0101129	-0.00967742	-0.00130977	0
3307.973131328	3014.98363473	0.0445663	0.218273	-0.203225	0.0105453	-0.00984746	-0.00158387	0
3305.25185387	3022.730213247	0.0441	0.269512	-0.189889	0.00887078	-0.0095382	-0.00155414	0
3321.751208049	3021.044471225	0.0486311	0.263543	-0.168308	0.00840042	-0.00922066	-0.00158632	0
3317.022237324	3021.676308565	0.036877	0.244601	-0.233336	0.00865428	-0.00932241	-0.00150257	0
3318.621631666	3025.065484054	0.0312632	0.216559	-0.265335	0.00954333	-0.00937052	-0.00153088	0
3311.862433437	3014.979843706	0.0278354	0.205262	-0.227486	0.0100992	-0.00949439	-0.00169159	0
3315.478642046	3022.167372545	0.030681	0.193554	-0.265687	0.0101341	-0.00906643	-0.00163812	0
3327.659470542	3020.064112409	0.0353215	0.185549	-0.228928	0.0107263	-0.00940488	-0.00178223	0
3319.0610493	3022.514124877	0.0399105	0.210012	-0.256064	0.0118337	-0.00960577	-0.00179783	0
3328.027798022	3024.024216119	0.0431933	0.273563	-0.241985	0.0103735	-0.00914049	-0.00161879	0
3336.060985471	3025.853764319	0.0443121	0.292337	-0.177061	0.00957638	-0.00963526	-0.00168853	0
3336.304033319	3020.810438675	0.0471377	0.253975	-0.235354	0.0103567	-0.00958894	-0.00181689	0
3330.73378439	3024.545355556	0.0383219	0.211303	-0.274984	0.0107422	-0.00964179	-0.0016774	0
3331.476609437	3028.551962494	0.0393117	0.193641	-0.295055	0.0104952	-0.00935084	-0.00172607	0
3332.155855743	3020.248356178	0.0496036	0.177735	-0.259543	0.0112393	-0.00955853	-0.001716	0
3333.146020875	3027.551890353	0.0498823	0.166802	-0.268435	0.0115146	-0.00934316	-0.00170647	0
3326.051223464	3022.816648595	0.0523203	0.197238	-0.292217	0.0116915	-0.00925049	-0.00167076	0
3335.534918328	3024.894635237	0.0457804	0.260788	-0.225077	0.0106952	-0.00934098	-0.00176741	0
3333.988640403	3023.702484545	0.0517379	0.282571	-0.207151	0.00928134	-0.00916966	-0.00174056	0
3338.993655539	3030.313777731	0.0553303	0.234076	-0.252926	0.0106208	-0.00936612	-0.00189306	0
3332.8232984	3029.938719086	0.0382174	0.226283	-0.327632	0.0116346	-0.00928879	-0.00142966	0
3327.598574448	3022.32634282	0.0373734	0.212135	-0.301795	0.0111841	-0.00914411	-0.00179947	0
3324.334865698	3022.745124608	0.0396792	0.203427	-0.280214	0.0114289	-0.0093323	-0.00193121	0
3320.462732533	3023.249330805	0.0460973	0.170859	-0.326822	0.0122972	-0.00895889	-0.00164965	0
3324.125619206	3022.631141152	0.0405736	0.22544	-0.294839	0.012032	-0.00908805	-0.00162491	0
3331.963241664	3024.780651781	0.0488928	0.265814	-0.268165	0.0110922	-0.00947179	-0.00190844	0
3337.646161782	3029.500476708	0.0546418	0.257893	-0.194132	0.0103641	-0.00937585	-0.00192185	0
3322.279153044	3022.364505795	0.0483143	0.220538	-0.263392	0.0106126	-0.0095592	-0.00169016	0
3322.923524935	3024.438954148	0.0489664	0.216771	-0.296632	0.0110666	-0.00939468	-0.00165459	0
3320.996311088	3016.211673783	0.0510712	0.208815	-0.257987	0.0111474	-0.00982928	-0.0017422	0
3317.998184425	3022.027862861	0.0443339	0.194019	-0.317142	0.0116707	-0.00913764	-0.00129143	0
3315.437061013	3019.52907255	0.0541334	0.217635	-0.284432	0.0124667	-0.00937281	-0.00182002	0
3311.727764541	3017.70053529	0.0546217	0.234738	-0.322142	0.0122555	-0.00943037	-0.00176108	0
3328.025115374	3019.517194008	0.0587315	0.254864	-0.226105	0.0114115	-0.00936624	-0.00187333	0
3328.918705202	3028.631068528	0.0556649	0.237086	-0.210078	0.0109135	-0.00941238	-0.00169452	0
3318.533104304	3023.301141467	0.0592454	0.207634	-0.252509	0.0109778	-0.00920055	-0.00160431	0
3319.331191886	3021.306557354	0.0508752	0.197507	-0.251636	0.0107935	-0.00945344	-0.00142425	0
3311.084197445	3020.014323627	0.0623696	0.180722	-0.285047	0.0106126	-0.00909081	-0.00146345	0
3316.461295766	3021.651793276	0.0538697	0.182006	-0.264247	0.0114945	-0.00944954	-0.00144486	0
3314.386268051	3020.452313271	0.0553683	0.200125	-0.291906	0.0111708	-0.00948667	-0.00152791	0
3316.251512744	3017.213515068	0.0518831	0.217608	-0.253857	0.0110011	-0.00952824	-0.00160042	0
3315.462546162	3019.858133437	0.0527664	0.253861	-0.24139	0.0100115	-0.00937666	-0.00158096	0
3329.700160371	3029.351110361	0.0527774	0.258362	-0.165863	0.00915097	-0.00948577	-0.00158095	0
3325.569956532	3021.455670966	0.0559852	0.237549	-0.165003	0.00863874	-0.00942726	-0.00169017	0
3328.640782938	3017.872142311	0.0506301	0.198476	-0.201182	0.00910965	-0.00952208	-0.00159643	0
3325.258769441	3018.433466604	0.0462727	0.182889	-0.210278	0.00984279	-0.00981663	-0.00171358	0
3319.849747616	3012.121158847	0.0362479	0.169944	-0.264777	0.0101665	-0.00988885	-0.0017011	0
3325.872559152	3016.692375631	0.0483625	0.164275	-0.242223	0.010876	-0.00982225	-0.00172837	0
3326.096828469	3021.305799149	0.0589496	0.198899	-0.262522	0.0109738	-0.00960089	-0.00159102	0
3336.629974971	3016.241496505	0.0549176	0.251111	-0.224778	0.0107339	-0.00948983	-0.00151671	0
3353.754385978	3032.646015719	0.0595181	0.278173	-0.165524	0.0093941	-0.00955276	-0.00178798	0
3348.630261301	3029.228028447	0.0634822	0.24697	-0.181257	0.00888157	-0.00940519	-0.00178156	0
3355.055738201	3031.028512129	0.0549147	0.218608	-0.213051	0.00985723	-0.00955608	-0.00175622	0
3351.656287496	3033.235393589	0.0501844	0.20249	-0.305957	0.010517	-0.00967097	-0.00172027	0
3341.298854395	3028.151124885	0.0511861	0.181999	-0.276347	0.011023	-0.00977283	-0.00151574	0
3345.366820816	3032.73978038	0.0562543	0.190737	-0.311248	0.0109534	-0.00971048	-0.00148065	0
3340.111514684	3028.11296191	0.0534842	0.2005	-0.27449	0.0114409	-0.00994405	-0.00158365	0
3338.842354229	3036.010675919	0.0673856	0.208474	-0.283154	0.0107698	-0.00971512	-0.00155616	0
3353.177348536	3036.079167087	0.0609143	0.254304	-0.193325	0.00976661	-0.00966536	-0.00166245	0
3342.394984097	3038.992189957	0.0557043	0.26607	-0.202076	0.00862204	-0.00956421	-0.00173367	0
3337.216133414	3040.478018644	0.0500151	0.286186	-0.170397	0.00802887	-0.00925215	-0.00151903	0
3331.066164395	3035.77209414	0.0620486	0.263404	-0.163567	0.00765604	-0.00910542	-0.00145045	0
3330.082169352	3028.21026486	0.0581543	0.133452	-0.249877	0.00902357	-0.00949112	-0.00166629	0
3323.258051057	3028.891890982	0.053262	0.176142	-0.198327	0.00900757	-0.00965375	-0.00156548	0
3315.208767724	3022.471159938	0.0508294	0.171971	-0.251195	0.00934912	-0.00956042	-0.00149328	0
3317.213510079	3020.973452708	0.0560032	0.196989	-0.221714	0.0101933	-0.00958515	-0.00192492	0
3315.290856733	3021.136214007	0.0565841	0.216046	-0.227393	0.0106174	-0.0096882	-0.00196813	0
3327.987558312	3026.657461415	0.0601332	0.271061	-0.261756	0.0105236	-0.00961495	-0.00192606	0
3338.875350791	3026.645835608	0.045158	0.31887	-0.181373	0.0100237	-0.0101125	-0.00206997	0
3335.476704881	3021.647496782	0.0538185	0.294239	-0.199819	0.00932109	-0.0092685	-0.00176184	0
3340.1509496	3020.088627698	0.0577443	0.245692	-0.201389	0.0096629	-0.0093285	-0.00186211	0
3346.439343221	3022.228787135	0.0510282	0.185829	-0.270941	0.0105989	-0.00967473	-0.00195762	0
3341.953420345	3015.991288919	0.053843	0.171926	-0.297252	0.0111285	-0.00935202	-0.00179323	0
3343.604858046	3015.049345813	0.0482404	0.167643	-0.274607	0.0118333	-0.00983478	-0.00187706	0
3338.035682175	3016.198278831	0.0474697	0.17293	-0.31102	0.0109586	-0.00949627	-0.00187166	0
3343.752403649	3013.833943507	0.0429582	0.190533	-0.272832	0.0115527	-0.00958443	-0.00179981	0
3332.789765309	3018.016959429	0.0440313	0.241247	-0.314452	0.0112629	-0.00941468	-0.00161619	0
3344.147021072	3021.365950064	0.0375005	0.299633	-0.237824	0.0104237	-0.00959485	-0.00180688	0
3345.958881083	3029.342011903	0.0337821	0.298865	-0.244688	0.00967578	-0.00941749	-0.00170133	0
3346.791038287	3025.863873716	0.0354651	0.285183	-0.244586	0.0103363	-0.00926534	-0.001444	0
3334.436642508	3024.939116586	0.0350922	0.244474	-0.286416	0.0105437	-0.00946627	-0.00174409	0
3328.557352606	3023.179070493	0.0377843	0.184295	-0.312948	0.0113946	-0.00945876	-0.00147935	0
3316.286387159	3016.06458205	0.0333581	0.188656	-0.275335	0.0109906	-0.00968216	-0.00168459	0
3306.634222043	3018.441806856	0.0397709	0.16926	-0.304482	0.0117489	-0.00913255	-0.00171578	0
3303.053156113	3026.918283868	0.0355755	0.184348	-0.269124	0.0122638	-0.00930008	-0.0017628	0
3299.098665675	3017.673239917	0.0440872	0.235377	-0.312916	0.0122303	-0.00905641	-0.0017618	0
3296.284032089	3021.591895096	0.047403	0.283658	-0.238597	0.0116688	-0.00918751	-0.00173621	0
3297.450715416	3024.534993424	0.0455867	0.266976	-0.228035	0.0103605	-0.00940226	-0.00181125	0
3298.965069837	3022.155494003	0.0582015	0.234902	-0.225779	0.0106616	-0.00924838	-0.00193854	0
3295.622222991	3019.507337346	0.0534938	0.209697	-0.252766	0.0111614	-0.00956193	-0.00169032	0
3291.268286364	3014.599224892	0.0391484	0.163003	-0.278619	0.0119975	-0.00909743	-0.00161778	0
3297.543535014	3013.519793982	0.0555265	0.180181	-0.236153	0.0124318	-0.00961567	-0.00179325	0
3289.103389964	3017.315114513	0.0510591	0.184663	-0.273733	0.0122887	-0.00917774	-0.00160918	0
3293.710300235	3013.530914319	0.0469975	0.199481	-0.256223	0.0128348	-0.00936483	-0.00158553	0
3307.841949874	3018.454190868	0.0573585	0.235842	-0.223886	0.0117156	-0.00940626	-0.00149343	0
3314.632803341	3026.336993516	0.0677579	0.226982	-0.160534	0.0110841	-0.00943036	-0.00185424	0
3300.330805596	3017.985620297	0.0679268	0.216672	-0.212209	0.0109321	-0.00919382	-0.00141485	0
3302.676780692	3019.927382809	0.0646317	0.202304	-0.232709	0.0120482	-0.00956564	-0.00141939	0
3294.728096634	3013.987859083	0.0611772	0.191135	-0.272918	0.0119766	-0.00946949	-0.00161895	0
3300.397066986	3013.632766498	0.0596209	0.186937	-0.206062	0.0116833	-0.00954595	-0.00149158	0
3294.818770114	3012.792928306	0.0610596	0.193934	-0.258682	0.0111977	-0.00928503	-0.00170838	0
3300.143020283	3011.209291198	0.0537053	0.208905	-0.228128	0.0115511	-0.00951796	-0.00163495	0
3298.019704916	3013.09469382	0.0557179	0.210536	-0.244068	0.0111796	-0.0095717	-0.00173654	0
3315.988076776	3018.78198808	0.0605988	0.243259	-0.180422	0.00986258	-0.00941329	-0.00172619	0
3317.337180121	3022.211601159	0.055007	0.257238	-0.151776	0.00919986	-0.00950174	-0.00196311	0
3323.615379683	3013.178854553	0.0612802	0.217403	-0.189269	0.00936599	-0.00939945	-0.00192043	0
3317.734748456	3017.209724044	0.0582641	0.17964	-0.211702	0.00998164	-0.00972842	-0.00200479	0
3319.444131339	3018.962440824	0.051692	0.177284	-0.272764	0.0104213	-0.00970075	-0.00202078	0
3320.98906794	3020.734365459	0.0513968	0.178294	-0.252993	0.0111521	-0.0101811	-0.00209416	0
3322.16272615	3019.733787848	0.0547083	0.197394	-0.270428	0.0120428	-0.00991465	-0.00202139	0
3337.960836314	3025.083428235	0.0491758	0.256369	-0.238925	0.0109838	-0.00984484	-0.00202015	0
3343.91738646	3027.850875782	0.0538587	0.286374	-0.208056	0.0104951	-0.00960735	-0.0019285	0
3347.085861229	3028.794588032	0.0602337	0.255281	-0.23933	0.010622	-0.00915609	-0.00176849	0
3351.024524049	3033.647604269	0.0471054	0.228093	-0.277624	0.0114119	-0.00957926	-0.00208771	0
3344.981592659	3027.188962985	0.0537382	0.212626	-0.331101	0.0116901	-0.00938994	-0.0017504	0
3348.488617522	3032.039704608	0.0557637	0.191199	-0.296969	0.012284	-0.0095272	-0.00203101	0
3345.499880124	3030.681001593	0.0582611	0.203164	-0.343436	0.0120641	-0.00950642	-0.00177289	0
3346.228755405	3029.593988634	0.0596001	0.21693	-0.297772	0.0123742	-0.0094221	-0.00176253	0
3353.951560558	3031.849900671	0.0504334	0.261056	-0.275968	0.0112214	-0.00959148	-0.00164706	0
3353.189956979	3032.845170848	0.0573776	0.256651	-0.217205	0.0106216	-0.00953188	-0.00197201	0
3343.334178929	3029.11758328	0.0539672	0.226421	-0.293598	0.0115105	-0.00973096	-0.00196676	0
3333.601802657	3027.18668837	0.0645098	0.210487	-0.303421	0.0127778	-0.00964188	-0.00215402	0
3328.00955602	3022.658436525	0.0574594	0.195139	-0.335844	0.0132987	-0.00968553	-0.00201354	0
3319.98763569	3014.917923646	0.0522813	0.223579	-0.312221	0.0127644	-0.00955688	-0.00169677	0
3318.991300469	3022.909907787	0.0392544	0.232388	-0.38742	0.0139303	-0.0100719	-0.00175736	0
3320.347110433	3019.918284351	0.0555728	0.251156	-0.298453	0.0126606	-0.00950336	-0.00152669	0
3318.221917213	3026.188890844	0.0533402	0.253866	-0.277844	0.0106454	-0.00973474	-0.00151487	0
3332.425730065	3025.513583095	0.0580872	0.256887	-0.181117	0.00969109	-0.00974245	-0.0017922	0
3313.036091647	3021.063931815	0.0429809	0.231468	-0.210761	0.00916243	-0.00986289	-0.00196906	0
3321.349079213	3018.207521571	0.0531281	0.192523	-0.22914	0.010491	-0.00974944	-0.00190002	0
3307.60882782	3017.350244669	0.0508605	0.170479	-0.257727	0.0106629	-0.00989965	-0.00160416	0
3323.879620445	3011.533550121	0.052967	0.15574	-0.249433	0.0111422	-0.0101488	-0.0020691	0
3323.418473368	3008.97890539	0.0610696	0.176627	-0.209545	0.011489	-0.0102897	-0.00226715	0
3314.88094822	3006.898391398	0.0537291	0.200748	-0.26581	0.0119845	-0.00956194	-0.00204378	0
3331.713218932	3009.322119433	0.0564368	0.259173	-0.230314	0.0112846	-0.0099128	-0.00200533	0
3338.880716086	3015.037720006	0.0486787	0.275307	-0.207452	0.00967694	-0.00966947	-0.00203568	0
3339.026920366	3018.846435489	0.0520394	0.258218	-0.188418	0.00965961	-0.00966075	-0.00199753	0
3349.601379637	3022.106463426	0.0359583	0.200745	-0.259144	0.0104672	-0.0100271	-0.00207142	0
3344.395434216	3017.187230635	0.0441587	0.192086	-0.273897	0.0114754	-0.00976467	-0.00205973	0
3333.81051262	3017.701546229	0.0469862	0.194484	-0.278323	0.0121818	-0.00994788	-0.00177719	0
3340.592513351	3015.1997231	0.0627107	0.177636	-0.298705	0.0129226	-0.00949483	-0.0019842	0
3337.634089869	3021.009341069	0.0449015	0.20636	-0.284705	0.0124905	-0.00997975	-0.00209447	0
3347.882339224	3026.10624652	0.0469425	0.238626	-0.241188	0.0111118	-0.00990474	-0.0021336	0
3341.944835874	3025.152424872	0.0528042	0.262756	-0.215055	0.00994391	-0.00975763	-0.0021396	0
3340.950110241	3024.741983336	0.0519999	0.233226	-0.264126	0.0111029	-0.00970285	-0.00195153	0
3335.075649104	3022.432238758	0.048214	0.239507	-0.288086	0.0115628	-0.00981113	-0.00197723	0
3320.927635316	3022.457006782	0.0577077	0.200921	-0.312436	0.0115915	-0.00964409	-0.00190347	0
3315.095291742	3021.269658053	0.0558104	0.201422	-0.257856	0.0118991	-0.00994663	-0.00216893	0
3313.15305507	3021.009846539	0.051481	0.206094	-0.289822	0.0119202	-0.0100668	-0.00216992	0
3317.125787511	3027.064870131	0.0439709	0.240364	-0.249449	0.0118318	-0.010079	-0.00208194	0
3318.833560805	3030.330458237	0.0456711	0.259033	-0.225592	0.0108436	-0.0106196	-0.00193915	0
3326.013934666	3025.962440341	0.0460149	0.247061	-0.209324	0.00992702	-0.00998888	-0.00166523	0
3320.977264292	3022.038477728	0.0325467	0.219978	-0.244293	0.0116782	-0.0106873	-0.00218022	0
3317.610541885	3023.186905276	0.0510354	0.180606	-0.298977	0.0127623	-0.00956967	-0.00215377	0
3328.539110604	3018.040211043	0.0525996	0.163153	-0.233587	0.0139066	-0.0103259	-0.00230683	0
3316.656860757	3020.753320579	0.0535229	0.177259	-0.262707	0.0127341	-0.00976563	-0.00190484	0
3319.120067541	3015.378153965	0.04401	0.217369	-0.251586	0.0138765	-0.0102983	-0.00208594	0
3317.843932203	3018.711222298	0.0471121	0.266002	-0.242724	0.0125831	-0.0101667	-0.00240165	0
3329.237940235	3019.126718532	0.0529461	0.279152	-0.198576	0.0113001	-0.00979612	-0.00214347	0
3330.853162196	3021.887089501	0.0426458	0.291285	-0.185186	0.00994095	-0.00989014	-0.00200574	0
3331.512020382	3022.160295967	0.0592488	0.213654	-0.209035	0.00963587	-0.00976065	-0.00162231	0
3334.479833131	3014.306305102	0.0412609	0.15505	-0.241379	0.0110552	-0.00983738	-0.00206552	0
3326.007764577	3008.669810563	0.0477549	0.145026	-0.269714	0.0118394	-0.0101078	-0.00190008	0
3325.712405106	3004.676345843	0.0628916	0.15569	-0.259268	0.0125954	-0.0106455	-0.0018336	0
3318.955621259	3007.291646959	0.0586944	0.144175	-0.208482	0.0145722	-0.0106439	-0.00232091	0
3319.266003556	3009.936265327	0.0531862	0.215559	-0.249646	0.013116	-0.010841	-0.00261691	0
3325.051669067	3010.182934624	0.0531584	0.276844	-0.266776	0.0140074	-0.0107616	-0.00285624	0
3320.256168688	3012.337499952	0.0519684	0.273568	-0.269932	0.013919	-0.0105286	-0.00247972	0
3325.715624282	3011.04754084	0.0577594	0.266171	-0.289473	0.0143373	-0.0101395	-0.00245364	0
3326.71517868	3014.015912661	0.0632343	0.244364	-0.265453	0.0154642	-0.0103317	-0.00248695	0
3333.018863391	3011.608106927	0.0513035	0.198486	-0.337231	0.0163056	-0.0100446	-0.00222774	0
3340.038010147	3016.233156252	0.0511044	0.228968	-0.306323	0.0163557	-0.0102587	-0.00222436	0
3335.196636499	3019.932942978	0.0564494	0.248383	-0.293656	0.0156939	-0.0105711	-0.0022023	0
3340.473672074	3020.449785921	0.0612396	0.229651	-0.292722	0.0133307	-0.010084	-0.00187693	0
3343.447118382	3018.618215842	0.0492931	0.1693	-0.337761	0.0145214	-0.010347	-0.00224797	0
3332.866757287	3018.363206291	0.0616594	0.186601	-0.38084	0.0146875	-0.0106802	-0.00218477	0
3322.778661978	3012.854090161	0.0564604	0.202564	-0.338028	0.0159067	-0.0104781	-0.00224816	0
3317.121495275	3015.06248803	0.0509819	0.218628	-0.319706	0.0167687	-0.0105619	-0.00238449	0
3307.571002493	3013.969914902	0.0530416	0.237464	-0.361262	0.0169684	-0.0103752	-0.00222173	0
3310.158684113	3015.452710771	0.0539862	0.302962	-0.314954	0.0168914	-0.0106732	-0.00249894	0
3311.076686032	3020.999989877	0.0623126	0.32306	-0.274919	0.0149558	-0.0105982	-0.00225894	0
3316.366866579	3020.343889983	0.0626065	0.286983	-0.264398	0.0149167	-0.0104147	-0.00225169	0
3318.406483349	3018.490079229	0.0542932	0.236247	-0.290044	0.0158706	-0.0108599	-0.00228948	0
3323.293998532	3014.706384505	0.055441	0.171512	-0.321886	0.015949	-0.0104768	-0.00213804	0
3312.655960519	3016.500802549	0.0542861	0.148177	-0.292059	0.0164839	-0.0106222	-0.00235403	0
3314.606513397	3011.022267346	0.0542587	0.163505	-0.310471	0.0169796	-0.010491	-0.00232061	0
3306.759501673	3004.962189055	0.0516129	0.195621	-0.280451	0.0178111	-0.0106397	-0.00198708	0
3305.873154993	3010.724545592	0.0551009	0.247177	-0.25253	0.0172312	-0.0104221	-0.00199775	0
3315.979492304	3018.572470818	0.0581492	0.289687	-0.240396	0.0155534	-0.0103282	-0.0019798	0
3318.39119226	3013.502860741	0.0570076	0.267705	-0.214334	0.0155862	-0.0106588	-0.002445	0
3319.85108894	3014.581027977	0.0472774	0.234305	-0.320861	0.0161995	-0.010475	-0.0023121	0
3304.845432799	3007.214562803	0.053593	0.190665	-0.297844	0.0171159	-0.01072	-0.00238239	0
3304.463423818	3007.086426191	0.0522476	0.181989	-0.301565	0.0171588	-0.0107356	-0.00245727	0
3302.703338901	3006.51903626	0.0516908	0.206792	-0.300965	0.0170864	-0.0106809	-0.0023175	0
3304.95998184	3006.199073831	0.0536876	0.227254	-0.274592	0.0169243	-0.0109341	-0.00237832	0
3312.046194779	3017.656306676	0.0702519	0.255332	-0.291905	0.0157264	-0.0104554	-0.00216145	0
3327.320920448	3013.451050079	0.0610183	0.252001	-0.225167	0.0161646	-0.0103315	-0.00268218	0
3318.0386924	3013.759892171	0.0659305	0.210287	-0.299941	0.0165362	-0.0102306	-0.0025053	0
3310.04628119	3004.497662243	0.066873	0.228745	-0.336016	0.0173371	-0.0103569	-0.00230183	0
3314.151536409	3005.899077462	0.0582782	0.194862	-0.299406	0.0180777	-0.0105446	-0.00251952	0
3315.525588375	3008.815891356	0.0551306	0.169889	-0.327539	0.0171689	-0.0102996	-0.00212837	0
3322.316978372	3007.278504742	0.0574183	0.208679	-0.299207	0.0176368	-0.0104805	-0.00227893	0
3328.739772625	3016.397181226	0.062532	0.239396	-0.307387	0.0166849	-0.0105974	-0.00217509	0
3335.70446164	3017.36515603	0.0636732	0.277253	-0.255844	0.0158648	-0.0103473	-0.00240324	0
