4712.468229064	3941.083441099	-0.0240376	0.219146	-0.0536689	-0.00125012	-0.00065149	0.000768341	1
4598.951963133	3932.45263442	-0.0169546	0.193855	-0.0422193	-0.00144569	-0.000562463	0.000906639	1
4524.864966674	3921.759377621	-0.0224036	0.189629	-0.0544197	-0.00143269	-0.000708002	0.000906639	1
4471.890452636	3922.789953976	-0.0150215	0.228584	-0.0326675	-0.00169726	-0.000408602	0.000906639	1
4445.717748767	3927.172606423	-0.0191369	0.209611	-0.0218279	-0.00223083	-0.000521411	0.000906639	1
4415.740897689	3926.433947416	-0.016381	0.238121	0.0167917	-0.00320095	-0.000408602	0.000818199	1
4378.32211681	3920.220648846	-0.0229205	0.227495	-0.0150763	-0.00284255	-0.000408602	0.000906639	0
4369.881571636	3914.976083401	-0.0236911	0.209625	-0.0158253	-0.0027717	-0.000408602	0.000906639	0
4346.771430799	3918.266748732	-0.0258298	0.205661	-0.0980073	-0.00236334	-0.000408602	0.000906639	0
4354.687221771	3917.301475369	-0.0309184	0.173693	-0.0693271	-0.00176739	-0.000265938	0.000979946	0
4336.784421734	3914.97262364	-0.066652	0.199784	-0.0732963	-0.00167885	-0.000408602	0.000267	0
4361.597982283	3918.336376426	-0.0453681	0.197919	-0.121639	-0.00184359	-0.000408602	0.000462613	0
4361.669831269	3929.630334256	-0.0316755	0.219223	-0.0979864	-0.00196602	-0.000408602	0.00082103	0
4369.555685163	3925.309092569	-0.031539	0.195705	-0.169152	-0.00219617	-0.000408602	0.000997677	0
4391.03511062	3930.349099636	-0.0285995	0.161814	-0.143828	-0.0018374	-0.000246347	0.000999881	0
4366.010279838	3935.335047935	-0.0274238	0.14442	-0.102478	-0.00165603	-0.000405942	0.00103734	0
4379.718039968	3934.115914597	-0.0286758	0.154472	-0.130062	-0.00204445	-0.00054263	0.00111598	0
4376.84493587	3930.128107392	0.0895879	0.24201	-0.141777	0.0017224	0.0134607	0.00242962	0
4406.02118396	3965.616607471	0.0712905	0.112664	-0.124979	0.000135678	0.00443883	0.00130634	0
4369.836666019	3947.65958212	0.00556792	0.10635	-0.188337	0.00191924	-0.00393241	0.00172038	0
4326.038293917	3916.575357996	0.0460926	-0.061583	-0.225491	0.00197347	-0.00595999	0.00105869	0
4300.274444993	3921.169055874	-0.0386721	-0.225871	-0.179236	0.00241757	-0.0140071	-0.00645139	0
4235.38711246	3882.606990477	-0.331208	-0.230319	-0.0624475	0.00182245	-0.0279262	-0.0232723	0
4257.180449558	3888.685358361	-0.254003	-0.087402	0.0279415	0.00313111	-0.0325871	-0.0264652	0
4225.660983642	3883.030811218	-0.294739	-0.0780596	0.0546633	0.00960351	-0.0362461	-0.0354647	0
4219.34041123	3880.748233794	-0.257697	-0.234443	0.0937804	0.0144029	-0.0341255	-0.0415135	0
4288.820519129	3915.231240786	0.0918663	0.177082	0.04578	0.00188362	-0.00367878	-0.00745027	0
4318.853822982	3930.648801447	0.126599	-0.345025	0.144689	-0.00110814	0.00555353	0.00163911	0
4288.787588344	3947.702829135	0.186077	-0.231055	0.348511	-0.00516735	0.0092162	0.00405932	0
4280.776426397	3913.413568768	0.21426	0.765589	0.13823	-0.00532	0.00308438	0.00182201	0
4281.625356381	3916.943822559	0.217323	0.760512	0.0175694	-0.00330531	0.000208625	0.000747933	0
4323.621516415	3930.646206626	0.120867	0.10093	-0.0690328	-0.00252059	-0.00123062	0.000377841	0
4299.404559055	3935.399918457	0.100337	-0.0172602	0.00691388	-0.0030149	-0.00110055	-0.000193482	0
4290.394781735	3929.947334872	0.104099	-0.0467612	-0.0369381	-0.00304471	-0.000906652	-0.000242423	0
4307.614588732	3930.336558002	0.0638796	0.000375074	-0.0342175	-0.00183575	0.000527267	-0.000865422	0
4300.582796892	3923.144579495	0.0819897	0.0386508	-0.0334124	-0.00191989	-0.000312843	0.000360451	0
4300.589639652	3930.714536909	0.0673611	0.160412	0.00477116	-0.00238625	0.000102845	0.000379961	0
4303.886994906	3923.154958778	0.0570463	0.279438	0.046349	-0.00295946	0.000657863	0.00042439	0
4277.764328724	3947.632768971	0.104463	0.436736	0.0795813	-0.00350835	0.00145837	0.00021908	0
4368.256415998	3966.382944567	0.290772	0.554607	0.37169	-0.00380999	0.00155003	-0.00402192	0
4267.580590293	3923.206855196	0.807508	1.51711	1.89546	-0.00221195	-0.002393	-0.0116202	0
4233.596019879	3930.128107392	0.588759	0.920182	0.821508	-0.00544067	-0.00356928	-0.00615596	0
4248.790797416	3908.082941764	0.158412	0.528118	0.270754	-0.00327551	-0.00543824	0.000412022	0
4230.312350146	3913.543742281	0.0767073	0.4117	0.090997	-0.000403882	-0.00785915	0.000735245	0
4224.604632478	3907.518135755	0.0875744	0.443709	0.0322624	-0.00142431	-0.00533248	0.000205343	0
4260.508597235	3942.362687787	0.125297	0.457351	0.0472168	-0.00452395	-0.00422363	0.000777864	0
4267.297471074	3928.482990962	0.0834403	0.377872	0.0621279	-0.00377535	-0.00548283	0.000468157	0
4278.623522849	3952.691372254	0.0615687	0.380669	0.262682	-0.00402507	-0.00742376	0.000696767	0
4274.107300868	3939.460813116	0.0681074	0.453804	0.213098	-0.00283276	-0.00681526	0.000814278	0
4261.475992512	3935.780924654	0.0735073	0.500406	0.15144	-0.00228507	-0.00647161	0.000531366	0
4281.43803581	3925.861356944	0.0697921	0.505997	0.181659	-0.00255493	-0.00591207	0.000588776	0
4277.954643003	3930.77897496	0.0564463	0.465665	0.177283	-0.00273393	-0.00541812	0.000661854	0
4262.112369245	3943.021339818	0.0728932	0.446748	0.163006	-0.00240232	-0.00484353	0.000625086	0
4278.6538876	3938.03841881	0.0554841	0.447194	0.177564	-0.0027082	-0.00534508	0.000767487	0
4262.956594832	3937.157477125	0.0632561	0.488032	0.146745	-0.00189981	-0.00500491	0.000632615	0
4292.989471012	3938.746372437	-0.0202057	0.474197	0.10757	-0.00178002	-0.0053091	-0.000686397	0
4296.404436213	3938.920657905	-0.00716461	0.400013	0.107391	-0.00162752	-0.00671154	0.000136796	0
4290.949045342	3936.852585673	-0.00258683	0.404299	0.121702	-0.00276241	-0.00635322	6.94149e-05	0
4267.241445972	3940.450304807	0.00906812	0.413315	0.189178	-0.00295967	-0.00637582	0.000484706	0
4260.768194464	3943.808867951	0.0278301	0.374317	0.168924	-0.00250495	-0.00604382	0.000579664	0
4273.856257089	3927.620645493	0.0286357	0.474759	0.185214	-0.00248375	-0.00594247	0.000579664	0
4270.969039797	3931.989891366	0.037964	0.521612	0.186946	-0.00335867	-0.00554096	0.000579664	0
4274.934419552	3936.510501789	0.0373161	0.487127	0.183092	-0.00316295	-0.00528271	0.000579664	0
4296.468159421	3925.49073003	0.0233002	0.402128	0.17817	-0.00265268	-0.00579096	0.000655516	0
4290.884039117	3929.130831239	0.0243987	0.404225	0.173489	-0.00195889	-0.00580741	0.000579664	0
4299.048307832	3940.365973129	-0.0316045	0.397268	0.157005	-0.00231142	-0.00527341	-0.000179512	0
4310.708799531	3938.78659216	-0.00737802	0.425725	0.168981	-0.00251953	-0.00527341	-2.84124e-05	0
4299.333137741	3933.950278532	0.0351064	0.45734	0.179761	-0.00230026	-0.00590722	0.000420724	0
4321.853518151	3929.687852785	0.0401057	0.434425	0.203896	-0.00304449	-0.00561985	0.000534567	0
4318.197345639	3939.806356762	0.0262387	0.410801	0.188127	-0.00216415	-0.0060632	0.000668061	0
4311.833150628	3938.777942758	-0.00357084	0.422556	0.137151	-0.00199749	-0.00551415	0.000530564	0
4327.10790293	3936.344865723	-0.0384308	0.395108	0.142108	-0.00213789	-0.00589692	-0.000217442	0
4307.806186028	3942.52140433	0.0273338	0.483978	0.175203	-0.0028901	-0.00554999	0.000514247	0
4316.233901026	3936.63418825	0.0263514	0.495985	0.197104	-0.00316178	-0.00579999	0.00063556	0
4309.368473802	3939.77132668	0.0213746	0.466582	0.205234	-0.00393137	-0.00606016	0.000672682	0
4309.934284568	3937.900893304	0.0197931	0.421073	0.166974	-0.0027956	-0.00638847	0.000597666	0
4334.713631314	3941.220101665	-0.00238031	0.419346	0.188256	-0.00212961	-0.00645488	0.000545407	0
4316.185574029	3941.016840697	-0.0220226	0.398367	0.178531	-0.00242752	-0.00635975	0.000203787	0
4304.381812031	3936.015755943	0.0117534	0.39899	0.184943	-0.00253171	-0.00609297	0.00074543	0
4320.821971994	3939.896310552	0.0164773	0.446677	0.210824	-0.00326998	-0.00637921	0.000687652	0
4325.091854595	3942.018009082	0.0172858	0.449544	0.231537	-0.00402952	-0.00677171	0.000418508	0
4329.142341185	3941.74166066	0.0111399	0.394015	0.23848	-0.0035985	-0.00674413	0.000542946	0
4298.432031707	3931.599803295	0.0103839	0.405805	0.223516	-0.00309866	-0.00652379	0.000829401	0
4305.400955684	3932.744551768	0.0112493	0.374716	0.192767	-0.00231893	-0.00597082	0.000779053	0
4304.944629088	3928.528832797	0.0136055	0.447125	0.194924	-0.00278034	-0.0061929	0.000835833	0
4300.412583222	3927.295427944	0.0151198	0.478519	0.207727	-0.00375575	-0.00607177	0.00066563	0
4318.476615805	3931.342916029	0.0191559	0.491981	0.23328	-0.00369333	-0.0064429	0.000607051	0
4309.619945254	3930.594310208	-0.0547364	0.404762	0.146164	-0.00300196	-0.0064429	-0.000209834	0
4320.808286473	3926.762192256	0.00264386	0.41578	0.190255	-0.00263647	-0.00649157	0.000541698	0
4315.171562446	3935.508468463	0.00954534	0.423493	0.208456	-0.00267997	-0.00697206	0.000833672	0
4311.036824366	3931.281505268	0.0161308	0.425952	0.189818	-0.0031057	-0.00656723	0.000713513	0
4332.366136763	3940.839095467	0.0126172	0.455919	0.246717	-0.00351447	-0.00761702	0.000657188	0
4325.005892415	3945.080762647	0.0317337	0.472122	0.270904	-0.00408889	-0.00766091	0.000800115	0
4336.584698659	3928.801288988	0.0186034	0.379995	0.246574	-0.0027663	-0.00773357	0.000470201	0
4337.097905703	3939.634233644	0.0192623	0.463529	0.228312	-0.00235523	-0.00785104	0.000933394	0
4360.666083826	3938.356284366	0.000674809	0.436729	0.224689	-0.00172152	-0.0091225	0.000888549	0
4331.122465027	3946.913571121	0.0146089	0.416357	0.22096	-0.00137364	-0.00897793	0.00109496	0
4348.869164588	3934.832517627	0.00174518	0.448124	0.214993	-0.00105911	-0.00946613	0.00115423	0
4315.310983693	3948.779679795	0.0172176	0.411215	0.234221	-0.00147953	-0.00879427	0.000973233	0
4338.344143473	3942.144290364	0.0194628	0.41363	0.287712	-0.00225122	-0.00947935	0.000684516	0
4317.213271133	3950.118174893	0.0326028	0.454941	0.293633	-0.00348244	-0.00881402	0.000643483	0
4332.371696506	3944.066187688	0.0229975	0.392687	0.293422	-0.00318597	-0.00880756	0.000470201	0
4321.740184929	3941.897349912	0.0253908	0.415765	0.25515	-0.00298329	-0.00796286	0.000879031	0
4314.258481581	3940.629347447	0.0150475	0.450004	0.228322	-0.00287852	-0.00764962	0.000877938	0
4309.967643026	3933.668307997	0.016466	0.475794	0.236638	-0.00300106	-0.00768546	0.000897756	0
4311.215591486	3942.764885022	0.0130361	0.493663	0.255808	-0.0035786	-0.00785213	0.000851708	0
4314.357701609	3941.514181363	0.0149922	0.478191	0.270128	-0.00377086	-0.00775171	0.000871089	0
4327.727172763	3945.106710856	-0.0296303	0.42892	0.245988	-0.00329438	-0.00702428	0.000407329	0
4329.661963316	3944.93977738	-0.0600137	0.401243	0.186804	-0.00278801	-0.0070003	-0.000141666	0
4343.959911546	3939.990156573	-0.00680127	0.386663	0.217254	-0.00234615	-0.00718416	0.000590532	0
4329.065787801	3937.767692499	0.00106531	0.425451	0.16527	-0.00267946	-0.00767053	0.00084772	0
4359.664474747	3949.171497746	0.00675152	0.447368	0.148357	-0.00153487	-0.0073871	0.000898104	0
4351.109741005	3946.497967311	0.00502618	0.471251	0.153281	-0.00234623	-0.00829814	0.000706611	0
4356.04294371	3943.389371911	-0.00148976	0.395197	0.174636	-0.00237014	-0.00739912	0.000706612	0
4324.650068865	3948.507223604	0.0100656	0.386946	0.217826	-0.00218688	-0.00764958	0.000872466	0
4337.093628977	3939.328044782	0.00231025	0.376276	0.222278	-0.00222063	-0.00729344	0.000706612	0
4322.39965598	3949.616509525	0.00316971	0.450782	0.244502	-0.00275776	-0.007269	0.000706612	0
4319.500891529	3947.745643679	0.00736466	0.469017	0.252842	-0.00334565	-0.00724773	0.000706612	0
4319.83832516	3939.239820872	0.00802329	0.471532	0.259053	-0.00338721	-0.00755282	0.000851725	0
4315.000921104	3944.924208455	-0.00267744	0.401527	0.198188	-0.00229513	-0.00700325	0.000706612	0
4315.974731469	3942.925331446	-0.00177492	0.416756	0.189994	-0.00176013	-0.00714068	0.000706612	0
4307.74930558	3940.27774922	-0.0572611	0.421762	0.146846	-0.00238939	-0.00698633	-0.000265903	0
4324.014975149	3942.978957744	-0.0465375	0.448027	0.172624	-0.00188939	-0.00744505	-5.68763e-05	0
4309.198687806	3935.993267495	-0.0250248	0.456226	0.179818	-0.00217006	-0.0071158	0.000379813	0
4309.757228138	3935.644264089	-0.0165146	0.390299	0.151735	-0.00195597	-0.00706338	0.00104426	0
4315.839159275	3936.39459979	0.00306446	0.378606	0.206087	-0.00314083	-0.00778227	0.00104426	0
4303.603448015	3938.992447949	-0.000560656	0.356831	0.185474	-0.00339031	-0.00752038	0.000710194	0
4309.165329348	3940.066271319	0.0113259	0.464899	0.206139	-0.00357243	-0.00706676	0.000749835	0
4308.807367435	3931.238690724	0.0100853	0.495908	0.229527	-0.00476212	-0.00748284	0.000783436	0
4306.91791017	3942.059093746	0.0160967	0.444114	0.218189	-0.00463863	-0.00732215	0.00107533	0
4320.231783894	3934.597253868	0.00468282	0.402505	0.2118	-0.00328347	-0.00760112	0.00101747	0
4306.373055359	3936.242370299	0.0132306	0.42148	0.179088	-0.00288693	-0.00737223	0.000821197	0
4309.321002151	3945.064328782	0.0150057	0.430295	0.184511	-0.00266126	-0.00697398	0.000977022	0
4300.71238167	3949.622131637	0.00916304	0.469269	0.193979	-0.00319285	-0.00777471	0.00105474	0
4335.298687343	3946.735825891	0.0113275	0.463759	0.24226	-0.0038084	-0.00785783	0.000916918	0
4294.868664136	3951.24259727	0.0218674	0.455022	0.248615	-0.00366226	-0.00730297	0.000745193	0
4308.468223114	3962.456548123	0.0224567	0.448707	0.253897	-0.00174134	-0.00805324	0.000532321	0
4293.093823111	3955.431503092	0.0260623	0.418601	0.275188	-0.00183874	-0.0077119	0.000532321	0
4291.349346836	3957.793655022	0.0264017	0.438731	0.283437	-0.00155027	-0.00766391	0.000369104	0
4285.307616917	3956.430941596	0.0417277	0.476826	0.327476	-0.00188603	-0.00830869	0.000532321	0
4276.676329792	3959.028357286	0.0436174	0.49741	0.358436	-0.00229446	-0.00806307	0.000414554	0
4293.385495781	3961.044965571	0.0448276	0.500198	0.365024	-0.00240135	-0.00850304	0.000128152	0
4262.836418849	3953.641076692	0.050295	0.520401	0.327268	-0.00167267	-0.00849347	0.000128152	0
4280.7280994	3943.3257988	0.0306063	0.517707	0.334604	-0.000995201	-0.00908261	0.000556105	0
4263.711436858	3943.191733055	0.0427803	0.515514	0.324708	-0.00116176	-0.00863239	0.000355013	0
4276.619021672	3940.01134761	0.0298139	0.488898	0.314014	-0.000954361	-0.00904224	0.000128152	0
4275.285538705	3944.532822974	0.044249	0.544706	0.31384	-0.00177071	-0.00889599	0.000515871	0
4284.668246476	3938.010740721	0.025124	0.476404	0.328162	-0.00158799	-0.00928125	0.000465289	0
4281.496626948	3946.875946218	0.0380884	0.510642	0.332087	-0.00159669	-0.00919621	0.00065143	0
4281.541532564	3944.586016802	0.0287104	0.456976	0.297883	-0.000919859	-0.0090075	0.00067277	0
4287.574281359	3945.101953684	0.0431341	0.4907	0.293581	-0.00122831	-0.00858973	0.000661187	0
4280.641709548	3937.865863222	0.0188175	0.475923	0.291274	-0.0013818	-0.00881934	0.000613822	0
4297.174246779	3935.682321461	0.036524	0.477148	0.292704	-0.00147639	-0.00858973	0.000826692	0
4295.250575711	3932.859588827	0.022778	0.491697	0.307663	-0.00195074	-0.00870409	0.000568827	0
4298.73097481	3936.032189808	0.0339848	0.474435	0.299413	-0.00235805	-0.00894028	0.000792144	0
4293.08184828	3930.082698027	0.0238145	0.475808	0.298171	-0.00357253	-0.00886461	0.000635189	0
4297.188787645	3936.619916735	0.0302798	0.43266	0.268495	-0.00300022	-0.00880088	0.000718314	0
4297.038674585	3930.073616154	0.016183	0.457455	0.246469	-0.00322875	-0.00892912	0.00084176	0
4306.162212799	3932.921432057	0.0164922	0.431344	0.267516	-0.00312224	-0.00868765	0.000904508	0
4292.313748405	3934.609363032	0.0224472	0.484866	0.276298	-0.00334248	-0.00899699	0.000791595	0
4323.779327581	3938.968229621	0.0240476	0.460208	0.228333	-0.00231756	-0.00846614	0.000862161	0
4339.382960064	3951.265085717	0.0210269	0.466404	0.233935	-0.00302331	-0.00840067	0.000859412	0
4339.235840711	3947.734399455	0.0193363	0.426192	0.21867	-0.00314861	-0.0083328	0.000936761	0
4356.539043852	3944.950589134	0.0166379	0.389754	0.251212	-0.00292783	-0.0080787	0.000943624	0
4335.96756719	3953.564961947	0.0231956	0.423035	0.212535	-0.00306333	-0.00848678	0.000891056	0
4364.490759317	3951.859732166	0.0291698	0.482475	0.191065	-0.00234565	-0.0080127	0.00109417	0
4350.432735381	3955.434097912	0.0275522	0.516795	0.165625	-0.00339651	-0.0077264	0.000643348	0
4381.42488106	3958.20579907	0.0171798	0.419351	0.193035	-0.00322791	-0.00816525	0.000892057	0
4344.040313983	3949.546881832	0.0192405	0.453149	0.171521	-0.00261839	-0.0081184	0.001072	0
4346.478475111	3957.863715186	0.0118277	0.417928	0.179003	-0.00265637	-0.0080973	0.000643347	0
4328.495272638	3955.966468661	0.0161439	0.476012	0.159615	-0.00167677	-0.00837095	0.000988001	0
4333.927569192	3956.008850735	-0.00732493	0.498744	0.133438	-0.00177451	-0.0084506	0.000643347	0
4343.327811537	3962.163333365	-0.0561157	0.482615	0.145583	-0.00171495	-0.007651	-0.000199302	0
4333.404098008	3956.782972294	-0.0350351	0.364212	0.169677	-0.00166847	-0.00816101	0.000243053	0
4331.190037288	3950.148880273	-0.0652772	0.34691	0.158661	-0.00102904	-0.00775564	1.50676e-05	0
4329.227020347	3950.484909576	-0.0119914	0.393411	0.175473	-0.0013518	-0.00826498	0.000699391	0
4302.214367617	3947.500000637	-0.00900094	0.409779	0.181768	-0.00150672	-0.00754528	0.000861456	0
4334.286814123	3955.603193739	-0.00744683	0.424748	0.261381	-0.00253509	-0.00870757	0.000468562	0
4303.461888405	3939.808951583	-0.00141719	0.441083	0.25584	-0.00289736	-0.00870314	0.000707792	0
4333.867695037	3942.752343388	-0.00466981	0.396762	0.224079	-0.0017537	-0.00813272	0.000861456	0
4292.746125339	3934.464485534	-0.00975509	0.434729	0.224548	-0.00151213	-0.00811788	0.000684276	0
4312.721426486	3938.627010677	-0.0192721	0.413682	0.21997	-0.00153406	-0.00824017	0.00044446	0
4284.416775024	3926.453841043	-0.00892329	0.453063	0.230921	-0.00198026	-0.00791875	0.000564629	0
4286.032521866	3932.786933842	0.00256928	0.461652	0.251391	-0.00204954	-0.00847895	0.000591678	0
4292.746553012	3936.253182052	0.00323729	0.462162	0.275978	-0.00232113	-0.00898771	0.00050881	0
4302.354644209	3931.926750724	-0.00109711	0.448181	0.242591	-0.00182319	-0.00896116	0.00052876	0
4293.385495781	3928.071711854	-0.00664701	0.423088	0.241754	-0.00138009	-0.00883828	0.00044446	0
4288.393274266	3928.075171615	-0.00253998	0.423588	0.2256	-0.00158199	-0.00904359	0.000650419	0
4292.611836163	3927.664324978	-0.0103844	0.412268	0.222621	-0.00146529	-0.00923168	0.000794572	0
4287.334357066	3925.037501318	-0.00815434	0.432054	0.198386	-0.00168987	-0.00888676	0.00044446	0
4312.419917348	3922.655455761	-0.0020235	0.454981	0.240859	-0.00142616	-0.00886929	0.000752824	0
4285.765226531	3922.549933046	0.00489125	0.457299	0.255489	-0.00186654	-0.00914666	0.000620067	0
4322.090021063	3928.175937159	0.00382343	0.459004	0.267056	-0.00240236	-0.00914686	0.000599677	0
4286.177075183	3922.280071676	0.00935565	0.442682	0.238123	-0.00196608	-0.00881576	0.000730424	0
4319.503457565	3925.525760112	0.00523141	0.416729	0.230853	-0.00203	-0.00890734	0.000815161	0
4295.107305411	3922.595342411	0.00694443	0.396512	0.212694	-0.00191008	-0.00866121	0.000808606	0
4325.39122537	3921.690614868	0.00946249	0.425013	0.241051	-0.00288964	-0.00859045	0.000653111	0
4301.623751845	3927.556639912	0.00787988	0.471187	0.243079	-0.0038413	-0.00838055	0.000767425	0
4314.031387464	3938.772320646	0.00598852	0.453628	0.250426	-0.00356178	-0.00892086	0.000662931	0
4306.752400899	3934.148782328	0.00418542	0.402552	0.186294	-0.00295472	-0.00884398	0.00089078	0
4322.928259234	3928.214859472	0.00815956	0.398696	0.22924	-0.00261891	-0.0084297	0.000865747	0
4307.152702393	3937.4692881	0.00378754	0.422608	0.209691	-0.00287991	-0.00908808	0.000853579	0
4322.055807261	3944.333021767	0.00986253	0.496058	0.24136	-0.00272238	-0.00871713	0.00115479	0
4327.922191439	3947.696774553	0.0042841	0.513823	0.196253	-0.00303551	-0.00875867	0.00079945	0
4357.985860042	3949.557693586	0.006695	0.443839	0.229836	-0.00245705	-0.00875304	0.000935652	0
4325.135049521	3946.478506155	0.00411625	0.399222	0.225304	-0.00243953	-0.00882712	0.000980542	0
4368.499333999	3959.906271679	-0.0034576	0.386862	0.215603	-0.00163515	-0.00916697	0.000951478	0
4330.299623068	3946.603490027	0.0110249	0.425485	0.216413	-0.00210896	-0.0088848	0.000950051	0
4355.637937818	3962.018455866	0.0068668	0.440943	0.1937	-0.00177038	-0.00880843	0.000966662	0
4321.484436752	3957.475356996	0.00763565	0.505387	0.195548	-0.00205281	-0.00882023	0.000916747	0
4351.542545612	3955.72471785	-0.044714	0.368314	0.121879	-0.000617918	-0.00812166	0.000393959	0
4319.974325027	3949.261451536	-0.0353454	0.402594	0.136694	-0.00142173	-0.00807219	0.00044446	0
4317.277849686	3944.474871974	-0.00950609	0.373333	0.160921	-0.00142737	-0.00857666	0.000882939	0
4307.18606085	3949.927023089	0.00253787	0.516448	0.193782	-0.00260215	-0.00840363	0.000947358	0
4328.154417626	3945.459174024	-0.00333599	0.521868	0.130074	-0.00144768	-0.00829899	0.000704525	0
4318.840137461	3943.767350818	-0.0028722	0.443715	0.160379	-0.00144768	-0.00872807	0.000841134	0
4318.904716014	3944.383620774	-0.00135757	0.427578	0.164156	-0.00174179	-0.00834994	0.000968155	0
4309.99544174	3938.040581161	-0.015845	0.385686	0.169964	-0.00144768	-0.00865887	0.000855848	0
4314.196469063	3932.568968889	-0.0029915	0.439093	0.186022	-0.00186371	-0.00830228	0.000999323	0
4305.764905013	3940.181740847	-0.00680418	0.48945	0.14693	-0.00191555	-0.00884911	0.000784674	0
4334.785907972	3935.212226414	-0.0082224	0.472491	0.173522	-0.00177466	-0.00817588	0.00062837	0
4324.826697622	3930.481435501	0.000272709	0.471521	0.187958	-0.00138256	-0.00816008	0.00044446	0
4320.900236068	3945.731197745	0.00578833	0.353166	0.162578	-0.000927189	-0.00684423	7.53927e-05	0
4335.921378556	3938.002523788	0.0102654	0.336243	0.202382	-0.000529017	-0.00762425	0.000297901	0
4303.020530348	3928.637815274	0.00562886	0.384256	0.151741	-0.000102937	-0.00693616	0.000479987	0
4307.68344401	3931.078676771	0.00287767	0.472712	0.135239	-0.000868537	-0.00750636	0.000712599	0
4316.901497855	3932.297810109	0.0134686	0.425565	0.149217	-0.00091726	-0.00729015	0.000754611	0
4294.987984774	3937.345169168	-0.0356577	0.448136	0.134224	-0.00110765	-0.00661091	-4.40854e-05	0
4332.378966939	3937.644006038	-0.0446778	0.426708	0.151791	-0.00126841	-0.0069665	-0.000235909	0
4316.275812934	3949.505364698	-0.00196126	0.440381	0.171871	-0.00068156	-0.00700892	0.000612192	0
4304.600780369	3939.048669068	0.00587922	0.473779	0.160569	-0.00127675	-0.00729445	0.000716939	0
4288.848317844	3946.323249373	0.00801705	0.440218	0.179367	-0.0016156	-0.00688778	0.000838422	0
4283.644826097	3932.543885621	0.00989538	0.394761	0.174678	-0.00180696	-0.00727612	0.000838422	0
4262.250935147	3942.356200735	0.0177428	0.39764	0.156413	-0.00202943	-0.00599304	0.000838422	0
4268.952991462	3935.728595767	0.0128919	0.419313	0.180551	-0.00158459	-0.00664605	0.000838422	0
4240.50335901	3932.137796155	0.0129598	0.425886	0.156043	-0.00120793	-0.00673073	0.000605447	0
4274.981891204	3920.926872593	0.00620297	0.453614	0.154984	-0.0015001	-0.00696275	0.000600712	0
4274.90704851	3935.217416056	-0.00275125	0.492923	0.121567	-0.00144651	-0.00655427	0.000416279	0
4286.788219238	3937.060171343	-0.0800809	0.460994	0.0585782	-0.00112709	-0.00687676	-0.000118526	0
4294.7057209	3938.124047899	-0.0200698	0.511949	0.123528	-0.00225354	-0.00710061	0.000528038	0
4276.968430135	3937.288515579	0.000726034	0.405495	0.12058	-0.0019875	-0.00722769	0.000758178	0
4292.406981018	3933.19691554	-0.00621639	0.396246	0.129622	-0.00120076	-0.00753966	0.000815543	0
4284.322687067	3925.629985417	-0.00140579	0.40733	0.15139	-0.00168679	-0.00713285	0.000604198	0
4277.695473446	3939.632071293	0.000521601	0.404453	0.133486	-0.00157931	-0.00720209	0.000611418	0
4303.63124673	3935.713891782	0.00160819	0.404116	0.160433	-0.00144179	-0.00700885	0.000490519	0
4284.614359736	3948.049237721	0.00636853	0.423796	0.193414	-0.00168607	-0.00703959	0.000627342	0
4308.633732385	3948.769732982	0.00989242	0.430505	0.224466	-0.00208164	-0.00710462	0.000623556	0
4287.945928793	3947.954959229	0.00549554	0.449909	0.23914	-0.00253926	-0.00735143	0.000490519	0
4286.163817335	3943.120807951	-0.00113975	0.388958	0.226674	-0.001616	-0.00736246	0.000490519	0
4269.442676515	3944.941939731	-0.000922246	0.462028	0.217429	-0.0020031	-0.00703596	0.000490519	0
4285.456019287	3942.506700346	-0.00495671	0.403031	0.222135	-0.00107661	-0.00759622	0.000934923	0
4264.071537134	3936.557641034	-0.00935836	0.45411	0.216465	-0.00143003	-0.00811493	0.000490519	0
4260.048849258	3926.792897636	-0.003691	0.454777	0.23519	-0.00172879	-0.00839515	0.00064622	0
4257.22449983	3940.462413971	-0.000672371	0.455733	0.246534	-0.00209216	-0.0082457	0.000571855	0
4279.825282676	3935.245094145	0.000998569	0.454541	0.236941	-0.00164631	-0.00850437	0.000769158	0
4245.07988282	3929.70385418	-0.00718987	0.454712	0.226314	-0.00171565	-0.00811013	0.000859358	0
4259.736648307	3935.788709117	-0.00382667	0.440545	0.227617	-0.00156145	-0.0088251	0.000490519	0
4244.098374349	3927.237909415	-0.0040198	0.456248	0.229504	-0.00182157	-0.00832371	0.000490519	0
4265.008139988	3925.690963707	-0.0154249	0.434197	0.233708	-0.00166312	-0.00866943	0.000644898	0
4258.683718523	3926.000179861	-0.0048329	0.458244	0.251583	-0.00211138	-0.00823223	0.0006829	0
4285.679692024	3917.186005841	-0.00431654	0.415747	0.25907	-0.00232183	-0.00880968	0.000490519	0
4279.569106827	3928.780097951	0.00648585	0.471556	0.283395	-0.00306367	-0.00853464	0.000573839	0
4305.029735923	3919.040437821	-0.000670277	0.376583	0.257963	-0.00269505	-0.00872504	0.000567581	0
4292.548540627	3918.466117469	0.00334462	0.419911	0.237381	-0.00252922	-0.00822467	0.000594758	0
4307.826286637	3915.471694187	-0.0052635	0.384028	0.235712	-0.00232636	-0.00832801	0.000710447	0
4297.700283998	3919.456906571	0.00740066	0.470283	0.244521	-0.00255341	-0.00793067	0.00049052	0
4320.508488025	3926.205603179	0.00458858	0.432652	0.257361	-0.00260089	-0.00877551	0.000639004	0
4305.158893029	3927.37154269	0.0128463	0.473461	0.261795	-0.0031704	-0.00834836	0.000601901	0
4326.622066929	3930.648368976	0.00449128	0.398715	0.238301	-0.00246149	-0.00861402	0.000744294	0
4296.796611929	3929.19397188	0.00367051	0.42202	0.233817	-0.00229744	-0.00827656	0.00049052	0
4314.45392793	3941.412550879	0.00488913	0.422313	0.222224	-0.00198702	-0.00798786	0.00078708	0
4318.487307619	3934.754240531	0.0135738	0.486876	0.229866	-0.00226385	-0.00794249	0.000682723	0
4308.220600715	3939.137757918	0.00415096	0.460532	0.242713	-0.00256915	-0.00827094	0.00049052	0
4309.416373126	3948.483005276	0.0234334	0.494312	0.272508	-0.00275807	-0.00877277	0.000620327	0
4310.571516647	3956.17318939	0.008943	0.443686	0.217542	-0.00197538	-0.00894752	0.00049052	0
4331.644653194	3957.795817373	-0.00506074	0.38743	0.232003	-0.00103321	-0.00926258	-0.000184904	0
4306.266564898	3947.183864961	0.000829641	0.36263	0.223342	-0.00103517	-0.00853081	-0.000130686	0
4286.606030737	3934.746456068	-0.00756664	0.398961	0.218217	-0.0021435	-0.00889484	0.000405151	0
4331.442791757	3941.500774789	-0.056124	0.484426	0.112552	-0.00214166	-0.00809172	-0.00011145	0
4324.280987466	3955.230836944	0.0490364	0.58209	0.234907	-0.00228857	-0.00781082	0.000272145	0
4363.620445706	3954.348597849	0.0436967	0.451464	0.276348	-0.00286872	-0.00810905	0.000554616	0
4320.505494317	3946.76350398	0.0426824	0.460705	0.247017	-0.00297798	-0.0078988	0.000985745	0
4342.584516669	3957.378051213	0.0539943	0.375431	0.160499	-0.00317494	-0.00635908	0.00224926	0
4391.488871181	3984.432950999	0.0839381	0.359267	0.207326	-0.00353043	-0.00655332	0.00224926	0
4409.901884553	4007.667841996	0.0709104	0.342364	0.288875	-0.00364172	-0.00809833	0.00179519	0
4398.381241774	3995.472616384	0.0712365	0.385926	0.332552	-0.00430548	-0.00647655	0.00153593	0
4371.766324503	3964.813942882	0.0615799	0.466855	0.307535	-0.00319106	-0.00664753	0.00202091	0
4348.458171281	3963.04470752	0.0728262	0.498425	0.297972	-0.00273126	-0.00606351	0.00256104	0
4338.428822635	3954.832099471	0.0610864	0.468755	0.276101	-0.00263624	-0.00647655	0.0026749	0
4348.961969529	3951.831189137	0.055236	0.488023	0.25227	-0.0021004	-0.00576689	0.00244721	0
4343.753773383	3957.194683872	0.0387613	0.447995	0.211711	-0.00136283	-0.00542731	0.00276242	0
4351.822671123	3951.557435535	0.0220702	0.412404	0.241195	-0.00158927	-0.0070926	0.00287904	0
4327.538996847	3942.969875871	0.0490773	0.462508	0.191858	-0.002142	-0.00589129	0.00285342	0
4331.989357258	3939.161111306	0.0252633	0.529537	0.14659	-0.00477325	-0.00409122	0.00120342	0
4305.990288439	3939.972857767	0.0568593	0.453339	0.177918	-0.00362242	-0.00574918	0.00123783	0
4327.500506319	3951.152643479	0.0928584	0.370869	0.251256	-0.00282247	-0.0070087	0.00136524	0
4304.02427779	3948.776652504	0.0900767	0.368943	0.281346	-0.00322897	-0.00657638	0.00136524	0
4287.370281559	3937.594271971	0.0748918	0.389001	0.276315	-0.00305936	-0.00553783	0.00136524	0
4299.929740929	3943.424401993	0.076527	0.465101	0.275783	-0.00349672	-0.00554246	0.00172296	0
4281.118564426	3934.51378713	0.0611152	0.543521	0.247865	-0.00393694	-0.00560813	0.00136524	0
4313.072545638	3926.986644261	0.0583785	0.571492	0.271138	-0.00318774	-0.00576656	0.00142486	0
4299.837791334	3926.192629075	0.0641962	0.568411	0.276058	-0.00364048	-0.00569341	0.0014469	0
4302.63134834	3931.996378418	0.0534689	0.51115	0.238065	-0.00318429	-0.00559113	0.00156903	0
4308.399367835	3924.831213059	0.0579967	0.504822	0.26188	-0.00309994	-0.00534431	0.00136524	0
4301.45268283	3932.880779864	0.050184	0.472252	0.20537	-0.00258181	-0.00576353	0.00142209	0
4314.404317916	3930.870226161	0.0486614	0.486347	0.228782	-0.00181563	-0.00557206	0.00131129	0
4290.551309883	3925.477323456	0.0624471	0.529423	0.245468	-0.00312408	-0.00553182	0.00115769	0
4301.042972541	3937.391011003	0.0589723	0.428021	0.258769	-0.00325363	-0.00563667	0.00125017	0
4300.670469762	3934.798784956	0.0540377	0.421812	0.252536	-0.00303273	-0.00553182	0.00136524	0
4290.747183905	3932.264077437	0.0625011	0.448504	0.247946	-0.00311461	-0.00516646	0.00126753	0
4297.974422094	3928.909838995	0.0648578	0.502296	0.268438	-0.00253094	-0.00542432	0.00136524	0
4289.224242004	3936.179662128	0.0680623	0.55008	0.220918	-0.00153697	-0.00483073	0.00136524	0
4295.590575377	3937.333492474	0.0620455	0.569634	0.0909037	0.00112692	-0.00419685	0.000903625	0
4299.125288889	3936.032622279	0.0573585	0.511119	0.143421	-4.92061e-05	-0.00423364	0.000939368	0
4293.590350925	3936.946431695	0.0617508	0.446666	0.180629	-0.00113297	-0.00489579	0.00108594	0
4306.58560861	3940.477550426	0.0573266	0.417077	0.21804	-0.00192415	-0.00532882	0.00112008	0
4301.564733035	3943.307202584	0.0679271	0.429804	0.260275	-0.00262942	-0.00489579	0.00123906	0
4300.983098386	3953.30461492	0.0581584	0.481194	0.2394	-0.00246171	-0.00545359	0.0010213	0
4320.834374497	3939.369561916	0.0611151	0.505742	0.285643	-0.00319002	-0.0060806	0.000848448	0
4308.607644361	3942.742396574	0.0507415	0.495203	0.211478	-0.00269087	-0.00613315	0.00130861	0
4323.752811884	3947.250032893	0.0486977	0.480473	0.158875	-0.00150546	-0.00583829	0.00178635	0
4308.909581171	3933.533809782	0.0478107	0.473275	0.213297	-0.00180642	-0.00548137	0.00140351	0
4302.698492928	3943.256171106	0.0528499	0.458501	0.246275	-0.00235676	-0.00567874	0.00140351	0
4308.468223114	3932.956462139	0.0512819	0.523312	0.272222	-0.00287478	-0.00603893	0.00121082	0
4294.264362842	3934.873169821	0.0585643	0.511682	0.235585	-0.00330221	-0.00537167	0.00122243	0
4317.045195827	3938.39823397	0.0534837	0.523784	0.211051	-0.00303651	-0.00527008	0.00115703	0
4312.369451989	3931.379243521	0.0587002	0.481324	0.220967	-0.00324737	-0.00538526	0.00129771	0
4305.683647231	3929.440912332	0.0515771	0.456294	0.223699	-0.00282936	-0.00552132	0.00124574	0
4313.725601601	3929.210405745	0.0542859	0.460818	0.249509	-0.0025882	-0.00592599	0.00129698	0
4298.727981102	3935.58977285	0.064941	0.466636	0.249115	-0.0025443	-0.00536764	0.0013435	0
4319.600966903	3938.850597742	0.0526072	0.454535	0.279212	-0.00226156	-0.00580898	0.00133674	0
4304.361283749	3935.954345182	0.0701185	0.519603	0.292396	-0.00321151	-0.00579042	0.00111869	0
4318.11651553	3930.740485117	0.0633145	0.489262	0.314446	-0.00396616	-0.00594626	0.00140351	0
4301.172557319	3921.820788382	0.0631355	0.511581	0.286241	-0.00354392	-0.00522983	0.00140351	0
4305.275219959	3933.1091241	0.0603526	0.463816	0.26105	-0.00310906	-0.00553818	0.00131039	0
4309.359065007	3925.775727856	0.0721019	0.465584	0.274018	-0.00298599	-0.0053999	0.00103987	0
4291.971182703	3927.648756052	0.0671614	0.494017	0.263266	-0.00301192	-0.00557329	0.00140351	0
4309.030612499	3927.515555248	0.0735035	0.505078	0.286874	-0.00334037	-0.00554109	0.00124978	0
4310.254611297	3932.117037588	0.073736	0.505382	0.292047	-0.00397259	-0.00528566	0.00104015	0
4328.682593209	3936.494932863	0.0737469	0.538792	0.331085	-0.00347322	-0.00576009	0.000875245	0
4306.663872684	3931.88393618	0.0774411	0.500527	0.316169	-0.00316237	-0.00530039	0.000930011	0
4326.131098858	3945.994139593	0.078488	0.556534	0.316343	-0.00229037	-0.00531202	0.000674235	0
4340.192116502	3947.399235093	0.0838518	0.50789	0.334919	-0.00218482	-0.00571161	0.000930011	0
4316.28180035	3952.165921029	0.0739778	0.489977	0.311116	-0.0023188	-0.00537881	0.000826367	0
4349.724937333	3960.378961548	0.0672788	0.458471	0.372588	-0.0027277	-0.006191	0.000476109	0
4318.691307418	3953.785521721	0.0750406	0.514028	0.36628	-0.00367681	-0.00580169	0.000476109	0
4346.898877214	3957.365077109	0.077405	0.520036	0.36893	-0.00315388	-0.00605354	0.000621402	0
4310.692547974	3940.866341087	0.0835447	0.538309	0.340442	-0.00247379	-0.0055115	0.000476109	0
4327.54968866	3950.759095648	0.0812684	0.542702	0.325446	-0.00194573	-0.00587381	0.000815332	0
4305.400955684	3956.756591615	0.0823397	0.567974	0.339806	-0.00188809	-0.00568385	0.000737904	0
4318.060490428	3950.742661782	0.105144	0.597802	0.369384	-0.00192174	-0.00607332	0.000405097	0
4324.993917584	3962.872151932	0.114375	0.58282	0.396633	-0.00247338	-0.00632997	0.000476109	0
4323.20581871	3961.188545659	0.1081	0.571232	0.394844	-0.00281288	-0.0063091	0.000476109	0
4331.521483504	3959.121338367	0.108532	0.537985	0.378329	-0.00232374	-0.00626056	0.000476109	0
4314.646380571	3954.848965807	0.105737	0.511006	0.357417	-0.00212855	-0.00611889	0.000532907	0
4337.279666531	3946.886325501	0.099158	0.500915	0.360822	-0.00172471	-0.00631597	0.000476109	0
4325.138043229	3946.052090592	0.110971	0.533977	0.352517	-0.00274996	-0.00578326	0.000476109	0
4328.064178721	3947.846841693	0.0977922	0.544873	0.348816	-0.00271977	-0.00548722	0.000476109	0
4336.775868283	3945.681031208	0.105174	0.560541	0.306082	-0.00281637	-0.00479377	0.000476109	0
4355.891547632	3954.659976353	0.0790639	0.566945	0.254	-0.00294885	-0.00487303	0.000476109	0
4370.518803715	3944.707108442	0.0755637	0.54561	0.1951	-0.00257895	-0.00521188	0.000819492	0
4336.457679916	3942.335442168	0.0831945	0.536291	0.175122	-0.00241423	-0.00508237	0.00104564	0
4341.924190274	3935.966021876	0.0748581	0.51068	0.156405	-0.00259274	-0.00454818	0.00111149	0
4351.275677949	3935.935316496	0.0787057	0.528603	0.188323	-0.00302407	-0.00469916	0.00111636	0
4369.231937053	3947.157051812	0.0870028	0.526202	0.247209	-0.00397813	-0.00514566	0.000760736	0
4386.883693311	3956.59268543	0.0878272	0.519519	0.353085	-0.00488227	-0.00586507	0.000847708	0
4392.59825374	3962.449196131	0.115935	0.445542	0.465213	-0.00575014	-0.00691897	0.000985081	0
4393.081951378	3954.128038075	0.104123	0.434815	0.632157	-0.00650735	-0.00745931	0.00105506	0
4357.057382966	3950.802775132	0.103657	0.459664	0.575856	-0.00612066	-0.00712337	0.000989533	0
4338.265879399	3949.654134428	0.0951088	0.509026	0.520535	-0.00562068	-0.00694355	0.000989534	0
4345.177922929	3954.475744072	0.090623	0.534679	0.465509	-0.00526732	-0.00686233	0.0012583	0
4338.707237456	3972.556455884	0.0891957	0.599444	0.318426	-0.00470402	-0.0056929	0.00132597	0
4343.330377572	3962.261936558	0.0869615	0.493334	0.271109	-0.00426501	-0.0057218	0.00145718	0
4314.303387197	3954.73911839	0.0801552	0.526203	0.224363	-0.00367569	-0.00556502	0.00138089	0
4338.98950133	3943.302012942	0.0218738	0.545623	0.172664	-0.00304761	-0.00467252	0.000896236	0
4319.801545322	3942.439235003	0.0180313	0.547499	0.177823	-0.00293286	-0.00512323	0.000411605	0
4341.003838976	3951.595060438	0.0618255	0.471286	0.104178	-0.00122191	-0.00524751	0.0011847	0
4343.258100914	3949.30123879	0.075188	0.442437	0.179575	-0.00190616	-0.0055138	0.001371	0
4358.101331627	3967.423900206	0.0830917	0.330124	0.124839	-0.00130033	-0.00395983	0.00298946	0
4353.313965257	3961.354181724	0.0806628	0.392214	0.0962032	-0.000240375	-0.00422384	0.0032161	0
4344.583458103	3945.318188757	0.0823364	0.517107	0.14346	-0.00331695	-0.00480689	0.00244635	0
4311.393930934	3921.864467866	0.0705649	0.545924	0.116053	-0.00271874	-0.00571762	0.00236402	0
4309.249580837	3904.802223246	0.0754623	0.577896	0.138301	-0.00102496	-0.00578951	0.00156364	0
4302.059550159	3910.837776586	0.0308527	0.498603	0.14214	-0.001365	-0.00547482	0.000498452	0
4305.710162928	3917.997319832	0.0521829	0.449676	0.0928654	-0.00179648	-0.00484666	0.00149944	0
4344.955105537	3949.944754365	0.0760295	0.389006	0.0912062	-0.000149036	-0.00458096	0.00233692	0
4373.435530411	3962.197498506	0.057926	0.310016	0.0714938	-0.000571266	-0.00479709	0.00159944	0
4361.137806634	3955.538755688	0.0652018	0.334839	0.0831917	-0.00116165	-0.00524275	0.00159944	0
4324.933615756	3903.503947871	0.0969963	0.474191	0.100687	-0.00015741	-0.00670747	0.00175397	0
4320.422098172	3922.365700764	0.112617	0.534119	0.205092	-0.00257846	-0.00554532	0.00159944	0
4334.76195831	3945.891211698	0.087659	0.388202	0.245328	-0.00339312	-0.00533521	0.00159944	0
4316.406253058	3924.164344096	0.0752614	0.462355	0.292317	-0.00319592	-0.00575857	0.00159944	0
4326.889362264	3937.010437276	0.0862935	0.47806	0.294325	-0.00381126	-0.00536612	0.00147523	0
4315.129222865	3932.699574873	0.0865557	0.511186	0.291101	-0.00419839	-0.00495021	0.00135229	0
4337.349804827	3930.122917751	0.0783697	0.529314	0.257283	-0.00322129	-0.00533798	0.00125555	0
4319.874249654	3925.862221885	0.0768359	0.526887	0.235213	-0.00352541	-0.00502198	0.00125825	0
4318.318376967	3927.124169767	0.0752426	0.454968	0.21536	-0.0023868	-0.00460233	0.00137899	0
4323.038171076	3935.640371857	0.0261106	0.463665	0.225832	-0.00258016	-0.00460067	0.000553585	0
4309.591718866	3922.479007942	0.0123056	0.463447	0.201454	-0.00245097	-0.00431523	0.000287398	0
4325.082873472	3926.287772507	0.0249348	0.526205	0.255386	-0.00319545	-0.00483505	0.000323143	0
4301.26878364	3932.983707758	0.0652919	0.54405	0.301745	-0.00331539	-0.00522779	0.000834104	0
4305.719144051	3933.085770712	0.0708897	0.494194	0.294262	-0.00292737	-0.00548615	0.00121763	0
4311.183943718	3928.733823646	0.070494	0.517387	0.287337	-0.00297521	-0.00536721	0.00121763	0
4281.819947385	3930.247036682	0.0664065	0.508744	0.285236	-0.00228045	-0.00522779	0.00133082	0
4280.542489519	3928.440176417	0.0772267	0.51031	0.293321	-0.0029108	-0.00560336	0.00121762	0
4270.745794733	3914.857586581	0.0595067	0.534343	0.288962	-0.00241006	-0.00522779	0.00140117	0
4265.976818282	3924.876622425	0.0700257	0.545465	0.30896	-0.00280976	-0.00545022	0.00121762	0
4264.574480036	3923.454660589	0.0703519	0.532987	0.335506	-0.00294381	-0.00550227	0.00112896	0
4276.884178645	3924.347278967	0.0737025	0.530401	0.359458	-0.00373961	-0.00542266	0.00121762	0
4264.990177741	3920.115558601	0.0698692	0.488848	0.315629	-0.00288726	-0.00560603	0.00133303	0
4276.382946432	3914.679408882	0.0725596	0.487042	0.315816	-0.00320319	-0.00517383	0.00133033	0
4267.638753758	3915.477316299	0.0686204	0.488117	0.302378	-0.00337241	-0.00522258	0.00121762	0
4301.304708133	3926.429622714	0.0888884	0.502218	0.342407	-0.00438193	-0.00488509	0.00104997	0
4293.425269326	3923.423955208	0.0725757	0.53176	0.26258	-0.00362069	-0.00513734	0.00115571	0
4298.161742665	3917.157462811	0.074003	0.529567	0.251706	-0.00331609	-0.00516305	0.00106083	0
4316.343812867	3916.162349008	0.0604775	0.477962	0.210652	-0.00356474	-0.00494762	0.00121762	0
4310.146410146	3932.629082239	0.0237674	0.463407	0.187066	-0.00316556	-0.00450937	0.000638189	0
4326.984305567	3931.805659084	0.0528562	0.490127	0.18388	-0.00279303	-0.00485	0.00099623	0
4350.530244719	3941.586403878	0.0689684	0.537794	0.134722	-0.00206707	-0.00467571	0.00124754	0
4370.467055338	3939.377778848	0.062373	0.52606	0.161591	-0.00276426	-0.0052753	0.00114117	0
4360.30256217	3949.442656527	0.0787931	0.456936	0.214137	-0.00317361	-0.00543977	0.00142941	0
4364.731538955	3947.320957997	0.0632134	0.404341	0.215108	-0.00227782	-0.00516326	0.00125478	0
4358.159922764	3946.900164546	0.0635257	0.464088	0.199707	-0.00202706	-0.0050245	0.000788657	0
4369.302075349	3949.190093963	0.0143908	0.471369	0.176414	-0.00169203	-0.00421265	9.72711e-05	0
4364.441576976	3947.371557004	0.0691202	0.506062	0.226919	-0.0021926	-0.00494024	0.00102861	0
4350.718848307	3955.350631175	0.0789752	0.481084	0.220642	-0.00167845	-0.00499656	0.00102861	0
4349.634270756	3952.538277823	0.0646662	0.453407	0.241855	-0.00190336	-0.00571742	0.00134938	0
4332.520098876	3962.739383598	0.0817307	0.450607	0.258088	-0.00210931	-0.0048943	0.00141375	0
4331.469735127	3942.043524821	0.0655147	0.490634	0.271048	-0.00228699	-0.00530723	0.00121958	0
4302.680958354	3954.415198251	0.0861021	0.519371	0.26087	-0.00228642	-0.00477076	0.0012826	0
4329.563170961	3944.906477179	0.0795077	0.519423	0.31227	-0.00289329	-0.00510567	0.00102861	0
4313.903513376	3949.679217696	0.0850004	0.466643	0.348177	-0.00266929	-0.00512568	0.000695105	0
4316.031611916	3943.062424482	0.0694043	0.457302	0.317944	-0.00224295	-0.00512677	0.00102861	0
4292.177748538	3925.932282048	0.0757935	0.518832	0.284764	-0.00229324	-0.00513776	0.00102861	0
4273.812206818	3929.038282628	0.0475126	0.441123	0.264811	-0.00220254	-0.0049401	0.00102861	0
4297.273039134	3928.104579585	0.00572019	0.441948	0.24797	-0.00213502	-0.00475284	0.000183339	0
4280.256804265	3932.498043786	0.0532461	0.475743	0.268334	-0.00269446	-0.00465138	0.000883773	0
4320.180035517	3933.187401196	0.0319354	0.535639	0.311144	-0.00300008	-0.0051284	0.000322004	0
4294.016312771	3931.749870435	0.060718	0.507692	0.311806	-0.00310601	-0.00515792	0.000647292	0
4297.90642216	3932.741956947	0.067286	0.45455	0.280606	-0.00268862	-0.00523796	0.00126072	0
4304.503698703	3924.180777962	0.0750175	0.446008	0.297505	-0.00284554	-0.00549011	0.0012011	0
4280.073332747	3918.130953107	0.0758877	0.447832	0.278838	-0.0025652	-0.00513051	0.00130599	0
4312.196244612	3925.188865869	0.0685773	0.48801	0.286178	-0.00253532	-0.0053229	0.0012011	0
4289.320040652	3921.975612694	0.0813447	0.500545	0.255063	-0.00240303	-0.00520377	0.0012011	0
4326.011350548	3917.407863025	0.074878	0.53095	0.258815	-0.00259126	-0.00474058	0.0012011	0
4304.144453773	3920.368553636	0.0404638	0.511987	0.202399	-0.00244116	-0.00435489	0.000482126	0
4297.208460581	3927.967486549	0.0128144	0.460675	0.157662	-0.00252271	-0.00355623	0.000482126	0
4297.175102124	3923.072789451	0.0564888	0.496353	0.229294	-0.00260018	-0.0049374	0.00113873	0
4279.303094509	3930.27125501	0.069956	0.510105	0.237041	-0.00317535	-0.00428553	0.00113559	0
4306.914916462	3939.577580055	0.0646986	0.526152	0.312266	-0.00392703	-0.00536688	0.0010855	0
4301.038695815	3952.55817145	0.0717045	0.501077	0.357724	-0.00452026	-0.00539787	0.000984618	0
4296.322750759	3932.534371278	0.0681906	0.484138	0.303164	-0.0036601	-0.0047327	0.00117112	0
4302.131399145	3926.333614342	0.0575518	0.485256	0.310054	-0.0034216	-0.00525337	0.00128448	0
4297.421869177	3932.113145357	0.0586629	0.483381	0.314306	-0.00338902	-0.00500475	0.00124559	0
4298.616786243	3930.45073012	0.0658651	0.487327	0.304039	-0.0031418	-0.00480681	0.00140769	0
4290.088568199	3924.524159257	0.0683239	0.543523	0.318719	-0.00339896	-0.00493963	0.00140769	0
4299.375904995	3933.062849795	0.0703103	0.52465	0.338449	-0.00326953	-0.00529345	0.0014077	0
4293.99920587	3935.17027681	0.0707872	0.540841	0.333359	-0.00339352	-0.00519411	0.00094382	0
4298.692484282	3931.252097299	0.0740954	0.50274	0.318433	-0.00288239	-0.00558858	0.00114485	0
4278.440051331	3933.5857062	0.0502871	0.470493	0.282563	-0.00285836	-0.00488775	0.000755615	0
4277.988001461	3930.905256242	0.0294905	0.463934	0.302526	-0.00245666	-0.00499713	0.000737864	0
4264.38801481	3930.574849052	0.0745256	0.512453	0.305804	-0.00350779	-0.00480315	0.00117146	0
4263.314556745	3926.268743821	0.0746446	0.533518	0.343306	-0.00335963	-0.0053782	0.000943819	0
4252.360152403	3924.71444612	0.0782371	0.512224	0.362738	-0.00398114	-0.00541245	0.00102598	0
4268.66602319	3918.447521253	0.0787702	0.480135	0.333199	-0.00349876	-0.00487345	0.00129677	0
4249.143199586	3920.126370355	0.080196	0.503199	0.33124	-0.00367069	-0.00512131	0.00112121	0
4263.691336249	3919.103145992	0.0705991	0.481238	0.335008	-0.0032241	-0.00525828	0.00116795	0
4254.313760548	3911.259434977	0.0800301	0.527003	0.331931	-0.00360795	-0.00501389	0.000943819	0
4270.919857455	3914.440685362	0.0699863	0.511533	0.332858	-0.00336985	-0.00487737	0.00110314	0
4264.007386253	3908.871334838	0.0810177	0.534347	0.365266	-0.00375033	-0.00527425	0.000943819	0
4282.665455989	3914.481337555	0.0761206	0.492497	0.363499	-0.00412737	-0.0053271	0.000943819	0
4274.645312918	3919.926136678	0.0800436	0.501932	0.348403	-0.00377306	-0.00528046	0.0010554	0
4285.477830587	3921.378371424	0.0730824	0.462645	0.324593	-0.00297886	-0.00521876	0.000943819	0
4263.581424407	3918.073002107	0.0844726	0.501374	0.336451	-0.00363409	-0.00503401	0.00094382	0
4273.003050379	3921.528438564	0.0719579	0.483746	0.328024	-0.00323935	-0.00516838	0.00114095	0
4266.162855836	3909.747519351	0.08034	0.521389	0.335165	-0.00367234	-0.00542262	0.00094382	0
4283.541757015	3919.584917733	0.0801663	0.488859	0.35363	-0.00347474	-0.0055361	0.00094382	0
4278.691522783	3917.293690907	0.0820369	0.522747	0.366252	-0.00394438	-0.0057786	0.00094382	0
4273.668081173	3928.9561133	0.0761298	0.46337	0.344743	-0.00330673	-0.00544662	0.00110262	0
4279.891144247	3928.126203092	0.0855688	0.494392	0.333806	-0.0034646	-0.00528232	0.00094382	0
4283.877479956	3935.548688187	0.0814038	0.483739	0.311494	-0.0034223	-0.00466312	0.00121127	0
4288.982607021	3925.969906951	0.0862128	0.47763	0.329908	-0.00347904	-0.00483725	0.00129602	0
4285.940999943	3925.889035033	0.0802424	0.524224	0.31279	-0.00362306	-0.00464468	0.00094382	0
4286.357552994	3932.610486023	0.0922045	0.522313	0.330055	-0.00412834	-0.0046869	0.00094382	0
4306.02578526	3930.83692596	0.0874978	0.501543	0.320707	-0.00438992	-0.00457094	0.00094382	0
4317.785924659	3925.428454329	0.0741529	0.470699	0.329716	-0.00444219	-0.00516627	0.00100817	0
4313.172621012	3923.740090884	0.0875196	0.47292	0.30916	-0.0044262	-0.00456919	0.00094382	0
4300.852658262	3926.95464147	0.0850968	0.466988	0.318882	-0.00389434	-0.00525665	0.00134312	0
4309.497203236	3929.556381861	0.083673	0.508062	0.319762	-0.00394436	-0.00495783	0.00122687	0
4316.011511307	3917.270337519	0.0783914	0.512409	0.333084	-0.00400068	-0.00534365	0.00142554	0
4321.646952316	3925.07339634	0.102343	0.521456	0.351508	-0.0043446	-0.00502962	0.00138648	0
4329.549485439	3924.843754694	0.0774188	0.489993	0.347835	-0.00424494	-0.00525777	0.00130221	0
4323.939704782	3922.360943593	0.0865227	0.492474	0.329187	-0.00394932	-0.0050879	0.00128296	0
4334.91207137	3933.853405219	0.0754919	0.466916	0.315096	-0.00302119	-0.00569913	0.0012985	0
4316.673548393	3925.208327026	0.0830088	0.51585	0.318366	-0.00304026	-0.00517404	0.00112793	0
4327.555676076	3926.034345002	0.0694384	0.468765	0.316595	-0.00251956	-0.00525251	0.00094382	0
4311.471767335	3935.783951945	0.080411	0.534341	0.326731	-0.00318819	-0.00509343	0.00094382	0
4349.612459456	3931.023753062	0.0762609	0.54024	0.363572	-0.00299102	-0.00576804	0.00108371	0
4317.859912008	3938.794809093	0.0876228	0.557522	0.39969	-0.00377249	-0.00557198	0.000643339	0
4308.65639903	3937.378469369	0.0865038	0.51857	0.407117	-0.00354835	-0.00565839	0.000824965	0
4309.690511222	3949.383408117	0.105328	0.533082	0.382848	-0.00341129	-0.00470221	0.000861185	0
4306.512476606	3939.431405146	0.0856207	0.528454	0.344441	-0.00337797	-0.00504779	0.00094382	0
4312.012345421	3926.678725518	0.088812	0.514133	0.346103	-0.00282577	-0.00498437	0.00094382	0
4296.154675452	3935.784384416	0.0858261	0.548658	0.332527	-0.00336271	-0.00473222	0.000563743	0
4327.125009832	3925.982448585	0.0827998	0.534517	0.363543	-0.00391568	-0.00480141	0.00094382	0
4330.202969075	3935.104541348	0.0818109	0.530697	0.388754	-0.00457191	-0.00504885	0.000877423	0
4335.344875977	3930.823519385	0.0780297	0.513626	0.334911	-0.00387941	-0.00499297	0.00094382	0
4358.944274196	3923.87761639	0.0796576	0.52587	0.333044	-0.00332326	-0.00526471	0.00094382	0
4351.462570848	3934.272036319	0.0761584	0.503619	0.313598	-0.00320064	-0.00536594	0.00117268	0
4377.897865654	3929.407179661	0.0786389	0.491981	0.320587	-0.00303134	-0.00558608	0.00125508	0
4354.501184217	3941.760689346	0.0749781	0.512916	0.319844	-0.0030896	-0.00555642	0.00128669	0
4377.976129728	3941.638300295	0.0939683	0.506492	0.362567	-0.00365828	-0.00556522	0.00135337	0
4340.236594446	3943.335313143	0.0850492	0.530954	0.368343	-0.00343734	-0.00547765	0.00094382	0
4367.937372286	3948.295313233	0.089718	0.506594	0.364447	-0.00368073	-0.00522915	0.00120362	0
4340.26097178	3932.612648374	0.0759531	0.537838	0.31216	-0.00293712	-0.00541203	0.00121003	0
4355.360806015	3935.103676408	0.072866	0.526162	0.318724	-0.00312478	-0.00516534	0.0013695	0
4345.81045061	3933.774695653	0.0621651	0.527723	0.315901	-0.00266548	-0.00545496	0.00151094	0
4352.87944996	3932.892889028	0.085281	0.551924	0.335503	-0.00314437	-0.00542342	0.00127141	0
4348.875579676	3930.996074973	0.085575	0.505975	0.354611	-0.00292844	-0.00538822	0.001462	0
4329.516126982	3935.831523661	0.0820881	0.530097	0.364641	-0.00391476	-0.00561666	0.00106028	0
4338.889853629	3921.191544321	0.0809661	0.491828	0.379515	-0.00389901	-0.00562881	0.00117403	0
4315.90245481	3923.99697815	0.0824399	0.492367	0.340977	-0.00315741	-0.00548906	0.00117403	0
4330.984754471	3927.711464223	0.0722057	0.46488	0.322462	-0.00299185	-0.00540572	0.00131644	0
4300.634972941	3919.224670103	0.0817567	0.507291	0.336753	-0.00356632	-0.00525661	0.00141482	0
4321.073443445	3921.292742335	0.0695649	0.514822	0.343373	-0.00421495	-0.00538301	0.00117403	0
4308.600373927	3921.322582775	0.0835586	0.513505	0.360251	-0.0042875	-0.00512427	0.00117403	0
4317.747434131	3922.619128269	0.0698686	0.521217	0.328008	-0.00420837	-0.00518442	0.00117403	0
4327.099777152	3921.093806068	0.0787085	0.504536	0.317801	-0.00351235	-0.00544696	0.00144296	0
4342.172668017	3921.371884372	0.0792588	0.488896	0.317301	-0.0034167	-0.00545644	0.00151202	0
4345.059885309	3924.958359282	0.0772692	0.481942	0.300022	-0.00321627	-0.00522635	0.00137147	0
4359.662764056	3927.535881345	0.0674296	0.525956	0.277597	-0.00304145	-0.00500301	0.00110865	0
4371.035859811	3927.438143092	0.0202707	0.537953	0.205459	-0.00306864	-0.0039134	-0.000382412	0
4370.186502154	3938.047500683	0.0803107	0.490116	0.248101	-0.00306593	-0.00511607	0.00110134	0
4362.510635475	3940.476685486	0.0782586	0.474911	0.213127	-0.00301742	-0.00471081	0.0014306	0
4369.794754111	3936.99227353	0.0777276	0.467258	0.241226	-0.00257626	-0.00512006	0.001558	0
4344.865294305	3944.561798473	0.0803712	0.537618	0.255794	-0.00314843	-0.00518486	0.00135473	0
4366.547008871	3943.038638624	0.0775898	0.537885	0.277553	-0.00296156	-0.00541031	0.00110134	0
4355.77650372	3951.082150846	0.08238	0.538841	0.288526	-0.00335383	-0.00516848	0.00110134	0
4342.138881887	3952.690074844	0.0761078	0.474399	0.269309	-0.00265437	-0.00518903	0.00128	0
4347.498046437	3952.492435988	0.0744798	0.476265	0.294526	-0.00259678	-0.00536565	0.00144949	0
4330.367623001	3943.453809963	0.0647135	0.51385	0.300487	-0.00313077	-0.00506664	0.00155787	0
4338.303514582	3950.629787074	0.070135	0.548254	0.303319	-0.00332785	-0.00541039	0.00110134	0
4334.094361481	3949.184904321	0.0596193	0.546241	0.296987	-0.00357831	-0.00503138	0.00110134	0
4338.558835086	3943.661828102	0.0589723	0.483106	0.296034	-0.0028285	-0.00533478	0.00110134	0
4319.589419744	3944.933290328	0.0761664	0.482796	0.304624	-0.00307537	-0.00524836	0.00144775	0
4307.903695366	3940.18909284	0.0627573	0.448062	0.315246	-0.00299722	-0.00508318	0.0014346	0
4314.62585229	3937.998199087	0.0618702	0.513612	0.313104	-0.0033047	-0.00534638	0.00143464	0
4300.5032498	3948.968669248	0.0765452	0.545693	0.298669	-0.00337242	-0.00502716	0.00127907	0
4321.338600417	3941.111119188	0.0724011	0.521556	0.334352	-0.00366084	-0.00534638	0.00156599	0
4300.293690257	3945.977705727	0.0746787	0.475248	0.300665	-0.00347677	-0.00487027	0.0013534	0
4303.149687454	3936.378165924	0.0619067	0.483016	0.247484	-0.00255597	-0.00412111	0.00105112	0
4329.853988285	3941.077386517	-0.0108343	0.498569	0.182791	-0.00189895	-0.00447639	0.000358689	0
4313.058432445	3937.866728163	0.0602456	0.563751	0.193906	-0.00257703	-0.00407597	0.000960609	0
4326.025891414	3934.498218205	0.0718808	0.548683	0.257458	-0.00237827	-0.00466667	0.000950444	0
4300.445086335	3928.056575399	0.0698884	0.472926	0.25015	-0.002405	-0.00452253	0.00117018	0
4304.047372107	3933.446018343	0.0768581	0.446293	0.24709	-0.00217791	-0.00429283	0.00119308	0
4311.270333571	3934.114617187	0.0731982	0.466403	0.252868	-0.00241003	-0.00485726	0.00114085	0
4296.976234394	3936.567587848	0.0807509	0.520849	0.274258	-0.00297613	-0.00475041	0.00112137	0
4322.381266061	3940.344782092	0.068322	0.534741	0.311722	-0.00305512	-0.00551175	0.0010493	0
4285.570207855	3932.005460291	0.08129	0.536176	0.323181	-0.00330067	-0.00504937	0.00109386	0
4289.617273064	3932.813746991	0.0714308	0.439315	0.300766	-0.00273387	-0.00478035	0.0012766	0
4291.383132966	3931.342916029	0.0776687	0.484893	0.3115	-0.0027553	-0.00512616	0.00121886	0
4267.16703095	3936.60521275	0.0742894	0.517418	0.297946	-0.00253583	-0.00486832	0.00115383	0
4283.696146801	3924.637466435	0.0759671	0.550895	0.337685	-0.00293679	-0.00526428	0.00114223	0
4280.2204521	3937.870187924	0.0811045	0.538695	0.374149	-0.00313414	-0.00545166	0.000943837	0
4291.734679791	3935.453977225	0.0760034	0.529197	0.383039	-0.00345264	-0.00580844	0.000718798	0
4278.325435092	3938.258113644	0.0876064	0.535115	0.335889	-0.00265656	-0.00471732	0.000823886	0
4282.393456256	3928.416390559	0.0756506	0.540608	0.349116	-0.00249928	-0.00545367	0.00083528	0
4268.037772234	3928.130095324	0.0758553	0.513424	0.326028	-0.0023422	-0.00501385	0.000837136	0
4266.69145909	3920.80059131	0.0688519	0.524857	0.346349	-0.00274855	-0.00532469	0.000987804	0
4255.105810085	3932.101901133	0.0736945	0.533794	0.350344	-0.00292831	-0.00514295	0.00114223	0
4274.104734832	3922.202227049	0.0672145	0.534667	0.380116	-0.00343711	-0.00539142	0.000876312	0
4250.117009951	3922.41370495	0.0757521	0.538469	0.340872	-0.00314831	-0.00512931	0.000786409	0
4281.081784587	3922.683566321	0.0638885	0.556287	0.342366	-0.00284769	-0.00528161	0.000937267	0
4267.768338536	3922.14427605	0.0736361	0.519786	0.313201	-0.00320432	-0.00505451	0.00114223	0
4291.798830671	3921.274578589	0.0688907	0.524645	0.331799	-0.00288695	-0.00518238	0.00114223	0
4261.381049209	3921.136188143	0.0729277	0.520098	0.31332	-0.0027859	-0.00504163	0.00114223	0
4304.839421644	3926.634613563	0.0750251	0.530113	0.367212	-0.00370233	-0.00545166	0.00104354	0
4277.432027164	3922.030103932	0.0769912	0.528073	0.363506	-0.00393409	-0.00560525	0.000889623	0
4317.777798881	3926.167545807	0.0969748	0.544637	0.398631	-0.00355675	-0.00535708	0.000610554	0
4312.659413968	3947.274683691	0.129256	0.585067	0.418631	-0.00223857	-0.00531108	0.000154567	0
4315.734379503	3947.691152441	0.118742	0.549403	0.404711	-0.00183281	-0.00538994	0.000154567	0
4312.173577967	3950.036005566	0.145712	0.542974	0.406977	-0.00169867	-0.00575963	0.000426599	0
4303.957988547	3953.45597947	0.125596	0.523944	0.370857	-0.00195494	-0.00543368	0.000634347	0
4320.529443979	3946.316762321	0.114749	0.533958	0.378922	-0.00287057	-0.00575963	0.000636514	0
4319.481218593	3949.656296779	0.101058	0.541632	0.368602	-0.00294586	-0.0055391	0.000811628	0
4324.191176234	3949.611752354	0.0977256	0.541466	0.385613	-0.00344107	-0.00572738	0.000724932	0
4306.854186962	3943.305472703	0.0965587	0.53452	0.35331	-0.00301316	-0.00556735	0.000724932	0
4321.032814554	3945.828935998	0.0953545	0.530494	0.33228	-0.00316965	-0.0055657	0.000724932	0
4312.401099756	3937.933761035	0.0858705	0.537902	0.316605	-0.0028965	-0.00530457	0.000724931	0
4333.351066613	3939.446974071	0.102068	0.534309	0.326354	-0.00286798	-0.00544264	0.00115639	0
4334.673002423	3931.110679561	0.0849809	0.530392	0.319503	-0.00284598	-0.00576037	0.00109957	0
4337.420798468	3944.509469586	0.0971714	0.540555	0.360299	-0.00350739	-0.0057281	0.000936599	0
4345.629117454	3939.179275052	0.086047	0.486882	0.345687	-0.00362015	-0.00577692	0.001037	0
4329.174844298	3934.874034761	0.102706	0.524928	0.352578	-0.00387648	-0.0060943	0.00116792	0
4321.557141083	3926.663156593	0.0798199	0.45203	0.299446	-0.00313714	-0.00538722	0.00119867	0
4319.373017441	3930.052857587	0.0913544	0.4562	0.287906	-0.00274977	-0.00498849	0.00132405	0
4320.708638772	3930.152758191	0.0790106	0.519187	0.241562	-0.00311267	-0.00502151	0.00132405	0
4323.980761346	3921.945339784	0.0830213	0.538873	0.26925	-0.00307506	-0.00553853	0.00132405	0
4349.857088147	3948.28579889	0.0734471	0.549554	0.224521	-0.00359848	-0.00678032	0.00132405	0
4363.372395635	3943.530789648	0.0559609	0.559305	0.19459	-0.00353643	-0.00652086	0.00132405	0
4377.154570786	3962.644672636	0.0468681	0.489824	0.114519	-0.00362031	-0.00627121	0.00332405	0
4362.630811457	3966.612153744	0.0164141	0.491332	0.0523468	-0.00394108	-0.00547128	0.00332405	0
4351.570344327	3938.969959502	0.0364766	0.495961	0.0966675	-0.00337887	-0.00497222	0.00307343	0
4321.526776333	3948.968236778	0.0341073	0.419936	0.00156893	-0.00184952	-0.00401339	0.00295805	0
4353.600078184	3955.317763444	-0.0158722	0.448979	-0.0983406	-0.00452823	-0.00521779	0.004107	0
4334.098638207	3964.679877137	-0.0886727	0.371096	-0.146749	-0.00603865	-0.00535378	0.00474139	0
4329.921560546	3959.773070875	-0.0329752	0.265044	-0.164428	-0.00590013	-0.00358778	0.00338591	0
4290.385800612	3929.131696179	0.0249074	0.466686	0.222033	-0.00504587	-0.00363136	0.00210856	0
4276.036531678	3931.606722817	0.0147347	0.411347	0.421798	-0.00725589	-0.00884614	0.000661519	0
4274.663702837	3941.404766417	-0.028456	0.427669	0.320409	-0.00601775	-0.00582799	-0.000258334	0
4267.019911598	3953.104381243	0.058805	0.405731	0.223455	-0.00553447	-0.00421875	0.00174167	0
4307.869053891	3950.858131311	0.0618655	0.452802	0.226218	-0.0054194	-0.00374916	0.00205963	0
4282.708650915	3939.394645184	0.0549884	0.428083	0.264714	-0.00579479	-0.00410977	0.0018329	0
4268.496237193	3945.585455306	0.0752834	0.458709	0.271522	-0.0051812	-0.00364479	0.00203236	0
4279.224830435	3941.585538937	0.0704333	0.496161	0.274389	-0.00440755	-0.00376028	0.00192923	0
4276.947046508	3936.146794397	0.00789227	0.559129	0.238429	-0.00462876	-0.00275446	0.000540417	0
4286.822860713	3938.447968037	0.0635102	0.51611	0.278555	-0.00530393	-0.00343085	0.00154768	0
4266.309975188	3943.591767939	0.072523	0.48331	0.279132	-0.00481201	-0.00317983	0.00187753	0
4286.585502455	3935.657238193	0.0746197	0.43289	0.26035	-0.00375869	-0.0032176	0.00188525	0
4273.739930159	3937.420851443	0.0724873	0.424009	0.266421	-0.00372823	-0.00327666	0.00184772	0
4256.193381345	3938.671555102	0.0880406	0.431714	0.256894	-0.00404487	-0.00238281	0.0018639	0
4284.945378279	3930.847305243	0.0625142	0.497241	0.233123	-0.00385332	-0.00280759	0.00161947	0
4277.601813161	3938.142644115	0.0226864	0.514929	0.184276	-0.00403015	-0.00192017	0.00065582	0
4294.786551009	3934.1535395	0.0559369	0.492416	0.258011	-0.00437829	-0.00304448	0.0016632	0
4270.65256212	3927.087409805	0.06456	0.482312	0.219254	-0.00378978	-0.00248199	0.00170523	0
4262.503689616	3919.827101015	0.0622278	0.462799	0.213705	-0.0037506	-0.0022303	0.00170523	0
4292.134553612	3914.829043552	0.0710001	0.460345	0.230149	-0.00374921	-0.00261325	0.00170523	0
4271.389014228	3915.617436625	0.0746691	0.443676	0.242464	-0.00438107	-0.00271662	0.00170523	0
4296.945441972	3915.642519894	0.0720517	0.499544	0.268675	-0.00453314	-0.00301112	0.00170523	0
4293.010426966	3923.251399621	0.0827966	0.530335	0.261497	-0.00439105	-0.00319344	0.00170523	0
4299.803149858	3929.011037008	0.0713798	0.490142	0.250044	-0.00471378	-0.00294179	0.00170523	0
4298.742949641	3923.055490645	0.0761673	0.48169	0.246421	-0.00386451	-0.00289071	0.00170523	0
4305.107999997	3936.976272134	0.076563	0.460602	0.229827	-0.00355888	-0.00274116	0.00170523	0
4304.247950527	3935.969914108	0.0749971	0.458703	0.240033	-0.00326392	-0.00336075	0.00170523	0
4301.430016186	3939.457785825	0.077244	0.482542	0.22871	-0.00342877	-0.0024654	0.00170523	0
4309.490788148	3937.385821362	0.0694824	0.501907	0.287454	-0.00399903	-0.00330188	0.00170523	0
4290.700995271	3946.899299606	0.0758144	0.500287	0.286954	-0.00414467	-0.00302775	0.00170523	0
4302.63476972	3939.288689998	0.0599014	0.49536	0.271076	-0.00376639	-0.00286783	0.00170523	0
4259.3038437	3934.881386753	0.0753343	0.502319	0.272511	-0.00388203	-0.00293651	0.00170523	0
4268.706652081	3932.95862449	0.0677979	0.486932	0.270762	-0.00366311	-0.00293651	0.00170523	0
4260.719867468	3931.956591164	0.0746846	0.517007	0.289204	-0.00345984	-0.00293651	0.00170523	0
4259.382107775	3932.842290021	0.0664184	0.505486	0.279601	-0.00360792	-0.00287953	0.00170523	0
4254.792753789	3931.70575848	0.0793993	0.524579	0.303168	-0.00386541	-0.00298823	0.00149715	0
4276.322216932	3937.174343461	0.0679231	0.507388	0.312066	-0.00375865	-0.00328568	0.00136744	0
4270.020034439	3933.31887212	0.0791096	0.506862	0.330095	-0.00435202	-0.00296125	0.00114053	0
4278.844201878	3923.815340689	0.068062	0.447466	0.30944	-0.0040069	-0.00307992	0.00128182	0
4278.495221089	3927.168281722	0.0854533	0.499378	0.275978	-0.00422507	-0.00265459	0.00122885	0
4288.114431772	3931.934535187	0.074175	0.470834	0.272024	-0.00381202	-0.00300305	0.00138191	0
4280.769155963	3926.216414933	0.0798667	0.504872	0.263333	-0.00394953	-0.002661	0.00135085	0
4303.551271965	3920.250921756	0.0760029	0.466532	0.284902	-0.00377739	-0.00313327	0.00128182	0
4304.534491126	3922.836228282	0.0826567	0.508218	0.293883	-0.00425096	-0.00303906	0.00128182	0
4312.345502327	3910.784582758	0.0789222	0.504388	0.311021	-0.00436349	-0.00305216	0.00128182	0
4294.671079424	3919.402847803	0.0825206	0.506946	0.28335	-0.00428777	-0.00285471	0.00128182	0
4308.986562228	3912.995802608	0.0747717	0.490016	0.275163	-0.00411732	-0.00305962	0.00143355	0
4288.307739759	3915.12312325	0.0875241	0.508206	0.259435	-0.00395207	-0.00267955	0.00128182	0
4309.979190184	3916.124724105	0.0773736	0.467073	0.262118	-0.0036877	-0.00297518	0.0018371	0
4308.522965198	3916.960256425	0.0805478	0.507232	0.247337	-0.00417023	-0.00254295	0.00147448	0
4319.893494918	3907.589925799	0.0801626	0.465721	0.26267	-0.00386499	-0.00313737	0.00176317	0
4324.55811927	3914.76374056	0.0856771	0.512776	0.272074	-0.00472041	-0.00308578	0.00171879	0
4346.998524915	3921.624014466	0.0763327	0.463912	0.316117	-0.00556514	-0.00346167	0.00180265	0
4320.970374364	3920.867191713	0.0802668	0.501197	0.32062	-0.00596244	-0.00333502	0.00167178	0
4335.435114882	3924.820401306	0.0838493	0.455911	0.25846	-0.00480809	-0.0031909	0.00189289	0
4312.886508085	3918.394327425	0.0304064	0.452705	0.236964	-0.00457435	-0.00257605	0.000746903	0
4334.068273457	3935.063024214	0.050651	0.445666	0.218203	-0.00433577	-0.00276979	0.00141185	0
4319.487206008	3936.926105598	0.0781186	0.505593	0.257604	-0.00436662	-0.00294395	0.00163376	0
4355.847925034	3936.862100016	0.074846	0.526134	0.214398	-0.00416583	-0.00294395	0.00158808	0
4345.356262376	3934.57130566	0.0755926	0.485228	0.247818	-0.00421129	-0.00323675	0.00157793	0
4368.281221005	3942.687472866	0.0814011	0.486264	0.231906	-0.00421667	-0.00277055	0.00171485	0
4389.843187262	3956.388559522	0.0751172	0.454065	0.236495	-0.00361861	-0.00283351	0.00180854	0
4369.646779413	3952.131755887	0.0842431	0.49272	0.233615	-0.00403978	-0.00240802	0.00170316	0
4378.552204634	3951.24259727	0.0695947	0.491939	0.217801	-0.00289806	-0.00314771	0.0020227	0
4363.16069773	3957.122028887	0.0828295	0.54372	0.165704	-0.00314223	-0.00292701	0.0016662	0
4365.181878136	3952.19922123	0.0819983	0.512376	0.22278	-0.00337166	-0.00324724	0.00164242	0
4348.904233736	3963.511342806	0.109054	0.270341	0.144341	-0.0039268	-0.00270024	0.0024954	0
4283.549882794	3910.040301639	0.108438	0.110392	0.351597	-0.0117155	-0.00173038	0.00206564	0
4232.745379204	3896.113465567	0.130664	0.32213	0.753775	-0.0224568	0.00285265	0.00198723	0
4202.690264052	3895.777868735	0.179945	0.643757	0.985958	-0.0270609	0.00670305	0.0023099	0
4192.103230419	3901.247318656	0.172382	0.973141	0.968365	-0.0297373	0.00638708	0.00353979	0
4212.432644426	3936.099222681	0.160486	1.16064	1.01249	-0.0342358	0.00252579	0.00159105	0
4199.572103591	3922.035293574	0.161335	0.695211	1.08288	-0.040952	-0.00479301	0.000261852	0
4242.752061205	3957.605962979	0.145273	0.988522	0.73386	-0.0284559	-0.0056723	0.0016616	0
4273.949489702	3935.124434975	0.197952	0.751983	0.579891	-0.0224999	-0.00579342	0.00359601	0
4265.522202376	3934.360260229	0.20814	0.512328	0.475434	-0.0172488	-0.00527227	0.00338625	0
4297.884183189	3948.61361126	0.191413	0.557554	0.317014	-0.0135715	-0.00430876	0.00337293	0
4334.063141386	3996.067695303	0.185029	0.505989	0.374679	-0.0121946	-0.00534379	0.0030411	0
4375.570044039	4013.214704072	0.149	0.349107	0.440543	-0.00953871	-0.00787513	0.00271593	0
4365.431638897	3984.25650318	0.154313	0.350513	0.596643	-0.010547	-0.00804255	0.00262327	0
4320.36949445	3965.995883788	0.162047	0.447393	0.550443	-0.00845847	-0.00795101	0.00252003	0
4298.395679542	3948.261580562	0.159638	0.488981	0.543811	-0.00854695	-0.00795303	0.00291766	0
4285.603566312	3942.320738183	0.158832	0.482523	0.544429	-0.0100165	-0.00752151	0.00176343	0
4289.399587743	3946.114798763	0.15011	0.462059	0.47903	-0.0106012	-0.00670988	0.00185285	0
4282.953707278	3947.019958776	0.162833	0.446485	0.454813	-0.0103977	-0.00580727	0.00232722	0
4274.720155612	3946.267893194	0.170584	0.501244	0.426491	-0.010145	-0.00552052	0.00297951	0
4285.260145266	3945.219153093	0.165115	0.457248	0.356121	-0.00867519	-0.0057696	0.00277451	0
4299.943854123	3943.35650418	0.144808	0.485753	0.331698	-0.00892912	-0.00588186	0.00290176	0
4276.471474647	3958.117142691	0.158988	0.558414	0.339464	-0.0105994	-0.00509427	0.00340913	0
4234.244799116	3906.276081499	0.182175	0.623833	0.289519	-0.0107454	-0.00567744	0.00341206	0
4260.485075245	3925.60879438	0.186973	0.610503	0.356737	-0.0105206	-0.0058055	0.0023134	0
4261.791187171	3936.284319903	0.180588	0.55189	0.342949	-0.0095235	-0.00540081	0.00227806	0
4262.573827912	3938.5759792	0.172325	0.536061	0.357264	-0.0097249	-0.00454344	0.00297307	0
4274.424206217	3936.462065132	0.15614	0.52263	0.379508	-0.0104631	-0.00482215	0.00338946	0
4262.799211339	3942.645523262	0.18447	0.545792	0.351805	-0.0109277	-0.00436425	0.00350949	0
4296.587480059	3940.941158422	0.154011	0.590389	0.275644	-0.00738549	-0.00461449	0.00260511	0
4278.550390846	3928.204480188	0.146634	0.53398	0.259765	-0.00633491	-0.00491933	0.00194582	0
4275.827827481	3930.565334709	0.170017	0.516438	0.311446	-0.00608207	-0.00540683	0.00216871	0
4307.391343668	3949.396382222	0.160618	0.482591	0.409098	-0.00650275	-0.00632979	0.00175205	0
4306.967947857	3944.355510214	0.159799	0.482858	0.458636	-0.00665334	-0.00652075	0.00191871	0
4300.144432542	3957.899177738	0.150518	0.502156	0.391764	-0.00723904	-0.005251	0.00216871	0
4325.846696621	3950.592162172	0.154857	0.532074	0.354388	-0.00728566	-0.00460672	0.00234452	0
4305.770892428	3944.877934149	0.159575	0.505783	0.330306	-0.00777871	-0.00371342	0.00295352	0
4333.546512962	3941.371898686	0.136897	0.517084	0.302254	-0.00640337	-0.00257192	0.002328	0
4324.110346124	3936.896697628	0.126352	0.495841	0.25491	-0.0055898	-0.00191096	0.00191871	0
4356.251220235	3944.994268618	0.0536727	0.475045	0.133742	-0.00383585	-0.000856251	0.000471178	0
4322.523253343	3945.186717833	0.088442	0.433203	0.244022	-0.00562369	-0.00109082	0.00112283	0
4323.911050722	3941.739498309	0.0730266	0.459991	0.251288	-0.00637263	-0.000595105	0.000969435	0
4316.063259684	3950.084009752	0.109019	0.449763	0.371578	-0.00856446	-0.000564229	0.00127971	0
4321.408311041	3957.480979108	0.169038	0.46911	0.489467	-0.0106092	0.000337268	0.00198287	0
4327.110041293	3948.193682749	0.138619	0.449758	0.481701	-0.00984168	0.000270106	0.00146934	0
4310.351265291	3939.506654951	0.15808	0.424171	0.439495	-0.0095162	-0.00101574	0.00182066	0
4310.383340731	3930.972289115	0.146322	0.450203	0.411125	-0.00841249	-0.00159266	0.00181282	0
4320.354953584	3946.022682622	0.139151	0.472788	0.393236	-0.00835818	-0.00198305	0.00188457	0
4305.400528012	3929.888518932	0.13851	0.489416	0.364741	-0.00823811	-0.00175451	0.00205468	0
4317.127308954	3930.15059584	0.1263	0.412343	0.346485	-0.00818434	-0.00317847	0.00190101	0
4308.230437184	3932.318136205	0.0728889	0.432267	0.297962	-0.00752787	-0.00196848	0.00117277	0
4310.281126995	3927.839475386	0.117626	0.436945	0.345259	-0.00757756	-0.00247205	0.00222289	0
4324.279704449	3945.931431422	0.0920177	0.458556	0.259746	-0.00723309	-0.00293362	0.0019006	0
4327.809713562	3950.024761342	0.0933347	0.493668	0.153573	-0.00589485	-0.00192495	0.00158464	0
4332.411470051	3935.652913492	0.0968575	0.441803	0.222368	-0.00641724	-0.00143242	0.0012556	0
4330.340251959	3941.208424971	0.112732	0.418789	0.261248	-0.00656327	-0.000116356	0.0014318	0
4319.495759459	3939.366102154	0.129051	0.455606	0.28717	-0.00675457	0.00174555	0.00233922	0
4323.524862422	3935.744164692	0.128385	0.443618	0.296672	-0.00665807	0.00140884	0.00232131	0
4303.316052071	3930.621988298	0.13164	0.432986	0.283875	-0.00697086	0.00150172	0.00235409	0
4347.057971398	3937.392740884	0.120022	0.453489	0.307786	-0.00725723	0.000477587	0.00206069	0
4321.869342035	3938.047933153	0.116196	0.427385	0.287449	-0.00673886	0.000112095	0.00187521	0
4357.174137568	3955.57594812	0.098597	0.465096	0.268226	-0.00645465	-0.000443077	0.00161206	0
4334.317178873	3955.886894154	0.0591051	0.455237	0.257372	-0.00596166	1.51349e-05	0.00125958	0
4336.084749465	3953.739679885	0.100039	0.475542	0.140536	-0.00298075	-0.000112007	0.00160419	0
4316.601699407	3947.352960788	0.101923	0.499125	0.146296	-0.00329528	0.000277242	0.00144058	0
4331.476150215	3937.50042595	0.0937784	0.426616	0.220037	-0.00437948	-0.000210956	0.00125958	0
4305.316276522	3944.566555645	0.109582	0.450814	0.249388	-0.00542714	0.000404626	0.00141448	0
4300.643954065	3946.769991033	0.108096	0.456134	0.267803	-0.00538993	-0.000247955	0.00162742	0
4314.894858315	3939.421890803	0.101036	0.45239	0.277118	-0.00566649	-0.000472219	0.00172407	0
4316.970353133	3934.926796119	0.0990113	0.466405	0.255173	-0.00613013	-0.000470785	0.00155136	0
4352.241362536	3944.944102081	0.113008	0.470753	0.288763	-0.00598167	-0.000627507	0.0016534	0
4347.372738384	3942.588004733	0.119232	0.46113	0.280974	-0.00628808	-0.000252125	0.00167905	0
4360.471492822	3940.357756196	0.115937	0.477085	0.290489	-0.00638338	-0.0005018	0.0015108	0
4352.710946981	3943.101346795	0.105693	0.470531	0.27638	-0.0063212	-0.000144446	0.00144128	0
4372.199129109	3954.040246636	0.125999	0.498268	0.280887	-0.0054381	-0.000190343	0.00125958	0
4348.982497811	3945.230397317	0.124864	0.485988	0.249566	-0.00522003	-0.00032033	0.00125958	0
4370.065470826	3947.444211988	0.10957	0.47622	0.261678	-0.00519746	-0.000688372	0.00162341	0
4351.056709611	3952.116619432	0.113496	0.468038	0.255173	-0.00581844	-0.00044461	0.00170838	0
4381.40478045	3948.962614666	0.113121	0.448152	0.279528	-0.00570464	-0.000580499	0.00175288	0
4365.104469407	3954.928972783	0.129085	0.494403	0.28356	-0.00605968	-0.000316051	0.0013136	0
4399.93711446	3952.013691538	0.122346	0.447365	0.313459	-0.00674944	-0.000613431	0.00147499	0
4376.903099335	3956.934336845	0.130667	0.481201	0.340894	-0.00712751	-0.000191126	0.00143602	0
4368.130680273	3947.95668911	0.118316	0.461038	0.317828	-0.00731029	-0.000610456	0.00170092	0
4383.616275135	3945.575940963	0.115502	0.471124	0.280797	-0.00703193	-0.000594713	0.00179013	0
4374.01545437	3948.330775785	0.121116	0.477632	0.242445	-0.00700904	-0.000364296	0.00201153	0
4379.071399093	3951.817782562	0.125884	0.479783	0.243999	-0.00638561	-6.4906e-05	0.00182518	0
4388.361729596	3951.681121996	0.116033	0.486148	0.211649	-0.00649714	-0.000217518	0.00139762	0
4419.591661205	3962.59796586	0.107192	0.479926	0.178591	-0.00676617	5.01195e-05	0.00137698	0
4392.803536557	3962.814200933	0.106656	0.456853	0.187005	-0.00727342	0.000206141	0.00165377	0
4405.399775765	3959.351844954	0.106429	0.407262	0.22801	-0.00800575	0.000132098	0.00161878	0
4404.059877709	3963.662707357	0.0844528	0.42671	0.269938	-0.00807171	-0.000130606	0.00131376	0
4386.212247429	3960.656607381	0.0695879	0.44135	0.25888	-0.0083773	6.50577e-05	0.000819908	0
4413.337805709	3962.65591686	0.102718	0.483666	0.256413	-0.00744535	-0.000286153	0.00157469	0
4398.373115996	3961.434621171	0.103539	0.501619	0.23815	-0.00713285	-0.000254261	0.00143488	0
4384.150438133	3959.462989781	0.105194	0.447524	0.21546	-0.00657413	-0.000419326	0.00155214	0
4397.057595274	3966.007128011	0.110885	0.456923	0.249203	-0.00752421	-0.000185698	0.00182543	0
4383.694966882	3964.173887068	0.106119	0.475695	0.218552	-0.00700338	-0.000349724	0.00189578	0
4389.139238267	3966.697782833	0.0943033	0.499947	0.172898	-0.00627991	-0.000544505	0.00176086	0
4386.469278624	3961.814329958	0.0418005	0.551727	0.162901	-0.0059043	-0.000199408	0.000587456	0
4398.100260917	3966.678321676	0.0603701	0.452759	0.127973	-0.00596674	4.33858e-05	0.000961504	0
4370.461067922	3963.513505157	0.0888383	0.475969	0.10204	-0.00600384	-0.000175649	0.00180756	0
4373.679731429	3961.891742114	0.0824945	0.474792	0.162046	-0.00550941	-0.00129643	0.00199884	0
4374.389240167	3963.241913906	0.0777683	0.422894	0.136438	-0.00676397	-0.000333358	0.00199884	0
4366.434103322	3964.025549808	0.0772969	0.533054	0.154443	-0.00735505	-0.000469199	0.00189092	0
4387.46190658	3965.928418445	0.0746848	0.507728	0.234473	-0.00777481	-0.000827312	0.00199884	0
4350.895904737	3955.556054493	0.0749914	0.417009	0.0667057	-0.00691438	-0.000292695	0.00206095	0
4361.885805899	3961.195897651	0.0727102	0.439743	0.186846	-0.00740667	-0.0011648	0.00207542	0
4366.354128557	3952.159001506	0.0392832	0.278941	-0.074847	-0.0048801	-0.0004778	0.00222128	0
4324.5919054	3938.458347321	0.0430905	0.420572	-0.101133	-0.00655658	-0.000207445	0.00228662	0
4344.712615209	3957.413946235	0.0628212	0.44776	0.158791	-0.0079881	-0.000229917	0.00199884	0
4325.175250739	3938.370123411	0.0409942	0.361907	-0.115531	-0.00778414	0.000273955	0.00233242	0
4320.345544788	3946.336655947	0.0513806	0.441166	-0.00802102	-0.00812897	-0.000269886	0.00232297	0
4326.926569775	3965.440159652	0.0544615	0.34898	0.112536	-0.00855017	-0.00103401	0.00248822	0
4318.492867362	3941.540129572	0.0560819	0.388354	0.0652111	-0.00939704	-0.000425182	0.00245824	0
4337.529854964	3962.240745521	0.0687732	0.480185	0.283734	-0.00926189	-0.00110477	0.00217281	0
4331.654489662	3970.208575468	0.0728524	0.472476	0.253836	-0.00901414	-0.000725555	0.00185251	0
4342.353145827	3957.39924225	0.0782237	0.445393	0.255827	-0.00952278	-0.000871984	0.00182321	0
4317.61057892	3957.232741245	0.0826541	0.449682	0.237964	-0.00844671	-0.000400821	0.00199884	0
4326.588708471	3953.104813713	0.0865801	0.401164	0.232746	-0.00814081	-0.000173695	0.00207706	0
4304.835144919	3944.447626355	0.0860929	0.440132	0.254799	-0.00827286	-0.000396509	0.00217032	0
4308.215896317	3955.091581558	0.086693	0.43342	0.260464	-0.00830571	-9.17652e-05	0.00199884	0
4306.839218424	3949.275290581	0.0944147	0.468791	0.286817	-0.00936273	-8.43998e-05	0.00199884	0
4315.213046682	3957.819170761	0.0924641	0.505081	0.333479	-0.0108547	-9.43282e-05	0.00176089	0
4294.175406955	3947.80878432	0.0938441	0.466662	0.246214	-0.00935254	0.000425531	0.00207457	0
4308.361732652	3949.710355547	0.0850191	0.441839	0.198621	-0.00802709	0.000785962	0.00157308	0
4299.347250935	3954.777608233	0.0360314	0.454647	0.160231	-0.00728338	-3.77884e-07	0.00117437	0
4295.308311503	3950.212020915	0.0770814	0.431478	0.164519	-0.00754745	0.000206693	0.00208362	0
4302.15748717	3950.612488269	0.0828424	0.469404	0.189522	-0.00812536	-0.000491767	0.00203445	0
4308.040550578	3959.413255714	0.0833252	0.460801	0.210087	-0.00853463	-0.000257548	0.0020603	0
4314.348292814	3957.140625104	0.0841118	0.459209	0.240865	-0.00894574	-0.000123931	0.00208111	0
4321.992939398	3945.554317456	0.0860458	0.41776	0.246424	-0.0082905	-0.000535629	0.00206592	0
4309.093052689	3963.856453982	0.0931359	0.42751	0.246895	-0.0079919	-0.000144022	0.00193025	0
4337.249729453	3953.78379184	0.0905309	0.434694	0.261438	-0.00793943	-0.000224902	0.00201333	0
4301.144330932	3954.187718955	0.0923406	0.475155	0.251764	-0.00793121	-0.000340825	0.00200971	0
4317.386050838	3958.460956456	0.0995355	0.449813	0.283663	-0.00833244	-0.00024269	0.00208668	0
4319.439734357	3951.896059658	0.0960633	0.481566	0.301771	-0.00871839	-0.0004388	0.00202766	0
4325.77399229	3953.721083669	0.095039	0.466339	0.248342	-0.00808382	4.6491e-05	0.00202766	0
4326.635324778	3945.312999115	0.0945746	0.461156	0.249044	-0.00778808	-0.000397056	0.00202766	0
4318.116087857	3948.597609864	0.0992879	0.462223	0.242501	-0.00720375	-0.000271688	0.00202766	0
4338.737174534	3941.844588554	0.0978587	0.444108	0.25623	-0.00713701	-0.000402864	0.00202766	0
4319.3845646	3948.43586603	0.105124	0.482921	0.257231	-0.00740939	2.16071e-05	0.00202766	0
4340.009500329	3956.147673651	0.0955773	0.517552	0.314012	-0.00758576	-0.000552136	0.00189992	0
4354.346794432	3974.168272113	0.117233	0.628596	0.385179	-0.00709101	-0.000195652	0.00139338	0
4368.144365794	3973.937333056	0.120524	0.539912	0.377005	-0.00490803	-0.000376768	0.00135924	0
4326.680658067	3961.226170561	0.119208	0.572601	0.332228	-0.00428891	-0.000316952	0.00155244	0
4323.746824469	3959.9668175	0.114715	0.518555	0.3202	-0.00402187	-0.000316952	0.00163313	0
4318.186226153	3962.960375842	0.105895	0.551008	0.295923	-0.0043824	-6.14238e-05	0.00161856	0
4336.370007046	3954.700196077	0.110159	0.509354	0.278974	-0.00436545	-8.61592e-05	0.00186527	0
4341.957976404	3958.934511264	0.100031	0.502835	0.268981	-0.00607517	-0.000180298	0.00169988	0
4354.156052481	3955.229539534	0.0988285	0.490469	0.269456	-0.00697945	-0.000238075	0.00162462	0
4350.247553173	3954.099495046	0.0988777	0.475069	0.220439	-0.00736736	-1.60728e-05	0.00156508	0
4348.117743942	3947.363340071	0.106538	0.460394	0.171403	-0.00700948	0.000543331	0.00156508	0
4355.205560884	3943.388506971	0.101764	0.44046	0.13496	-0.00585452	0.000401412	0.00179069	0
4345.719784032	3945.662434992	0.0926758	0.461918	0.139396	-0.00629311	-0.000227228	0.00176375	0
4361.149353792	3955.520591941	0.100584	0.431886	0.161802	-0.00653305	0.000109748	0.00188874	0
4367.689749888	3961.915960442	0.105166	0.443528	0.20712	-0.00685432	-0.000397106	0.00192658	0
4377.390218353	3948.826386571	0.0937163	0.460816	0.165436	-0.0065301	-0.000115264	0.00148916	0
4386.514611913	3963.483232247	0.0606693	0.464817	0.16919	-0.00629402	0.000387524	0.000688221	0
4389.575036581	3965.572927986	0.0387973	0.424742	0.112635	-0.0056428	0.000560914	0.000860639	0
4396.929721186	3969.060799703	0.0908566	0.430884	0.137267	-0.00553671	7.2264e-05	0.002015	0
4376.509640601	3967.935512387	0.0990821	0.451799	0.123192	-0.0054229	0.000287444	0.0017449	0
4390.181476238	3975.786575395	0.0977082	0.476595	0.135035	-0.00551159	3.1933e-05	0.0017194	0
4377.660079724	3979.431001304	0.0949593	0.491474	0.133954	-0.0062291	1.43198e-05	0.00153958	0
4401.903125109	3976.158499719	0.0955874	0.47108	0.154171	-0.00653004	-0.000397106	0.0015221	0
4352.63995334	3971.879640107	0.107357	0.449605	0.126576	-0.00582399	0.000134123	0.00148497	0
4384.236400312	3970.772949007	0.0919131	0.442087	0.148354	-0.00586315	0.000138386	0.0017845	0
4358.840349769	3971.009510176	0.0916023	0.45326	0.166926	-0.00573889	0.000314338	0.00171038	0
4369.657898899	3971.153090264	0.0906134	0.471258	0.179557	-0.00581035	-8.9375e-05	0.00176758	0
4361.007794183	3977.031224471	0.0905679	0.492984	0.239466	-0.00711407	-0.000100806	0.0017556	0
4342.042227894	3969.060799703	0.0968699	0.49313	0.257175	-0.0071517	-2.56931e-05	0.00144874	0
4338.226961198	3962.796469657	0.0903667	0.463831	0.259159	-0.00666833	-0.000383752	0.0016904	0
4329.004630628	3962.441844138	0.0955744	0.482333	0.228476	-0.00603909	0.000131304	0.0017812	0
4334.013959044	3952.371344347	0.0888698	0.46517	0.231136	-0.00582351	-0.00019555	0.00168722	0
4305.843596759	3948.189790518	0.0961569	0.463795	0.236185	-0.00560086	0.000372942	0.00177837	0
4326.842745958	3956.329743582	0.0880785	0.471388	0.241006	-0.005793	-0.000178807	0.00170745	0
4309.512171775	3945.86612843	0.0914564	0.488704	0.260186	-0.00630797	-0.000149172	0.00144178	0
4326.758066796	3956.274387404	0.0914271	0.487957	0.289441	-0.00772272	-5.39321e-05	0.00187571	0
4311.518811314	3946.681767123	0.0878669	0.50329	0.290327	-0.00823222	1.32533e-06	0.00176862	0
4321.479304682	3947.727479933	0.0390941	0.493892	0.189013	-0.00580506	0.00025623	0.00052831	0
4329.132077044	3930.282499234	0.0382794	0.345385	0.0594133	0.000137147	-7.63449e-05	0.00052831	0
4332.380677629	3926.344858566	0.0929655	0.45951	0.112667	-0.00269102	-0.000325218	0.00142818	0
4309.871844378	3936.594400997	0.0844589	0.486065	0.131292	-0.00470241	-0.000527573	0.00153343	0
4330.11957293	3931.16819809	0.0900774	0.446683	0.152983	-0.00489666	-0.000383752	0.00150664	0
4337.623087577	3938.81556766	0.088337	0.42979	0.179108	-0.00530557	-0.000199253	0.00173248	0
4345.534601824	3937.586919979	0.0901317	0.464668	0.170674	-0.00530508	-0.000383752	0.00156091	0
4373.309367013	3942.805969686	0.0834424	0.470097	0.188869	-0.00561874	-0.000630454	0.00150231	0
4357.033433304	3941.063547473	0.094461	0.471665	0.199809	-0.00591775	-0.00028701	0.00145355	0
4370.78780974	3944.909072	0.0803554	0.408265	0.172942	-0.00516212	-0.000887491	0.00180372	0
4338.365099427	3947.383233698	0.0917422	0.445713	0.166241	-0.00519935	-3.51061e-05	0.00167442	0
4367.564869507	3954.70884548	0.0724975	0.438954	0.193659	-0.00523241	-0.000626719	0.00178332	0
4325.302697155	3956.109616279	0.0914521	0.459155	0.207034	-0.00499986	-0.000192334	0.00184969	0
4356.738766927	3959.554240982	0.0932791	0.46119	0.234765	-0.00610708	-1.44187e-05	0.00153984	0
4310.005278209	3954.234425731	0.0921281	0.496936	0.235224	-0.00597168	-0.000171028	0.00130934	0
4312.691061736	3957.213712558	0.0860115	0.470563	0.228522	-0.00567026	-0.000556764	0.00130934	0
4289.682706962	3954.343408207	0.081108	0.472793	0.207683	-0.00558633	-4.5831e-05	0.00166913	0
4289.204569067	3952.908904737	0.0673855	0.456159	0.189364	-0.0053917	0.000206242	0.00130934	0
4278.573485163	3951.406503454	0.0520912	0.471199	0.164082	-0.00487183	0.000492099	0.00130934	0
4288.048997874	3946.202590203	0.0905982	0.502814	0.18691	-0.00571106	1.69406e-21	0.0015128	0
