3722.542110115	3031.509409381	-0.00247924	0.122114	0.068155	-0.00312001	-0.00103337	0.00138237
3611.384669759	3031.840667666	0.0104337	0.178457	0.0839711	-0.00342461	-0.00104968	0.00138237
3546.32877651	3026.866566926	0.0110911	0.151255	0.0834459	-0.00312455	-0.00127294	0.00138237
3491.661490921	3032.434991321	0.00959622	0.12544	0.0476874	-0.00285125	-0.0012386	0.00138237
3446.312062601	3024.70106855	0.0114562	0.136277	0.0653841	-0.00239402	-0.00131365	0.00138237
3426.19301738	3022.495998373	0.00970448	0.140285	0.0646681	-0.00233065	-0.00102582	0.0013854
3393.11328762	3018.806612335	0.0153764	0.137434	0.0678522	-0.00288948	-0.000995692	0.0014858
3385.699016006	3022.633130842	0.0130344	0.160029	0.100842	-0.00328844	-0.0014246	0.00151315
3371.585541378	3021.693860543	0.00788586	0.187335	0.0967349	-0.00364958	-0.00142105	0.00135766
3374.251831587	3026.003204799	0.0149612	0.212345	0.119789	-0.00388504	-0.00129578	0.00137047
3365.975613848	3024.289422267	0.0174398	0.210276	0.139027	-0.00467039	-0.00110825	0.00126487
3362.050940517	3030.016880504	0.0157974	0.157863	0.138001	-0.00481376	-0.00124179	0.00137619
3361.407590492	3031.988253063	0.011598	0.139299	0.0843184	-0.00402684	-0.0012548	0.0014617
3358.735213466	3032.796861754	0.0218499	0.117247	0.148483	-0.00582512	-0.000537324	0.00238485
3364.293800023	3046.069343409	0.0419148	0.149242	0.245765	-0.010824	0.000959174	0.00335125
3339.425714821	3032.155997679	0.0433598	0.216273	0.290669	-0.0134684	0.00190172	0.00376656
3333.542409843	3025.874534226	0.0299425	0.249333	0.274351	-0.011763	0.00134755	0.00360799
3338.439385926	3031.498956452	0.0369996	0.328501	0.26666	-0.0120779	0.00113646	0.00362618
3329.816748943	3024.388725088	0.0247875	0.313211	0.286107	-0.0121603	0.000864498	0.00350132
3336.870045882	3028.526093781	0.0274417	0.253507	0.26323	-0.012422	0.000982472	0.00312149
3340.547012252	3028.96262799	0.029611	0.209503	0.248583	-0.0116547	0.00102361	0.00306755
3334.647299334	3030.875513925	0.0220845	0.178086	0.247529	-0.0112371	0.000346898	0.00306755
3327.899931078	3030.017129383	0.0386111	0.160752	0.225491	-0.0109385	0.000573879	0.00317433
3330.564898067	3030.354609649	0.0304069	0.171818	0.251913	-0.01009	0.000555447	0.0030974
3321.057555557	3025.016647442	0.0342656	0.243613	0.20835	-0.00971559	0.000242025	0.00319041
3326.38087343	3021.551999369	0.0250494	0.274741	0.231485	-0.00972399	-2.56788e-05	0.00309189
3328.020344184	3026.545263811	0.0213924	0.270427	0.262603	-0.0113792	0.000612782	0.00298975
3334.926498954	3025.826251651	0.0255294	0.243705	0.254012	-0.0110024	0.00043736	0.00289243
3334.936026145	3017.591832704	0.0232498	0.222426	0.215819	-0.010073	0.000175147	0.00274457
3328.961683566	3021.716259675	0.0314423	0.172216	0.21148	-0.0101055	0.000408583	0.00281812
3342.656226442	3025.225457135	0.0313919	0.187228	0.215957	-0.00915103	-2.16658e-05	0.00282425
3329.199334049	3023.505701501	0.0247873	0.214532	0.203751	-0.00926209	9.40141e-06	0.00295789
3332.764355926	3021.735921136	0.0252048	0.207926	0.222293	-0.00887205	-9.27269e-05	0.00297639
3325.265927459	3020.569175201	0.0252948	0.257746	0.206078	-0.00896127	4.12021e-05	0.00282078
3340.08891316	3024.979315555	0.0260564	0.2555	0.272214	-0.00984247	0.00030461	0.00287719
3340.441683864	3023.982305269	0.0296292	0.2331	0.27448	-0.0107179	0.000136971	0.00274457
3338.645279106	3023.545522181	0.0272914	0.201807	0.251701	-0.01009	-1.6586e-05	0.00267691
3335.660357292	3024.479814895	0.0315124	0.199637	0.222669	-0.00964278	-7.05694e-05	0.00274457
3323.973669882	3016.731208249	0.0299762	0.181008	0.225008	-0.00971639	0.000157617	0.00266959
3329.869413136	3018.73841942	0.0306569	0.189148	0.227578	-0.00929671	-0.000176862	0.00276335
3321.425675625	3015.004483995	0.0346059	0.193793	0.216963	-0.00897979	5.50776e-05	0.00283239
3323.36842862	3017.824534805	0.0317732	0.25607	0.238153	-0.00860618	-8.86386e-05	0.00276461
3320.641534891	3020.894211505	0.0409657	0.295546	0.240539	-0.0092967	-3.41797e-05	0.00289753
3337.809268111	3020.070918937	0.0355588	0.252326	0.291154	-0.00997327	3.81156e-05	0.00244803
3330.658317465	3020.647821045	0.0340024	0.246652	0.234931	-0.00988005	-0.000135821	0.00272342
3329.760909019	3019.58062681	0.0277297	0.190656	0.222002	-0.00935555	-0.000291862	0.00259261
3331.843394146	3017.57963762	0.0405506	0.177977	0.214084	-0.00927841	-0.000139877	0.00275895
3325.160334428	3023.204557605	0.0414401	0.186182	0.235016	-0.00882933	-0.000326278	0.00284574
3331.401173705	3023.453187978	0.0307505	0.199555	0.21892	-0.00881214	-0.000376712	0.00272611
3325.086763343	3023.076633669	0.0405915	0.241452	0.233952	-0.00915273	-3.84188e-05	0.00273658
3338.354170497	3026.848149861	0.0349472	0.27562	0.286272	-0.0101479	-9.58549e-05	0.00254859
3336.483665366	3025.807585707	0.0397928	0.252934	0.279955	-0.0102602	-2.23068e-05	0.0024617
3343.996119974	3026.455169522	0.0328487	0.207747	0.234946	-0.00973305	-0.000236192	0.00270199
3337.256955687	3023.417100487	0.0290579	0.224748	0.207798	-0.00973305	-0.000358938	0.00239087
3331.47156906	3024.670954161	0.0292173	0.163195	0.232272	-0.00897827	-0.000298602	0.00247512
3342.548516257	3023.08658884	0.0295235	0.18103	0.205448	-0.00897827	-0.000353187	0.00266717
3334.84287139	3026.38249678	0.0409665	0.193089	0.214055	-0.00851903	-0.000188238	0.00250513
3325.425507906	3027.121917039	0.0363949	0.232492	0.214992	-0.00897827	-0.000426079	0.00266972
3342.820835128	3024.308834848	0.0483882	0.291924	0.219316	-0.00895194	-0.000142261	0.00275443
3341.450507515	3027.375773877	0.0287663	0.295015	0.241695	-0.00904044	-0.000449304	0.00231294
3344.35841787	3026.469853398	0.0348384	0.217854	0.203155	-0.0090964	-0.000220079	0.00256334
3336.986489326	3029.499211659	0.033521	0.187614	0.19284	-0.00764793	-0.00055482	0.00257954
3346.561580747	3023.041790574	0.037824	0.194258	0.197771	-0.00822617	-0.000440094	0.00257709
3344.438605059	3033.32075258	0.0293927	0.174721	0.203854	-0.00817564	-0.000536176	0.00253018
3344.357888581	3026.136604079	0.0315331	0.22108	0.184479	-0.00817564	-0.000450849	0.00265802
3348.920089765	3032.688848158	0.0318885	0.262336	0.223904	-0.0082369	-0.000425145	0.00231294
3349.757953269	3030.209015287	0.0370044	0.262898	0.232779	-0.00925666	-0.000428675	0.00237667
3353.628374541	3024.660252353	0.0303071	0.251633	0.240688	-0.00905055	-0.000537635	0.0023907
3347.458459906	3029.027087717	0.0246729	0.216487	0.197866	-0.00918405	-0.00054193	0.00249024
3341.886111851	3027.641576918	0.0352559	0.173035	0.19644	-0.00830767	-0.000366052	0.00245171
3341.699537697	3027.448944377	0.0300203	0.186413	0.207227	-0.00815839	-0.000559979	0.00254347
3335.185056328	3027.098024631	0.0376107	0.186105	0.194817	-0.00777928	-0.00043512	0.00245998
3333.430994639	3028.529080332	0.0322673	0.248267	0.225473	-0.00831846	-0.000700519	0.0023292
3336.72713802	3028.030077431	0.0407743	0.267353	0.243467	-0.00938636	-8.94431e-05	0.00253153
3332.543378028	3028.704291326	0.0352825	0.235057	0.264498	-0.00944893	-0.000482171	0.0024314
3336.520980196	3026.17269157	0.0299229	0.242287	0.201582	-0.00911316	-0.000548842	0.00247035
3326.245375605	3022.285695405	0.0333929	0.18356	0.205771	-0.0084978	-0.000461466	0.00212446
3328.247408899	3028.437741647	0.035126	0.187604	0.182702	-0.0084978	-0.000321736	0.00270622
3329.149845585	3024.429292407	0.0468565	0.204389	0.197059	-0.007206	-0.000707429	0.00282827
3326.198798228	3023.254333456	0.0333533	0.226056	0.177572	-0.00681398	-0.000548958	0.00261117
3330.704894843	3022.738406765	0.0340206	0.288623	0.22067	-0.00732816	-0.000527833	0.00272714
3335.198023893	3018.279486078	0.031602	0.295026	0.245289	-0.00781341	-0.000522654	0.00264317
3340.508903489	3024.828494728	0.0344264	0.225191	0.190508	-0.00833859	-0.00011196	0.00244101
3336.408506416	3023.27275052	0.0279331	0.199856	0.188035	-0.00701622	-0.00064372	0.0024831
3333.515151492	3017.783469728	0.0275574	0.196184	0.169353	-0.00690275	-0.000616407	0.00264127
3336.518863043	3021.122682658	0.0302132	0.170047	0.201382	-0.00681799	-0.00062925	0.00223751
3333.731365794	3021.459416287	0.0360844	0.204782	0.178236	-0.0065939	-0.000608267	0.00223751
3330.867121731	3022.8867388	0.0329949	0.235271	0.184823	-0.00720784	-0.000572842	0.00223751
3332.056962007	3020.645332252	0.0276841	0.278336	0.203541	-0.00776839	-0.000665741	0.00242706
3337.943972003	3032.004927972	0.0423821	0.25936	0.208132	-0.00747897	-0.000385131	0.0029179
3334.509684356	3022.172953104	0.0292999	0.275381	0.217598	-0.0075914	-0.000618621	0.0026338
3342.091740386	3025.840188889	0.0276343	0.205555	0.190162	-0.00776839	-0.000609893	0.00264358
3333.787735007	3027.842671354	0.0339361	0.164886	0.203918	-0.0076731	-0.000511214	0.00223751
3335.671736992	3023.216752689	0.0261635	0.191722	0.199931	-0.00827995	-0.000545771	0.00257729
3329.384849625	3023.104757025	0.0306414	0.163036	0.2209	-0.00728703	-0.000455712	0.00223751
3326.581473726	3018.721246751	0.0316759	0.199411	0.202326	-0.0075843	-0.000540205	0.00223751
3327.949419541	3023.707293695	0.0317396	0.219831	0.215232	-0.00717616	-0.000684268	0.00223751
3323.669593708	3021.136122138	0.0284539	0.267762	0.22165	-0.00831801	-0.000645657	0.00236916
3335.04876457	3024.087332314	0.0315097	0.266487	0.251586	-0.00831801	-0.000669404	0.00223751
3325.239198396	3024.042782928	0.0298841	0.246538	0.232486	-0.00872191	-0.000756844	0.0023728
3339.821357884	3024.791909477	0.0257883	0.20797	0.204633	-0.00766134	-0.000685847	0.00223751
3328.77113975	3024.449451626	0.0188694	0.185252	0.178619	-0.00802098	-0.00059013	0.00223751
3324.268483509	3017.823539288	0.0295793	0.178973	0.196309	-0.00732033	-0.000704601	0.00223751
3327.938039841	3021.270268055	0.0277033	0.209909	0.199664	-0.00702071	-0.000713802	0.00253344
3326.733114846	3019.940506209	0.0386615	0.163513	0.175865	-0.00700041	-0.000405958	0.00241812
3329.309161387	3015.811599411	0.027783	0.23269	0.190229	-0.00691892	-0.000687186	0.00253355
3326.680186008	3022.611727226	0.0276145	0.306905	0.211881	-0.00784669	-0.0004862	0.00264816
3337.881515975	3014.80961154	0.0314098	0.251795	0.225051	-0.00746452	-0.00052764	0.00261845
3341.039515089	3020.157528917	0.0285481	0.252053	0.173916	-0.00705954	-0.000767739	0.00241107
3335.483574973	3021.246624526	0.0270464	0.192378	0.187746	-0.00741616	-0.000592595	0.00235954
3340.406750831	3021.796149915	0.0262487	0.17431	0.183418	-0.00691101	-0.000644087	0.00257362
3337.556003622	3022.46712838	0.0442052	0.171196	0.163183	-0.00594288	-0.000558393	0.00223751
3342.708625992	3025.175432405	0.0268812	0.204596	0.182495	-0.00637352	-0.000641616	0.00223751
3341.921574172	3023.254831214	0.0422293	0.280415	0.203276	-0.00770873	-0.000476225	0.00247673
3346.309904123	3026.369555059	0.0355053	0.231385	0.208797	-0.00769635	-0.000613892	0.00257425
3347.149884781	3023.081113496	0.0410012	0.23818	0.169043	-0.0074647	-0.000724733	0.00214759
3346.011385477	3026.240137848	0.0271031	0.186284	0.169875	-0.00678239	-0.00100211	0.00211495
3347.565905447	3027.423558693	0.0315576	0.166764	0.161866	-0.00697677	-0.000676045	0.0022732
3338.646602327	3026.533068728	0.0368698	0.194353	0.170674	-0.00601362	-0.000674271	0.00240448
3338.397042856	3031.389449581	0.0386148	0.175594	0.171278	-0.00630892	-0.000945503	0.00224916
3335.41767857	3027.266267005	0.0413446	0.190398	0.171324	-0.00569024	-0.000658248	0.00204786
3338.396778212	3025.740886067	0.0325897	0.275936	0.180606	-0.00634087	-0.000646922	0.00247749
3339.024778874	3030.797863598	0.0371396	0.257001	0.200624	-0.00717519	-0.00051367	0.00221424
3337.569500475	3022.085098728	0.0299558	0.238582	0.202207	-0.00699329	-0.000600218	0.00236385
3336.119514961	3030.305829316	0.0346632	0.186449	0.159403	-0.00723102	-0.0007211	0.0022742
3332.058285228	3023.155528392	0.0398263	0.150553	0.17234	-0.0066786	-0.000505845	0.00215923
3325.828561006	3021.713522004	0.037615	0.200399	0.148794	-0.00528438	-0.000623315	0.0022338
3328.825127165	3024.352139838	0.0375356	0.174031	0.177473	-0.00469883	-0.000737701	0.0021555
3319.596719631	3024.637355462	0.0449404	0.21847	0.145171	-0.0055093	-0.000741643	0.0023802
3326.975528924	3026.650041976	0.0319725	0.266447	0.174989	-0.00543906	-0.000740411	0.00238606
3326.759579265	3028.089808452	0.0312894	0.275537	0.201965	-0.00675694	-0.000676405	0.00226254
3338.107257468	3025.760796407	0.0335436	0.220085	0.200416	-0.00694002	-0.000459331	0.00235203
3329.790549168	3021.364593292	0.0282925	0.190064	0.193307	-0.00664375	-0.00076997	0.00198635
3332.634680273	3022.818545885	0.0300541	0.186596	0.179199	-0.00643606	-0.000781467	0.00213959
3328.269374366	3018.650067285	0.0397502	0.177125	0.191562	-0.00577079	-0.000785112	0.0018691
3324.8313817	3022.183406032	0.0316956	0.200345	0.171277	-0.00588486	-0.000541721	0.0020736
3326.237436279	3019.910640699	0.028043	0.225154	0.195592	-0.0058311	-0.000744296	0.00219798
3336.949439139	3029.712998936	0.0271605	0.248459	0.216136	-0.00702994	-0.000633844	0.00206547
3333.533411941	3026.694093604	0.0251775	0.251657	0.239471	-0.00727844	-0.000554489	0.00222965
3340.175187165	3023.087086598	0.0227172	0.197137	0.18629	-0.00657409	-0.00065455	0.00242676
3346.19160817	3030.230418902	0.0393131	0.189446	0.13786	-0.00535802	-0.00014021	0.00227435
3342.932250332	3028.438239405	0.0318607	0.195922	0.159226	-0.00503503	-0.000658867	0.00221898
3332.036849049	3026.249844138	0.0368141	0.182865	0.136511	-0.00478614	-0.000626102	0.00235777
3336.776361839	3021.886493084	0.0308564	0.202173	0.139269	-0.00430601	-0.000988829	0.00219876
3333.378859734	3025.908132925	0.0367838	0.239711	0.139952	-0.00470419	-0.000611475	0.00219876
3347.563523649	3032.089546918	0.0407056	0.261563	0.209564	-0.00597399	-0.000831118	0.00219876
3345.58266189	3031.448931722	0.041943	0.291294	0.217685	-0.00596998	-0.000672023	0.00219876
3340.74337824	3025.845913112	0.0351807	0.2065	0.207049	-0.00635848	-0.000825369	0.00213347
3341.609294029	3025.522370083	0.027688	0.216646	0.141488	-0.00567821	-0.000894591	0.00219876
3332.223687847	3022.07414804	0.0284372	0.190742	0.161979	-0.00517	-0.000906964	0.00210088
3335.338285313	3024.411870859	0.039501	0.202964	0.163315	-0.00586895	-0.000759835	0.00221175
3333.437610744	3019.535579665	0.0330994	0.203391	0.171121	-0.00544731	-0.000780948	0.00205811
3330.7956678	3018.934536271	0.0321355	0.216559	0.170054	-0.00599408	-0.000878381	0.0022038
3338.16230346	3028.80284751	0.0326574	0.252923	0.20983	-0.0062939	-0.00087739	0.00213043
3335.073641124	3023.116703229	0.0417483	0.263931	0.225261	-0.00714319	-0.000567919	0.00204497
3340.743113596	3022.345675305	0.0319666	0.269149	0.237275	-0.00725495	-0.000657615	0.00227552
3341.054864452	3021.308097701	0.0256158	0.188826	0.174555	-0.00692696	-0.000924463	0.00179195
3337.400392838	3015.935790158	0.0411532	0.164716	0.163645	-0.00642542	-0.000616145	0.00205711
3334.732514763	3023.761798251	0.0215586	0.184688	0.17088	-0.00573738	-0.00103055	0.0019441
3333.297878612	3023.336961368	0.0389356	0.175624	0.159219	-0.00609388	-0.000804691	0.00199833
3342.551691988	3025.229688083	0.0355837	0.208218	0.184376	-0.00598794	-0.000884265	0.00203939
3341.242232538	3021.763048975	0.0396786	0.276376	0.198254	-0.00674355	-0.000818023	0.00227747
3347.147502983	3028.328234776	0.0309873	0.271592	0.223213	-0.00680724	-0.000809485	0.00223577
3353.840089892	3028.939979978	0.0251063	0.232047	0.172541	-0.00686041	-0.000882514	0.00235454
3353.298627881	3024.29838192	0.0318979	0.194271	0.170866	-0.00604224	-0.000953619	0.0019267
3353.873964349	3027.469352475	0.0303242	0.166944	0.156291	-0.00576407	-0.00103576	0.0019267
3343.040225161	3026.540535105	0.0342531	0.204695	0.151017	-0.00479734	-0.000978248	0.0019267
3341.333799427	3027.285181829	0.0278434	0.201379	0.153239	-0.00585976	-0.00103309	0.00204028
3357.793080152	3028.520369559	0.0307714	0.244508	0.200117	-0.00616197	-0.00102592	0.00219805
3349.161445265	3037.567877024	0.0342311	0.251269	0.210703	-0.00711048	-0.000722958	0.00208072
3348.226986632	3029.204040865	0.0322246	0.235579	0.186577	-0.00631502	-0.000885013	0.00231412
3347.442051966	3033.228169498	0.0309959	0.227741	0.144114	-0.00576812	-0.00113142	0.00213977
3340.020634959	3019.669476703	0.0390145	0.184139	0.153929	-0.00523403	-0.000915857	0.00202462
3335.207551084	3024.289671146	0.0356219	0.201727	0.152014	-0.00520201	-0.00105283	0.00218641
3337.717436577	3024.042285169	0.0462932	0.201401	0.150741	-0.00481493	-0.000691956	0.00228066
3334.958256257	3020.904664433	0.0374966	0.238925	0.177085	-0.00505081	-0.00093072	0.00220255
3339.060505839	3030.447192731	0.0349565	0.276957	0.192298	-0.0059779	-0.000972147	0.00203209
3345.065017856	3030.466605313	0.035311	0.247731	0.223291	-0.00641794	-0.000914306	0.00207835
3335.636803959	3026.817288834	0.0310645	0.231768	0.180642	-0.00631247	-0.0010616	0.00215277
3338.115990727	3026.104000896	0.0324363	0.184911	0.17219	-0.00530048	-0.00100898	0.0019267
3330.602742186	3022.899182762	0.0376861	0.187985	0.158307	-0.00577213	-0.000927192	0.0019267
3329.210713749	3021.215016861	0.0329818	0.186361	0.183927	-0.00559067	-0.000837873	0.0019267
3326.442270882	3024.011424142	0.0434833	0.194459	0.167601	-0.00571729	-0.000893825	0.00222637
3331.306166441	3028.385725883	0.0391492	0.205014	0.182266	-0.00530065	-0.000647936	0.00218056
3331.359359924	3032.548231381	0.0421652	0.252815	0.187196	-0.00612367	-0.000943922	0.00212677
3336.599314876	3030.256053465	0.0441725	0.277585	0.225069	-0.00655727	-0.000881593	0.00206065
3328.556248668	3023.695347491	0.0394007	0.240364	0.218281	-0.00641346	-0.000714178	0.0019267
3341.971591924	3027.064674811	0.0421083	0.15929	0.168375	-0.00594217	-0.000613779	0.00208671
3337.446176283	3023.439997378	0.0326738	0.173929	0.16054	-0.00559635	-0.000933807	0.00187634
3329.209919816	3020.413376789	0.0428244	0.175226	0.157791	-0.00552385	-0.000852595	0.0019267
3338.349671546	3022.832234244	0.0292185	0.18105	0.163013	-0.0051127	-0.00112032	0.0019267
3326.569300093	3022.651050148	0.0366727	0.233456	0.162832	-0.00557083	-0.000917394	0.00214498
3344.23906334	3026.558454411	0.0318122	0.253669	0.203451	-0.0054707	-0.0010381	0.00215961
3341.794809605	3024.992755034	0.017346	0.289445	0.196389	-0.00583384	-0.00104062	0.00248219
3349.617427204	3026.097778915	0.023409	0.219701	0.198841	-0.0061182	-0.0011152	0.00205602
3342.718153183	3026.597279575	0.024231	0.214005	0.147116	-0.00573406	-0.00114099	0.00231972
3340.763755843	3021.570665313	0.0303602	0.172802	0.156848	-0.00498291	-0.00133822	0.00220791
3341.116526548	3022.248363517	0.035055	0.175232	0.146426	-0.00466161	-0.000968833	0.00237385
3332.449164696	3025.400917008	0.0353966	0.207101	0.162259	-0.00459444	-0.000955333	0.00226637
3335.060408914	3028.324750466	0.0326144	0.231635	0.159957	-0.00488893	-0.00111086	0.00240363
3343.426870322	3030.18462512	0.0384763	0.272373	0.213525	-0.00572519	-0.000964023	0.00233812
3331.636177746	3025.994494025	0.0279991	0.258318	0.225748	-0.00633258	-0.000763292	0.00215426
3339.40295542	3027.178661509	0.030334	0.200969	0.18861	-0.00587874	-0.000779973	0.00208031
3336.080082977	3026.503700976	0.034437	0.196799	0.173688	-0.00503977	-0.00116784	0.00215426
3333.612011265	3026.634611463	0.0311799	0.190914	0.156573	-0.00521755	-0.000603566	0.00215426
3328.806866715	3032.867792341	0.0379491	0.1757	0.173717	-0.00509892	-0.00104302	0.00220742
3330.525995371	3026.420824185	0.0415067	0.212279	0.141123	-0.00420058	-0.00088899	0.00229869
3332.785262817	3021.42855526	0.0308749	0.222695	0.158358	-0.0042614	-0.00104258	0.00215426
3342.654638577	3033.83692815	0.0264835	0.244983	0.206447	-0.0064127	-0.00110829	0.00215426
3347.267122157	3030.601746747	0.0292897	0.254579	0.230579	-0.00683473	-0.000751565	0.00215426
3340.475822965	3032.170432675	0.0276169	0.213184	0.220628	-0.00668792	-0.000832913	0.00215426
3350.74534074	3037.91207703	0.0304347	0.166861	0.146643	-0.0055896	-0.00076908	0.00215426
3342.16716398	3028.279952201	0.0414993	0.168682	0.153408	-0.00516889	-0.00113544	0.00208638
3337.786244067	3035.329705906	0.0323156	0.20288	0.136446	-0.00471882	-0.00105118	0.00224827
3340.231556378	3027.440233603	0.0340587	0.189344	0.158299	-0.00461276	-0.00113141	0.00209895
3336.156565147	3029.977308703	0.0355215	0.260721	0.170414	-0.00572519	-0.00107956	0.00235926
3351.39345436	3034.899393679	0.0348853	0.253708	0.204214	-0.00611232	-0.000999123	0.00229488
3350.234577454	3033.812537983	0.0389249	0.28129	0.185165	-0.00576311	-0.000761765	0.00223638
3353.231408256	3033.32747232	0.0322483	0.213329	0.148019	-0.00499076	-0.00121652	0.00212752
3346.969662088	3030.63061674	0.0390192	0.206029	0.128102	-0.00481223	-0.00103679	0.00207043
3332.660086115	3027.276471055	0.0364004	0.193539	0.141375	-0.00438467	-0.00103836	0.00232559
3334.647828623	3029.566409057	0.0337218	0.183769	0.139241	-0.00441214	-0.00107857	0.00231633
3326.342235378	3019.533090873	0.0384251	0.206016	0.163853	-0.00499186	-0.00114453	0.00206833
3340.557598019	3025.382251064	0.0306425	0.243768	0.190328	-0.00461575	-0.00111337	0.00225256
3331.226243896	3031.866799987	0.0407742	0.253389	0.194018	-0.00537727	-0.000781477	0.00220619
3336.042238857	3024.115704548	0.0283254	0.235674	0.229694	-0.00599657	-0.000829842	0.00195905
3337.081761234	3023.877029345	0.0286805	0.21912	0.180287	-0.00616993	-0.00098218	0.00230742
3337.014276966	3020.303869918	0.0392843	0.183996	0.175258	-0.00562078	-0.00106182	0.0021979
3325.686711721	3020.714769564	0.0347135	0.207718	0.162521	-0.00592333	-0.00106351	0.00213121
3327.15972128	3021.997990989	0.0258665	0.200127	0.18086	-0.00498452	-0.000971651	0.00195905
3330.070278076	3024.452189298	0.0351354	0.218199	0.149401	-0.00514258	-0.000959166	0.00195905
3338.331675741	3020.799388509	0.0303216	0.251191	0.194763	-0.00532081	-0.00117612	0.00228603
3339.904720804	3027.369303016	0.0304619	0.248558	0.20983	-0.00663937	-0.000655246	0.00214527
3336.951820937	3021.640600383	0.0261135	0.258733	0.226211	-0.00681502	-0.000873194	0.00233673
3341.700066986	3025.489518022	0.0261753	0.198404	0.192918	-0.00642376	-0.00101759	0.00201232
3334.6830263	3027.652776485	0.0312151	0.177938	0.162959	-0.00593324	-0.000799081	0.00207566
3344.419550677	3026.954670181	0.0348639	0.169421	0.179294	-0.00541356	-0.00120685	0.00192686
3340.002639154	3028.232416264	0.0431966	0.190011	0.158281	-0.0054652	-0.00101344	0.00240838
3333.129564907	3023.887731153	0.0298119	0.227415	0.172281	-0.00502321	-0.00122084	0.00227611
3337.486931488	3031.118917834	0.0283669	0.303232	0.191752	-0.00629539	-0.000997954	0.00233634
3346.97230853	3034.056439651	0.0347331	0.273559	0.218669	-0.00607739	-0.000908536	0.00217768
3342.813425091	3029.447942533	0.0339391	0.288982	0.204666	-0.00598131	-0.00105663	0.00222172
3348.082226261	3031.971080394	0.0310733	0.228047	0.167457	-0.00561439	-0.00104225	0.00229301
3344.792698985	3033.783916869	0.0353262	0.213831	0.12831	-0.00512969	-0.000843259	0.00232725
3326.302803394	3027.719227245	0.0229843	0.19835	0.152467	-0.00458594	-0.000645614	0.00222176
3332.125504852	3029.604487582	0.0273762	0.18901	0.153817	-0.00543294	-0.000837887	0.00226099
3323.953821568	3022.220240162	0.0331796	0.230628	0.179799	-0.00572214	-0.00070661	0.00240795
3327.050158585	3024.388973968	0.0249518	0.323722	0.196682	-0.00673687	-0.000938299	0.00222479
3331.220421724	3028.327985896	0.0286117	0.289611	0.2059	-0.00796077	-0.000633325	0.00187583
3336.581583716	3028.264272808	0.0424159	0.207469	0.18712	-0.00591331	-0.000863047	0.00187583
3331.13996989	3025.419831831	0.0387673	0.14906	0.177224	-0.0061881	-0.000791665	0.00187583
3331.988683806	3023.236911908	0.0341535	0.217336	0.181032	-0.00603165	-0.00108948	0.00198893
3341.895374397	3021.828255339	0.0440253	0.168716	0.14112	-0.00545323	-0.00118044	0.00206843
3336.13777541	3022.628153256	0.0445817	0.133955	0.140833	-0.00533436	-0.000829221	0.00187583
3349.390627134	3030.593782611	0.0526608	0.141366	0.13653	-0.00451015	-0.000995683	0.00187583
3344.968422726	3030.199060117	0.0528303	0.213342	0.112785	-0.00487473	-0.00105199	0.00218726
3359.785586255	3024.733422853	0.0462491	0.285484	0.157865	-0.00553411	-0.00110499	0.00231116
3350.976110473	3025.155770945	0.0370747	0.250693	0.136866	-0.00444218	-0.000986795	0.00203225
3370.191925076	3024.584344181	0.0389187	0.210417	0.0957916	-0.00425599	-0.000729817	0.00195317
3358.736272043	3025.568661624	0.0284286	0.200916	0.0906229	-0.00369093	-0.00104754	0.00191673
3347.828167839	3020.706805427	0.0283993	0.188329	0.0919995	-0.00375262	-0.000983783	0.00213514
3345.632150354	3021.562452297	0.0323483	0.162843	0.104052	-0.00351538	-0.000987525	0.00205676
3346.057168922	3017.021152578	0.0321313	0.213044	0.110329	-0.00438201	-0.000930022	0.00245229
3346.276294311	3021.611232631	0.0294499	0.234643	0.126609	-0.00458593	-0.00107198	0.00186045
3352.08258783	3026.726945665	0.0239015	0.253272	0.149472	-0.00577556	-0.000928551	0.00195082
3348.533709248	3030.653015873	0.0340437	0.229425	0.172307	-0.00582739	-0.000892171	0.00202746
3342.170075066	3013.132912016	0.0252521	0.197417	0.122886	-0.00532996	-0.00110749	0.00180621
3336.990458989	3024.000722334	0.0337305	0.196454	0.0999503	-0.0041692	-0.00086749	0.00190533
3343.01296681	3021.474349042	0.0257084	0.182954	0.116709	-0.00386737	-0.0010206	0.00190594
3328.914047612	3020.088091606	0.0327416	0.213174	0.110602	-0.00428808	-0.00103746	0.00203988
3342.25687836	3021.663746153	0.0277083	0.232915	0.141737	-0.00509408	-0.000989867	0.00194976
3349.446996346	3025.361594086	0.0346712	0.268506	0.155703	-0.00628017	-0.000672766	0.00203903
3349.398831104	3024.3981825	0.0363375	0.254648	0.167105	-0.00591189	-0.00105925	0.00190464
3336.979079288	3021.139855327	0.0353631	0.219901	0.114478	-0.00447773	-0.001116	0.00196531
3338.529364951	3023.486537798	0.0410144	0.178719	0.0988557	-0.00385622	-0.000890006	0.00196531
3339.546127927	3019.24439094	0.0394374	0.17856	0.111393	-0.00350286	-0.00110501	0.0020205
3337.625340399	3017.282475793	0.0331316	0.208405	0.100219	-0.00354919	-0.00105718	0.00196531
3341.128964825	3025.766022872	0.0364799	0.235511	0.121341	-0.0036224	-0.00105473	0.00196531
3348.679528196	3028.189609032	0.0312252	0.25023	0.162062	-0.00521407	-0.00089204	0.00196531
3350.696646209	3025.84317544	0.0367056	0.256117	0.173576	-0.00534403	-0.00101824	0.00196531
3351.549859076	3020.364845335	0.0282166	0.240547	0.134314	-0.00482404	-0.00113916	0.00196531
3349.59440316	3027.004694911	0.0351838	0.206773	0.10536	-0.00487174	-0.000965381	0.00214599
3347.326667099	3021.440252584	0.0354822	0.189895	0.112331	-0.00388884	-0.00114884	0.00196531
3341.671750057	3028.550981707	0.0350236	0.222606	0.110627	-0.00424355	-0.000900938	0.00211087
3347.31661062	3026.484288394	0.0370688	0.207094	0.129944	-0.00438158	-0.00102037	0.00210389
3343.931546792	3023.808587551	0.0422019	0.242843	0.124676	-0.00522592	-0.000803405	0.00234234
3345.787496493	3029.160238117	0.0298923	0.266994	0.160094	-0.00545226	-0.00105239	0.00214254
3347.297820883	3027.763029993	0.0394003	0.280537	0.175274	-0.00653408	-0.00105626	0.00231044
3350.781861638	3025.857859316	0.0339289	0.2534	0.189209	-0.00640714	-0.00121346	0.00196531
3350.624662989	3023.728199552	0.029193	0.215962	0.15061	-0.00651359	-0.00118364	0.00196531
3348.34184221	3017.96938253	0.0241663	0.180129	0.118959	-0.00429776	-0.0011341	0.00196531
3348.101545286	3021.309839856	0.0317584	0.162992	0.100648	-0.0043191	-0.00117525	0.00196532
3338.831588615	3022.827505538	0.0447245	0.1972	0.12313	-0.0037195	-0.00105881	0.00214705
3345.274880698	3020.332242152	0.0370251	0.207849	0.1389	-0.00470888	-0.00109881	0.00196531
3341.242761826	3024.415852927	0.0343357	0.273316	0.141465	-0.00553059	-0.00107142	0.0021761
3351.693296227	3025.342928142	0.029061	0.309988	0.178	-0.00633108	-0.0011084	0.00196531
3354.092560449	3021.523378255	0.030652	0.284235	0.151116	-0.00656605	-0.000938138	0.00210562
3364.83049844	3031.294128827	0.0339751	0.237957	0.127829	-0.00613177	-0.00109778	0.00219594
3350.633131604	3025.995738422	0.0291174	0.20591	0.106612	-0.00541834	-0.000984341	0.00196322
3343.394583731	3026.182397861	0.0316919	0.178078	0.108859	-0.00516147	-0.000814349	0.00186015
3348.477869324	3030.240125193	0.0303923	0.184256	0.119472	-0.00445229	-0.00102988	0.00183488
3345.384972681	3023.303113789	0.0223886	0.238691	0.115628	-0.0052632	-0.000832365	0.00206682
3358.972599304	3032.044748653	0.0239765	0.291446	0.127383	-0.0053111	-0.000944776	0.00214605
3354.933335039	3031.78616311	0.0218706	0.2915	0.116049	-0.0056774	-0.000932398	0.00203556
3364.993519261	3031.690593477	0.0299098	0.23881	0.0991123	-0.00522673	-0.000805131	0.00203913
3350.852521637	3023.744874462	0.0260739	0.226164	0.0750414	-0.00357303	-0.00119531	0.00198357
3352.820151186	3024.91410919	0.0260383	0.20569	0.0716217	-0.00367068	-0.000829111	0.00204554
3355.326596305	3026.540535105	0.0249933	0.207497	0.090123	-0.00372157	-0.00122505	0.00196886
3346.148206523	3022.066681663	0.0287361	0.233166	0.0846906	-0.00416737	-0.00101406	0.00203979
3353.67442263	3027.838938165	0.0318649	0.255677	0.135214	-0.00527841	-0.00104045	0.0020145
3351.798624614	3029.257301025	0.0313835	0.272597	0.136249	-0.00580612	-0.00109604	0.00213787
3353.624140234	3026.720972563	0.0378646	0.23032	0.11994	-0.00546892	-0.00106781	0.0020897
3344.822339134	3030.592040456	0.0327583	0.192075	0.0850075	-0.00517869	-0.00103202	0.00217877
3336.690617122	3020.991025534	0.0356623	0.187137	0.0782453	-0.00412436	-0.000704347	0.00200796
3338.864669139	3022.051748908	0.0341693	0.202654	0.0770319	-0.0034665	-0.00113312	0.00184316
3327.791956249	3026.249844138	0.0378458	0.201803	0.076852	-0.00344885	-0.000829939	0.00212996
3338.754577156	3027.084087393	0.0322725	0.233402	0.102922	-0.00456001	-0.00110805	0.00183357
3334.719282554	3024.856618083	0.0283771	0.296027	0.124193	-0.00582551	-0.00104831	0.00215208
3344.527790151	3025.696336681	0.0297249	0.233692	0.143747	-0.0054994	-0.0011561	0.00189634
3344.815987673	3018.46863431	0.0347119	0.218912	0.103585	-0.00530202	-0.000989862	0.00185981
3332.617478401	3017.861866692	0.0305514	0.206041	0.108965	-0.00447228	-0.00118797	0.00202095
3336.226695858	3020.750110417	0.0324239	0.193172	0.0792306	-0.00360731	-0.00100491	0.00185981
3335.630452499	3018.407161135	0.0402341	0.195722	0.0805616	-0.00331227	-0.00102648	0.00185981
3327.99546763	3014.05376525	0.0320129	0.234733	0.0967791	-0.0038199	-0.00124065	0.00185981
3327.249700304	3025.529836461	0.0338024	0.246647	0.125904	-0.00473037	-0.00100023	0.00208112
3336.164769117	3024.329242947	0.0354635	0.253124	0.159554	-0.00481414	-0.00102376	0.00185981
3333.644827144	3016.366102385	0.0283471	0.258897	0.118727	-0.00467771	-0.00132229	0.00193489
3336.50986514	3020.738164213	0.0376792	0.212216	0.116779	-0.0045378	-0.00111673	0.00185981
3334.306172974	3023.515158912	0.0387797	0.217728	0.106756	-0.00496214	-0.00133147	0.00185981
3327.132992217	3019.351657898	0.0346506	0.198022	0.116856	-0.00426445	-0.00123914	0.00185981
3327.271136484	3024.604254521	0.0317561	0.190342	0.109774	-0.00443171	-0.00126036	0.00185981
3326.587031254	3023.944973381	0.0343289	0.20351	0.120841	-0.00437044	-0.00116197	0.00185982
3334.409384208	3025.9096262	0.0267321	0.266067	0.138689	-0.00508984	-0.00136282	0.00185982
3337.400922127	3024.483796963	0.0392703	0.247397	0.158884	-0.00600483	-0.00117506	0.00185982
3338.835293634	3028.291400646	0.0298144	0.226414	0.168424	-0.0054902	-0.00107218	0.00187111
3347.017033398	3029.824247962	0.0325003	0.214981	0.0986023	-0.00550548	-0.000845861	0.00191517
3339.018162769	3023.200575537	0.0304322	0.185529	0.10291	-0.00419452	-0.00122834	0.00190863
3344.067838549	3024.628395809	0.0294899	0.185032	0.0828362	-0.00345592	-0.00112197	0.002022
3340.757404382	3024.696837603	0.0326074	0.256791	0.0906032	-0.00362736	-0.00127037	0.00189151
3357.25982211	3036.161211489	0.017422	0.293505	0.146844	-0.00462002	-0.00131446	0.00205921
3346.808493776	3029.917826561	0.0267844	0.28356	0.131898	-0.00553137	-0.00121269	0.00201101
3356.265024601	3030.636340963	0.0156069	0.252106	0.118827	-0.00551777	-0.00127684	0.00198333
3366.774045368	3037.45264593	0.0181239	0.218438	0.0815117	-0.00588829	-0.00113995	0.0017828
3351.550388364	3029.014643754	0.022833	0.195788	0.0860725	-0.00528975	-0.00104339	0.00199673
3358.989801177	3027.42803852	0.015682	0.198999	0.0878393	-0.00427475	-0.00139007	0.00178281
3346.371036931	3026.395438501	0.0290381	0.200505	0.0765539	-0.00418977	-0.00104784	0.00178281
3359.775000487	3025.243625321	0.0190992	0.242326	0.0780121	-0.00380552	-0.00131266	0.00189443
3349.836817237	3032.425782788	0.0186882	0.326015	0.0812054	-0.0050203	-0.00115383	0.00194977
3362.02394681	3031.377752256	0.0208393	0.277526	0.0972441	-0.00489802	-0.00129291	0.00206971
3357.898408539	3030.592040456	0.0175334	0.2478	0.0506825	-0.00468579	-0.00102537	0.00178281
3348.764214337	3025.701065387	0.0197717	0.208653	0.0482187	-0.00352288	-0.00130342	0.0020492
3345.902352071	3032.657987131	0.0285476	0.194132	0.0586326	-0.00341212	-0.0011536	0.00178281
3339.91398335	3019.012933235	0.0250246	0.182504	0.0529322	-0.00326406	-0.00108794	0.00178281
3341.402077628	3018.723486665	0.0217626	0.221713	0.063015	-0.00312387	-0.00128595	0.00178281
3333.348425652	3025.522370083	0.0234487	0.255537	0.0688204	-0.00325933	-0.00107896	0.00189456
3349.116455753	3023.686636717	0.0206028	0.26473	0.0994276	-0.00375187	-0.00123478	0.00178281
3338.437798061	3027.092300408	0.0244607	0.287447	0.13141	-0.00452576	-0.00102705	0.00211779
3341.402606917	3019.049767365	0.0210523	0.242872	0.119168	-0.00411637	-0.00118031	0.00178281
3333.268767751	3021.767031043	0.0181015	0.253908	0.0720486	-0.00380128	-0.00112499	0.00178281
3327.962651751	3021.032588369	0.0277882	0.222612	0.0912069	-0.00344934	-0.000975405	0.00178281
3319.366214542	3023.289176551	0.026247	0.243813	0.0936707	-0.00478834	-0.000818889	0.00191704
3335.959140582	3022.046024685	0.0235046	0.214465	0.109208	-0.00467558	-0.000985186	0.00178281
3323.914389583	3019.595061807	0.027747	0.248638	0.11396	-0.00505276	-0.00100854	0.00178281
3338.520102404	3019.835976923	0.0224671	0.217412	0.110587	-0.00468854	-0.00110504	0.00201718
3328.078036617	3016.082628917	0.0244268	0.282136	0.105807	-0.00525775	-0.00115431	0.0020752
3338.10672818	3014.680443208	0.0291591	0.279752	0.128787	-0.0055787	-0.00105215	0.00178281
3336.680295998	3025.940736107	0.0310559	0.266694	0.138359	-0.006159	-0.00108864	0.00189394
3342.255555139	3012.443516487	0.0276909	0.214614	0.103688	-0.00441259	-0.00125842	0.00172304
3339.34102868	3016.114236582	0.0200126	0.202161	0.0662822	-0.00395909	-0.00106347	0.00176892
3340.287660946	3017.828019114	0.0292533	0.183795	0.0687132	-0.00360172	-0.00106443	0.00183431
3348.305056668	3023.634620953	0.027348	0.193926	0.0681623	-0.00337292	-0.0013169	0.00190152
3341.132405199	3021.913869802	0.0186674	0.23695	0.0697004	-0.00345403	-0.00118652	0.00163932
3350.96076111	3025.0639345	0.0140541	0.267354	0.0772415	-0.00351098	-0.00148383	0.00179581
3354.40404666	3031.925037732	0.0154221	0.308123	0.109606	-0.00497786	-0.00112088	0.00187944
3361.542559029	3030.815782904	0.0250296	0.289554	0.113975	-0.00421487	-0.0013104	0.00196593
3364.136072086	3035.48500656	0.012136	0.22724	0.0743869	-0.00423872	-0.00136581	0.00188805
3360.153706322	3030.608964245	0.0166948	0.220708	0.0693401	-0.00379554	-0.00140944	0.00175705
3358.946664174	3030.436242044	0.0249023	0.19248	0.0580792	-0.00331425	-0.00124683	0.00180199
3358.333483587	3032.020358486	0.0250418	0.174954	0.0891841	-0.00416877	-0.00108742	0.00174835
3354.249759098	3028.592793421	0.0250769	0.202093	0.0870932	-0.00392612	-0.00140882	0.00190716
3347.490481853	3030.318771037	0.02365	0.227399	0.075895	-0.00372593	-0.00127321	0.00182027
3358.179196024	3035.246829115	0.0182179	0.277634	0.123387	-0.00499312	-0.00137528	0.00153366
3353.16154219	3027.351134831	0.0345756	0.278258	0.135906	-0.00538003	-0.00143957	0.00164089
3351.395042225	3042.148499665	0.0225374	0.211862	0.0921555	-0.00408902	-0.00138742	0.00144094
3350.625192278	3036.594261388	0.0214563	0.177368	0.0715178	-0.00426372	-0.00152281	0.00162795
3331.831485158	3028.304591247	0.0161671	0.197154	0.0782075	-0.0034372	-0.00136095	0.001701
3343.712156759	3027.873781261	0.0196797	0.202366	0.0790082	-0.00384776	-0.0014263	0.00161294
3339.004136627	3028.355860373	0.0272686	0.226005	0.0807026	-0.00390877	-0.00125881	0.00167912
3348.219311951	3025.448701825	0.0212725	0.275239	0.116638	-0.00491111	-0.00146188	0.00165181
3344.581512921	3025.715500383	0.0224092	0.267882	0.121779	-0.00536782	-0.00120105	0.00147094
3352.838676279	3022.059961923	0.0230319	0.228039	0.104575	-0.00460536	-0.00123319	0.00155864
3349.932883078	3020.149315902	0.0162566	0.24205	0.0532583	-0.00374124	-0.00138151	0.00149524
3341.85197275	3018.431551301	0.0237117	0.200284	0.0694725	-0.00306553	-0.00131998	0.00158477
3346.259357083	3017.983070888	0.0218317	0.193853	0.0729467	-0.0036173	-0.0013273	0.00178987
3340.207209112	3015.061975102	0.0240848	0.21991	0.0629263	-0.00268224	-0.00149897	0.00163955
3339.099937823	3016.821551417	0.0323388	0.273655	0.0787983	-0.00402094	-0.00134574	0.00182745
3344.478566332	3020.23990795	0.0268858	0.27927	0.0997151	-0.00397211	-0.00141121	0.00176463
3343.937368964	3013.282737326	0.0270761	0.280076	0.0999522	-0.0041017	-0.00147509	0.00176635
3347.943288061	3020.556980117	0.029428	0.210102	0.0591178	-0.00353075	-0.00117186	0.00159671
3340.88231644	3013.056008327	0.0199337	0.211634	0.0740547	-0.00316284	-0.00130395	0.00177887
3331.142616332	3016.263813012	0.0188046	0.21178	0.054068	-0.00336812	-0.00129325	0.00190522
3333.491598159	3015.478350092	0.0244188	0.217567	0.065802	-0.00296457	-0.00119945	0.00159671
3323.719346816	3018.42856475	0.0276238	0.248428	0.0639493	-0.00341416	-0.00112818	0.00185139
3332.328222301	3013.479600815	0.0315485	0.234888	0.0898597	-0.00403693	-0.00120072	0.00191008
3328.352207998	3015.056250879	0.0191817	0.273327	0.109311	-0.00489893	-0.00141144	0.0018865
3337.157184828	3019.682169545	0.017676	0.26071	0.141665	-0.00527138	-0.00136575	0.00195002
3332.557933458	3019.281722828	0.0221388	0.229386	0.117602	-0.00543844	-0.00121643	0.00159671
3343.786521776	3022.367078921	0.0295941	0.193716	0.0997761	-0.00464986	-0.00141489	0.00168603
3336.814205958	3018.008954331	0.0195476	0.191056	0.0963027	-0.00454073	-0.00134826	0.00159671
3333.695903473	3022.78693822	0.0310751	0.167883	0.0862652	-0.00451843	-0.00114934	0.00159671
3339.588735641	3021.450456634	0.0215224	0.184272	0.0789911	-0.00358047	-0.00134336	0.00159671
3332.167583278	3017.575157794	0.0239169	0.254929	0.079678	-0.00379829	-0.00140415	0.00159671
3343.223094296	3025.84641087	0.0163777	0.284286	0.101251	-0.00446968	-0.00144969	0.00172645
3343.353828526	3032.715478238	0.0225708	0.307016	0.127824	-0.00546778	-0.0013371	0.00189032
3348.764743625	3027.618928906	0.0234127	0.275805	0.145682	-0.0055243	-0.00133347	0.00172076
3348.04808716	3032.301592041	0.0234857	0.224553	0.0986674	-0.00537347	-0.00130482	0.0017556
3354.738027627	3024.976329004	0.0186986	0.218528	0.0801648	-0.00418388	-0.00134989	0.00159671
3352.120167305	3024.483796963	0.018897	0.18999	0.0735511	-0.004227	-0.00137459	0.00159671
3345.92246503	3025.846161991	0.0257606	0.206085	0.0914824	-0.00410805	-0.0013387	0.00159671
3342.472828019	3027.625150888	0.0243818	0.224746	0.0844672	-0.00431156	-0.00133665	0.00192347
3340.551775847	3024.820779471	0.0282743	0.248509	0.116347	-0.0047202	-0.00141213	0.00180974
3347.208106503	3024.839196535	0.0244451	0.291199	0.136447	-0.00530456	-0.00126386	0.00185079
3345.10444984	3025.40365468	0.0262731	0.279552	0.137428	-0.0057997	-0.00135436	0.00176645
3348.666031343	3023.076882549	0.0252287	0.218531	0.0997628	-0.00459734	-0.00149344	0.00159671
3345.495858596	3022.609238433	0.0232501	0.215238	0.0757711	-0.00462992	-0.00117695	0.00185355
3338.045595372	3018.655542629	0.0246272	0.21284	0.0736949	-0.00352443	-0.00118157	0.00188838
3335.932676163	3019.221991807	0.025368	0.217951	0.073431	-0.00339495	-0.00130875	0.00189236
3335.834757813	3019.124928899	0.0268888	0.235344	0.0868747	-0.00419205	-0.00135886	0.00181647
3334.582461508	3020.909890897	0.0271298	0.264518	0.101636	-0.00483509	-0.00125678	0.00189492
3345.405614928	3022.216755852	0.0390391	0.295457	0.12407	-0.00529668	-0.00132277	0.00194918
3352.665069691	3020.489284961	0.028536	0.296749	0.110422	-0.00567466	-0.00130072	0.00188086
3355.204595334	3032.512890527	0.0260045	0.247712	0.0460488	-0.00593656	-0.00063185	0.00204641
3347.225043731	3027.445708946	0.0135507	0.202408	0.0911887	-0.00576984	-0.000761969	0.00203741
3352.581177483	3023.09654401	0.0276197	0.207328	0.086635	-0.00552567	-0.000765198	0.00198424
3343.760586645	3023.130640467	0.0156732	0.217488	0.0717207	-0.0047489	-0.000765306	0.00192186
3345.142823247	3021.304364513	0.0110301	0.223306	0.0831585	-0.00471876	-0.000993294	0.00159671
3347.258918187	3026.429286079	0.0142491	0.219556	0.0628791	-0.00416011	-0.00070166	0.00159671
3350.660125311	3022.306850142	0.0107366	0.219784	0.062941	-0.00325778	-0.00116751	0.00173603
3355.797133674	3025.86632121	0.00939319	0.308644	0.074865	-0.00411124	-0.000950128	0.00171271
3358.611095341	3031.486761369	0.00949469	0.342754	0.0817403	-0.00460412	-0.000774663	0.00176888
3362.104133999	3028.194835496	0.00822249	0.28592	0.0935747	-0.00458901	-0.00100215	0.00159671
3366.052096019	3034.805317321	0.0145228	0.22559	0.0262905	-0.00429508	-0.000770175	0.00186105
3362.480722681	3030.085073419	0.00800393	0.177787	0.0453727	-0.00374061	-0.00079309	0.00159671
3353.017840395	3036.319000935	0.00822675	0.189033	0.0218476	-0.00390099	-0.000698394	0.00189558
3363.118515178	3038.196297136	0.0124753	0.172938	0.0464935	-0.00318926	-0.000773245	0.00189401
3357.14364331	3033.99670863	0.017063	0.171806	0.0436793	-0.00310571	-0.000593507	0.00203448
3352.712705645	3032.036037879	0.0133573	0.274939	0.0417793	-0.00278092	-0.000734587	0.00184456
3347.329313541	3040.966323216	0.00965059	0.306939	0.0690575	-0.0038548	-0.000658235	0.00187983
3353.399721961	3037.348863281	0.0119016	0.278423	0.0625241	-0.00424016	-0.000598425	0.00202042
3345.951575891	3033.266994662	0.00739901	0.300919	0.0414039	-0.00314666	-0.000741386	0.001766
3335.007215432	3031.47307301	0.0147204	0.232134	0.0220625	-0.00352272	-0.000694119	0.00173835
3333.479424526	3033.661966035	0.018226	0.206631	0.059957	-0.00290022	-0.000810732	0.00159671
3325.612082059	3030.338432498	0.0119686	0.212202	0.0543444	-0.00299407	-0.000441369	0.00159671
3332.079721407	3031.704530715	0.0174825	0.212187	0.0554231	-0.00264014	-0.000724214	0.00159671
3335.99883721	3033.373514982	0.0129877	0.239858	0.0790151	-0.00405893	-0.000688773	0.00159671
3339.132753703	3029.96834905	0.0160561	0.241967	0.0880823	-0.00413766	-0.000705521	0.00165652
3335.719372946	3029.254065595	0.0249621	0.210258	0.0658604	-0.00409298	-0.000402294	0.0018191
3334.081754701	3029.278455762	0.0258043	0.2133	0.0363389	-0.00358047	-0.000579442	0.00159671
3329.934780251	3023.931533902	0.0214398	0.187922	0.0534547	-0.00262316	-0.000559079	0.00159671
3329.261525433	3020.411136876	0.0228205	0.225882	0.0315892	-0.00211981	-0.000678174	0.00159671
3329.494941608	3024.693851052	0.0149814	0.234342	0.0494939	-0.00255233	-0.0006796	0.00159671
3335.228987263	3026.298873351	0.024656	0.282033	0.062226	-0.00270495	-0.000600092	0.00192869
3338.683387869	3027.929032455	0.0224656	0.274923	0.0819999	-0.00297897	-0.000835777	0.00193994
3335.307851231	3019.625922834	0.0152148	0.233856	0.0458113	-0.00265257	-0.000686741	0.00171775
3341.359999202	3019.4775908	0.0200433	0.187431	0.0293508	-0.00242235	-0.000494108	0.00173874
3335.533328081	3022.812323903	0.0151043	0.206743	0.062741	-0.00309148	-0.000630866	0.00167636
3331.46018936	3023.66224655	0.0154192	0.213017	0.0348015	-0.00236655	-0.000490108	0.00159671
3335.217872207	3028.242869192	0.0169611	0.204368	0.044918	-0.00191102	-0.000566846	0.00172966
3329.495206252	3024.30161735	0.0185542	0.256295	0.0432939	-0.00230423	-0.000525818	0.00193931
3339.734819234	3028.718228564	0.0231962	0.265985	0.0618271	-0.00253064	-0.00055081	0.00182771
3338.417949747	3024.165729278	0.0200304	0.289875	0.0817363	-0.00327043	-0.000608512	0.00189578
3333.659382575	3023.167723476	0.0230955	0.248709	0.0884464	-0.0030063	-0.000663877	0.0017511
3334.687260607	3022.937261288	0.0285088	0.245804	0.0401176	-0.00312199	-0.000481835	0.00185575
3331.431343143	3016.741910056	0.0233611	0.219356	0.0490065	-0.00260959	-0.000550774	0.0019404
3334.769829594	3020.848915481	0.0237733	0.230839	0.0478187	-0.00286217	-0.000412952	0.00183881
3332.768060944	3020.102277723	0.0241747	0.223628	0.0751741	-0.00345004	-0.000258125	0.00187497
3333.078753223	3023.164488046	0.0269285	0.228122	0.0767061	-0.00425891	-0.000228842	0.00208811
3334.689907049	3023.904406063	0.0303627	0.253602	0.0842561	-0.00410349	-0.000283724	0.00183761
3335.146418276	3021.370566394	0.0226944	0.266759	0.0646171	-0.00373397	-0.000440733	0.00196974
3353.700093116	3027.639834763	0.0325566	0.280282	0.0965483	-0.00426652	-0.000383363	0.00200015
3349.860105926	3027.633612782	0.0262415	0.299979	0.114882	-0.00444243	-0.000592983	0.00159671
3360.577666314	3031.209012123	0.0255363	0.227252	0.0688233	-0.00413919	-0.000474954	0.0017166
3355.19612672	3028.464620606	0.0153865	0.199856	0.053718	-0.0038692	-0.000201503	0.00189618
3363.377601839	3031.875261882	0.0130914	0.209002	0.0529054	-0.00408424	-0.000328124	0.00177345
3363.673474043	3026.524855712	0.0165717	0.210799	0.050514	-0.00295681	-0.000367967	0.00190111
3359.364537349	3029.865561918	0.0125219	0.252208	0.041706	-0.00276776	-0.000547166	0.0019775
3378.615814273	3035.7112378	0.0162583	0.289605	0.0693148	-0.00404119	-0.000279969	0.00195988
3378.019835558	3033.546486062	0.0139605	0.32148	0.0779518	-0.00447025	-0.000607606	0.00180732
3375.189730595	3033.176402614	0.0183345	0.294361	0.0615347	-0.00418062	-0.000336294	0.00191037
3379.668304215	3042.375975302	0.0195686	0.23739	0.0296528	-0.00325772	-0.000420784	0.00183806
3375.102662657	3041.322469426	0.0186221	0.231181	0.00675191	-0.00365929	-0.000334623	0.00196831
3373.338809133	3035.378735119	0.0154293	0.210904	0.0343964	-0.00255793	-0.00057175	0.00181094
3359.341777949	3032.926776724	0.0254309	0.232719	0.0177566	-0.00309308	-0.000530918	0.00159671
3359.009120202	3038.992710744	0.0235768	0.242127	0.0508018	-0.00279121	-0.000518841	0.00172762
3361.747658276	3043.317734393	0.0200354	0.290585	0.0643299	-0.00427306	-0.000718451	0.00177077
3364.700822787	3043.298570691	0.0181133	0.29218	0.0962055	-0.00449778	-0.000825165	0.00179829
3354.642755719	3037.926014268	0.0148844	0.235204	0.075222	-0.00467661	-0.000635863	0.0015967
3347.95334454	3039.412570043	0.0218649	0.22271	0.0456291	-0.00411978	-0.000603667	0.0015967
3337.047357489	3031.432754571	0.0172418	0.21228	0.06053	-0.00357705	-0.000648658	0.0015967
3332.694225216	3035.371517621	0.0307849	0.212711	0.0430608	-0.00356958	-0.000433393	0.00172603
3332.274764175	3031.118420075	0.0238096	0.22493	0.064481	-0.00341481	-0.000617349	0.0015967
3340.594383562	3032.866050186	0.0224216	0.303272	0.0805097	-0.00421112	-0.000712304	0.00186222
3345.760238142	3035.829953204	0.0203813	0.301048	0.120279	-0.00478996	-0.000613217	0.00176768
3340.979970146	3031.323994338	0.013375	0.27762	0.0917382	-0.0051875	-0.000625102	0.00185619
3351.263249419	3030.009165247	0.0143327	0.257582	0.0476798	-0.00316892	-0.000561509	0.00188424
3340.916190896	3028.922309551	0.0136343	0.218223	0.0541294	-0.00371176	-0.000640631	0.00180099
3336.98675397	3023.848408231	0.0211106	0.198951	0.0413346	-0.00250283	-0.000260092	0.00182705
3335.79664905	3025.731677535	0.013964	0.223639	0.0503145	-0.0026308	-0.000577771	0.00200594
3329.727563851	3027.08508291	0.0206401	0.23422	0.060609	-0.0032611	-0.000635199	0.00185321
3341.786340991	3020.697099137	0.0169909	0.258982	0.0805261	-0.00338099	-0.000534564	0.00190198
3335.525653399	3019.006213495	0.0163306	0.296082	0.083968	-0.00432925	-0.00053164	0.00177157
3346.232892664	3024.152040919	0.022554	0.263953	0.112793	-0.00402278	-0.000799181	0.0015967
3340.169629638	3023.281212415	0.0187643	0.239954	0.0739153	-0.00402609	-0.000668904	0.0015967
3341.808835748	3024.632377877	0.0183482	0.217001	0.0549622	-0.00303365	-0.000681772	0.0015967
3338.125253273	3021.437514913	0.0132084	0.182447	0.0468105	-0.00268374	-0.000882247	0.0015967
3329.20700873	3022.724220648	0.021052	0.188749	0.0394784	-0.00220712	-0.000246312	0.0015967
3335.542061339	3024.786434134	0.0163358	0.227824	0.0491129	-0.00225965	-0.000622778	0.0015967
3324.592672641	3021.589331257	0.0149966	0.271849	0.0659689	-0.00274197	-0.000574801	0.00183162
3335.877894816	3022.315809795	0.0158691	0.28334	0.0710337	-0.00266174	-0.000429292	0.0015967
3336.010746199	3024.963885041	0.0152414	0.298882	0.0775106	-0.00334277	-0.000593064	0.00166895
3341.464269013	3027.749839393	0.0187019	0.21423	0.0588751	-0.00276263	-0.000631831	0.0015967
3342.009171399	3029.031567543	0.0114705	0.22017	0.0331119	-0.00192394	-0.000515672	0.00153712
3338.617491466	3034.17988376	0.0160393	0.196953	0.0166872	-0.00235477	-0.000125001	0.0015967
3354.725060062	3038.707495121	0.00501769	0.239998	-0.00990474	-0.00185453	-0.000467825	0.0011225
3338.530158883	3034.970573145	0.00588458	0.258602	-0.0470009	-0.00215513	-0.000440342	0.0011225
3347.512711965	3032.897657851	-0.00229473	0.28019	0.0151327	-0.00233332	-0.000523074	0.0010132
3343.947690087	3029.563671385	0.00697709	0.293475	-0.00297894	-0.00315011	-0.00048133	0.000847816
3346.394060975	3038.058666909	0.00705213	0.231989	-0.0188961	-0.00267298	-0.000427423	0.000977574
3349.666651023	3041.733120193	0.0143162	0.201735	-0.0520045	-0.00252263	-4.49895e-05	0.00105529
3339.556184406	3031.688602443	0.00793538	0.237111	-0.0473172	-0.00213516	-0.000388421	0.0011225
3343.61873736	3028.7597914	0.0030339	0.222806	-0.0101063	-0.000642697	-0.000537589	0.000977691
3335.899066351	3031.412595352	0.0120375	0.228783	-0.0549091	-0.0012278	-0.000401753	0.0011225
3352.158276068	3043.321467582	0.00880524	0.297627	0.0335607	-0.00238577	-0.000476943	0.00147097
3351.502223122	3042.461092006	0.0250735	0.250219	0.0424713	-0.00326622	-0.000502569	0.00135763
3348.56229082	3029.456155548	0.0201557	0.184649	0.0337947	-0.00218639	-0.000668197	0.00161921
3346.404117455	3028.43326182	0.0203273	0.126492	0.0225057	-0.00153816	-0.000712536	0.00146269
3345.18781276	3025.048255107	0.0267404	0.220994	0.01152	-0.00165725	-0.000584127	0.00147417
3351.433944921	3025.072645274	0.0218824	0.188557	0.0248299	-0.00153608	-0.00094274	0.00141097
3349.277094776	3026.719230409	0.0137058	0.182247	-0.00610274	-0.00114848	-0.000649222	0.00147198
3345.613889905	3024.764035001	0.018573	0.184886	0.00847436	-0.00102371	-0.000678892	0.00145877
3348.360367304	3022.865335184	0.0170899	0.216378	-0.000527063	-0.000710732	-0.000618162	0.00150129
3346.22124832	3023.095797372	0.0122463	0.293192	0.00285411	-0.00180504	-0.000784866	0.00154065
3359.43916701	3029.773974353	0.0117577	0.285524	0.0247332	-0.00203228	-0.000814326	0.00148598
3353.464295143	3027.453921962	0.0116937	0.256907	-0.0225965	-0.00232526	-0.000818958	0.00140734
3352.355700633	3021.381517081	0.00896252	0.235034	-0.0224738	-0.00133609	-0.000504994	0.0011225
3351.812386112	3020.914619603	0.0131941	0.203547	-0.00493296	-0.00126162	-0.000839867	0.0011225
3342.553279853	3024.519884454	0.0184517	0.194883	-0.0202698	-0.00121668	-0.000335514	0.00139645
3347.889036002	3017.96241391	0.0112341	0.204011	0.00181401	-0.000392189	-0.000388444	0.00137319
3333.037998018	3020.97559502	0.013125	0.240366	-0.0118139	-0.00139072	-0.000664391	0.00127944
3343.579834664	3027.20827814	0.0104625	0.26878	0.0337696	-0.00164172	-0.000765782	0.00124473
3342.215064578	3016.993526981	0.00848415	0.311451	0.0357859	-0.0022252	-0.000589291	0.00137459
3347.92740941	3026.145563732	0.00758453	0.325126	0.0424568	-0.002414	-0.000906984	0.00138637
3339.991524098	3021.437514913	0.0125679	0.314695	0.0509998	-0.00281861	-0.000803579	0.0011225
3345.166641224	3022.448213557	0.0110753	0.20111	-0.00219924	-0.00261137	-0.000634299	0.0011225
3336.355842222	3024.165978157	0.0166006	0.182556	0.0312777	-0.00217123	-0.000649944	0.00123827
3339.97273436	3022.141345439	0.0129149	0.196953	0.0327314	-0.00203947	-0.000677132	0.00123148
3332.182403353	3021.545279629	0.020948	0.213397	0.0110369	-0.00188821	-0.000410784	0.0011225
3336.003071517	3019.721243588	0.0176199	0.262423	0.0334598	-0.0017499	-0.000845428	0.00118817
3338.956500673	3017.588846153	0.0118053	0.284717	0.0256695	-0.00147246	-0.000770078	0.0012652
3355.068038932	3026.130133218	0.0217049	0.284458	0.00874429	-0.000997732	-0.000734044	0.0013111
3350.7289328	3020.074652126	0.0131043	0.295481	-0.00218404	-0.000811764	-0.000456402	0.00129156
3347.314228823	3020.549762619	0.0221811	0.261372	-0.0109965	-0.00114509	-0.000438058	0.0011225
3346.150588321	3023.109983489	0.0160096	0.255454	-0.00219401	-0.00061988	-0.000274709	0.0011225
3341.525931109	3019.441254429	0.0187835	0.242463	-0.0182623	-0.000844186	-0.000205597	0.0011225
3347.324020658	3020.72920456	0.0211752	0.221619	-0.00479594	-0.000702269	-0.000280905	0.0011225
3351.13701414	3025.030086922	0.0194989	0.22607	-0.0278231	-0.00107974	-0.000554745	0.0011225
3357.611534237	3024.361846129	0.0215846	0.219193	-0.00443672	-0.000430364	-0.000558494	0.0011225
3351.520218927	3022.98653938	0.0205468	0.216721	-0.0109252	-7.62957e-05	-0.000292598	0.00124872
3348.135949031	3019.381274529	0.0262818	0.216394	-0.00710332	-4.36881e-05	-0.000298571	0.00141871
3349.789445927	3020.86235496	0.0190536	0.225675	-0.00449803	-2.37474e-05	-0.000275506	0.00136923
3344.470627006	3028.175671794	0.0241382	0.333797	0.000358485	-7.78244e-05	-0.000368728	0.00139592
3350.142216632	3029.93499923	0.0123464	0.333576	0.00453216	-0.00021114	-0.000621349	0.0011225
3350.107283599	3025.948949122	0.0130347	0.225838	-0.00684135	-0.000314544	-0.000508081	0.0011225
3344.621738838	3021.150059376	0.0170734	0.200755	-0.00674695	-0.000188288	-0.000469463	0.000986644
3343.947425443	3025.175432405	0.0101279	0.193587	0.00480971	2.07709e-05	-0.000307142	0.000977691
3331.897116917	3022.182410515	0.0181075	0.209322	-0.00411147	-5.13086e-05	-0.000102125	0.00100161
3339.507754519	3024.350148804	0.0138639	0.216887	0.00021303	4.72757e-05	-0.000272602	0.000885721
3336.725550155	3018.610744363	0.0193132	0.231105	-0.00630965	0.000123793	-0.000268002	0.00103704
3343.936575031	3019.821541926	0.0117882	0.247801	-0.00705867	0.000423714	-0.000550286	0.00102974
3334.258007732	3021.141597482	0.0111555	0.245413	-0.0099116	0.00102286	-0.000772492	0.000706871
3351.978318019	3024.557714101	0.0259873	0.223196	-0.00933128	0.000965556	-0.000490428	0.0011225
3340.811921086	3021.961654618	0.0121351	0.285655	-0.00712133	0.000299003	-0.000433693	0.00118745
3357.83912824	3038.252543847	0.00172066	0.306728	0.0116312	0.000237922	-0.000385056	0.0013099
3378.285538324	3038.56438955	0.00392152	0.236165	0.0779747	0.000973232	-0.000479892	0.0011225
3362.776330241	3034.323487088	-0.00317777	0.192216	0.0465904	0.000392743	-0.00069543	0.0012592
3351.778247012	3031.365308294	0.0060321	0.192971	0.0195119	0.000598384	-0.000466611	0.0011225
3344.1771366	3029.394433493	-0.0030808	0.133832	0.020404	0.000683537	-0.000767879	0.0011225
3342.312718284	3030.749332144	0.013542	0.188693	0.00415637	0.000231341	-0.000322078	0.00132876
3337.883633128	3030.379497575	-9.12525e-05	0.0787287	0.0301742	0.00111208	-0.000710142	0.000933272
3342.619176256	3028.570643168	0.00913992	0.274317	0.013429	0.000326835	-0.000378747	0.0010677
3348.72081269	3017.433794378	0.021227	0.319312	0.0107505	3.90175e-05	-0.000598471	0.0011225
3347.277707924	3028.363824509	0.0208878	0.342953	0.00599975	0.000378705	-0.000136101	0.0011225
3359.970043255	3033.592777603	0.0202315	0.26238	-0.00136202	-6.59621e-06	-0.000205764	0.0011225
3351.980435172	3034.14653394	0.0193689	0.222384	-0.000375566	0.000198488	-0.000355327	0.00098087
3359.239096003	3029.491247523	0.0169078	0.193129	-0.00589493	0.000339303	-0.000439913	0.00102087
3358.730449871	3025.932025333	0.0293645	0.207208	-0.00961378	0.00076659	-0.000543637	0.0011225
3369.65972561	3026.270501116	0.0197538	0.181062	-0.0105991	0.00117573	-0.000660908	0.0011225
3357.937311235	3027.951929346	0.0317776	0.151708	-0.0228258	0.00083933	-0.000755598	0.0011225
3360.786470579	3024.103011707	0.0191247	0.1943	-0.0228025	0.00128511	-0.000869703	0.00100788
3362.158121414	3024.821774988	0.018379	0.317361	-0.0160113	0.00062908	-0.000646859	0.0012247
3372.134942715	3022.829247692	0.0198353	0.344262	-0.00650483	0.000304476	-0.0006105	0.0011225
3365.267955285	3026.208530182	0.0131933	0.268543	-0.0182068	0.000786822	-0.000832738	0.0011225
3361.770417676	3030.574867788	0.0188508	0.243324	-0.0506072	0.000389582	-0.000749159	0.0011225
3347.112305306	3028.523604989	0.0145055	0.215124	-0.00433792	0.000694353	-0.000810388	0.00090928
3354.671337292	3028.237891607	0.0153356	0.195413	-0.0346491	0.000786786	-0.000670629	0.00106744
3348.444259512	3028.365566664	0.0283991	0.158204	-0.0119654	0.00115521	-0.000770658	0.0011225
3350.772599091	3025.366820551	0.0262826	0.168925	-0.0210723	0.00207482	-0.000811375	0.000879777
3349.317849982	3030.610208642	0.0271739	0.234106	-0.0279821	0.00176706	-0.000537998	0.00123134
3363.910595237	3027.999216404	0.0194742	0.314319	-0.0043857	0.000536251	-0.00059991	0.00106663
3357.619208919	3032.94469603	0.0181014	0.31529	-0.0155487	0.000298853	-0.000312506	0.0011225
3360.021119583	3031.237633237	0.0168114	0.242597	-0.0159074	0.000599193	-0.000836097	0.0011225
3355.062746048	3025.737401758	0.0133402	0.182879	-0.0170954	0.000681431	-0.000603526	0.0011225
3343.259615195	3029.101502613	0.0184562	0.186353	-0.0228935	0.000568222	-0.000644154	0.000998678
3350.589200668	3025.345416935	0.0170573	0.188623	-0.0107967	0.001141	-0.00093584	0.000791835
3357.110033498	3023.084597806	0.0199289	0.190397	-0.0240266	0.00111351	-0.000651449	0.000829812
3354.782487851	3028.094039399	0.0175544	0.176942	-0.0245405	0.00158691	-0.000823923	0.00107068
3356.654316204	3021.184902471	0.0202937	0.241212	-0.0311534	0.00119995	-0.000505781	0.000883435
3364.499428559	3029.33221368	0.0237745	0.28835	-0.0112785	0.000753493	-0.000632683	0.000697149
3358.295639467	3028.487019739	0.0225544	0.260603	-0.00673629	0.000698191	-0.000752286	0.000961551
3362.246512573	3026.068660043	0.0200109	0.21347	-0.0332853	0.000973353	-0.00080648	0.000958314
3352.91515845	3020.29988785	0.0174397	0.200248	-0.0201791	0.00111876	-0.000929082	0.000697149
3349.581964883	3016.268790597	0.0274796	0.158031	-0.0420507	0.00138324	-0.000709143	0.00099913
3357.325983157	3020.777238256	0.0182417	0.182466	-0.0212688	0.00147773	-0.00100879	0.000697149
3352.262545879	3015.014439165	0.030975	0.188553	-0.0376784	0.00179332	-0.00078103	0.000868371
3353.893283374	3015.976606355	0.015881	0.237791	-0.0292765	0.00169353	-0.000752336	0.000697149
3357.426018661	3026.322765759	0.0293241	0.272236	-0.0214969	0.000975501	-0.000745521	0.000697149
3356.855975076	3020.008948004	0.0187474	0.284121	0.00972084	0.000666262	-0.000509187	0.000697149
3359.806228501	3024.85114274	0.0212541	0.240227	-0.0414197	0.000408901	-0.00078537	0.000697149
3345.745418067	3024.069661887	0.0204616	0.201918	-0.0180676	0.000734181	-0.000797875	0.000697149
3351.265895861	3016.230214313	0.015454	0.202745	-0.0428527	0.000984247	-0.000773613	0.000963904
3350.102784648	3021.633631764	0.0160849	0.17404	-0.022987	0.00144561	-0.000783344	0.000697149
3343.303281486	3014.870835836	0.0161151	0.193349	-0.0237352	0.00120556	-0.0006353	0.000888879
3351.043330097	3017.42657688	0.018511	0.231749	-0.00951747	0.00110906	-0.00094531	0.000936554
3350.900422235	3028.222461093	0.0235702	0.277197	-0.0059305	0.000246018	-0.000384214	0.000972877
3364.856962859	3024.793651632	0.023524	0.276202	0.00401987	0.000611832	-0.000639551	0.000697149
3365.711234303	3027.098522389	0.0213211	0.216124	-0.00715337	0.00019574	-0.000414979	0.000929526
3357.880412734	3022.324520568	0.0239639	0.221904	-0.016988	0.00074649	-0.000680181	0.00105763
3358.02861348	3025.198578176	0.0191966	0.182458	-0.00986115	0.000535702	-0.000535025	0.000912433
3355.57139218	3024.307341573	0.0223543	0.171666	-0.0181147	0.000806556	-0.000729742	0.00100064
3351.056826951	3020.706307669	0.0175088	0.194841	-0.00830406	0.000954613	-0.000814348	0.000904396
3352.779395981	3025.857859316	0.0240874	0.200157	-0.0289515	0.00129285	-0.000667384	0.0008824
3351.122987998	3023.489524349	0.0139993	0.280123	-0.0258733	0.00157205	-0.000927645	0.00100016
3361.153796714	3027.623906491	0.0232259	0.288429	-0.0438125	0.00135093	-0.000559389	0.00103998
3357.504353341	3031.133103951	0.0179447	0.245407	-0.0161041	0.00105	-0.000736955	0.000918949
3355.948245506	3031.345397953	0.0187743	0.217159	-0.065085	0.000952491	-0.000840652	0.00107044
3343.399082682	3021.442741377	0.020654	0.182564	-0.0405066	0.0016639	-0.00065404	0.000724379
3349.438527732	3028.112705343	0.0211447	0.185486	-0.0457131	0.000783987	-0.000577314	0.00114594
3354.444537221	3024.695344327	0.0146988	0.176803	-0.0297723	0.00154193	-0.000853389	0.000993653
3349.978401879	3027.234161582	0.0210139	0.177099	-0.0230491	0.000840471	-0.000688219	0.000995147
3342.655167866	3024.885239197	0.0227893	0.211735	-0.0136133	0.000875358	-0.000651994	0.00128889
3339.085382393	3026.543272777	0.0118877	0.256004	-0.0157616	0.000802854	-0.000922922	0.00108431
3348.94761276	3030.729421804	0.0246667	0.28355	-0.000627026	0.000169727	-0.000303374	0.00102896
3349.172031033	3029.720465314	0.0203372	0.232798	0.00050206	0.000204985	-0.000503479	0.000799011
3344.712247151	3027.183390214	0.0139576	0.179481	-0.0339533	0.000139741	-0.000652686	0.000799011
3343.394848375	3029.374274274	0.0234891	0.163941	-0.0168797	0.000385636	-0.000425487	0.000799011
3352.164362884	3025.098777596	0.0173744	0.188449	-0.0423791	0.00137623	-0.000686103	0.00079901
3349.780183381	3021.908145579	0.018185	0.179945	-0.0293205	0.00169394	-0.000667241	0.000799011
3344.246473377	3022.179423964	0.0176868	0.186907	-0.0328857	0.00208034	-0.000827699	0.000960038
3353.812566897	3024.799375855	0.029532	0.266984	-0.01544	0.000692082	-0.00067723	0.00115006
3364.480109533	3029.615687149	0.0177459	0.282809	-0.00379327	0.000933942	-0.000942927	0.00121056
3359.116301099	3027.425549727	0.0260573	0.266211	-0.013097	0.000359576	-0.000561241	0.00122924
3365.476494906	3026.243622157	0.0189248	0.216867	-0.0220789	0.000805698	-0.000699521	0.0014621
3356.90228781	3023.707293695	0.0211316	0.224296	-0.0594462	0.000923804	-0.000884713	0.0014621
3355.343268889	3020.921339343	0.0139325	0.196545	-0.0252566	0.00123476	-0.000759867	0.0014621
3352.871227514	3023.015907132	0.0261749	0.221264	-0.0494622	0.00104455	-0.000680763	0.0014621
3350.011747046	3021.831739649	0.0286321	0.224873	-0.0181387	0.00120987	-0.000570087	0.00139812
3345.805492298	3018.615473069	0.0277774	0.232463	-0.0193921	5.12293e-05	-0.000374763	0.00132764
3350.868135644	3022.363096853	0.0278543	0.235271	-0.00938876	0.000844976	-0.000558751	0.0014621
3344.854625725	3021.604512891	0.0271843	0.294999	-0.0140932	0.00047928	-0.000720539	0.0014621
3350.904127254	3027.991998906	0.0297878	0.277243	0.00537295	7.30582e-05	-0.000191101	0.0014621
3351.919831653	3021.330745713	0.0182641	0.267826	0.00555516	-1.92549e-05	-0.000364037	0.00130553
3346.373418729	3017.26356097	0.025928	0.198059	-0.00103052	7.1072e-05	-0.000283948	0.0014621
3347.674938853	3021.374797341	0.0151752	0.183004	-0.00651854	0.000354438	-0.000437613	0.00127994
3341.263139429	3014.885021954	0.0259976	0.201196	-0.00790715	0.000437883	-0.000656979	0.0014621
3346.734128759	3021.432039569	0.0185216	0.21602	-0.00253383	0.000443961	-0.000492503	0.0014621
3344.729978312	3021.197346434	0.0268794	0.236402	-0.0199558	0.000902662	-0.000379986	0.0014621
3349.654477391	3022.76354357	0.0219376	0.271725	-0.0046679	0.000457738	-0.000544117	0.0014621
3348.840431864	3026.139839509	0.0265141	0.303091	-0.00125491	0.000276891	-0.000289518	0.0014621
3367.610321007	3036.962602682	0.0198566	0.301968	0.00981085	6.15519e-05	-0.000337867	0.00139046
3356.447629092	3030.093037555	0.0323553	0.268276	0.0114646	-0.000106056	-0.000323498	0.00137364
3366.740170911	3032.557191034	0.018114	0.22642	0.00563625	-7.34868e-05	-0.000427347	0.00138459
3363.612870524	3043.228137862	0.0350594	0.208504	-0.032868	-0.000351046	-0.000171831	0.0014621
3354.205828162	3033.257039492	0.0294864	0.201066	0.00114419	0.000120154	-0.000372734	0.00136805
3347.830549636	3029.737140224	0.0261311	0.183778	-0.00547299	8.68657e-05	-0.000247706	0.0014621
3345.792524733	3025.82973596	0.0216294	0.213122	-0.00156743	0.00022153	-0.000370495	0.0014621
3346.481658202	3024.066177577	0.0236738	0.295603	0.00208296	-2.09452e-06	-0.000188593	0.0014621
3359.613302887	3026.736900835	0.0187233	0.30807	0.00390165	7.47909e-05	-0.000344383	0.0014621
3350.225050263	3025.52013017	0.0201233	0.318709	-0.00730784	-0.000127452	-7.05915e-05	0.0014621
3363.120367687	3034.339166481	0.0187243	0.246006	-0.00340063	4.3603e-05	-0.000152491	0.0014621
3357.134910052	3026.227693885	0.0188991	0.219648	-0.016159	-0.000206043	-0.000304617	0.0014621
3348.470194642	3026.49573684	0.019824	0.227125	0.00121566	0.000164862	-0.000217103	0.00137163
3349.699996191	3024.862093427	0.0192645	0.210018	-0.00274601	0.000222989	-0.000272737	0.0014621
3342.897317299	3026.307335246	0.0270826	0.212658	-0.0241686	0.000847364	-0.000219715	0.00139219
3351.209526648	3021.621187801	0.0220632	0.275801	-0.0042145	0.000176846	-0.000322847	0.0014621
3349.200612606	3026.936004237	0.0196592	0.296708	-0.000555059	0.000211383	-0.000283282	0.0014621
3351.583733532	3021.758569148	0.0262313	0.275715	0.00941923	0.000159088	-0.000289476	0.0014621
3353.144604962	3015.187161366	0.0293549	0.241253	-0.0151942	-0.000190878	-0.000219472	0.0014621
3343.901906643	3019.077641841	0.020407	0.202124	-0.0158792	0.00063322	-0.000482477	0.00124587
3342.152079261	3022.298139368	0.0286394	0.20391	-0.0166552	0.000465157	-0.000406909	0.0014621
3337.80794489	3016.833248742	0.0315548	0.222364	-0.006114	0.000517608	-0.000385515	0.0014621
3339.196797597	3024.330736223	0.0370211	0.238176	-0.0030152	0.000144909	-4.90336e-05	0.00171256
3338.312092071	3025.698327715	0.0383409	0.262126	-0.000718256	0.000327562	9.85549e-05	0.00165159
3337.952705262	3029.312552219	0.0318715	0.283745	0.0027851	8.72466e-05	4.80523e-05	0.00179106
3343.910639901	3027.171941769	0.0468894	0.29727	0.0226457	-0.000279318	0.000173003	0.00206717
3330.415903388	3028.014646918	0.0409523	0.276766	0.0444207	-0.00135594	0.000132329	0.0018288
3342.98200344	3024.858857996	0.0450189	0.22129	0.00796968	-0.000558139	0.000140555	0.00174128
3337.36890018	3016.210801732	0.0405127	0.232501	0.00312864	-0.000159629	-4.38938e-05	0.0016528
3337.528215982	3016.552512945	0.0408545	0.216236	-0.00187063	-0.000189274	-9.14846e-05	0.00164223
3334.825934162	3017.090589889	0.0349736	0.216555	0.000264246	-0.000118453	3.13998e-05	0.00172368
3335.124188164	3019.54727699	0.0346879	0.253497	-0.00264192	0.000123618	4.48987e-05	0.00147704
3348.936762349	3021.287440723	0.0409579	0.298887	0.00772841	-0.000432046	0.000130296	0.00164733
3346.683581719	3021.742640876	0.0383516	0.271743	0.0232478	-0.00113843	5.21529e-05	0.00176251
3343.50943931	3019.871815535	0.0431973	0.195584	0.0161535	-0.000773652	0.000217857	0.00164733
3349.327906461	3025.192605074	0.0302236	0.243417	0.00245068	-0.000244478	-0.000147688	0.00156229
3355.2630817	3028.440230439	0.0261008	0.267638	-0.00791383	-0.000299365	-0.000202797	0.00164733
3345.723452599	3027.685628546	0.0317163	0.213561	0.000274095	-5.15181e-05	-2.38018e-05	0.00164733
3349.340344738	3035.789385885	0.0277987	0.21907	0.000564597	5.68756e-05	-5.34531e-05	0.00164733
3350.435971682	3038.595499457	0.023726	0.226839	0.000239705	3.11219e-05	-0.000177501	0.00164733
3365.103081955	3043.637544233	0.0570456	0.221394	0.00392034	-0.000186031	-0.000318922	0.00164733
3368.010198377	3042.095488384	0.0579179	0.244189	0.012657	-0.000646513	-0.000196937	0.00164733
3372.493800236	3044.34436131	0.0570425	0.217542	0.00901308	-0.000769651	-0.000333127	0.00164733
3369.719535197	3041.399373115	0.0516368	0.207655	-8.56289e-06	-0.00027016	-0.000323043	0.001733
3366.800774431	3037.103468338	0.0472034	0.204958	-0.0229402	-0.000348239	-0.000296197	0.00164733
3366.282865752	3041.895638345	0.0461615	0.199797	-0.00123943	4.96442e-05	-0.000266832	0.00180644
3364.931327876	3036.205263116	0.0397825	0.23498	-0.0204778	-0.000181026	-0.0004243	0.00181333
3367.375316966	3040.481755311	0.0456839	0.304578	0.00241423	6.30747e-06	-0.000193745	0.00164733
3364.997753568	3042.443670459	0.0486115	0.318112	-0.00219333	-0.000480635	-8.79624e-05	0.00164733
3359.995184453	3035.827464411	0.0441398	0.313189	0.0116878	-0.000560143	-0.000240136	0.00147704
3358.615858937	3032.790142014	0.0382226	0.238963	0.0017066	-5.75734e-05	-0.000157399	0.00164733
3353.564595291	3034.21646901	0.0470008	0.180368	-0.0178592	-0.000106393	-0.000208137	0.00155787
3354.594590477	3027.586574603	0.0378381	0.173983	-0.0037825	0.000219321	-0.000268419	0.00164733
3342.380202553	3030.479049276	0.038028	0.193398	-0.0327008	0.000678394	-0.000339247	0.00178702
3346.963045983	3027.556709093	0.0386293	0.238141	0.000408073	0.000217381	-0.000395032	0.00164733
3348.840961152	3029.86481528	0.0386429	0.298627	0.00513724	-0.000130883	-0.000156631	0.00157923
3349.748161434	3028.275970133	0.0428294	0.270238	0.0194883	-0.000387183	-0.000209933	0.00164733
3358.638353693	3030.232658816	0.0389176	0.245223	-0.00456197	-0.000138317	-4.44464e-05	0.00164733
3343.757675559	3021.438759309	0.0406267	0.24117	-0.0132737	-0.000284759	-0.00015672	0.00164733
3344.738446926	3018.759823035	0.0366715	0.227352	-0.00870974	0.000608391	-0.000282362	0.00157988
3336.00889369	3023.617448285	0.0361412	0.221624	-0.030265	0.000700307	-0.000348473	0.00164733
3344.781848573	3021.865338348	0.0305671	0.222059	-0.0111032	0.000624423	-0.000396823	0.00164733
3348.467018912	3019.263305763	0.0435525	0.272307	-0.00864754	0.000516157	-0.00035021	0.00164733
3360.4075001	3031.261774525	0.0435454	0.258905	0.014236	0.000168682	-0.000199975	0.00164733
3352.128900563	3026.716741616	0.038577	0.267781	0.0209723	0.00016163	-0.000179885	0.00164733
3348.748071041	3024.011175262	0.0387056	0.21915	-0.00217752	0.000335631	-0.000232867	0.00168184
3345.232008339	3031.121655505	0.0399136	0.210651	-0.0103786	0.000491981	-0.000247159	0.00171686
3332.569842447	3021.057476294	0.0398671	0.221829	-0.00315174	2.28058e-05	-0.000179895	0.00187896
3330.513821738	3024.686384674	0.0355397	0.227756	-0.00190777	0.000170642	-5.57027e-05	0.00181895
3329.761702951	3017.109753592	0.0444758	0.225161	-0.00362212	1.41971e-05	6.96197e-05	0.00158721
3337.74919388	3021.349162778	0.0337894	0.263367	0.00488822	9.60699e-05	-0.000201793	0.00175028
3339.649868449	3028.060191821	0.0459582	0.304284	0.00229908	-0.000158992	-5.62394e-05	0.00156312
3354.440832203	3026.982793537	0.0564804	0.293195	0.00254222	0.000144012	-0.00021319	0.00161791
3348.610456063	3026.237400176	0.0442504	0.268546	-0.00126452	3.65477e-05	-0.000129257	0.00156312
3353.37378683	3022.163246813	0.0335534	0.229102	-0.0110213	6.28068e-05	-0.000261439	0.00156312
3348.893096057	3020.250111999	0.0324734	0.203921	-0.00550419	0.0001207	-0.000250364	0.00156312
3341.785811703	3020.293665868	0.0280416	0.198147	-0.00193674	8.46311e-05	-2.77631e-05	0.00142513
3348.733780255	3021.030348456	0.0273076	0.225839	-0.0142556	0.000814615	-0.000304215	0.00149528
3351.248958633	3022.37056323	0.0293002	0.276856	-0.0305932	0.000765056	-0.000180242	0.00156312
3361.325021505	3023.514163395	0.0290322	0.324773	-0.00514592	0.000484257	-0.000121316	0.00156312
3357.758147118	3030.870038581	0.0361757	0.345045	0.00188852	-0.000417017	-0.000251193	0.00156312
3369.290282322	3037.493711006	0.0336332	0.338137	-0.031407	-0.000895546	-3.22611e-05	0.00156312
3363.844169545	3029.20901845	0.0325976	0.299305	-0.0243673	-0.00103458	-0.000387629	0.00150538
3364.407067736	3025.982298942	0.0300909	0.216926	-0.0691532	-0.00134265	-0.000323927	0.00156312
3351.533451136	3026.008929022	0.0213732	0.189981	-0.0560517	-0.000767378	-0.000268992	0.00156312
3351.772424839	3028.110963188	0.0140788	0.202863	-0.0126464	-0.000316358	-0.000302492	0.00146193
3344.206247461	3020.166239691	0.0162727	0.21371	-0.0462689	-0.000395725	-0.00029909	0.00147992
3347.806467015	3022.995001275	0.0213884	0.242678	-0.0060467	-6.35635e-05	-0.000230377	0.00156312
3344.629148875	3021.399436387	0.027526	0.27606	-0.00768357	7.04525e-05	-0.00029435	0.0013539
3344.83980565	3028.73316132	0.0265265	0.363115	-0.0197845	-0.000239803	3.66353e-05	0.00164338
3349.462874997	3030.378750937	0.0209922	0.365728	-1.504e-05	-8.35873e-05	-0.000248033	0.00162155
3349.6790893	3030.884473578	0.0237465	0.35699	-0.0331283	-0.000719431	-0.000341501	0.00178768
3359.796172022	3027.644065711	0.0218632	0.269132	-0.0311678	-0.000533831	-0.000286249	0.00163348
3349.686763982	3033.352609125	0.0260823	0.220982	-0.00588512	-5.31839e-05	-0.000142688	0.00150661
3353.882432963	3025.035811145	0.0261601	0.171972	-0.0468903	-0.000308186	-0.00028774	0.00136516
3347.692140725	3027.947449519	0.0275556	0.169765	-0.0277338	0.000133719	-0.000284267	0.00153923
3338.031833874	3025.506441811	0.0251479	0.196506	-0.0227132	-0.000126563	-0.000231611	0.00158554
3343.540138035	3023.144079947	0.0348295	0.279838	-0.0160741	-0.000195418	-0.000182937	0.00161755
3346.455458427	3022.032087447	0.0318673	0.323139	-0.00169162	-0.000211971	-0.000241614	0.00136516
3348.930940176	3017.720254398	0.0173113	0.304931	-0.0434543	-0.000687207	-0.000322656	0.001543
3339.982261551	3024.946961252	0.0277479	0.260417	-0.0362475	-0.000285783	-0.000328169	0.00136516
3337.107696365	3027.586076845	0.0146368	0.237052	-0.0255356	-0.00020842	-0.000409704	0.00148764
3325.444826932	3025.546511371	0.0262615	0.24183	-0.031582	-0.000159827	-0.000366448	0.00136516
3328.736206717	3024.141587991	0.0221162	0.234966	-0.00480077	0.000129772	-0.000211348	0.00159423
3321.080579602	3019.213032154	0.023644	0.248332	-0.0245146	5.31041e-05	-0.000347969	0.00152523
3329.207273374	3022.972602142	0.0381348	0.280798	-0.000885312	-0.000115055	-0.000152961	0.00157919
3329.044781842	3029.136594588	0.0351136	0.285965	0.00123117	-0.000265709	-0.000308217	0.00136516
3330.546637617	3022.308592296	0.0304359	0.23594	-0.0207107	-0.000379486	-0.000307557	0.00136516
3324.987521772	3024.222224869	0.0301576	0.206177	-0.00232519	-1.17053e-05	-1.54854e-05	0.00136516
3331.459660071	3024.164484882	0.0247136	0.21577	-0.0109014	0.000359758	-0.00023039	0.00136516
3324.162096545	3018.608006691	0.0305406	0.230557	-0.0106961	0.000531335	-0.000141453	0.00142969
3326.41501253	3015.826532166	0.0233163	0.26795	-0.00385378	0.000316397	-0.000360624	0.00136516
3331.079895659	3019.836474682	0.0307731	0.305465	-0.00708759	-0.000155654	-7.74561e-05	0.00119487
3342.021345032	3022.656525491	0.0316231	0.294836	-0.000186316	0.000152258	-0.000218935	0.0013062
3337.104520634	3023.637607504	0.0327428	0.259729	-0.00395031	-0.000150078	-0.000369488	0.00130842
3341.546044067	3022.568422236	0.0352914	0.235925	-0.0143451	1.25642e-05	-0.000142688	0.00136516
3336.053089269	3016.491537528	0.0229144	0.219056	-0.00379627	-5.7717e-05	-0.00021141	0.00136516
3333.211339962	3018.517912402	0.0193027	0.198587	-0.00599246	2.03942e-05	-0.000175537	0.00136516
3334.160354026	3023.020884717	0.0304821	0.213947	-0.00687428	0.000165411	-0.000403372	0.00136516
3334.26171275	3025.562439643	0.0298255	0.232225	-0.00657032	-3.85358e-06	-0.000293968	0.00136516
3336.957907753	3027.427043003	0.0344647	0.284461	-0.00532661	-0.000164531	-7.43134e-05	0.00136516
3344.457394796	3025.484789316	0.028745	0.293131	0.00309473	-0.00017867	-0.000290574	0.00136516
3338.565091916	3024.739147076	0.0269157	0.262316	-0.00981434	-0.000168348	-0.000205067	0.00131029
3352.873344668	3025.93302085	0.0207913	0.224521	-0.00825301	-3.08808e-05	-0.000239507	0.00128188
3345.832221361	3021.616210216	0.0236332	0.210641	-0.0037502	0.000204789	-0.000240231	0.00127843
3348.188613225	3029.227435515	0.025413	0.191522	-0.0179689	8.67073e-06	-0.000248952	0.00136516
3356.09882805	3029.246599217	0.0254549	0.217377	-0.020493	0.000752374	-0.000570585	0.00131507
3361.739454306	3033.637326989	0.0318718	0.279246	-0.0150805	0.000441354	-0.000294584	0.00136516
3374.387594057	3041.515350847	0.0360272	0.302459	0.000516791	0.000192587	-9.38706e-05	0.00136516
3369.137847269	3037.131591694	0.0437148	0.278171	-0.00341631	0.000167517	5.75415e-05	0.00136516
3373.194048762	3037.781664301	0.0372829	0.228684	-0.0311801	0.000140831	-0.000249921	0.00136516
3360.230717781	3033.65698845	0.0316006	0.229932	-0.0159354	0.000480738	-0.000438273	0.00136516
3353.547393419	3029.205285261	0.0313304	0.21917	-0.0593818	0.000622598	-0.000402803	0.00149728
3355.335594207	3027.430278433	0.0278991	0.225444	-0.0291791	0.00101029	-0.000449679	0.00119487
3347.739776679	3027.170448493	0.0271802	0.250119	-0.0564853	0.000437111	-0.000419363	0.00130842
3347.698492186	3030.608715366	0.0296352	0.263492	-0.0207581	0.000686037	-0.000360214	0.00136516
3357.288139038	3039.407094699	0.0313536	0.298016	-0.00994759	-9.09698e-05	-0.000120331	0.00155368
3359.027645296	3034.608702712	0.034179	0.273032	0.00757823	-0.000210106	-0.000159723	0.00136516
3347.718075856	3023.175189853	0.0305475	0.287765	-0.00628121	-0.000330445	-0.000206298	0.00136516
3354.921690695	3028.787914755	0.0349113	0.245273	-0.000924208	-3.30357e-05	-7.58467e-05	0.00131495
3355.056129943	3028.79961208	0.0330902	0.210452	-0.00360405	-1.5194e-05	1.94956e-05	0.00136516
3343.73941511	3016.05823875	0.0401391	0.214666	-0.00489744	-7.39811e-06	-0.000104898	0.00142128
3344.534141611	3021.059467328	0.0270581	0.225276	-0.00300753	0.000165665	-0.000209545	0.00126614
3343.716391066	3021.185897988	0.0373832	0.242604	-0.0116447	-8.17251e-05	-0.000114434	0.00136516
3362.52359504	3028.745356403	0.0311239	0.308246	0.00410861	4.28937e-05	1.23073e-05	0.00142822
3363.241574726	3027.405639387	0.0331182	0.33335	0.000296929	0.00018573	-9.63738e-05	0.00136516
3368.030311335	3028.447945696	0.0290647	0.277834	-0.00267611	6.81172e-05	-0.000162512	0.00136516
3371.173490375	3025.748352445	0.0221749	0.239307	-0.0182924	0.000476656	-0.000283975	0.00127243
3363.201084165	3020.855386341	0.0305317	0.207357	-0.0454424	0.000732294	-0.00018384	0.00136516
3370.37664672	3025.737152878	0.0261325	0.207156	-0.0289281	0.00106526	-0.000225493	0.00136516
3366.362259009	3026.718981529	0.0272638	0.247557	-0.0665804	0.000734781	-0.000114383	0.00152666
3382.563247004	3035.016118048	0.0299755	0.280754	-0.0133131	0.000833881	-0.000248037	0.00130569
3377.887778107	3038.494952239	0.0316863	0.300589	-0.0226862	0.000133192	-0.000141525	0.00136516
3379.35787658	3034.686850797	0.0368492	0.278899	-0.00230914	0.000285008	-0.000189127	0.00136516
3379.697150431	3037.162452721	0.0282555	0.254431	-0.0705591	7.51232e-05	-0.000368167	0.00136516
3369.760290402	3038.580317823	0.0293838	0.233998	-0.0665186	0.000727474	-0.00039121	0.00142426
3359.321135702	3039.185094406	0.0298378	0.231603	-0.0902513	0.000404685	-0.000454292	0.00156456
3349.834435439	3031.892932309	0.0279419	0.235112	-0.0429171	0.000943069	-0.000136058	0.00155721
3348.680586773	3030.474818328	0.0322041	0.261807	-0.0537168	-0.000183086	-8.69749e-05	0.00136516
3352.981848786	3028.031819586	0.0282455	0.263303	-0.00875209	-0.000119661	-2.04326e-05	0.00134289
3353.064417773	3031.058191296	0.0311155	0.309189	-0.0117636	-0.000319337	-0.000195229	0.00149117
3367.828917107	3037.827706963	0.0296613	0.289654	0.00560287	-0.000251225	1.94474e-05	0.00139263
3352.83497126	3026.481550722	0.0394774	0.268365	-0.0259338	-0.000533777	-0.000341394	0.00115187
3355.854296819	3027.110468593	0.0247895	0.227268	-0.0186531	-0.000302174	-0.000216255	0.00118916
3349.07517126	3026.446458748	0.0244628	0.193344	-0.0216999	-0.000309628	-0.000265298	0.00133456
3351.033273618	3017.078145926	0.0199171	0.214492	-0.0387485	0.00075835	-0.000213769	0.00153853
3350.474609734	3015.037336056	0.0199306	0.257656	-0.0270415	0.000722894	-0.000330496	0.00141875
3350.457143217	3025.049997262	0.0247461	0.30103	-0.0302521	0.000439004	-0.000306597	0.00148412
3360.292909166	3022.507446819	0.0257011	0.314959	-0.00279906	-6.38438e-05	-0.000185034	0.00137519
3359.221629487	3023.187384937	0.0279863	0.317742	-0.0245081	-0.000322516	-0.00021764	0.00153853
3359.41958334	3022.257820929	0.024135	0.272659	-0.0443661	0.000523858	-0.000428653	0.00153853
3356.552957479	3029.241372753	0.0277364	0.231285	-0.0569407	0.000529341	-0.000274611	0.00153853
3348.254244984	3024.455922487	0.0250964	0.252686	-0.0338533	-7.92138e-05	-0.00030995	0.00136369
3356.575981524	3028.19682653	0.0228503	0.228189	-0.0314955	0.00090898	-0.000310192	0.00153853
3345.047551339	3023.145822102	0.0274145	0.233445	-0.0350078	0.00111374	-0.000279402	0.00138122
3351.037772569	3036.429005564	0.029345	0.284337	-0.014395	0.000904993	-0.000402621	0.00131848
3356.826599571	3034.959871337	0.0353672	0.291557	-0.00423966	0.00054398	-0.000308815	0.00146867
3341.883730053	3031.455402583	0.0344421	0.304578	0.00578174	0.000320896	-0.000304833	0.00153853
3341.10911651	3026.183144499	0.0340018	0.251281	0.00589134	0.000257519	-0.00025881	0.00153853
3344.646615392	3020.911135294	0.030492	0.262838	-0.00737476	0.000371008	-0.000387465	0.00136733
3325.96273561	3028.894186196	0.0315059	0.222883	-0.0376621	0.000365882	-0.000138671	0.00153853
3330.702248401	3022.014914778	0.0285709	0.242881	-0.013585	0.000856244	-0.000348778	0.00153853
3321.512743563	3023.806347638	0.0404271	0.244295	-0.030816	0.00100444	-2.439e-05	0.00147718
3327.265049667	3024.160502814	0.0278237	0.251573	-0.0118818	0.000738501	-0.000168069	0.00153853
3329.561102656	3029.925790697	0.0357151	0.286439	-0.0142478	0.000385682	-0.000105357	0.00153853
3341.241173961	3032.916572674	0.0363497	0.287379	0.00599605	0.000237287	-0.000167511	0.00153853
3335.323200594	3027.029831716	0.034507	0.293326	0.0066884	-0.000150811	-0.000117991	0.00153853
3334.826728095	3020.120445909	0.0354418	0.241813	-0.000473038	-0.00014475	-0.000135905	0.00146917
3336.243103797	3020.322286982	0.0247063	0.240869	-0.0312175	-6.91392e-05	-0.000186963	0.00145087
3337.109813518	3019.105765196	0.0352538	0.225442	-0.00445032	0.000195998	-0.00017757	0.00153853
3331.273615206	3017.042058435	0.0330846	0.245774	-0.0151281	-7.952e-05	-7.8489e-05	0.00194886
3350.277185169	3028.103247932	0.02838	0.255045	-0.00352246	-3.84086e-05	-9.35845e-05	0.00211096
3347.279031145	3023.374293255	0.0386091	0.290143	-0.0157582	-0.00140981	0.000558897	0.00214761
3347.313964178	3026.675178781	0.0452741	0.287899	0.00910867	-0.00141719	0.000560689	0.00209154
