326.9409149993	233.2873562891	6.50138e-06	-0.00165213	-8.2169e-06	-0.000125088	-0	-9.89718e-05	1
317.0574684496	232.9112812223	9.09691e-07	0.00236871	0.0130206	0	-0	8.19369e-05	1
311.1565436406	233.0023287413	0	-0.0140805	-0.00586903	0.000216132	-0	0	1
305.2923651817	232.7095016683	3.84328e-06	-0.0140427	0.00872293	0.000585813	6.07138e-06	0.000151982	1
303.2894299596	232.611450494	0.00872528	-0.0139762	0.0140497	0.00100626	0.000270543	0.000178548	1
300.9867580251	232.9528256322	0.0158597	0.0072299	0.0170408	0.000742226	0.00030903	0.000281038	1
298.2590930429	232.7242119973	0.0106516	0.0378707	0.0281218	0.000748212	0.000364438	0.000290906	0
298.5522864173	233.0689032602	0.0164743	0.0817818	0.065942	0.000185975	0.000287085	0	0
297.7892813687	232.8940506385	0.0148384	0.0875943	0.0985097	-0.000664411	0.000216568	0	0
296.7370866912	232.9817289748	0.00677916	0.0398151	0.0768134	-0.000318631	0.000222126	0	0
296.1222720538	232.8152329873	0.00754048	-0.0233483	0.0464087	0.000164366	0.000195271	8.18901e-05	0
295.8633890937	232.990112138	0.0133647	-0.0335966	0.0528838	0.000474484	0.000225892	0.000150959	0
295.2953236914	232.9066519123	0.0158634	-0.0425339	0.0409368	0.000741202	0.000254512	0.000149311	0
294.993125129	233.1402264697	0.00991399	0.00568329	0.0408193	0.000997033	6.63321e-05	2.64698e-23	0
294.7958013753	232.7317462326	0.0151804	0.0390744	0.0451003	0.000786955	0.000331516	0.000146003	0
294.5685467087	232.8066243277	0.0104793	0.083999	0.0472725	0.000922361	0.000351199	0.000188542	0
294.7397878099	232.6692439147	0.00505604	0.104841	0.0796981	0.000348782	0.000188413	0	0
294.586207243	232.974685526	0.000115646	0.103005	0.101511	-0.000289346	0.000232554	0	0
294.5385121391	233.2038562699	0.00856718	0.0271396	0.0651981	0.000710933	0.00019597	0	0
294.4161970669	232.8584619885	8.89811e-05	0.001518	0.0492323	0.000784402	0.000164381	0	0
294.5731205668	233.0239100807	5.97444e-05	0.00804531	0.0439842	0.000930287	0.000222996	0	0
294.2847601926	232.7995543499	1.98893e-05	-0.00343714	0.029808	0.000864914	0.000385516	5.29396e-23	0
294.7731134842	232.8728009116	6.89439e-05	0.0212203	0.0734723	0.000465612	0.000154782	0	0
294.724770525	233.101321695	0.00336686	0.0523092	0.0867903	-7.50698e-05	0.000135639	-0.000237396	0
294.9164708951	232.6420649569	5.61999e-05	0.0174981	0.0298375	0.000412948	9.91853e-05	-0.000151881	0
295.4157988548	233.0680278033	-6.79551e-06	0.0390073	-0.00248137	0.00118588	0.000351257	-0.000155188	0
294.9364896225	232.6359632875	0.00224448	0.0492768	0.0300354	0.000932336	0.0001673	-0.000248891	0
294.6382041058	232.7353939697	4.87491e-05	0.0349442	0.026617	0.000934983	0.000117075	-0.000196573	0
294.1062760697	232.3314501911	4.06664e-05	0.0903718	0.0548215	0.000329395	0.000160622	-0.000253545	0
295.3455324737	232.6682092838	-0.00529616	0.0975219	0.0723045	1.79594e-05	0.000172398	-8.50797e-05	0
295.3295174918	232.7453423437	-0.00351269	0.0348366	0.0248852	0.000561215	0.000191132	-0.000229022	0
295.4411947808	232.5356836774	-0.0045302	-0.00870757	0.0108765	0.000797522	0.000157529	-0.000104145	0
295.5223192159	232.8705724758	-0.00484214	0.0048612	0.0187651	0.00139488	0.000205501	-0.000169594	0
295.8349093766	232.8263751662	-0.00254982	0.0194964	0.0258382	0.00116284	0.000408315	-0.000207031	0
295.1769605363	232.6560192095	-0.00430603	0.0446012	0.00898997	0.000982661	0.000293931	-0.000470013	0
295.8360884732	232.6416272285	-0.00642976	0.0727188	0.0322075	0.000309124	0.000368835	-0.000359094	0
295.6244471183	232.9439251536	-0.00333128	0.0822345	0.0361434	0.000175075	0.000297254	-0.000419676	0
295.1033123508	233.1987494379	-0.00540045	0.0353832	0.0312991	0.000612181	0.000172579	-0.000249657	0
295.0916639133	233.0570978564	-0.0031349	0.0351065	0.0256653	0.00107107	0.000263029	-0.000470013	0
294.9761642784	233.3470995912	0.00382272	0.0255624	0.0192017	0.00106445	0.000459126	-0.000470013	0
294.5484113674	233.0529725973	-0.00322538	0.0320756	0.0237615	0.00109031	0.000201609	-0.000419255	0
294.8537585064	233.5132772308	-0.00241839	0.0454008	0.0366994	0.000986621	0.000283665	-0.000470013	0
295.5218268459	233.622497113	0.00172277	0.0684363	0.0601685	0.000706172	0.000260727	-0.000470013	0
294.6924943762	233.4072408283	0.00882421	0.0843813	0.0846458	6.45999e-05	0.000137241	-0.00069036	0
294.2813654311	233.182580014	-0.00563071	0.0437071	0.0688936	0.000600933	0.000212419	-0.000470013	0
295.3201235906	233.3567561463	-0.00882232	0.0254619	0.0446515	0.000679987	0.000296013	-0.000540029	0
294.8518149406	233.4076254987	-0.00712829	0.021122	0.0477386	0.00108634	8.20224e-05	-0.000470013	0
294.6492435594	233.2561714527	-0.00369075	0.0097563	0.0479443	0.000910393	4.73093e-05	-0.000681055	0
294.8967113099	233.3729388347	-0.00745891	0.00182288	0.065263	0.000207268	0.000286579	-0.000311844	0
294.797744941	233.2097722363	-0.00450686	0.0222988	0.0640684	0.00040766	9.84064e-05	-0.00018488	0
294.9932806142	233.2001024168	0.010547	0.0557396	0.0566043	0.00110394	7.3811e-05	0.000208318	0
295.6183313647	233.7205482873	0.00226778	0.130095	0.11059	-0.00024878	9.95148e-05	-0.000470013	0
296.0158035211	233.2889082355	-0.0179953	0.0721812	0.117413	0.000880159	-0.000459621	-0.000582207	0
294.2637696824	233.0195858541	-0.0330961	-0.0124388	0.0696508	0.000846903	-0.000467397	-0.000896947	0
294.8650830163	233.116880952	-0.0332787	0.000944579	0.0499089	0.00070844	0.000168184	-0.00113529	0
294.5188432535	232.9609832989	-0.0455465	-0.0672418	0.0494129	0.000992924	3.0465e-06	-0.00107703	0
294.7627607572	232.767454263	-0.0331779	-0.0509868	0.0457122	0.000897921	-9.84161e-05	-0.000962113	0
295.0280445272	232.9881622567	-0.0309931	-0.0102327	0.0442299	0.00225711	1.67536e-05	-0.000863703	0
296.027996157	233.3571540812	-0.0132747	0.0894034	0.0423043	0.00353293	-0.000346261	-0.000470013	0
295.0781107814	233.4216726029	-0.0312737	0.0420697	0.043375	0.00387227	-0.000137148	-0.000470013	0
294.9562880791	233.1552949402	-0.0313057	0.0814178	0.0787581	0.00369803	-0.000131423	-0.000832603	0
295.407933892	233.2485841595	-0.0287887	0.0419857	0.0634743	0.00359765	8.51766e-05	-0.000895658	0
295.0190652534	233.0743682337	-0.0191493	0.034062	0.00668605	0.00414584	2.59922e-05	-0.000470013	0
295.216492664	232.7804004137	-0.0155459	0.0340393	-0.00635651	0.00462936	8.27014e-05	-0.000470013	0
294.5479837829	232.7048856227	-0.0314533	0.0761174	-0.0222661	0.0045638	6.55219e-05	-0.000893418	0
294.8777032367	232.9895550291	-0.0355502	0.120616	0.0368777	0.00401003	7.38641e-05	-0.0011369	0
295.3373824546	233.187103208	-0.0315172	0.135686	0.0488747	0.0038722	0.000257433	-0.00140597	0
295.0255697202	232.9690613786	-0.0412112	0.0898271	0.016275	0.00403081	3.5761e-05	-0.00133586	0
293.8456179863	232.4912608713	-0.0475695	0.0629923	0.0143622	0.00397742	-0.000209174	-0.0016197	0
293.5969711392	232.1749556356	-0.0288647	0.0860223	0.00119031	0.00406036	-0.000297441	-0.00135349	0
293.6971813901	232.2620370695	-0.0268002	0.0629552	0.00779393	0.00372011	-0.000170704	-0.00161043	0
294.879841159	232.6532336648	-0.0268214	0.104212	0.0362786	0.00404497	-5.29458e-05	-0.00164359	0
294.7440636546	232.6478350139	-0.0218491	0.0772879	0.0213029	0.00440146	-0.000468143	-0.00132464	0
295.1579783773	232.6147268251	-0.0204704	0.104717	-0.0271953	0.00554031	-0.000496273	-0.00132464	0
295.6162841421	232.6033193563	-0.0282771	0.0267523	-0.0286726	0.00575262	-0.000418838	-0.00156297	0
295.3378489104	232.807884455	-0.0145561	0.0367403	-0.0341465	0.00540241	-0.00068642	-0.00171419	0
295.1241473758	232.8886785165	-0.0231854	0.113044	0.00229287	0.00503026	-0.00146556	-0.00156748	0
296.5821974567	232.5887814657	-0.046578	0.0897237	-0.0339574	0.00551444	-0.00168234	-0.00173337	0
295.4851323242	232.8172093976	-0.0280637	0.0512794	-0.0586576	0.00545827	-0.00141377	-0.00186662	0
295.2212090502	232.3935147805	-0.0163078	0.0309963	-0.0947209	0.00581092	-0.00107456	-0.00169631	0
295.0424269139	233.0373735468	-0.022929	0.0338367	-0.112305	0.00597869	-0.0011252	-0.00146286	0
295.3359960444	232.6135064912	-0.0167709	0.0818458	-0.104824	0.0059745	-0.000894447	-0.00132464	0
296.3606568736	233.1693420443	-0.0122604	0.115099	-0.0707277	0.00538394	-0.00124757	-0.00164797	0
295.4415187084	233.2741713774	-0.0183025	0.109985	-0.0699934	0.00538394	-0.00128824	-0.0016087	0
296.6694635596	233.4120956348	-0.0121804	0.0661118	-0.123103	0.00613747	-0.00119535	-0.00132464	0
296.6132297235	233.3467281853	-0.00411158	0.0894566	-0.132266	0.00603704	-0.00119199	-0.00132464	0
295.6468240389	233.0743682337	0.0148893	0.0662148	-0.16219	0.00573216	-0.00151001	-0.00125103	0
295.5594672362	233.0943445687	0.0148929	0.100456	-0.12579	0.00555025	-0.00154238	-0.00132464	0
296.8304167193	233.6646649543	0.0400598	0.113637	-0.155266	0.00583279	-0.000702416	-0.00132464	0
296.1503760147	233.4438110512	0.0221393	0.105774	-0.160019	0.00619906	-0.00155435	-0.00142368	0
295.5811444731	233.3253192844	0.0222078	0.0914152	-0.182743	0.00621151	-0.00151947	-0.00118296	0
295.8314498296	233.2937497775	0.0223624	0.0561138	-0.122302	0.00536273	-0.00178948	-0.000789157	0
297.4309785411	233.9070736679	0.00326232	0.0942493	-0.0431966	0.0040406	-0.00266173	-0.00132464	0
295.4000300578	233.2416070332	-0.0171853	0.101998	-0.0593188	0.00324004	-0.00186487	-0.00132464	0
296.2792603393	233.2086049604	0.00207426	0.0595886	-0.108155	0.00441722	-0.00111479	-0.000571072	0
296.1009576158	233.4669310724	0.0260351	-0.00176244	-0.089506	0.00420381	-0.000509385	-0.000168827	0
296.1292429763	233.531237362	0.0259771	0.00319052	-0.0867999	0.00420862	-0.000727664	-0.000397656	0
295.1728142626	232.9440312696	0.025945	0.068378	-0.126354	0.00437225	-3.33668e-05	-0.000348358	0
294.9726529029	232.7728661785	0.0372417	0.132599	-0.0921263	0.00374052	-0.000458005	-0.000228979	0
295.401779267	232.5835685177	0.0324173	0.144507	-0.0967102	0.00359528	-0.000618502	-0.000578373	0
294.8855552424	232.9774047483	0.0260185	0.0701272	-0.122166	0.0043987	-0.000597394	-0.000228979	0
294.5807911731	232.7293055648	0.0259759	0.0476638	-0.141183	0.00455346	-0.00035193	-0.000340511	0
294.3436372782	232.7620821411	0.0290733	0.0435223	-0.122027	0.00446759	-0.000263246	-0.000337045	0
294.4686215141	232.449464436	0.0259623	0.0771281	-0.124675	0.00425258	5.36753e-05	-0.000228979	0
294.7091312992	233.1800199657	0.0259454	0.125677	-0.0849373	0.00372281	-0.000237612	-0.000547427	0
294.9170280507	232.9270394468	0.0298402	0.0991545	-0.115337	0.00405548	-0.000129879	-0.000561861	0
295.4658391947	232.8785179106	0.0292414	0.0633715	-0.148009	0.00419393	-0.000141716	-0.000670031	0
294.0872939108	232.7136534563	0.0259147	0.0248724	-0.146968	0.00452153	-0.000153211	-0.000624308	0
294.8945733875	232.6381386653	0.0259001	0.0210217	-0.15818	0.00495303	-0.000185547	-0.000640453	0
294.3597947883	232.6643360502	0.0258499	0.0565396	-0.141242	0.00457821	-7.2502e-05	-0.000769037	0
294.9811138925	232.9164543768	0.0259256	0.0881192	-0.104971	0.00415434	-0.000315635	-0.000649158	0
294.5510027884	233.1188043043	0.0259218	0.105284	-0.0982057	0.00407014	-0.000482175	-0.0010038	0
294.6539210743	232.7093955523	0.019478	0.0910592	-0.112791	0.00411128	-0.000380027	-0.000919966	0
294.9379796896	233.1305301211	0.0258439	0.0516543	-0.161498	0.00490611	-5.47768e-05	-0.000974192	0
293.1706046385	232.868450156	0.0112155	0.0601153	-0.175536	0.00511466	-0.000555894	-0.00107233	0
293.8508008283	232.7137728368	0.0257752	0.0657243	-0.131396	0.00512049	-0.000379954	-0.0012436	0
295.2680489852	233.2323616776	0.0190032	0.0830208	-0.0712858	0.00406308	-0.000647985	-0.0011833	0
293.9253300969	232.9939853716	0.0146958	0.0478007	-0.0856202	0.0041655	-0.000715768	-0.0013233	0
294.3766778963	233.1329707889	0.0159937	0.0158033	-0.137718	0.00495253	-0.000464612	-0.00106835	0
294.2894117934	232.9945026871	0.0258709	0.0223064	-0.149855	0.0052172	-0.000221261	-0.00106835	0
293.8882598192	232.7849103433	0.0258697	0.0510666	-0.165261	0.00556892	-0.00027197	-0.001	0
293.9331950597	232.7311360656	0.0172808	0.125475	-0.135675	0.00488181	-0.000472817	-0.00106835	0
294.5888504924	233.4254662495	0.0258322	0.12833	-0.0874628	0.00470788	-0.000434298	-0.00143521	0
294.5005478211	233.4579510068	0.00808134	0.1257	-0.0794944	0.00444653	-0.000594259	-0.00148639	0
294.1758168529	233.2572326126	0.00812412	0.0561639	-0.0729228	0.00512355	-0.000635238	-0.0014063	0
293.6501859699	233.3458129349	0.00814726	0.0310434	-0.125524	0.00512354	-0.000311007	-0.00106835	0
294.0510917591	233.0056846595	0.0131848	0.0040475	-0.127435	0.00602569	-0.000334064	-0.00118814	0
293.9163767373	232.8559019403	0.0130304	0.0344179	-0.129989	0.00591553	0.000164966	-0.00106835	0
293.5704090737	232.9991717906	0.00807746	0.0792903	-0.128143	0.00512354	-0.000292737	-0.00106835	0
294.3826640788	233.1836942319	0.00810451	0.129539	-0.0771787	0.00444419	-0.000561079	-0.00120029	0
294.2723084146	233.253492024	0.00804248	0.114904	-0.0705089	0.00449721	-0.000413485	-0.00150914	0
295.1784635605	233.2658147433	0.00795223	0.0851372	-0.139882	0.00525906	-0.000207862	-0.0015984	0
294.0432008821	233.5089264752	0.0150511	0.0631675	-0.172786	0.00548103	-0.000220852	-0.00142934	0
294.0259420181	233.0842104917	0.00805467	0.0510081	-0.197985	0.00559394	-0.000266214	-0.00106835	0
294.3360055433	233.354540975	0.00811114	0.0834455	-0.123582	0.00450975	-0.000604696	-0.00106835	0
295.1213875125	233.5834862224	0.0103707	0.0836228	-0.0794061	0.00410019	-0.0007939	-0.00106835	0
293.5588124647	232.9483289671	0.00809782	0.0508306	-0.16002	0.00501478	-0.00072569	-0.00106835	0
294.342250868	232.8141055049	0.0122763	0.0246906	-0.179213	0.00568958	-0.00060006	-0.000702269	0
294.2938690375	232.8247834264	0.0134337	0.0270267	-0.16045	0.00512868	-0.00046134	-0.000625986	0
294.1812070086	232.6166236484	0.0164685	0.075262	-0.17507	0.00555113	-0.000303309	-0.00063061	0
294.4162229811	232.8610353013	0.0249961	0.150668	-0.136446	0.00463569	-0.000580615	-0.00106835	0
295.5599855204	233.2503218088	0.015601	0.153377	-0.0836492	0.00415264	-0.00061456	-0.00106835	0
295.454048229	232.8462188562	0.0250484	0.115853	-0.12162	0.00434983	-0.000277867	-0.00106835	0
295.4287430028	233.1138035883	0.0251963	0.0375878	-0.165935	0.00468828	-6.11799e-05	-0.000527039	0
294.0868663263	232.7248354287	0.0252076	0.0316854	-0.184549	0.00508709	-0.000163321	-0.000336991	0
294.679640928	232.6161991845	0.0187521	0.0533689	-0.176748	0.00520731	-0.000149829	-0.000603709	0
293.9004783693	232.5009174264	0.0166638	0.0533715	-0.17916	0.0050532	-4.99711e-05	-0.000689986	0
293.9740228979	232.6186133232	0.0189649	0.106451	-0.176805	0.00509564	-0.000224993	-0.000630186	0
294.9345849281	233.471122654	0.0251999	0.136679	-0.0982988	0.00406154	-0.000306589	-0.000641094	0
294.4079952193	233.1790781863	0.0251816	0.119389	-0.0833854	0.00359764	-0.000330512	-0.000864404	0
293.6334453901	232.9068774087	0.0252528	0.063543	-0.109873	0.00401963	-0.000361067	-0.000652499	0
293.754361095	232.7669369476	0.0252134	0.0340498	-0.147265	0.00479813	-0.000250922	-0.000674994	0
293.3419105251	233.0132056302	0.0272532	0.0506945	-0.142564	0.0046419	5.05143e-05	-0.000492053	0
292.9959687758	232.8444148844	0.0251527	0.0483186	-0.161101	0.00469254	-0.000247947	-0.000650014	0
293.2722012996	232.7461912716	0.0251843	0.101889	-0.126284	0.00421612	-0.00044956	-0.000645714	0
294.6203880863	233.1656412492	0.0252104	0.140213	-0.0839817	0.00330436	-0.00043537	-0.000745317	0
294.6125749519	233.3439426405	0.0251736	0.128286	-0.0716518	0.00292845	-0.000630679	-0.00102926	0
293.6618732787	233.167790098	0.0252154	0.0675348	-0.116841	0.00356643	-0.000510194	-0.000758646	0
294.2656355055	233.0572305014	0.025161	0.0299832	-0.157981	0.00477499	-0.000405348	-0.000758646	0
293.9930957566	232.9229805102	0.0251564	0.0334098	-0.155751	0.00479154	-0.000113252	-0.000635632	0
293.3298992887	232.6707693321	0.0184504	0.053448	-0.176574	0.00479109	-0.000277015	-0.000537467	0
294.0105101059	232.7822972371	0.016827	0.0818481	-0.177525	0.00512391	-0.000326456	-0.000535584	0
294.6317903388	232.8294923234	0.025128	0.159408	-0.130303	0.00391419	-0.000277673	-0.000758646	0
294.793300654	233.349619846	0.0202755	0.155672	-0.095488	0.0032442	-0.00070484	-0.000758646	0
294.2547515372	233.187474614	0.0252577	0.126071	-0.093552	0.00329983	-0.000732041	-0.000758646	0
294.6920020062	233.3256111034	0.0251552	0.0785839	-0.140269	0.00421515	-0.000481348	-0.00111663	0
293.440021725	233.1542603093	0.0250768	-0.0102181	-0.153028	0.00373051	-0.000591621	-0.00116272	0
292.8910032673	232.9439914761	0.0121471	0.0446762	-0.154618	0.00365311	-0.000256125	-0.00123616	0
293.4983416551	232.4640288555	0.0213008	0.0687006	-0.165635	0.00430407	-0.0002196	-0.00106223	0
293.8647038021	232.6795636947	0.013063	0.0629972	-0.162295	0.00420637	-0.00028623	-0.0011737	0
293.7572505294	232.5693887686	0.0135799	0.0572072	-0.186355	0.00428714	-0.000314434	-0.0011737	0
294.0224695139	232.408211845	0.01827	0.108412	-0.178617	0.00398068	-0.000486556	-0.00109243	0
294.917688863	232.8430221121	0.0252227	0.116862	-0.134598	0.00346393	-0.000309182	-0.000896916	0
295.4213315386	232.7751874658	0.00541228	0.104072	-0.147771	0.00356407	-0.000304223	-0.00140067	0
295.3044584505	232.8952444434	0.00230813	0.0374788	-0.201727	0.00411898	-0.0006164	-0.0011737	0
294.7182012728	232.8152860453	0.00544816	0.029677	-0.206848	0.00491496	-0.000320303	-0.0011737	0
295.0675248265	232.8025521266	0.00543129	0.0560847	-0.195005	0.00462598	-0.00048043	-0.0011737	0
295.5383860262	232.7967157471	0.00542165	0.113217	-0.169747	0.0043577	-0.000399821	-0.0011737	0
295.5451237209	233.0923151004	0.00546777	0.137685	-0.124783	0.00330713	-0.000665961	-0.0011737	0
295.0575089843	232.6986778373	0.00549556	0.0960504	-0.13567	0.00362974	-0.000604032	-0.0011737	0
295.2323910319	232.6403538366	0.00554267	0.05626	-0.183049	0.00450439	-0.000484173	-0.000772944	0
294.5321372434	232.5145665955	0.00789479	0.0494039	-0.182849	0.00454097	-0.000317922	-0.000969443	0
294.7709755619	232.6826145294	0.00545666	0.0732465	-0.186759	0.00494071	-0.000342191	-0.0011737	0
294.2113841064	232.6517347765	0.00545677	0.0936339	-0.183398	0.00478143	-0.000116916	-0.0011737	0
294.3889482748	232.5278178297	0.00546683	0.123258	-0.164849	0.00425612	-0.000494613	-0.0011737	0
294.7731264413	232.9025133887	0.00550882	0.150233	-0.117115	0.00375301	-0.000583367	-0.0011737	0
294.9574283044	232.9368419113	0.0147118	0.147696	-0.0781768	0.00315509	-0.00056657	-0.0011737	0
294.4098869567	232.9405692354	0.014627	0.0818863	-0.0939259	0.0032793	-0.000607993	-0.0011737	0
293.8515912117	232.5907180825	0.0188288	0.0392999	-0.138106	0.0040724	-0.000495119	-0.0011737	0
294.0653186605	232.5706621605	0.0219463	0.0149287	-0.146665	0.00471381	-0.00034571	-0.00083167	0
293.9178408901	232.7090241463	0.0218944	0.046756	-0.147144	0.00496665	-5.70591e-05	-0.00101498	0
293.4067090078	232.2452707431	0.0218592	0.0714092	-0.159226	0.0047736	-0.000309627	-0.0011737	0
294.3205347598	233.0092660741	0.0153317	0.131905	-0.115027	0.0040491	-0.000469988	-0.0011737	0
294.941231923	233.1790383928	0.0219147	0.175714	-0.0709094	0.00291344	-0.00057463	-0.00127355	0
294.3576698231	233.3510126183	0.0219892	0.139634	-0.0484928	0.00300468	-0.000641696	-0.0011737	0
293.8876378781	232.9965852134	0.0219386	0.102322	-0.086686	0.00328778	-0.00051831	-0.00130254	0
294.7621517733	233.2110456282	0.0219402	0.0371754	-0.126742	0.00421784	-0.000317185	-0.00105001	0
294.3168031136	233.2346166423	0.0218876	0.0371899	-0.141861	0.00485074	-0.000107174	-0.0011737	0
293.8135102798	232.8816748612	0.0219166	0.0994257	-0.124403	0.00435232	-0.000341786	-0.0011737	0
295.3068425579	233.6327505705	0.00957179	0.161992	-0.056996	0.00334756	-0.000354305	-0.00151799	0
295.204546213	233.4767202724	0.00395677	0.161231	-0.0209384	0.00245238	-0.000398337	-0.00182105	0
294.8877838644	232.9859736144	-0.0146238	0.135014	-0.0440824	0.00269772	-0.000826834	-0.00178611	0
294.19494154	232.8513654817	-0.0289568	0.111102	-0.101326	0.00376562	-0.00128905	-0.00179214	0
294.2002539531	233.1807362487	-0.0336034	0.0915518	-0.175503	0.00376807	-0.00142802	-0.00187909	0
293.9919814456	233.2406387248	-0.0288652	0.0441476	-0.194428	0.00401935	-0.00115871	-0.0021061	0
293.4789189545	232.7698684018	-0.00724262	-0.00379186	-0.179642	0.00468935	-0.000186112	-0.00253163	0
293.5651873604	232.6366265125	0.0190208	-0.01375	-0.206831	0.00489113	0.000155685	-0.00251891	0
292.932388261	232.6280841753	0.0317252	0.0350818	-0.222987	0.00583873	0.000459537	-0.00171164	0
294.0069728162	233.0364848254	0.0136561	0.0522156	-0.245771	0.00525687	7.38737e-05	-0.00125978	0
293.8866531381	232.6279382658	0.0111629	0.0562769	-0.25332	0.0054457	-4.99117e-05	-0.000538422	0
293.9009448251	232.6496920437	0.0105488	0.193214	-0.206958	0.00494553	0.000162634	-0.000604306	0
294.4331708746	232.6991951528	0.00963226	0.229813	-0.205892	0.00386167	0.000129183	-0.0010128	0
294.0695038054	232.7799096273	0.0155694	0.13081	-0.210977	0.00442418	-0.000262244	-0.00123456	0
292.9637314983	232.6546794952	-0.000409921	0.0712316	-0.24034	0.00485781	-0.000190162	-0.00122789	0
293.983403842	233.1770885115	0.00901118	0.0151193	-0.311803	0.00551399	-6.49245e-05	-0.00132291	0
292.985149593	233.091612082	0.00733097	0.00248382	-0.303109	0.00483948	-0.000470396	-0.00107093	0
293.3541161181	233.1590355288	-0.00199157	-0.0121757	-0.265736	0.00513871	-0.000319266	-0.000983913	0
293.2923884694	232.8139861244	0.00128863	0.000645881	-0.231361	0.0052374	-0.000425985	-0.00079946	0
292.1732314727	232.899011561	0.00703649	0.129134	-0.212425	0.00426259	-0.000491177	-0.000555912	0
291.4053804668	232.4627024057	0.0157202	0.206767	-0.179342	0.00363337	-0.00042975	-0.000767523	0
292.0720494389	232.4414394143	0.0102054	0.167666	-0.202735	0.00426058	-0.000662932	-0.000767523	0
291.8516879523	232.4962350583	-0.00392602	0.10351	-0.206697	0.00486611	-0.000527409	-0.000767523	0
290.6546457967	232.5561242699	-0.00791624	0.0842711	-0.219265	0.00491821	-0.00053131	-0.000713295	0
291.056432669	232.3956901583	-0.00788055	0.0830864	-0.190753	0.00494533	-0.000496857	-0.000767523	0
290.7715318419	232.2090188682	-0.00794199	0.0996622	-0.195932	0.0047198	-0.000447505	-0.000834311	0
291.2383633819	232.1477236198	-0.00789485	0.141997	-0.190476	0.004453	-0.000414398	-0.000863802	0
291.3648635991	232.1619298979	0.00114342	0.13106	-0.183587	0.00374128	-0.000154688	-0.000767523	0
290.8694486852	232.236383529	0.00865117	0.0899535	-0.18777	0.00455123	-0.00058986	-0.000767523	0
290.8999108393	232.0854600629	0.0021891	0.0321577	-0.201038	0.00472981	-0.000490068	-0.000767523	0
289.2002496195	231.6407014219	-0.0015031	0.0579284	-0.21511	0.00472981	-0.000676273	-0.00110702	0
289.0119958393	231.6792215261	-0.00370331	0.0736964	-0.199026	0.00485215	-0.00103511	-0.00121235	0
289.657531773	231.7151948465	0.00852766	0.129633	-0.175992	0.00448996	-0.000948933	-0.00106855	0
290.3419519791	232.0130226356	0.0157609	0.154495	-0.135033	0.00319152	-0.000811746	-0.000981017	0
290.3403712123	231.6713689429	0.00854884	0.137699	-0.1613	0.00333714	-0.00102724	-0.000982523	0
291.0001340473	231.8108451466	0.00852404	0.0854105	-0.205424	0.00428565	-0.00104978	-0.000840747	0
291.0652305434	231.6642326426	-0.00409621	0.0681754	-0.211101	0.00444398	-0.000853193	-0.00121235	0
292.0779449217	231.7362853995	-0.00464642	0.0818001	-0.230975	0.0045992	-0.000736436	-0.00121235	0
291.7510242027	231.7872741324	-0.00769043	0.0668092	-0.256475	0.00447298	-0.000589835	-0.00108337	0
292.5473678827	231.988987364	-0.00150312	0.127727	-0.224697	0.00410831	-0.000922277	-0.00121235	0
293.2316973891	232.1524988393	-0.00149283	0.117123	-0.203048	0.00375754	-0.00105228	-0.00110516	0
293.3780219771	232.0992816706	-0.00842713	0.100368	-0.231598	0.00444596	-0.000932258	-0.000773077	0
293.7844993215	232.5382569902	-0.0149805	0.0559437	-0.259507	0.00443832	-0.000944244	-0.00121235	0
292.6785326577	232.7032275604	-0.0149657	0.0817866	-0.269092	0.00500525	-0.00105986	-0.00108692	0
293.5837030636	232.5889141107	-0.0149273	0.14354	-0.245683	0.00490099	-0.0011039	-0.00104677	0
294.0293756509	233.2918662187	0.00167879	0.185485	-0.191936	0.0039839	-0.00111267	-0.000856053	0
294.4347386843	233.0198113506	0.00633371	0.169727	-0.1905	0.00315501	-0.00109703	-0.00087179	0
293.5999642305	232.8492564264	0.00178109	0.118447	-0.225758	0.00408207	-0.00133029	-0.000577041	0
294.1253489285	232.8546418129	0.00173459	0.0628389	-0.273053	0.00494993	-0.00136137	-0.000593034	0
293.8362888706	232.7498257443	-0.00291687	0.05539	-0.25198	0.00551881	-0.00111724	-0.000624598	0
293.251418103	232.7828941395	0.00169456	0.074239	-0.26086	0.00560627	-0.00111198	-0.000746314	0
292.5285930374	233.0040929196	-0.00697684	0.105566	-0.263911	0.00548843	-0.00117551	-0.000786013	0
293.0756031438	232.4284402055	0.00171084	0.15068	-0.235584	0.00519694	-0.0010817	-0.000806736	0
293.7580538699	232.9391631986	0.00172973	0.194489	-0.20501	0.00425738	-0.00119496	-0.000802762	0
293.2207615923	233.0114547164	0.00467684	0.186027	-0.159673	0.00347379	-0.00125361	-0.00075305	0
293.3837101462	233.0453057171	0.00191462	0.156201	-0.143807	0.00340599	-0.00160688	-0.000786248	0
293.3217622267	232.8166522887	0.00188427	0.107867	-0.140205	0.0035973	-0.00137617	-0.000861442	0
293.0936783054	232.44366785	0.00185922	0.0598479	-0.185639	0.00427619	-0.00120753	-0.000775871	0
292.9151682683	232.6209611395	0.00570253	0.0398917	-0.216868	0.00479113	-0.00106097	-0.000714603	0
293.6017263968	232.0684815046	0.00522957	0.048535	-0.216106	0.00527906	-0.000820347	-0.000662222	0
292.9960983468	232.6474636079	0.00565598	0.101321	-0.219312	0.00552967	-0.000746681	-0.000577459	0
292.694962267	232.2550864722	0.00180253	0.191338	-0.197323	0.00455147	-0.00105681	-0.000757217	0
293.2987374509	232.3045232588	0.00186087	0.231589	-0.156661	0.00399793	-0.00105435	-0.000798291	0
293.7009389506	232.9150350754	0.00495361	0.232528	-0.0946478	0.00283222	-0.00152622	-0.00111624	0
292.9606606644	233.0407957875	0.00188579	0.174994	-0.0528271	0.00283676	-0.00168242	-0.00126055	0
293.5960900561	233.076609934	-0.0141821	0.157449	-0.0392586	0.00340287	-0.00151953	-0.00125983	0
293.9654582514	232.8634892335	-0.0167258	0.117284	0.00224286	0.00365296	-0.00153648	-0.00125983	0
293.9622578465	233.2213521437	-0.0168392	0.0999495	0.0660891	0.00332396	-0.00141518	-0.00168649	0
292.9217504777	232.4943249705	-0.0242792	0.0936142	0.0596857	0.00283676	-0.00169442	-0.00194592	0
292.9659860346	232.5534713702	-0.040891	0.0978294	0.003579	0.00348492	-0.00171234	-0.00168649	0
294.1256728561	232.797909552	-0.0409663	0.085574	-0.0888224	0.00416227	-0.00190232	-0.00168649	0
293.3654017567	232.3526070665	-0.0334022	0.0614586	-0.0605812	0.00456773	-0.00135328	-0.00148739	0
293.0664813418	232.079345129	-0.020064	0.0948638	-0.0844008	0.00489247	-0.00125616	-0.00109935	0
293.0200689913	232.5181878037	-0.0137442	0.136219	-0.121202	0.00472949	-0.00097878	-0.00102163	0
292.6232965186	232.1057414814	-0.0136459	0.16376	-0.10776	0.00527459	-0.000687956	-0.000837146	0
293.0423163408	232.7992625309	-0.00644263	0.168579	-0.104621	0.0046636	-0.000747807	-0.000897651	0
292.7654618759	232.6291983932	-0.0137958	0.148454	-0.127506	0.00436781	-0.000725136	-0.00111026	0
293.0682435081	232.5695346781	-0.00476589	0.114101	-0.138413	0.00503724	-0.000731124	-0.000950271	0
292.9658046351	232.2327357919	-0.00547836	0.080645	-0.136779	0.00492152	-0.000504977	-0.00106806	0
292.300496159	232.5529142612	-0.00920895	0.0559942	-0.13509	0.00507603	-0.00040637	-0.000960775	0
292.8428287505	232.469573416	-0.0100275	0.057929	-0.14006	0.00525749	-0.000307026	-0.00107738	0
292.4689385255	232.5213314899	-0.0138016	0.0817159	-0.132439	0.00461526	-0.0007654	-0.00117281	0
291.7501042482	232.3655664818	-0.0100908	0.0915159	-0.0965844	0.00435429	-0.000863211	-0.00144366	0
292.221846531	232.1536528507	-0.0137529	0.0720054	-0.166017	0.00510167	-0.000653353	-0.00105115	0
291.5622650954	232.5374080623	-0.00427396	0.0921274	-0.166558	0.00466921	-0.000638675	-0.00105115	0
290.9197611243	232.1833387988	-0.00597406	0.0706029	-0.153853	0.00489556	-0.000658625	-0.00105115	0
290.6095809851	232.2362110905	-0.0073581	0.107049	-0.185725	0.00530102	-0.00101393	-0.000925723	0
291.0700505865	232.4422618132	0.00314564	0.170326	-0.174185	0.00586151	-0.000832541	-0.00105115	0
290.6027396336	232.666670602	-0.0168022	0.142613	-0.153	0.00525658	-0.000685225	-0.00128262	0
290.8012943123	231.8027272734	-0.0195643	0.0125948	-0.196665	0.00511085	-0.000578775	-0.00160355	0
291.4833304111	232.2067904325	-0.0193468	0.104918	-0.233274	0.00511085	-0.000487233	-0.00105115	0
292.6407497392	232.3369284291	-0.0236789	0.0616051	-0.281973	0.00519007	-0.000524936	-0.000811383	0
291.5838127612	232.135891687	-0.0358895	0.0916038	-0.295649	0.00544308	-0.00055252	-0.000636387	0
291.5534024355	232.4345153459	-0.0376365	0.119859	-0.260128	0.00511085	-0.000611687	-0.00105115	0
292.7666798438	232.7477034245	-0.0376528	0.131006	-0.214275	0.0043572	-0.000982194	-0.00120178	0
292.6757209659	232.85908542	-0.0376916	0.132266	-0.161049	0.00407258	-0.00116705	-0.00152828	0
291.8535408183	232.4199111329	-0.0375772	0.0670039	-0.209387	0.00506239	-0.00112126	-0.00105115	0
291.6407851524	232.0709221724	-0.0297002	0.0565758	-0.229789	0.00525473	-0.000942421	-0.000970669	0
291.77793611	232.0912433844	-0.0267653	0.0747509	-0.215126	0.00549156	-0.000795752	-0.000882242	0
291.9415584333	231.9418718646	-0.0342957	0.0844405	-0.206622	0.0055933	-0.000792229	-0.000846671	0
292.0021199426	231.8534241874	-0.0306804	0.121824	-0.212787	0.00564438	-0.000907316	-0.000890624	0
292.325140573	231.8700578687	-0.0372885	0.129434	-0.244714	0.00585839	-0.00114624	-0.000876065	0
292.3713844811	232.1178519687	-0.0325256	0.174785	-0.207572	0.0052469	-0.00127796	-0.00090549	0
293.2190253403	232.6053620891	-0.0299919	0.185467	-0.127327	0.00425747	-0.00127451	-0.00105115	0
293.7959534024	232.6369713894	-0.0306132	0.125345	-0.0839057	0.00379158	-0.00128193	-0.00105115	0
292.4051895683	232.3836194645	-0.0212484	0.10339	-0.0853238	0.00404853	-0.00169078	-0.00105115	0
291.6518764344	231.8365119516	-0.0332789	0.05732	-0.126943	0.00474269	-0.00162535	-0.00131369	0
292.3725376634	232.0515294753	-0.0294441	0.0453333	-0.154491	0.00536122	-0.00120359	-0.00105115	0
292.6239962023	231.989226125	-0.0213815	0.0156542	-0.184085	0.00624551	-0.000953476	-0.00105115	0
291.8907277099	232.0248147749	-0.0301914	0.0841888	-0.199203	0.00614788	-0.000895772	-0.000974711	0
292.4475722591	232.0631757051	-0.0366228	0.1371	-0.201121	0.00632755	-0.000925559	-0.00118935	0
293.7393049388	232.0826214602	-0.0320955	0.208158	-0.208836	0.00622698	-0.000685376	-0.00105115	0
293.7054350661	232.3486011879	-0.0394381	0.230781	-0.212988	0.005439	-0.0010338	-0.00143256	0
294.0011680331	232.6118882224	-0.0376136	0.151491	-0.258219	0.0059951	-0.00117369	-0.00105115	0
294.0134643258	232.9426915552	-0.0387233	0.119835	-0.280548	0.00679076	-0.00109902	-0.00105115	0
293.9863321477	232.6453810816	-0.0392664	0.10321	-0.324843	0.00769806	-0.000975036	-0.00105115	0
293.5903241443	232.6560457385	-0.0436619	0.113096	-0.313796	0.0066682	-0.00121653	-0.00105115	0
295.4927251878	233.9880003744	-0.0352754	0.134487	-0.204049	0.00549939	-0.000893646	-0.00105115	0
296.4129517498	233.9735553353	-0.0228737	0.124869	-0.132107	0.00524726	-0.00124217	-0.00105115	0
294.3989641171	232.9909478014	-0.0187749	0.127901	-0.126261	0.00477197	-0.00123284	-0.000991855	0
293.9799183807	232.712074981	-0.0228536	0.0995242	-0.151543	0.00585656	-0.00139727	-0.00105115	0
293.088080836	232.7544815833	-0.022894	0.0811029	-0.19631	0.00625712	-0.00115557	-0.00105115	0
293.1524646913	232.4391844495	-0.0227381	0.107743	-0.194657	0.00689842	-0.00103247	-0.000572845	0
293.3499568874	232.1666918529	-0.0227636	0.155439	-0.227352	0.00697053	-0.000780904	-0.000440094	0
293.0577223387	232.8620699322	-0.0228685	0.19584	-0.260211	0.00744375	-0.000949538	-0.000683289	0
292.7031122861	232.3612953132	-0.0228711	0.232517	-0.206014	0.00665673	-0.00109038	-0.000773483	0
293.4630335437	232.813203519	-0.0227442	0.251068	-0.145796	0.00530496	-0.00103072	-0.000765512	0
292.9458766074	232.9709582019	-0.0226469	0.199354	-0.108212	0.00494761	-0.0011404	-0.000757376	0
293.3385805491	232.8347981229	-0.01485	0.150433	-0.0785595	0.00439417	-0.00141437	-0.000816578	0
293.3398244312	232.8957882878	-0.0148178	0.10404	-0.0686361	0.00479239	-0.00145587	-0.000658921	0
292.7670944711	232.5934770982	-0.0114935	0.0599718	-0.104773	0.00522433	-0.00121734	-0.000898769	0
293.046540357	232.5188377641	-0.0174017	0.0303058	-0.147933	0.0065287	-0.00108262	-0.000727327	0
292.3618350946	232.0029946746	-0.0104774	0.0745518	-0.16614	0.00705285	-0.00106307	-0.000727327	0
292.2145387237	231.9084851214	-0.0207133	0.135892	-0.162145	0.00692921	-0.000740681	-0.000727327	0
292.1853852372	231.8190293423	-0.0157299	0.185244	-0.196559	0.00697549	-0.000901907	-0.000640711	0
293.0184882245	232.2986736149	-0.0234496	0.224196	-0.222579	0.00710183	-0.000955489	-0.000727327	0
292.3824109775	232.1213007384	-0.0234253	0.266503	-0.178802	0.00635976	-0.000852806	-0.000727327	0
292.3858575675	232.3104790187	-0.0308614	0.226427	-0.137084	0.00512852	-0.000921087	-0.000727327	0
292.505736704	232.2676612169	-0.0259475	0.170539	-0.110297	0.00512852	-0.00119434	-0.00100054	0
292.1737238426	232.2177867019	-0.0233883	0.109869	-0.103491	0.0052307	-0.000925713	-0.00101087	0
292.4125880753	232.1447258431	-0.0233355	0.0132089	-0.144641	0.0059864	-0.00101983	-0.000727327	0
291.6696406255	232.0068944372	-0.0233655	0.0233226	-0.157533	0.00639875	-0.000906	-0.000640805	0
292.2380947408	231.8483040909	-0.0233957	0.0702677	-0.14559	0.00662857	-0.000567604	-0.000727327	0
291.8751662267	231.669830261	-0.0211792	0.102056	-0.164692	0.00634778	-0.000850243	-0.000674916	0
291.8523876359	231.8377322854	-0.0234106	0.203655	-0.142338	0.00588949	-0.000873876	-0.000727327	0
292.7933066948	232.1262483964	-0.0201697	0.252584	-0.0831301	0.00483001	-0.00103221	-0.00085014	0
293.0598602611	232.2012856655	-0.023414	0.236105	-0.0569996	0.0041073	-0.000827246	-0.00108508	0
292.4273980465	232.1375364848	-0.0233737	0.227372	-0.0431072	0.0032337	-0.00104572	-0.00119758	0
292.6323535351	232.4397415584	-0.0232593	0.191452	-0.0333579	0.00318871	-0.00141352	-0.00113062	0
292.7391848667	232.4621055032	-0.0371112	0.171852	0.00449673	0.00358089	-0.00148319	-0.00144397	0
294.1249602153	232.9193195085	-0.0451385	0.153805	0.0378952	0.00394146	-0.00151476	-0.0011762	0
292.4775290862	232.499657299	-0.045196	0.111072	0.016709	0.00421451	-0.00169609	-0.00148378	0
293.4783877132	232.9005502429	-0.0366716	0.0922608	-0.0762601	0.00532424	-0.00179171	-0.00161137	0
294.4089022167	233.2999442984	-0.00805383	0.0753666	-0.180544	0.00583865	-0.000981199	-0.00161137	0
292.8541143891	232.2599678077	0.00477923	0.109276	-0.203009	0.00629364	-0.000462987	-0.00143176	0
293.3386323775	232.6403936301	0.00756711	0.130455	-0.198143	0.00720041	-5.63225e-05	-0.00125298	0
292.5546497758	232.3680336785	-0.00263913	0.171192	-0.218797	0.00765077	-0.000317416	-0.000873727	0
293.0989000188	232.6623198464	-0.00452717	0.307193	-0.187893	0.00690263	-0.000427704	-0.00085971	0
292.9681757853	232.6481400973	-0.00908102	0.335793	-0.142722	0.00646738	-0.000710157	-0.00108517	0
293.3989995302	233.1139097043	-0.0160217	0.240239	-0.158576	0.00594936	-0.000690698	-0.000996342	0
293.0580462664	232.6267444609	-0.0214527	0.124864	-0.179857	0.00712186	-0.00041341	-0.000874908	0
292.5713644414	232.7565641096	-0.0076002	0.0706808	-0.168177	0.00696597	-0.00055311	-0.00072971	0
292.5878329219	232.7928425135	-0.0214449	0.0715831	-0.154155	0.00683476	-0.000499438	-0.000905057	0
292.7051335945	232.4576353672	-0.013162	0.137025	-0.134126	0.00575141	-0.00072548	-0.000926946	0
292.6392208008	232.6516286605	-0.0213249	0.144821	-0.0775805	0.00549939	-0.000912205	-0.00117785	0
291.9384098568	232.2733384224	-0.0213877	0.0816279	-0.121361	0.00623802	-0.000833373	-0.00124742	0
291.3927991177	232.3986746705	-0.00842906	0.115051	-0.126254	0.00644673	-0.000591382	-0.000923953	0
290.5588539186	232.0749943735	-0.0147374	0.169909	-0.128524	0.00651133	-0.000709184	-0.00120612	0
290.5475294088	231.9562505812	-0.0158836	0.214823	-0.137462	0.0067757	-0.000653881	-0.00128734	0
290.8282321339	232.1525784263	-0.0143418	0.211629	-0.157648	0.00661538	-0.000626028	-0.00136674	0
290.768953378	232.0410770503	-0.0181234	0.191096	-0.142479	0.00641873	-0.000657208	-0.000923953	0
290.295954256	231.6454235834	-0.0196567	0.14702	-0.186297	0.00738485	-0.00058851	-0.000923953	0
290.9227412585	231.8665693056	-0.0229999	0.163381	-0.201046	0.00817381	-0.00106352	-0.00133001	0
290.849572486	231.7939329108	-0.0229671	0.139856	-0.208352	0.0083623	-0.00113021	-0.00116357	0
290.6123149343	231.1875994112	-0.0230241	0.104589	-0.219134	0.0077694	-0.00126579	-0.00134035	0
290.3318972655	231.5495743159	-0.0266343	0.117686	-0.212353	0.00758098	-0.00100976	-0.0016118	0
290.4042108691	231.2290642341	-0.0231127	0.107461	-0.209122	0.00742777	-0.00110486	-0.00148777	0
290.7926389661	231.3223269244	-0.0332007	0.140195	-0.177676	0.00701613	-0.00114437	-0.00148777	0
290.8924216326	231.3391728377	-0.029314	0.154135	-0.171002	0.00643378	-0.00108757	-0.0017664	0
290.3255741982	231.3142886382	-0.0349996	0.137671	-0.174569	0.00653686	-0.00132217	-0.00148777	0
290.6145565135	231.3382708518	-0.0366606	0.131363	-0.190178	0.0069183	-0.00146318	-0.0013925	0
290.0342077756	231.1724115602	-0.0312103	0.164151	-0.184371	0.00709429	-0.00130514	-0.00117716	0
290.7584969942	231.1354434024	-0.0280156	0.165946	-0.188479	0.00701613	-0.00138008	-0.00108955	0
290.2591690345	231.0575542661	-0.0231351	0.217128	-0.156785	0.00579964	-0.00136832	-0.00148777	0
291.958169442	232.0968277383	-0.0301353	0.195748	-0.0921864	0.00555431	-0.00158332	-0.00148777	0
292.0744335462	231.9521651156	-0.0230187	0.187491	-0.0341065	0.00492134	-0.00153261	-0.00167879	0
291.3674550201	231.6432216767	-0.0230038	0.15063	-0.0597921	0.00467209	-0.00132055	-0.00148777	0
290.4643577511	231.4944868529	-0.0230257	0.123437	-0.0770314	0.00476613	-0.00142775	-0.0016296	0
290.8469810649	231.1814181548	-0.0230083	0.0808717	-0.0949963	0.00543638	-0.00152431	-0.00148777	0
291.0203600884	231.2682342987	-0.0230523	0.0625871	-0.102424	0.0064453	-0.00115523	-0.00148777	0
291.6305490393	231.1370616712	-0.0230915	0.106398	-0.150125	0.00649559	-0.00117547	-0.00148777	0
291.1181344036	231.2212647089	-0.0353758	0.15248	-0.170302	0.00646017	-0.0016008	-0.00148777	0
291.7517757148	231.2882902207	-0.0296597	0.228858	-0.180088	0.00691448	-0.00159666	-0.00148777	0
293.2597495216	231.8589289543	-0.033978	0.226669	-0.193509	0.00729966	-0.0012709	-0.00135906	0
293.6964428351	231.9343508939	-0.0290222	0.237895	-0.213358	0.0074798	-0.00156074	-0.00148777	0
293.4923425154	231.877724749	-0.023144	0.190983	-0.207193	0.00666841	-0.0015393	-0.00148777	0
293.4346315693	232.1759372085	-0.0373329	0.126445	-0.217041	0.00674299	-0.00147273	-0.00148777	0
293.6362052535	232.0614911138	-0.0378593	0.103646	-0.2184	0.00728343	-0.00112124	-0.00148778	0
293.9282195313	232.3951065203	-0.023208	0.0766963	-0.256193	0.00726755	-0.00182599	-0.00148778	0
293.6497972567	232.2871732945	-0.0366878	0.0789545	-0.267917	0.00711512	-0.00159848	-0.00137129	0
294.0389509516	231.9823418501	-0.0417569	0.0914703	-0.261566	0.00666841	-0.0014342	-0.00148778	0
294.1571715786	232.4503266284	-0.0398293	0.176856	-0.204719	0.00570065	-0.00145653	-0.00148778	0
294.2613596608	232.6658879966	-0.0349122	0.219333	-0.175312	0.00530211	-0.00177413	-0.00148778	0
293.4909561052	232.4160378993	-0.0319855	0.225223	-0.154444	0.00466841	-0.00176144	-0.0013196	0
293.6816069498	232.2693060148	-0.0353492	0.177344	-0.185733	0.00550695	-0.00208252	-0.00136256	0
293.5286094526	231.9657612268	-0.0368722	0.125654	-0.196402	0.00644349	-0.00178005	-0.00102512	0
293.9095094716	232.0609870629	-0.0337016	0.121582	-0.203604	0.00629542	-0.0015186	-0.000752308	0
292.9107887668	231.907782103	-0.0245304	0.140378	-0.223491	0.00650679	-0.00134934	-0.000868111	0
293.6219394807	231.4966754951	-0.0330718	0.155208	-0.226692	0.00674787	-0.00137353	-0.000864361	0
294.1104353005	231.8803245907	-0.0336705	0.173301	-0.23912	0.00647073	-0.00133646	-0.000752308	0
294.117522837	232.0007662388	-0.0318508	0.18419	-0.275673	0.00741701	-0.00157773	-0.000752308	0
293.0833644498	232.1579107548	-0.0332137	0.211446	-0.25145	0.00645706	-0.00114677	-0.000752308	0
293.754853465	232.114880721	-0.0228163	0.22097	-0.203189	0.00573192	-0.00140449	-0.000958863	0
294.1378266207	232.3229211185	-0.0227798	0.190737	-0.169964	0.00479025	-0.00154678	-0.00101834	0
293.6863103789	232.3560691007	-0.0227462	0.13866	-0.159958	0.00487703	-0.00180387	-0.00104294	0
293.3522632521	231.9622991926	-0.0318022	0.0864363	-0.188689	0.00569479	-0.00179431	-0.000752309	0
293.8913306531	232.0220955527	-0.0313178	0.0590691	-0.193731	0.00626596	-0.00135399	-0.000752309	0
293.3179398807	231.7326111333	-0.0228052	0.0866334	-0.21537	0.0065623	-0.00151416	-0.00081987	0
293.1565073081	231.5110011537	-0.0347836	0.189379	-0.217672	0.00605989	-0.00136727	-0.000837494	0
294.3880283204	231.8515671576	-0.0377826	0.300886	-0.129633	0.0045399	-0.001391	-0.00118487	0
294.3031592819	231.7216015994	-0.0228401	0.327212	-0.103067	0.00365732	-0.000910888	-0.00122073	0
293.8443352328	231.4837028154	-0.0429021	0.240228	-0.111903	0.00386848	-0.000954513	-0.00127907	0
293.5575426684	231.6516313688	-0.0456992	0.154421	-0.0867619	0.00450351	-0.00121315	-0.00116165	0
293.2053167231	231.9319367551	-0.049389	0.0871351	-0.107406	0.00505667	-0.00100159	-0.000752309	0
293.2600993635	231.6290286631	-0.0456972	0.0288793	-0.151973	0.00467492	-0.00113683	-0.00075231	0
293.9236456732	231.6501059515	-0.0500287	0.0102191	-0.152378	0.00448124	-0.00110215	-0.00075231	0
295.1734491608	231.8753769327	-0.0271043	0.0162006	-0.172987	0.00418406	-8.09226e-06	-0.00075231	0
294.1549818279	232.1175468853	-0.00377314	0.0433993	-0.176068	0.00399638	7.50646e-05	-0.000366967	0
295.5694571642	232.7964371927	0.0227245	0.0801769	-0.308903	0.00470687	0.000900247	0.00015376	0
294.0759046154	232.3225231835	0.0227432	0.127629	-0.308337	0.00496982	0.000783485	0.00044742	0
293.8856424839	232.2145236352	0.0229441	0.143263	-0.355706	0.00647064	0.000993207	0.0011334	0
293.911284595	232.3091525688	0.0178292	0.132693	-0.32983	0.00547626	0.000279326	0.00148635	0
293.8771814943	233.0386602032	-0.0125668	0.16905	-0.248321	0.00512517	0.000605346	0.000447658	0
293.5998864879	232.580889089	-0.0140515	0.145925	-0.288991	0.00501184	0.00061679	0.000497254	0
293.127159465	232.9611026794	-0.0191629	0.185946	-0.26623	0.00469045	0.000396865	0.000122372	0
293.1428634764	233.0672451979	-0.0186347	0.124436	-0.219856	0.00461434	0.000374122	5.63397e-05	0
293.9353070678	233.1199185222	-0.0125266	0.0588182	-0.208401	0.00433452	0.00042189	9.114e-05	0
292.951733219	232.8504237023	-0.010648	0.0202408	-0.181232	0.00411185	0.000283609	-0.000339313	0
292.7012075917	232.4306553768	0.000128271	-0.00448582	-0.169374	0.00425071	8.09714e-05	-0.000334738	0
292.1875361167	232.5540682726	-0.0238805	-0.0396745	-0.19258	0.0044195	-4.84337e-06	-0.000410845	0
291.2787636356	232.2748107817	-0.0306561	0.0127383	-0.19148	0.00487241	-0.000124486	-0.000711099	0
290.4575811851	231.8249453087	-0.0311146	0.0872404	-0.220022	0.00508581	-4.81651e-05	-0.000711098	0
289.9222713446	231.7896086842	-0.0361978	0.132705	-0.235023	0.00512602	8.8727e-05	-0.00108261	0
290.7923150385	231.8717159311	-0.0362279	0.162748	-0.252569	0.00517109	-0.000225718	-0.00106563	0
289.5751375416	231.9208078407	-0.0330941	0.122034	-0.186013	0.00486656	-0.000627974	-0.000392203	0
290.0247361318	232.0614513203	-0.035948	0.134211	-0.220237	0.00449923	-0.000102955	-0.000230627	0
289.2579735227	231.8114022555	-0.0358932	0.158994	-0.197601	0.00436314	-0.000178324	-0.000101045	0
291.3417092522	232.5622657328	-0.0357778	0.156963	-0.116218	0.00407538	-0.000156945	5.90308e-05	0
291.9075330753	232.3362386752	-0.024786	0.107693	-0.0882209	0.0040855	-0.000307416	-0.000304052	0
290.4456476913	231.7555189226	-0.0357392	0.0269935	-0.112343	0.00455039	-0.00038547	-4.73497e-05	0
289.8600383687	231.4146743643	-0.035768	-0.0355696	-0.147254	0.00517532	-0.000382892	5.90308e-05	0
290.0973995773	231.2483773442	-0.0480737	0.0025241	-0.181198	0.00528785	-0.000308391	5.90308e-05	0
289.7862735694	231.0239287619	-0.0505186	0.0822821	-0.192817	0.00523915	-0.000480667	5.90308e-05	0
289.9009180354	230.703975789	-0.052492	0.167002	-0.191879	0.00482555	-0.000519564	-4.55186e-05	0
289.2923098513	230.9254133301	-0.0551221	0.167546	-0.186395	0.00516823	-0.000439429	5.90308e-05	0
290.9702679201	231.1894431765	-0.055131	0.151983	-0.208183	0.00542262	-0.000649702	5.90308e-05	0
290.549654374	231.0858209128	-0.0497279	0.152214	-0.233524	0.0056256	-0.000561791	5.90308e-05	0
289.7035294961	231.2962091265	-0.0349233	0.122528	-0.219819	0.00482342	-0.000680486	5.90308e-05	0
289.6139440714	231.1113948662	-0.0478181	0.082726	-0.212973	0.0051065	-0.000636997	5.90308e-05	0
290.5096169192	231.6875516313	-0.0460006	0.0830742	-0.192971	0.00510014	-0.000344051	0.000134662	0
290.8277915923	231.427302167	-0.0518139	0.104267	-0.198454	0.00483208	-0.000395895	-0.000141241	0
290.6219809347	231.437515831	-0.0390903	0.0901131	-0.228575	0.00501362	-7.56765e-05	-0.000201718	0
291.4449514658	231.2160119674	-0.0390442	0.0658001	-0.235107	0.00532253	-0.000305674	5.90308e-05	0
291.7815381852	231.2342108596	-0.0390462	0.0793059	-0.232693	0.00465522	-0.000188908	5.90307e-05	0
291.3992128847	231.3899360742	-0.0390867	0.0582008	-0.268677	0.00530147	-0.000649296	5.90308e-05	0
291.0522604812	231.2301917165	-0.0391547	0.110418	-0.285603	0.00512433	-0.000573552	5.90307e-05	0
292.0129520824	231.1865515158	-0.0391259	0.166	-0.274461	0.00506878	-0.00055099	5.90307e-05	0
292.069976302	231.5633428656	-0.0344818	0.202999	-0.245429	0.00458401	-0.000877401	5.90307e-05	0
292.5541314916	231.6483417732	-0.0351704	0.153377	-0.227297	0.00403959	-0.000808584	-0.000115605	0
292.0311049867	231.5548933799	-0.0390901	0.0865722	-0.248376	0.00476348	-0.00062585	5.90307e-05	0
292.7187903833	231.5904820299	-0.0390632	0.0695288	-0.243762	0.00477174	-0.000419183	0.000148789	0
292.3524930218	231.5549331734	-0.0340927	0.0913907	-0.260016	0.0046606	-0.000412091	5.90307e-05	0
292.303450379	231.3498507592	-0.0359552	0.106529	-0.273438	0.00467307	-0.000383216	0.000318546	0
292.7317734026	231.3370903114	-0.0311796	0.118261	-0.270478	0.00495389	-0.00050886	0.000349536	0
292.5793848894	231.2877065828	-0.0219747	0.183223	-0.258557	0.00419521	-0.000490911	0.000246431	0
292.8307009001	231.8971705041	-0.0219258	0.172983	-0.221411	0.00342176	-0.000632452	0.000263064	0
293.124930843	232.0464491723	-0.0218484	0.165431	-0.183904	0.00308294	-0.000853798	0.00036527	0
292.5770396534	232.1710160795	-0.0196576	0.0913357	-0.180975	0.00347286	-0.0009317	0.000344395	0
292.8201538166	231.8448155277	-0.0218533	0.0636246	-0.218605	0.00389265	-0.000750727	0.000497388	0
291.7651863185	231.6528384382	-0.0260049	0.0536429	-0.237224	0.00467431	-0.000703719	0.000580449	0
292.0919515523	231.5201536578	-0.0218809	0.0897673	-0.266686	0.00477753	-0.00070823	0.000569043	0
292.6770425906	231.5161477792	-0.0218906	0.135092	-0.269667	0.00494614	-0.000709217	0.000573439	0
292.4408345645	231.1965396833	-0.0219229	0.188476	-0.274294	0.00445929	-0.000883445	0.000460241	0
293.3911863959	231.8565280801	-0.0171189	0.200759	-0.220871	0.00360663	-0.000616452	0.000431088	0
293.8774795077	232.3704876108	-0.0126508	0.162376	-0.165496	0.00308918	-0.000821209	0.000445778	0
294.8852054005	232.8909334813	-0.00915807	0.144593	-0.109463	0.0025749	-0.000931242	0.000603254	0
293.97575915	232.6973779165	-0.0143811	0.132771	-0.063007	0.00215042	-0.000972498	0.000559604	0
293.6035144773	232.3792023864	-0.0173984	0.0999749	-0.0507748	0.00208702	-0.00108658	0.000481171	0
293.0640583631	232.2253739951	-0.0135226	0.120766	-0.0068156	0.00148901	-0.000809323	0.00048117	0
292.431531363	232.0680437762	-0.0218159	0.0550522	-0.0559149	0.0025251	-0.000678516	-6.59696e-05	0
291.7673760693	231.8304633402	-0.0141645	0.0744776	-0.123119	0.00303227	-0.000332874	-0.000265334	0
291.9118607484	231.5351425413	-0.0132381	0.0976782	-0.125121	0.00358541	-6.67193e-05	-0.000188681	0
292.2928385099	232.1188202771	-0.0179212	0.109247	-0.112116	0.0041966	-0.000157684	-0.000360466	0
292.394059415	232.0360100118	-0.0168188	0.231294	-0.0996084	0.00351801	-6.13065e-05	-0.00034138	0
293.1235703469	232.1797175906	-0.027952	0.302332	-0.067646	0.00263347	8.42111e-05	-0.000323767	0
292.4647663376	231.9600176988	-0.0219093	0.282237	-0.0431994	0.00217765	-0.000304195	-0.000410851	0
293.4224648476	232.7461780071	-0.0218113	0.19441	0.0118639	0.00133615	-0.000358327	-0.000446686	0
292.0598827172	232.0986449746	-0.0356461	0.104366	-0.00389872	0.00181238	-0.000630265	-0.000369186	0
292.0933638768	231.9577627341	-0.0517516	0.0538313	-0.0480926	0.00232509	-0.000425063	-0.00046423	0
292.5974341368	232.1649144101	-0.0471227	0.00784504	-0.0758679	0.00279704	-0.000287263	-0.000524538	0
293.009301637	232.2638675703	-0.038998	0.0417474	-0.0914798	0.0026282	-0.000208376	-0.000566301	0
292.5931323779	231.7637827052	-0.0399717	0.069452	-0.0964846	0.00251164	-9.00762e-05	-0.00073701	0
292.5498297327	231.6257390674	-0.040714	0.123869	-0.0962124	0.00315123	-0.000122555	-0.000878478	0
292.8495275738	231.8604941652	-0.0341691	0.171719	-0.100927	0.00328511	-6.43737e-06	-0.000700752	0
292.4646108524	232.084690722	-0.0313964	0.240922	-0.0919731	0.00305586	0.000110755	-0.000591748	0
292.7836536515	232.3605392368	-0.036697	0.309598	-0.0646487	0.00275625	-1.16069e-06	-0.000532003	0
292.0805622569	232.1542232241	-0.0318816	0.254172	-0.0514154	0.00162573	-0.000265301	-0.000660285	0
291.3209260556	232.2820399335	-0.0468581	0.17649	-0.0153509	0.00163624	-0.0005655	-0.000530029	0
291.2538082512	231.7678681708	-0.0432731	0.0806383	-0.0552201	0.00187486	-0.000610034	-0.00037627	0
290.8493392581	232.1641052757	-0.0360294	0.0149208	-0.0838047	0.00242841	-0.000213314	-0.000371119	0
290.9171826604	232.3183581309	-0.0413423	-0.0310242	-0.0989214	0.00280164	-0.00022658	-0.000371119	0
290.5723033937	232.1075719823	-0.0469925	-0.000931616	-0.0820504	0.00335489	-0.000164578	-0.000501316	0
290.712991641	231.5464571587	-0.0469759	0.0894976	-0.0823081	0.00321602	-0.000180719	-0.000371119	0
289.779937545	231.6575738642	-0.0470711	0.168133	-0.0917019	0.0026435	-0.000176211	-0.000592214	0
290.2105669333	231.5073136231	-0.0470106	0.218043	-0.0853494	0.00301492	-1.67328e-05	-0.000371119	0
290.6960307904	231.4949776393	-0.0470953	0.266939	-0.0801866	0.00285838	-0.000218787	-0.000654978	0
290.6467808339	231.8360476941	-0.0470665	0.257844	-0.0876676	0.00258112	-7.84496e-05	-0.000580878	0
290.3914740348	232.0084994416	-0.0471193	0.184438	-0.106291	0.00282765	-0.00013208	-0.000808755	0
290.1374629463	231.8406504751	-0.0470906	0.104933	-0.0996025	0.00336833	5.09584e-05	-0.000761182	0
290.3839589139	231.8579606459	-0.047027	0.0519974	-0.106051	0.00327958	0.000330016	-0.000371119	0
290.3078747927	231.5395596194	-0.0470918	0.0180863	-0.116702	0.00309701	-8.15661e-05	-0.000840508	0
290.6005498829	231.4056942986	-0.0470594	0.0138684	-0.130328	0.00382418	-6.00374e-06	-0.000717656	0
290.6898372942	231.3602103326	-0.0470217	0.0722693	-0.144094	0.00409527	0.000111898	-0.000371119	0
291.0186756648	231.3648794362	-0.0630223	0.127337	-0.2002	0.00541354	0.000237212	-0.000371119	0
290.4881340389	231.1766296708	-0.0792497	0.0837068	-0.212702	0.00458068	0.000109166	-0.000896197	0
291.0578709077	230.9716799015	-0.0688674	0.124826	-0.19986	0.00457893	0.000318562	-0.000579183	0
291.4173398748	231.2673190483	-0.0660281	0.153087	-0.162503	0.00460157	0.000318247	-0.000704016	0
291.32923156	231.1916981413	-0.0689363	0.183515	-0.176906	0.00353513	0.000336367	-0.000846787	0
291.4384599561	231.4583013004	-0.0616598	0.216474	-0.119087	0.00250122	-9.74176e-05	-0.000508016	0
292.3716047519	232.362887053	-0.0499697	0.135957	-0.0703652	0.00236893	-0.000192023	-0.000472254	0
292.5708072858	232.0047721174	-0.0538108	0.0461729	-0.0731072	0.00289265	-0.000118863	-0.000658688	0
291.5141294499	231.7943971682	-0.0688161	-0.000765309	-0.153453	0.00387596	0.000212437	-0.000386127	0
290.2066538875	231.5665396097	-0.0688766	0.0535489	-0.176402	0.004299	5.63794e-05	-0.000643271	0
290.7589893641	231.3567482985	-0.0688836	0.0754026	-0.163807	0.00406527	0.000211688	-0.000716625	0
291.0619394387	231.1403247379	-0.0689068	0.126518	-0.157743	0.00388936	0.000404198	-0.000773076	0
290.7634466083	231.1636702556	-0.0689236	0.147988	-0.17258	0.00404958	0.000308711	-0.000846787	0
291.3462701532	231.311224539	-0.0689171	0.147579	-0.154868	0.00406643	0.000126464	-0.000791805	0
291.8072062104	231.4297030413	-0.0721007	0.171463	-0.156016	0.00407089	0.000379238	-0.000846787	0
292.04223514	231.6387913341	-0.0688704	0.151683	-0.18602	0.00405277	0.000601575	-0.000660706	0
292.036067558	231.5121551651	-0.068936	0.125252	-0.183974	0.00452495	-1.05932e-05	-0.000846787	0
292.9810421907	231.6258319189	-0.0689408	0.110975	-0.19609	0.00490718	3.61896e-05	-0.000846787	0
292.6987198275	231.5951776624	-0.0876092	0.0904126	-0.224595	0.00486653	0.000246712	-0.000846787	0
292.7564566878	231.731191832	-0.0737374	0.104938	-0.217067	0.00470418	-0.000115635	-0.000846787	0
294.0844303905	231.7843028847	-0.072633	0.137353	-0.179109	0.00399082	-0.000142929	-0.000942142	0
294.7890248093	231.9318571681	-0.0674552	0.147035	-0.124764	0.00350517	-0.00016918	-0.000914652	0
293.6407531974	231.655464809	-0.078237	0.0877776	-0.156473	0.00352301	-0.000152186	-0.000846787	0
293.6898735828	231.8140684198	-0.0705698	0.0658571	-0.216496	0.00460062	0.000188184	-0.000846787	0
293.287412941	231.4691251314	-0.0711132	0.0766405	-0.212684	0.00515523	0.00023176	-0.000692053	0
293.0515288425	231.0911930347	-0.0741274	0.128237	-0.23011	0.00522934	-1.54789e-05	-0.000846787	0
293.4380263308	231.4205372727	-0.0788207	0.156912	-0.241225	0.0050597	-4.04434e-05	-0.000503966	0
293.846447241	231.3391861022	-0.0713993	0.193295	-0.248337	0.00526957	0.000231357	-0.000297513	0
294.0038371967	231.6007620164	-0.0656429	0.188427	-0.232121	0.00503556	-5.52418e-05	-0.000393717	0
293.2888770939	232.0244831625	-0.0714473	0.159863	-0.242988	0.00463613	-2.25902e-05	-0.0004207	0
293.6491623586	231.8040537233	-0.0665807	0.150654	-0.241083	0.00509246	0.000193197	-0.000548627	0
294.0524522551	232.5019785863	-0.0572934	0.170429	-0.194773	0.00401054	-0.000123457	-0.000598129	0
294.8762390838	232.6900028552	-0.0541841	0.11347	-0.145744	0.00336237	-0.000314851	-2.07204e-05	0
294.4042894873	232.5904262635	-0.051986	0.0755599	-0.136487	0.00336665	-0.000338287	-0.000244796	0
293.604706531	232.3923475046	-0.054249	0.0288616	-0.144532	0.00389515	-0.000181383	-0.00040624	0
294.1404439559	231.9558924398	-0.0543001	0.0284501	-0.15552	0.00440697	8.12015e-05	-0.00043064	0
293.1494068145	232.0861763459	-0.0602025	0.106444	-0.165151	0.00455171	4.86181e-05	-0.000431256	0
293.4315218641	231.8889199859	-0.0812137	0.236169	-0.131275	0.0039502	0.000248297	-0.000945067	0
293.85902859	231.6914646584	-0.0676747	0.197598	-0.113846	0.00244325	0.00039193	-0.000959506	0
292.7686881951	231.5021272041	-0.0739425	0.197975	-0.0860169	0.00308473	0.000413828	-0.00113474	0
292.9257671803	231.4756247357	-0.0812621	0.159595	-0.0786896	0.00292203	0.000465767	-0.00136864	0
292.8788106314	232.0535456791	-0.0811465	0.0889873	-0.0806606	0.0029934	0.000241346	-0.00126269	0
293.3376217233	231.8914137116	-0.0761181	0.0146003	-0.0459653	0.00314795	-0.000144544	-0.00144351	0
293.8762744969	231.7744871557	-0.0611339	0.0227558	-0.0586127	0.00265549	0.000199143	-0.00126469	0
293.9010355248	232.160762622	-0.0613627	-0.0015814	-0.135998	0.00326277	0.00135352	-0.00172797	0
293.9385074728	232.1870130649	-0.0613576	0.00384184	-0.186741	0.00369568	0.00132259	-0.0013314	0
294.5443817077	231.8154877211	-0.0612552	0.00964604	-0.217154	0.00425497	0.00146626	-0.000323652	0
294.3503749729	231.9674988761	-0.0612903	0.119138	-0.183351	0.00356351	0.00162278	-0.000333257	0
294.4375633332	231.366312002	-0.0452465	0.186281	-0.167088	0.00328223	0.00149567	-0.000725183	0
294.5940722058	231.6053515329	-0.0555656	0.156423	-0.166029	0.00399092	0.000851519	-0.000800286	0
294.057855368	231.9721281861	-0.0615988	0.106455	-0.23968	0.00438021	0.000876541	-0.000927773	0
294.1339006178	232.2551130012	-0.0453153	0.0510857	-0.287565	0.00442387	0.00118509	-0.000825495	0
293.9367453065	232.2203334856	-0.0453214	0.0425788	-0.304793	0.00417923	0.000992213	-0.000756848	0
294.3222969261	232.8779342726	-0.0450903	-0.0462219	-0.20267	0.00397108	0.000805988	-0.000271455	0
292.9179022175	232.2654858391	-0.0533403	-0.0282584	-0.19078	0.0034347	0.000822202	0.000212392	0
292.4432964145	232.0864018424	-0.0549092	0.0328646	-0.178872	0.00349905	0.00102424	0.000680766	0
291.9069370484	231.8230484854	-0.0543477	0.0907789	-0.174144	0.00322957	0.000969971	0.000749588	0
292.0460315718	231.7557842125	-0.0448942	0.127802	-0.199883	0.0033234	0.00103413	0.000749588	0
291.8497573436	231.8730954389	-0.0399904	0.146507	-0.213922	0.0034537	0.00108181	0.000749589	0
291.4953546046	231.9135919534	-0.0427345	0.12763	-0.210318	0.00339747	0.00124517	0.000808862	0
290.9550562787	232.099852044	-0.0414357	0.116364	-0.224865	0.00307524	0.0015903	0.000749589	0
290.172693315	232.0485316986	-0.0448277	0.123309	-0.202213	0.00279605	0.00139244	0.000749589	0
289.9813427868	231.7548954911	-0.0448086	0.0892684	-0.203282	0.00258324	0.00129033	0.000749589	0
290.3998313676	231.9599115829	-0.0448067	0.00933512	-0.176518	0.0031171	0.00109351	0.000569805	0
290.0603163424	231.9402403313	-0.0566426	-0.0109316	-0.208731	0.00306644	0.00139602	0.000749589	0
289.0771830351	231.61984963	-0.0526438	0.0366868	-0.217193	0.00252399	0.00125146	0.000749589	0
289.4247055513	231.2514945014	-0.0448856	0.0596669	-0.204301	0.00282439	0.00109562	0.000749589	0
289.5236460059	231.0998812814	-0.0448732	0.134567	-0.183606	0.00249627	0.00115185	0.000749589	0
289.6343126406	231.4465356901	-0.0449102	0.176576	-0.162885	0.00164618	0.00076212	0.00032182	0
289.8204803268	231.457306463	-0.0511455	0.152119	-0.126592	0.00156844	0.000491071	0.000157378	0
289.8148828574	231.1973222887	-0.0511992	0.0915888	-0.179312	0.00220117	0.000666855	0.000352579	0
290.1511456492	231.4587655579	-0.0612583	0.0664922	-0.194058	0.00270583	0.000749732	0.000210866	0
290.6201928542	231.7703088386	-0.0612752	0.0588693	-0.219322	0.00413171	0.000896681	0.000245527	0
289.7156184752	231.4798693753	-0.0613067	0.0336385	-0.233198	0.0037251	0.000876393	0.000270745	0
289.6895228655	230.4792088587	-0.0818431	-0.0518738	-0.273781	0.00367271	0.00106356	-0.000213251	0
290.2235240384	230.6478271661	-0.0806167	0.0354235	-0.263034	0.00352197	0.00133868	-0.000214575	0
291.1769985321	230.9689208858	-0.0788129	0.080592	-0.230946	0.00277359	0.00130187	-0.000162151	0
291.0307516867	230.5960425632	-0.0787879	0.0932241	-0.253933	0.00305441	0.00157834	-0.000162151	0
291.147650689	230.9070552639	-0.0787861	0.104358	-0.271161	0.00235721	0.00116014	-4.05745e-06	0
291.0730048065	231.0569308346	-0.082861	0.0937268	-0.273283	0.00305689	0.000824499	0.000199521	0
291.9242995693	231.174480822	-0.0789407	0.100247	-0.269933	0.00295278	0.00040949	-0.000162151	0
292.0825187798	231.098541567	-0.0788712	0.172526	-0.260323	0.00267863	0.000511567	5.66855e-06	0
292.5823520665	231.3128958658	-0.07219	0.166543	-0.232559	0.00219501	0.000776898	9.82159e-05	0
293.3937389456	232.1072934278	-0.0606424	0.121096	-0.193806	0.00191055	0.000526545	0.000408621	0
292.9230721025	231.5930818716	-0.0607103	0.0561023	-0.224867	0.00276821	0.000590633	0.000261049	0
292.3880214041	231.0821599111	-0.0648328	0.00953945	-0.242344	0.00340294	0.00107767	0.000263163	0
292.377046736	231.4738074994	-0.0607202	0.00190421	-0.276007	0.00334905	0.00113083	0.000362807	0
291.2679444529	230.9673424105	-0.0606837	0.0681072	-0.308039	0.0031179	0.00112314	0.00057735	0
291.8863222942	231.0764694412	-0.0606693	0.121468	-0.309644	0.00354548	0.000980623	0.000638675	0
291.7870449549	231.1298855774	-0.0606035	0.159417	-0.304155	0.00346696	0.001162	0.00080011	0
291.6777776875	231.1092592819	-0.0606567	0.185701	-0.314217	0.00322033	0.00122092	0.00055548	0
291.4885650816	231.4492018543	-0.0606387	0.220263	-0.282535	0.00262525	0.00124393	0.000438603	0
291.524987504	231.6170906142	-0.0431594	0.156424	-0.227536	0.00194608	0.00112419	0.00042222	0
292.3911570235	231.7342161377	-0.0466065	0.108878	-0.203299	0.00137461	0.000779162	0.000483583	0
291.8672883068	231.5589788455	-0.0545801	0.0320258	-0.189571	0.00172217	0.000944073	0.000675818	0
291.5622521383	231.2965274744	-0.0583945	-0.0295731	-0.23077	0.00244854	0.00110694	0.000602918	0
292.2307480622	231.7163355934	-0.0569102	-0.0251905	-0.224833	0.00287231	0.00127199	0.000579343	0
291.745271248	231.225389968	-0.0446564	0.0380067	-0.238225	0.00277672	0.0012139	0.000385371	0
291.2634353803	230.9409725871	-0.0606514	0.188935	-0.215659	0.00204801	0.00135152	0.000175913	0
292.3578054349	231.022947189	-0.0615501	0.257861	-0.196196	0.00144178	0.00130768	-0.000130898	0
291.9166419202	230.9936591759	-0.071663	0.242475	-0.168452	0.00104727	0.00136098	-0.000410946	0
293.2498762075	232.2001979766	-0.0715106	0.133901	-0.0314494	0.00120429	0.00107391	-0.000321969	0
293.7045280687	232.206034356	-0.0379382	0.0655932	0.0598944	0.000899724	0.00162861	-6.12525e-05	0
292.0456946871	231.1767755803	-0.0380002	-0.0225618	0.071512	0.000168429	0.00183567	0.000198327	0
291.6010845823	231.3907982666	-0.0531048	-0.015476	0.0046274	-0.000932601	0.00230475	-6.12525e-05	0
293.0861372703	231.9234872695	-0.0381919	0.0126392	-0.126497	-0.000414538	0.00207762	-0.00038095	0
292.4387743848	231.4092757133	-0.00776294	0.012435	-0.376207	0.000391711	0.00259639	-6.12525e-05	0
292.0183551953	231.1221789037	0.0279396	0.00250026	-0.463647	0.000931671	0.00245575	0.000517964	0
291.3709793527	231.1654742274	0.0265063	0.0289282	-0.502455	0.00187955	0.00212329	0.000675698	0
290.5591908034	231.0067777651	0.0223709	0.0350799	-0.528483	0.00224657	0.00210653	0.00133188	0
290.7505024603	231.2431113382	0.00849288	0.10353	-0.473574	0.00337596	0.00194542	0.00151385	0
290.6379700024	231.4440154354	0.00714138	0.232377	-0.406877	0.00235395	0.00201782	0.000999899	0
290.4704216763	231.1059298928	0.0104284	0.195404	-0.402375	0.00147012	0.00171541	0.000999899	0
290.3934953432	231.6391760046	0.0131736	0.0821034	-0.349135	0.00128804	0.00195943	0.0012553	0
289.7854572717	231.5119429331	0.0019592	-0.0333708	-0.408718	0.00175874	0.0019122	0.00154231	0
290.7251324485	232.0195089755	-0.00406316	-0.0861207	-0.395075	0.00166657	0.00163793	0.00145934	0
290.422311945	231.2269021208	-0.00912774	-0.0591632	-0.395272	0.00166657	0.00167602	0.0014551	0
290.3824299755	231.5858925133	-0.00603644	0.0488373	-0.374317	0.0013782	0.00179296	0.00128907	0
290.8774561762	231.2588297692	-0.00311613	0.125087	-0.319332	0.000849817	0.0017687	0.00119576	0
290.017117354	231.4426889855	0.00148939	0.145719	-0.293385	0.00112641	0.00165889	0.000999899	0
290.2167993008	231.1423276772	-0.00913564	0.0693694	-0.31734	0.000993916	0.00182688	0.000948498	0
289.1126984602	231.1931174427	-0.00900125	0.0645588	-0.329049	0.00133683	0.00194897	0.0009999	0
289.042522779	231.0483884975	-0.0109224	0.0752663	-0.328538	0.00141662	0.00175701	0.0009999	0
289.172832385	231.3887555338	-0.00936924	0.0938849	-0.328185	0.00159068	0.0019131	0.00082961	0
289.1813192889	231.103276993	-0.0088954	0.132641	-0.319807	0.00102925	0.00191424	0.000793998	0
289.9119963602	231.4065299621	-0.0164653	0.10846	-0.321885	0.000343199	0.00222004	0.000618309	0
289.4721674273	231.1965927413	-0.0269413	0.0519688	-0.305392	0.000796571	0.00204251	0.000709598	0
289.6169371627	231.3594144627	-0.0277785	-0.0328251	-0.339809	0.00114871	0.0023296	0.000751315	0
288.7199556473	231.053429007	-0.0202079	0.0039275	-0.358166	0.00165445	0.00209473	0.0009999	0
288.8629632164	230.9770254945	-0.0202489	0.0215001	-0.342836	0.00159313	0.00196285	0.000750978	0
289.1829130128	230.5454119717	-0.0202287	0.101614	-0.326078	0.00119242	0.00207586	0.0009999	0
288.9871181975	230.4086019322	-0.0178866	0.138225	-0.296054	0.00024874	0.00208939	0.000621687	0
289.2351301464	230.4692472202	-0.0186706	0.0956838	-0.289088	0.000700189	0.00192179	0.000682748	0
289.1316676621	230.5147046572	-0.0207749	0.0536134	-0.300367	0.000981319	0.0020778	0.00079056	0
289.3849272386	230.5489403283	-0.0206079	0.0482029	-0.309974	0.00115661	0.00183365	0.000674863	0
288.9801213608	230.4075540368	-0.0220005	0.0496285	-0.323003	0.00106678	0.00203853	0.00058376	0
289.0577862488	230.3039052441	-0.0278537	0.0430574	-0.325011	0.00107082	0.00212636	0.000768313	0
290.0355164432	230.6366982517	-0.0220004	0.0330124	-0.322397	0.000986315	0.00209257	0.00058376	0
289.2419455837	230.5916785431	-0.0295611	0.0329432	-0.335479	0.00156899	0.00180563	0.000780349	0
290.3697320124	230.4733592148	-0.0307512	0.0637486	-0.365003	0.00197539	0.00172963	0.000638787	0
290.5536322053	230.5831892639	-0.0362107	0.0511183	-0.383899	0.00218557	0.00193537	0.00058376	0
289.8483899313	230.5715430341	-0.0220743	0.0635609	-0.404021	0.0022476	0.00217404	0.00058376	0
289.9998196187	230.4653872511	-0.0325209	0.0754415	-0.404516	0.00216537	0.00208319	0.00058376	0
290.3536652021	230.6841188345	-0.0317966	0.0610109	-0.408626	0.00209002	0.00200872	0.00076191	0
290.5449250306	230.5832688509	-0.0221106	0.0911751	-0.419622	0.00185747	0.00189268	0.000635199	0
290.7871710678	230.6623119986	-0.0220199	0.120396	-0.419831	0.00138468	0.00199582	0.000841949	0
290.6056808965	231.0672506146	-0.0221169	0.078881	-0.383895	0.000966613	0.00169598	0.00058376	0
290.962986027	230.9642517823	-0.0267313	0.00950099	-0.37253	0.00160761	0.00177872	0.000765491	0
290.6425827318	230.7958191779	-0.0312009	0.0225704	-0.414501	0.00203391	0.0018813	0.000830095	0
289.8188088603	230.7079286096	-0.0405364	0.0504091	-0.408329	0.00196732	0.00176684	0.000815671	0
290.4329626854	230.4821535774	-0.0378487	0.0773514	-0.39801	0.00188825	0.00182417	0.000738415	0
290.3176185357	230.4470159204	-0.0385573	0.0969061	-0.409091	0.00169161	0.00195944	0.000790477	0
290.298182878	230.6955395678	-0.0404602	0.106075	-0.42003	0.00169161	0.00170746	0.000899696	0
291.2312499312	230.8650068031	-0.0397629	0.110974	-0.40985	0.00186312	0.0017317	0.000860237	0
291.408490172	230.7300935869	-0.0381463	0.107173	-0.43594	0.00186619	0.00191778	0.000808211	0
290.891112965	230.4737836788	-0.0395686	0.101518	-0.437719	0.00197155	0.00180606	0.00058376	0
291.3640343443	230.7424958932	-0.0383806	0.0588484	-0.427207	0.00219573	0.00157362	0.00058376	0
291.829466517	230.7321495842	-0.038833	0.056597	-0.459989	0.00177664	0.00170299	0.00058376	0
290.871768007	230.4633047248	-0.0440125	0.0924442	-0.459283	0.00160896	0.00150398	0.000821077	0
292.4174340327	230.7435570531	-0.0276335	0.114652	-0.423791	0.00101709	0.001611	0.000832934	0
293.9509074224	231.1575553217	-0.0300913	0.0920309	-0.378977	0.000244721	0.00140102	0.000913727	0
293.3431025788	230.982570055	-0.0298203	0.0573292	-0.359709	0.000184955	0.00149434	0.00103433	0
292.6983958999	230.6305435243	-0.0308474	0.0239104	-0.397456	0.00096919	0.00183768	0.00123983	0
292.9385169717	230.1541755829	-0.033931	0.0282736	-0.431319	0.00158474	0.00191981	0.00132624	0
292.177222261	230.4058694455	-0.0301845	0.0664385	-0.460233	0.00159482	0.00195888	0.00104809	0
291.8604339982	230.2917151698	-0.0375017	0.113868	-0.480161	0.00167549	0.00181587	0.00109616	0
292.9910450759	230.4170514179	-0.0307182	0.12135	-0.480616	0.00156856	0.00196879	0.00111756	0
292.7403121349	230.8136201352	-0.0250717	0.150493	-0.493067	0.00178029	0.00193206	0.00115573	0
293.1801410678	231.0670649116	-0.0220411	0.181856	-0.48694	0.00117766	0.00197932	0.0011352	0
292.6151724137	231.2732482792	-0.0113486	0.150779	-0.44254	0.000492522	0.00191626	0.00109656	0
293.7635217683	231.898045961	-0.0100117	0.0831424	-0.381626	0.000614586	0.00159027	0.00113256	0
292.3921676777	231.3016608354	-0.0160482	0.00272985	-0.419213	0.00152508	0.00170899	0.00120109	0
292.5289428792	231.1966855928	-0.0155658	-0.019694	-0.435134	0.00162	0.00210856	0.00124534	0
291.8339496754	231.1479783536	-0.0189613	-0.00441999	-0.462434	0.00152508	0.00218698	0.00141266	0
292.0649619024	230.9575399459	-0.0246139	0.0522854	-0.450801	0.00194195	0.00202529	0.00137124	0
292.4273073467	230.8970405674	-0.0193538	0.0906992	-0.450215	0.00180593	0.00210757	0.00121183	0
291.7766274424	230.9330138879	-0.0249584	0.159493	-0.446547	0.0012372	0.00214233	0.0011886	0
292.7505741621	231.0274040605	-0.00916205	0.208905	-0.395641	0.000762514	0.00206138	0.00127652	0
292.7445879796	231.5116776432	-0.00668946	0.175207	-0.375414	0.000208872	0.00204386	0.00123117	0
294.3070075421	232.0941881031	-0.0109175	0.16837	-0.276214	0.000196348	0.00146675	0.000837403	0
294.412880048	232.2608830581	-0.0427686	0.0927074	-0.175399	0.000751286	0.00136756	-0.000152985	0
293.0168167579	231.6635030952	-0.0588711	0.0398607	-0.104142	0.000250846	0.00155855	-0.000445762	0
293.5397266488	231.9265778977	-0.0586869	-0.0561147	0.0105414	-0.000139961	0.00135657	-0.000153437	0
291.2022389728	230.9131171398	-0.0872224	-0.0547299	-0.0623973	0.000385272	0.00184105	-0.000554615	0
293.1810480652	231.765905025	-0.0819764	-0.0406197	-0.18616	0.000754556	0.00194321	-0.00061821	0
292.9254691669	231.2570125328	-0.0530152	0.0212644	-0.335513	-0.000900745	0.00232769	-0.000697952	0
292.3370222383	231.1186107535	-0.0405259	0.0139666	-0.43021	9.43477e-05	0.00263103	-0.000453022	0
292.289638105	231.0592123284	-0.0435674	0.0420333	-0.462838	0.000890353	0.00217751	-0.000257282	0
292.2062461765	230.8751541446	-0.0263962	0.0793324	-0.47411	0.00126058	0.00202267	0.000766189	0
292.0029491973	230.8857657435	-0.0262793	0.157362	-0.472648	0.00118465	0.00200669	0.00119614	0
291.4791841375	231.406821781	-0.0151273	0.286719	-0.392306	-0.000143197	0.00202428	0.000933403	0
291.5907059411	231.4768318051	-0.0125339	0.197504	-0.362734	0.000356386	0.00218344	0.000933403	0
291.6617108771	231.6585819661	-0.0230326	0.067732	-0.366048	0.000249169	0.00237663	0.000507339	0
291.7390259233	231.588731116	-0.0230471	-0.0217004	-0.398591	0.000700644	0.00224747	0.000519843	0
291.8760473099	231.3401411461	-0.0231621	-0.0379039	-0.399231	0.000876491	0.002018	0.000230941	0
291.1476118177	231.4799489623	-0.0153868	-0.039001	-0.40495	0.00115197	0.00194377	0.000423556	0
291.5100997902	231.336758699	-0.0232372	-0.00315915	-0.394858	0.000943076	0.00193178	0.000158589	0
291.1306509671	231.0544769024	-0.0209026	0.0266873	-0.423262	0.00126285	0.00225137	0.000519844	0
290.3949854103	230.9479629779	-0.0243561	0.0886193	-0.432177	0.0014542	0.00154407	0.00061474	0
290.9213030199	231.3504343971	-0.0240036	0.144318	-0.435985	0.00149281	0.00159195	0.000519843	0
290.7531197955	231.18921768	-0.0212589	0.160971	-0.440661	0.00152667	0.0018072	0.000611031	0
290.1685081701	231.118995424	-0.0173803	0.138364	-0.454215	0.00132793	0.00196243	0.000519844	0
289.7179248399	231.1144059074	-0.0203562	0.0890547	-0.444935	0.00169286	0.00164127	0.000863548	0
289.5026425385	231.1052799323	-0.021606	0.0600855	-0.443526	0.00141098	0.00203875	0.000763832	0
289.080124298	231.3594011982	-0.027422	0.0261089	-0.45087	0.00137321	0.00209038	0.000872716	0
289.1829518841	231.2126427847	-0.0272056	0.0209647	-0.425654	0.00145491	0.00232598	0.000884146	0
289.108111645	231.0024270095	-0.0189947	0.0106272	-0.432055	0.00185134	0.00204007	0.000837737	0
288.8077011631	230.9184494683	-0.0247695	0.0337907	-0.444639	0.00185032	0.00229843	0.000967139	0
288.9369482865	230.3581570437	-0.0224401	0.0719156	-0.433788	0.00235338	0.0021319	0.000815098	0
289.3972494455	230.4174095593	-0.024046	0.0597451	-0.428127	0.00263129	0.00220459	0.000894062	0
288.4677196821	230.2019277781	-0.0299274	0.0471824	-0.446694	0.00263129	0.00234391	0.000616889	0
289.2686631344	230.188596957	-0.0284634	0.05429	-0.471083	0.00195257	0.00290083	0.000803459	0
288.7688816762	230.6875543396	-0.0257245	0.0898518	-0.442799	0.00196976	0.00256899	0.000956307	0
288.9661147301	230.1615108506	-0.0246113	0.0868537	-0.448242	0.00196976	0.00238357	0.000926172	0
289.1384442281	230.4998484187	-0.0250467	0.0691808	-0.444731	0.00196976	0.00251203	0.000900572	0
289.6485913705	229.9981320203	-0.0329516	0.0771604	-0.450553	0.00207758	0.002183	0.0010449	0
289.8021460231	229.9140085696	-0.0308389	0.0595722	-0.483697	0.00245869	0.00246706	0.00110468	0
289.5620638225	229.9876530663	-0.024731	0.0659302	-0.474288	0.00207761	0.00242495	0.0012918	0
290.1410650215	229.9427262093	-0.0254555	0.0912779	-0.489711	0.00196139	0.00246346	0.0010691	0
290.7760538716	230.3846064541	-0.0195364	0.129922	-0.453008	0.00156676	0.00250243	0.00101041	0
291.5017942859	230.4529849448	-0.0137518	0.0568348	-0.451338	0.00137821	0.00265529	0.00103378	0
291.1258050098	230.1928681255	-0.023558	0.0172474	-0.493252	0.00181435	0.00244481	0.00113766	0
290.7640167209	230.0734345793	-0.0234533	0.0547382	-0.48313	0.00194258	0.00254035	0.00133463	0
290.7968759395	230.0555142416	-0.018955	0.0825139	-0.477894	0.00194258	0.00236348	0.000816005	0
291.4588026111	230.1599456398	-0.0195854	0.112272	-0.498551	0.00219414	0.00236524	0.00103767	0
291.5031029535	229.8682725781	-0.0161367	0.119305	-0.51621	0.00194258	0.00241427	0.00126593	0
291.3833015596	230.1210143361	-0.0141992	0.131045	-0.52301	0.00239731	0.0024033	0.00173266	0
291.9992823366	230.4032563392	-0.0124994	0.146948	-0.530703	0.00117835	0.0025284	0.00133206	0
291.6662329068	230.249189187	-0.00554449	0.135174	-0.520868	0.000578922	0.00241248	0.00128085	0
291.9422969883	231.189323796	0.000919336	0.107623	-0.463594	0.00101085	0.00221004	0.00120477	0
293.2809214314	231.1011944667	0.00227278	0.0566989	-0.388433	0.000671592	0.00213028	0.00131998	0
292.3160576423	230.779543638	-0.000464794	-0.0145924	-0.449465	0.00129985	0.00240882	0.00131998	0
291.3815912218	230.5284997359	-0.00865112	-0.00946329	-0.510596	0.00194111	0.00259526	0.00131998	0
291.4606036487	230.405246014	-0.0180082	0.0402099	-0.508187	0.0022732	0.00266396	0.00131998	0
291.9921688859	230.1716316631	-0.0165962	0.104205	-0.516607	0.00247021	0.0025474	0.00131998	0
291.9946177787	230.3718062128	-0.0162996	0.150633	-0.522971	0.00239677	0.00243616	0.00131998	0
292.3440320322	230.5732541544	-0.00687083	0.215404	-0.481833	0.00136965	0.00230176	0.00131998	0
292.9387890709	231.2073767787	-0.00283631	0.209796	-0.397182	0.000990186	0.0022732	0.00131998	0
293.9852437509	231.9112441372	-0.00815677	0.157614	-0.339323	0.000274873	0.00196343	0.00145047	0
293.5150563207	231.9019855171	-0.0105084	0.109458	-0.279641	9.2742e-05	0.00186086	0.00131998	0
292.6317315941	231.619531282	-0.00594204	0.023866	-0.322302	0.000674284	0.00246679	0.00131998	0
292.3984648308	231.2012220514	-0.00583901	0.00818755	-0.364566	0.00111474	0.00260162	0.00120695	0
291.7651863185	231.2500354065	-0.00805679	-0.007325	-0.405402	0.00216907	0.00252272	0.00131998	0
292.1647056975	230.663863945	-0.0062599	0.0838056	-0.424255	0.00209791	0.00248749	0.00131998	0
292.8300012164	230.9369401795	0.000163729	0.212422	-0.369148	0.000736065	0.00246775	0.00131998	0
292.7998759471	231.3963958851	0.00998315	0.233262	-0.32168	0.000157078	0.00210685	0.00131998	0
294.9515587358	231.8735331674	0.0101899	0.219914	-0.203194	9.77751e-05	0.00190373	0.00154561	0
293.8612960834	231.761381831	0.0102078	0.18002	-0.120357	-0.000141743	0.00244046	0.00131998	0
291.7650308333	231.2692556651	0.0101832	0.117879	-0.0852155	-0.000403898	0.00203796	0.000828001	0
291.7828857241	231.0788172575	0.0180255	0.112058	-0.123064	-0.000862819	0.00211308	0.000665646	0
292.7824097694	231.1489864555	0.0101705	0.0420144	-0.104106	-0.000848306	0.00177613	0.000478364	0
291.4894720789	231.239967652	0.0101324	0.0574701	-0.11061	-0.00104111	0.00180773	0.000239966	0
292.1152872986	231.2621458938	-0.00206048	-0.0102525	-0.0787717	-0.000665496	0.00143557	0.000239966	0
292.3467400672	231.4695628598	-0.0185444	0.00606616	-0.30175	-0.000716701	0.00158669	0.000239966	0
292.0994666733	231.0766418797	-0.00779572	0.00977378	-0.304605	-0.000820353	0.00186982	0.000796604	0
291.4795858077	230.8020800213	0.00901015	0.0102275	-0.387439	-0.00016826	0.00211836	0.00125088	0
291.0920906223	231.0766286152	-0.00181155	0.0590291	-0.37653	-0.00125957	0.00336394	0.00127278	0
290.7239144806	230.8936448558	-0.00931967	0.048108	-0.340122	-0.000186418	0.00238071	0.00183991	0
291.3183087204	231.2360678894	-0.0121132	0.151906	-0.34841	-0.000296208	0.00250105	0.0018018	0
290.562222766	231.3166895124	-0.00992159	0.221871	-0.299463	-0.000286584	0.00265898	0.00186839	0
290.7214008022	231.2181608162	-0.00278914	0.185336	-0.303132	-0.000715598	0.00287779	0.00141967	0
290.7390613365	231.2757552695	-0.00894132	0.0964223	-0.303792	-0.000521211	0.00266421	0.00124449	0
291.1962657474	231.4508864457	-0.00268262	0.0058379	-0.260285	-0.000472371	0.00240604	0.00141967	0
291.3271713803	231.6112144413	-0.00272893	-0.091535	-0.270675	-7.24633e-05	0.00275545	0.00141967	0
290.606238052	231.3387218448	-0.00343399	-0.0867417	-0.30142	9.38786e-05	0.00319604	0.00141967	0
291.0753889138	231.3552759391	-0.0177295	-0.0684208	-0.292532	0.000823851	0.00283121	0.000996148	0
290.2045289223	230.56292111	-0.0202505	0.042966	-0.296126	0.00088964	0.00297662	0.00083377	0
289.0147557027	230.7134068476	-0.0104248	0.115837	-0.300511	0.000831654	0.00334067	0.00085863	0
289.2300768754	230.7051165359	-0.00422435	0.183443	-0.316364	0.000997676	0.00291245	0.000877403	0
288.6224016029	230.7663852553	-0.00741153	0.211361	-0.289888	0.00076271	0.00276576	0.000996148	0
288.4918069405	230.6320291481	-0.00935894	0.153343	-0.298699	0.000797208	0.00266154	0.000996148	0
289.0087176917	230.6097845838	-0.00933741	0.122237	-0.297774	0.00117422	0.00270258	0.000996148	0
288.9306640906	230.8463569179	-0.0179022	0.0555858	-0.282992	0.000721006	0.00257955	0.000878676	0
289.4176957574	231.1252032094	-0.0255039	0.00137387	-0.285906	0.000818528	0.00287338	0.000835861	0
289.7596726326	231.0945356884	-0.0370958	-0.0121338	-0.27731	0.000721006	0.00291236	0.000996148	0
289.4598452203	230.3904163045	-0.025782	0.0222252	-0.27421	0.000721006	0.00264088	0.000996149	0
289.0558945114	230.1353267302	-0.0235166	0.077076	-0.259372	0.000110916	0.00245031	0.00081783	0
289.525265644	230.2074723386	-0.00591525	0.0792414	-0.268543	-0.000375035	0.00241565	0.000996149	0
288.7032668959	230.3778680887	-0.0061214	0.0560637	-0.266011	0.000195746	0.00263881	0.000996148	0
288.3770329034	230.2406733788	-0.00124133	0.066699	-0.283739	0.000416149	0.00292133	0.00109213	0
289.2944607307	230.1631025905	0.0074768	0.11666	-0.324036	0.00118086	0.00266974	0.00125356	0
288.9167352026	230.4158974065	0.00267355	0.12991	-0.351006	0.000974339	0.00288699	0.000996148	0
288.3595019402	230.1054816082	0.00616557	0.148622	-0.35201	0.000759235	0.00283054	0.000996148	0
288.6340241262	230.1469199021	0.00404001	0.151858	-0.317756	0.000589584	0.00282746	0.00114598	0
289.3432960599	230.6223460641	0.0140249	0.143621	-0.268048	7.53771e-05	0.00224706	0.00108505	0
290.2002919489	230.6087764819	0.0140636	0.086839	-0.265751	0.000123243	0.00233629	0.00108405	0
289.5052469166	230.3455159764	0.00245954	0.0231676	-0.275811	0.000401081	0.00239527	0.000996148	0
289.7759597137	230.3305138284	-0.00218323	-0.0117273	-0.282248	0.000599159	0.00248397	0.000996148	0
289.4442966942	230.1867399271	-0.00194099	0.0161698	-0.292807	0.000961076	0.00237269	0.00115377	0
290.0271850247	230.1505278457	-0.00213028	0.058303	-0.317422	0.000813354	0.00270521	0.000996148	0
289.5356831565	229.9672522673	-0.00267936	0.0978379	-0.331763	0.00113537	0.00274823	0.00119676	0
290.6201798971	229.9208530509	-0.00439264	0.135549	-0.340935	0.00181882	0.00264834	0.00118744	0
291.2612067582	230.3888643582	-0.00924216	0.184889	-0.346987	0.00166177	0.00246328	0.000880238	0
291.5348867323	230.0524236134	-0.0136583	0.113745	-0.402088	0.00197997	0.00275797	0.000664932	0
290.7818068262	230.2844727535	-0.0195012	0.0382911	-0.4169	0.00268944	0.00307512	0.000501788	0
291.2493898783	231.0359596622	-0.0305351	0.0890664	-0.365424	0.00214792	0.0030769	0.000846369	0
291.4933592104	231.2473427133	-0.0285548	0.0447843	-0.3288	0.0021368	0.00287131	0.000570627	0
291.0768401096	230.9782590929	-0.0304231	0.0671954	-0.3453	0.00198333	0.00257102	0.000400337	0
291.1134698457	230.4568979719	-0.0278237	0.0723895	-0.363009	0.00186187	0.00262244	0.000570627	0
290.8999367535	230.8029024202	-0.0238709	0.0930773	-0.362673	0.00146441	0.00240955	0.000570627	0
292.3139715484	230.7430530021	-0.0173865	0.0855137	-0.406121	0.00182763	0.00219775	0.000570627	0
292.2276513141	230.6194941969	-0.0266458	0.145863	-0.4327	0.00169	0.00214391	0.000933563	0
291.3485117324	230.390084692	-0.0296146	0.13549	-0.43938	0.00198564	0.0022881	0.000984011	0
291.9426079588	231.1439061525	-0.0318233	0.175655	-0.391677	0.00192359	0.00225492	0.000745726	0
292.8307268143	231.7024609278	-0.0251166	0.177678	-0.324995	0.00141092	0.00218941	0.000771009	0
292.9862898183	231.2446632846	-0.0136349	0.115042	-0.324904	0.00132472	0.001923	0.000779376	0
292.192252503	231.2601164255	-0.0297899	0.0453706	-0.431925	0.0026197	0.00202461	0.000881065	0
292.0518233978	231.1254021768	-0.0302123	0.0713157	-0.461995	0.00304255	0.0022808	0.00103928	0
291.4677689279	230.7765325968	-0.0308056	0.0861803	-0.456067	0.00307224	0.00273507	0.000940824	0
291.6652222526	230.2979362196	-0.0311245	0.108155	-0.463856	0.00295923	0.0025843	0.00097852	0
291.5668259964	230.4126741333	-0.0307156	0.126843	-0.449792	0.00298088	0.00256829	0.000976396	0
291.9066519921	230.5047960767	-0.0268535	0.160758	-0.43841	0.00294434	0.00275358	0.00104296	0
291.8375647077	230.4849125932	-0.0224262	0.186216	-0.428832	0.00225048	0.00251642	0.00102812	0
292.3635454325	230.8543288816	-0.0157768	0.17027	-0.363866	0.00195599	0.00244004	0.00107934	0
292.3591529739	230.8997730542	-0.0134868	0.151892	-0.331013	0.00153158	0.0024518	0.00104482	0
292.4555538359	230.86588226	-0.0240502	0.0560737	-0.336066	0.00216466	0.00244308	0.00103251	0
291.7299689069	230.4919958355	-0.0283001	0.0362561	-0.348363	0.00254684	0.00267584	0.0010616	0
291.5933751048	230.3937987517	-0.0300847	0.0535163	-0.377391	0.00245561	0.00268115	0.00100205	0
291.6385435732	230.0807565826	-0.0344466	0.0813946	-0.411704	0.00242705	0.00281831	0.000998981	0
292.1145617007	230.1376480175	-0.0317253	0.104948	-0.416223	0.00273494	0.00284648	0.00104003	0
292.5731525219	230.4691676332	-0.0314127	0.151634	-0.405036	0.00221579	0.00288756	0.000992396	0
292.5991315176	230.5111763006	-0.0134186	0.199998	-0.373944	0.00167074	0.00269996	0.00122488	0
293.6896403549	231.1258133763	-0.0134472	0.209806	-0.294743	0.00152806	0.00240137	0.001076	0
293.9824061449	231.4735554739	-0.0133006	0.168479	-0.225459	0.000941009	0.00243221	0.00131237	0
294.1170045528	231.6589268431	-0.0132334	0.151871	-0.157852	0.000320113	0.00210783	0.00148435	0
293.4407084516	231.4956143353	-0.013272	0.0785801	-0.170273	0.000900028	0.00244522	0.00123258	0
292.8422586379	231.2277775777	-0.0133413	-0.00805356	-0.208025	0.00153267	0.00278405	0.00104561	0
292.8338235625	231.5002834388	-0.0110692	0.063582	-0.197878	0.00106016	0.00281944	0.00104561	0
291.7526049695	230.8234623932	-0.0133857	0.207251	-0.175562	0.000377503	0.00265099	0.000925186	0
292.2300224643	231.0720125696	-0.0133083	0.21797	-0.135235	0.000202942	0.00233081	0.00104561	0
292.1153909554	230.9755000772	-0.0134056	0.205225	-0.108872	0.000650625	0.00255372	0.000616695	0
292.5029250122	231.2878392278	-0.0132715	0.179464	-0.0483278	0.000829022	0.00200343	0.00052527	0
293.7463795182	231.7056709365	0.00160601	0.105621	-0.00407774	0.000852126	0.00182161	0.000630535	0
292.9936883253	231.8043588067	-0.0130792	0.0571824	0.0110249	0.000497695	0.00176789	0.000552967	0
293.9480698164	232.0661469529	-0.0131836	0.02732	-0.138222	0.000617704	0.00158439	0.00060621	0
293.7221626888	231.8640623153	-0.0132551	0.0014606	-0.230419	0.000402623	0.00191599	0.000804233	0
292.9065517934	231.300904759	-0.0132259	0.00958981	-0.157043	-8.47571e-05	0.0019362	0.000938325	0
292.6746843975	231.3272745824	-0.0133393	0.0382322	-0.186708	-0.000231701	0.00195394	0.000382677	0
292.539023507	231.5258308633	-0.013297	0.0787778	-0.180188	0.00122765	0.00141349	0.000552967	0
292.5365746141	231.5040107629	-0.0216653	0.109241	-0.184328	0.00192166	0.00138806	0.000552967	0
292.0179405679	231.2687516142	-0.0133358	0.146541	-0.214022	0.00197999	0.00167657	0.000552967	0
291.1986757689	231.2627030028	-0.0133028	0.164118	-0.20021	0.00236719	0.00193312	0.000552967	0
291.3160282699	231.4573727855	-0.0132464	0.144086	-0.219774	0.00258576	0.0020425	0.0007002	0
290.9478132569	231.5473856736	-0.0132817	0.11241	-0.201582	0.00192505	0.00170684	0.000552967	0
289.941797702	231.5875903692	-0.0131365	0.0599409	-0.21979	0.00288489	0.0018379	0.00121059	0
291.1246777417	231.4991028984	-0.039156	0.0518868	-0.233605	0.00257202	0.00167136	0.0010492	0
290.872014192	230.9980762539	-0.0391146	0.0347725	-0.263608	0.00315999	0.0020658	0.00120669	0
290.5572731518	230.9774764875	-0.0391266	0.0446191	-0.259192	0.00315381	0.00249289	0.0010492	0
290.9883430817	230.7500831865	-0.0525769	0.0445133	-0.25648	0.00287517	0.0024514	0.0010492	0
290.1614465478	230.6034043599	-0.0481706	0.0797015	-0.241199	0.00297365	0.00229642	0.00102027	0
