3931.872959763	2942.642894813	0.0328712	0.102423	0.00452871	-0.00076879	0.000288981	0.000577962	1
3847.473384444	2944.408384795	0.0338678	0.118111	0.000909831	-0.00163927	0.000547655	0.000576398	1
3770.199295582	2939.813041876	0.0331462	0.121509	0.0236478	-0.00153175	0.000477309	0.000629583	1
3737.330781937	2936.022487559	0.0315576	0.168673	0.0200291	-0.00161091	0.000337037	0.000575396	1
3697.40185608	2937.476752575	0.0368707	0.186851	0.00562148	-0.00248462	0.000245982	0.00063152	1
3675.311873384	2937.800710017	0.0404873	0.214838	0.00573008	-0.0024964	-1.33108e-05	0.000544842	1
3646.678059044	2935.863932192	0.0466974	0.173839	-0.0374821	-0.00221185	0.000232977	0.000544842	0
3633.396893047	2937.988814338	0.0365096	0.105146	0.00975229	-0.00161473	0.000372138	0.000706382	0
3629.942511336	2935.724235305	0.0443184	0.128152	0.0184914	-0.00118662	0.000300706	0.000544842	0
3609.014978253	2936.833402164	0.0442456	0.144033	0.029624	-0.00155736	0.000219373	0.000544842	0
3613.152209527	2933.349748575	0.0367808	0.131668	0.0242353	-0.00132996	7.03177e-05	0.000544842	0
3595.110303523	2933.387225298	0.0387013	0.154043	0.0293601	-0.00177697	0.00033633	0.000629455	0
3598.939937156	2932.576430811	0.034871	0.172222	0.0234668	-0.00152376	3.8307e-05	0.000537197	0
3622.055340879	2935.570484647	0.0417527	0.211232	0.0138088	-0.00214798	0.000226714	0.000483571	0
3597.868362149	2939.186387825	0.0411074	0.233783	0.0155418	-0.00211742	-4.2891e-06	0.000484557	0
3613.385559462	2935.151393985	0.0479298	0.164399	-0.00257021	-0.00198632	-0.000206965	0.000506828	0
3597.348054862	2932.190612752	0.0509781	0.158475	-0.0197947	-0.00226828	0.000399263	0.000570714	0
3598.889196445	2938.150612882	0.0443856	0.116754	0.0218916	-0.00147144	2.43187e-05	0.000443268	0
3608.372262586	2939.489324669	0.0485455	0.113418	0.0258402	-0.00148872	0.000254312	0.000383927	0
3584.051121977	2939.721512187	0.0442196	0.141952	0.0358834	-0.0018182	0.000293699	0.00046425	0
3593.262997652	2932.508444192	0.0377713	0.136129	0.0349051	-0.00141586	-0.000129598	0.000472985	0
3586.655811788	2933.50157735	0.0499149	0.167044	0.033374	-0.00188889	0.000304389	0.000583297	0
3586.606791101	2931.895243324	0.0499486	0.192527	0.0315824	-0.0017238	0.000305302	0.000653705	0
3605.712818674	2935.604117603	0.0456411	0.205935	0.0292545	-0.00204333	0.00011977	0.000389932	0
3577.292573992	2933.00717289	0.0494873	0.202026	0.0324501	-0.0023451	9.57112e-05	0.000615266	0
3594.370693165	2931.259940799	0.0519369	0.124153	0.0185702	-0.00149566	-4.16536e-05	0.000546614	0
3592.763617325	2935.369287496	0.0475181	0.137516	0.0219407	-0.00168147	0.0004224	0.000598388	0
3585.932254988	2937.575969797	0.0455811	0.106687	0.0257508	-0.00136506	0.000142843	0.000559995	0
3600.383037366	2935.902249739	0.0446156	0.117681	0.0343678	-0.00142347	0.000314342	0.000515365	0
3584.533588733	2929.810240255	0.0417475	0.155011	0.0428383	-0.00162779	9.51522e-05	0.000761087	0
3595.792866416	2933.243804762	0.0264142	0.162069	0.0258743	-0.00161681	-0.000114218	0.000597857	0
3591.626108062	2938.474209971	0.0309331	0.216324	-0.0186711	-0.00199991	-7.21999e-05	0.000749747	0
3590.760075933	2935.991617309	0.0389391	0.189023	0.0148691	-0.00206312	6.05313e-05	0.000590388	0
3593.367919122	2933.388306357	0.0394317	0.164842	0.00884798	-0.00167545	0.000213277	0.000517348	0
3587.516970515	2936.458755052	0.0332327	0.176749	0.0228906	-0.00144619	-0.000110764	0.000658482	0
3588.043011215	2937.096700166	0.025794	0.121237	0.028003	-0.0014837	9.42021e-05	0.000526565	0
3587.906555971	2938.263763757	0.0320311	0.127111	0.0347065	-0.00181046	0.000431922	0.000584347	0
3584.552795669	2941.984649807	0.0137282	0.130549	0.0119496	-0.000900008	-0.000176024	0.000680036	0
3603.452993693	2940.133515904	0.0214475	0.141265	0.0337642	-0.00148912	0.00025105	0.000352823	0
3589.432217337	2937.280840603	0.0188424	0.166716	0.0285862	-0.00162295	-7.98163e-05	0.000287736	0
3604.688831	2940.130152609	0.0274679	0.140099	0.0219584	-0.00165399	7.05488e-05	0.000564155	0
3598.656993193	2938.999364563	0.0254501	0.197797	0.00637659	-0.00193353	0.000269616	0.00041693	0
3587.268140363	2935.128091151	0.0218418	0.135175	0.0120579	-0.00149961	3.74261e-05	0.000626358	0
3598.341082102	2933.938685667	0.0286932	0.155465	0.024568	-0.00146167	1.69787e-05	0.000548399	0
3578.864676009	2939.859167073	0.0200061	0.132649	0.0193005	-0.00108825	-7.84614e-05	0.000517181	0
3597.357228324	2936.965411518	0.022932	0.106901	0.0244178	-0.00111337	0.000115657	0.000441039	0
3604.820412843	2936.422479506	0.0297842	0.151057	0.0242817	-0.000832379	0.000348974	0.000659343	0
3592.083634469	2932.491627713	0.0251435	0.143073	0.0287982	-0.00104019	4.92098e-05	0.000587405	0
3603.871532888	2927.705417766	0.0146263	0.158962	0.0368753	-0.000806656	-4.69241e-05	0.000556427	0
3593.029934388	2931.056581529	0.0222902	0.180018	0.0272782	-0.00139445	0.000313421	0.000669466	0
3601.042666604	2939.484880314	0.0222755	0.205585	0.0197978	-0.00137519	-3.77465e-06	0.000691559	0
3597.268647083	2934.862751148	0.0174897	0.196975	-0.00423855	-0.00137961	0.000113143	0.00100301	0
3582.949446548	2935.655287744	0.014255	0.145878	0.00253915	-0.000706764	-0.000166456	0.000976676	0
3598.220393746	2933.318878326	0.00878182	0.130027	0.00227231	-0.000169254	1.0398e-05	0.000975394	0
3587.599818342	2932.779429727	0.021774	0.10733	-0.00555093	-0.000885519	0.000692071	0.00116608	0
3596.172418398	2933.950337084	0.00181528	0.126759	0.00228133	-0.000224407	-2.37279e-05	0.000793953	0
3596.907728696	2932.609583296	0.00708491	0.118098	0.0109288	-0.000349485	0.00022368	0.000723961	0
3589.591606236	2930.71004196	0.00893863	0.160406	0.0160868	-0.000329593	0.000149181	0.000723961	0
3593.265291018	2929.592466862	0.00781075	0.167157	0.0116661	-0.000680201	6.12269e-05	0.000863281	0
3588.347455479	2932.487543711	0.0153591	0.207933	0.00945918	-0.00109082	0.000342377	0.000723961	0
3592.316411062	2932.114458129	0.00898738	0.188813	0.017906	-0.00108303	-7.01268e-05	0.000723961	0
3602.173295771	2931.193515709	0.0101506	0.160908	0.0104939	-0.000888147	2.74916e-05	0.000723961	0
3592.594768294	2933.320319738	-0.00231282	0.154083	0.0133715	-0.000789872	0.000198307	0.000723961	0
3607.874888953	2938.333912495	0.00122451	0.0754282	0.0101524	-0.000353085	0.000276002	0.000723961	0
3600.828810276	2937.056340619	0.00485877	0.105101	0.0267534	-0.000797886	0.000452444	0.000723961	0
3602.629388825	2935.573847942	0.00513476	0.106583	0.0264694	-0.000360139	0.000270814	0.000723961	0
3606.810767384	2930.859588498	0.00589894	0.1142	0.0554104	-0.000504822	0.000342586	0.000723961	0
3595.797739817	2932.200822757	0.00296535	0.165483	0.0267156	-0.000797886	0.000305156	0.00078101	0
3594.826212878	2932.410668382	0.00570706	0.185494	0.0395854	-0.00102436	0.000143936	0.000632751	0
3606.670585421	2931.84683589	0.0117895	0.200141	0.0269956	-0.00121824	0.000335334	0.000723961	0
3595.867400793	2933.564398908	0.0148932	0.181228	0.0211427	-0.00103834	0.000272163	0.000723961	0
3599.085565862	2936.1259089	0.00977844	0.163185	0.0109434	-0.000349931	0.000108406	0.000536998	0
3599.534205478	2934.499395099	0.0102143	0.127656	0.0208912	-0.000797886	0.000533883	0.000704248	0
3604.716638057	2936.822951924	0.00432805	0.13951	0.0374417	-0.000265525	0.000228286	0.00058537	0
3599.160673581	2936.318097223	0.0124628	0.113188	0.0410297	-0.000797886	0.000459621	0.000697641	0
3588.217020319	2935.910297625	0.00887383	0.152166	0.0482711	-0.000472659	0.000418554	0.000686048	0
3599.683560903	2933.58313727	0.00699582	0.148835	0.0487654	-0.000703502	0.000237041	0.000660235	0
3598.612272567	2933.635148235	0.0145637	0.187131	0.0269903	-0.00123242	0.000448578	0.000496099	0
3601.243622752	2935.262382742	0.00559933	0.193241	0.0270451	-0.00136571	7.0224e-05	0.000770317	0
3606.759166661	2938.097640976	0.0167085	0.159069	0.0147431	-0.00105601	0.000375119	0.000645541	0
3586.767613354	2936.516171313	0.00760985	0.170684	0.0167559	-0.000932713	0.000125063	0.00057412	0
3599.935544432	2933.341700689	0.00318768	0.0853016	0.0346981	-0.000309678	0.000357967	0.000309414	0
3591.391611444	2938.101244507	0.00701936	0.108737	0.0362762	-0.000765673	0.00049305	0.000647488	0
3583.558621746	2935.187309178	0.00236818	0.111824	0.0507184	-0.000576379	0.000358962	0.000657754	0
3598.748441141	2933.146269188	0.0087447	0.109421	0.0573504	-0.000123308	0.000328354	0.000530399	0
3587.79274771	2931.789299511	-0.000568058	0.151532	0.050871	-0.000914851	0.000575636	0.000603997	0
3605.787639722	2931.531166569	0.0034843	0.15898	0.0419669	-0.00057871	0.000178057	0.00060092	0
3603.826812261	2940.12378637	-0.0115104	0.200651	0.00181044	-0.000926861	-5.50869e-06	0.0006911	0
3598.549778359	2934.263964404	-0.00871245	0.150097	0.00571472	-0.000502117	0.000124134	0.000309414	0
3607.214686374	2931.235076434	0.00188763	0.142758	0.00296011	-6.85182e-05	0.000248671	0.000515474	0
3583.744384348	2935.739370136	0.00741847	0.114782	0.0234387	-0.00101003	0.000278758	0.000481513	0
3599.032245115	2933.138581655	0.00476405	0.0784695	0.029658	-0.000561988	0.000179291	0.000580567	0
3592.196582718	2935.817686877	0.00586464	0.136307	0.0229091	-0.000561988	0.000241977	0.000650659	0
3601.921312242	2933.320680091	0.0113708	0.149887	0.0221877	-0.00102314	0.000540252	0.000633248	0
3616.63697833	2932.357216005	0.0331198	0.214043	0.0191198	-0.000929546	8.94763e-05	0.000507571	0
3596.421821891	2937.75770788	0.0904678	0.176036	0.0277969	-0.00210042	-0.000369324	0.000959748	0
3612.767210802	2936.425722684	0.000914767	-0.0691474	0.0292374	-0.00298439	-0.000508157	0.000304826	0
3589.535418782	2932.694626629	-0.0145651	0.126973	-0.0258236	-0.00234725	-9.66561e-06	0.00105126	0
3600.554179763	2935.159561989	-0.00742576	0.191113	0.0120629	-0.000645746	1.8448e-05	0.00117171	0
3602.643149018	2935.825614645	-0.00976288	0.113702	0.0222358	-0.000645607	0.000499992	0.00102457	0
3596.310306996	2934.652785405	-0.0148765	0.12698	0.0285717	9.84775e-05	8.2443e-05	0.00076119	0
3588.813868677	2928.89842678	-0.0147433	0.0952062	0.0288779	-0.000321405	0.000518857	0.000715378	0
3621.045113398	2936.0098752	-0.0200643	0.170034	0.00378159	2.06501e-05	0.000141274	0.00101552	0
3623.595335779	2934.022407705	-0.0170238	0.222774	-0.00099844	-0.000467724	4.41997e-05	0.000914628	0
3605.105650171	2933.683315433	-0.0143355	0.205369	0.00956634	-0.000542177	5.26555e-06	0.000836783	0
3607.776274239	2932.914802377	-0.0116877	0.122883	-0.00339489	-1.35903e-06	-0.000115351	0.000944738	0
3591.693475672	2934.080664791	-0.00596976	0.118688	-0.00266224	-0.00017439	0.000268771	0.00111199	0
3602.328671281	2934.609422914	-0.0056921	0.111659	0.00940363	-0.000271922	3.97977e-05	0.000923795	0
3601.543480284	2934.693865659	-0.0030121	0.142493	0.00945169	-0.000322862	0.000133998	0.000968756	0
3599.3120357	2930.805295297	-0.00390173	0.150741	0.0272985	-0.000131789	0.000134454	0.000668879	0
3608.612779287	2928.139162787	0.00305078	0.216245	0.0316446	-0.00053573	8.95562e-05	0.000838558	0
3590.608427143	2934.082346439	0.00612601	0.23987	0.0189293	-0.000700762	0.000130636	0.000865693	0
3598.511364487	2928.896024426	0.00857858	0.225828	0.0198648	-0.000886157	0.000240795	0.000772826	0
3596.718239375	2933.337016099	0.0166928	0.193386	-0.00900918	-0.00105707	0.000272105	0.000896299	0
3594.328839246	2927.127771738	0.00932984	0.153441	0.0130627	-0.000605047	0.00017553	0.000882573	0
3606.872401581	2934.466482849	0.0161824	0.104788	0.0194283	-0.000615075	0.000412797	0.000910396	0
3599.706494558	2938.566700601	0.0138638	0.111863	0.0312262	-0.00053573	0.000403604	0.000783816	0
3611.47891276	2931.964551238	0.00505916	0.144309	0.0462577	-4.75583e-05	0.000130358	0.000847395	0
3594.569642618	2930.99436056	0.014682	0.166234	0.0281123	-0.000809324	0.000387882	0.000839582	0
3598.864256096	2928.623117008	0.00802841	0.237651	0.0332416	-0.000977745	0.00016186	0.000831221	0
3609.669160748	2931.057662589	0.00353098	0.242992	0.0194848	-0.00120569	0.000271863	0.00084201	0
3602.172149089	2934.148891646	0.0205288	0.204173	0.0211855	-0.00115499	0.000157312	0.000815616	0
3610.767682799	2931.524800331	0.0167804	0.202083	0.00795832	-0.000727746	0.000304006	0.000729478	0
3595.650677758	2933.610524106	0.0194592	0.170341	0.0141562	-0.000644027	0.00011346	0.000755777	0
3613.03553456	2939.786375746	0.00841327	0.0937572	0.0351284	-0.000356079	0.000295312	0.000727439	0
3596.349294208	2936.327106051	0.0121753	0.128369	0.0352426	-0.000471509	0.00055466	0.000690682	0
3604.497048315	2939.057741767	0.00861754	0.1472	0.047897	-0.000399139	7.71467e-05	0.000788311	0
3611.966539589	2933.855924571	0.0152073	0.146868	0.0351413	-0.000336978	0.000441138	0.000726223	0
3599.120253014	2934.733744736	0.0137987	0.225191	0.0355314	-0.000969756	0.000273551	0.000756353	0
3612.888185829	2935.71822942	0.00393943	0.182762	0.0197771	-0.000740068	4.46777e-05	0.000718194	0
3604.988688533	2937.244324822	0.000962685	0.229647	0.0146458	-0.00112977	0.000107293	0.000800325	0
3610.592813684	2940.677168623	0.00847398	0.148038	-0.00233486	-0.000577139	7.13012e-05	0.000840766	0
3596.854121278	2938.548202475	0.00697965	0.161114	-0.00732867	-0.000369737	0.000356455	0.00123435	0
3595.617137288	2941.60820093	-0.00167795	0.191926	0.00225716	-0.000154412	0.000234302	0.000953447	0
3605.120270376	2938.241301747	-0.0104844	0.0854283	0.0138911	0.000128885	8.49557e-05	0.000785497	0
3597.15770553	2935.24208285	-0.00140797	0.147145	0.0140663	-0.000126171	0.000374345	0.000738402	0
3598.879736313	2932.672284737	-0.00898426	0.165502	0.0139256	5.32126e-05	0.000206178	0.000721359	0
3603.622129395	2930.112216158	-0.00352424	0.172566	0.0142221	-0.000358583	0.000393932	0.000810974	0
3594.096062653	2930.525421052	-0.00167654	0.235508	0.0142994	-0.00053002	0.000116116	0.000884546	0
3603.015247562	2934.911038464	0.000214103	0.207889	0.0144412	-0.00075505	0.000103738	0.000937682	0
3608.040584607	2931.585940241	0.00892358	0.201691	-0.00260635	-0.000929617	0.0006278	0.00115364	0
3599.827469585	2930.729140674	0.0073386	0.165284	-0.00315276	-0.000194624	4.22291e-05	0.000971504	0
3611.182208605	2929.136620183	0.00470871	0.126481	0.000874215	-0.000324619	0.000211928	0.000892295	0
3605.073543055	2938.073016847	0.0117425	0.122109	0.00940942	-6.56733e-05	0.000220982	0.000835077	0
3614.302618971	2931.55410905	0.00380853	0.158185	0.0144075	0.0002981	0.000128184	0.000729696	0
3595.015988869	2929.957144204	0.0087668	0.156631	0.0217538	-0.0002165	0.000460527	0.00109374	0
3603.13622259	2933.109633289	0.00811065	0.221724	0.0225265	-0.000315266	0.000190903	0.000942219	0
3606.683772272	2929.204366567	0.0166885	0.226051	0.0138577	-0.000515534	0.00034536	0.000818186	0
3596.8128407	2929.044369788	0.0116183	0.22902	0.0143369	-0.000661891	0.00021434	0.000741424	0
3611.54198031	2930.629202746	0.00111058	0.20081	-1.50713e-05	-0.000273828	6.78978e-05	0.000872787	0
3586.132351124	2935.503579087	0.0072196	0.160239	0.00348042	-0.000488052	0.000309772	0.000683088	0
3598.683366896	2932.942909919	0.00047086	0.138536	0.0139624	0.000180394	0.000198631	0.000677489	0
3599.805682614	2938.398776054	0.00122788	0.121951	0.0278799	-0.000125797	0.000358329	0.000779204	0
3586.636604852	2932.257518312	-0.00203212	0.140963	0.0184641	5.7706e-05	0.000442138	0.000754194	0
3598.287474685	2934.154537178	-0.00503751	0.155096	0.0206658	0.000312745	0.000458966	0.000899298	0
3580.357370247	2937.902810063	-0.0118069	0.201892	0.0183429	4.17924e-05	0.000167111	0.000891904	0
3599.966504866	2932.906153902	0.00351	0.152473	0.0267478	-0.000191342	0.00030804	0.000894174	0
3593.602415739	2933.055099853	0.00829331	0.209386	0.0186946	-0.000441741	0.000436251	0.00102701	0
3595.520815939	2932.192174283	0.00286027	0.185909	0.00895689	-0.00035205	6.575e-05	0.000968449	0
3600.661107927	2930.534549997	0.0127145	0.166136	0.0185821	-0.000259341	0.00044846	0.00103074	0
3589.083052447	2935.9711973	0.0124492	0.135657	0.0185393	-0.000194063	0.000391473	0.000955932	0
3607.852815311	2938.712403374	0.00914024	0.13262	0.0384933	0.000491279	0.000107431	0.00085993	0
3597.850015225	2938.078782497	0.0160218	0.132714	0.0416541	-0.00030832	0.00046991	0.000974206	0
3589.841869741	2936.397615142	0.00776389	0.165342	0.0590785	0.000348866	0.000542024	0.00100153	0
3599.52216531	2933.776887123	0.008445	0.176694	0.0453962	-0.000152381	0.000587463	0.00102641	0
3596.045423286	2934.307086659	0.00333629	0.206529	0.0616543	-0.000186675	0.000327114	0.000712779	0
3616.191778762	2933.753824524	0.00625479	0.214472	0.0549693	2.83982e-05	0.000116478	0.000896258	0
3601.530293433	2935.336495364	0.0100256	0.196995	0.0338836	-0.000890753	0.000553133	0.000903792	0
3601.599381067	2931.976202655	0.00586768	0.184246	0.024566	-0.000208032	0.000351815	0.000962962	0
3596.474855967	2932.414632266	0.00951932	0.143372	0.0258726	0.000278852	0.000300662	0.000724115	0
3598.140125955	2938.928855473	0.00011092	0.109319	0.0614132	0.000337405	0.000346875	0.000827152	0
3598.727514181	2936.462358583	-0.00949046	0.12864	0.0817904	0.00071362	0.000124953	0.00073164	0
3588.794375071	2935.020585808	-0.000615914	0.132005	0.0891184	0.000298246	0.000493467	0.000836429	0
3585.077403016	2936.564698865	-0.00989812	0.156096	0.0974038	0.00052337	0.000436181	0.00082648	0
3590.07292631	2931.273634217	0.00411885	0.158074	0.0968764	0.00040464	0.000533968	0.000776377	0
3582.567887871	2929.373131938	-0.00319435	0.200472	0.0964462	-9.1829e-06	0.000367313	0.000752567	0
3591.286116634	2932.98050676	-0.00245242	0.202214	0.0831482	-0.000259012	0.000149901	0.000725363	0
3587.684099522	2936.812621802	-0.0013663	0.184696	0.0601182	-0.000684896	0.000568819	0.000724131	0
3584.192737293	2930.755446451	0.0132485	0.159134	0.0498506	3.54505e-05	0.00042406	0.000714717	0
3584.108742784	2935.323162299	-0.000558898	0.126443	0.0662911	6.49797e-05	0.000552239	0.000513485	0
3590.988839137	2940.692063218	-0.00418428	0.109596	0.0982836	0.00063334	0.000601694	0.000685288	0
3596.285366646	2933.459295919	-0.0073335	0.132973	0.117609	0.000876974	0.000393424	0.000513485	0
3576.29467335	2938.264844817	-0.00823327	0.148736	0.121051	0.00061162	0.000584322	0.000649299	0
3592.333611303	2929.394633007	-0.00744701	0.126548	0.126073	0.00107613	0.000337314	0.000513485	0
3599.7999492	2926.823633717	-0.00729724	0.166831	0.112318	0.000635493	0.000445012	0.000712107	0
3589.594472943	2934.20822979	-0.00800237	0.17965	0.108495	0.000174723	0.000506516	0.000658452	0
3609.109292907	2930.632085571	-0.0113147	0.217778	0.0951229	5.2767e-05	0.000172571	0.000619331	0
3595.075043029	2935.384302209	-0.00333726	0.187201	0.0864324	-0.000232127	0.000601196	0.000513485	0
3597.091484602	2934.1899719	-0.000968871	0.157689	0.0816233	0.000368874	0.000426245	0.000657161	0
3602.0635009	2934.673085296	-0.00298859	0.139026	0.0837092	6.25305e-05	0.000465474	0.000437735	0
3588.376409217	2934.045350187	-0.00767901	0.107372	0.0958442	0.000722831	0.000468726	0.000473615	0
3602.951606671	2931.654167096	-0.0144291	0.134575	0.112762	0.00100186	0.000289785	0.000502624	0
3582.869465428	2934.433930952	-0.0106351	0.145025	0.110205	0.000563624	0.000436555	0.000581068	0
3581.451018897	2932.435412629	-0.0171105	0.162665	0.100025	0.00111043	0.000333723	0.000568159	0
3607.104891503	2935.074999127	-0.0178028	0.185237	0.0480643	0.000772273	0.000155839	0.000852028	0
3582.192635949	2937.457293507	-0.0187912	0.181484	0.0973512	0.000990767	0.000218091	0.000819726	0
3594.81875944	2930.181524071	-0.0259173	0.164697	0.0768889	0.00113169	0.000242554	0.000705793	0
3590.917744808	2931.018504218	-0.0199538	0.186112	0.0771917	0.000616067	0.000659996	0.00079807	0
3596.98111639	2932.111575305	-0.0200454	0.1957	0.0587681	0.000695562	0.000102319	0.000851904	0
3600.312803049	2932.633006248	-0.0169805	0.17423	0.0419882	-0.000311368	0.000506112	0.000864258	0
3589.751855147	2932.264605257	-0.0125783	0.164157	0.0334125	-7.64042e-05	0.000248566	0.000827033	0
3596.190478651	2930.714486315	-0.0200446	0.141518	0.0344315	0.000588412	0.000105956	0.000696055	0
3596.563150537	2936.253714135	-0.0144608	0.108455	0.0624557	0.000617388	0.00049114	0.000786941	0
3598.728660864	2936.699951397	-0.0212908	0.132576	0.0842784	0.000730737	0.000203677	0.000737175	0
3600.019825613	2933.913220715	-0.0163397	0.156942	0.0935883	0.000670556	0.000509142	0.000828564	0
3588.105218753	2934.835724665	-0.0157164	0.166229	0.0841832	0.00057929	0.000376522	0.000716428	0
3606.93518246	2932.538113264	-0.018521	0.239612	0.0843304	0.000475982	0.000457806	0.000809538	0
3593.63222949	2932.133917197	-0.0161695	0.227234	0.0560407	-1.61426e-05	0.000283746	0.000837329	0
3602.557721155	2932.337997173	-0.0201516	0.214742	0.0562653	-0.000310833	0.00022775	0.00086556	0
3605.655771209	2935.374572675	-0.0169775	0.181548	0.0229903	0.000146262	0.000262366	0.000888356	0
3601.233302607	2938.411748766	-0.0219169	0.12958	0.0555968	0.000699053	0.000176788	0.000655496	0
3618.919736966	2938.36970757	-0.017758	0.124548	0.0807705	0.00100932	0.000433264	0.000542825	0
3591.920805522	2937.662094189	-0.0221342	0.136949	0.0854269	0.000691647	0.000460403	0.00069943	0
3598.800041863	2934.204986612	-0.025739	0.104561	0.0966034	0.000704503	0.000342673	0.000542825	0
3587.824854826	2935.084968896	-0.0218194	0.161781	0.0965368	0.000896119	0.000737808	0.000542825	0
3591.782630254	2934.142044937	-0.032316	0.190146	0.0760105	0.000362711	0.000419789	0.000542825	0
3597.91107608	2932.364062714	-0.0357338	0.231205	0.0742611	0.000262056	0.000372867	0.000542825	0
3589.673880721	2936.809859094	-0.0319764	0.212438	0.0583694	-0.000326788	2.25563e-06	0.000542825	0
3599.71996808	2939.958504413	-0.0433241	0.155095	0.0430802	0.000515474	-8.98773e-05	0.000542825	0
3589.388070052	2936.808657917	-0.0431874	0.158676	0.0413794	0.000550954	1.8182e-05	0.000655921	0
3591.459839066	2945.612204403	-0.0494733	0.105446	0.0372618	0.000860317	0.000255669	0.000666891	0
3607.154485531	2936.699110573	-0.0398202	0.129604	0.0765385	0.000932293	0.000319124	0.000634792	0
3599.827182915	2939.208009012	-0.0422405	0.139724	0.0943793	0.000770278	0.000395033	0.00058083	0
3599.171280396	2933.851119863	-0.0469833	0.133109	0.0763881	0.00136129	8.00602e-05	0.000509876	0
3613.182309949	2940.131594021	-0.0382345	0.194151	0.114604	9.34987e-05	0.000411669	0.000664604	0
3607.819848183	2937.951457733	-0.0419092	0.176273	0.100386	-0.000150835	0.000269596	0.000636716	0
3614.831813049	2930.640133457	-0.0334001	0.189577	0.0969877	-0.000116431	0.000560204	0.000666145	0
3593.758651261	2938.130673344	-0.0320903	0.175384	0.0966539	0.000353031	0.000111434	0.000734507	0
3619.679127601	2934.316095486	-0.0472505	0.141079	0.133164	0.00123785	-4.7977e-05	0.000507859	0
3601.554660441	2939.221942665	-0.0405296	0.111761	0.141238	0.000802308	0.000365988	0.000601681	0
3605.509282491	2930.090474853	-0.0414961	0.166036	0.155654	0.000899493	0.000202674	0.000664972	0
3611.771030184	2931.150513572	-0.0464324	0.165501	0.160797	0.000680637	0.000517981	0.000615275	0
3598.561531856	2930.746677859	-0.0445481	0.168571	0.155685	0.000836015	0.000251252	0.000625454	0
3624.924054387	2929.302742965	-0.0473985	0.219424	0.155627	0.000913534	1.53668e-06	0.000690369	0
3606.790987107	2932.107010832	-0.0365251	0.214046	0.138378	-3.45685e-05	0.000330302	0.00063748	0
3614.675864199	2935.205687186	-0.035153	0.231931	0.106939	7.78092e-05	2.94966e-05	0.000733705	0
3615.676058206	2932.152895794	-0.0360305	0.157526	0.0909838	0.000209685	0.000275829	0.000729163	0
3592.357691641	2937.242282821	-0.0409803	0.13902	0.130487	0.000817315	4.10262e-05	0.000888054	0
3619.757675368	2938.849217436	-0.0454991	0.126442	0.162409	0.00159944	-0.000118957	0.000553927	0
3605.944735256	2934.836445371	-0.0371327	0.128096	0.162891	0.000851402	0.000218644	0.000792907	0
3592.279717215	2931.823773291	-0.0423749	0.181566	0.180182	0.00114707	-8.52835e-05	0.000567491	0
3603.286151356	2930.330349904	-0.0356503	0.181412	0.162896	0.000828343	-9.70373e-05	0.000688916	0
3585.611470496	2931.2640248	-0.030939	0.221552	0.156642	0.000293868	0.000162116	0.00078865	0
3608.907190077	2930.593527789	-0.0357124	0.230727	0.146133	0.000368646	5.58565e-05	0.000724648	0
3597.225359811	2933.82301232	-0.0333007	0.213564	0.125881	-0.00057931	0.000299663	0.000702161	0
3592.748423779	2937.327686507	-0.0328752	0.187955	0.120447	0.000517216	8.87351e-05	0.000571938	0
3594.197257403	2936.869077121	-0.0346709	0.143587	0.130633	0.000493603	0.000359815	0.000629199	0
3596.404334979	2938.785555054	-0.039398	0.119035	0.155449	0.000805439	9.54716e-05	0.000503683	0
3601.780556938	2934.4627592	-0.0475051	0.147636	0.172761	0.00108911	4.83445e-05	0.00047954	0
3587.090404541	2936.766016133	-0.0483178	0.147261	0.181227	0.000750406	0.000347598	0.000435669	0
3588.643299622	2936.653706082	-0.050641	0.15685	0.180973	0.00117433	0.000248058	0.000498889	0
3602.016200238	2933.613406931	-0.0406054	0.19591	0.154191	0.000576271	0.000636362	0.000601336	0
3604.073349047	2936.486982712	-0.0514553	0.226558	0.116292	0.000381133	0.000215343	0.000605218	0
3612.975907058	2938.631684278	-0.0421649	0.231471	0.116745	0.000841514	-0.00026262	0.000389018	0
3605.913774822	2941.050974911	-0.0192641	0.176142	0.100781	0.000119491	-0.000125949	0.000608959	0
3600.10296011	2936.54716168	-0.0157963	0.127723	0.144073	0.000346901	-9.26454e-05	0.000629472	0
3612.324304599	2942.318937372	-0.0141166	0.128393	0.173338	0.000448125	0.000292486	0.000765536	0
3600.005492079	2941.793422426	-0.0400902	0.121712	0.179604	0.000929679	-7.46195e-05	0.000735196	0
3601.534020152	2933.645118004	-0.0407751	0.151866	0.197976	0.00092576	0.000356995	0.000595686	0
3590.421804529	2927.648001504	-0.0430943	0.210589	0.176765	0.000407611	0.000176909	0.000741678	0
3610.66706139	2936.077861819	-0.0397834	0.210259	0.179301	0.000119884	-2.022e-05	0.00075438	0
3606.425768659	2932.371750247	-0.0377282	0.240827	0.151427	-0.000312508	0.000160037	0.000684511	0
3604.831306329	2933.816646082	-0.0317781	0.211032	0.132541	0.000360088	1.80941e-05	0.000569444	0
3606.423188623	2933.069994448	-0.0314687	0.17007	0.13256	0.000305208	-2.40814e-05	0.000478217	0
3592.323004488	2935.474991074	-0.0414788	0.165589	0.161593	0.000327981	0.000332026	0.000633135	0
3605.082716517	2934.765455809	-0.0462495	0.153713	0.174495	0.00100932	-0.000173613	0.000462334	0
3589.894043805	2935.732163073	-0.0490421	0.149535	0.15506	0.000356273	0.000532542	0.000571516	0
3593.969640882	2933.460256861	-0.0621047	0.168495	0.114746	0.000776721	0.000168967	0.00064839	0
3596.769840098	2931.879267669	-0.0562574	0.16671	0.153252	0.00101294	-1.52245e-05	0.000483398	0
3595.717185356	2930.218400206	-0.0599336	0.212652	0.132967	0.000600129	3.0925e-05	0.00079682	0
3598.018577586	2930.816586361	-0.0625745	0.185496	0.133035	0.000513551	-0.000131739	0.000462381	0
3597.101804747	2932.824353747	-0.0484115	0.216634	0.122624	2.71821e-05	7.58621e-05	0.000486413	0
3592.384925355	2934.468284615	-0.0485315	0.185353	0.0949333	0.000304902	3.34009e-05	0.00040219	0
3605.893134533	2931.155438398	-0.0461604	0.176876	0.0948172	0.000495916	0.000105045	0.000414964	0
3595.411594409	2930.720251964	-0.0523719	0.162091	0.140788	0.000599505	0.000288374	0.000566218	0
3596.228319181	2933.198280153	-0.0575717	0.104901	0.163227	0.000777086	-4.7923e-05	0.000410238	0
3603.108128863	2934.125108341	-0.0574687	0.156996	0.156232	0.000737999	0.000461643	0.000661144	0
3591.037573153	2931.80707693	-0.0601383	0.167067	0.151063	0.0010398	0.000232362	0.000470831	0
3607.404462365	2927.725717657	-0.0599848	0.196911	0.159778	0.00100069	7.00557e-05	0.000490589	0
3600.559626506	2932.636489662	-0.0567702	0.218654	0.141623	0.000182782	0.000193732	0.000570586	0
3595.683358215	2931.731162543	-0.0585089	0.241138	0.14162	0.000199744	-6.97912e-05	0.000473973	0
3607.720660127	2936.949315746	-0.0501558	0.198961	0.113823	-0.000127682	9.52729e-05	0.000476525	0
3592.954539999	2935.271031216	-0.0527885	0.174413	0.100863	0.00046856	-6.50209e-05	0.000375989	0
3619.949744724	2934.059524075	-0.0624265	0.151398	0.136124	0.00116295	8.14028e-06	0.000386253	0
3598.233580597	2937.607800988	-0.061269	0.139394	0.151547	0.000660559	0.000362319	0.000502168	0
3598.301521548	2935.359437845	-0.0662517	0.163961	0.165257	0.00110942	0.000269215	0.000585591	0
3601.05384676	2933.109272936	-0.0614954	0.166661	0.164809	0.000937002	0.000489223	0.000566145	0
3595.265105691	2930.061526487	-0.0574717	0.205004	0.150632	0.000560657	0.000433079	0.000589515	0
3611.906912087	2934.317897252	-0.0640642	0.226602	0.156409	0.000823631	0.000143454	0.000471442	0
3594.472747928	2934.700712368	-0.0503283	0.235369	0.136341	0.000221218	2.74963e-05	0.000543008	0
3598.933917072	2934.62792104	-0.0565967	0.201846	0.103231	0.000452498	-0.000338649	0.000459782	0
3607.054150793	2933.979886039	-0.0528074	0.166767	0.113103	0.000685798	0.000319027	0.000486785	0
3587.769814056	2935.692524232	-0.0628104	0.144913	0.151274	0.00066763	0.000220979	0.000786064	0
3595.973468945	2932.593127171	-0.0682691	0.123182	0.167525	0.00118504	0.000248069	0.000466926	0
3590.480285348	2933.99393981	-0.0681835	0.137704	0.169695	0.000733259	0.00027662	0.000464169	0
3597.741080366	2930.721092788	-0.0780264	0.153969	0.172442	0.00128219	0.000256508	0.00044056	0
3591.542686893	2932.072897405	-0.0727791	0.148819	0.189162	0.00131749	0.000199684	0.000330618	0
3594.534668795	2937.180902675	-0.0747163	0.216334	0.136687	0.000356996	0.00024638	0.000263504	0
3601.880605006	2936.274014026	-0.0700748	0.21329	0.129236	0.000949261	0.000215276	0.000627988	0
3598.084225172	2935.369167379	-0.0625036	0.211315	0.107274	0.000564117	4.15833e-06	4.19426e-05	0
3597.575098042	2940.406423323	-0.0569459	0.163323	0.100552	0.000654485	0.00012873	0.000215886	0
3611.637441647	2938.403340527	-0.0609278	0.147455	0.100795	0.00027795	0.000485626	0.000236329	0
3597.626698764	2941.797025957	-0.0633259	0.130901	0.160074	0.00108447	0.000347954	0.000254636	0
3617.64691914	2941.369406938	-0.0633753	0.142752	0.178788	0.00151669	0.000257282	4.19426e-05	0
3592.199449424	2936.742833417	-0.0601129	0.161715	0.193855	0.00117989	0.000539461	0.000187147	0
3596.807393957	2936.296355919	-0.0475385	0.16861	0.204446	0.00137958	0.000692017	4.19426e-05	0
3605.05892285	2936.828717574	-0.0525585	0.19268	0.176916	0.000893972	0.000482948	0.000266596	0
3606.389648153	2932.920688144	-0.0590505	0.214852	0.127542	0.000785551	0.0003749	0.000177446	0
3616.364641183	2931.158201105	-0.0551107	0.233918	0.151003	0.000744799	0.000366613	0.000279171	0
3600.666267999	2935.646158799	-0.0620291	0.230012	0.13054	0.000135281	0.000282486	0.000307933	0
3613.617189372	2936.603977353	-0.0468257	0.145658	0.106436	0.000970417	0.000226163	0.000223082	0
3610.532899511	2936.507282603	-0.0559964	0.158061	0.133576	0.000631612	0.000476531	0.000254949	0
3605.986875846	2938.284183767	-0.0592213	0.145165	0.151142	0.00127729	0.000259157	0.00025943	0
3609.771215511	2934.903831402	-0.0682143	0.126846	0.176222	0.00148501	0.000474843	4.19426e-05	0
3595.305812928	2932.854263055	-0.0719903	0.16977	0.175145	0.00125508	0.000283171	0.000225942	0
3604.134123232	2931.136700036	-0.0798616	0.141234	0.174526	0.00157735	6.51629e-06	4.19426e-05	0
3617.485523547	2934.583357373	-0.0835485	0.209851	0.123116	0.0011387	0.000295674	0.000239313	0
3605.807993341	2936.290710387	-0.0885352	0.213602	0.0820558	0.000617532	1.92923e-05	0.000371452	0
3606.804173958	2932.185687927	-0.0684716	0.261089	0.123658	0.0012656	-6.38238e-05	4.19426e-05	0
3601.966032869	2934.45339002	-0.0424715	0.218903	0.119677	0.000686212	0.000271047	0.000108569	0
3599.043998613	2930.025371059	-0.0340993	0.181661	0.1132	0.000811538	-9.50359e-05	0.000217678	0
3605.733172293	2935.358717138	-0.0178149	0.11261	0.170173	0.000464481	0.000537063	4.19426e-05	0
3603.91854688	2939.678389932	-0.0312218	0.131145	0.184103	0.00102634	0.000258739	0.00040927	0
3595.826406885	2937.843712154	-0.0369215	0.151486	0.194632	0.00140824	0.000213814	0.000347378	0
3582.871472123	2929.35367287	-0.0377852	0.146822	0.184306	0.000836152	0.000438021	0.000301467	0
3588.435463378	2929.388386886	-0.0562794	0.193055	0.176712	0.000785765	0.000449389	0.000215299	0
3598.47868403	2929.292893313	-0.0557257	0.232645	0.176728	-0.000138372	0.000429973	4.19426e-05	0
3594.995921921	2928.042588155	-0.0476365	0.256844	0.157069	-0.000404058	0.000241519	4.19426e-05	0
3614.114276334	2931.562877643	-0.0524583	0.210994	0.119925	0.000315473	0.00015931	0.000212852	0
3600.627854128	2933.493649582	-0.0490669	0.19128	0.111034	0.000398014	0.000410973	0.000245256	0
3604.549222379	2937.249850236	-0.0583298	0.126493	0.157167	0.000937402	0.000323288	0.000195619	0
3609.231987959	2933.414251781	-0.0536096	0.130876	0.184582	0.00118986	0.000540772	0.000234359	0
3593.151482757	2934.287627591	-0.0564292	0.160168	0.192018	0.000761231	0.000284694	0.000194182	0
3593.985407769	2930.300560714	-0.0534704	0.155214	0.188928	0.000745683	0.000195655	0.000153107	0
3600.714428674	2926.81822842	-0.0514265	0.237427	0.173151	0.000384444	0.000442032	4.19427e-05	0
3588.944303837	2929.176979731	-0.0495406	0.232452	0.178897	-0.000393452	0.000489623	4.19427e-05	0
3613.472707349	2929.304184377	-0.0526145	0.251028	0.147683	0.000183993	0.000280445	4.19427e-05	0
3597.348054862	2932.476252647	-0.0446273	0.188692	0.136056	0.000222195	0.000481564	0.000148802	0
3589.023998287	2940.598251293	-0.0506461	0.175775	0.166759	0.000672319	0.000439684	4.19427e-05	0
3602.97224696	2938.991436795	-0.0502299	0.148434	0.196351	0.000633482	0.000592256	4.19427e-05	0
3586.381754616	2937.554228493	-0.0482252	0.166914	0.205128	0.00087059	0.00039828	4.19427e-05	0
3599.739175016	2936.589683347	-0.0546076	0.155093	0.204934	0.00118489	0.000314324	0.000101861	0
3591.709815901	2932.301841744	-0.0486135	0.192446	0.176097	0.000526103	0.000601087	0.000105346	0
3594.308772298	2937.98977528	-0.0493255	0.202118	0.175122	0.000148156	0.000345216	4.19427e-05	0
3600.130193825	2935.186468354	-0.0479974	0.206654	0.170489	-0.000160444	0.000589209	4.19427e-05	0
3590.795049756	2934.516331695	-0.0482556	0.21564	0.150908	6.29831e-05	0.00048363	4.19427e-05	0
3597.733053587	2932.795525499	-0.0479009	0.137181	0.147939	0.000642534	0.000314722	4.19427e-05	0
3591.690322294	2937.102585934	-0.0546386	0.157678	0.144142	0.000414126	0.000392697	4.19427e-05	0
3601.323890542	2934.108892451	-0.0680277	0.14788	0.138668	0.000718189	0.000331575	0.000399768	0
3600.400810948	2929.89204041	-0.0718102	0.149984	0.137025	0.000839321	0.000770534	0.000301802	0
3592.429359311	2931.507743617	-0.0828052	0.168941	0.140056	0.000862018	0.000450281	0.000369554	0
3602.846685202	2930.045911186	-0.0755907	0.201653	0.129369	0.000882711	0.000175433	0.000342283	0
3600.29216276	2933.824814086	-0.0698233	0.233471	0.131493	0.000344569	0.000311969	0.000332845	0
3587.579751394	2928.997163531	-0.072577	0.20938	0.138222	0.000729761	3.75688e-05	4.19427e-05	0
3608.389749497	2930.405063115	-0.0599226	0.231227	0.116728	0.000762789	0.000658264	4.19427e-05	0
3585.219305003	2930.198220432	-0.0646682	0.206409	0.0999814	0.00096264	0.000344829	4.19427e-05	0
3598.998704646	2930.157620649	-0.0688464	0.118419	0.139662	0.00133543	0.000522409	4.19427e-05	0
3599.118819661	2933.967393798	-0.067046	0.158189	0.148546	0.0010084	0.000768635	0.000162445	0
3599.528472065	2930.22236409	-0.0708104	0.163138	0.147757	0.00122663	0.000465046	4.19427e-05	0
3594.966394841	2926.845375021	-0.0669091	0.167661	0.172946	0.00118939	0.000748132	4.19427e-05	0
3585.591690218	2925.01970607	-0.055549	0.226347	0.159672	0.000770969	0.000554994	4.19427e-05	0
3603.101535438	2931.392670859	-0.0653786	0.209359	0.157803	0.000753312	0.00042603	9.95353e-05	0
3590.941251804	2929.199081388	-0.0736693	0.240929	0.129424	0.000257039	0.000713227	4.19427e-05	0
3596.937542446	2928.527743553	-0.0693774	0.188488	0.0997799	0.000426732	0.000394561	4.19427e-05	0
3607.057877511	2932.147490497	-0.0709163	0.183357	0.120152	0.000999182	0.000632642	-1.45362e-05	0
3589.214920961	2933.34950834	-0.0824985	0.169893	0.14083	0.00123654	0.00046921	4.19427e-05	0
3597.080591116	2930.12566934	-0.0867362	0.116392	0.173273	0.00158931	0.000327827	4.19427e-05	0
3597.258040268	2931.761672439	-0.0940209	0.161845	0.154921	0.00151839	0.000710527	4.19427e-05	0
3578.388516007	2929.73576728	-0.0949485	0.159344	0.144843	0.0016317	0.000381835	4.19427e-05	0
3607.665332685	2935.113196556	-0.098842	0.187554	0.107701	0.00163205	0.000285473	0.000181097	0
3594.146230022	2932.165988624	-0.0869856	0.219204	0.134433	0.00127526	0.000326759	4.19427e-05	0
3601.280316599	2930.748479624	-0.0772089	0.211755	0.134575	0.00103091	0.000474284	4.19427e-05	0
3601.616581308	2931.32312271	-0.064369	0.246726	0.124443	0.000574628	0.000384837	0.000225726	0
3600.078879773	2935.762432734	-0.0631165	0.16178	0.115753	0.000810832	0.000373347	0.000215833	0
3614.010501547	2931.522037624	-0.0649046	0.168963	0.147828	0.00113343	0.000684515	0.000220062	0
3600.450404976	2941.739489578	-0.063002	0.153132	0.184488	0.00139077	0.000501545	0.000266897	0
3601.367751157	2937.576930738	-0.0662078	0.146455	0.192456	0.00197008	0.000495892	0.000200942	0
3596.141744635	2932.265686316	-0.060107	0.172126	0.190201	0.000976889	0.000773313	0.000266858	0
3603.467327227	2935.357035491	-0.0559585	0.213067	0.186678	0.00126412	0.000434461	0.000299141	0
3611.963672882	2932.842371403	-0.0559903	0.243396	0.172884	0.000416101	0.000471918	0.000257865	0
3602.801677905	2939.179661234	-0.0553569	0.259781	0.150643	0.000546325	0.000665584	0.00038215	0
3621.244922863	2936.517973079	-0.0512482	0.244979	0.132702	0.00058147	0.000499115	0.000208451	0
3597.947196586	2938.408505588	-0.0536768	0.179941	0.119846	0.000636608	0.000671076	0.000273514	0
3610.423391311	2938.596609909	-0.0636525	0.143436	0.163421	0.0014235	0.000513604	0.000284258	0
3612.377338675	2939.099062256	-0.0593052	0.153323	0.175976	0.00145287	0.000905839	0.000291801	0
3600.377590623	2944.694985632	-0.069571	0.14811	0.198645	0.00137579	0.000746666	0.000227765	0
3604.113769614	2933.510706296	-0.0606441	0.163536	0.198657	0.00138801	0.000874416	0.000435778	0
3591.401071577	2933.667700132	-0.0550734	0.205793	0.188648	0.00132287	0.000562629	4.19428e-05	0
3605.668384719	2936.747998478	-0.0616224	0.206276	0.184194	0.00101245	0.000622485	0.000221992	0
3606.209332295	2935.687239053	-0.0513482	0.230228	0.156938	0.000682213	0.000675573	0.000223432	0
3598.464350495	2933.618091521	-0.0540506	0.219851	0.152444	0.000827938	0.000493379	4.19428e-05	0
3604.155910204	2933.002127946	-0.0469542	0.199029	0.147933	0.000847091	0.000799453	4.19428e-05	0
3578.41918977	2934.846775493	-0.0604933	0.186966	0.180703	0.00116512	0.000608725	0.000215647	0
3600.192114692	2934.615548917	-0.0632802	0.130366	0.190453	0.00165386	0.000728768	4.19428e-05	0
3595.816373412	2936.459235523	-0.0648432	0.157436	0.193446	0.00140386	0.000834521	4.19428e-05	0
3586.750986454	2936.282542383	-0.0728173	0.163573	0.217362	0.00171224	0.000378024	4.19428e-05	0
3590.645407661	2929.888556997	-0.0638311	0.176136	0.200884	0.0010038	0.00109458	4.19428e-05	0
3578.158892791	2931.144507687	-0.0675954	0.237384	0.201089	0.000719507	0.000736744	4.19428e-05	0
3593.222577086	2931.45585277	-0.0697226	0.243555	0.177488	0.000878619	0.000515942	4.19428e-05	0
3586.560923792	2933.020866308	-0.0606034	0.22217	0.149809	0.000491787	0.000714404	0.000270849	0
3593.079241746	2926.724176259	-0.0590531	0.203966	0.154165	0.00117357	0.00062003	0.000194306	0
3586.558343756	2930.448785958	-0.0689703	0.166425	0.173807	0.00109283	0.00082445	4.19428e-05	0
3593.072074979	2934.642695518	-0.0689898	0.138641	0.204941	0.00154485	0.000488382	4.19428e-05	0
3599.293688777	2931.03147693	-0.0706173	0.159481	0.182506	0.00122446	0.000686822	4.19428e-05	0
3592.646655687	2933.813282787	-0.0689713	0.206482	0.216775	0.00193558	0.000593419	4.19428e-05	0
3592.559794471	2931.62678026	-0.0716375	0.148271	0.216971	0.00163385	0.000585895	4.19428e-05	0
3592.650669077	2931.594108245	-0.0661551	0.230871	0.193249	0.00118168	0.000921578	4.19428e-05	0
3599.549112354	2931.918666275	-0.0640451	0.236354	0.187532	0.00126289	0.000631981	4.19428e-05	0
3624.926634424	2942.187168253	-0.0465596	0.218857	0.136676	0.000796723	0.000932263	-6.7637e-05	0
3611.334144066	2940.728338764	-0.0300682	0.21744	0.109541	0.00126393	0.0012844	9.02379e-05	0
3608.224627185	2935.484720608	-0.0476864	0.174773	0.147052	0.00158997	0.000908642	-0.000119929	0
3595.241312025	2939.230711257	-0.0426692	0.15644	0.170698	0.000995239	0.00126826	8.74967e-05	0
3597.320821147	2939.662053925	-0.0458314	0.184369	0.175974	0.00188404	0.00096542	-3.07775e-05	0
3596.858421338	2935.327606654	-0.0451351	0.195163	0.181496	0.00147092	0.0013485	0.000258664	0
3590.91430476	2940.296155273	-0.0456641	0.188943	0.185227	0.00147092	0.0010885	0.000145603	0
3615.057996217	2933.603317044	-0.0569047	0.249499	0.175319	0.00150287	0.000983	-0.000359595	0
3594.763431999	2936.157139503	-0.040258	0.231996	0.159999	0.000358144	0.00121775	0.000169079	0
3599.044285284	2933.983249335	-0.0459092	0.262158	0.143718	0.00065973	0.000779609	-0.000217572	0
3606.172351777	2938.655227348	-0.0367825	0.237445	0.106864	0.000555876	0.00111431	-0.000359595	0
3596.969936233	2936.058162516	-0.0420275	0.170952	0.12517	0.000872405	0.000997831	-0.000359595	0
3605.4123878	2936.08879253	-0.0466885	0.164009	0.159934	0.00138245	0.00120635	-6.32249e-05	0
3593.716797341	2938.491987391	-0.0463974	0.167782	0.161044	0.00116418	0.00127609	-0.000100059	0
3586.011949437	2935.719310479	-0.0432497	0.163835	0.166561	0.00149316	0.00097471	-0.000359595	0
3594.341452756	2935.912940215	-0.0492806	0.198521	0.184884	0.00121567	0.0013441	-0.000359595	0
3580.86764406	2930.442179484	-0.0392577	0.200335	0.182324	0.00126974	0.00113996	-2.29111e-06	0
3603.445826926	2935.42658364	-0.0523801	0.251921	0.174745	0.00137724	0.000952426	-0.000359595	0
3580.890291044	2933.704576266	-0.0612345	0.246863	0.177411	0.000839546	0.000875471	-0.000359595	0
3589.622566669	2930.989675969	-0.0533296	0.224627	0.154226	0.000882329	0.000790135	5.72528e-05	0
3598.747007787	2937.474590456	-0.054197	0.187593	0.139934	0.00127201	0.00116064	-0.000114294	0
3586.0973773	2936.806375681	-0.0587111	0.144464	0.187846	0.00142359	0.0010458	-0.000213954	0
3590.16122088	2928.601976292	-0.0851925	0.137552	0.196996	0.0019907	0.000670297	-0.00020199	0
3583.166456254	2932.866515061	-0.0915425	0.137084	0.190414	0.00175735	0.000678972	-1.24615e-05	0
3586.05495004	2931.850439421	-0.0812652	0.16552	0.193322	0.00198905	0.000677692	2.0363e-05	0
3594.863193396	2934.006191816	-0.0801841	0.169931	0.202812	0.00180077	0.00106739	-5.43223e-07	0
3581.8225441	2933.016181717	-0.0722578	0.238279	0.184778	0.00128408	0.000915557	0.000149106	0
3610.617180692	2933.546861724	-0.0788891	0.217561	0.153347	0.00131595	0.000652855	-3.48322e-05	0
3611.221769159	2935.358476903	-0.0632394	0.234988	0.10338	0.000722197	0.00104141	0.000340822	0
3602.679842865	2930.126269929	-0.0828269	0.195203	0.129997	0.00146926	0.000720487	6.08052e-05	0
3611.881685067	2936.302121569	-0.0815966	0.149241	0.161229	0.00188212	0.000921699	0.000234582	0
3601.274583185	2938.154817002	-0.078662	0.154493	0.1829	0.00210854	0.000805695	3.14562e-05	0
3600.832823665	2937.926833604	-0.0791006	0.114789	0.201169	0.00191664	0.000952855	7.68011e-05	0
3594.958941403	2934.997162856	-0.073505	0.163941	0.198353	0.00203929	0.000876056	9.56136e-05	0
3587.215679629	2937.984610218	-0.0820977	0.182267	0.177747	0.00203364	0.000816676	6.21263e-05	0
3609.992811947	2934.317657017	-0.0736318	0.228672	0.187962	0.0018418	0.000606306	-7.86567e-05	0
3596.904001977	2932.739911003	-0.0645935	0.241352	0.160749	0.00115278	0.000681912	3.49044e-05	0
3604.779705606	2935.45324977	-0.0765973	0.241494	0.150698	0.00128529	0.00047998	-2.17781e-05	0
3597.150825433	2934.733984971	-0.0726768	0.21219	0.133607	0.00141164	0.00082341	-3.81584e-05	0
3583.122022298	2934.220001325	-0.0781046	0.15657	0.169073	0.00171716	0.000527323	-6.83317e-05	0
3606.443828912	2935.468985189	-0.085926	0.163418	0.197379	0.00215468	0.000750033	-8.75462e-05	0
3594.023248299	2944.365502775	-0.0758666	0.166231	0.210451	0.00182728	0.000928407	8.04345e-05	0
3592.50045364	2933.258939593	-0.0747442	0.168108	0.228773	0.0021152	0.000885279	-7.60051e-05	0
3598.222973782	2930.486022446	-0.0740915	0.209239	0.217583	0.00139028	0.000930388	-4.45007e-05	0
3595.407007678	2933.339898924	-0.0747742	0.223887	0.193586	0.00121638	0.000582341	-1.05675e-05	0
3613.505387806	2936.394492081	-0.0702746	0.256574	0.186484	0.00161544	0.000534985	-0.000139329	0
3595.220671736	2935.535650513	-0.0684122	0.209763	0.175447	0.000574868	0.000419996	-3.36039e-05	0
3597.869222161	2931.558193052	-0.0715448	0.179225	0.175458	0.00176269	0.000921536	-3.08297e-05	0
3596.629371464	2937.265225302	-0.0723858	0.168578	0.185435	0.00177516	0.000942076	0.000292187	0
3596.083550487	2934.939506359	-0.0776883	0.154047	0.213744	0.00206306	0.000835714	7.00835e-05	0
3608.569492014	2931.098022137	-0.0779461	0.156126	0.222796	0.00222153	0.000880244	-2.82712e-05	0
3584.935787699	2934.445222016	-0.0752494	0.173776	0.234071	0.00172304	0.000842516	5.92288e-05	0
3597.791247736	2937.481797518	-0.0842985	0.156645	0.232115	0.00191957	0.000646513	0.000194952	0
3599.373096555	2931.478795251	-0.0809352	0.229647	0.207577	0.00148978	0.000707162	6.16118e-05	0
3609.821956221	2941.38658377	-0.0894007	0.207079	0.165233	0.00122947	0.000292546	0.000203301	0
3620.21720847	2939.383500974	-0.0986534	0.275283	0.135675	0.00119443	0.000110558	-0.000208664	0
3601.653561826	2943.033877933	-0.0602355	0.190136	0.10728	0.00138341	0.000127411	0.000286622	0
3620.952805438	2945.0896924	0.00741286	0.114634	0.168115	0.00121082	-0.000137227	0.000675836	0
3606.733079629	2939.72919972	-0.0716321	-0.0603576	0.183717	-0.00173443	-8.80341e-06	-3.99317e-05	0
3603.852325952	2934.855784321	-0.0805327	0.12438	0.142282	-0.000219475	-0.000180322	0.000454886	0
3612.582021542	2945.094617226	-0.0722362	0.172769	0.201749	0.000835691	0.000401258	0.000740103	0
3606.719606107	2942.170712127	-0.0706829	0.159789	0.22196	0.00115549	0.000207617	0.000299929	0
3594.567922594	2931.071476124	-0.0748446	0.197817	0.232914	0.000643222	0.000652804	0.000668705	0
3606.166045022	2932.39613414	-0.0789477	0.184374	0.233908	0.000892277	0.000300757	0.000634595	0
3603.894179872	2937.076760628	-0.0768098	0.225897	0.208394	-0.00031848	0.00038479	0.000299929	0
3629.830423099	2940.181202632	-0.0732149	0.260859	0.184149	-0.000287454	0.000262828	0.000299929	0
3626.652105255	2940.643295431	-0.0739536	0.203689	0.155955	-4.91878e-05	0.00048496	0.000158589	0
3615.5851836	2940.545759857	-0.0793838	0.148509	0.13908	0.000950777	0.000337517	0.000299929	0
3625.538962999	2942.455030728	-0.0889905	0.135239	0.202769	0.00196668	0.000167681	5.69847e-05	0
3610.433424785	2941.935041196	-0.0883784	0.138615	0.211536	0.00144348	0.000429498	0.00025424	0
3605.890554497	2933.363441993	-0.0978889	0.165647	0.226945	0.00161554	0.000233892	0.000276354	0
3606.5524771	2933.090294339	-0.0942894	0.215421	0.209392	0.00124893	0.000634795	-3.38281e-05	0
3604.780278948	2936.671843855	-0.104173	0.252694	0.152064	0.000560966	0.000327728	0.000224954	0
3621.686682383	2935.670782928	-0.124658	0.295544	0.107489	0.000821526	-3.71615e-05	0.000197678	0
3590.770109407	2941.268147716	-0.101779	0.234041	0.10775	0.00036989	-8.26642e-05	-0.000209633	0
3598.996697951	2935.993539193	-0.103204	0.0904394	0.160878	0.00159465	2.75437e-05	3.08336e-05	0
3596.565730573	2941.806635373	-0.0995163	0.133495	0.170314	0.00242583	0.000398491	0.000111047	0
3609.408003757	2939.886193556	-0.103755	0.131396	0.190292	0.00170295	0.000436896	4.1152e-05	0
3599.499231655	2934.469605909	-0.0047853	0.183337	0.247495	0.00136285	0.000255129	0.000768193	0
3605.115683645	2944.369346542	0.0298488	0.0420745	0.248696	0.000262152	-0.000182293	0.00115516	0
3606.455009068	2940.021446088	-0.0670405	-0.104654	0.00245289	2.10556e-05	0.000248569	0.000688845	0
3595.053829399	2938.452588785	-0.0592133	0.172102	-0.00588163	0.000352653	-0.000182862	0.0015472	0
3615.467075279	2943.389065977	-0.071437	0.165272	0.0990396	-0.000305373	0.000524421	0.001267	0
3606.766333428	2936.092155826	-0.0695101	0.168278	0.0945962	-0.0012219	0.000193073	0.0013339	0
3611.660661972	2936.489865537	-0.070472	0.173788	0.0995345	-0.00118563	0.000195711	0.0013339	0
3608.981724454	2936.604577942	-0.0600807	0.131347	0.0988512	-3.40789e-05	0.000414975	0.0013339	0
3622.347171632	2946.450025373	-0.0737816	0.134619	0.168773	0.000571756	0.000636912	0.0013339	0
3634.215624513	2946.217837856	-0.0801277	0.0955648	0.208916	0.00106196	0.000569091	0.00138795	0
3607.775127556	2936.583917697	-0.0824811	0.147032	0.222119	0.00075901	0.000554376	0.00138493	0
3611.256742982	2934.814824185	-0.0859771	0.144338	0.226607	0.00109817	0.000546509	0.0013339	0
3624.749758613	2935.371930086	-0.0803511	0.211107	0.209088	0.000697602	0.000768676	0.0013339	0
3605.66064461	2936.400497967	-0.0733973	0.293193	0.189116	-0.000113347	0.000498752	0.0013339	0
3620.500725774	2935.61420749	-0.0765815	0.274631	0.144097	-0.000144519	0.000425454	0.0013339	0
3604.582189507	2934.927254353	-0.066839	0.237241	0.131339	-0.000849266	0.000764897	0.00140957	0
3599.52245198	2936.253353782	-0.068053	0.197747	0.143593	0.000666524	0.000461398	0.0013339	0
3598.258520946	2943.752902496	-0.0743556	0.125055	0.203268	0.000280874	0.000848841	0.0013339	0
3599.604153125	2941.704054856	-0.0766244	0.116354	0.217233	0.000797213	0.000442943	0.0013339	0
3601.181415214	2932.649822727	-0.0695568	0.157308	0.229025	0.000953136	0.000728798	0.00127745	0
3582.263156937	2934.539154059	-0.0730086	0.198086	0.240322	0.000855126	0.000627102	0.00138031	0
3596.552257051	2930.417195002	-0.0835465	0.181972	0.223674	0.00116247	0.000562084	0.00140944	0
3583.305491534	2933.001767593	-0.0738879	0.233075	0.208662	-0.000503768	0.000752802	0.001206	0
3597.31336771	2935.026351457	-0.0754752	0.263872	0.21225	-0.000296172	0.000585755	0.0014263	0
3605.116256986	2931.703055001	-0.0746142	0.227053	0.18615	-0.000147487	0.000766561	0.00123174	0
3590.286209297	2933.9463732	-0.0727499	0.147231	0.181939	0.000203316	0.000347258	0.00138675	0
3610.215555067	2938.569343191	-0.0710887	0.160286	0.2186	0.000784618	0.000578817	0.00138198	0
3596.238925996	2935.975041067	-0.0742236	0.161734	0.244849	0.00047817	0.000494672	0.00150813	0
3597.240840027	2933.825174439	-0.0759311	0.128403	0.24448	0.00114182	0.000375594	0.00134738	0
3578.78498156	2930.792442703	-0.0757892	0.178429	0.244706	0.000757302	0.000746184	0.00143262	0
3574.124862963	2930.95880572	-0.079096	0.184527	0.22262	0.000922767	0.000665914	0.00148491	0
3604.830159646	2933.976642861	-0.0737234	0.227857	0.216045	0.000334868	0.000496011	0.00149234	0
3583.752124456	2927.320440531	-0.0766523	0.238971	0.190582	-0.000301882	0.000718171	0.00125478	0
3600.652794477	2932.159862621	-0.0857215	0.183582	0.171195	0.000277624	0.000369675	0.00181669	0
3592.46691317	2934.724856026	-0.0723846	0.194928	0.147674	0.000230051	0.000875261	0.00205596	0
3592.101981393	2934.646899637	-0.091008	0.15251	0.160767	0.000793979	0.000755696	0.00174188	0
3598.757614603	2929.390669123	-0.0972433	0.130055	0.175415	0.000764273	0.00141262	0.00152808	0
3587.214819616	2937.164686786	-0.0987988	0.169735	0.226328	0.00107631	0.000870583	0.00158399	0
3600.695795079	2934.574228428	-0.106294	0.135191	0.22154	0.00147253	0.000859411	0.00148226	0
3579.690574242	2932.187489692	-0.100452	0.186202	0.218929	0.00113214	0.00112984	0.00142287	0
3582.309884258	2933.919466835	-0.0975018	0.211176	0.213582	0.00111196	0.00102438	0.00141658	0
3587.629918763	2934.888816689	-0.0962474	0.239445	0.216401	0.000196187	0.00138387	0.00178193	0
3592.570114615	2927.613527724	-0.092889	0.25806	0.191911	9.18435e-06	0.001088	0.00168438	0
3603.215630369	2932.95119804	-0.0883628	0.199289	0.17997	0.000211304	0.000817748	0.00161282	0
3585.961208727	2937.310990146	-0.0882549	0.166255	0.193295	4.66735e-05	0.000984321	0.00165379	0
3594.246851431	2941.906212948	-0.0986607	0.170466	0.222844	0.00079565	0.00119366	0.00167579	0
3594.587702871	2938.379076751	-0.0903383	0.170386	0.233013	0.000793271	0.00107536	0.00173575	0
3586.716012631	2931.987493719	-0.0905411	0.185879	0.231983	0.000593869	0.00100342	0.00175309	0
3598.182553216	2936.008433788	-0.10287	0.247397	0.229836	0.000490254	0.000956707	0.00163751	0
3589.167620298	2936.594848408	-0.086366	0.257929	0.19672	-0.000713838	0.00117842	0.00173295	0
3590.547652958	2934.083067145	-0.0903329	0.276412	0.192137	-0.000133274	0.000876729	0.00166511	0
3586.49699623	2933.493169111	-0.0939577	0.206743	0.185272	0.000292567	0.00103383	0.00159421	0
3583.769038026	2938.39745476	-0.10074	0.165396	0.211539	0.000537747	0.00102268	0.00153013	0
3592.996107248	2935.113797144	-0.107093	0.17457	0.234223	0.00109865	0.0012688	0.00150785	0
3571.872491419	2933.120443882	-0.112684	0.176854	0.225337	0.000734438	0.00119375	0.00155357	0
3591.66738864	2944.170791981	-0.110207	0.178238	0.237171	0.00190548	0.000796027	0.00118744	0
3584.904253925	2933.348187045	-0.100436	0.203676	0.23011	0.00129082	0.00123765	0.00154836	0
3593.979101014	2937.391348889	-0.0943849	0.179866	0.221077	7.96255e-05	0.00117224	0.00167585	0
3588.690026943	2940.677889329	-0.0863882	0.21478	0.20522	0.000250811	0.000940729	0.001711	0
3572.582861368	2935.402800335	-0.0889914	0.248235	0.20325	-0.000267218	0.000770631	0.00168784	0
3596.473709284	2939.890037323	-0.0891736	0.188063	0.205231	0.00054791	0.000681238	0.00175593	0
3594.850579886	2950.607178916	-0.0123508	0.191586	0.29466	-0.000215877	0.000809337	0.00168464	0
3606.876988311	2944.523217318	0.0378275	0.104678	0.342233	-0.00073578	0.000507304	0.00194945	0
3594.504281703	2944.320698873	-0.0858927	-0.000950009	0.406053	-0.00207134	0.0013019	0.00149092	0
3605.935848464	2949.106668585	-0.0869408	0.141643	0.530714	-0.00145031	0.000498584	0.00206518	0
3578.105858715	2930.474851499	-0.0732772	0.214277	0.500841	-0.00127091	0.000932414	0.00183964	0
3584.91486074	2936.465001172	-0.0815001	0.216846	0.438329	-0.000801849	0.00108012	0.00206383	0
3566.463302332	2933.987813807	-0.083375	0.264945	0.421499	-0.000730016	0.00129452	0.00200959	0
3599.090152593	2931.947014053	-0.0919505	0.240749	0.385416	-0.00013115	0.00104538	0.00209133	0
3590.129400434	2940.275615146	-0.0844444	0.275277	0.3553	-0.000216002	0.00104548	0.00194134	0
3600.209028262	2934.087871853	-0.0868877	0.310437	0.357748	0.000192445	0.0008646	0.00192068	0
3609.369303215	2937.922269131	-0.0776719	0.249473	0.348537	-0.000438161	0.0014826	0.00195411	0
3591.451525617	2937.595188629	-0.0813373	0.162471	0.342776	-0.000352442	0.000970117	0.00172592	0
3610.841643835	2940.953319219	-0.0925207	0.158109	0.394717	4.80126e-05	0.00108109	0.00174031	0
3587.002683312	2940.260840668	-0.0787225	0.152692	0.390534	-0.00084138	0.00148008	0.00192499	0
3587.543630888	2934.476812972	-0.0750546	0.193843	0.415881	-5.97417e-05	0.00120865	0.00148518	0
3593.287938002	2930.387165577	-0.0777353	0.239379	0.397783	-0.000235726	0.001446	0.00172288	0
3569.46187766	2931.372491085	-0.0779619	0.251745	0.405667	-0.000327886	0.00164492	0.00189702	0
3593.869019473	2930.322782489	-0.0755771	0.306765	0.394167	4.73404e-05	0.00105793	0.00182371	0
3574.151236666	2930.933460885	-0.0728114	0.297532	0.391974	-0.00165318	0.00132316	0.00212409	0
3581.944379139	2927.793584159	-0.0762125	0.295923	0.375813	-0.000441463	0.00105405	0.00199682	0
3576.853394508	2933.737488517	-0.0764275	0.203198	0.376211	-0.000463624	0.00135486	0.00197984	0
3577.651772356	2935.358957374	-0.0795492	0.166504	0.402653	-0.00038988	0.00115601	0.0020887	0
3580.982025662	2934.16222471	-0.074496	0.202706	0.430912	-0.000225823	0.00156843	0.00202197	0
3573.918173402	2930.755686686	-0.0775002	0.209459	0.440417	3.75759e-05	0.0013783	0.0018626	0
3577.827214813	2931.269430097	-0.083051	0.181746	0.440305	1.28817e-05	0.00138506	0.00184962	0
3566.93774231	2930.324584254	-0.0766897	0.2275	0.423184	-0.000842087	0.00146236	0.00180247	0
3575.905947906	2930.725777379	-0.0811657	0.278078	0.419828	-0.000943714	0.00121629	0.00204132	0
3582.409072314	2933.501817586	-0.0780843	0.276234	0.395696	-0.00143541	0.00147489	0.00206486	0
3573.665329861	2931.712063828	-0.0729889	0.248523	0.376558	-0.000331219	0.00133855	0.00198384	0
3600.594313658	2929.256017179	-0.0723027	0.279803	0.380628	0.000607881	0.00148497	0.00198933	0
3564.914420641	2931.12396756	-0.0807332	0.201611	0.433783	-0.00042899	0.00155752	0.00204789	0
3580.144947272	2935.691803526	-0.0837327	0.178805	0.43899	-8.77955e-05	0.00125656	0.00194127	0
3568.865602642	2935.424901992	-0.0791222	0.21957	0.428033	-0.000708704	0.00161912	0.00200555	0
3574.671543952	2933.316596089	-0.0849129	0.20038	0.435882	-0.000336859	0.00145649	0.00205616	0
3593.273604468	2935.035840756	-0.078383	0.211359	0.441637	-0.000386203	0.00157008	0.00191016	0
3571.525333224	2930.116180042	-0.0694197	0.246524	0.437507	-0.000545591	0.00157083	0.0019628	0
3593.232897231	2932.953360159	-0.0841981	0.232751	0.40626	-0.000685133	0.00128523	0.00194554	0
3582.126128351	2936.767457546	-0.0832561	0.269883	0.387618	-0.00158328	0.00149662	0.00199704	0
3584.886480342	2934.619272566	-0.0806116	0.225626	0.361183	-0.000868573	0.00137294	0.00197963	0
3589.644353641	2934.014119584	-0.0785235	0.224725	0.37099	-0.00011837	0.00154456	0.00192773	0
3567.354848151	2933.814844317	-0.0785107	0.204835	0.400715	-0.000468749	0.00152149	0.00195846	0
3583.26163092	2934.498554276	-0.0835766	0.178901	0.409652	9.53528e-05	0.00143367	0.00182671	0
3570.999292524	2930.952439482	-0.0687196	0.208683	0.41405	-0.00023734	0.00177208	0.00203827	0
3585.434594685	2933.539054073	-0.102822	0.240814	0.354528	0.000543542	0.00120847	0.00220032	0
3595.933908391	2929.624057817	-0.10177	0.244006	0.379525	0.00124912	0.00163282	0.001971	0
3574.798825735	2930.896344515	-0.0891911	0.237844	0.395285	0.000405003	0.0018611	0.00166988	0
3591.071400293	2939.211132072	-0.0853954	0.170944	0.438179	-0.00111607	0.00237087	0.00205449	0
3590.020752246	2939.302901996	-0.0783279	0.265073	0.389442	-0.0027861	0.00217293	0.00221184	0
3590.490032151	2936.222723768	-0.0855337	0.254473	0.361848	-0.00188226	0.0018425	0.00194418	0
3592.023433626	2933.210772394	-0.0754941	0.235622	0.33729	-0.00148403	0.00192447	0.00194551	0
3583.094788584	2933.136179301	-0.0790943	0.216435	0.373461	-0.0016884	0.00191296	0.00201799	0
3602.0253737	2934.304564187	-0.0799564	0.18173	0.392954	-0.000562369	0.00173035	0.00172715	0
3588.301301499	2936.301761216	-0.0767293	0.178762	0.412332	-0.00123548	0.00195318	0.00179603	0
3590.615307239	2934.050995719	-0.0868676	0.228252	0.426317	-0.000477773	0.00206405	0.00201318	0
3597.382168673	2931.695367468	-0.0855501	0.237017	0.417708	-0.000608395	0.00231324	0.0019086	0
3582.768270678	2933.050295144	-0.0779891	0.260532	0.418125	-0.000542693	0.00219842	0.00190582	0
3606.454435727	2935.159682107	-0.0875555	0.256132	0.389027	-0.000809315	0.00204365	0.0018859	0
3605.76585275	2940.48233771	-0.0823284	0.26572	0.373752	-0.00187665	0.00232547	0.00190827	0
3592.893192473	2938.883691217	-0.0841648	0.235983	0.353813	-0.00206494	0.00187914	0.00198906	0
3596.108777507	2933.135818948	-0.0800854	0.23311	0.375654	-0.00115653	0.00215863	0.00189551	0
3592.014546835	2939.356954962	-0.0851424	0.188327	0.403588	-0.001199	0.00222023	0.00188347	0
3591.774316804	2933.27107148	-0.0804909	0.16048	0.433072	-0.000925466	0.00190513	0.00183129	0
3591.188361931	2934.874883035	-0.0932107	0.189162	0.433587	-0.000675125	0.0025159	0.00189705	0
3575.172930974	2935.454931418	-0.0854199	0.195863	0.446513	-0.00091485	0.00242385	0.00181971	0
3590.788456331	2931.402760746	-0.0870055	0.224001	0.447956	-0.000168832	0.00218038	0.00169482	0
3579.759661876	2930.915082877	-0.0855907	0.250909	0.441118	-0.00143107	0.00238805	0.0017972	0
3585.817586715	2931.553388344	-0.0881329	0.28185	0.441024	-0.00125454	0.00195067	0.00190036	0
3594.253158186	2936.267167317	-0.0807141	0.261742	0.420683	-0.00190616	0.00225344	0.00182362	0
3575.607523727	2937.645157593	-0.0877846	0.219228	0.420529	-0.00148622	0.00215982	0.00168038	0
3590.862990708	2934.348287031	-0.0880481	0.187023	0.432711	-0.000784536	0.00212415	0.00173511	0
3579.002851277	2934.054959603	-0.0842821	0.175304	0.436177	-0.0014268	0.00248614	0.00175079	0
3584.62475001	2934.696988719	-0.093143	0.179911	0.448632	-0.000726192	0.00229233	0.00174339	0
3584.171236992	2933.297497375	-0.106937	0.187759	0.416749	-0.000683844	0.00213657	0.00184597	0
3574.836666265	2931.367326024	-0.101053	0.2278	0.456114	-0.000277161	0.00243209	0.00170491	0
3590.184441205	2932.681653918	-0.0981904	0.19545	0.447528	7.71787e-06	0.00228663	0.00160448	0
3592.047800634	2931.861009779	-0.0921076	0.254975	0.413447	-0.00133911	0.00207054	0.00177086	0
3591.942879165	2932.414271913	-0.0999454	0.253818	0.413642	-0.00154203	0.00193862	0.00183005	0
3610.843363859	2933.25905971	-0.0855171	0.246535	0.420132	-0.00188917	0.00233977	0.0018711	0
3584.841186375	2932.127310724	-0.0913024	0.225655	0.414354	-0.00190636	0.00209494	0.00188064	0
3604.853379972	2934.780350404	-0.0893365	0.154308	0.420767	-0.000947832	0.00205276	0.00156673	0
3598.120632348	2936.544519091	-0.0988282	0.178457	0.430703	-0.000672154	0.00250111	0.00161906	0
3586.114577541	2935.930117046	-0.0957864	0.185261	0.458304	-0.000722618	0.00211168	0.00163644	0
3597.413989119	2932.691143216	-0.0982882	0.197621	0.458386	-0.00080494	0.00231222	0.00157771	0
3583.759577894	2933.408366014	-0.0937935	0.243475	0.456401	-0.00124089	0.00211809	0.00194153	0
3598.628612796	2931.287447752	-0.100406	0.251326	0.447594	-0.00100201	0.00194337	0.00173001	0
3595.427361297	2932.338237408	-0.0976429	0.275282	0.435189	-0.00190582	0.00210914	0.00185875	0
3606.224525841	2930.73142291	-0.108463	0.24147	0.397373	-0.000997105	0.00188008	0.00168438	0
3609.721908154	2936.076660642	-0.103194	0.211621	0.371155	-0.000457538	0.00239611	0.00210384	0
3597.966116851	2937.561315437	-0.111424	0.195053	0.414024	0.000170413	0.00225956	0.00185086	0
3611.719429461	2940.35693483	-0.105958	0.210375	0.427278	0.00109613	0.00181971	0.00160985	0
3598.9668842	2934.084508557	-0.100652	0.20547	0.421126	1.58671e-05	0.00208659	0.0014331	0
3600.678881509	2936.275575557	-0.0947996	0.23784	0.426712	0.00052958	0.00200205	0.0014444	0
3604.603116467	2931.239040318	-0.101871	0.249519	0.410359	-0.00044724	0.00195833	0.00171292	0
3605.455101732	2938.183885486	-0.0966026	0.259795	0.387679	-0.00161532	0.0022165	0.00186588	0
3611.54628037	2935.422259403	-0.104321	0.283749	0.384022	-0.00145409	0.00177612	0.00179482	0
3595.228125173	2932.721532995	-0.0998949	0.268673	0.37283	-0.00145614	0.00150411	0.0020096	0
3606.913395488	2938.814623538	-0.0868773	0.168082	0.386994	-0.00103017	0.00152833	0.00154281	0
3602.77444419	2946.182523251	-0.0945839	0.152718	0.419441	-0.00149092	0.00193788	0.00170793	0
3602.37482526	2938.778347992	-0.101615	0.197379	0.446924	-0.000686767	0.00186403	0.00166757	0
3596.037683178	2933.985531571	-0.104865	0.208724	0.44646	-0.000944066	0.00220814	0.00168725	0
3592.635762202	2931.080004481	-0.0911926	0.218061	0.437281	-0.000612949	0.00177387	0.00166712	0
3606.219652439	2933.706137797	-0.0968594	0.278213	0.420559	-0.00146222	0.00221723	0.00167657	0
3604.264558392	2931.846115184	-0.0976934	0.312553	0.410925	-0.00143881	0.00209255	0.00219341	0
3628.313361854	2936.238098834	-0.119638	0.289086	0.35577	-0.00105747	0.001594	0.00211417	0
3609.539012259	2938.103646861	-0.124981	0.238231	0.328483	-0.00146384	0.00165189	0.00223168	0
3598.069318297	2938.411508531	-0.118323	0.212521	0.368217	-0.000220465	0.0015345	0.00171798	0
3606.228825901	2936.095639239	-0.111326	0.209347	0.362981	0.000234827	0.00162248	0.00178866	0
3602.078981117	2938.131153815	-0.11314	0.182352	0.401362	-0.000557178	0.00196445	0.00185682	0
3611.315797142	2934.946833539	-0.109357	0.22537	0.408556	0.000189909	0.00171502	0.00163289	0
3589.580426079	2935.849277833	-0.108671	0.236008	0.409938	-0.00118172	0.00207783	0.0017837	0
3602.060920864	2936.267767906	-0.101317	0.286973	0.409321	-0.00077274	0.0020493	0.00182931	0
3594.960374757	2931.478194663	-0.111328	0.296522	0.394366	-0.00167714	0.00211306	0.00215741	0
3595.486128787	2935.30430382	-0.097102	0.28723	0.388756	-0.00172865	0.00191741	0.00179049	0
3608.186786655	2932.484300533	-0.105862	0.257152	0.342305	-0.000777825	0.00155172	0.00141105	0
3593.440733475	2937.475070927	-0.114641	0.195582	0.385583	-0.00105496	0.0020412	0.00181107	0
3604.692271049	2936.561575805	-0.109084	0.192413	0.42124	-0.000261141	0.00200723	0.00172496	0
3599.308595652	2936.292992623	-0.112994	0.213746	0.422972	-0.000353318	0.00214111	0.00179436	0
3590.116500253	2932.73222347	-0.113332	0.205069	0.437897	-0.000319846	0.00210255	0.00178565	0
3602.028527077	2926.920929055	-0.105093	0.248249	0.447212	-0.00066482	0.00215143	0.00173272	0
3594.380439968	2928.981788465	-0.108995	0.283897	0.417947	-0.000830323	0.00210374	0.00178821	0
3609.244314798	2936.697428925	-0.120378	0.273158	0.413135	-0.00133999	0.00179943	0.0019469	0
3601.824130881	2936.500435894	-0.103214	0.278189	0.401915	-0.00195036	0.00213216	0.00180805	0
3591.67570209	2935.467543776	-0.104523	0.202625	0.383662	-0.00129385	0.00164588	0.00177939	0
3600.908218054	2935.108992436	-0.102022	0.214705	0.406154	-0.000979633	0.00201498	0.001457	0
3592.038340502	2937.418255254	-0.102138	0.202158	0.434606	-0.000634509	0.00187288	0.00167028	0
3599.94729793	2936.064048284	-0.1128	0.16971	0.438177	-0.000292841	0.00195579	0.00179714	0
3587.496616896	2937.449605974	-0.106343	0.208667	0.449681	-0.000565937	0.00228306	0.00191073	0
3582.057040717	2935.933360224	-0.112005	0.20312	0.449748	-0.000200542	0.00194803	0.00179182	0
3600.147394066	2931.95398088	-0.105653	0.225016	0.421069	-0.000113091	0.00201618	0.00179707	0
3579.502804946	2929.779850477	-0.11321	0.31359	0.419106	-0.00098696	0.0019115	0.0018428	0
3595.759899287	2935.453490005	-0.108161	0.256864	0.403164	-0.000449497	0.00191525	0.00157192	0
3598.149299417	2936.270650731	-0.108627	0.267773	0.383384	-0.00083877	0.00202508	0.00168489	0
3584.110749478	2937.734645281	-0.108385	0.201581	0.372729	-5.87605e-05	0.00195344	0.00161533	0
3595.729798866	2935.46370001	-0.107458	0.198101	0.418704	-0.000764524	0.00259016	0.00174954	0
3585.632110785	2941.1947558	-0.107335	0.189906	0.446009	-0.000494159	0.00220249	0.00173565	0
3600.057952813	2937.301500848	-0.113191	0.185389	0.433605	0.000835833	0.00212173	0.00169354	0
3576.7742734	2930.245306571	-0.104782	0.209414	0.449951	-0.000513212	0.00260868	0.00176728	0
3584.180123783	2931.886234496	-0.118153	0.260682	0.450103	-0.000689331	0.00210789	0.00170487	0
3601.134401222	2934.601855499	-0.112636	0.268724	0.42625	-0.00128457	0.00245223	0.00173604	0
3583.284851245	2932.874442829	-0.113516	0.282128	0.444365	-0.00134262	0.00228686	0.00165322	0
3602.712809994	2934.515250636	-0.111646	0.219406	0.407506	-0.000367726	0.00214014	0.00161207	0
3591.024672972	2934.566180542	-0.105704	0.203553	0.409548	-0.000245826	0.00231188	0.00155909	0
3590.336376666	2935.626699731	-0.112568	0.19992	0.430132	0.000322542	0.00196143	0.00153794	0
3598.596219009	2935.102265845	-0.115922	0.21588	0.441102	-6.88886e-05	0.0022583	0.00168981	0
3591.338577368	2934.181924014	-0.109494	0.236808	0.440715	-0.000795778	0.00225069	0.00153634	0
3598.843042466	2931.513148914	-0.108143	0.26365	0.432281	-0.000599093	0.00201031	0.00173692	0
3588.577652036	2931.69056276	-0.103377	0.26185	0.421894	-0.00162415	0.00246881	0.00167793	0
3589.619699963	2936.922409381	-0.0989875	0.249315	0.398564	-0.00090867	0.00198947	0.00168397	0
3589.717167994	2934.177960129	-0.107221	0.230661	0.394262	-0.000732917	0.00206291	0.0016587	0
3575.130503713	2937.556150376	-0.112262	0.200676	0.42454	-0.000446793	0.00236068	0.00173199	0
3585.717251977	2934.700472132	-0.115644	0.203926	0.442637	0.000348077	0.00204937	0.00164218	0
3576.054156649	2932.168631213	-0.120644	0.188599	0.438565	-3.7502e-05	0.00236671	0.00167719	0
3585.774299443	2932.863512118	-0.113397	0.203014	0.452851	0.000113467	0.00221899	0.00156785	0
3580.118000228	2932.206107936	-0.113019	0.230839	0.446536	-0.000215294	0.00217746	0.00173586	0
3602.113094928	2940.144446615	-0.118798	0.233134	0.396379	-0.000399269	0.00179131	0.00199352	0
3607.831888351	2932.503879719	-0.119827	0.330424	0.391819	-0.000523372	0.00156166	0.0017725	0
3587.869575453	2938.307486601	-0.106463	0.23651	0.400254	-9.03178e-05	0.00181546	0.0016128	0
3595.962002118	2937.990015515	-0.0903162	0.194386	0.392947	-0.000570777	0.00168291	0.0015666	0
3596.707059219	2939.028553165	-0.105161	0.190153	0.392634	0.000100041	0.00199549	0.00162194	0
3600.71729538	2942.221401798	-0.110405	0.172729	0.441371	-0.000184983	0.00210523	0.00150574	0
3594.438634117	2938.218359266	-0.113761	0.185283	0.441602	-0.000203128	0.00258951	0.00172159	0
3579.872323454	2936.882049833	-0.109857	0.211686	0.437984	-0.000162882	0.00210047	0.00171623	0
3602.969666924	2932.367786363	-0.111638	0.310825	0.429651	0.000246763	0.00186071	0.00161112	0
3593.551101687	2933.788178187	-0.112684	0.301425	0.424047	-0.00157285	0.00217743	0.00177108	0
3607.38984216	2935.915943157	-0.117178	0.261066	0.404315	-0.000936279	0.00182721	0.00156655	0
3606.585444228	2937.471587514	-0.104192	0.245132	0.383884	-0.000169367	0.00211184	0.00163056	0
3593.725110791	2935.995100723	-0.117713	0.211781	0.417969	9.06174e-05	0.00195149	0.00160496	0
3598.369749171	2937.04949391	-0.117696	0.194197	0.440434	-8.20272e-05	0.00225453	0.00152802	0
3585.078549699	2934.343001852	-0.115219	0.202313	0.447074	-0.000141359	0.00234707	0.00150569	0
3596.697312415	2932.412229912	-0.125851	0.216531	0.448278	0.00021584	0.00196138	0.00149676	0
3578.594632227	2934.550204887	-0.112593	0.216533	0.442619	-0.000600139	0.00236076	0.00162669	0
3577.196252643	2927.594068656	-0.115145	0.282285	0.433006	-0.000785466	0.00218657	0.00169378	0
3590.415211103	2938.316615546	-0.121797	0.283106	0.383829	-0.00120559	0.00195694	0.00170525	0
3588.534078092	2938.481417033	-0.123438	0.307699	0.326858	-0.00117004	0.00160905	0.00205427	0
3592.018560224	2933.036841962	-0.132043	0.222569	0.360361	5.36584e-05	0.00176423	0.00175112	0
3573.827585466	2934.069493845	-0.121932	0.185173	0.364964	-0.000233652	0.00197733	0.0016931	0
3582.577921345	2935.529164157	-0.119769	0.188326	0.412356	0.000716619	0.00181382	0.00163471	0
3579.151633361	2934.032497592	-0.123944	0.205195	0.421012	7.71155e-06	0.00249666	0.00169192	0
3571.331543844	2933.429386612	-0.125256	0.202945	0.426623	9.99335e-06	0.00245019	0.0015028	0
3582.578494686	2925.951338966	-0.117684	0.239311	0.422502	0.000663727	0.00211533	0.00164903	0
3575.19213791	2928.479576354	-0.114169	0.262844	0.408881	-0.000415518	0.0022034	0.00175017	0
3580.025692269	2928.596570996	-0.127948	0.269785	0.409324	-0.000477143	0.00202193	0.00175201	0
3579.376956517	2931.885633907	-0.115767	0.285917	0.415896	-0.000644107	0.0021195	0.00174619	0
3580.831236883	2929.07199686	-0.118924	0.241856	0.399806	-0.000545022	0.00169638	0.00165935	0
3592.881438975	2930.642175458	-0.114036	0.230525	0.39962	-0.000290818	0.00206658	0.00165127	0
3579.809542575	2929.623697464	-0.122272	0.230256	0.41963	-0.000108638	0.00207218	0.00148974	0
3593.601842398	2933.729200395	-0.123563	0.175187	0.422875	0.000537413	0.00226844	0.0016238	0
3584.635930167	2936.153896325	-0.126016	0.208597	0.423298	0.000212794	0.00229072	0.00164283	0
3581.061720111	2936.1645868	-0.129441	0.204364	0.435442	0.00028869	0.00205748	0.00152131	0
3595.842460444	2929.482318929	-0.12249	0.232104	0.429364	0.000290041	0.00236387	0.00169375	0
3576.047849894	2932.583998226	-0.123072	0.291629	0.440717	-0.000471646	0.00219587	0.00177825	0
3593.474560615	2936.790400027	-0.129617	0.237143	0.41499	-0.000287852	0.00200293	0.00182204	0
3588.243680692	2936.169631744	-0.128216	0.309018	0.393173	-0.000396261	0.00202282	0.00173689	0
3594.170310359	2931.529965392	-0.12135	0.258145	0.370209	0.000843102	0.00183993	0.00147197	0
3599.519871944	2939.522116802	-0.121677	0.21367	0.373576	0.00103584	0.00244635	0.00138008	0
3589.927297604	2939.59695013	-0.122709	0.199618	0.401984	0.00100541	0.00189133	0.00124575	0
3598.691107004	2938.010555642	-0.108209	0.239569	0.419993	0.00118407	0.0023736	0.00148872	0
3572.000633214	2936.827035926	-0.114904	0.247861	0.42991	3.01641e-05	0.00235526	0.0016368	0
3591.381864641	2934.877645743	-0.115876	0.179933	0.433864	0.000123054	0.00207644	0.00163376	0
3590.330356582	2937.809718844	-0.102827	0.232958	0.417207	-0.000229307	0.00234379	0.00159713	0
3594.247998114	2940.64545755	-0.111486	0.226588	0.422994	-0.000132689	0.00229715	0.00174868	0
3602.61448195	2939.650162272	-0.107001	0.263502	0.419119	-0.000219514	0.00252552	0.00182704	0
3584.584329444	2938.512527518	-0.117874	0.283499	0.407119	-0.000827749	0.00212172	0.00188929	0
3605.363080443	2938.969815609	-0.110426	0.239627	0.395061	-0.000837756	0.0019327	0.00164282	0
3596.644278339	2937.496211643	-0.10652	0.213677	0.37591	-0.000621434	0.00221861	0.00155996	0
3589.984058399	2938.085749323	-0.117137	0.210203	0.406848	0.000173464	0.00191291	0.00167355	0
3598.206920224	2936.598331821	-0.11435	0.205486	0.412147	-4.1465e-05	0.00219781	0.00162998	0
3579.972944863	2937.704615855	-0.118742	0.208474	0.440673	0.000178768	0.00237078	0.00167619	0
3594.153110118	2936.628481365	-0.125727	0.236133	0.444213	0.000785857	0.00216233	0.00162954	0
3576.70260573	2931.712664417	-0.113203	0.239232	0.426921	0.000167205	0.00253998	0.00169831	0
3581.274716427	2933.994059928	-0.116562	0.288922	0.428653	0.000236957	0.00209164	0.00172181	0
3596.958756077	2940.347805884	-0.113466	0.271589	0.356032	-0.000202676	0.00216215	0.00204553	0
3581.4441388	2932.307006806	-0.114748	0.31372	0.375949	6.69284e-05	0.00193687	0.00187069	0
3585.375540525	2933.102306109	-0.107806	0.230561	0.366105	0.000992791	0.00169203	0.00159629	0
3575.380193877	2930.962889722	-0.118025	0.185661	0.395548	-0.000213371	0.00209475	0.0017299	0
3593.995154573	2937.254054356	-0.118686	0.197134	0.422574	0.00040714	0.00211391	0.0017174	0
3579.253401453	2928.736508118	-0.117019	0.203573	0.421467	0.000376722	0.00247289	0.00178588	0
3574.793092321	2932.007072904	-0.11906	0.208942	0.425154	4.9762e-05	0.00232151	0.00171776	0
3587.955863328	2925.522278535	-0.121621	0.263972	0.444691	0.000333361	0.00214313	0.00172239	0
3582.091154528	2925.887316231	-0.105267	0.27754	0.413791	-0.00030621	0.00216762	0.00180673	0
3581.60410104	2927.202244713	-0.108007	0.30488	0.414007	-0.000569024	0.00185179	0.00168375	0
3595.820960142	2927.903972327	-0.111872	0.269273	0.393789	-0.000472818	0.00227819	0.00158163	0
3583.373719157	2929.496132465	-0.110605	0.230002	0.38467	0.000288552	0.00208301	0.00141375	0
3594.059082135	2926.552047593	-0.123445	0.229626	0.413379	0.000361433	0.0022548	0.00154411	0
3579.91274402	2931.173335936	-0.119449	0.208392	0.408486	0.000420724	0.00232071	0.00146329	0
3587.672919365	2931.204326303	-0.129023	0.209222	0.433065	0.000462615	0.0022828	0.00145488	0
3582.544954217	2927.371610672	-0.130981	0.232208	0.438289	7.82417e-05	0.00246515	0.00147498	0
3566.510889665	2926.473610733	-0.12434	0.214939	0.438212	0.000180618	0.00235096	0.00144604	0
3594.546708964	2927.39995845	-0.127973	0.235149	0.441507	0.000648465	0.00222366	0.00140465	0
3576.365194338	2930.553408476	-0.111679	0.253399	0.423051	5.97411e-05	0.00224195	0.00142136	0
3583.795125058	2930.112936864	-0.114143	0.279363	0.436859	-9.88525e-05	0.00208238	0.00147404	0
3588.549271638	2934.479575679	-0.110165	0.26682	0.427727	-0.000528504	0.00215465	0.0015472	0
3580.689621567	2929.686158669	-0.110093	0.264795	0.436007	-0.000811295	0.00236592	0.00148306	0
3589.833842962	2934.481377444	-0.108222	0.211307	0.416484	8.53881e-05	0.00218748	0.00146575	0
3579.007724679	2931.647560622	-0.110887	0.202391	0.394924	-0.000359098	0.00222922	0.00148314	0
3579.684840829	2934.127270459	-0.117386	0.22592	0.407886	0.000640679	0.00201706	0.00147499	0
3580.672421326	2932.66844097	-0.125929	0.224664	0.416332	0.000346063	0.00236346	0.00165865	0
3581.116760882	2934.863952325	-0.135419	0.230534	0.414966	0.00110284	0.00213197	0.00159396	0
3591.948039237	2931.340419659	-0.134136	0.273351	0.403127	0.00166576	0.00179657	0.00153989	0
3577.078430993	2931.826175645	-0.127099	0.257273	0.386002	0.000399526	0.00214413	0.00182498	0
3597.97385696	2929.651925124	-0.134653	0.313887	0.377626	0.000914597	0.00194834	0.00172399	0
3587.058870766	2931.612366136	-0.132576	0.295331	0.388994	0.000569684	0.00183017	0.00167193	0
3591.920232181	2934.175677893	-0.143845	0.259129	0.361804	0.000496568	0.00147745	0.00139179	0
3595.91670815	2934.304444069	-0.137767	0.253617	0.350882	0.000893036	0.00201235	0.00151004	0
3588.484197394	2935.601475014	-0.152063	0.231409	0.355264	0.00121212	0.0018662	0.0013083	0
3603.242864084	2935.008333802	-0.152444	0.163708	0.390955	0.0015975	0.00192306	0.00128266	0
3592.936193076	2936.411068324	-0.149628	0.211897	0.38188	0.000962263	0.00214991	0.00145769	0
3586.496422889	2931.515791504	-0.15577	0.226362	0.384822	0.00144333	0.00208326	0.00145769	0
3597.109258185	2931.699331352	-0.14854	0.249804	0.381495	0.00109428	0.0021516	0.00143966	0
3583.764737966	2930.935502886	-0.149558	0.316484	0.370507	0.000495086	0.00220093	0.00150404	0
3611.829511003	2932.839969049	-0.156499	0.308012	0.374898	0.000873987	0.00188235	0.0012932	0
3603.628149479	2938.299799068	-0.14204	0.285851	0.320353	-0.000439525	0.00177853	0.0014338	0
3592.328737902	2931.64611921	-0.148622	0.28367	0.337155	0.000631483	0.00177839	0.00133413	0
3600.711561967	2942.94463048	-0.158206	0.185733	0.382731	0.00104345	0.00188284	0.00120412	0
3599.107066163	2939.973639243	-0.168477	0.1545	0.408987	0.00128946	0.00184035	0.00102323	0
3609.846896571	2934.271051348	-0.168171	0.216103	0.398511	0.00161522	0.00172932	0.00126891	0
3594.801272529	2937.287927548	-0.160523	0.237075	0.425603	0.00176216	0.00202621	0.000918513	0
3612.469933305	2937.775605417	-0.155256	0.179211	0.422938	0.00218988	0.00243645	0.00112783	0
3604.484148134	2934.281501588	-0.131849	0.295269	0.406866	0.00110474	0.00272631	0.00103692	0
3600.43119804	2936.081585468	-0.116931	0.283173	0.389074	0.000274472	0.00262068	0.000727362	0
3600.312803049	2929.806036136	-0.129888	0.322261	0.461049	0.000337008	0.00237657	0.000838958	0
3588.840815721	2935.218419663	-0.125874	0.202785	0.391629	0.00102083	0.00228719	0.00143508	0
3590.275889152	2930.479295854	-0.121251	0.118574	0.43731	0.00112468	0.00235073	0.00120803	0
3569.116439489	2924.727459702	-0.11155	0.177499	0.435197	0.00037306	0.0023967	0.00107751	0
3589.100826029	2922.848218256	-0.128463	0.208952	0.431682	0.00117109	0.00203411	0.000757244	0
3585.423701199	2922.834044368	-0.135961	0.224823	0.451441	0.000918947	0.00245889	0.000906004	0
3584.88562033	2923.188751941	-0.141884	0.20744	0.449751	0.000813729	0.00242233	0.00102574	0
3612.671749465	2925.019826188	-0.149404	0.247334	0.445533	0.00150974	0.00217117	0.000915519	0
3594.909920717	2927.870579606	-0.142157	0.231845	0.428281	0.00029819	0.00228843	0.0009898	0
3621.398005006	2934.941668478	-0.154117	0.244938	0.43727	0.000451273	0.00181231	0.000898662	0
3652.602968687	2954.956761017	-0.147591	0.266686	0.580358	0.000157442	0.00366045	0.00146921	0
3632.736977138	2953.190430212	-0.139173	0.0524485	0.515776	0.000715496	0.00299545	0.001147	0
3629.788282509	2942.255154872	-0.122648	0.0861404	0.487606	0.000996626	0.00323011	0.000957684	0
3605.039142573	2940.13423661	-0.11808	0.0391766	0.541365	0.000229201	0.00369765	0.000778172	0
3601.917298853	2934.887975865	-0.122595	0.0921135	0.537494	0.00126794	0.00327918	0.000789951	0
3604.951708015	2930.081466026	-0.150102	0.166275	0.463188	0.00157241	0.00336052	0.00148633	0
3581.939792408	2925.293454313	-0.152035	0.200421	0.455994	0.00167126	0.00324727	0.00138	0
3599.590392932	2928.404983261	-0.141607	0.245053	0.478111	0.00197351	0.00293251	0.000872007	0
3589.763321974	2925.756387936	-0.124062	0.248455	0.524601	0.000899696	0.00378224	0.000816922	0
3592.616555266	2929.221423281	-0.124126	0.231849	0.541338	0.000784853	0.00367633	0.000818821	0
3589.617119927	2929.124728531	-0.117749	0.220823	0.542086	0.000501367	0.00382769	0.000942278	0
3593.755784554	2932.30520504	-0.113565	0.148758	0.542925	0.00117672	0.00329987	0.000930469	0
3607.981243776	2930.55533036	-0.087235	0.140174	0.594472	0.0012935	0.00436999	0.00128803	0
3600.897037898	2934.573027251	-0.0925145	0.156144	0.616972	0.00131315	0.0041997	0.00112811	0
3602.671242745	2926.290911709	-0.0972798	0.129891	0.630201	0.00115079	0.00394271	0.00092887	0
3589.820942781	2931.135018389	-0.0958072	0.188263	0.60183	0.000922055	0.00412417	0.000902885	0
3596.851254571	2926.438296129	-0.101959	0.251572	0.618741	0.000857	0.00378067	0.000710791	0
3598.187426617	2928.61723124	-0.0986144	0.251395	0.606321	0.000266494	0.00415781	0.000914279	0
3607.811534733	2945.542776371	-0.0894914	0.149502	0.696159	0.00115807	0.00436999	0.00166935	0
3640.684348438	2952.831758754	-0.010572	0.0324794	0.834967	0.00116387	0.00492993	0.000894832	0
3601.464072506	2940.689060275	-0.0158354	0.142991	0.542546	0.000822331	0.00410052	0.000326716	0
3601.26827643	2943.102224905	-0.0365529	0.193403	0.537063	0.00137071	0.00458245	0.000767611	0
3580.457704986	2935.069473712	-0.0541532	0.194897	0.537422	0.000950854	0.00498822	0.00139286	0
3581.203335428	2935.866574782	-0.0601651	0.202754	0.560822	0.00145203	0.0044747	0.000933005	0
3583.138075856	2930.519054814	-0.0591983	0.21579	0.580457	0.000961007	0.00479909	0.00126436	0
3573.316164971	2936.438575278	-0.0633493	0.25332	0.580918	0.000276119	0.00466455	0.000990447	0
3595.551203031	2934.719210494	-0.067445	0.212144	0.55674	0.000625869	0.00475844	0.00117741	0
3582.560434434	2937.60455781	-0.0553489	0.203537	0.537476	0.000215829	0.00502259	0.00110241	0
3589.245021382	2937.444561031	-0.0415764	0.18013	0.523101	0.000956802	0.00478527	0.00129061	0
3604.886920441	2937.592906393	-0.0589487	0.172907	0.576189	0.0016132	0.0049443	0.00100107	0
3579.13443312	2935.007613096	-0.0657202	0.206685	0.575678	0.00235765	0.00466939	0.00110504	0
3592.498160274	2931.142345568	-0.0679995	0.175859	0.584036	0.00184812	0.00464472	0.00083792	0
3577.253013438	2933.481397576	-0.0661987	0.219392	0.576328	0.00146149	0.00504859	0.00102411	0
3576.278619792	2928.261202372	-0.0662055	0.235167	0.576558	0.00109321	0.00471885	0.000908855	0
3593.674943422	2931.140543803	-0.0703088	0.245126	0.589448	0.000808809	0.00484791	0.000897417	0
3581.089240497	2932.724055466	-0.0714222	0.246616	0.581779	1.47404e-05	0.00482087	0.000831241	0
3594.641596959	2929.920147952	-0.0655178	0.201755	0.559587	0.000909217	0.00471643	0.000708836	0
3585.970095518	2931.407685572	-0.0705008	0.184708	0.574048	0.000701551	0.00526939	0.000829873	0
3584.134256474	2933.613286813	-0.0697223	0.143111	0.595214	0.00143697	0.00486027	0.000649503	0
3595.653544464	2929.792703071	-0.0699646	0.173299	0.637317	0.00217524	0.00526939	0.00077654	0
3573.937667008	2928.886895481	-0.0678099	0.202349	0.637732	0.00154662	0.00521734	0.000890844	0
3584.660870516	2928.694466923	-0.0723894	0.173821	0.645359	0.00173941	0.00476855	0.000602449	0
3573.713203865	2929.638832295	-0.0705872	0.223283	0.635042	0.00132999	0.00550987	0.000820643	0
3573.524861227	2933.835744797	-0.0720366	0.211773	0.634766	0.000884233	0.00486363	0.000786097	0
3589.031165054	2931.400838863	-0.0886904	0.244975	0.615971	0.000448824	0.00480521	0.000595852	0
3578.385075959	2932.34544447	-0.0919695	0.23968	0.58052	0.000339112	0.00467964	0.000642523	0
3589.617119927	2936.526861789	-0.0862481	0.14614	0.579621	0.0015693	0.00450538	0.000571288	0
3583.436213365	2940.214235	-0.0947679	0.159849	0.554919	0.00137504	0.00474286	0.000707255	0
3596.65717852	2939.833942356	-0.104442	0.194983	0.617888	0.00235441	0.00447682	0.000569974	0
3597.211026276	2937.395793244	-0.0825695	0.167585	0.64229	0.00250454	0.00541476	0.000686643	0
3572.832264861	2932.566821395	-0.0935706	0.192553	0.646221	0.00216566	0.00510211	0.000737196	0
3590.587213512	2931.815244934	-0.0980723	0.189596	0.647592	0.00193716	0.00500913	0.000742999	0
3589.011384777	2937.368886879	-0.0934232	0.23425	0.632209	0.000538537	0.0050807	0.000808383	0
3582.517147161	2937.382700414	-0.0980064	0.218727	0.593712	0.000713275	0.0043978	0.00063619	0
3606.036469874	2934.338197144	-0.0845684	0.210178	0.57567	0.000950006	0.00467775	0.000783436	0
