795.8310285023	700.4238857521	-0.0985936	0.238461	0.346355	-0.00594867	-0.000882949	-0.000324873	1
804.3128002974	706.6959525616	-0.194931	0.140934	0.429739	-0.0062615	-0.000418004	-0.000559997	1
811.0629496209	703.919235454	-0.186209	0.156435	0.493441	-0.00635855	-0.000569943	-0.000529899	1
806.6489355469	707.677210703	-0.170443	0.169557	0.567267	-0.00675508	-0.000379015	-0.000567974	1
806.1366085341	703.8945840449	-0.148483	0.193006	0.641227	-0.00712543	-0.000395183	-0.00029207	1
798.9597958442	703.1845354234	-0.0807802	0.280884	0.732775	-0.00808361	-0.000767395	-0.000626155	1
781.0505937387	690.1917461597	-0.0389099	0.51791	1.7558	-0.0278191	-0.00269788	-0.00215014	0
779.1823474855	694.1713639884	0.0520206	0.288474	1.09771	-0.00780006	-0.00193231	-0.00216217	0
780.8079611946	690.9198431343	-0.0330368	0.190177	0.660571	-0.00624073	-0.00129511	-0.00158701	0
788.0484862215	693.127024652	-0.0855547	0.163115	0.494908	-0.00587651	-0.000904941	-0.00110108	0
790.4740815745	693.7824439902	-0.112192	0.213179	0.437697	-0.005998	0.000101566	-0.00160368	0
794.2461050253	698.7683675527	-0.0661097	0.318663	0.371987	-0.00661304	-0.00036925	-0.00185239	0
789.7710069307	694.6549277892	-0.0297333	0.445649	0.313103	-0.00698684	-0.00102672	-0.00242534	0
788.9539899026	693.6532441945	-0.0131548	0.768133	0.384128	-0.0102988	-0.000809595	-0.00189786	0
788.7527290059	696.4576501169	-0.0100753	0.805127	0.387846	-0.0101717	-0.00132431	-0.00218178	0
794.0818352487	694.9012217778	-0.0342591	0.843021	0.362525	-0.00987356	-0.00140698	-0.0025975	0
794.2436227264	695.5949828612	-0.0266696	0.811166	0.378893	-0.0104542	-0.00112018	-0.00269463	0
790.9892315939	698.0513637122	-0.0179641	0.614507	0.35593	-0.0089827	-0.00159112	-0.0018105	0
789.3196665934	698.1446869036	-0.0170835	0.366316	0.275039	-0.00547847	-0.00135001	-0.00136614	0
796.587253545	695.5906248442	-0.0251636	0.300336	0.294804	-0.00540495	-0.00158653	-0.00124431	0
792.3622348911	696.0298161087	-0.0223963	0.307036	0.289997	-0.00510714	-0.0015153	-0.00151192	0
788.1209109408	696.2776067901	-0.0283311	0.355405	0.288776	-0.00541249	-0.00139146	-0.00129427	0
791.8135008284	695.4420560843	-0.040348	0.447074	0.31116	-0.00604062	-0.00173084	-0.00225248	0
783.6814411355	691.593486907	-0.0555647	0.726965	0.379998	-0.00872933	-0.00152165	-0.00249747	0
790.0544270519	690.0604774065	-0.0411052	0.817435	0.379072	-0.00997608	-0.00139146	-0.00212163	0
788.5650477442	693.6311459671	-0.0244217	0.779841	0.35868	-0.0095387	-0.00139146	-0.00194644	0
781.0146247417	688.7372249849	-0.0360241	0.62962	0.335295	-0.00836567	-0.00139839	-0.00205543	0
786.4658016806	691.9379023078	-0.0248568	0.430454	0.255101	-0.0053756	-0.00134767	-0.00145125	0
787.0606772983	688.4380625279	-0.00435358	0.384147	0.249681	-0.0052922	-0.00105003	-0.00130428	0
786.4510539051	690.9587131239	-0.0213627	0.568145	0.30822	-0.00786701	-0.0018547	-0.00139375	0
784.3071264624	691.7678516057	-0.0162098	0.511404	0.313851	-0.00687872	-0.00167869	-0.00132471	0
783.3922289837	693.0245892433	-0.0272409	0.667106	0.328607	-0.00922001	-0.00220519	-0.00172269	0
791.2402844851	689.8807862427	-0.0252547	0.722311	0.337714	-0.0100214	-0.0019797	-0.00212428	0
785.3025282997	691.0358808383	-0.0295464	0.522371	0.28205	-0.00704262	-0.00178734	-0.00237109	0
786.7501465798	690.7653756443	-0.0282094	0.43962	0.285333	-0.0065502	-0.00184459	-0.00179111	0
778.4056799817	690.344716957	-0.00137148	0.427758	0.279755	-0.00580047	-0.00195641	-0.00107076	0
785.8491694437	685.9935231573	0.00251739	0.460136	0.298472	-0.00631698	-0.00185496	-0.00152676	0
788.5916716161	687.959913233	-0.0174827	0.579223	0.322945	-0.00741449	-0.00202188	-0.00173504	0
782.8308887367	690.0568237156	-0.0153957	0.568576	0.308875	-0.0073486	-0.00221114	-0.00204173	0
784.9733073312	683.2970992106	-0.00239777	0.605579	0.304452	-0.00749055	-0.00189124	-0.00198587	0
782.585238496	685.5812283408	-0.00238722	0.511782	0.284275	-0.00643122	-0.00149614	-0.00196495	0
789.0022730488	682.4421795405	-0.00942066	0.528201	0.315362	-0.00672692	-0.00167263	-0.00191033	0
788.8057333872	687.5143830347	0.00411086	0.40297	0.264514	-0.00541251	-0.00139751	-0.00120167	0
786.0937488888	683.2747368609	0.000313745	0.416115	0.283472	-0.00561532	-0.00163854	-0.00171842	0
785.4700104631	692.2974166966	-0.0071915	0.388234	0.277668	-0.00498661	-0.00159765	-0.00146403	0
784.0082284778	683.986502277	0.00167351	0.374365	0.284993	-0.00534298	-0.00162656	-0.00164908	0
788.413481497	679.7169222493	0.00639004	0.393051	0.291647	-0.00505413	-0.00155399	-0.00137125	0
781.2305360688	681.6856454048	0.00045022	0.408059	0.302258	-0.0055318	-0.00150244	-0.00145005	0
780.7353417852	683.0304678094	-0.00390563	0.409641	0.281693	-0.00479282	-0.0013843	-0.00159186	0
779.1902324347	686.9168945078	-0.00825581	0.432128	0.315931	-0.00548843	-0.00186807	-0.00172127	0
786.5986776777	684.7981058997	-0.0168891	0.447766	0.323096	-0.00565617	-0.00187532	-0.00159542	0
785.1495505493	685.4986901409	-0.00384004	0.435758	0.272408	-0.00482155	-0.00150023	-0.00209437	0
786.9299915649	683.2729320256	-0.0166096	0.501427	0.348989	-0.00637582	-0.00171454	-0.00239086	0
784.7485376043	691.1793432349	-0.0143693	0.685551	0.4311	-0.00895628	-0.00180453	-0.00200345	0
783.8838215003	686.2704553257	-0.0285699	0.67741	0.430872	-0.0090788	-0.00153051	-0.00212733	0
782.79993301	691.8161419552	-0.0323271	0.655642	0.436749	-0.00921659	-0.0013843	-0.00255276	0
790.371771924	689.9699274986	-0.0186481	0.421634	0.348364	-0.00607976	-0.00148424	-0.00182818	0
780.0589396859	692.1264855871	-0.0219669	0.383997	0.326729	-0.00564157	-0.00135512	-0.00184964	0
787.2891948097	689.849927961	-0.0140581	0.361219	0.343965	-0.00537492	-0.00153932	-0.00151064	0
787.4084911719	687.9733834672	-0.0310573	0.344348	0.337549	-0.00507049	-0.00121915	-0.00148858	0
783.1028708142	686.7231168245	-0.0204618	0.333056	0.436708	-0.00573772	-0.00092255	-0.00106216	0
801.561975123	695.8068969383	-0.160654	0.21802	0.845755	-0.00775738	0.000375781	-0.0020145	0
787.245486881	696.9933780601	-0.216573	0.222113	1.25076	-0.00692154	-0.00112727	-0.00211875	0
793.4332251619	690.1431036472	-0.132764	0.425828	2.00753	-0.0270456	-0.00228515	-0.00119691	0
791.4724037635	685.7680508052	-0.104049	0.53802	1.9654	-0.0276239	-0.00284534	-0.00119382	0
776.5113939269	689.5680214903	-0.0917333	0.501293	2.06235	-0.0273744	-0.00235339	-0.00146177	0
778.5299409416	691.4321082185	0.0469374	0.172364	1.33374	-0.00654056	-0.00165533	-0.00178018	0
779.1586926376	681.8067454518	-0.0581949	0.225456	1.00255	-0.00632052	-0.00383171	-0.00200647	0
779.0270334537	683.0819276258	0.0147331	0.307197	0.700021	-0.00540861	-0.00143878	-0.00175302	0
784.4442369692	683.8245513236	0.00414252	0.373822	0.666354	-0.00566985	-0.00129444	-0.00143224	0
783.8050206801	683.8533846681	-0.0624729	0.78328	0.687346	-0.00970103	-0.00220159	-0.0042803	0
785.7775721574	689.0734085758	-0.06037	0.923331	0.729887	-0.0114528	-0.00161127	-0.00321581	0
780.7574877847	691.1513902979	-0.0453549	0.932411	0.671327	-0.0110938	-0.00175753	-0.0028164	0
779.6819709689	687.0430568977	-0.0758032	0.905308	0.716294	-0.0116664	-0.00228692	-0.0033619	0
769.2439043204	686.1931995706	-0.0604924	0.94658	1.50444	-0.0310356	-0.00333514	-0.00249608	0
770.7610756407	690.8881924859	-0.0972089	0.547157	0.824298	-0.0116309	-0.00108451	-0.00268982	0
763.7937008319	686.576484961	-0.0848192	0.519075	1.58227	-0.0292242	-0.0026971	-0.00168245	0
764.6888859374	692.7392932039	-0.0657635	0.233975	0.737376	-0.00940966	-0.000903858	-0.00177527	0
777.5964992304	694.1475049461	-0.0601248	0.280144	0.643826	-0.00815785	-0.000878064	-0.00222104	0
779.8368956205	698.9738106349	-0.0647453	0.433147	0.752412	-0.010051	-0.000593507	-0.00206624	0
784.2972459395	698.5790799475	-0.0788876	0.58163	0.764377	-0.0109689	-0.000513564	-0.00304585	0
785.0243648114	695.271389097	-0.0900451	0.982059	1.55126	-0.031422	-0.00206974	-0.00236784	0
784.3705954368	696.0303443532	-0.0972258	0.997028	0.826667	-0.0123941	-0.000468891	-0.00332689	0
780.579151648	692.1098458859	-0.112369	1.07319	0.797688	-0.0119102	-0.000519632	-0.00342651	0
787.6130618003	693.8919226586	-0.0651814	1.10147	0.650958	-0.0106254	-0.00131418	-0.00340559	0
782.0388893872	691.5484540651	-0.0556247	0.957797	0.607505	-0.0106129	-0.00158015	-0.00331902	0
789.9533828871	693.9377918876	-0.0758535	0.797911	0.523588	-0.00991043	-0.00149672	-0.00395313	0
784.8491437163	688.7015244621	-0.0876739	0.613967	0.482264	-0.00885477	-0.00225791	-0.00417476	0
788.642242371	690.9952060134	-0.0748119	0.389631	0.42826	-0.00645459	-0.00207179	-0.00293226	0
788.9201138242	690.1884886521	-0.049487	0.329832	0.42509	-0.00610415	-0.00184732	-0.00211277	0
788.2202515672	692.2269840993	-0.0591691	0.351408	0.428788	-0.00613616	-0.00203946	-0.00269295	0
787.3124602773	686.9308049458	-0.0691744	0.468813	0.454639	-0.00706023	-0.00199347	-0.00332825	0
782.4815173423	686.8963369934	-0.0860792	0.603231	0.521523	-0.00833265	-0.00216758	-0.00412864	0
783.5738748522	682.6700289928	-0.0913769	0.780197	0.522703	-0.00954958	-0.00217288	-0.00400698	0
783.2326317696	687.1473411621	-0.0912935	0.870718	0.520822	-0.00946903	-0.00237533	-0.00426757	0
784.2999229285	687.4591374662	-0.101895	0.87421	0.521985	-0.00963257	-0.0026294	-0.00450268	0
781.3271997062	681.6328209569	-0.0820269	0.861791	0.532661	-0.00953358	-0.00204518	-0.0043898	0
778.58693647	684.3640209985	-0.0830485	0.785727	0.511927	-0.00922768	-0.00234176	-0.00458251	0
785.2973690119	680.9914000974	-0.100801	0.70549	0.510762	-0.0090827	-0.0023448	-0.00485881	0
779.9680194066	682.049209668	-0.0622417	0.503391	0.480679	-0.00761858	-0.0021646	-0.00315443	0
779.3960685489	680.739119338	-0.0659716	0.448769	0.446547	-0.00683681	-0.00245777	-0.00378824	0
780.7829921886	684.8430947212	-0.0662136	0.410869	0.438409	-0.00625366	-0.00241352	-0.00362021	0
780.9234610997	678.6336248826	-0.0656496	0.437341	0.450869	-0.00682288	-0.002434	-0.00361572	0
771.8570835901	680.6867350937	-0.0814432	0.644827	0.522682	-0.00929704	-0.00241219	-0.00471413	0
776.2321596429	676.623390515	-0.0850298	0.691108	0.490599	-0.00882351	-0.00254808	-0.00469145	0
773.4248256654	678.538276754	-0.0873789	0.781805	0.52343	-0.00970389	-0.00233849	-0.00480832	0
780.3058554123	680.8128974836	-0.0775089	0.793366	0.537561	-0.00992267	-0.00226964	-0.00443314	0
769.5890898776	677.966011901	-0.0653331	0.801783	0.54094	-0.0101412	-0.00206329	-0.00437949	0
772.8355473883	675.5974076743	-0.0828563	0.775214	0.53312	-0.00990564	-0.00235184	-0.00472221	0
777.9390564712	683.2207678833	-0.0909789	0.67395	0.512417	-0.0091071	-0.0024101	-0.0052275	0
773.0115472437	682.6051429625	-0.0730701	0.49768	0.440718	-0.00732049	-0.00252677	-0.00429837	0
769.6480809796	684.4477477485	-0.0679484	0.532402	0.478386	-0.00813254	-0.00238596	-0.00442164	0
771.9099419538	681.7694601956	-0.0533871	0.447433	0.437414	-0.00657433	-0.00206761	-0.00391769	0
776.7238008321	684.0283216316	-0.0638135	0.503165	0.478513	-0.00813085	-0.00248988	-0.00394995	0
782.2702785777	679.3718025226	-0.0656219	0.489206	0.439329	-0.00705249	-0.00220626	-0.00431797	0
778.4321091636	684.349934479	-0.0648921	0.6424	0.486159	-0.00847428	-0.00226738	-0.00419747	0
772.401777833	677.6589257768	-0.0705174	0.655448	0.485367	-0.00831198	-0.00223104	-0.00460589	0
777.7570212224	681.0303141074	-0.0720083	0.787003	0.520026	-0.00979941	-0.00221266	-0.00421457	0
777.9656803431	679.15570651	-0.0753649	0.691216	0.504004	-0.0088424	-0.00229327	-0.00439523	0
776.4754249299	676.7834926128	-0.062026	0.731164	0.480763	-0.00867029	-0.00214356	-0.00386159	0
779.044166183	683.2395645827	-0.0839724	0.667879	0.489221	-0.00837794	-0.00227356	-0.00440507	0
778.928958313	680.2421293233	-0.0664125	0.579334	0.438267	-0.00735658	-0.00175912	-0.00437835	0
777.3013977028	681.4444137591	-0.078207	0.633649	0.464813	-0.00798422	-0.00236846	-0.00448113	0
779.7826257535	680.1052699827	-0.0713035	0.621559	0.460833	-0.00779626	-0.00214876	-0.0043241	0
777.6019505533	681.5846186481	-0.0527356	0.684724	0.447285	-0.00903792	-0.00241713	-0.00371936	0
783.9424718946	680.7606012801	-0.0371875	0.808787	0.395944	-0.00987944	-0.00221639	-0.00413978	0
778.9069096586	686.3834116037	-0.0226223	0.871848	0.355765	-0.00929545	-0.00230376	-0.00433753	0
781.3502704837	681.3183834303	-0.0457869	0.94073	0.414649	-0.0116539	-0.00293127	-0.00402291	0
775.3040719096	683.1698803317	-0.0306204	0.949891	0.352704	-0.0111204	-0.00313971	-0.00404957	0
780.7716028174	683.0523019146	-0.0236127	0.796455	0.336317	-0.0105782	-0.00246296	-0.00304609	0
781.0655362043	684.7647384567	-0.0619974	0.470832	0.294591	-0.00682971	-0.00235272	-0.00367574	0
784.3558963338	686.7353104679	-0.0486527	0.390705	0.311746	-0.00578854	-0.00192117	-0.0028439	0
787.0334206835	689.7559004436	-0.0586589	0.48598	0.337481	-0.0073823	-0.00193146	-0.00352735	0
789.6291751888	688.0059585435	-0.0623387	0.635644	0.383808	-0.0084254	-0.00174342	-0.00404664	0
783.8474631231	684.3699637489	-0.0574747	0.790397	0.417715	-0.00999658	-0.00194117	-0.00383225	0
782.9103709723	687.274692102	-0.0720132	0.916369	0.435167	-0.0101895	-0.00199594	-0.00442798	0
789.8454272236	688.9463217581	-0.0647972	0.916615	0.441376	-0.010756	-0.00210724	-0.00392695	0
783.3582068877	685.1611859387	-0.0327518	0.876792	0.512757	-0.0112385	-0.00182886	-0.00376478	0
790.4362630215	690.0798463708	0.00572341	0.308299	0.565991	-0.00715881	-0.00115875	-0.00226442	0
801.6603422989	701.0024014981	-0.00980006	0.210002	0.706187	-0.00771174	-0.00146701	-0.00239292	0
795.3195289224	695.43329603	-0.00364532	0.118698	0.847367	-0.00852134	-0.00186832	-0.00310596	0
790.8084618309	694.115546155	0.0133755	0.196127	0.92605	-0.00902618	-0.00230595	-0.00291315	0
785.3507627734	688.1004262646	-0.00824321	0.46806	0.989915	-0.0114061	-0.00293485	-0.00378394	0
780.4222314229	684.73093081	-0.0292226	0.742913	1.58507	-0.029199	-0.00605856	-0.00407559	0
781.5734826898	689.0475686167	0.0895213	0.83293	1.54131	-0.0309915	-0.00540993	-0.00953029	0
776.5417169108	693.0369149478	0.0565749	0.577157	0.667157	-0.0107591	-0.00263596	-0.0097566	0
777.0838315098	685.8079332634	0.0644518	0.892516	1.22799	-0.0312526	-0.00595918	-0.00968165	0
786.6119166049	692.051959095	-0.0208902	0.696142	0.556089	-0.00993549	-0.00214551	-0.0071887	0
789.1002995169	691.3500542426	-0.0182675	0.53366	0.550937	-0.0086636	-0.00189551	-0.00561039	0
784.9624046853	686.8926392821	-0.0218211	0.527828	0.550267	-0.00867589	-0.0015061	-0.00522785	0
785.9660808521	688.9429762097	-0.0544292	0.741908	0.509081	-0.0100305	-0.00196708	-0.00502468	0
783.2501052066	690.7831598752	-0.0570458	0.912071	0.504401	-0.010654	-0.00214551	-0.00502468	0
782.2223361392	688.9928072723	-0.0335626	0.94234	0.506242	-0.0118435	-0.00241128	-0.00474332	0
782.858194024	692.4367411781	-0.0108512	0.842926	0.467186	-0.0112906	-0.00223017	-0.00398511	0
785.1966655548	693.9013430185	-0.0327605	0.727089	0.445206	-0.0113057	-0.00229389	-0.00472124	0
784.5496129889	691.5895250734	-0.059876	0.649984	0.404918	-0.0105777	-0.00217451	-0.00482997	0
787.3087124928	693.4289603925	-0.0571586	0.47059	0.324665	-0.0073012	-0.00210454	-0.00464141	0
792.989039686	693.6055701302	-0.0656213	0.493793	0.354116	-0.00759545	-0.00198876	-0.00476571	0
790.0105731056	692.8199385278	-0.0589647	0.47334	0.360324	-0.00694343	-0.00124193	-0.00369203	0
786.9448366854	688.6358020448	-0.0707015	0.753342	0.43157	-0.0100413	-0.0014919	-0.00450122	0
784.9956480208	684.5437561827	-0.0650797	0.910721	0.436314	-0.0105222	-0.00178143	-0.00465299	0
785.6270767057	689.8423124364	-0.073773	1.00993	0.445558	-0.0106343	-0.00155251	-0.00463471	0
781.5409207696	687.9679249409	-0.0495439	1.04812	0.460224	-0.0111746	-0.00124193	-0.00431914	0
782.5404110992	691.99239953	-0.0545089	0.963103	0.442187	-0.0111956	-0.0018156	-0.00423869	0
787.6269334704	688.4215108675	-0.0728237	0.814918	0.405748	-0.0101477	-0.00198262	-0.0046582	0
785.3645370984	691.3147499032	-0.0526608	0.725779	0.431464	-0.0100206	-0.00192549	-0.00431911	0
786.856398705	691.7844913068	-0.0373366	0.600764	0.390479	-0.00886529	-0.00180569	-0.0043085	0
785.5979218624	689.5829003765	-0.0168059	0.628397	0.438967	-0.00978863	-0.00177534	-0.00392682	0
784.1640292348	689.7091067868	-0.0552298	0.59122	0.412264	-0.00902145	-0.00180166	-0.00457444	0
783.9580957756	691.4109784393	-0.0461029	0.681682	0.412145	-0.00928594	-0.00181441	-0.00425279	0
781.7819957929	687.3319185873	-0.0463721	0.803349	0.427793	-0.0101067	-0.00167559	-0.0044921	0
788.7669900562	688.6247969514	-0.0451944	0.892892	0.43105	-0.00999525	-0.00170483	-0.00451451	0
786.1818948342	688.495509115	-0.0507176	0.893132	0.449357	-0.0100462	-0.00177244	-0.00446677	0
785.3872671682	686.9334461681	-0.0413828	0.921725	0.433576	-0.0102798	-0.0017911	-0.0042698	0
787.9703181441	688.4232276621	-0.0319734	0.867645	0.439212	-0.009813	-0.00124193	-0.0042779	0
783.401136056	684.9764764523	-0.0421177	0.773004	0.422092	-0.00899706	-0.00170039	-0.00466325	0
785.1443912615	690.4833811329	-0.0296957	0.671346	0.422862	-0.00910077	-0.00179171	-0.00411653	0
783.4641669777	688.5902849788	-0.031293	0.688033	0.442674	-0.00926835	-0.00124193	-0.00403804	0
781.6414782092	685.1975027467	-0.0710582	0.692174	0.428164	-0.00918291	-0.00116819	-0.00501755	0
780.0804529425	689.0289039784	-0.102737	0.669572	0.459198	-0.00925524	-0.00103956	-0.00465562	0
785.8559835974	690.6214290236	-0.113746	0.707942	0.512233	-0.0102186	-0.000722575	-0.00504827	0
783.2155477129	690.041196483	-0.0910311	0.829858	0.550273	-0.0121557	-0.000382804	-0.004955	0
779.7312275656	689.4881685331	-0.0829426	1.04397	1.13278	-0.0332964	-0.00265705	-0.00376317	0
778.6124408739	687.3299376705	-0.0921835	1.03966	1.12172	-0.0331843	-0.00268722	-0.00389718	0
785.4733688674	689.1313393871	-0.092486	0.786409	0.479056	-0.0112462	-0.000654684	-0.00437678	0
782.5696632876	688.6932926523	-0.0953156	0.599272	0.487558	-0.0097741	-0.000876078	-0.00445736	0
786.7611952433	698.1722876777	-0.110821	0.570871	0.418671	-0.0108899	0.000387133	-0.00389543	0
789.3474099335	687.1566294608	-0.0661593	0.977174	0.89072	-0.0345852	0.000488981	-0.00334973	0
788.0286278307	691.4827756682	-0.0794766	0.692917	0.454496	-0.010412	0.00149008	-0.00400407	0
793.5672206271	700.8441482561	-0.0874794	0.358394	0.746125	-0.00902286	0.00276386	-0.00233839	0
803.8413582067	702.545711766	-0.148475	0.320797	0.738379	-0.00851074	0.00192971	-0.0030288	0
793.8646584359	694.8906568883	-0.117076	0.607635	0.87038	-0.011817	0.00202538	-0.00248955	0
788.7909856117	696.5239007788	-0.101147	0.919657	1.50879	-0.0324108	-0.000643205	-0.00266196	0
784.3477193494	689.2439875224	-0.0148999	1.06161	1.59807	-0.0327605	-0.00124156	-0.0034416	0
786.0257046969	694.8649930106	-0.00765947	0.57754	0.498568	-0.00921073	0.00167323	-0.00567699	0
782.0862964279	684.3497583975	-0.150805	0.892515	1.29207	-0.0359251	0.000410681	-0.00521052	0
788.0850879613	690.4146213098	-0.129061	0.91341	0.970167	-0.0361913	6.20737e-05	-0.00540077	0
781.9486991958	688.2352166476	-0.060229	1.05675	0.891341	-0.036149	-0.000599532	-0.00497798	0
785.4872405374	688.7058824791	-0.0473972	1.17446	0.863297	-0.035265	-0.00129938	-0.00463901	0
788.6223353077	685.2809653745	-0.0689818	1.18875	0.870279	-0.0360493	-0.00146043	-0.00461895	0
775.4947221955	685.4933636757	-0.0773949	1.2915	0.891971	-0.0361315	-0.00116142	-0.00479001	0
780.2231607899	686.3845561334	-0.0861052	1.16036	0.832918	-0.0359459	-0.000696002	-0.00438567	0
788.5200743298	685.5541998316	-0.081034	1.09248	0.836435	-0.036206	-0.00125715	-0.00396082	0
784.0316886355	686.170485058	-0.0763814	1.02686	0.889454	-0.0355064	-0.00106392	-0.00348998	0
789.6866087699	689.1046190205	-0.0779723	0.979249	0.930856	-0.0358227	-0.00112122	-0.00365142	0
787.4086371895	691.3566132783	-0.0819006	0.964217	0.896158	-0.0349312	-0.00151479	-0.00393989	0
788.1007605148	690.3719655681	-0.0890885	0.994904	0.881554	-0.0344492	-0.00171052	-0.00386126	0
781.319509447	689.5209196909	-0.0751755	1.05352	0.875357	-0.0350809	-0.00160356	-0.00362309	0
785.0882718385	683.4598425307	-0.0824715	1.15687	0.918343	-0.0352011	-0.00186823	-0.00428941	0
787.993242904	685.2506793577	-0.0904625	1.16331	0.890696	-0.0351018	-0.000974465	-0.00449254	0
787.0663233113	686.9354270849	-0.0799538	1.23137	0.93683	-0.0360976	-0.00132468	-0.00422891	0
785.0703603488	686.0918646712	-0.085064	1.21067	0.910671	-0.036305	-0.00135148	-0.00421567	0
783.2058132076	688.907275687	-0.105849	1.11446	0.914649	-0.0357823	-0.00164371	-0.00450233	0
787.9444243601	693.2489610861	-0.0940756	0.95429	0.908495	-0.0350984	-0.00127945	-0.00419051	0
786.3934743064	686.8424120361	-0.104916	0.939379	0.8987	-0.0346827	-0.00130606	-0.00390223	0
791.1608995945	691.0521683764	-0.10467	0.968225	0.889159	-0.034015	-0.00132947	-0.00427875	0
790.5797496293	688.5901088973	-0.0937478	1.03464	0.907029	-0.0345543	-0.00116558	-0.00396534	0
787.0845268362	689.1752276993	-0.0940269	1.08379	0.970881	-0.0348017	-0.00121701	-0.00388674	0
787.539614958	686.9974077706	-0.100371	1.11216	0.963221	-0.0355366	-0.00110477	-0.00410657	0
784.6726571356	693.7669488188	-0.114833	1.2409	0.912648	-0.0361055	-0.00111806	-0.00496517	0
782.2706192854	693.6098401065	-0.0872862	1.26639	0.890646	-0.0364369	-0.00122456	-0.00448262	0
787.6775528978	691.8306686784	-0.0830599	1.14091	0.863762	-0.0363218	-0.000965613	-0.00424966	0
787.0041198226	693.1404068455	-0.073808	0.980538	0.887264	-0.0356808	-0.00143301	-0.00371154	0
790.1964048114	691.229702542	-0.0706579	0.962784	0.868671	-0.0354609	-0.00103632	-0.00340604	0
790.9408024301	692.5214363764	-0.0644114	1.07129	0.917031	-0.0347992	-0.00105963	-0.00375403	0
790.5777053832	691.2735908542	-0.0685009	0.916089	0.946761	-0.0342511	-0.00237768	-0.00379894	0
788.3510833181	693.4690189322	-0.034884	0.974566	0.963611	-0.0345244	-0.00137526	-0.00315414	0
789.1130517189	687.8602070874	-0.0630423	1.05704	0.952778	-0.0349027	-0.00190857	-0.00401019	0
786.6875537109	688.3311810615	-0.0879583	1.1073	0.929346	-0.0347799	-0.00195776	-0.0041679	0
791.06968728	688.0467214091	-0.0692255	1.18357	0.981986	-0.0352309	-0.00144608	-0.00359621	0
782.1466503606	689.5275667673	-0.0913928	1.18076	0.933403	-0.0348618	-0.00191512	-0.00416321	0
785.0627187622	690.1488262958	-0.0958855	1.17104	0.951083	-0.0353596	-0.00180732	-0.00447129	0
783.9432993276	689.094538355	-0.0806454	1.10696	0.943279	-0.0350408	-0.00163491	-0.00379344	0
784.0423965913	686.0412852623	-0.099288	0.998403	0.959011	-0.0344813	-0.0019286	-0.00454876	0
785.2681654961	688.8983835715	-0.111781	0.925742	0.992803	-0.0347038	-0.00195076	-0.00458902	0
785.5291962552	693.720507325	-0.100247	0.921094	0.992439	-0.0344151	-0.00182198	-0.00408382	0
782.9362160839	689.9890323407	-0.0958698	0.940873	1.02898	-0.0343425	-0.00172513	-0.00358601	0
788.54358316	684.6003223624	-0.0946909	1.00008	1.00292	-0.0338471	-0.00148787	-0.00427025	0
777.8646361783	684.1123565243	-0.117704	1.13933	1.01621	-0.0349695	-0.00171513	-0.00425672	0
782.2881413949	685.7623281566	-0.11095	1.2201	1.00342	-0.035007	-0.00195809	-0.00490692	0
780.4855057072	683.5428649548	-0.0991326	1.20292	0.993037	-0.0350541	-0.00224179	-0.00430117	0
783.9041666163	688.9234751843	-0.0781926	1.10242	0.996312	-0.0349051	-0.00226123	-0.00421028	0
784.2148433523	686.0722315847	-0.101172	1.05395	0.980876	-0.0344312	-0.00209728	-0.00410716	0
787.6686458255	691.3489977537	-0.0753197	0.949376	0.973805	-0.034234	-0.00198144	-0.00388815	0
788.2309108504	684.2033466359	-0.0778454	0.957012	1.01052	-0.0343122	-0.00190886	-0.0035289	0
787.6949776623	689.2558290028	-0.0875787	0.743853	0.384777	-0.0118522	-9.47957e-05	-0.00466613	0
782.2370352422	685.1853531237	-0.0773364	0.973265	0.99705	-0.0339533	-0.00210762	-0.00365499	0
790.8388334873	686.69547203	-0.11517	0.833475	0.422565	-0.0122329	-0.000313467	-0.00537445	0
788.273499311	687.1071065409	-0.0652779	1.08314	1.00926	-0.0345779	-0.00173931	-0.00335784	0
788.1298666856	690.1301616575	-0.10554	1.18507	1.0256	-0.0345147	-0.00205603	-0.00461673	0
786.6546024105	694.5980974872	-0.114264	1.17015	1.00811	-0.0344392	-0.00296623	-0.00416705	0
787.1094958422	692.9586907445	-0.107926	1.18247	0.99334	-0.0348283	-0.00248643	-0.00389666	0
790.785634416	692.1310637059	-0.110703	1.09093	0.975705	-0.0349941	-0.00246754	-0.00438293	0
788.9910783677	692.7937464057	-0.109869	0.996106	0.943297	-0.0344224	-0.00191651	-0.00420076	0
786.6355714527	687.8477053014	-0.113773	0.954753	0.957661	-0.034219	-0.00173126	-0.00442958	0
788.1684153265	689.1236798421	-0.100544	0.918791	0.956741	-0.0340068	-0.00148336	-0.00413303	0
789.4925027347	689.5486965464	-0.105561	0.987973	0.971856	-0.0341534	-0.00177788	-0.0039922	0
785.3560194062	690.5494997336	-0.126273	0.872299	0.374852	-0.0116447	-0.000265829	-0.00531657	0
786.9988631897	685.1479798267	-0.115939	0.932327	0.409402	-0.0123043	-9.47958e-05	-0.00479389	0
784.3586706678	685.0915897285	-0.104731	1.14093	0.988099	-0.0347058	-0.00154188	-0.00413908	0
785.2054752821	687.2648315384	-0.102525	1.19894	0.974324	-0.0352021	-0.00221763	-0.00425735	0
777.5515744885	688.5119287143	-0.101089	1.21531	0.957746	-0.0352458	-0.0021892	-0.00415279	0
785.3034044052	685.6915874167	-0.0808612	1.05297	0.89284	-0.0349036	-0.00163247	-0.00346143	0
785.2268425212	688.1525023662	-0.0750516	0.986051	0.950967	-0.0344398	-0.00182207	-0.00377849	0
791.2368287357	690.3750910146	-0.115902	0.689517	0.382782	-0.0122699	-0.000755717	-0.00433866	0
789.0369278876	687.5520204539	-0.0916145	0.871731	1.01707	-0.034295	-0.00218626	-0.0036608	0
794.1925652462	688.9831668105	-0.0965182	0.941076	1.00667	-0.0341168	-0.00249741	-0.0033348	0
792.292973886	691.6952179897	-0.109936	1.04971	0.998121	-0.034248	-0.00198041	-0.00362152	0
794.419914617	687.6300245554	-0.138061	1.15872	1.0041	-0.0344956	-0.00245064	-0.00423095	0
787.5676016607	691.9113580227	-0.127904	1.20907	1.00871	-0.0353806	-0.00215296	-0.0043015	0
784.3021618647	691.821776563	-0.132175	1.23629	0.982578	-0.0348689	-0.00188957	-0.00474572	0
789.2993214774	692.4411872358	-0.102082	1.13012	0.945635	-0.035223	-0.00149116	-0.0038116	0
788.5341893624	691.0448609945	-0.120356	1.02007	0.938637	-0.034999	-0.00188524	-0.00433365	0
790.1148296572	691.6022909817	-0.115353	0.892006	0.970061	-0.0345572	-0.00140121	-0.00327491	0
789.1715560956	695.924431335	-0.117446	0.616597	0.380925	-0.011506	0.000100187	-0.00366784	0
792.1283634017	692.2257955492	-0.101711	0.953048	0.946355	-0.0342308	-0.00144057	-0.00289772	0
784.5281970773	688.2510199617	-0.115007	1.09903	0.944855	-0.0342987	-0.00232902	-0.00368701	0
787.9836057438	686.8682079749	-0.140168	1.16675	0.936991	-0.0344958	-0.0021885	-0.00419037	0
789.6933742511	689.658659439	-0.127913	1.21353	0.935006	-0.0346995	-0.00256039	-0.00406007	0
787.8528713379	688.4116062835	-0.129241	1.19371	0.954039	-0.0353246	-0.0022654	-0.00411505	0
785.7517270459	691.414015845	-0.125263	1.08634	0.939846	-0.0352116	-0.00217912	-0.00407312	0
790.7919131719	687.8241984221	-0.122155	0.975076	0.978932	-0.0338823	-0.0024672	-0.00406501	0
791.3039481496	689.6265245665	-0.129842	0.878894	0.984949	-0.0338693	-0.00247778	-0.00332444	0
789.80663522	693.1269806316	-0.129133	0.885156	0.963334	-0.0332285	-0.00280505	-0.00392485	0
793.1960926133	691.690771932	-0.139964	0.763415	0.424679	-0.0119177	-0.000519779	-0.00459091	0
786.7771111595	691.199284464	-0.157025	1.04451	0.995893	-0.0341625	-0.00259618	-0.00421235	0
782.7359286377	690.1248351923	-0.13117	1.16413	1.00583	-0.0347839	-0.00226478	-0.00390492	0
786.1746426277	691.9953048746	-0.124005	1.20869	0.999879	-0.0352129	-0.00217432	-0.00405176	0
787.0316684725	690.8984932532	-0.126482	1.1409	0.961948	-0.0345904	-0.00256187	-0.00406377	0
780.1950280697	690.2347100441	-0.134337	1.06166	0.985377	-0.0346047	-0.00262055	-0.004323	0
788.2478488896	692.9682871858	-0.169686	0.806481	0.407938	-0.0124245	-0.000716146	-0.00520186	0
791.0066563584	687.1752500787	-0.145917	0.96016	1.0209	-0.0343299	-0.00241468	-0.00431593	0
789.59914424	692.6223750924	-0.163547	0.7718	0.41397	-0.0116482	-0.00100005	-0.00478184	0
784.1364805848	688.6454865269	-0.137386	1.01966	0.971417	-0.0342357	-0.00221795	-0.00407357	0
787.9130792531	687.1086032335	-0.144931	1.11236	1.01915	-0.0343396	-0.00241642	-0.00378809	0
785.0542497426	688.7510473821	-0.151881	1.12425	1.02531	-0.0344385	-0.00257336	-0.00407506	0
785.3883866363	688.671326486	-0.154008	1.17561	1.00335	-0.034817	-0.00267874	-0.00421134	0
778.1801801669	686.8377898969	-0.139273	1.15097	0.9849	-0.035038	-0.00205489	-0.00402981	0
785.0151170314	684.6542473197	-0.138009	1.04882	0.967006	-0.034759	-0.00227683	-0.00363083	0
786.2908239482	688.4459861951	-0.146073	0.99076	0.964793	-0.0341659	-0.00231401	-0.00422024	0
783.9319099564	687.5582713469	-0.163254	0.957985	0.977423	-0.0347819	-0.00229735	-0.00441262	0
781.2206555459	685.5944784732	-0.15277	0.910506	0.981181	-0.0334556	-0.00286527	-0.00380402	0
783.0938177243	688.6893748391	-0.132076	0.984449	0.989334	-0.0332064	-0.00251567	-0.0033263	0
783.1353353894	685.2671429773	-0.151481	1.03644	1.00348	-0.0339189	-0.00261605	-0.00404091	0
779.5551303651	684.8971077192	-0.162373	1.07241	0.982058	-0.0338076	-0.00263802	-0.00434362	0
783.4008440209	685.4457776522	-0.153716	1.1747	0.980388	-0.0347127	-0.00259708	-0.00437119	0
782.3603227515	685.7800683671	-0.146967	1.19523	0.954979	-0.0347347	-0.0027642	-0.00447112	0
780.4367845083	685.4663791869	-0.149638	1.19713	0.925266	-0.0351591	-0.00257373	-0.00475713	0
780.8555629254	688.7356842718	-0.137268	1.0902	0.950953	-0.0346732	-0.00279543	-0.00386254	0
784.2887282474	690.9170258304	-0.169474	0.929546	0.94183	-0.0343043	-0.00304945	-0.00432454	0
791.7207796657	686.9761459303	-0.149339	0.892938	0.935216	-0.0337809	-0.0030344	-0.00383252	0
785.8703419927	690.8665784826	-0.13833	0.868792	0.969224	-0.0336996	-0.00294669	-0.00356694	0
781.6276552117	688.2650624608	-0.15308	0.936892	0.960879	-0.0339106	-0.00265789	-0.00406039	0
784.0549541031	686.3757520587	-0.166266	1.0195	0.989521	-0.0341609	-0.0028186	-0.00423054	0
783.6644057513	687.5583153673	-0.164406	1.06702	0.949687	-0.0341724	-0.00273163	-0.00425264	0
784.3778963158	680.712707114	-0.181971	1.18327	0.988991	-0.034385	-0.0027183	-0.00504355	0
778.3493171962	684.7666313328	-0.16508	1.20106	0.968948	-0.0350958	-0.00289721	-0.00445939	0
777.69725136	690.3562943152	-0.179095	1.17168	0.918995	-0.0343825	-0.00277709	-0.00472213	0
784.322068928	686.6470936398	-0.175708	1.14034	0.965348	-0.0350175	-0.0028509	-0.0051196	0
789.3793877833	685.4139949426	-0.168419	1.01019	0.94739	-0.0348353	-0.0027494	-0.00469914	0
784.8132233919	689.9203605583	-0.163349	0.909575	0.936696	-0.0342505	-0.00297571	-0.00385698	0
782.7378755388	688.7832702953	-0.153191	0.860685	0.950305	-0.0335849	-0.00275948	-0.00339476	0
786.5488856832	688.2455614354	-0.172945	0.887583	0.98915	-0.0343142	-0.00273335	-0.00423573	0
782.0088097659	686.5914959083	-0.168933	0.962695	0.95387	-0.0342226	-0.00280582	-0.00438069	0
785.8498508591	687.472079456	-0.157943	1.0712	0.978714	-0.0342603	-0.00240843	-0.00395329	0
781.0023105925	687.6908607113	-0.191057	1.18763	0.989896	-0.0348172	-0.00279092	-0.00522191	0
786.6634608103	682.8264773995	-0.162297	1.24717	0.968058	-0.0355646	-0.0025854	-0.00408002	0
782.5459597672	690.2231326859	-0.168758	1.20957	0.931908	-0.0356855	-0.00299067	-0.00448915	0
784.9265330333	688.8471878774	-0.153995	1.10359	0.912621	-0.0351976	-0.00298495	-0.00408904	0
787.8569111576	689.348183746	-0.15824	0.950536	0.932539	-0.0346085	-0.00243711	-0.00375028	0
792.6982213408	692.8844723951	-0.150734	0.822433	0.927333	-0.03408	-0.00237498	-0.00308454	0
783.8032684691	688.2673074998	-0.18745	0.885271	0.923093	-0.0348441	-0.00216081	-0.00379594	0
787.3262346023	682.3567359959	-0.170639	1.03999	0.94745	-0.0351785	-0.00232881	-0.00372952	0
786.7787173528	685.9414470556	-0.150841	1.11457	0.946133	-0.0354507	-0.0022206	-0.003665	0
782.7761808171	689.5503253003	-0.173087	1.20679	0.944401	-0.0356732	-0.00272487	-0.0043591	0
784.7531128218	689.5422695719	-0.17725	1.23121	0.921241	-0.0356676	-0.0026804	-0.00463803	0
781.1547042727	689.0640322363	-0.138471	1.13378	0.912421	-0.0362105	-0.00220303	-0.00356008	0
790.6323159578	688.6985310767	-0.157843	1.04807	0.90506	-0.0351006	-0.002665	-0.00387916	0
792.2655712536	693.8261562209	-0.148725	1.06536	0.85134	-0.0359745	-0.00249384	-0.00325906	0
788.237432969	684.0208821885	-0.131084	1.1608	0.797864	-0.0360667	-0.00221694	-0.00358962	0
790.4862983786	687.6248301513	-0.136501	1.1868	0.808399	-0.0362945	-0.00204123	-0.00376074	0
784.3595954458	687.6038764536	-0.134022	1.20847	0.816469	-0.0361842	-0.0021616	-0.00378131	0
784.043759422	682.8603290666	-0.159425	1.20635	0.805482	-0.0361214	-0.00243434	-0.00418643	0
789.3486267466	690.5248923449	-0.137041	1.24853	0.757124	-0.0376141	-0.0022896	-0.00394071	0
778.7013169071	686.2159140832	-0.148624	1.25965	0.575351	-0.0405752	-0.00239441	-0.00489955	0
780.7893682895	685.571103655	-0.150769	1.19074	0.499558	-0.0398507	-0.00299435	-0.00472667	0
787.5125530333	687.0396233086	-0.137054	1.13443	0.548385	-0.0395325	-0.00322287	-0.00419373	0
783.7418437408	688.2675276017	-0.131738	1.07307	0.561469	-0.039763	-0.00260334	-0.00427608	0
788.4432690831	687.7009853972	-0.142654	1.17957	0.542949	-0.0404125	-0.0035571	-0.00491154	0
786.6735846958	685.349769218	-0.116694	1.21399	0.509327	-0.0395542	-0.00324049	-0.00390338	0
782.9562204922	683.8747345491	-0.129998	1.25522	0.571441	-0.0402748	-0.00316049	-0.00478342	0
777.4843577296	683.1006362845	-0.145228	1.2774	0.590687	-0.0394474	-0.00315268	-0.0050858	0
781.8151904559	689.7202879616	-0.120958	1.29209	0.596355	-0.0402179	-0.00309089	-0.00416485	0
783.2073707284	689.8551663854	-0.144077	1.25492	0.588272	-0.0410641	-0.00307354	-0.00471063	0
791.4447090959	689.9360318112	-0.135136	1.18413	0.592296	-0.0408875	-0.00300731	-0.00472896	0
785.1013160756	687.7282780286	-0.137468	1.07648	0.539994	-0.0406871	-0.00309794	-0.00423906	0
788.9305297449	690.9982874395	-0.16372	1.01125	0.598245	-0.0393486	-0.00298679	-0.00433626	0
788.5663132298	693.8808735449	-0.149857	0.99844	0.591288	-0.0398215	-0.00248064	-0.00383763	0
789.1035605762	688.8572685429	-0.154633	1.06157	0.591772	-0.0389721	-0.0024844	-0.00434264	0
787.5946635854	689.6175884307	-0.174324	1.15112	0.620544	-0.0393787	-0.00317144	-0.00454841	0
781.53707564	691.3312575432	-0.150754	1.24539	0.657006	-0.039211	-0.00255859	-0.00451264	0
779.0126263859	690.767576663	-0.148077	1.2872	0.669349	-0.0403482	-0.00258322	-0.00438137	0
786.1713328959	691.9330600667	-0.117137	1.32643	0.621854	-0.0404771	-0.00255166	-0.00356947	0
784.450321035	691.1579493335	-0.14732	1.22486	0.582984	-0.0399191	-0.00329365	-0.0044651	0
783.4524855714	690.6426468436	-0.136885	1.10531	0.584804	-0.0393072	-0.00298616	-0.00392184	0
787.7017431434	685.75801416	-0.155611	1.04938	0.59332	-0.0389723	-0.0025386	-0.00462797	0
795.7682896158	689.68000932	-0.150432	1.03268	0.613037	-0.038408	-0.00342244	-0.00433151	0
781.6575401429	686.6423394395	-0.129835	1.06649	0.61915	-0.0387156	-0.00280332	-0.00405187	0
780.6210100207	688.9323232794	-0.155361	1.15512	0.604012	-0.0389474	-0.00322318	-0.0044299	0
787.003049027	688.9625212555	-0.139612	1.23144	0.608963	-0.0388501	-0.00303233	-0.00457783	0
781.8652744855	691.880147578	-0.154888	1.29226	0.609715	-0.0390373	-0.00289439	-0.0046113	0
785.2621301028	689.1583238759	-0.161078	1.29536	0.610374	-0.0400588	-0.00370869	-0.00460798	0
783.085738085	686.0229287666	-0.138481	1.25821	0.581954	-0.0396893	-0.00337371	-0.00415329	0
780.4492446751	686.2310130713	-0.137755	1.1573	0.577086	-0.0391743	-0.00311995	-0.00454486	0
787.3001461281	692.2993976134	-0.119847	1.0733	0.574213	-0.0391875	-0.00313662	-0.00418575	0
782.2913051091	686.3917754746	-0.110028	0.995174	0.598298	-0.0381883	-0.00325647	-0.00336853	0
787.9003270511	689.4490784416	-0.108832	1.03426	0.687263	-0.0382958	-0.00310032	-0.00398288	0
784.3085379656	684.3666182005	-0.128806	1.06813	0.674452	-0.0378692	-0.00301538	-0.00428504	0
782.7988135418	687.1679426968	-0.130163	1.14751	0.631342	-0.0380632	-0.00344536	-0.00421674	0
781.0486468376	682.4619446882	-0.126785	1.22792	0.63604	-0.0382046	-0.00320287	-0.00432816	0
781.8686328899	685.2372971642	-0.135666	1.3013	0.664389	-0.0386033	-0.00372278	-0.00449249	0
779.2096041002	683.9404569665	-0.143034	1.28646	0.664797	-0.0379583	-0.0031519	-0.00446627	0
780.8267487898	684.249700089	-0.144775	1.2681	0.655182	-0.0387238	-0.00388711	-0.00477928	0
773.5418830914	687.9690254502	-0.14437	1.22886	0.616894	-0.0392377	-0.00341091	-0.00474809	0
780.3852889754	686.452083386	-0.130675	1.07479	0.636465	-0.0383774	-0.00339054	-0.00441104	0
782.3237210117	686.8764838051	-0.125371	0.968843	0.659375	-0.037754	-0.00365095	-0.0041276	0
783.4657244985	688.6033590296	-0.138691	0.917259	0.698468	-0.0375595	-0.00349359	-0.00441615	0
782.4525085165	686.4085032164	-0.126354	0.960089	0.67549	-0.0374909	-0.00379918	-0.00415575	0
780.1058600013	687.3911259894	-0.127692	1.05794	0.687825	-0.037776	-0.00350995	-0.0041521	0
781.8352922093	685.3382358802	-0.151245	1.13995	0.690572	-0.0371472	-0.003517	-0.00454811	0
783.4388085914	683.5065921672	-0.123094	1.24164	0.702938	-0.0377227	-0.00365542	-0.00438005	0
780.8307886095	687.7266492748	-0.164084	1.30384	0.683296	-0.0380473	-0.00388045	-0.00531259	0
777.8733485605	683.2805915706	-0.139355	1.30671	0.696279	-0.0389862	-0.00290267	-0.0049404	0
779.5748914109	687.8164948567	-0.144669	1.21596	0.680023	-0.0383817	-0.0034385	-0.00469853	0
779.1595687431	689.7723200429	-0.137569	1.05529	0.666861	-0.0374263	-0.00292822	-0.00410588	0
780.1092670782	685.185397144	-0.132503	0.975628	0.719516	-0.037356	-0.00311048	-0.0040402	0
782.3646059339	689.219644256	-0.146636	0.943674	0.721889	-0.038033	-0.00313524	-0.00408116	0
772.5479414298	685.857412163	-0.152459	0.994018	0.733589	-0.037579	-0.00287738	-0.00437666	0
781.4602703934	683.6106563297	-0.181186	1.04451	0.720306	-0.0378622	-0.00373809	-0.00465383	0
780.597549863	683.081707524	-0.166358	1.11035	0.704385	-0.0373048	-0.0031788	-0.0049564	0
779.0485467104	683.0545469536	-0.18042	1.19887	0.699774	-0.0371146	-0.00364026	-0.00542392	0
778.1947332523	679.8601205237	-0.178145	1.22718	0.715171	-0.0375826	-0.0034544	-0.00530966	0
780.5002534827	682.7828091892	-0.170345	1.22971	0.704482	-0.0381149	-0.00331878	-0.00471833	0
780.6239790448	684.1297445717	-0.156344	1.18703	0.710306	-0.0381732	-0.00337824	-0.00445447	0
781.4105270714	682.9666822885	-0.162098	1.12787	0.713061	-0.0379777	-0.00393007	-0.00496992	0
783.4650917557	684.7591918897	-0.168791	1.0256	0.715274	-0.037688	-0.00342055	-0.00458815	0
783.9980559198	685.5626077229	-0.175016	0.980614	0.728239	-0.0376486	-0.00339076	-0.00470719	0
782.8239285655	684.7565506673	-0.17887	1.04197	0.730517	-0.0376099	-0.00322361	-0.00512227	0
778.5573922465	684.1240659436	-0.17788	1.04617	0.708002	-0.0369295	-0.0036211	-0.0048053	0
780.7043373859	681.6157850724	-0.191694	1.14641	0.708421	-0.0374638	-0.00375678	-0.00481422	0
776.082102244	681.0604240427	-0.167351	1.19477	0.730555	-0.0376828	-0.00355013	-0.00515833	0
779.4955551928	689.111398158	-0.160666	1.19485	0.70555	-0.0376397	-0.00344344	-0.00486726	0
773.6132370151	684.4734116261	-0.161047	1.25683	0.683159	-0.0388041	-0.00330889	-0.00508907	0
777.5815080922	688.136082767	-0.143829	1.18923	0.682462	-0.0391819	-0.00314805	-0.00409875	0
778.719617777	688.9904301721	-0.161317	1.08796	0.665447	-0.0381401	-0.00365416	-0.00454599	0
775.9566731435	687.3198129847	-0.148614	1.00145	0.676168	-0.0377182	-0.00357893	-0.00447216	0
783.8279941125	685.6509125918	-0.150494	0.997303	0.682686	-0.0377005	-0.00301118	-0.00430702	0
783.0224638006	682.4977332517	-0.164163	1.03612	0.695749	-0.0380026	-0.00331338	-0.00459357	0
784.3318521058	683.753502441	-0.148823	1.11419	0.676079	-0.0378226	-0.00347862	-0.00404171	0
781.6723852634	685.3896516762	-0.162791	1.18446	0.691083	-0.0380265	-0.00319921	-0.00453485	0
776.4285532869	687.1448760212	-0.167189	1.24721	0.719744	-0.038387	-0.00332971	-0.00478965	0
781.521257069	690.8213695592	-0.147819	1.28063	0.682576	-0.0395401	-0.00333991	-0.00430437	0
778.8110247816	688.1743804917	-0.149499	1.24476	0.669776	-0.0394887	-0.00306529	-0.0046811	0
784.8627233512	689.9891203814	-0.145033	1.11928	0.613863	-0.0393064	-0.00352768	-0.00401417	0
785.1273072047	688.3151576456	-0.121347	1.10905	0.619656	-0.0384617	-0.00305248	-0.00397105	0
787.7302652439	686.1865965146	-0.101771	1.10092	0.63139	-0.0394414	-0.00257023	-0.00357702	0
786.3856380297	689.297472276	-0.114523	1.11158	0.621735	-0.0389971	-0.00294238	-0.00404826	0
788.2554904763	687.0082367824	-0.101705	1.14223	0.587776	-0.0389468	-0.0031294	-0.00390524	0
784.6170731105	687.2612658882	-0.0838972	1.23915	0.595939	-0.0394122	-0.00305341	-0.0036064	0
778.2008659907	688.2085843218	-0.115225	1.28077	0.606915	-0.0391904	-0.00308294	-0.00431407	0
779.828621291	690.7966301094	-0.110771	1.30023	0.647241	-0.0403968	-0.00343611	-0.00419361	0
785.4944927438	689.9577338552	-0.0971248	1.28506	0.620625	-0.0399051	-0.00315674	-0.003531	0
779.4662056594	686.8157356899	-0.113848	1.18229	0.578992	-0.0403709	-0.00262337	-0.00405237	0
782.2485706309	686.6983333543	-0.121952	1.10848	0.608103	-0.0393893	-0.0034084	-0.00356788	0
791.6728858997	689.9882839943	-0.120224	1.03359	0.624511	-0.0388121	-0.00336086	-0.00375685	0
788.422826622	686.3168527992	-0.123166	1.01936	0.629343	-0.0390583	-0.00300663	-0.00307586	0
789.1720914934	690.6605191151	-0.151059	1.10994	0.602486	-0.0391953	-0.00262719	-0.00377833	0
787.94422967	686.1077120056	-0.133581	1.20767	0.612475	-0.0383298	-0.00290523	-0.00374054	0
784.1947902714	690.2402125908	-0.154452	1.30118	0.643637	-0.0388918	-0.00370153	-0.00383675	0
785.9574171424	691.2522409731	-0.143345	1.31268	0.639211	-0.0393598	-0.00322366	-0.00392518	0
783.2527821956	693.9512621218	-0.146831	1.35203	0.603437	-0.0396157	-0.00343077	-0.00382716	0
787.6774555528	687.6684543413	-0.125405	1.2656	0.595865	-0.0393805	-0.00332957	-0.00355333	0
782.7533534022	690.5124345793	-0.146298	1.12027	0.604565	-0.0392079	-0.00308097	-0.00378943	0
788.0304287142	689.0502538595	-0.135365	1.03844	0.663434	-0.0382138	-0.00327718	-0.00387439	0
784.8142455149	687.4083819758	-0.165248	0.981433	0.651227	-0.0376943	-0.00353291	-0.00396817	0
784.7176792225	688.66943361	-0.143321	1.06375	0.63781	-0.0378832	-0.00351426	-0.00371056	0
780.4350809699	684.9475110467	-0.126627	1.15042	0.684692	-0.0374311	-0.00370671	-0.00317194	0
783.8304764114	684.0796053665	-0.14522	1.18236	0.700146	-0.0377042	-0.003068	-0.00397256	0
781.6037570012	685.1136439355	-0.17124	1.27738	0.711063	-0.0382646	-0.00312859	-0.00470563	0
784.9892232473	691.6346019357	-0.148438	1.37147	0.667483	-0.039859	-0.00340868	-0.00431237	0
779.6950638785	689.8673600288	-0.153176	1.25758	0.631462	-0.0392152	-0.00329885	-0.00422062	0
778.1770651252	685.7606994028	-0.141405	1.1464	0.629825	-0.038651	-0.00360813	-0.00403271	0
780.1947847071	685.8974266823	-0.143332	1.03193	0.6399	-0.0384419	-0.0035481	-0.0038764	0
779.8672186044	687.2183460242	-0.151638	1.03058	0.662607	-0.0380296	-0.00281226	-0.00410968	0
786.9446906679	689.3461147885	-0.143274	1.04826	0.679435	-0.0375867	-0.00367081	-0.00367756	0
784.9892719198	684.7535132615	-0.156581	1.12063	0.698705	-0.0377808	-0.00319533	-0.00401482	0
781.0540981606	690.4351348038	-0.154524	1.22282	0.668121	-0.0387949	-0.00301424	-0.00445229	0
780.5807091689	692.7592784534	-0.162666	1.32767	0.708147	-0.0397049	-0.00315319	-0.00438345	0
778.8505955455	685.9576905734	-0.169134	1.30515	0.623597	-0.040179	-0.00340873	-0.00433213	0
783.4413395628	688.3062655302	-0.134809	1.2049	0.663973	-0.0400746	-0.00326811	-0.00375772	0
785.5653599423	692.3262940615	-0.154736	1.06386	0.71028	-0.0386292	-0.0030723	-0.0036397	0
784.9768604256	690.0391715459	-0.143662	0.998614	0.695807	-0.038491	-0.00350396	-0.00346792	0
787.0182835278	689.1102976487	-0.108913	1.0416	0.681731	-0.0383202	-0.00266233	-0.00321944	0
787.8059023499	692.5026836974	-0.139079	1.13611	0.628815	-0.0386843	-0.00294841	-0.00362972	0
788.6236981385	686.8737545419	-0.137626	1.25918	0.648485	-0.03888	-0.0032007	-0.00359305	0
784.9177719786	692.2446802894	-0.141206	1.32658	0.655519	-0.0394935	-0.0034734	-0.00380215	0
782.8281144027	687.1131813524	-0.137469	1.36828	0.618904	-0.0400381	-0.00310641	-0.0038068	0
782.7891763816	691.4266937126	-0.125438	1.32557	0.62872	-0.0399773	-0.00315257	-0.00385229	0
780.5067756013	691.1925493469	-0.0980199	1.1562	0.612998	-0.0394313	-0.00257847	-0.00294216	0
789.6325335931	691.3357036009	-0.125697	1.02971	0.631094	-0.0388164	-0.00370024	-0.00374342	0
786.6136688158	693.062754907	-0.0997314	0.987668	0.652877	-0.0385317	-0.00268694	-0.00313475	0
785.7175589323	690.387988984	-0.125993	1.01672	0.630652	-0.0380934	-0.00333801	-0.00355932	0
786.8375137647	686.8901741412	-0.101876	1.08124	0.69007	-0.0380411	-0.00315599	-0.0032643	0
783.7452021451	686.7409450757	-0.131535	1.16907	0.660654	-0.0375324	-0.0036259	-0.00392975	0
784.3871440958	688.2519884099	-0.140744	1.27465	0.68086	-0.0380479	-0.00341371	-0.00432024	0
783.0199815018	683.6632606758	-0.140715	1.30437	0.647465	-0.0385095	-0.00319045	-0.0038756	0
782.0589911406	688.9778843657	-0.11894	1.35691	0.676641	-0.039159	-0.00307859	-0.00360448	0
780.3693243867	689.2572376548	-0.131711	1.33766	0.641056	-0.0395928	-0.00327625	-0.00391685	0
783.9046046691	684.7361692344	-0.109159	1.213	0.573957	-0.0393663	-0.0031979	-0.00350854	0
780.4867225204	688.6438577731	-0.115436	1.07919	0.616318	-0.0387818	-0.00371967	-0.00360788	0
784.7952145571	685.7256591857	-0.112512	1.01385	0.656484	-0.0379206	-0.00329841	-0.00347332	0
777.5149727487	689.4345076981	-0.147316	0.975008	0.672426	-0.0376836	-0.00349129	-0.00397909	0
786.5221157937	687.745534015	-0.129065	1.07249	0.637764	-0.038306	-0.00338926	-0.00297611	0
785.828580965	690.4016793201	-0.135227	1.18573	0.656543	-0.0375315	-0.00319415	-0.00392493	0
783.3991404824	683.4376122422	-0.138468	1.2894	0.675356	-0.0382945	-0.00356063	-0.00434099	0
779.8277451855	687.65414772	-0.143731	1.34554	0.663996	-0.039995	-0.00340124	-0.00407504	0
784.8267056817	691.0384780403	-0.122675	1.32366	0.613023	-0.0398402	-0.00320165	-0.00361805	0
786.3115097719	691.9361414929	-0.118872	1.23266	0.613539	-0.0399218	-0.00290474	-0.00359105	0
779.3192633022	685.484911764	-0.131796	1.09591	0.596596	-0.0390501	-0.00327869	-0.0038113	0
779.4358340029	687.3882206448	-0.138	1.01906	0.56586	-0.0384645	-0.00335527	-0.0035881	0
790.417816134	685.8652037691	-0.134196	1.06562	0.566096	-0.0387299	-0.0030696	-0.00369904	0
787.0470003183	683.3045386537	-0.143803	1.1143	0.562347	-0.0387808	-0.00365877	-0.00371296	0
778.4157551947	686.9860945346	-0.127006	1.21477	0.584471	-0.0390752	-0.00312602	-0.00386969	0
782.4085085527	685.6890342351	-0.125392	1.30145	0.603466	-0.0397422	-0.00311086	-0.00364485	0
782.9294019302	684.9185896614	-0.108927	1.33486	0.545688	-0.0408275	-0.00305746	-0.00370583	0
786.3597929181	688.1774619179	-0.119264	1.29098	0.588273	-0.0409173	-0.00298956	-0.00376602	0
784.4451130747	692.1141158622	-0.122392	1.13341	0.571378	-0.0394631	-0.00287139	-0.00339539	0
782.9864948036	686.3298388093	-0.113527	1.06595	0.590205	-0.0390586	-0.00321687	-0.00342144	0
783.1147469107	689.3656158139	-0.105337	1.08553	0.611471	-0.0389911	-0.00308544	-0.00330144	0
786.0238064684	686.0264063761	-0.127822	1.07235	0.605116	-0.038717	-0.00345508	-0.00345213	0
780.581001204	687.0651111047	-0.113273	1.15093	0.617443	-0.0385693	-0.00308238	-0.00365331	0
777.6984195007	684.642846043	-0.11884	1.18535	0.622024	-0.038318	-0.00315375	-0.00375829	0
780.8018771288	681.642153276	-0.133575	1.25778	0.594208	-0.0385294	-0.00344006	-0.00367595	0
776.5511593809	683.7904355343	-0.110027	1.33007	0.617605	-0.0396897	-0.00307228	-0.00360957	0
778.4339587196	687.817947529	-0.133955	1.29744	0.607346	-0.038606	-0.00304673	-0.0040519	0
778.3612906377	685.7986009442	-0.125851	1.27095	0.605356	-0.0393798	-0.00334775	-0.00369136	0
781.0205141174	684.9594845882	-0.121123	1.14121	0.545266	-0.0393105	-0.00348254	-0.00332775	0
781.9034824188	685.390928267	-0.111328	1.07205	0.579327	-0.0391845	-0.00345463	-0.00345831	0
784.8068472909	683.863157191	-0.140118	1.02678	0.587506	-0.0387417	-0.00327295	-0.00398202	0
780.902677931	685.5659972917	-0.121971	1.0005	0.621362	-0.038145	-0.00344161	-0.00337411	0
779.2993562389	680.0515211069	-0.107583	1.05578	0.598898	-0.0381591	-0.00345926	-0.00354301	0
776.577053165	684.228482269	-0.116531	1.1658	0.594907	-0.0386131	-0.0031832	-0.00398904	0
779.3509491169	684.1742491691	-0.0983836	1.22011	0.616404	-0.0383223	-0.00316643	-0.00309234	0
776.6937212108	680.4683500217	-0.123021	1.28771	0.565765	-0.0383805	-0.00347515	-0.00366699	0
780.7180143658	680.8029048589	-0.112189	1.2724	0.555782	-0.0388892	-0.00309166	-0.00369012	0
778.7262372406	685.0157866457	-0.100102	1.25224	0.512356	-0.0383589	-0.00350649	-0.00318123	0
784.1053788405	682.7593903506	-0.108575	1.20675	0.511708	-0.0388333	-0.00282141	-0.00289434	0
782.7433755343	681.5051618743	-0.10781	1.15304	0.520629	-0.0388815	-0.00329335	-0.00291949	0
777.581118712	680.0818951644	-0.112874	1.13616	0.510877	-0.0394814	-0.00335344	-0.0036282	0
779.6823603491	681.7638255878	-0.086563	1.10422	0.483467	-0.0391566	-0.00298046	-0.00266224	0
778.3874764569	683.7778897279	-0.104175	1.11195	0.514139	-0.0389248	-0.00343864	-0.00341716	0
778.6867638217	682.1099577832	-0.0896414	1.12671	0.565682	-0.0395244	-0.00268549	-0.00281971	0
780.1416829808	681.7828864095	-0.109715	1.16776	0.557982	-0.0389207	-0.00289997	-0.00320225	0
778.1054191664	683.2315968951	-0.110079	1.24691	0.567591	-0.0397931	-0.00306767	-0.00371823	0
775.7421733197	681.637311035	-0.095852	1.16264	0.520548	-0.0392672	-0.00344655	-0.00301696	0
776.2472481261	681.3748615693	-0.0894516	1.13071	0.544441	-0.038469	-0.00259954	-0.00289114	0
776.1652349191	686.0936695065	-0.109383	1.15605	0.573908	-0.0389374	-0.00309653	-0.00296211	0
781.2994563662	682.8891183907	-0.0810049	1.16726	0.541638	-0.0383411	-0.00252327	-0.00267617	0
783.7510428483	685.4099010479	-0.11167	1.17676	0.579127	-0.038355	-0.00283151	-0.00334532	0
778.5220073198	685.6398634781	-0.129724	1.20092	0.608281	-0.0388069	-0.00315072	-0.00365266	0
780.0998732806	683.9537511192	-0.129065	1.20442	0.584769	-0.0398104	-0.00300042	-0.00378936	0
782.8976187704	681.6420212149	-0.115689	1.18572	0.574111	-0.03996	-0.00268215	-0.00365125	0
777.7141893992	679.9102597289	-0.133818	1.066	0.547153	-0.0391697	-0.00331458	-0.00386749	0
782.6945083178	685.1390877113	-0.102839	1.01718	0.605866	-0.0382518	-0.00269051	-0.00340034	0
781.9904602234	687.5604283452	-0.103682	1.00286	0.626873	-0.0388874	-0.00235852	-0.00297769	0
778.5076489245	683.495014809	-0.123592	1.12241	0.622936	-0.038487	-0.00304115	-0.00400342	0
780.8155541087	683.2975394143	-0.12243	1.20391	0.624811	-0.0387713	-0.00317749	-0.00363045	0
775.2743816685	683.2697185384	-0.132655	1.28053	0.600832	-0.039439	-0.00299842	-0.00393195	0
776.9306103967	683.6957917316	-0.134316	1.33588	0.590144	-0.0406939	-0.00350128	-0.00408022	0
775.8205847597	686.4612396237	-0.128767	1.28238	0.553046	-0.0402355	-0.00317878	-0.0037635	0
778.4112773223	683.2599900359	-0.115159	1.18365	0.536591	-0.0396498	-0.00313927	-0.00360207	0
779.3596128266	679.5643916558	-0.0889958	1.07705	0.5775	-0.0394254	-0.00297494	-0.00313769	0
781.5641375647	683.2876348303	-0.125589	1.01513	0.546646	-0.0386811	-0.00352157	-0.00390439	0
781.2759962084	686.9800637435	-0.116798	1.05487	0.580457	-0.0386588	-0.00294857	-0.00305922	0
786.8274385518	683.5624540209	-0.127943	1.12869	0.593292	-0.0393417	-0.0029956	-0.0036451	0
780.4331827413	685.696341617	-0.140262	1.23837	0.573341	-0.0390474	-0.00267639	-0.0031501	0
775.9306820144	680.3191649766	-0.126565	1.34398	0.584061	-0.0404169	-0.00297164	-0.00352482	0
777.3224729068	685.4919110034	-0.122959	1.36831	0.597053	-0.0406731	-0.00342056	-0.00360338	0
781.0758061074	685.6968258411	-0.118548	1.2381	0.563644	-0.0399019	-0.00351601	-0.00368427	0
777.3936808129	688.8014507095	-0.115434	1.09559	0.608662	-0.0393388	-0.00310179	-0.00299903	0
780.6551781342	687.357230302	-0.124615	1.025	0.603896	-0.0385313	-0.00343382	-0.00356868	0
781.1536334771	684.0904343784	-0.129077	1.04327	0.640187	-0.0383269	-0.00341734	-0.00310015	0
785.0873957331	690.4641882502	-0.0979123	1.07456	0.606034	-0.0384622	-0.00310524	-0.00283689	0
782.5397296838	685.1676129132	-0.134316	1.17653	0.628277	-0.0388036	-0.0033671	-0.00319268	0
778.7452195259	684.4152166926	-0.108204	1.23395	0.641058	-0.038448	-0.00267115	-0.00298713	0
777.5311320274	688.2541013878	-0.107458	1.30783	0.63057	-0.0398787	-0.00265823	-0.00301046	0
773.121693171	687.982319603	-0.135707	1.32251	0.650854	-0.0401349	-0.002938	-0.00337284	0
781.3701288745	688.4681724632	-0.127392	1.27143	0.615819	-0.0405535	-0.002961	-0.00312302	0
780.6327400996	687.327868713	-0.117736	1.18198	0.610943	-0.039529	-0.00260111	-0.00239367	0
781.4116465395	687.3451246993	-0.121099	1.09307	0.633643	-0.0390747	-0.00254985	-0.00296535	0
783.9840869047	684.645091082	-0.118334	1.03503	0.646347	-0.0390571	-0.00272614	-0.00271688	0
780.3624615605	689.1121465043	-0.110585	1.05306	0.651408	-0.0389425	-0.00189892	-0.00188208	0
782.2060795154	686.5427213347	-0.124775	1.09536	0.650487	-0.0384235	-0.00244297	-0.00265747	0
777.0608580774	688.2133825425	-0.128325	1.27689	0.627321	-0.0403156	-0.00265623	-0.00306689	0
779.2780863449	686.0914244675	-0.121526	1.32541	0.623991	-0.0394253	-0.00235144	-0.00259367	0
773.1923170068	686.7975992961	-0.140062	1.3673	0.589389	-0.0402457	-0.00324155	-0.00336873	0
775.4172355335	686.2783349726	-0.106752	1.36371	0.603888	-0.0408926	-0.00297264	-0.00242975	0
785.3119707699	686.8428522399	-0.104957	1.21216	0.577296	-0.040684	-0.00233744	-0.00276953	0
782.3304378203	684.5780040331	-0.0949804	1.08826	0.564246	-0.0395045	-0.00286669	-0.00247651	0
782.7340304092	685.2566221081	-0.0988449	1.04534	0.620992	-0.0395207	-0.00269293	-0.0022187	0
783.9553701141	683.8186966139	-0.108557	1.03407	0.62551	-0.0390948	-0.00252568	-0.00282131	0
781.523106625	685.7907212974	-0.121141	1.083	0.586188	-0.0392718	-0.00268613	-0.00295535	0
775.0204570983	684.3571978406	-0.106396	1.14646	0.627783	-0.0386797	-0.00249627	-0.00277876	0
777.2277074979	681.5763868383	-0.123133	1.26994	0.629267	-0.0391021	-0.0028812	-0.00302317	0
777.4969152414	685.8341694059	-0.100776	1.33403	0.642473	-0.0401697	-0.00236559	-0.00287242	0
768.7323073954	682.6782608026	-0.133418	1.39594	0.631199	-0.04014	-0.00267778	-0.00318491	0
778.8666088067	684.9763003708	-0.129679	1.36395	0.597455	-0.0405373	-0.00290806	-0.00336541	0
773.8327501091	681.2393668602	-0.106119	1.20105	0.563976	-0.0398235	-0.00251837	-0.00274	0
777.2774508198	681.9329518621	-0.116651	1.11187	0.582717	-0.0395422	-0.00310052	-0.0032242	0
779.6593382442	688.8958744103	-0.101857	1.05428	0.62547	-0.0390899	-0.00291435	-0.00288763	0
781.848579809	683.5843321464	-0.108505	1.04103	0.612154	-0.0388704	-0.00342543	-0.00262607	0
778.1941978545	685.8231643125	-0.127423	1.09457	0.603387	-0.03899	-0.00322821	-0.0034178	0
774.7665812006	679.3684569742	-0.108578	1.19067	0.611156	-0.0385649	-0.00287136	-0.0029363	0
777.3467118249	682.8926400206	-0.119972	1.31095	0.627602	-0.0392944	-0.00300225	-0.00300141	0
780.788492184	685.1481559082	-0.112796	1.33609	0.602681	-0.0393862	-0.00294991	-0.00320178	0
776.2909073823	681.6423733779	-0.110545	1.37825	0.57766	-0.0401457	-0.00308836	-0.00341557	0
773.2976930264	682.9911135957	-0.113758	1.29562	0.559692	-0.0404241	-0.00327009	-0.00306509	0
772.6869988377	687.0740912609	-0.0924821	1.20906	0.599774	-0.039471	-0.00285793	-0.00327509	0
783.2310255763	685.2487424612	-0.129056	1.05232	0.611625	-0.0392118	-0.00351601	-0.00350136	0
774.7770457937	684.0653867859	-0.100366	1.01405	0.602077	-0.0392164	-0.00258811	-0.00317856	0
783.5961668693	684.7810700152	-0.109863	1.0467	0.607488	-0.0388393	-0.0027966	-0.00268947	0
780.5501428223	689.2291086362	-0.0962548	1.0832	0.610899	-0.039003	-0.00256537	-0.00230673	0
776.1202128322	686.7364549976	-0.120326	1.18298	0.601417	-0.0390941	-0.00291189	-0.00262811	0
780.5333021281	682.1962817352	-0.124501	1.27328	0.607785	-0.0393275	-0.00288695	-0.00363481	0
777.9405653195	683.1061388312	-0.115374	1.32353	0.601191	-0.0389549	-0.00307325	-0.00341448	0
777.7232911616	685.1639152019	-0.136364	1.34359	0.597352	-0.0402296	-0.00260637	-0.00368025	0
778.6470470401	684.1059295498	-0.113335	1.27321	0.578568	-0.0407266	-0.00264362	-0.00306228	0
772.2270921358	684.6870865182	-0.136277	1.14666	0.599855	-0.0392682	-0.00289227	-0.0032337	0
779.0914758787	685.7581902415	-0.136704	1.05542	0.606051	-0.0395977	-0.00347717	-0.0031957	0
774.4478248252	678.5875795721	-0.136059	1.01435	0.565676	-0.0392484	-0.00281822	-0.00331815	0
780.4007181662	683.4053893289	-0.160251	1.10054	0.560489	-0.0390303	-0.003251	-0.00353948	0
777.4447869656	684.9306952641	-0.135438	1.14267	0.597844	-0.0393046	-0.00279194	-0.0029706	0
777.6882956152	687.0816187447	-0.133138	1.21145	0.579542	-0.0394369	-0.00249678	-0.00307892	0
775.0127181666	683.7170095516	-0.130787	1.30346	0.623472	-0.0405124	-0.00279558	-0.00346414	0
777.5070391269	686.5098821362	-0.121298	1.28105	0.585336	-0.0412745	-0.00280324	-0.00353698	0
774.8128687732	686.3333604392	-0.105586	1.14323	0.56429	-0.0400886	-0.00268425	-0.0026042	0
781.7184781459	685.4254842601	-0.115821	1.1328	0.585597	-0.0395403	-0.00274503	-0.00307614	0
779.5566392135	688.6295951721	-0.106498	1.09086	0.593758	-0.0388534	-0.00280492	-0.00232136	0
783.2946405683	685.8051599799	-0.111407	1.06446	0.614738	-0.038973	-0.00243157	-0.00311322	0
780.1918156829	681.8531429253	-0.116662	1.16234	0.603159	-0.039486	-0.00294688	-0.00324541	0
786.7487837491	684.3915337318	-0.127842	1.19103	0.581448	-0.0388791	-0.00284636	-0.00305455	0
779.4147101265	683.3345605483	-0.118833	1.31815	0.599008	-0.0407805	-0.0023553	-0.00349229	0
779.6050683772	689.3817712909	-0.0941347	1.30106	0.596439	-0.0412194	-0.00237111	-0.00260219	0
784.394006922	684.861583278	-0.120876	1.1969	0.557015	-0.0405228	-0.00270346	-0.00313194	0
779.0840289821	685.2909579992	-0.115034	1.11404	0.614076	-0.0400344	-0.00278251	-0.002747	0
778.1288306516	685.6328642387	-0.136685	1.06518	0.585738	-0.038937	-0.00304725	-0.00353855	0
781.1365494203	686.0730239514	-0.101134	1.12285	0.573419	-0.0391078	-0.00309393	-0.00286372	0
784.1786309927	687.2540905673	-0.0915833	1.22757	0.605541	-0.0395768	-0.00210874	-0.00272559	0
781.4481996068	685.8908236263	-0.0934667	1.26797	0.615718	-0.0396445	-0.00241319	-0.00261053	0
778.2638482398	684.7917669659	-0.120974	1.31674	0.616952	-0.0402905	-0.00265535	-0.00339108	0
778.7970557665	687.1469009583	-0.107357	1.33405	0.583775	-0.0406775	-0.00258797	-0.00269346	0
778.7316885635	687.8510068294	-0.129357	1.25975	0.559664	-0.0400485	-0.00293528	-0.00367201	0
783.8259985389	685.9366928553	-0.116941	1.17797	0.585378	-0.0398618	-0.00251618	-0.0033818	0
783.356941402	687.6540156588	-0.133743	1.06952	0.604311	-0.0390885	-0.0027939	-0.00321472	0
784.3738078235	688.3763459645	-0.10984	1.08077	0.593924	-0.0392447	-0.0024665	-0.00265906	0
787.0404295273	689.4242509511	-0.115506	1.07784	0.623251	-0.038912	-0.00289171	-0.00347386	0
781.542526963	685.403430053	-0.110493	1.15164	0.659883	-0.0390495	-0.00205908	-0.00307902	0
777.5420346733	689.3704140345	-0.142175	1.2602	0.641723	-0.0406383	-0.00272567	-0.0034073	0
776.2407746801	689.865026949	-0.110787	1.33821	0.599844	-0.0409633	-0.00265777	-0.00335208	0
775.4166027906	690.0341972437	-0.147793	1.24176	0.549292	-0.0404729	-0.00298357	-0.00366226	0
776.1996950678	688.8169018606	-0.127241	1.16852	0.598041	-0.0394958	-0.00259922	-0.00350332	0
779.7276744712	687.6024237813	-0.132447	1.04048	0.599414	-0.0391808	-0.0028986	-0.00336092	0
784.1138965326	686.3007413426	-0.112371	1.09309	0.592664	-0.0395395	-0.00208156	-0.00281895	0
779.7351700403	683.4558806971	-0.130028	1.23538	0.581554	-0.0400059	-0.00259315	-0.00332976	0
784.8457366395	688.7181201428	-0.108044	1.29587	0.571787	-0.0403959	-0.00249246	-0.00293833	0
779.5878869754	686.2623995974	-0.123009	1.34547	0.566176	-0.0405392	-0.00282564	-0.00312084	0
778.1866536129	689.7101632757	-0.137585	1.36978	0.537964	-0.0409993	-0.00249404	-0.00335622	0
775.7967352218	688.4131029762	-0.109707	1.2851	0.530966	-0.0418329	-0.00259192	-0.00273098	0
783.548711156	681.7593795301	-0.113446	1.17731	0.463231	-0.0409222	-0.00212356	-0.00265721	0
781.9789735072	687.2591529103	-0.137716	1.14879	0.479389	-0.0406316	-0.00296836	-0.00294072	0
784.8341525782	689.8458340663	-0.123425	1.05042	0.520749	-0.0403248	-0.00280898	-0.00288315	0
783.2928883573	686.5767931036	-0.149765	1.07405	0.526255	-0.0400496	-0.00273422	-0.00275759	0
780.8143859681	685.9400824241	-0.126523	1.15556	0.514272	-0.0401729	-0.00276674	-0.00263709	0
781.9268452314	681.9108536347	-0.124881	1.32716	0.522774	-0.0404323	-0.00277607	-0.00275899	0
777.019583775	683.5667680175	-0.135524	1.38305	0.531109	-0.0402547	-0.00259382	-0.00362725	0
776.6850088285	689.1049271631	-0.125184	1.40305	0.544381	-0.0417272	-0.00236551	-0.00310579	0
780.2879439226	688.5734691962	-0.114782	1.39974	0.493642	-0.0417217	-0.00277601	-0.0029979	0
781.6012260298	688.3625675876	-0.0938163	1.2998	0.502588	-0.042228	-0.00263003	-0.00266529	0
777.7610610421	683.6682349779	-0.0960623	1.15693	0.486518	-0.0410711	-0.0025853	-0.00243442	0
777.093371325	684.8282598554	-0.0877969	1.13409	0.488239	-0.0407266	-0.00242914	-0.00275373	0
778.5098878607	688.22606041	-0.0634328	1.17351	0.453999	-0.0415176	-0.00271443	-0.00211484	0
780.1152537989	686.4720686355	-0.0636127	1.21466	0.440205	-0.0413497	-0.00249942	-0.00208555	0
779.16297582	689.5065250288	-0.0678881	1.32031	0.417183	-0.0415891	-0.00276258	-0.00299122	0
782.5443049013	688.157432648	-0.0820724	1.37166	0.423541	-0.0412992	-0.00250743	-0.00298617	0
784.6978695043	685.6839718921	-0.0789202	1.38586	0.394199	-0.0413015	-0.0029646	-0.00306249	0
779.5071392541	686.7458753575	-0.0918289	1.42379	0.397989	-0.0412536	-0.00318556	-0.00313938	0
782.9203488403	689.2247506193	-0.0917569	1.41343	0.37848	-0.0410846	-0.00321635	-0.00297777	0
779.0013830323	684.1228773935	-0.0978393	1.33758	0.375418	-0.0413585	-0.00336792	-0.00302782	0
778.6430072204	681.4003493654	-0.085975	1.27221	0.416244	-0.0412079	-0.00306895	-0.00299637	0
778.1929810414	683.4452717871	-0.0798432	1.13248	0.441129	-0.0406322	-0.00265906	-0.00279341	0
784.1547814548	680.6016437121	-0.0829627	1.11293	0.480644	-0.0405847	-0.00338853	-0.00292765	0
777.795910571	688.1960385154	-0.113358	1.07944	0.510603	-0.0404037	-0.00296116	-0.00282614	0
779.4053163289	686.6038216128	-0.126083	1.16044	0.552085	-0.0405219	-0.00272674	-0.00348243	0
775.3238816278	683.8840668683	-0.126232	1.25063	0.558619	-0.0415845	-0.00273711	-0.00335233	0
771.7159819361	685.353775072	-0.12812	1.22744	0.560174	-0.041447	-0.00261056	-0.00357113	0
776.8209511948	683.0562637482	-0.118022	1.10427	0.544208	-0.0412465	-0.00257446	-0.00298052	0
781.8499913123	681.963722103	-0.123909	1.13343	0.538233	-0.0408224	-0.00290229	-0.00267283	0
777.947087438	684.8942023746	-0.126964	1.13766	0.51338	-0.0400456	-0.00272721	-0.00274313	0
780.0718379054	679.8851240958	-0.101432	1.216	0.522777	-0.0403515	-0.00280376	-0.00249993	0
779.4252233922	678.8950178593	-0.121479	1.28201	0.479342	-0.0414351	-0.00289818	-0.00327393	0
776.9875572526	681.3534676679	-0.126438	1.38435	0.47208	-0.0407009	-0.00291586	-0.00314307	0
780.1111653067	679.4286328245	-0.0991669	1.33865	0.485208	-0.040466	-0.00308335	-0.0033552	0
777.4475612996	688.355304226	-0.141545	1.34646	0.492209	-0.0411947	-0.00377883	-0.0037615	0
779.3512411521	683.8432159618	-0.116311	1.2423	0.477128	-0.0416481	-0.00339286	-0.00324166	0
776.210159661	683.0544148925	-0.129117	1.13455	0.478009	-0.0407536	-0.00318411	-0.00303261	0
780.1813024172	682.5604622836	-0.109036	1.05247	0.531597	-0.0405133	-0.00350998	-0.00287179	0
780.9033106738	683.2300121617	-0.113763	1.0275	0.546519	-0.0406205	-0.00305973	-0.00251384	0
780.3436252928	685.9314104105	-0.108915	1.05369	0.530235	-0.0399062	-0.00345398	-0.00242909	0
775.755606937	684.9361978107	-0.113763	1.17993	0.515276	-0.0398046	-0.00283751	-0.00266283	0
779.1923253534	683.8978452451	-0.125802	1.31724	0.51169	-0.0399132	-0.00322977	-0.00304476	0
773.4957902089	681.4202905945	-0.112374	1.35848	0.552392	-0.0398512	-0.00282908	-0.00266509	0
778.8104893838	686.7344740808	-0.147201	1.40383	0.533844	-0.0410073	-0.00314769	-0.0033767	0
771.1115665033	686.6453328248	-0.128508	1.38421	0.509839	-0.0412893	-0.00339335	-0.00322905	0
771.1648629197	686.2062736215	-0.121635	1.27389	0.531028	-0.0413317	-0.00303596	-0.0032112	0
780.9384035654	683.4866949584	-0.106204	1.11116	0.532474	-0.0405798	-0.00273447	-0.00275953	0
778.7785115339	684.4888627772	-0.122279	1.03673	0.549115	-0.0396927	-0.00337165	-0.00287234	0
782.3643625712	688.2916947866	-0.0967297	1.04654	0.574973	-0.0398327	-0.00311032	-0.00248061	0
784.6671084676	691.3119766197	-0.117678	1.04021	0.590427	-0.0390957	-0.00342918	-0.00282395	0
782.9761275555	685.4843394992	-0.131303	1.19621	0.59541	-0.040065	-0.00311602	-0.00304973	0
776.8364290582	686.2976599164	-0.147754	1.30856	0.603474	-0.0413349	-0.00335283	-0.00366318	0
777.2867959449	690.1961481971	-0.136325	1.36869	0.558858	-0.0407639	-0.00342864	-0.00317872	0
781.8175267371	684.9917955422	-0.109687	1.3587	0.571356	-0.0404819	-0.00310634	-0.00314633	0
777.8307600999	688.7889929439	-0.104664	1.29203	0.49781	-0.0416103	-0.0033783	-0.00324778	0
778.7625469453	686.5425452532	-0.0964041	1.30289	0.441519	-0.0411446	-0.00328065	-0.00347873	0
779.6227365043	683.9761134689	-0.0803197	1.26726	0.471622	-0.0406361	-0.00306204	-0.00262909	0
785.9472932569	689.4476257693	-0.0964116	1.1453	0.463064	-0.0407933	-0.00331846	-0.00266327	0
780.9331469325	686.6794045938	-0.0883022	1.18608	0.444554	-0.040389	-0.0036051	-0.00276401	0
782.4794730961	692.3730877183	-0.0717619	1.26706	0.504232	-0.0412958	-0.00293997	-0.00248664	0
777.1457916359	685.0337909784	-0.0806593	1.27813	0.491216	-0.0413552	-0.00321085	-0.00206394	0
777.8973927886	689.1332322632	-0.101154	1.28752	0.507924	-0.0420817	-0.00317357	-0.00255858	0
785.2520062173	685.5286239947	-0.084209	1.26055	0.467186	-0.0419882	-0.00307054	-0.00215451	0
782.650703044	688.7922944719	-0.0795792	1.22509	0.458973	-0.0415359	-0.00321987	-0.00223246	0
781.4543323452	685.4245158119	-0.0855698	1.17382	0.512627	-0.0412261	-0.00317636	-0.00227503	0
780.1769218899	683.500561376	-0.0838027	1.14629	0.49052	-0.0403113	-0.00295986	-0.002157	0
774.94535539	684.7071598084	-0.124112	1.22759	0.490513	-0.041113	-0.00304703	-0.0030027	0
777.1723181628	682.8980545265	-0.0947939	1.30338	0.507271	-0.0405344	-0.00269309	-0.00216615	0
775.0778420069	685.5234295907	-0.0981145	1.32815	0.517316	-0.0405513	-0.00268857	-0.00219317	0
775.7496202162	685.7907653178	-0.117586	1.36759	0.53905	-0.0407345	-0.00325119	-0.00297279	0
774.9884792484	687.1075467446	-0.116209	1.36309	0.491305	-0.0415987	-0.00330395	-0.00294099	0
777.7813088131	684.4200149133	-0.123442	1.32067	0.458682	-0.0413006	-0.0033692	-0.00283624	0
776.2254428343	686.5940050696	-0.115263	1.17854	0.486865	-0.0407996	-0.00409233	-0.00265803	0
782.1923051904	684.7815542393	-0.0988308	1.1001	0.501931	-0.040598	-0.0028093	-0.00288263	0
777.1114775048	685.8269500647	-0.110408	1.09357	0.486931	-0.0395484	-0.00357877	-0.00233998	0
784.5880156122	683.488411753	-0.0809306	1.19955	0.491937	-0.0406396	-0.0028843	-0.0023489	0
777.8257955022	684.5173439587	-0.0921454	1.24733	0.496983	-0.040449	-0.00379015	-0.00245518	0
774.8815943804	685.1992635616	-0.0974545	1.33331	0.514544	-0.0406012	-0.00345211	-0.00265077	0
774.6791166706	684.1266631456	-0.0939771	1.40856	0.520433	-0.0416392	-0.00355995	-0.0023316	0
785.6109660995	683.7610739453	-0.083521	1.40682	0.463548	-0.0415728	-0.00312488	-0.00259485	0
775.6983680459	684.7761837538	-0.114404	1.30234	0.455157	-0.0416803	-0.00399999	-0.00332835	0
781.4123279549	687.3297615891	-0.104992	1.22816	0.49025	-0.0411593	-0.00380786	-0.00279355	0
782.2383980729	687.5831428578	-0.0970151	1.15996	0.471618	-0.0409894	-0.00296963	-0.00216262	0
779.1747545713	691.703978044	-0.112558	1.1259	0.531345	-0.041101	-0.0036216	-0.00234435	0
786.9347614725	690.1302496982	-0.0880202	1.16127	0.573572	-0.0410837	-0.00278845	-0.0020277	0
780.5774967821	692.572455989	-0.0887899	1.14284	0.534645	-0.0410176	-0.00326981	-0.00212346	0
787.3618142191	690.1850990834	-0.0976804	1.23267	0.569888	-0.0410693	-0.00284686	-0.00219679	0
780.3805190678	689.9309254479	-0.0908935	1.28982	0.520722	-0.0410734	-0.0028706	-0.00163417	0
780.6705099801	684.403463253	-0.103845	1.34909	0.485799	-0.0406967	-0.00315961	-0.00248332	0
780.9307619787	683.393371767	-0.0966554	1.40871	0.514192	-0.041419	-0.00310817	-0.00228416	0
779.6384577303	683.6149703262	-0.0941594	1.35789	0.485215	-0.0410395	-0.00304894	-0.00222294	0
780.7384568269	681.6227843118	-0.112475	1.29979	0.472964	-0.0408154	-0.00318614	-0.00265989	0
780.4090411683	684.5717531401	-0.112371	1.33004	0.520288	-0.0410366	-0.00319877	-0.00273273	0
777.6679018266	687.1010317293	-0.104907	1.23075	0.544366	-0.0416586	-0.00285467	-0.00202066	0
776.9626855916	684.5695521214	-0.132834	1.21096	0.543423	-0.0416826	-0.00265486	-0.00321122	0
772.5541715132	684.4094940441	-0.108311	1.09322	0.530849	-0.040983	-0.00304204	-0.00182349	0
775.9441156317	686.8714214622	-0.128279	0.961171	0.59324	-0.0415687	-0.00291399	-0.00200365	0
776.507062072	683.7190785091	-0.13594	0.991537	0.572187	-0.0407852	-0.00242625	-0.00174804	0
782.7609463163	684.0262966944	-0.12713	1.06101	0.596028	-0.0406982	-0.00207608	-0.00189749	0
778.8974185159	687.0035266025	-0.101141	1.12726	0.801238	-0.0393596	-0.00110096	-0.00168323	0
786.9302836	692.3964185162	-0.156681	0.84635	1.24883	-0.0370849	-0.000729006	-0.00264948	0
800.7356616424	700.0268660052	-0.162012	0.962779	1.16435	-0.037617	-0.000289068	-0.00255662	0
795.5704844685	693.7717910599	-0.154457	1.15163	1.17854	-0.0366194	-0.00113134	-0.0025795	0
792.3023190111	691.7497152119	-0.162611	1.11107	1.19465	-0.036764	-0.000654795	-0.002245	0
791.3090587649	691.8200597684	-0.143213	1.07365	1.13155	-0.0381599	-0.000797316	-0.00114961	0
798.5161457661	698.3579656123	-0.146185	1.15984	1.00161	-0.0379074	-0.00144623	-0.00135272	0
788.2798267395	691.0803854357	-0.129248	1.27745	1.16338	-0.037114	-0.00279698	-0.00339827	0
777.9799900659	693.6718648124	-0.0758089	1.01447	1.15079	-0.0361846	-0.00504652	-0.00345595	0
778.2104544784	686.862793469	-0.0428522	1.01019	0.798392	-0.0397131	-0.00439733	-0.00274127	0
781.3649209142	684.9991469446	-0.0085222	0.998431	0.552746	-0.0414596	-0.00296919	-0.000974511	0
780.3402182159	685.6668919873	-0.0402808	1.06648	0.528091	-0.0404037	-0.0037179	-0.00154821	0
782.4668669118	682.921693467	-0.0333117	1.14706	0.549657	-0.0404083	-0.00428088	-0.00164983	0
780.4568375892	682.2926423324	-0.0590133	1.26884	0.547451	-0.0403992	-0.00438872	-0.00182308	0
780.863009822	683.4272674544	-0.0529805	1.3592	0.523484	-0.0399336	-0.00428924	-0.00218279	0
775.9965359426	683.0939451878	-0.0482874	1.46955	0.551615	-0.0396303	-0.00465675	-0.00178518	0
777.0155926278	684.6443867561	-0.0650909	1.50698	0.539292	-0.0411581	-0.00433098	-0.00165189	0
775.7863679737	679.9035686322	-0.0364875	1.52095	0.543813	-0.0422537	-0.00393723	-0.000972418	0
778.868945088	683.184891279	-0.0250376	1.2993	0.482934	-0.0412561	-0.00412298	-0.000385652	0
775.8706201168	684.8423023545	-0.0532928	1.13037	0.504154	-0.040758	-0.00430375	-0.00103773	0
781.1346511918	682.9762347095	-0.0811989	1.03302	0.493694	-0.0403515	-0.00526122	-0.00120704	0
780.3069262079	682.9105122922	-0.0643568	0.999875	0.520712	-0.0397723	-0.00499158	-0.0014341	0
778.1611978816	681.7479342331	-0.048081	1.04043	0.445291	-0.0396489	-0.00470776	-0.00113798	0
782.7024419396	673.929871913	-0.0766755	1.30048	0.499764	-0.0400272	-0.00495388	-0.0014607	0
777.2011322984	678.5631922853	-0.111696	1.25135	0.512002	-0.0402157	-0.0049552	-0.0021792	0
774.5750548092	683.2346783212	-0.0889784	1.33367	0.524534	-0.0404072	-0.0043276	-0.00163774	0
777.1463757063	682.799052707	-0.0722467	1.41288	0.485626	-0.0410383	-0.00457982	-0.00100643	0
778.6777594043	681.6276705732	-0.0622586	1.39585	0.489492	-0.0413247	-0.00459334	-0.000904549	0
776.4446638932	683.7009861357	-0.0579361	1.33825	0.482657	-0.041229	-0.00422011	-0.000894512	0
777.6257027462	679.0827647515	-0.0779293	1.16608	0.475017	-0.0403031	-0.00506192	-0.00112729	0
774.0917852946	682.8988028729	-0.0867022	1.11411	0.46071	-0.0402974	-0.004864	-0.00116035	0
777.6474593655	678.7805648887	-0.072696	1.17385	0.496276	-0.0401597	-0.00470513	-0.00149135	0
773.3548345724	681.1373276349	-0.0915306	1.1739	0.473709	-0.0398411	-0.00485219	-0.00134872	0
778.5948700918	681.7307222671	-0.0900362	1.23434	0.464472	-0.0404643	-0.00506326	-0.00135683	0
785.6770633904	683.2019711839	-0.0955751	1.22874	0.464546	-0.0410844	-0.00416673	-0.00141886	0
777.2933180634	681.3042969109	-0.110418	1.3972	0.445772	-0.0410426	-0.00431203	-0.00197708	0
774.0719269038	687.2350737661	-0.0833036	1.44725	0.488861	-0.0413759	-0.00484704	-0.000880428	0
778.8742503934	683.8525923014	-0.105969	1.40535	0.465838	-0.0416524	-0.00545484	-0.00143506	0
780.1635369451	684.9862929956	-0.0904067	1.37145	0.434606	-0.0417811	-0.00490149	-0.000882683	0
781.6460534266	687.5098489363	-0.088311	1.21381	0.44286	-0.0421252	-0.00429899	-0.00134327	0
777.6141673575	688.5923539363	-0.0769569	1.13549	0.458204	-0.0416018	-0.00465927	-0.000855028	0
779.471900345	687.4938255204	-0.10055	1.09517	0.440329	-0.0406729	-0.00519581	-0.00107135	0
782.9906319684	685.7273319599	-0.106961	1.1601	0.429736	-0.0411211	-0.00521197	-0.0014386	0
779.5621392089	688.2733823113	-0.107296	1.27267	0.444533	-0.0409759	-0.00574856	-0.00150394	0
779.8077894497	683.5577878613	-0.0993115	1.41962	0.459152	-0.0411173	-0.00540822	-0.00162673	0
779.898709729	689.5018588692	-0.103832	1.5301	0.502884	-0.0421425	-0.00534607	-0.00204917	0
777.1613668444	681.2485230979	-0.100838	1.54302	0.454968	-0.0421728	-0.00515264	-0.00196462	0
776.6207610937	687.4056086923	-0.10684	1.38773	0.416603	-0.0411553	-0.00567492	-0.00189107	0
783.7160473018	688.3904324839	-0.102375	1.25468	0.437462	-0.0413793	-0.00560232	-0.00172133	0
778.0012112874	685.2879646139	-0.085407	1.13887	0.449042	-0.0404398	-0.00579828	-0.00112692	0
776.4543983985	686.0873305728	-0.0856892	1.09996	0.442014	-0.0406923	-0.00566382	-0.000935584	0
783.7687596479	683.7579925191	-0.0976399	1.13961	0.444995	-0.0403052	-0.00567291	-0.00109926	0
781.8275532776	684.4294352732	-0.109283	1.21127	0.401146	-0.0401425	-0.00583031	-0.00107035	0
778.1887952041	682.8116865541	-0.106892	1.34794	0.435234	-0.0410467	-0.00584977	-0.00147855	0
782.010854012	683.5484995625	-0.110043	1.44678	0.45708	-0.0414286	-0.00589034	-0.00190782	0
774.4359974013	686.363646456	-0.128865	1.44759	0.42369	-0.0414279	-0.00622954	-0.00230724	0
774.4263602411	683.5103779193	-0.103271	1.50737	0.451564	-0.0426696	-0.00533922	-0.00181318	0
777.611539041	682.8127430431	-0.102753	1.37894	0.33534	-0.0420574	-0.00596518	-0.00149723	0
776.6124380917	687.552856841	-0.0748012	1.32554	0.283087	-0.0424018	-0.0059163	-0.00191952	0
779.1107015266	683.7787261149	-0.0852816	1.23003	0.278906	-0.0416459	-0.00583267	-0.00193025	0
776.218482663	684.7769761205	-0.0998218	1.17471	0.317688	-0.0413251	-0.00565859	-0.00211648	0
779.8723292197	685.3617427595	-0.0706933	1.25989	0.345345	-0.0419813	-0.00538797	-0.00137956	0
783.7521136439	685.3234450347	-0.0751166	1.29891	0.386948	-0.0423231	-0.0051745	-0.00146578	0
775.2792489211	689.7172065355	-0.0776864	1.36689	0.392156	-0.0424994	-0.00540468	-0.00153477	0
774.9551385678	683.5295267816	-0.0847434	1.43163	0.352806	-0.0431106	-0.00569899	-0.0015615	0
773.8340642673	685.0465128663	-0.0866224	1.35611	0.27563	-0.0421672	-0.00601976	-0.00143621	0
776.54015939	682.7471526868	-0.0838774	1.30186	0.3033	-0.0418418	-0.00584147	-0.00125851	0
785.2015328075	684.5176521013	-0.0606697	1.24882	0.314503	-0.0417811	-0.00530781	-0.00105858	0
783.3806449224	680.3722975672	-0.0670174	1.28773	0.336743	-0.0421002	-0.00534991	-0.00127261	0
781.9180841767	680.4392085346	-0.0676867	1.28777	0.314035	-0.0420964	-0.0057779	-0.00101878	0
777.2121809619	682.3248212253	-0.0669961	1.42688	0.295901	-0.0427874	-0.00558874	-0.00134251	0
780.6460763718	684.4054001494	-0.0735615	1.4714	0.326452	-0.0431814	-0.00556054	-0.00153821	0
778.2920783051	685.7275080413	-0.0486812	1.40873	0.2972	-0.0433405	-0.00542786	-0.00121777	0
775.6065229886	684.7303585451	-0.0888312	1.28359	0.291702	-0.042574	-0.00609588	-0.00152144	0
779.2448916819	681.2479948534	-0.0817683	1.19889	0.318762	-0.0420921	-0.00587123	-0.00182285	0
777.7274283264	688.411430202	-0.0662217	1.14195	0.322429	-0.0411471	-0.00562975	-0.00147388	0
784.5394891034	685.3120437581	-0.0743174	1.2353	0.345784	-0.0418434	-0.00564884	-0.00138057	0
779.8648823231	683.7080293954	-0.109451	1.29034	0.362809	-0.0422593	-0.00626227	-0.00171452	0
775.0667446709	685.2850592692	-0.112571	1.40713	0.362595	-0.0419585	-0.00610892	-0.00186287	0
772.8187066941	685.1945533817	-0.10994	1.48691	0.360088	-0.0434263	-0.00574487	-0.00207712	0
777.2577384466	685.2021689063	-0.0843932	1.41889	0.345917	-0.0433169	-0.00552611	-0.00184709	0
778.8068876168	687.0730787923	-0.0947976	1.3224	0.33437	-0.0421704	-0.00547793	-0.00118774	0
780.3787668568	683.5525494369	-0.0831755	1.22974	0.312517	-0.0423994	-0.00568154	-0.00113614	0
780.3793509272	683.8810734829	-0.102651	1.24832	0.349064	-0.0420946	-0.00575663	-0.0014808	0
777.7936716348	681.0163156287	-0.0860703	1.27659	0.297761	-0.0419035	-0.0057094	-0.000958292	0
776.4080134808	681.1674375703	-0.0898913	1.33308	0.335004	-0.0417778	-0.00559598	-0.00141995	0
775.7543901238	683.7886747193	-0.0971446	1.37859	0.33933	-0.0423949	-0.00568395	-0.00143413	0
774.1985728175	682.447417965	-0.0937619	1.47463	0.329156	-0.0433866	-0.00573427	-0.00139349	0
770.0768859371	683.3452134786	-0.105026	1.43182	0.294389	-0.0426379	-0.00624015	-0.00193693	0
774.5129486655	682.3905436426	-0.104128	1.3248	0.289893	-0.0425964	-0.00629864	-0.00144384	0
773.4421530848	682.3319085054	-0.100951	1.19066	0.298653	-0.0420411	-0.00585609	-0.00182876	0
770.5803058776	679.4560134967	-0.10401	1.17514	0.309637	-0.0417847	-0.0058711	-0.00165139	0
776.7519822249	682.3679611911	-0.114552	1.20293	0.333337	-0.0419603	-0.00622135	-0.0014975	0
776.8173007553	679.5642595947	-0.120326	1.26826	0.312531	-0.0418175	-0.00619318	-0.00136511	0
774.4644221567	677.4477160256	-0.102861	1.37163	0.293526	-0.0418509	-0.00650719	-0.00110452	0
776.1443544053	682.5565884908	-0.107584	1.44012	0.321807	-0.0428672	-0.00578647	-0.00156941	0
773.379949596	682.2772792221	-0.122118	1.47022	0.315021	-0.0431412	-0.00630654	-0.00199602	0
775.7342396979	681.7629892008	-0.111984	1.45463	0.304713	-0.0434271	-0.0064162	-0.00184873	0
773.3527903263	683.6353077387	-0.120303	1.31344	0.291331	-0.0430463	-0.00652587	-0.00152999	0
778.9663388133	682.9514512394	-0.111053	1.22812	0.282929	-0.0424804	-0.00630647	-0.00178874	0
775.9766775519	681.4732030833	-0.131199	1.15095	0.276649	-0.041953	-0.00632467	-0.00184638	0
772.2903177476	682.2029288116	-0.12787	1.20514	0.312119	-0.0423022	-0.00616543	-0.002044	0
775.9962439075	677.5518242085	-0.125439	1.26625	0.288811	-0.0420619	-0.00638943	-0.00199635	0
771.9203578744	679.7399008842	-0.10009	1.35074	0.305472	-0.0422301	-0.00629706	-0.00201386	0
771.7080483143	680.0742356195	-0.105668	1.39494	0.318297	-0.0420851	-0.00644793	-0.00181114	0
776.6190088827	680.0367742818	-0.0897072	1.48355	0.293775	-0.0436489	-0.00608709	-0.00144324	0
770.5718855306	683.2547075911	-0.0967274	1.388	0.274901	-0.0424273	-0.00587684	-0.00100863	0
772.3531539792	679.6220143245	-0.118783	1.3227	0.284938	-0.0421482	-0.00662909	-0.00140875	0
777.0230395244	682.1545944417	-0.112387	1.23283	0.289269	-0.0423124	-0.00626001	-0.00178076	0
774.8554572338	680.9996759276	-0.130707	1.21892	0.330173	-0.0425033	-0.00660065	-0.00200024	0
773.5324406212	680.0329445093	-0.125889	1.24574	0.295767	-0.0424741	-0.00653329	-0.00147705	0
770.5223855712	680.8519875751	-0.105643	1.32725	0.29187	-0.0421593	-0.00619187	-0.000938223	0
770.7397084016	680.1224819486	-0.100002	1.3637	0.274327	-0.0423786	-0.00652836	-0.00124528	0
774.9239394784	681.4075687067	-0.0894744	1.45305	0.290144	-0.0431907	-0.00654542	-0.00119455	0
770.9614604319	681.1656767553	-0.112162	1.38625	0.245025	-0.0424017	-0.00655632	-0.00145665	0
779.8704796637	680.5426564119	-0.0960583	1.36047	0.269676	-0.0421458	-0.00621254	-0.0011726	0
775.9018192063	676.7508294958	-0.100323	1.27731	0.27764	-0.0419684	-0.00629676	-0.00136767	0
775.430231098	682.3445423525	-0.105452	1.29099	0.279468	-0.042638	-0.0060473	-0.00166233	0
775.9831509979	683.5636865913	-0.101282	1.29506	0.292813	-0.0423834	-0.00649489	-0.00100534	0
778.457759585	679.0085464021	-0.100335	1.2939	0.303235	-0.0420912	-0.0062882	-0.00158022	0
778.3829985844	681.0537769664	-0.10811	1.36756	0.322564	-0.0428695	-0.00643783	-0.00119583	0
771.1923142246	681.6086977923	-0.119543	1.45434	0.269351	-0.0438615	-0.00667858	-0.00199679	0
774.847523612	685.4551099713	-0.132371	1.42222	0.241355	-0.0443208	-0.00650403	-0.00169758	0
774.0556216075	682.6768521506	-0.118939	1.36594	0.254329	-0.0442466	-0.00668113	-0.00135156	0
778.9153300056	681.457839973	-0.125762	1.21852	0.236278	-0.043897	-0.00607675	-0.00174614	0
775.8349918275	686.0471839923	-0.132948	1.19273	0.254374	-0.0424797	-0.00624139	-0.00184963	0
781.102770687	681.0310624537	-0.123219	1.19505	0.257523	-0.0426891	-0.00652024	-0.00156846	0
778.9312945943	682.2546967706	-0.12279	1.27117	0.242006	-0.0423977	-0.0063957	-0.00145211	0
776.3565666204	681.0505194587	-0.107248	1.36208	0.224758	-0.0423657	-0.0063973	-0.0017328	0
777.6248266407	678.0289610348	-0.105728	1.49411	0.25662	-0.0434824	-0.00626574	-0.0013479	0
775.99629258	684.8198959845	-0.0902861	1.50973	0.234256	-0.0440166	-0.00600456	-0.00114674	0
771.8899375454	682.0621516578	-0.09645	1.51591	0.238816	-0.0440414	-0.00617074	-0.00159551	0
770.9031020727	683.7793864205	-0.104721	1.4694	0.202903	-0.0443765	-0.00616906	-0.00189842	0
774.7797227827	685.0698876845	-0.100905	1.30913	0.208052	-0.0437063	-0.00634986	-0.00137041	0
774.9607845809	682.163002333	-0.0959732	1.15371	0.218401	-0.0431398	-0.00632573	-0.00118626	0
