4287.88355348	3839.837212133	0.00369678	0.144316	0.0189653	-0.000497052	-0.00133549	0.000889022	1
4216.708481293	3836.893585995	0.0109555	0.191307	0.0182719	-0.00152603	-0.00101681	0.00109624	1
4141.028849207	3829.62624251	0.00615247	0.151343	-0.000795856	-0.00105905	-0.000735115	0.00111684	1
4120.438702341	3830.511547268	0.0100947	0.122926	0.0171929	-0.000707009	-0.00123769	0.00104298	1
4062.203853778	3834.335118586	0.0120287	0.123803	0.0768006	-0.000138701	-0.00131114	0.00103143	1
4071.224500333	3842.079708086	0.0079037	0.152562	0.104749	-5.48055e-05	-0.00127385	0.00099702	1
4025.794676162	3839.829172767	0.00794751	0.160839	0.121867	0.000222982	-0.00130106	0.00107518	0
4028.787790278	3847.635641025	-0.00114836	0.201399	0.143258	0.00030001	-0.00148131	0.000876114	0
4031.036468116	3834.236453636	0.00314711	0.170169	0.144225	0.000580212	-0.00155817	0.000921886	0
4008.816966366	3833.386716984	-0.00103104	0.187685	0.128091	4.77767e-05	-0.00161559	0.00080964	0
4044.209868394	3836.995661585	0.0030206	0.194436	0.120266	-0.000225832	-0.00158629	0.000766238	0
4005.957610639	3836.554958143	0.0105896	0.192741	0.101615	-0.000225832	-0.00171905	0.000558287	0
4038.91908773	3843.29292154	0.00619422	0.171124	0.060609	-8.48746e-05	-0.00173591	0.000440736	0
4007.408060676	3842.756476555	-0.00135266	0.119109	0.0739099	0.000109456	-0.00242386	0.000517574	0
4036.483100118	3843.233478953	0.00135618	0.125622	0.0947842	0.000164	-0.00240805	0.00037006	0
3993.465489626	3847.337210005	-0.0032176	0.143561	0.0997718	0.000327972	-0.00274942	0.00040841	0
4018.67426324	3839.80140041	-0.00337851	0.162391	0.144801	0.000332688	-0.00276337	0.000148833	0
4001.683825986	3832.845156038	-0.00470804	0.184825	0.125687	0.000475857	-0.00278767	0.000149065	0
4001.474903547	3840.331998584	-0.0114871	0.220044	0.150964	0.00052981	-0.00287986	0.000166205	0
4024.49647535	3835.160737139	-0.00707047	0.199433	0.125522	0.00072594	-0.00286833	0.000127311	0
4009.869022924	3836.728413561	0.00170843	0.219012	0.0872914	-8.07769e-05	-0.00265085	0	0
4045.988110534	3843.813044176	0.00168685	0.223342	0.0788378	-0.000386942	-0.00286318	0	0
4005.631259381	3840.669651967	-0.00462014	0.149338	0.0365036	-0.000178545	-0.00335773	0	0
4027.190854392	3839.244491584	-0.00608633	0.141868	0.0772324	-0.000138259	-0.00335569	0	0
3994.154933675	3843.816211199	-0.00585825	0.131047	0.0866301	0.000357032	-0.0035209	-0.000225397	0
4034.295898307	3843.718520718	-0.0140802	0.154121	0.105553	0.000403751	-0.00326915	-0.000165615	0
3995.92212934	3839.416728916	-0.0185487	0.169171	0.105057	0.000824716	-0.00355192	-0.000164107	0
4011.724830521	3841.152501177	-0.00992019	0.193885	0.132944	0.00063535	-0.00333991	-0.000199531	0
4001.856006892	3830.18461304	-0.0136964	0.207644	0.111465	0.000578514	-0.00366412	-0.00026797	0
4007.210424852	3833.830831066	-0.00227107	0.265466	0.10932	0.000217506	-0.0034844	-0.000496862	0
4033.662166908	3837.401284155	-0.00448544	0.218407	0.0497334	-0.000494831	-0.00355999	-0.00066754	0
4013.730726078	3835.738353424	-0.00937376	0.199705	0.0180472	-0.000125691	-0.00381678	-0.000699811	0
4038.240209873	3836.122537685	-0.0208009	0.150009	0.0299719	0.000363462	-0.00379273	-0.000726044	0
4012.640006861	3834.983871081	-0.0345495	0.14927	0.029669	0.000840225	-0.00413702	-0.000817832	0
4042.973383752	3833.609139451	-0.0410197	0.173378	0.0498406	0.000744175	-0.0040859	-0.000858954	0
3990.540575478	3822.461949084	-0.0245081	0.199565	0.0420304	0.000554966	-0.00414518	-0.000716103	0
4037.44486376	3819.8910572	-0.000806138	0.246271	0.0593262	0.00065831	-0.00387779	-0.000537905	0
4030.834509759	3845.350024835	0.0202718	0.19425	0.297884	-0.00066896	-0.00479228	0.000210707	0
4059.075540429	3841.700639786	0.0422894	0.131846	0.269707	-0.00195644	-0.00438405	0.00294843	0
4018.789530793	3838.508036911	0.0539092	0.138726	0.172497	0.00043821	-0.00300278	0.00378771	0
4046.322626577	3838.893682874	0.080645	0.0694938	0.211135	0.000362878	-0.00341993	0.00468023	0
4003.293009048	3833.744346974	0.103626	0.0694514	0.23013	0.000304858	-0.00371297	0.00530124	0
4044.001906518	3837.924086579	0.0768615	0.131557	0.178703	0.000819207	-0.00358905	0.00380274	0
4006.647054688	3827.541854093	0.0646385	0.18995	0.181019	0.000819207	-0.00359393	0.00402246	0
4031.567899562	3832.400067488	0.0620072	0.236236	0.178612	0.000970805	-0.00337379	0.00380274	0
4023.284004781	3825.162932531	0.0720492	0.247708	0.184634	0.000968834	-0.00365169	0.00305893	0
4027.42859372	3829.0113528	0.0583769	0.276562	0.167658	0.00158122	-0.00342169	0.00247704	0
4059.586800053	3845.390465283	0.0466156	0.194833	0.102562	0.00152875	-0.00288757	0.00196326	0
4040.025175953	3846.915752319	0.0288962	0.13258	0.0695826	0.00195415	-0.00284364	0.00131477	0
4063.617322142	3848.853483205	0.0229627	0.0934797	0.0962101	0.00192453	-0.00285756	0.00158631	0
4033.767108409	3850.721539584	0.0137389	0.115717	0.089839	0.00176551	-0.00309605	0.00131477	0
4054.185794791	3837.597395968	-0.00667287	0.15682	0.0885429	0.00154201	-0.00304498	0.00131477	0
4006.961639051	3834.655475151	-0.0161281	0.185742	0.0644021	0.00142891	-0.00303755	0.00131477	0
4050.967428666	3841.715500432	-0.0140693	0.245506	0.0517705	0.00129201	-0.00291457	0.00131477	0
4036.409136772	3843.283907705	-0.00750172	0.26795	0.0296322	0.000564217	-0.00282675	0.00139539	0
4051.278410917	3849.244001512	-0.00303617	0.297868	0.0266775	-0.000113859	-0.00267813	0.00131477	0
4062.78307323	3847.942598646	-0.000679077	0.217091	-0.0238017	0.000366535	-0.00263844	0.00114214	0
4044.704318167	3840.958338301	-0.0123366	0.182927	0.0255989	0.000750666	-0.00291413	0.00119286	0
4052.450777983	3841.301594878	-0.00751236	0.122898	0.0337841	0.00148514	-0.00297014	0.00113153	0
4035.648130784	3844.699567019	-0.0214916	0.155047	0.0649172	0.00139397	-0.00329873	0.00107433	0
4053.472096528	3838.805006228	-0.0281612	0.153527	0.048298	0.00202099	-0.00315418	0.000898504	0
4009.629602612	3838.053934525	-0.0291066	0.181416	0.0393065	0.00151759	-0.00331048	0.00107562	0
4046.635049673	3839.899090891	-0.0302409	0.248968	0.0297834	0.00138208	-0.00306979	0.00057778	0
4015.43140276	3828.986747466	-0.02928	0.250512	0.0194849	0.000873961	-0.00319969	0.000134996	0
4059.756099271	3839.38457145	-0.0223318	0.284369	-0.0162186	0.000542389	-0.00278886	0.000108393	0
4038.724333594	3832.627118681	-0.0271729	0.202089	-0.0388872	0.000985132	-0.00292365	-0.000129818	0
4039.502869855	3838.411808133	-0.0374728	0.200887	0.0231886	0.00178551	-0.00245185	0.00099848	0
4042.783432431	3832.773288976	-0.0237485	0.170733	0.0228408	0.00218796	-0.00254358	0.00161515	0
4026.253825246	3836.177595163	-0.032557	0.20035	0.0695867	0.00219526	-0.00271083	0.00144729	0
4042.680892337	3828.255652371	-0.0257406	0.194705	0.0765619	0.00176992	-0.00261001	0.00130602	0
4015.006833941	3830.60314732	-0.0304863	0.237285	-0.046799	0.00388215	-0.00356204	0.00199156	0
4052.958195356	3830.262570531	-0.0132555	0.241566	-0.0189829	0.00250678	-0.00300323	0.00197861	0
4015.215035958	3829.935392685	-0.00690382	0.200242	-0.0274683	0.00232391	-0.0030557	0.00171045	0
4032.637966675	3825.679888144	-0.0117686	0.163743	-0.0225573	0.00265325	-0.00290856	0.00144729	0
4021.193819827	3822.757700315	-0.0191603	0.175846	0.000820327	0.00327013	-0.00304024	0.00144729	0
4027.890144212	3834.434514387	-0.0300033	0.194114	0.0354488	0.00309317	-0.0032384	0.00110277	0
4021.432999999	3820.990014206	-0.0430801	0.192267	0.0222654	0.00327013	-0.00367462	0.000891286	0
4008.981462769	3825.754678612	-0.0508944	0.224846	0.0357213	0.00291087	-0.00375297	0.000878802	0
4032.870182766	3834.462773977	-0.0488859	0.216941	0.0180237	0.00284559	-0.00390955	0.00103103	0
4005.309230656	3833.112891297	-0.0479458	0.225204	-0.040692	0.00269873	-0.00400572	0.000581563	0
4049.375055455	3831.383209464	-0.0683382	0.20767	-0.0375602	0.00281076	-0.00470079	0.000789065	0
4010.645397919	3834.969254052	-0.0607915	0.144822	-0.0273976	0.00322894	-0.00377842	0.00107703	0
4052.371771682	3836.292826079	-0.0666437	0.163647	0.027351	0.00269286	-0.00361925	0.000964843	0
4005.802479725	3826.285033168	-0.0676949	0.170853	0.0234472	0.00277722	-0.00352453	0.000964843	0
4027.720124572	3835.859918387	-0.0583917	0.219984	0.042247	0.00281923	-0.0035048	0.000964843	0
4029.281039346	3824.036690403	-0.0329074	0.205939	0.0488046	0.00226468	-0.00351659	0.000964843	0
4030.016830557	3834.973151926	-0.0275728	0.25686	0.0882063	0.00176716	-0.00278389	0.000595643	0
4053.372197982	3833.190117936	-0.0396515	0.163958	0.0316983	0.00115039	-0.00271269	0.000786394	0
4025.029827922	3832.957219932	-0.0435609	0.184397	0.0337052	0.0014152	-0.00249756	0.000959041	0
4053.465612728	3835.219936109	-0.0315921	0.15255	0.052838	0.00166353	-0.00268412	0.00115413	0
4017.961285399	3831.71379795	-0.0333398	0.193443	0.0312384	0.00178962	-0.00261626	0.000920413	0
4048.448112219	3826.196600139	-0.0386328	0.222467	0.0482068	0.00197502	-0.00260889	0.00103568	0
4002.5516946	3830.574400495	-0.0351313	0.221238	0.0353686	0.00218729	-0.00272984	0.000942473	0
4044.538380919	3834.819673116	-0.0388078	0.238055	0.0391471	0.00210486	-0.00284287	0.000943355	0
4015.844204683	3826.105000087	-0.0383216	0.251659	0.0307891	0.00234076	-0.0027524	0.000881149	0
4036.602690204	3838.427886865	-0.0295844	0.267909	0.0375351	0.00175151	-0.00286775	0.000542376	0
4042.988752759	3833.695867159	-0.0369241	0.196985	-0.00704214	0.00208539	-0.00323994	0.000314936	0
4027.332057144	3837.614205552	-0.0501533	0.188418	0.00457902	0.00235197	-0.00327313	0.000119504	0
4040.387548322	3837.965988731	-0.065125	0.141835	0.0216719	0.00235197	-0.00392542	-0.000222726	0
4018.422115469	3835.397045784	-0.0848243	0.16646	-0.0154946	0.00284913	-0.00413437	9.73832e-05	0
4045.950168298	3831.507697833	-0.0794333	0.205712	-0.00614777	0.00357913	-0.00373466	2.79628e-05	0
4010.606735261	3832.791073029	-0.0812596	0.197919	-0.0110349	0.00316431	-0.00414949	0.000244339	0
4046.706611612	3836.090136603	-0.0661714	0.23705	0.00529662	0.00297189	-0.00379407	-2.77176e-05	0
4019.369470667	3830.934953891	-0.0667887	0.255927	-0.0083415	0.0028628	-0.00317451	8.2599e-05	0
4046.083206265	3838.281229335	-0.0627098	0.274339	-0.0117811	0.00213704	-0.00321519	5.1373e-05	0
4049.808029199	3832.52772288	-0.0653244	0.213477	-0.0659821	0.00249924	-0.00391544	4.47471e-06	0
4039.85107392	3833.213017949	-0.0665354	0.212675	-0.00738661	0.00298545	-0.00388365	-0.000271627	0
4058.93553838	3835.882087549	-0.0649269	0.164328	0.0033298	0.00312758	-0.00384598	-0.000409231	0
4031.965332478	3836.263835637	-0.0739627	0.18725	0.00992221	0.00310996	-0.00380866	-0.000361003	0
4055.696520152	3829.052036865	-0.0740085	0.20227	0.018018	0.00286935	-0.00430053	-0.000598558	0
4017.972091732	3822.342089441	-0.0739477	0.213758	0.00975894	0.00337182	-0.0046491	-0.000413692	0
4042.545452963	3828.524605715	-0.0700741	0.2318	0.00177752	0.00294684	-0.00440456	-0.000627164	0
4029.127109136	3827.185685806	-0.0615906	0.24774	-0.032593	0.00290725	-0.0047158	-0.000430333	0
4038.844644102	3838.016904717	-0.0585414	0.292282	-0.0080117	0.00198596	-0.00430522	-0.000485303	0
4052.523780767	3830.750779318	-0.0546279	0.232087	-0.0687342	0.00241535	-0.00466575	-0.00091583	0
4026.502130766	3830.794143173	-0.0586317	0.218996	-0.0219786	0.00269518	-0.00428366	-0.000854458	0
4054.525113649	3834.670335797	-0.0692778	0.188959	-0.00471419	0.0029045	-0.00467155	-0.000750004	0
4020.25318857	3823.738259382	-0.0693217	0.195969	-0.0134073	0.00317764	-0.00446936	-0.000602903	0
4049.072237988	3831.353244554	-0.0808111	0.216224	-0.00450632	0.00269153	-0.00479608	-0.000814945	0
4018.79529417	3819.958539153	-0.0737325	0.207993	-0.0691345	0.00292333	-0.00520681	-0.000468812	0
4051.891730353	3832.368640874	-0.0702036	0.258079	-0.01649	0.00269217	-0.00436779	-0.000621448	0
4037.055355488	3829.861089452	-0.0639303	0.270685	-0.0905193	0.00312274	-0.00453276	-0.000645322	0
4041.245811307	3831.102806114	-0.0602667	0.294107	-0.0463235	0.00206457	-0.00365266	-0.000676017	0
4057.471160181	3822.600810865	-0.0623011	0.201035	-0.117737	0.00295344	-0.00366433	-0.000583761	0
4035.903880666	3823.471254976	-0.0862331	0.201032	-0.071865	0.00293969	-0.00432012	-0.000680043	0
4052.222644286	3826.855828172	-0.100536	0.181311	-0.0533971	0.00325899	-0.00447363	-0.000873553	0
4027.919681522	3824.506140669	-0.119664	0.225642	-0.0936424	0.0034593	-0.00536542	-0.000901938	0
4057.843858601	3821.295266507	-0.105912	0.256312	-0.0730429	0.00269759	-0.0045111	-0.000885735	0
4022.925954946	3824.869373854	-0.0889488	0.289074	-0.112683	0.00199197	-0.00473085	-0.000672107	0
4078.69311732	3826.561295027	-0.0836131	0.31899	-0.106006	0.00157721	-0.00441105	-0.00108801	0
4046.306297007	3823.769442379	-0.0791043	0.258842	-0.176285	0.00196783	-0.00455584	-0.00149443	0
4063.089973089	3828.315094958	-0.0915146	0.209283	-0.114273	0.00272292	-0.00475526	-0.00142971	0
4034.093219527	3823.116792009	-0.109681	0.196976	-0.148974	0.00286064	-0.00550262	-0.00168507	0
4064.679464611	3835.932272683	-0.125627	0.229548	-0.0670369	0.00293368	-0.00571295	-0.00179526	0
4042.775507786	3823.814511553	-0.129837	0.228907	-0.0928881	0.00310144	-0.00595043	-0.00221624	0
4033.764226721	3831.504287193	-0.135739	0.280625	-0.0759948	0.00269844	-0.00584695	-0.00206917	0
4060.485406682	3831.44703716	-0.121719	0.301176	-0.0873957	0.00378945	-0.0056763	-0.00206117	0
4037.458791922	3835.561730984	-0.111931	0.301492	-0.121488	0.0023007	-0.00565297	-0.00187212	0
4080.985260631	3834.224029161	-0.0929798	0.288255	-0.134763	0.00207018	-0.00557088	-0.00185406	0
4046.459266655	3833.429349987	-0.102003	0.193083	-0.205595	0.00245017	-0.00528981	-0.00221624	0
4069.553601101	3836.765686986	-0.110495	0.194296	-0.124663	0.00286808	-0.00526533	-0.00214839	0
4041.29912255	3835.996831231	-0.110632	0.183401	-0.113661	0.00301285	-0.00560006	-0.00221624	0
4063.776055168	3839.347054408	-0.137755	0.223862	-0.0778246	0.003567	-0.00520609	-0.00213808	0
4015.158362745	3834.970959372	-0.143202	0.235729	-0.108617	0.00354575	-0.00587767	-0.00215935	0
4048.852028935	3826.949864396	-0.13366	0.296751	-0.065831	0.0033286	-0.00571452	-0.00234049	0
4047.706077349	3822.946990848	-0.131899	0.304438	-0.106176	0.00321721	-0.00607579	-0.00232316	0
4041.168485991	3829.107581578	-0.133189	0.33109	-0.0966268	0.00261176	-0.00580239	-0.00219781	0
4072.018645742	3830.970765613	-0.130609	0.251732	-0.118066	0.00279021	-0.00566827	-0.00239989	0
4037.368018725	3840.946157443	-0.131144	0.231837	-0.106134	0.00319554	-0.00573984	-0.00234096	0
4066.802548846	3832.427108993	-0.145729	0.217898	-0.0796095	0.00312148	-0.00598974	-0.00260557	0
4017.832089684	3826.453616242	-0.14414	0.205208	-0.111083	0.00326538	-0.00619235	-0.00250154	0
4051.496218563	3832.897046493	-0.15029	0.21708	-0.0888624	0.00367984	-0.00625406	-0.00246381	0
4011.9923473	3820.869423712	-0.130555	0.261746	-0.13211	0.00351048	-0.00579471	-0.00236481	0
4046.812993957	3828.33458433	-0.129013	0.284393	-0.0841425	0.00251821	-0.00562498	-0.00246381	0
4037.802673454	3822.638571525	-0.128195	0.267142	-0.194271	0.00307474	-0.00650172	-0.00246381	0
4042.794478904	3826.421946011	-0.135163	0.257085	-0.110268	0.0032312	-0.00599654	-0.00260674	0
4042.883811258	3825.466723129	-0.139701	0.221997	-0.110669	0.00382433	-0.00595249	-0.00268754	0
4033.051008739	3829.230608243	-0.154195	0.258222	-0.0680222	0.00404019	-0.00576637	-0.00269532	0
4051.967854966	3826.53181735	-0.154544	0.231272	-0.0661907	0.00386418	-0.00586607	-0.00294464	0
4028.731117064	3823.511451807	-0.14993	0.246456	-0.076549	0.00393818	-0.00595186	-0.00272146	0
4056.855919619	3821.578349646	-0.145557	0.268972	-0.0635585	0.00324891	-0.00581433	-0.0026836	0
4012.880627877	3822.081906315	-0.134044	0.259494	-0.121618	0.00310259	-0.00598797	-0.00264239	0
4066.95743962	3822.782549266	-0.134491	0.28292	-0.130392	0.00277337	-0.0062707	-0.00254599	0
4038.797096236	3823.888327553	-0.128049	0.244666	-0.179807	0.00349871	-0.00670517	-0.00276898	0
4059.283982586	3829.030598555	-0.137984	0.223655	-0.110335	0.00361137	-0.00636533	-0.00287172	0
4042.861238029	3825.348325189	-0.138433	0.223056	-0.140853	0.0038477	-0.00666306	-0.00288317	0
4031.137567366	3829.297846579	-0.144863	0.276431	-0.0727593	0.00386726	-0.00667746	-0.00294464	0
4047.002705138	3827.598860509	-0.136321	0.264826	-0.092845	0.00353973	-0.00663632	-0.00294464	0
4030.343181816	3824.753655703	-0.123146	0.29157	-0.112711	0.00309501	-0.00639139	-0.00294464	0
4062.204574201	3827.21199646	-0.12279	0.301764	-0.118115	0.00266004	-0.0066031	-0.00305863	0
4021.703638607	3824.367278888	-0.122457	0.249226	-0.186047	0.00309823	-0.00713888	-0.00317941	0
4052.337911838	3831.222178522	-0.129192	0.242625	-0.119395	0.00345535	-0.00727537	-0.0034556	0
4018.727814624	3831.939631057	-0.127759	0.229212	-0.128977	0.00377712	-0.00717474	-0.00319866	0
4037.440301086	3831.324010495	-0.135567	0.269327	-0.0708683	0.00374639	-0.00701724	-0.0034556	0
4033.382402953	3823.55237949	-0.15306	0.243264	-0.0908008	0.00398412	-0.00723052	-0.0034556	0
4016.148703134	3829.204053973	-0.153904	0.277577	-0.0501359	0.00374282	-0.0068665	-0.00333381	0
4039.472371982	3818.028847633	-0.14078	0.253596	-0.0626084	0.00311229	-0.00628921	-0.00333112	0
4035.991532034	3830.144416208	-0.135277	0.280879	-0.125047	0.00284181	-0.00647512	-0.0034556	0
4071.523955829	3836.312315452	-0.122246	0.319699	-0.124871	0.00280216	-0.00632378	-0.00297733	0
4033.127133352	3824.320017159	-0.128926	0.239453	-0.206253	0.00269907	-0.00653554	-0.00306743	0
4060.892925508	3828.430325874	-0.145204	0.223468	-0.156611	0.0036271	-0.00639872	-0.0032972	0
4039.663043725	3831.534008486	-0.150444	0.206755	-0.137258	0.00334377	-0.00671022	-0.00326777	0
4061.161402849	3827.1742358	-0.168073	0.2476	-0.0889757	0.00369864	-0.00641698	-0.0034556	0
4019.90018169	3818.70488525	-0.16282	0.267532	-0.116839	0.00388323	-0.00687739	-0.0034556	0
4040.686043255	3823.162348417	-0.162956	0.308862	-0.0748556	0.00337756	-0.00636448	-0.00334121	0
4046.276759697	3811.221209728	-0.155381	0.317126	-0.126476	0.00305745	-0.00674595	-0.00336397	0
4039.667366259	3822.386184147	-0.150154	0.363311	-0.11659	0.00234724	-0.00646756	-0.00335985	0
4070.876536408	3823.452740072	-0.143318	0.299033	-0.199872	0.0027202	-0.00609335	-0.00311541	0
4055.473189269	3820.655284229	-0.146094	0.246371	-0.18998	0.00329446	-0.00547712	-0.00264873	0
4064.15595781	3829.36727747	-0.14815	0.190243	-0.111528	0.00397569	-0.00499783	-0.00235327	0
4022.272772148	3834.149969545	-0.123418	0.132884	-0.015749	0.00106307	-0.00162438	0.00917102	0
4056.082666453	3815.074745957	-0.162758	0.206713	-0.232598	0.010248	0.0045888	0.0140996	0
3992.963115209	3822.013937128	-0.16091	0.236757	-0.249817	0.0085257	0.00257516	0.00971709	0
4040.329674405	3818.877366199	-0.154774	0.312077	-0.21986	0.00796737	0.00184796	0.00814208	0
4007.588646509	3820.3112968	-0.139777	0.33681	-0.309628	0.0078669	0.00154748	0.0075734	0
4033.907110458	3814.236946545	-0.14009	0.306577	-0.295471	0.007866	0.00160262	0.00730171	0
4015.288999304	3820.393152166	-0.158554	0.233526	-0.287421	0.00772813	0.00105642	0.00698483	0
4037.298618052	3835.392904292	-0.177592	0.226666	-0.131728	0.00666858	0.000648312	0.00715719	0
4035.571285748	3830.553693036	-0.166502	0.226088	-0.183488	0.00723607	0.000104497	0.00630121	0
4027.816901288	3830.506674924	-0.158267	0.2907	-0.163002	0.00744355	-0.00098801	0.00551391	0
4049.006439427	3825.218964478	-0.142998	0.30247	-0.224763	0.00680999	-0.000495799	0.00562544	0
4034.795631176	3829.048382608	-0.148421	0.316606	-0.299454	0.00583855	6.85235e-05	0.00508104	0
4055.26090486	3823.689779568	-0.154015	0.275614	-0.284961	0.00659678	-0.000164237	0.00483716	0
4030.071102363	3827.780111675	-0.152379	0.209523	-0.294219	0.00758226	-0.000228824	0.00491692	0
4061.770880034	3832.114791794	-0.155277	0.237922	-0.20551	0.00758155	-0.000703498	0.00479065	0
4024.101203701	3826.389301312	-0.153241	0.242966	-0.228976	0.0079151	-0.000868744	0.00473423	0
4041.434081643	3824.868643002	-0.153003	0.289684	-0.171097	0.00796712	-0.0014042	0.00444479	0
4022.439669958	3822.500196978	-0.144668	0.307046	-0.218831	0.00840811	-0.00149322	0.00444479	0
4023.167056244	3822.754533292	-0.14318	0.364733	-0.181014	0.00782919	-0.00136297	0.00433795	0
4058.164686622	3818.503413859	-0.139903	0.328706	-0.241097	0.00724841	-0.00167242	0.00407407	0
4024.73829707	3816.700646879	-0.13494	0.315076	-0.295018	0.00739665	-0.00152026	0.00395664	0
4049.234332984	3813.511211027	-0.13647	0.261625	-0.24584	0.00774478	-0.00153951	0.00378665	0
4017.188512515	3823.702204043	-0.136369	0.221579	-0.229368	0.00720944	-0.00193864	0.0034278	0
4046.782015802	3830.691336731	-0.141408	0.222744	-0.164305	0.00671443	-0.00231255	0.00318658	0
4012.823234241	3821.257993082	-0.127086	0.236192	-0.204494	0.007096	-0.00259902	0.00320463	0
4028.864875453	3823.417659201	-0.154302	0.279239	-0.128246	0.00683477	-0.00264889	0.00266137	0
4020.462111009	3817.64831763	-0.181369	0.287163	-0.187008	0.00679925	-0.00283787	0.00184137	0
4016.637869811	3822.204932981	-0.121608	0.338888	-0.165483	0.00619022	-0.00301619	0.00184781	0
4049.418280787	3820.025290255	-0.165285	0.293711	-0.234934	0.0063099	-0.00338948	0.00144737	0
4020.464752557	3818.944117301	-0.142808	0.263976	-0.239643	0.00670914	-0.00401499	0.00113507	0
4046.598308141	3822.926039773	-0.138271	0.285563	-0.184846	0.00680779	-0.00406841	0.00120103	0
4013.74777607	3818.622299033	-0.13329	0.269546	-0.215391	0.00687233	-0.00469488	0.000890204	0
4044.054497339	3818.30267332	-0.139947	0.312972	-0.173501	0.00669899	-0.00502128	0.000599219	0
4015.992851797	3814.368012577	-0.143558	0.305735	-0.238422	0.00720613	-0.00546945	0.000314229	0
4046.22873155	3821.76154975	-0.14208	0.350681	-0.180218	0.00664158	-0.00570108	4.92586e-05	0
4019.868242972	3812.860509594	-0.152873	0.343892	-0.227878	0.00659298	-0.00540869	0.000108068	0
4028.926831763	3824.715895043	-0.139516	0.373244	-0.198874	0.00583665	-0.0053604	6.68514e-05	0
4062.948530196	3824.315875668	-0.12902	0.303549	-0.28932	0.00583665	-0.00497802	0.000309084	0
4032.958314415	3818.37989996	-0.138708	0.296456	-0.279261	0.00725756	-0.00468482	0.000462314	0
4060.143206135	3826.659959976	-0.140541	0.249838	-0.220271	0.00731938	-0.00465177	0.000462314	0
4035.41159216	3827.054619775	-0.13797	0.253547	-0.208021	0.00701406	-0.00491906	0.000462314	0
4061.383533029	3829.261791239	-0.142639	0.283765	-0.164774	0.00687269	-0.00478617	0.000370272	0
4014.14664983	3820.042099839	-0.143291	0.307473	-0.237038	0.00716648	-0.00537236	0.000292872	0
4045.968899275	3826.249952297	-0.142259	0.33732	-0.183856	0.00685024	-0.00529014	8.94246e-05	0
4040.673555936	3818.546046862	-0.128654	0.352698	-0.236714	0.00685024	-0.00533491	0.000169278	0
4051.977700736	3825.919851046	-0.12937	0.393294	-0.192838	0.00610682	-0.00516358	5.43861e-05	0
4072.803425663	3827.044875088	-0.134087	0.326508	-0.256229	0.00626498	-0.00527356	-0.000103762	0
4046.925860102	3835.940068432	-0.135099	0.301737	-0.287958	0.00690868	-0.00547109	-8.8823e-05	0
4063.199237123	3825.033815437	-0.128231	0.297579	-0.207137	0.00688947	-0.00542252	-9.27346e-05	0
4031.25355534	3829.152163518	-0.132607	0.263684	-0.259117	0.00711924	-0.00582519	-0.000323821	0
4052.817953167	3836.151771744	-0.131235	0.292527	-0.204063	0.00693124	-0.00568353	-0.000275315	0
4036.410097334	3822.551843816	-0.136933	0.306178	-0.24313	0.00753179	-0.00578254	-9.27346e-05	0
4021.43972394	3821.210000501	-0.123077	0.347116	-0.174477	0.00689422	-0.00586351	-0.000230912	0
4056.089630535	3817.165712037	-0.127389	0.324928	-0.206031	0.00653008	-0.00574621	-0.000311014	0
4032.007837388	3821.935736019	-0.122904	0.359757	-0.272192	0.0059112	-0.00584121	-0.000290139	0
4075.619075776	3824.533913025	-0.131039	0.377744	-0.292367	0.00533406	-0.00591695	-0.000520989	0
4025.997595082	3823.476614553	-0.125659	0.297967	-0.348294	0.00653785	-0.00594312	-9.34135e-05	0
4054.467479873	3823.124831375	-0.128203	0.293493	-0.261452	0.00716593	-0.00598112	-0.000633997	0
4020.382864567	3814.821871345	-0.134646	0.297139	-0.289727	0.00738455	-0.00628438	-0.000533567	0
4047.1539938	3820.747371515	-0.140427	0.332194	-0.223195	0.00823929	-0.00591491	-0.000491301	0
4020.071402034	3810.017010109	-0.139288	0.334134	-0.255635	0.00793541	-0.00615469	-0.000425502	0
4030.365514904	3823.021781316	-0.141676	0.387164	-0.182641	0.00696234	-0.00583331	-0.000567085	0
4054.552489693	3819.427697362	-0.119006	0.387684	-0.244194	0.00668416	-0.00575454	-0.000491301	0
4041.722730806	3820.803403462	-0.119832	0.411714	-0.329861	0.0063045	-0.00579936	-0.000708745	0
4074.502661501	3814.711269155	-0.121849	0.344469	-0.355538	0.00712805	-0.00618641	-0.000711917	0
4048.753571234	3821.111335552	-0.127114	0.27801	-0.369805	0.00758797	-0.00641763	-0.000786228	0
4083.76032696	3821.804913605	-0.13474	0.295299	-0.262117	0.00800145	-0.00628882	-0.000970251	0
4039.801604929	3826.781768556	-0.1384	0.303086	-0.294673	0.00763344	-0.00680291	-0.00100493	0
4063.555605973	3822.173749984	-0.140677	0.334997	-0.246535	0.00747599	-0.00612186	-0.000890054	0
4028.289738394	3814.843066038	-0.132352	0.371037	-0.317936	0.00756305	-0.00643326	-0.000813358	0
4061.322777423	3829.42209133	-0.126838	0.423369	-0.290594	0.00695	-0.00620516	-0.0012362	0
4054.266722218	3815.964923058	-0.121354	0.426685	-0.375484	0.00659271	-0.00655291	-0.00109705	0
4045.436267126	3829.732459592	-0.132652	0.371901	-0.407831	0.00681706	-0.0073057	-0.00123621	0
4062.208896734	3814.962925681	-0.143731	0.306483	-0.370496	0.00759024	-0.00722126	-0.00161356	0
4051.889088805	3831.158350826	-0.152781	0.319592	-0.327445	0.0076094	-0.00773899	-0.00152268	0
4074.55789387	3827.156695364	-0.157649	0.318413	-0.304226	0.00889328	-0.00730884	-0.00191261	0
4033.351905079	3824.807007861	-0.160869	0.330853	-0.348549	0.00906772	-0.00758042	-0.00169062	0
4059.810611217	3821.077229149	-0.148038	0.367771	-0.324395	0.00768829	-0.00759883	-0.00186208	0
4042.153543284	3820.502049036	-0.144568	0.388421	-0.383877	0.00705853	-0.00735622	-0.00174967	0
4077.39203482	3826.247272508	-0.133903	0.401908	-0.3732	0.0065783	-0.00733482	-0.00152613	0
4067.635597054	3815.500101517	-0.138767	0.329349	-0.461951	0.0075449	-0.00731177	-0.00160468	0
4056.584320448	3826.14592777	-0.137903	0.336122	-0.319893	0.00820274	-0.007337	-0.00175707	0
4070.067742414	3823.287567637	-0.143298	0.295799	-0.321361	0.00805963	-0.00722425	-0.00175217	0
4043.870789677	3832.668777215	-0.139052	0.342741	-0.288379	0.00797731	-0.00734168	-0.00191035	0
4065.391001608	3823.961412701	-0.148902	0.336126	-0.265051	0.00799145	-0.007307	-0.00169277	0
4020.518784222	3819.405040967	-0.148594	0.352901	-0.329528	0.00806168	-0.00758222	-0.00193276	0
4059.869685838	3817.592042066	-0.147674	0.378671	-0.308525	0.00763798	-0.00756426	-0.00203465	0
4034.432538385	3817.841749654	-0.142838	0.380317	-0.362328	0.00777007	-0.0074995	-0.0020079	0
4053.230514949	3821.746689104	-0.141217	0.390826	-0.316144	0.00749792	-0.00747918	-0.00208147	0
4057.998989516	3821.830980641	-0.143709	0.341026	-0.372768	0.00804238	-0.00764745	-0.00209606	0
4023.323868143	3826.32084489	-0.149333	0.342002	-0.2631	0.00800994	-0.00759154	-0.00185387	0
4056.191930488	3821.175650482	-0.150106	0.301053	-0.272903	0.00809512	-0.00764782	-0.00168534	0
4025.978623964	3821.010478048	-0.155761	0.325664	-0.282122	0.00812457	-0.00776105	-0.00207985	0
4055.426121685	3822.11235846	-0.151685	0.356075	-0.251464	0.00781822	-0.00776382	-0.00174941	0
4021.481028146	3813.940464462	-0.149413	0.342667	-0.335845	0.00725727	-0.00784553	-0.00213274	0
4068.723194441	3822.241231937	-0.145031	0.391154	-0.315226	0.00698249	-0.00791415	-0.00218673	0
4036.775831673	3817.894858195	-0.146457	0.365906	-0.393627	0.00733051	-0.00803853	-0.00215719	0
4043.996383281	3819.211121708	-0.146065	0.34281	-0.305484	0.00780704	-0.00805928	-0.00218786	0
4047.169362807	3817.500929248	-0.15242	0.328548	-0.30701	0.00829766	-0.00802404	-0.00180952	0
4032.568325862	3817.544780337	-0.141436	0.363924	-0.210717	0.00774021	-0.00807302	-0.00217515	0
4049.096252062	3814.177747576	-0.147799	0.335748	-0.237342	0.0076072	-0.00796198	-0.00174467	0
4021.628714698	3816.670925586	-0.148902	0.36741	-0.262605	0.00766637	-0.00829219	-0.00227433	0
4058.593337834	3813.373810949	-0.150533	0.390772	-0.272177	0.00731182	-0.00807293	-0.00183979	0
4034.851824108	3816.769346918	-0.149916	0.388844	-0.348896	0.0068178	-0.00778485	-0.00228691	0
4067.544103434	3816.744497968	-0.148243	0.412061	-0.34669	0.0065488	-0.00821654	-0.00259413	0
4038.395340787	3819.801649702	-0.1453	0.367435	-0.417009	0.0064731	-0.0081849	-0.00259414	0
4059.619699333	3809.73904293	-0.143405	0.305164	-0.388361	0.00714492	-0.00795944	-0.00230092	0
4039.133053124	3821.266519682	-0.131611	0.310658	-0.374102	0.00775326	-0.00811696	-0.00180564	0
4067.031643107	3838.021046209	-0.128473	0.309784	-0.2141	0.00644975	-0.00648031	-0.000586364	0
4049.090248543	3824.43744063	-0.116517	0.328001	-0.222726	0.00572218	-0.00508252	0.000791744	0
4033.726284485	3822.137694645	-0.0795662	0.409529	-0.185032	0.00479793	-0.00454353	0.00475011	0
4052.422921658	3795.071828226	-0.0130836	0.417196	-0.42623	0.0136078	-0.00754369	0.0242707	0
4023.477318073	3795.062814391	0.0258639	0.338788	-0.528336	0.0145996	-0.00677473	0.0203325	0
4047.567035864	3804.935399779	0.00294844	0.263004	-0.509289	0.01415	-0.00685269	0.0166667	0
4018.547709073	3808.906846713	-0.00903312	0.226719	-0.421715	0.0132383	-0.00682581	0.0147904	0
4042.324763628	3806.527194299	-0.0092746	0.311043	-0.359503	0.0129028	-0.00633897	0.0132872	0
4004.026638992	3804.809936942	-0.0137467	0.305697	-0.408215	0.0127188	-0.00661495	0.0129939	0
4024.839876601	3809.275195858	-0.0192452	0.373246	-0.373737	0.0129604	-0.00656352	0.013126	0
4024.70875976	3794.596043913	-0.0295968	0.427178	-0.445289	0.012254	-0.00612266	0.0114281	0
4030.082148837	3814.834052203	-0.0253178	0.464986	-0.454063	0.0116613	-0.00636089	0.0115473	0
4060.083891373	3809.607489664	-0.0277661	0.354526	-0.492966	0.0122836	-0.0063527	0.0109141	0
4014.521989798	3810.338341142	-0.0294684	0.338294	-0.443254	0.0123497	-0.00633126	0.00979369	0
4054.846902233	3819.952692341	-0.0412324	0.314497	-0.367606	0.0129354	-0.00648114	0.0102078	0
4014.702095349	3813.238603426	-0.049237	0.301746	-0.414099	0.0126676	-0.0061746	0.0101532	0
4050.333697267	3815.534938771	-0.0614811	0.319105	-0.349411	0.0117585	-0.0067389	0.00738517	0
4014.604838351	3806.935740275	-0.0609385	0.32452	-0.40481	0.0123483	-0.00702463	0.00869043	0
4011.190757528	3808.271249544	-0.0533357	0.385002	-0.311852	0.0120822	-0.00639586	0.00850625	0
4037.319510296	3805.986364205	-0.0463442	0.379305	-0.401573	0.0120668	-0.00682024	0.00968573	0
4018.528257673	3803.893449188	-0.0459309	0.409007	-0.469396	0.0114272	-0.00655655	0.0101769	0
4052.154684458	3799.187252901	-0.0426908	0.395419	-0.478507	0.0113803	-0.00651947	0.00984503	0
4007.899148479	3802.457082415	-0.0469172	0.316262	-0.50732	0.0117225	-0.00610863	0.00965965	0
4035.651973035	3811.383702373	-0.0576425	0.306816	-0.419245	0.0120737	-0.00619653	0.00944169	0
4005.124562431	3807.535525722	-0.0656522	0.299138	-0.424822	0.0123603	-0.00620459	0.00933412	0
4026.066035192	3802.919955019	-0.0661349	0.33562	-0.340275	0.0124857	-0.00598578	0.00929702	0
4015.681149124	3802.120890735	-0.0779383	0.355385	-0.384197	0.012321	-0.006363	0.00929694	0
4002.538727001	3807.42248736	-0.0661468	0.412011	-0.316116	0.0121215	-0.00640892	0.00891965	0
4027.796729466	3804.961954049	-0.0673489	0.389192	-0.383326	0.0117648	-0.00637372	0.00871769	0
4021.75382802	3810.474523134	-0.0670789	0.444305	-0.46173	0.0118897	-0.00674677	0.00840797	0
4041.748185724	3805.573676737	-0.0627459	0.399689	-0.433849	0.0115345	-0.00665451	0.00810567	0
4011.152094869	3807.935788715	-0.0702944	0.346289	-0.465018	0.0126699	-0.00598245	0.00694848	0
4042.777188772	3810.142472946	-0.0743812	0.339308	-0.390573	0.0126623	-0.00587743	0.00707821	0
4000.64905956	3808.188663327	-0.0838807	0.337563	-0.430919	0.0139788	-0.0060688	0.00698812	0
4039.066774281	3815.37293336	-0.0854912	0.357069	-0.37167	0.0129314	-0.00605813	0.00693021	0
3985.962532514	3805.581716103	-0.0999577	0.392208	-0.431121	0.0137486	-0.00646819	0.00682732	0
4018.714847024	3809.726374837	-0.0918846	0.421411	-0.389538	0.0127775	-0.00651596	0.0063594	0
4014.935752284	3805.135409467	-0.0816718	0.446459	-0.443789	0.0122211	-0.00632252	0.00601261	0
4032.485237168	3816.02899437	-0.0758946	0.496226	-0.388184	0.0121813	-0.00652507	0.00590755	0
4035.338589377	3808.230321861	-0.0848416	0.38178	-0.462998	0.0119907	-0.00635819	0.00613496	0
4026.253825246	3808.688322121	-0.0827917	0.360366	-0.439557	0.0136143	-0.00587232	0.00601669	0
4052.780251071	3818.812807652	-0.0806176	0.314034	-0.369436	0.0129563	-0.00601586	0.00530512	0
4018.260260614	3818.884918331	-0.0825754	0.340706	-0.346991	0.0132343	-0.00613502	0.00492828	0
4047.81101885	3814.454740286	-0.0701827	0.379965	-0.317756	0.0130218	-0.0061377	0.00515577	0
3994.047110485	3806.830497663	-0.0786671	0.37908	-0.367254	0.0129512	-0.00626321	0.00481247	0
4034.565576352	3818.898804509	-0.0819046	0.412973	-0.340342	0.0124128	-0.0067759	0.00459431	0
4020.779336919	3813.094625684	-0.0758401	0.445795	-0.446776	0.0125193	-0.00643338	0.0045525	0
4031.026622346	3822.618107683	-0.0755843	0.479226	-0.413738	0.0115902	-0.00682613	0.00412292	0
4028.269086291	3814.067389002	-0.077123	0.394337	-0.503105	0.0125228	-0.00701742	0.00395792	0
4015.084639539	3818.496105345	-0.0708116	0.380543	-0.408252	0.0128464	-0.00716549	0.00378271	0
4039.420021302	3808.903923307	-0.0820863	0.335315	-0.402516	0.0129066	-0.00737005	0.0035132	0
4022.565503703	3815.184617296	-0.0968076	0.358119	-0.416431	0.0132592	-0.00792906	0.0034305	0
4048.930074673	3811.594431216	-0.0975905	0.398958	-0.377311	0.0138496	-0.0072951	0.00357806	0
4017.093897066	3815.261356701	-0.0808819	0.383229	-0.444106	0.0123896	-0.00708613	0.00330922	0
4048.929114111	3817.499223928	-0.0818516	0.436142	-0.424896	0.0115358	-0.00723195	0.00330923	0
4026.096533065	3808.236899524	-0.0769688	0.425595	-0.436857	0.0115533	-0.00712835	0.00330922	0
4043.250986441	3801.823921418	-0.0661803	0.368469	-0.437394	0.0122752	-0.00668237	0.00330922	0
4023.2640731	3809.601399235	-0.0623554	0.36731	-0.430103	0.012863	-0.00694958	0.00337113	0
4039.956735844	3818.599642637	-0.0784325	0.374283	-0.327946	0.0127571	-0.00708895	0.00330922	0
4038.30456759	3807.378392654	-0.0768009	0.368218	-0.341107	0.0132127	-0.00724855	0.00330922	0
4021.74710408	3813.26393961	-0.0753814	0.422052	-0.302323	0.0126483	-0.00715619	0.00330922	0
4050.199938878	3807.969164266	-0.0729001	0.437585	-0.371498	0.0137872	-0.00695504	0.00608563	0
4030.559068336	3801.881902302	-0.0609135	0.467154	-0.45481	0.0141292	-0.00656052	0.00735446	0
4053.661567567	3804.625762369	-0.0553697	0.439353	-0.450029	0.0129997	-0.00638697	0.00642892	0
4019.931640126	3803.315589286	-0.0647409	0.35759	-0.472679	0.0131942	-0.00639314	0.00568452	0
4042.868442251	3806.573725176	-0.0651793	0.346442	-0.400917	0.0135324	-0.00638602	0.00533135	0
4033.751259121	3804.369964352	-0.0694569	0.356333	-0.418493	0.0139458	-0.00630245	0.00573846	0
4025.444070689	3813.622056835	-0.0652068	0.407788	-0.323703	0.0137988	-0.00637929	0.00482347	0
4027.680981632	3803.931697082	-0.0634971	0.400005	-0.369916	0.0137279	-0.00646425	0.00451007	0
4004.277826201	3803.140428548	-0.0452649	0.456696	-0.38316	0.013058	-0.00648726	0.00429056	0
4053.524447208	3806.243380308	-0.0617479	0.457306	-0.385672	0.0124768	-0.0064299	0.00418586	0
4020.356449086	3811.235095906	-0.0616088	0.424959	-0.461145	0.0132856	-0.00634552	0.00369746	0
4048.763417004	3813.633263224	-0.0678577	0.403487	-0.377355	0.0128854	-0.00680647	0.00356026	0
4028.569022068	3812.764768051	-0.0700723	0.37546	-0.388366	0.0131639	-0.00681089	0.00345941	0
4037.818042461	3820.765399185	-0.0623137	0.407205	-0.292496	0.0127431	-0.00668994	0.00288518	0
4045.031870129	3809.318072478	-0.0719787	0.395485	-0.328596	0.0130149	-0.00668984	0.00267748	0
4021.619109068	3818.38501592	-0.0675075	0.438696	-0.299722	0.013079	-0.00687496	0.00252824	0
4051.50150166	3808.351886824	-0.067904	0.447051	-0.312107	0.0136174	-0.00696107	0.00170013	0
4025.665480446	3805.742747045	-0.0648247	0.432365	-0.371221	0.0125893	-0.00671793	0.0020582	0
4063.576498217	3813.702450497	-0.0653833	0.454846	-0.381463	0.0108677	-0.00683602	0.00244924	0
4044.105887456	3810.112751652	-0.0184382	0.438945	-0.461563	0.0100231	-0.00699881	0.00281255	0
4043.617441202	3810.699138155	-0.0404929	0.356616	-0.453328	0.0110789	-0.00699547	0.00258932	0
4033.475577558	3810.074990993	-0.044577	0.342314	-0.432809	0.0116573	-0.00703676	0.00245436	0
4047.628271751	3813.149439545	-0.0432803	0.358073	-0.315163	0.0118573	-0.00689348	0.00240036	0
4023.334914617	3812.211026247	-0.0502269	0.380121	-0.339062	0.0123489	-0.00708381	0.00262777	0
4037.039266059	3807.802530129	-0.0535144	0.416906	-0.271794	0.0122046	-0.00714314	0.00239376	0
4028.510427729	3801.582496813	-0.0511497	0.43287	-0.298589	0.0124219	-0.00698763	0.00227965	0
4026.742751782	3809.632094997	-0.046746	0.4744	-0.351352	0.0118061	-0.0069155	0.00199559	0
4069.868185464	3814.798240481	-0.0277616	0.487907	-0.392334	0.0113337	-0.00701744	0.00201156	0
4041.354835201	3809.098573417	-0.038876	0.407677	-0.453943	0.0110679	-0.00741318	0.00196128	0
4067.561153427	3807.024173304	-0.0396868	0.36606	-0.391147	0.0115684	-0.00707704	0.00152791	0
4052.820594715	3815.924969843	-0.0557413	0.33353	-0.372838	0.0116002	-0.00741148	0.00154569	0
4064.510645675	3823.814998788	-0.0508318	0.350989	-0.294998	0.0113542	-0.00746216	0.0014659	0
4035.451935803	3810.624591304	-0.0612669	0.347567	-0.336139	0.0111799	-0.00780417	0.0014659	0
4053.321048006	3816.741330945	-0.0617817	0.399524	-0.266236	0.0109611	-0.00792036	0.0014659	0
4044.013913555	3811.744986621	-0.0589045	0.418896	-0.300375	0.0104987	-0.00796533	0.001039	0
4040.448063787	3811.571287586	-0.0558604	0.465662	-0.26964	0.0099243	-0.00764161	0.001039	0
4068.939561243	3811.551310979	-0.0488399	0.423121	-0.297752	0.00964567	-0.00763488	0.000697077	0
4033.495749379	3813.403045008	-0.0633782	0.393406	-0.335904	0.0100612	-0.00809202	0.000573664	0
4061.096564851	3814.960976743	-0.0589338	0.385286	-0.27415	0.010393	-0.00770329	0.000722412	0
4032.264067552	3812.104809165	-0.0671525	0.351927	-0.32905	0.0107122	-0.00777233	0.000909918	0
4058.740303963	3820.257213791	-0.0551732	0.365777	-0.27238	0.0106927	-0.00762509	0.000573664	0
4033.125932648	3813.57016638	-0.0574793	0.377843	-0.311675	0.01085	-0.00781328	0.000951357	0
4043.629688379	3818.639839469	-0.0579175	0.427944	-0.231687	0.010093	-0.00753084	0.000811568	0
4063.572655966	3812.093115542	-0.061172	0.412487	-0.322644	0.00978374	-0.00749577	0.000758493	0
4056.25484736	3813.441049285	-0.0594316	0.467232	-0.369226	0.00931355	-0.00788534	0.000974313	0
4088.303309377	3807.686081127	-0.0585049	0.424142	-0.41769	0.0108487	-0.00765626	0.000694858	0
4044.322734539	3811.012673439	-0.0624348	0.375805	-0.405163	0.0109948	-0.00794959	0.000573664	0
4065.177036213	3808.785525367	-0.0725864	0.391834	-0.369855	0.0114378	-0.00863254	0.000573664	0
4033.014987629	3817.163032248	-0.0833765	0.376592	-0.377391	0.0109135	-0.00875858	0.000573664	0
4060.31490676	3804.78265182	-0.0869925	0.426679	-0.316085	0.0110137	-0.00805958	0.000573664	0
4030.865728054	3803.709030998	-0.0767904	0.42805	-0.373643	0.0103007	-0.00795997	0.000683139	0
4065.02238558	3815.235533282	-0.036867	0.475863	-0.358677	0.00954442	-0.00766349	0.000757009	0
4063.526548945	3806.661183737	-0.0432362	0.459231	-0.448224	0.00947823	-0.00818283	0.00108332	0
4068.342571377	3817.914591185	-0.0311677	0.396004	-0.421161	0.00983261	-0.00766683	0.000735265	0
4056.066577024	3813.433984388	-0.0352436	0.335713	-0.443419	0.0107642	-0.00798337	0.000744479	0
4059.914832296	3820.194116946	-0.0572707	0.371374	-0.305718	0.0109106	-0.00764572	0.000573664	0
4057.403200353	3807.960150431	-0.0700654	0.37404	-0.337815	0.0121399	-0.00795436	0.000312445	0
4037.562772861	3810.899635077	-0.0669802	0.416531	-0.318416	0.0116617	-0.00815683	0.000126516	0
4058.705483557	3809.494694919	-0.0785843	0.446056	-0.289053	0.0114333	-0.00776404	0.00031974	0
4023.55488353	3808.287571893	-0.061766	0.457244	-0.369309	0.011125	-0.00776731	0.000280001	0
4070.124655768	3811.987385695	-0.0691637	0.4838	-0.394318	0.0102383	-0.00798528	0.0006132	0
4037.145888545	3808.759945566	-0.0628394	0.449495	-0.472254	0.0102823	-0.00802469	0.000349986	0
4056.440236007	3810.958346813	-0.0691382	0.373057	-0.424901	0.0112054	-0.00798748	0.000126516	0
4040.125074499	3818.31899567	-0.0714577	0.3525	-0.426114	0.0122153	-0.00820214	-0.000128329	0
4053.398613463	3819.294438776	-0.0846375	0.358659	-0.317293	0.0122258	-0.00824985	-0.000237964	0
4042.098310915	3812.289470972	-0.0921104	0.373338	-0.340707	0.012457	-0.00861759	-0.000410965	0
4024.936653317	3811.794440904	-0.0914252	0.412904	-0.286108	0.0118517	-0.008697	-0.000331759	0
4053.518203549	3811.323041701	-0.0848861	0.411253	-0.289296	0.0108444	-0.00847041	-0.000266407	0
4029.850172887	3809.28956927	-0.0658999	0.442165	-0.369952	0.0101115	-0.00856299	-0.000363261	0
4083.60015309	3811.911620758	-0.0400664	0.463475	-0.359258	0.00968052	-0.00862623	-5.02925e-05	0
4040.612079908	3808.947043544	-0.0603266	0.420455	-0.469386	0.00986777	-0.00858286	-0.000162494	0
4059.476095174	3807.10091271	-0.0649008	0.37197	-0.437877	0.010687	-0.00843852	-0.00031655	0
4035.409671034	3809.36338527	-0.0782061	0.360633	-0.415579	0.0111682	-0.00860247	-0.000379344	0
4053.21466566	3820.795364096	-0.069629	0.372514	-0.336522	0.0113272	-0.00903344	-0.000541429	0
4034.804036101	3810.602178526	-0.0860344	0.385115	-0.345514	0.0104754	-0.00896705	-0.000465842	0
4033.303636792	3811.673119559	-0.0927425	0.427724	-0.28629	0.0110137	-0.00908922	-0.000531416	0
4036.4706128	3807.716776889	-0.0914461	0.40508	-0.325253	0.0111819	-0.00914101	-0.000501561	0
4027.976354735	3809.480321506	-0.0771966	0.459315	-0.309181	0.0104128	-0.00895682	-0.000548911	0
4067.0097903	3811.619523784	-0.0697866	0.456788	-0.313024	0.00964416	-0.008782	-0.000393936	0
4041.603380861	3815.545170692	-0.0757668	0.420083	-0.416203	0.00954348	-0.0095866	-0.000456741	0
4058.267466857	3809.931256869	-0.0856771	0.387291	-0.4029	0.0101744	-0.00959447	-0.000889131	0
4034.436860918	3816.170292323	-0.0853291	0.367915	-0.38017	0.0105172	-0.00935731	-0.000755087	0
4057.497335521	3815.259894998	-0.11017	0.38388	-0.365523	0.0107478	-0.0100957	-0.00109416	0
4038.996172905	3809.227203278	-0.112142	0.382496	-0.424606	0.012017	-0.0104019	-0.00132672	0
4048.975701413	3816.538397851	-0.117007	0.434995	-0.342291	0.0106924	-0.0106996	-0.00121302	0
4048.73291913	3805.839706675	-0.10155	0.438777	-0.368764	0.0113339	-0.0102778	-0.00107549	0
4041.573363269	3808.375761305	-0.0858192	0.488718	-0.35748	0.0110701	-0.00954316	-0.00103622	0
4073.616061909	3805.261359538	-0.0836627	0.445398	-0.379734	0.0108669	-0.00943036	-0.000832267	0
4043.660906675	3809.129269179	-0.0862988	0.413604	-0.442988	0.0111365	-0.00954531	-0.000868709	0
4062.473051542	3807.489725696	-0.101	0.401991	-0.377576	0.011366	-0.00961481	-0.0009232	0
4042.568026192	3813.491965272	-0.0964371	0.359766	-0.391118	0.0110773	-0.00994927	-0.0014258	0
4066.393589175	3813.517057839	-0.105061	0.395044	-0.34417	0.0110709	-0.0101425	-0.00157796	0
4032.565444174	3803.829377875	-0.106377	0.396739	-0.378841	0.0110709	-0.010205	-0.00135673	0
4044.697113945	3813.931450627	-0.102307	0.437925	-0.294651	0.0107966	-0.0101897	-0.00159207	0
4050.805573811	3810.604127463	-0.110335	0.42163	-0.329852	0.0105751	-0.00998538	-0.00145364	0
4043.72478411	3816.068216733	-0.089832	0.428225	-0.335502	0.0102169	-0.00946205	-0.000975477	0
4074.328559468	3813.469552493	-0.0917353	0.383556	-0.400106	0.0109977	-0.00933546	-0.000643538	0
4036.79432251	3813.675896227	-0.0959211	0.341891	-0.454057	0.0118196	-0.0100246	-0.00126817	0
4074.80643953	3813.520712096	-0.0961899	0.285524	-0.597096	0.0136842	-0.011255	-0.000315188	0
4029.801664459	3811.754731307	-0.0870113	0.350781	-0.468143	0.0133961	-0.010294	-0.000728142	0
4047.006547389	3813.208151281	-0.0817552	0.362464	-0.384305	0.0124014	-0.0103518	-0.000994816	0
4009.081841596	3807.258533012	-0.0858774	0.411032	-0.399508	0.0119752	-0.00962874	-0.00126304	0
4042.939523908	3811.927943108	-0.0824191	0.44032	-0.352545	0.0111228	-0.00973372	-0.0014103	0
4046.275318852	3807.737727965	-0.0778335	0.457602	-0.453822	0.0110749	-0.00978297	-0.00149054	0
4047.77187591	3811.924532467	-0.0650865	0.429024	-0.437295	0.0113439	-0.00980858	-0.00172346	0
4060.12519558	3808.634482729	-0.0812364	0.369262	-0.428014	0.0124648	-0.00975435	-0.00170356	0
4041.059221956	3817.306035521	-0.0989646	0.421858	-0.401426	0.0131117	-0.0105664	-0.0018491	0
4063.038342831	3810.279629407	-0.109376	0.399458	-0.400856	0.012646	-0.0110268	-0.00218261	0
4038.244052125	3815.254048186	-0.128025	0.43849	-0.442176	0.012471	-0.0115662	-0.00216479	0
4061.797055374	3810.036012247	-0.114665	0.468842	-0.423341	0.0119603	-0.0111981	-0.00236371	0
4045.140653881	3809.012089326	-0.0962664	0.463748	-0.469494	0.0115633	-0.0111526	-0.00209582	0
4071.835178221	3810.5237338	-0.0928195	0.527692	-0.57121	0.0145482	-0.0101727	-0.000193832	0
4078.918609469	3813.236654488	-0.0988665	0.401109	-0.550824	0.00958694	-0.0090569	0.00136101	0
4059.949172421	3826.27967359	-0.0769128	0.37358	-0.56888	0.0123021	-0.00980044	0.00149608	0
4070.912797659	3812.806913819	-0.0759147	0.364626	-0.504975	0.0139448	-0.00923431	0.000718732	0
4060.430894735	3825.204591065	-0.0800262	0.388011	-0.419508	0.0137813	-0.0093852	0.000231056	0
4070.23319938	3814.695190422	-0.0899293	0.388111	-0.383245	0.0136339	-0.00955606	-0.000157028	0
4026.416880805	3818.510478757	-0.0857314	0.431041	-0.43916	0.0141727	-0.00941531	-0.000334431	0
4058.160123948	3810.919368067	-0.092196	0.478567	-0.400752	0.0135254	-0.00925098	-0.000378443	0
4048.757893767	3807.156944656	-0.0671393	0.495737	-0.462361	0.0134007	-0.00918533	-0.000250373	0
4058.586373752	3817.194458861	-0.0761078	0.537568	-0.440147	0.0126503	-0.0093933	-0.000586963	0
4071.107311654	3811.019981954	-0.0797835	0.466153	-0.547217	0.0130174	-0.00941723	-0.000807344	0
4047.633074566	3808.796244522	-0.0808663	0.414659	-0.520686	0.0132993	-0.00942762	-0.000764537	0
4063.890602298	3812.934325594	-0.0904677	0.388589	-0.453012	0.0134833	-0.00965209	-0.000935126	0
4034.672198838	3810.282309195	-0.0984315	0.372365	-0.459025	0.0134116	-0.0101944	-0.000948419	0
4055.205192209	3809.588000291	-0.105437	0.407954	-0.393361	0.0134666	-0.0102446	-0.00113109	0
4017.097018895	3801.270666849	-0.111896	0.419218	-0.453811	0.0133078	-0.0105164	-0.00103081	0
4034.138846267	3818.07878915	-0.113821	0.46462	-0.36679	0.0129459	-0.010494	-0.00150904	0
4037.636976348	3804.893984862	-0.108283	0.4705	-0.432197	0.0131262	-0.0104339	-0.00125435	0
4034.760570628	3803.218629656	-0.099782	0.50065	-0.449168	0.0122555	-0.010498	-0.00135396	0
4067.547225264	3802.863923072	-0.0938124	0.490733	-0.457169	0.0119338	-0.0102521	-0.00152113	0
4033.316604391	3803.669565018	-0.0843752	0.454181	-0.552755	0.0116915	-0.0102191	-0.00113972	0
4061.636641363	3803.613045837	-0.0793496	0.39089	-0.513899	0.012069	-0.0102011	-0.00114388	0
4048.666880428	3808.814759427	-0.0881588	0.361846	-0.484541	0.0127569	-0.0101561	-0.00107666	0
4063.526548945	3807.852715264	-0.101433	0.373481	-0.451042	0.0127813	-0.0103196	-0.0012138	0
4043.411640592	3802.031970472	-0.105409	0.394759	-0.478672	0.0128189	-0.0106755	-0.00128889	0
4040.321029338	3808.408893239	-0.106717	0.468214	-0.402328	0.0125543	-0.0105895	-0.00155612	0
4057.532636209	3803.047123176	-0.109938	0.468771	-0.454159	0.0123327	-0.0105693	-0.00141955	0
4041.627154794	3804.399685645	-0.105685	0.521111	-0.520985	0.0122669	-0.0105136	-0.0013851	0
4071.120519395	3796.414402392	-0.100272	0.515881	-0.501827	0.0117269	-0.0104752	-0.00137165	0
4026.27159566	3806.026804653	-0.102607	0.470285	-0.59158	0.0117423	-0.0103312	-0.00130504	0
4056.330251551	3799.71565852	-0.110601	0.408979	-0.57512	0.0121157	-0.0106184	-0.00145361	0
4035.876264481	3806.208786672	-0.115664	0.390595	-0.593176	0.0123921	-0.011141	-0.00193394	0
4054.524633367	3811.506485422	-0.119744	0.412608	-0.484539	0.0130199	-0.0111357	-0.00192815	0
4048.411850968	3806.345212281	-0.12439	0.409307	-0.486813	0.0125548	-0.011343	-0.00206202	0
4025.231065857	3808.335320857	-0.122001	0.460631	-0.444255	0.0123664	-0.0115496	-0.00203882	0
4059.571671186	3808.944607373	-0.127713	0.461569	-0.485858	0.012128	-0.0111953	-0.00185866	0
4029.714013091	3808.066367513	-0.116838	0.492912	-0.562447	0.0114663	-0.0112538	-0.00160178	0
4070.52713164	3813.913422957	-0.10709	0.504806	-0.603334	0.0113358	-0.0112373	-0.00178438	0
4040.277323724	3810.083030359	-0.097342	0.406232	-0.66745	0.0113863	-0.0113242	-0.00153515	0
4059.863202038	3808.38306982	-0.1078	0.389083	-0.615384	0.0128647	-0.0113214	-0.000670091	0
4034.518508768	3808.101692001	-0.0998789	0.393329	-0.662589	0.0143807	-0.011025	0.001306	0
4051.524795311	3811.912595227	-0.0947261	0.429132	-0.56598	0.0147993	-0.0106992	0.00140287	0
4037.968610702	3797.666594591	-0.0964876	0.438613	-0.577621	0.0152329	-0.0107619	0.00101097	0
4025.977903542	3808.507314571	-0.0884041	0.492273	-0.555069	0.0144546	-0.0107667	0.00073389	0
4050.266457861	3804.674729418	-0.0872175	0.492839	-0.548362	0.0146355	-0.0102266	0.000612594	0
4021.581166832	3805.716923627	-0.084843	0.522452	-0.64247	0.0138451	-0.0102175	0.000586112	0
4070.812418832	3811.693827017	-0.0829547	0.510855	-0.676104	0.012974	-0.0102658	0.0004167	0
4014.862029078	3801.700407518	-0.0825104	0.405911	-0.722229	0.0138826	-0.0100505	0.000212326	0
4052.115061236	3810.823139289	-0.0875894	0.388045	-0.649984	0.0140185	-0.010467	-6.32584e-05	0
4019.691259251	3811.637795071	-0.0979519	0.374081	-0.645508	0.0146491	-0.0107489	-7.3398e-05	0
4055.160766173	3809.728080158	-0.103933	0.40175	-0.543342	0.0147035	-0.0105862	-0.000421583	0
4019.133172184	3806.728178456	-0.0943346	0.444339	-0.56799	0.0151974	-0.0103946	-0.000102884	0
4015.997174331	3801.889454434	-0.103622	0.498357	-0.47634	0.0150625	-0.0105638	-0.000499339	0
4034.852784671	3800.177556654	-0.106755	0.482975	-0.561375	0.0151397	-0.0104288	-8.32126e-05	0
4029.732984209	3799.387018972	-0.101922	0.529651	-0.613141	0.0144442	-0.0106966	-0.000326587	0
4061.36432177	3800.070365104	-0.0967293	0.516048	-0.62476	0.0135436	-0.0104071	-0.000332461	0
4018.042693108	3803.949724752	-0.111469	0.449438	-0.721768	0.0129383	-0.0106498	-0.000216871	0
4044.726651255	3804.60944002	-0.0970731	0.405123	-0.703854	0.0140176	-0.0107925	-0.000213782	0
4024.675620338	3805.895738622	-0.107343	0.37884	-0.666353	0.0146876	-0.0105436	-0.000335114	0
4056.662846468	3809.362167184	-0.103764	0.384612	-0.582639	0.0147319	-0.0105529	-0.000129373	0
4031.098664567	3802.336248304	-0.108664	0.407543	-0.584561	0.0154264	-0.0101977	-0.000216588	0
4027.933369544	3802.02441834	-0.105971	0.470435	-0.507835	0.0147614	-0.0106593	-0.000365352	0
4039.005778535	3791.679702897	-0.103374	0.471325	-0.581112	0.0146417	-0.0102944	-0.000523859	0
4030.57659861	3802.31091212	-0.105846	0.497352	-0.641327	0.0140933	-0.0103084	-0.000455715	0
4069.760602415	3804.48933676	-0.100726	0.516346	-0.666214	0.0136414	-0.0106788	-0.000588989	0
4023.804149612	3797.614704136	-0.106245	0.443951	-0.763233	0.01389	-0.0106969	-0.000464418	0
4056.754099947	3794.539768349	-0.104374	0.423258	-0.672768	0.0145306	-0.0106512	-0.000987243	0
4015.881426497	3802.620062295	-0.108773	0.375681	-0.638987	0.0145467	-0.0106252	-0.00084155	0
4045.92807535	3812.967701144	-0.11343	0.402028	-0.555666	0.0145878	-0.0104564	-0.000848269	0
4020.140802706	3798.595019586	-0.11228	0.432954	-0.580353	0.0148555	-0.0104384	-0.000745978	0
4016.507953673	3802.257803579	-0.118039	0.461828	-0.500618	0.0147693	-0.0104382	-0.000834114	0
4021.402502126	3799.700554256	-0.119412	0.471036	-0.568571	0.0146106	-0.0105638	-0.000911211	0
4026.70625039	3803.332642487	-0.114467	0.505976	-0.588614	0.013941	-0.010701	-0.000873575	0
4047.28150853	3806.984950942	-0.0981817	0.47926	-0.599779	0.0138672	-0.0105996	-0.000925827	0
4024.52241055	3805.575382057	-0.108103	0.456177	-0.647774	0.015561	-0.0110145	-0.000781644	0
4049.564766635	3804.311983468	-0.114884	0.437332	-0.574042	0.0151329	-0.0106406	-0.00107872	0
4013.431030441	3806.919417926	-0.115969	0.403681	-0.57306	0.0149438	-0.010671	-0.000956983	0
4050.269579691	3802.450748369	-0.119805	0.440284	-0.551212	0.0147397	-0.0105029	-0.000592869	0
4012.647691364	3803.051508285	-0.0967842	0.443126	-0.616634	0.0142065	-0.0107412	-0.00072125	0
4046.22224775	3804.900075291	-0.10348	0.480049	-0.566802	0.0140346	-0.0105578	-0.000741666	0
4038.143913438	3793.800146653	-0.116206	0.498391	-0.678667	0.0140269	-0.0108205	-0.00124148	0
4039.670007807	3808.011553652	-0.16312	0.467994	-0.604957	0.01461	-0.0108356	-0.0019784	0
4045.783750769	3808.222526112	-0.167665	0.409871	-0.615913	0.0149211	-0.011189	-0.00189861	0
4043.212083642	3808.3813645	-0.141227	0.454562	-0.522487	0.0144256	-0.0109671	-0.00153765	0
4050.120212154	3802.494112224	-0.128011	0.424694	-0.523334	0.0144256	-0.0111738	-0.001288	0
4032.295045706	3806.897735999	-0.131592	0.451234	-0.542376	0.0143279	-0.0112769	-0.00121988	0
4059.504671921	3804.807013536	-0.124943	0.487669	-0.529976	0.0139502	-0.0109368	-0.00136778	0
4026.211320336	3804.913961469	-0.122152	0.482207	-0.619838	0.0138195	-0.010989	-0.000983495	0
4055.783451098	3809.044977642	-0.108114	0.505913	-0.622927	0.013112	-0.0108321	-0.00101998	0
4032.588017403	3803.802579987	-0.104485	0.488082	-0.699448	0.0125255	-0.0109661	-0.00119131	0
4044.191377558	3815.296681189	-0.111768	0.425197	-0.641876	0.0135031	-0.0109238	-0.00120779	0
4045.144976415	3806.468969798	-0.122357	0.410434	-0.650621	0.014811	-0.0113534	-0.00119443	0
4045.291222122	3817.078740711	-0.128802	0.422365	-0.524035	0.0149755	-0.0112338	-0.0013919	0
4046.119467516	3805.246742509	-0.133831	0.421577	-0.538812	0.0156406	-0.0113137	-0.00167006	0
4028.780826196	3811.170780976	-0.134744	0.461296	-0.541557	0.0152623	-0.011489	-0.00143524	0
4050.623547134	3800.616311158	-0.13962	0.472879	-0.515659	0.0137475	-0.0111247	-0.00130727	0
4019.164150339	3807.569632124	-0.140636	0.495779	-0.591296	0.0137894	-0.0109688	-0.00137781	0
4064.576684377	3802.602034625	-0.126066	0.523266	-0.622454	0.0128716	-0.0113587	-0.0014392	0
4037.58558623	3803.415959555	-0.126818	0.489972	-0.693984	0.0127269	-0.0114695	-0.00140733	0
4056.242360042	3810.996838324	-0.118447	0.426625	-0.669236	0.0133351	-0.0112679	-0.00128091	0
4039.389763569	3807.645397061	-0.13216	0.4127	-0.611987	0.0138041	-0.0114876	-0.00168329	0
4062.640909915	3818.229100938	-0.130832	0.40988	-0.522447	0.0137704	-0.0112679	-0.00174589	0
4035.783089876	3812.581324329	-0.134374	0.428058	-0.544569	0.0134985	-0.0113635	-0.00157948	0
4047.815101243	3815.920341117	-0.137701	0.486186	-0.470645	0.0134518	-0.0115305	-0.00193284	0
4050.058495985	3806.187591979	-0.134207	0.466696	-0.510584	0.0133757	-0.0115059	-0.00188852	0
4027.986920928	3808.691976378	-0.140271	0.513308	-0.567189	0.0131308	-0.011591	-0.00199678	0
4073.563711229	3806.397102736	-0.138587	0.534365	-0.553587	0.012535	-0.0116881	-0.00207263	0
4040.618323568	3808.476618809	-0.124876	0.486437	-0.640027	0.0123836	-0.0120092	-0.00178808	0
4053.806852712	3814.911035226	-0.125242	0.437736	-0.615056	0.0122507	-0.0119354	-0.00202649	0
4054.592593195	3812.996204352	-0.13501	0.41337	-0.613471	0.0128797	-0.0120679	-0.00206176	0
4062.92355556	3821.839994476	-0.136332	0.436903	-0.522664	0.0130626	-0.0116985	-0.00218815	0
4052.989413651	3811.214388448	-0.139379	0.442664	-0.562463	0.0140246	-0.0124153	-0.00228285	0
4052.550676529	3806.190271767	-0.139821	0.473233	-0.551581	0.0133181	-0.012734	-0.00232252	0
4061.617430104	3804.21575469	-0.146142	0.490596	-0.554821	0.0134895	-0.0122845	-0.00238295	0
4055.747189847	3806.267742024	-0.138335	0.515045	-0.640165	0.0130805	-0.0124823	-0.00230343	0
4081.023202867	3808.988945696	-0.137207	0.523021	-0.624342	0.0120311	-0.0125158	-0.00232462	0
4048.382553799	3798.090001215	-0.122165	0.444854	-0.672032	0.0124465	-0.0124692	-0.00206713	0
4057.152253285	3808.044685585	-0.126529	0.441337	-0.605785	0.0126227	-0.0126021	-0.00230501	0
4060.005365353	3817.05048112	-0.13685	0.443389	-0.604428	0.013593	-0.0123248	-0.00220817	0
4046.868706608	3812.949673475	-0.141365	0.470809	-0.49101	0.0131305	-0.0124692	-0.00241891	0
4056.936847046	3805.728130016	-0.133025	0.440851	-0.51534	0.0131676	-0.0124716	-0.00220061	0
4034.961568423	3804.863776334	-0.121329	0.484685	-0.529784	0.0125834	-0.0125071	-0.00240417	0
4064.732535714	3798.832546317	-0.130896	0.513252	-0.496012	0.0124212	-0.0119381	-0.00250755	0
4038.349233766	3803.069779572	-0.130666	0.474253	-0.587334	0.0110863	-0.012101	-0.00200057	0
4071.266284821	3807.858562076	-0.110536	0.485549	-0.589765	0.010594	-0.0119412	-0.00216938	0
4047.706557631	3805.213610575	-0.0992054	0.447633	-0.664347	0.0112486	-0.012286	-0.00217933	0
4060.799270622	3805.56393205	-0.103896	0.406634	-0.580257	0.0122118	-0.0123146	-0.00200057	0
4046.799786217	3803.557013891	-0.105152	0.403136	-0.579882	0.0125393	-0.0122354	-0.00200057	0
4055.346394961	3813.590630221	-0.121658	0.431725	-0.462486	0.0122092	-0.0120401	-0.00200057	0
4052.647453245	3805.149539262	-0.123268	0.433683	-0.49259	0.0124088	-0.0119496	-0.0021819	0
4034.841738197	3803.044443387	-0.132313	0.484069	-0.499338	0.012067	-0.0121153	-0.00237376	0
4069.575694049	3806.072361062	-0.131054	0.51233	-0.510496	0.0116767	-0.0120152	-0.00215097	0
4036.401692409	3805.736900234	-0.12807	0.505653	-0.611338	0.0110709	-0.0121164	-0.00242066	0
4076.605333773	3806.820265742	-0.1187	0.493534	-0.648318	0.0115964	-0.0128238	-0.00241848	0
4043.650580623	3809.778996144	-0.114108	0.423473	-0.671399	0.0131964	-0.012486	-0.00228119	0
4067.590450596	3816.223888098	-0.139368	0.413855	-0.62808	0.0140857	-0.0121032	0.00410865	0
4040.674036218	3809.998738822	-0.179721	0.238612	-0.405823	0.00556882	-0.0126223	0.0192064	0
4047.115091001	3805.28182338	-0.102551	0.451641	-0.781736	0.0179799	-0.00674499	0.0285566	0
4042.346376294	3792.508244856	-0.00786972	0.434623	-0.760663	0.0161814	-0.00823293	0.0206755	0
4037.253951876	3801.782993735	0.0572317	0.375165	-0.501683	0.00635775	-0.00921288	0.0204101	0
4056.176081199	3814.859388388	0.0807896	0.226598	-0.383131	0.000594182	-0.00821952	0.0197144	0
4033.141301655	3823.916099909	0.0318188	0.298711	-0.438958	0.00608016	-0.0083313	0.015948	0
4067.047012114	3829.595059514	0.0068988	0.304139	-0.357287	0.00668358	-0.00797783	0.0145452	0
4033.053890428	3827.477539163	-0.0133204	0.380524	-0.413048	0.00962809	-0.00769532	0.0102537	0
4055.962115805	3820.303988285	-0.00632683	0.438379	-0.330233	0.00941318	-0.00711804	0.00867538	0
4026.197392173	3819.339751568	0.0361498	0.467405	-0.381351	0.00796837	-0.00777657	0.00916129	0
4053.131336825	3819.064464178	0.0542389	0.528975	-0.345054	0.00771081	-0.00650219	0.00771604	0
4057.449787656	3824.079079789	0.0597312	0.441418	-0.482338	0.0081789	-0.00704646	0.00735657	0
4047.632354144	3807.067293542	0.0353415	0.38926	-0.433343	0.00972367	-0.00621184	0.00711251	0
4063.10990477	3831.658253237	-0.00375967	0.155041	0.00361432	-0.00411433	-0.00490177	0.00723949	0
4028.764016345	3847.006134285	0.00359715	-0.0530101	0.333435	-0.0185361	-0.00691966	0.0155735	0
4036.440835348	3847.370585556	-0.0338531	0.013054	0.303661	-0.0121867	-0.00345886	0.0177911	0
4014.214129376	3846.813676729	-0.0376083	0.15259	0.25967	-0.00104371	-0.00258357	0.0139179	0
4028.289017972	3829.738793638	-0.0237908	0.173645	0.255662	-0.00177488	-0.00272472	0.0133903	0
3996.043160271	3832.375949389	-0.0316031	0.235797	0.168098	-0.00148611	-0.00208943	0.0115229	0
4031.699976966	3836.403915504	-0.0254587	0.267581	0.0743661	-0.00145386	-0.00235934	0.0103562	0
4024.655448517	3836.343498449	-0.0566943	0.196759	-0.00292499	-0.00021491	-0.00234973	0.00985192	0
4013.91779571	3830.977586894	-0.0824114	0.217435	0.0410139	0.000842273	-0.00226021	0.00891179	0
4029.013762709	3830.763691028	-0.099944	0.19586	0.022193	0.00255198	-0.00181949	0.00756439	0
4023.380301216	3831.920385301	-0.110668	0.257443	0.00344325	0.00441484	-0.00151324	0.00647501	0
4034.525472849	3828.726807957	-0.0832023	0.287546	0.0302473	0.00405259	-0.00118571	0.0048766	0
4000.652901812	3828.479780158	-0.0673972	0.315466	0.00584196	0.0038981	-0.00143191	0.00437357	0
4056.492826828	3832.309441905	-0.059784	0.342487	-0.0160734	0.00331928	-0.00178229	0.00437357	0
4027.248248028	3830.645780323	-0.0603976	0.288644	-0.131744	0.00391113	-0.00282467	0.00402803	0
4042.862198592	3827.878045774	-0.0660599	0.253509	-0.0877052	0.00438425	-0.00303856	0.0038348	0
4032.102212696	3835.246977614	-0.0689001	0.247079	-0.0588355	0.00451705	-0.00331942	0.00335543	0
4029.9457489	3835.285956359	-0.0720243	0.284393	0.00461308	0.00476962	-0.00356895	0.00275612	0
4031.227620141	3830.283521606	-0.0696483	0.302893	-0.0214784	0.00499784	-0.00498399	0.00216953	0
4014.642540447	3835.839210928	-0.0698943	0.341804	-0.0186391	0.00438761	-0.00527634	0.00143474	0
4044.385411271	3823.330931492	-0.0625218	0.349348	-0.0226246	0.00386483	-0.00548261	0.00113026	0
4012.095127534	3825.392176278	-0.0565603	0.359209	-0.0852504	0.00376194	-0.00595008	0.00103087	0
4060.457310216	3833.741179951	-0.0567316	0.353672	-0.0982674	0.00373742	-0.0057828	0.000630119	0
4021.260819092	3829.544387144	-0.0641875	0.286806	-0.139323	0.00437716	-0.00617859	0.000715636	0
4039.675771184	3831.651675574	-0.0745533	0.299933	-0.111445	0.00530962	-0.00646639	0.000254806	0
4023.402634304	3832.268757839	-0.0919064	0.297834	-0.13609	0.0058863	-0.0067873	0.000239067	0
4031.072489227	3828.47271526	-0.0882363	0.317013	-0.065307	0.00554983	-0.00659714	-3.31172e-07	0
4030.110245303	3826.843647314	-0.0917907	0.310295	-0.0929705	0.004749	-0.00712868	0.000194166	0
4020.808153808	3830.703030355	-0.0846263	0.374719	-0.0754321	0.00436564	-0.0067614	1.73e-05	0
4063.338038468	3830.707171847	-0.0797629	0.353219	-0.0968882	0.00402619	-0.00685622	-0.000122642	0
4036.98739566	3835.691335313	-0.0797134	0.352477	-0.164718	0.00387645	-0.00757102	-0.000152733	0
4060.959444492	3828.232021506	-0.076082	0.330575	-0.140549	0.00430327	-0.00759479	-0.000339495	0
4023.449461747	3834.184563181	-0.0860908	0.299554	-0.14173	0.00484982	-0.0075388	-0.000234214	0
4054.21172999	3825.963945752	-0.0836327	0.313385	-0.109261	0.00465114	-0.0076586	-0.000601753	0
4004.075867843	3828.676135588	-0.0869256	0.31166	-0.132361	0.00495626	-0.00805103	-0.000601753	0
4036.820978131	3820.620203358	-0.0851357	0.345359	-0.109576	0.00478738	-0.00798765	-0.000601753	0
4010.929484408	3827.679010554	-0.0763079	0.365792	-0.141188	0.00451277	-0.00786268	-0.000761504	0
4029.914050323	3822.548433175	-0.0707532	0.400903	-0.0954519	0.00427425	-0.00772958	-0.000601753	0
4044.672379449	3824.3731257	-0.070342	0.336358	-0.156086	0.00498414	-0.00866829	-0.000969374	0
4020.523587037	3823.381116627	-0.0700252	0.35079	-0.116797	0.00498414	-0.00833331	-0.000601753	0
4050.877856172	3820.829714115	-0.0781638	0.311822	-0.099237	0.00482639	-0.00832191	-0.000748777	0
4022.19160458	3824.856218527	-0.0771582	0.308824	-0.116043	0.00490024	-0.00828549	-0.000754246	0
4061.633999815	3828.689778149	-0.0860492	0.331563	-0.0766175	0.00459398	-0.00819861	-0.00089848	0
4014.204283606	3820.645052308	-0.0844088	0.315409	-0.127332	0.00490067	-0.00837722	-0.000944091	0
4046.424206108	3825.863819099	-0.0757094	0.341418	-0.112493	0.00466617	-0.0080067	-0.00102878	0
4034.186153991	3830.082293833	-0.0807956	0.36188	-0.149804	0.00462615	-0.00796437	-0.000966476	0
4053.015588991	3824.032548911	-0.078682	0.394024	-0.119933	0.0039466	-0.00768935	-0.00104063	0
4059.264531187	3826.407572599	-0.078211	0.349122	-0.221536	0.00439373	-0.00814745	-0.000996793	0
4038.391738676	3831.254335987	-0.0734648	0.329579	-0.130385	0.00434036	-0.00779995	-0.00102878	0
4060.409522209	3832.142807768	-0.0753935	0.286954	-0.119708	0.00485401	-0.00784551	-0.00102878	0
4034.091538542	3831.051890127	-0.0783163	0.317451	-0.0912439	0.00468896	-0.0074817	-0.00102878	0
4053.948535745	3825.685491338	-0.085709	0.316896	-0.0715448	0.00502907	-0.00767884	-0.00107897	0
4019.511633981	3829.627704213	-0.0856151	0.33997	-0.0993575	0.0047736	-0.00771358	-0.00102878	0
4062.104435514	3830.644075002	-0.0710632	0.36648	-0.0925439	0.00420933	-0.00765476	-0.00122719	0
4026.703848983	3823.120446266	-0.0683744	0.372053	-0.154857	0.00403541	-0.00794222	-0.00102878	0
4057.076128672	3835.245272294	-0.073401	0.390204	-0.14399	0.00378553	-0.00774375	-0.00102878	0
4039.543453639	3821.478222994	-0.067725	0.320967	-0.213213	0.00419629	-0.00789521	-0.00102878	0
4034.345607439	3836.461409154	-0.0729151	0.333278	-0.107927	0.0046092	-0.0076531	-0.00110788	0
4041.502521752	3830.858214486	-0.083835	0.313967	-0.125135	0.00571005	-0.00808979	-0.00117752	0
4038.889550419	3835.061584955	-0.0875451	0.336979	-0.0859438	0.00552846	-0.00791633	-0.00112728	0
4048.809283884	3822.925308921	-0.0853752	0.334198	-0.0812559	0.0049099	-0.00768128	-0.00144373	0
4023.717939089	3829.968524619	-0.0709506	0.364915	-0.126282	0.00450769	-0.00754174	-0.00145589	0
4071.467042475	3823.895148833	-0.0613041	0.393832	-0.105336	0.00354628	-0.00751129	-0.00129819	0
4033.152107988	3830.267442874	-0.0644529	0.351462	-0.175696	0.00317545	-0.00746898	-0.0014318	0
4062.766023238	3823.064901554	-0.0762597	0.313288	-0.170387	0.00426037	-0.00813618	-0.00168504	0
4040.162536453	3829.881066059	-0.0743547	0.308218	-0.147963	0.00498822	-0.00788929	-0.00157471	0
4065.895777432	3832.581318655	-0.0824059	0.333448	-0.099195	0.00532967	-0.0077235	-0.00154233	0
4030.614540846	3827.808127649	-0.079938	0.340413	-0.110451	0.00534051	-0.00796158	-0.0011306	0
4051.753889572	3826.658985508	-0.0791443	0.383499	-0.0709647	0.00518502	-0.00797582	-0.0016185	0
4053.323689554	3824.103441505	-0.0763045	0.395542	-0.10398	0.00463065	-0.00815456	-0.00153047	0
4033.411219841	3827.780355293	-0.0613363	0.428441	-0.103536	0.00415837	-0.00801433	-0.00138234	0
4074.747364909	3828.668583456	-0.07034	0.374781	-0.141091	0.00420052	-0.0082634	-0.00193012	0
4046.128112582	3827.28654331	-0.0745109	0.35599	-0.195532	0.00480976	-0.00846697	-0.00159258	0
4062.26004671	3827.57985837	-0.0801348	0.339137	-0.143806	0.00550671	-0.00850028	-0.00172971	0
4035.438968204	3832.340137667	-0.0825548	0.323138	-0.15508	0.00570043	-0.00860156	-0.00169136	0
4067.345507047	3834.683491124	-0.0835345	0.344239	-0.10871	0.00518228	-0.00889816	-0.00174999	0
4029.296408353	3827.217599654	-0.0856345	0.339174	-0.146499	0.00555769	-0.00890114	-0.00152386	0
4034.777140339	3832.736746402	-0.0833086	0.407222	-0.0963371	0.00499801	-0.00825242	-0.00177144	0
4048.897175393	3822.091407384	-0.0832413	0.405949	-0.123664	0.00466466	-0.00848898	-0.00183669	0
4036.273457256	3826.560076941	-0.0709547	0.433066	-0.135199	0.00392848	-0.00846208	-0.00182265	0
4078.336268188	3825.344427315	-0.0811799	0.408739	-0.149585	0.00436915	-0.00853319	-0.00186881	0
4035.745627922	3833.970180081	-0.0809923	0.334121	-0.211363	0.00473413	-0.00884498	-0.00166072	0
4058.531621665	3821.504533647	-0.0887337	0.340495	-0.14669	0.00499125	-0.00857255	-0.0018812	0
4036.87284853	3832.041463029	-0.0957795	0.303452	-0.180421	0.00510888	-0.0087999	-0.00185659	0
4048.653192406	3826.079420285	-0.105593	0.340794	-0.137333	0.00478238	-0.00903875	-0.00244388	0
4036.304915693	3825.072550565	-0.106918	0.360952	-0.16711	0.00523527	-0.00942822	-0.00216931	0
4025.730318445	3826.877022865	-0.117057	0.400014	-0.114611	0.00526755	-0.00926104	-0.00238495	0
4046.819477757	3818.468576606	-0.102803	0.386529	-0.13107	0.00472147	-0.00892749	-0.00251915	0
4026.289125934	3828.978464483	-0.0894367	0.406873	-0.15937	0.00405019	-0.00871662	-0.00231281	0
4069.950073454	3826.316703398	-0.0851074	0.423952	-0.150786	0.004209	-0.00889688	-0.00249663	0
4042.384798811	3825.437001836	-0.085615	0.325401	-0.247076	0.0044174	-0.00911057	-0.00244723	0
4071.446870653	3825.982704273	-0.10146	0.340618	-0.208128	0.00558685	-0.00926433	-0.00253952	0
4038.447931608	3823.206443123	-0.100958	0.302922	-0.205046	0.00563531	-0.0096588	-0.00187892	0
4076.8625245	3823.520952876	-0.153525	0.341056	-0.348419	0.00724868	-0.0112019	-0.00132002	0
4019.776749352	3808.657139124	-0.164728	0.367521	-0.326634	0.0050443	-0.0111183	-0.000582312	0
4079.891659726	3826.741815342	-0.138109	0.422053	-0.290629	0.00568095	-0.00991641	-0.000738946	0
4045.935759854	3811.892862237	-0.0973523	0.43667	-0.14538	0.00513748	-0.0074678	-0.000607549	0
4040.875994576	3797.167666649	-0.0602675	0.340026	0.00171592	0.0034473	-0.00349912	0.000276318	0
3951.057836599	3751.465087529	-0.0495281	0.430189	0.0774047	0.00188962	-0.00358008	-3.60618e-05	0
4008.184915953	3802.033919409	-0.0731693	0.368482	0.562936	-0.00646113	-0.00406845	0.00181512	0
4059.019347497	3854.547547074	-0.0697064	0.177456	0.736971	-0.0181294	-0.00218518	0.00350355	0
3997.318787853	3820.96053653	-0.0783105	-0.0762979	1.0242	-0.0246752	-0.000179011	0.0029358	0
3992.275112004	3830.866253852	-0.0318695	-0.254382	1.16254	-0.0308265	1.68033e-05	0.00357368	0
4009.736225098	3843.079756526	0.0923624	-0.0397694	1.36285	-0.0336506	-0.00245751	0.00346175	0
3989.446494291	3830.7334825	0.102297	0.200965	1.37047	-0.033391	-0.000912767	0.00526254	0
3994.821084072	3817.519687769	0.072795	0.651555	1.5348	-0.0341118	-0.00154967	0.00681187	0
4011.921025502	3830.582439861	0.0587482	1.03288	1.62159	-0.0327078	-0.0004523	0.00665611	0
4019.216501019	3830.912053878	0.0763255	1.09727	1.52595	-0.033592	0.000221887	0.00465904	0
4018.702599847	3842.450249785	0.0662951	0.925716	1.23392	-0.0329153	0.000143262	0.00668572	0
4036.250884027	3824.392127838	0.107297	0.695725	0.915027	-0.0223296	-0.00183176	0.00655016	0
4058.22616265	3844.272749756	0.196671	0.388461	1.04878	-0.0280152	-0.00141233	0.00729588	0
4087.768756102	3872.660482882	0.227513	0.14861	0.767178	-0.0239101	-0.00235337	0.00339014	0
4078.183058399	3857.466811496	0.188505	0.151741	0.742852	-0.0173357	-0.00345052	0.00237037	0
4062.733123957	3856.267727837	0.140368	0.149456	0.70001	-0.0149358	-0.00440234	0.00244429	0
4051.423696062	3847.294577002	0.0612446	0.21112	0.777157	-0.0138814	-0.00421519	0.000701459	0
4019.672047992	3834.659373025	0.0658755	0.146003	0.805983	-0.0124842	-0.00496539	0.000526866	0
3999.769183909	3823.337021921	0.0999258	0.355832	0.795489	-0.0136708	-0.00347184	0.00164335	0
3990.038921484	3830.445527017	0.10497	0.392356	0.844454	-0.0143733	-0.00354121	0.00170889	0
4013.09075102	3822.012962659	0.100836	0.380468	0.799779	-0.0132629	-0.00355029	0.00120648	0
3978.74342175	3825.635793438	0.0601047	0.317541	0.788407	-0.0132788	-0.00290795	0.00147373	0
3990.713236666	3833.615960731	0.036268	0.262516	0.829563	-0.0144036	-0.00215294	0.00143328	0
3981.385209972	3828.192068292	0.0341663	0.252652	0.850338	-0.0131625	-0.00254443	0.00122245	0
4009.600065302	3827.6356467	0.044275	0.179845	0.976676	-0.0145964	-0.00213089	0.00120064	0
3998.750506913	3839.436705523	0.059788	0.0779264	1.27802	-0.0205	-0.00212705	0.00163507	0
3993.002018008	3839.089307453	0.0518878	0.0912201	1.22532	-0.0189318	-0.00297294	0.000225175	0
3995.930534266	3835.264030815	0.0370827	0.10628	1.18853	-0.0174248	-0.00301013	0.000225175	0
3997.810115796	3830.943236874	0.0672945	0.099338	1.17825	-0.0171882	-0.00388961	0.000163935	0
3968.661353149	3826.965943128	0.0609654	0.129601	1.11023	-0.0166281	-0.00386069	0.000225175	0
3985.483691889	3836.206829222	0.0640282	0.203345	1.13442	-0.0168201	-0.00406507	0.000225175	0
3952.241730421	3835.856751364	0.0588647	0.25174	1.11205	-0.016563	-0.00383448	-0.000127641	0
4010.434314214	3836.276016495	0.0495424	0.263404	1.09745	-0.0161704	-0.0039022	-0.00017585	0
3979.224423642	3836.895534932	0.0465325	0.279815	1.09715	-0.0159041	-0.00388289	-0.000169447	0
3982.135649767	3846.74838733	0.0572146	0.279633	1.10594	-0.0156868	-0.00420805	-9.68613e-05	0
4005.837540272	3844.211114614	0.0546376	0.212635	1.08412	-0.0153773	-0.00424758	-0.00025762	0
3975.975079362	3848.051495516	0.0399529	0.180694	1.03423	-0.0145903	-0.00429812	-0.000204105	0
4002.861716289	3843.821570776	0.0369872	0.142305	1.03092	-0.0144504	-0.00470798	-0.000367676	0
3971.946238257	3840.514467836	0.0319919	0.109189	0.988568	-0.0134721	-0.00465124	-0.000617729	0
3999.496624175	3843.949226168	0.0215427	0.130216	0.971839	-0.0130928	-0.00493648	-0.000912744	0
3981.75094431	3832.880724144	0.0231676	0.153067	0.94408	-0.012549	-0.00602601	-0.000743255	0
3966.998138421	3833.392807413	0.0198883	0.188348	0.881923	-0.0118979	-0.00548932	-0.000828439	0
4017.004804853	3834.686658147	0.0102363	0.229836	0.806005	-0.0114881	-0.00666052	-0.00123344	0
3962.178513878	3842.514321098	0.00963805	0.247179	0.718428	-0.00996259	-0.00761656	-0.0018135	0
4014.470119399	3832.437584531	0.00191347	0.281861	0.643913	-0.00833258	-0.00752986	-0.00233589	0
3977.264635107	3828.050039488	-0.00496156	0.289518	0.572072	-0.0066645	-0.00810786	-0.00250866	0
3987.777516186	3828.221789586	-0.00815525	0.303866	0.569209	-0.00635484	-0.00797165	-0.00293782	0
4009.168292261	3821.844379585	-0.0199692	0.264519	0.529857	-0.00516976	-0.00786497	-0.00333188	0
3987.194214341	3830.057444882	-0.0254525	0.270714	0.479046	-0.00434293	-0.00797497	-0.00344134	0
4013.560946578	3823.286105934	-0.0337718	0.27611	0.475171	-0.00386368	-0.00826944	-0.00353542	0
3974.078207699	3822.858070585	-0.0339691	0.238579	0.437348	-0.00378011	-0.00846355	-0.0036195	0
4012.774725813	3820.924968425	-0.0392653	0.270301	0.430823	-0.00400426	-0.00835346	-0.00407266	0
3994.952921336	3816.150072099	-0.0479274	0.277531	0.416282	-0.00353615	-0.00854691	-0.00412399	0
4004.572719023	3820.93568758	-0.0376962	0.323709	0.433716	-0.00327338	-0.00837748	-0.0040501	0
4010.807012634	3814.835757523	-0.0308074	0.300458	0.441447	-0.0035844	-0.00841132	-0.00408681	0
3993.746694426	3826.301842752	-0.0264769	0.327195	0.427651	-0.00393041	-0.00839355	-0.00398311	0
4036.38248115	3822.972327033	-0.0237511	0.353188	0.403934	-0.00497232	-0.00842653	-0.00404215	0
3997.580781394	3824.767785498	-0.018286	0.352551	0.379261	-0.00512141	-0.00824093	-0.0041429	0
4053.710075996	3829.971691642	-0.0177558	0.329441	0.325949	-0.00599725	-0.0084802	-0.00428363	0
4009.875746865	3839.022799969	-0.0108916	0.282291	0.273847	-0.00537949	-0.0080589	-0.00401112	0
4045.392801653	3830.929107079	-0.00794242	0.237643	0.259036	-0.00445719	-0.00770357	-0.00414113	0
4027.128657942	3841.632670598	-0.0164495	0.238057	0.297181	-0.00334037	-0.0075978	-0.00409457	0
4046.512577898	3837.513835283	-0.0225973	0.284172	0.289672	-0.00238164	-0.00754444	-0.00413186	0
4029.930139752	3834.664732603	-0.0277215	0.302835	0.32332	-0.00303998	-0.00772836	-0.00419367	0
4025.57518753	3839.912733452	-0.026668	0.384958	0.351005	-0.00252004	-0.00791524	-0.00441	0
4040.741996046	3838.119954776	-0.0258678	0.366892	0.398923	-0.00289994	-0.00843412	-0.00453152	0
4037.981338161	3843.204975746	-0.0133456	0.391975	0.399008	-0.00290303	-0.00809691	-0.004851	0
4060.752683319	3841.777866425	-0.00607529	0.382265	0.417998	-0.00434532	-0.00832479	-0.00474327	0
4043.475998309	3845.417019554	-0.0133404	0.323153	0.329392	-0.00392729	-0.00834895	-0.00459476	0
4055.562761763	3849.219639796	-0.0189995	0.266186	0.310259	-0.00234824	-0.00787518	-0.00447837	0
4039.899582349	3842.553543461	-0.0291078	0.239091	0.336971	-0.00233898	-0.00829646	-0.00471975	0
4050.591608416	3847.710918727	-0.0337338	0.285526	0.370996	-0.00240428	-0.00862204	-0.00464956	0
4043.578058121	3838.881502016	-0.0419996	0.311308	0.368495	-0.00201405	-0.0088122	-0.0047491	0
4023.181224547	3841.252384212	-0.0552188	0.336937	0.335953	-0.00202497	-0.0090334	-0.00470582	0
4044.328257776	3834.908106145	-0.0483284	0.375856	0.336174	-0.00227308	-0.00923058	-0.0049896	0
4018.491996422	3833.742885271	-0.0535622	0.37207	0.294091	-0.00190418	-0.00935968	-0.00495315	0
4039.347738941	3833.35187973	-0.0588572	0.374267	0.283705	-0.0020167	-0.0096342	-0.00542676	0
4052.316779453	3831.584680855	-0.0604428	0.363338	0.305026	-0.00162056	-0.00960721	-0.00494058	0
4021.901754713	3835.184124387	-0.0518467	0.37702	0.283248	-0.0015231	-0.00927673	-0.00515771	0
4057.897169844	3830.969547527	-0.0463303	0.333721	0.274088	-0.00211819	-0.00917189	-0.00512778	0
4032.353159764	3839.560219422	-0.0509323	0.304571	0.246692	-0.00186306	-0.00920771	-0.00523535	0
4045.200208784	3829.414051964	-0.058163	0.294733	0.260406	-0.00189287	-0.00940043	-0.00533159	0
4031.204566631	3829.787273452	-0.0612791	0.272718	0.25535	-0.00131625	-0.00919345	-0.00518984	0
4030.733170369	3830.799989984	-0.0584771	0.331195	0.278345	-0.00133439	-0.00934496	-0.00544913	0
4037.495773596	3817.069970493	-0.068736	0.327736	0.269027	-0.00152323	-0.0098266	-0.00545715	0
4014.979457897	3821.109873849	-0.0746446	0.381758	0.224394	-0.00127769	-0.00986587	-0.00591372	0
4051.187637719	3826.488453496	-0.0690825	0.380034	0.2819	-0.000689159	-0.00969899	-0.00601788	0
4035.984808093	3833.027868908	-0.0323758	0.375497	0.316022	-0.00139696	-0.0101239	-0.00605829	0
4043.624885565	3820.299846793	-0.062748	0.419545	0.464854	-0.00183309	-0.00858376	-0.00520584	0
4014.122635756	3817.832979436	-0.0262173	0.330474	0.426884	-0.00319039	-0.00463232	-0.000680041	0
4045.787112739	3819.771441175	0.103681	0.328374	0.773533	-0.00629846	-0.00819059	0.0109065	0
4002.519515742	3816.263841312	0.147118	0.440337	0.577096	0.00253432	-0.00519494	0.0084974	0
4042.657358545	3818.890765143	0.203879	0.31085	0.642771	1.99513e-05	-0.00558022	0.0085834	0
3997.96500657	3829.399191317	0.205971	0.200009	0.566972	-0.000905601	-0.00428262	0.00825777	0
4048.725474768	3829.562902049	0.177288	0.26381	0.452322	0.00147096	-0.00397197	0.00682676	0
4009.420199891	3828.956538939	0.131103	0.315133	0.376813	0.00287554	-0.00348746	0.00674017	0
4023.004961248	3831.727440511	0.110452	0.382522	0.385374	0.00349681	-0.00232728	0.00545981	0
4046.919376303	3819.657915578	0.0897761	0.42747	0.376283	0.00374462	-0.00316048	0.00481573	0
4030.583082409	3830.516906845	0.0647138	0.443555	0.32567	0.00369544	-0.00340751	0.0035017	0
4057.483407358	3827.014910178	0.0592517	0.455454	0.325599	0.00379907	-0.00324451	0.0026883	0
4027.775597081	3828.714383482	0.0450102	0.384943	0.309033	0.00419412	-0.00363415	0.00172933	0
4040.012448494	3842.09310703	0.0461069	0.37205	0.329253	0.00384603	-0.00382134	0.000663962	0
4038.022162086	3836.902112595	0.0366594	0.315222	0.328447	0.00441594	-0.00452245	7.02289e-05	0
4038.054100803	3838.612548672	0.0278036	0.338107	0.321704	0.00394313	-0.00568579	-0.000690909	0
4055.356721013	3836.586141139	0.0251497	0.298856	0.310124	0.00352157	-0.00588566	-0.00115162	0
4024.763271706	3837.230264909	0.016831	0.321877	0.305516	0.00306129	-0.00626549	-0.00126279	0
4054.709061452	3829.042292179	0.0164287	0.358246	0.305283	0.0033511	-0.00626791	-0.00167472	0
4019.064251793	3824.344135258	0.0146554	0.370378	0.287454	0.00359855	-0.00609081	-0.00167472	0
4040.342401863	3828.070259712	0.0188407	0.399032	0.287623	0.00339808	-0.00607358	-0.00167472	0
4038.960391936	3822.853198242	0.021198	0.399338	0.303159	0.00315089	-0.00612604	-0.00142472	0
4038.416233031	3824.317580988	0.0225049	0.470759	0.311971	0.00299416	-0.00581329	-0.00167472	0
4072.869224224	3826.651433376	0.0238696	0.40542	0.270667	0.00274721	-0.00588032	-0.0021897	0
4049.729022897	3825.883064855	0.0257194	0.358405	0.270216	0.00325946	-0.00594946	-0.00165433	0
4065.665482468	3819.751951802	0.0253651	0.336093	0.309511	0.00303439	-0.00605498	-0.00208948	0
4029.193147838	3821.951814752	0.0164041	0.319166	0.301901	0.00323207	-0.0059769	-0.00177267	0
4052.98244957	3825.395586918	0.0181712	0.339423	0.301513	0.00336363	-0.00619845	-0.0021897	0
4040.535955296	3823.032013237	0.0168089	0.352328	0.283022	0.00386549	-0.0065127	-0.0021897	0
4016.080503166	3824.272024579	0.0170604	0.392659	0.292481	0.00340094	-0.00635759	-0.0021897	0
4038.717609653	3820.708880004	0.00605434	0.373577	0.296164	0.00390517	-0.00635343	-0.00243972	0
4017.863307979	3818.389888263	0.00326202	0.412978	0.286675	0.00405865	-0.00651967	-0.0021897	0
4041.553191447	3824.240354348	0.0113092	0.415616	0.29752	0.00402055	-0.00662533	-0.00227838	0
4014.67303832	3818.184031763	0.00719241	0.37677	0.28729	0.0033454	-0.00679715	-0.00221417	0
4034.185433569	3827.725785049	0.00621934	0.373442	0.299386	0.00355228	-0.00663431	-0.0024275	0
4013.963182309	3819.187247226	0.00140663	0.377734	0.286897	0.00377226	-0.0065129	-0.00228884	0
4023.899965766	3836.486014487	0.0170873	0.39688	0.325075	0.0036326	-0.00632901	-0.00213305	0
4027.174764963	3819.838679511	0.0299024	0.339505	0.433981	-0.000297424	-0.00607518	-0.00200377	0
4024.452289455	3839.197717089	0.00731315	0.0633261	0.938798	-0.02058	-0.00179533	0.00427558	0
4030.060055889	3838.234942075	0.0181158	0.152414	0.728694	-0.0083877	0.000362519	0.00985372	0
4023.301775196	3831.889445922	0.0195883	0.142471	0.515615	0.000250854	0.000970627	0.00790455	0
4037.144447701	3829.208439082	0.0136382	0.143758	0.535693	0.00144228	0.000721575	0.00438504	0
4013.637071191	3834.867178462	0.0116757	0.189128	0.434439	0.00197063	-0.000139474	0.00254913	0
4034.251952553	3829.178474171	0.0139031	0.268953	0.503691	0.00234876	-0.000652213	0.00202941	0
3997.172542145	3818.275631815	0.0108413	0.317311	0.462153	0.003227	-0.00129252	0.00107838	0
4041.528216811	3820.656502315	0.00936046	0.40235	0.438182	0.00410277	-0.00208721	0.000221846	0
4034.968772645	3828.26344812	0.0102462	0.441796	0.403501	0.00483278	-0.00383832	-0.000719626	0
4024.939294865	3833.68295545	0.013608	0.449785	0.426647	0.00449126	-0.00422504	-0.00143795	0
4049.029252797	3824.511743864	0.00280419	0.389961	0.426492	0.00465161	-0.00468895	-0.00200821	0
4016.839107746	3831.154452952	0.0168141	0.38004	0.389777	0.00458259	-0.00498294	-0.00200829	0
4046.052948532	3823.623028466	0.00770967	0.359927	0.376522	0.00442761	-0.0051475	-0.00247049	0
4027.264097317	3839.101731928	-0.00557303	0.316609	0.3214	0.00465161	-0.00564198	-0.00262286	0
4045.868760589	3841.410004514	-0.0220974	0.320311	0.281678	0.00414217	-0.00672616	-0.00282878	0
4055.73518281	3836.512081523	-0.0411435	0.360635	0.228419	0.00414217	-0.00790423	-0.00346844	0
4012.705085	3831.003166695	-0.0392009	0.40873	0.218467	0.00394004	-0.00788417	-0.00344548	0
4042.558660703	3825.063780347	-0.0244997	0.395962	0.266265	0.00375399	-0.00773209	-0.00329134	0
4021.110731133	3830.615328178	-0.0184369	0.431177	0.245399	0.00361286	-0.00734672	-0.00329134	0
4054.028022328	3822.864404631	-0.0163222	0.465427	0.219364	0.00281697	-0.00715483	-0.00324048	0
4038.66742024	3830.139300248	-0.0220905	0.437518	0.173131	0.00309106	-0.00727965	-0.00340697	0
4054.946320497	3830.984651791	-0.0284516	0.380586	0.131539	0.00378173	-0.0073112	-0.0038278	0
4033.334134665	3817.781332599	-0.0418312	0.362369	0.131286	0.00413514	-0.00769963	-0.0038278	0
4045.309953099	3838.805006228	-0.0464484	0.376636	0.175584	0.00385537	-0.00785906	-0.00430006	0
4052.519458233	3825.171702749	-0.0602737	0.370008	0.153656	0.00396157	-0.00795767	-0.00455144	0
4050.45544862	3829.25229017	-0.0540072	0.386427	0.187165	0.00358657	-0.00779738	-0.00443839	0
4057.785504402	3826.234848033	-0.0478888	0.399814	0.208389	0.0030872	-0.00756258	-0.00427938	0
4044.192338121	3830.212629013	-0.0391317	0.451397	0.192794	0.00252164	-0.00745149	-0.00410718	0
4071.554933984	3830.026505503	-0.0336126	0.463737	0.2615	0.00268404	-0.00723523	-0.00277387	0
