4271.67996441	3812.855005296	-0.00244415	-0.404	0.486926	-0.00534557	0.00240803	-0.000912262	1
4143.344668475	3816.854550428	-0.0015546	-0.408574	0.488838	-0.00561059	0.00240062	-0.00094154	1
4087.553837798	3803.878187273	-0.00227633	-0.373111	0.499298	-0.00522265	0.00265769	-0.000960647	1
4035.977966145	3812.199883657	-0.00698795	-0.41981	0.514221	-0.00565394	0.00296085	-0.000989331	1
4011.968147196	3807.089109088	-0.0057503	-0.363899	0.550976	-0.0062079	0.0027785	-0.00110114	1
3984.705251559	3819.510270417	-0.00696741	-0.396969	0.515542	-0.0055448	0.00271275	-0.00139585	1
3974.826579268	3805.011988127	-0.00439612	-0.360176	0.549757	-0.00633862	0.0025945	-0.0011325	0
3949.618200308	3812.014357613	-0.00319496	-0.413642	0.558324	-0.00645542	0.00264416	-0.00171638	0
3982.789486479	3812.813716117	-0.00712316	-0.389709	0.52103	-0.00682448	0.00252081	-0.00170288	0
3952.147727419	3809.269728258	-0.00591326	-0.419739	0.519013	-0.00703151	0.00222536	-0.00195104	0
3979.107190142	3819.826270267	0.0102045	-0.363576	0.472195	-0.00779135	0.00269671	-0.00237253	0
3948.605010223	3810.840643886	-0.00734271	-0.375329	0.506597	-0.00676295	0.00239181	-0.00279285	0
3946.775861447	3820.821339479	0.00314613	-0.371088	0.485693	-0.00759756	0.00219977	-0.00269009	0
3975.925558113	3810.914689147	-0.00280066	-0.386897	0.508976	-0.00748677	0.00215745	-0.00277949	0
3941.365100892	3811.954075411	-0.00647194	-0.384855	0.504618	-0.00677469	0.00208136	-0.00281805	0
3981.169430565	3808.338794904	-0.00517501	-0.364766	0.499876	-0.00676811	0.00191041	-0.00302436	0
3940.866367521	3805.131451485	-0.0103354	-0.406712	0.501204	-0.0073682	0.00197508	-0.00296186	0
3975.937971278	3815.405024987	-0.0151065	-0.389984	0.495011	-0.00762359	0.00194005	-0.00296842	0
3945.523235208	3805.506632491	-0.0128411	-0.41166	0.496291	-0.00746113	0.00179508	-0.00303641	0
3967.710525736	3817.437553635	-0.0106338	-0.37159	0.504716	-0.00748735	0.00180925	-0.00337642	0
3968.496692832	3808.28016427	-0.00999615	-0.400028	0.475236	-0.00686033	0.00143894	-0.0033195	0
3964.807500292	3810.733567282	-0.00210847	-0.368181	0.470862	-0.00753983	0.00121141	-0.00356375	0
3998.682750824	3810.494915828	-0.0048586	-0.367415	0.482589	-0.00782562	0.00092929	-0.00346005	0
3971.072838272	3815.902697223	-0.00392433	-0.375139	0.454731	-0.00757832	0.00048585	-0.00365029	0
4006.587729933	3806.098444055	-0.00149974	-0.39681	0.398852	-0.0067966	0.00124949	-0.00396464	0
3982.201102473	3806.991666626	-0.00838916	-0.436228	0.414879	-0.00669571	0.000741587	-0.00398917	0
3995.292853477	3814.29352029	-0.00535553	-0.436646	0.451086	-0.00720548	0.000634279	-0.00419927	0
3966.685198334	3808.068213151	-0.00841358	-0.414143	0.459497	-0.00735488	0.000303014	-0.00383682	0
3978.367917224	3817.444710426	-0.00797817	-0.35644	0.478294	-0.00752133	0.000341589	-0.00431867	0
3987.597794775	3811.221605377	-0.0154631	-0.384512	0.479024	-0.00722246	0.000369969	-0.00446927	0
3965.833655238	3812.978872832	-0.0143417	-0.373736	0.480626	-0.00727982	0.000489087	-0.0044009	0
4006.671311908	3819.75332605	-0.0206214	-0.3728	0.501562	-0.00754989	0.000416942	-0.00494827	0
3975.730257656	3814.040830515	-0.0170996	-0.39812	0.46051	-0.00733423	0.000546098	-0.00500448	0
4015.638030368	3815.880676328	-0.0115768	-0.365775	0.448152	-0.0081296	0.000307289	-0.00485007	0
3987.649930067	3823.848386817	-0.00119455	-0.378877	0.397425	-0.00886245	-0.000188975	-0.00504961	0
4013.805019719	3825.711629832	-0.00190403	-0.412571	0.371681	-0.00850029	-0.000250624	-0.00497282	0
3983.51220851	3814.269847827	-0.0153216	-0.436657	0.38982	-0.0080328	-0.000161866	-0.00517777	0
4014.826761095	3834.178388863	-0.0185113	-0.40203	0.456313	-0.00671562	0.000285049	-0.00606174	0
3990.884800779	3818.506392847	0.0082493	-0.435338	0.446579	-0.00794325	5.5649e-05	-0.00488942	0
3989.744996414	3813.919440329	0.0327523	-0.475192	0.484334	-0.00927687	-0.000260651	-0.00411522	0
3989.260882992	3815.903798268	0.0437627	-0.46969	0.449161	-0.00778071	-1.60739e-05	-0.00361648	0
4010.285197915	3820.765186195	-0.0421574	-0.344959	0.461214	-0.00732174	-0.000269477	-0.00479408	0
4027.188342168	3843.263384534	0.0178119	-0.396764	0.276106	-0.00487613	-0.000589847	-0.00177936	0
4009.934870823	3815.609268792	0.0822884	-0.323565	-0.0885519	0.00171266	0.00104407	0.00151827	0
4001.390751658	3794.504993134	0.146935	-0.265276	-0.738587	0.0120922	0.00125383	0.00313298	0
3980.301336583	3791.860558854	0.144833	-0.246756	-0.706709	0.010765	0.000677561	0.0017503	0
3989.388048968	3801.663435716	0.0918898	-0.279173	-0.680712	0.00913575	0.00280528	0.000227283	0
3966.620098182	3791.482625236	0.107092	-0.281388	-0.742862	0.0117488	0.0017797	0.00307226	0
3978.991885635	3795.798170218	0.115867	-0.355269	-0.746889	0.0121318	0.00204349	0.00328561	0
3946.940542765	3797.403493495	0.107831	-0.289546	-0.701659	0.0127762	0.00159853	0.00267678	0
3990.826045133	3798.117245768	0.096226	-0.25514	-0.624449	0.0129074	0.00152112	0.0022245	0
3951.580583718	3791.198555685	0.0879434	-0.24545	-0.682731	0.0131494	0.000892795	0.00204113	0
3979.002919559	3801.042721726	0.0693475	-0.220193	-0.607942	0.013021	0.0012684	0.00145829	0
3966.035024354	3787.316822343	0.0737745	-0.207411	-0.637457	0.0126538	0.00146554	0.00155801	0
3971.919416103	3793.261913586	0.0736779	-0.192566	-0.599226	0.0124739	0.00158844	0.00122676	0
3987.507040749	3794.16724765	0.0697658	-0.242637	-0.588053	0.0129231	0.00139857	0.000977486	0
3969.492504486	3794.509397313	0.0713318	-0.256674	-0.647722	0.0132444	0.00110645	0.000865535	0
3993.898441312	3797.970806813	0.0680088	-0.269615	-0.584517	0.0122234	0.00118068	0.000644871	0
3992.00474408	3788.632846106	0.0590382	-0.322256	-0.54298	0.0107984	0.00129522	-0.000235727	0
4026.807120089	3815.78185756	0.0459629	-0.330132	-0.218251	0.0070195	0.00156529	-0.000738312	0
3984.618635255	3802.398658362	0.0515802	-0.304198	-0.356213	0.00946642	0.00205351	-0.000487943	0
3988.511679543	3805.469747491	0.0456924	-0.264619	-0.292208	0.00907529	0.00151693	-0.000531361	0
3995.174238792	3800.529910123	0.0476851	-0.290931	-0.322131	0.0083703	0.00241859	-0.000145051	0
3979.380831461	3793.075286498	0.0753201	-0.210959	-0.394659	0.00713808	0.00296192	0.000665282	0
4016.247654677	3799.598426247	0.0743976	-0.218281	-0.216839	0.00489405	0.00276508	-0.000671697	0
3981.635062165	3797.33550398	0.0883306	-0.237316	-0.275317	0.00450393	0.00368785	-0.000728099	0
4014.259617394	3801.801066312	0.0737057	-0.304119	-0.320877	0.00509257	0.00251203	-0.00102856	0
4001.503297684	3799.293161584	0.0548269	-0.35707	-0.302998	0.00575742	0.00303684	-0.000740679	0
4013.917565745	3803.068368844	0.0657273	-0.34292	-0.220856	0.0048683	0.00155946	-0.00139182	0
3982.622874224	3803.892776117	0.0525147	-0.327032	-0.239104	0.00555464	0.00152667	-0.00157201	0
4004.078063885	3816.856201995	0.054187	-0.269705	-0.134619	0.00480209	0.00174714	-0.00147988	0
3986.846660388	3803.885068803	0.0515641	-0.273313	-0.148387	0.00478514	0.00187886	-0.0015472	0
3982.539016401	3820.481391906	0.0544571	-0.255837	-0.12994	0.00462101	0.00185768	-0.00155457	0
4010.864754781	3805.73262193	0.0478664	-0.281699	-0.0965257	0.00431545	0.00154383	-0.00185434	0
3971.531849517	3808.071241025	0.0474784	-0.29922	-0.145284	0.00443128	0.00172914	-0.00190662	0
4000.636858791	3812.963733467	0.0539499	-0.321167	-0.117256	0.0038747	0.00168546	-0.0019749	0
3984.91599951	3819.426315753	0.0467141	-0.332451	-0.155928	0.00447094	0.00151124	-0.00194885	0
4007.285349787	3823.24694111	0.0536119	-0.291948	-0.138153	0.0044727	0.00148318	-0.00199121	0
3983.128503798	3814.527492304	0.0483991	-0.292951	-0.177818	0.00306134	0.00133899	-0.00194494	0
3990.261108217	3817.711989044	0.0528025	-0.286783	-0.149877	0.00310354	0.00114438	-0.0020345	0
3980.690006561	3810.833762356	0.0531858	-0.367082	-0.140074	0.00410116	0.00144853	-0.00205861	0
3987.7613727	3823.85141469	0.0500248	-0.350251	-0.0952483	0.00396879	0.00138657	-0.0019843	0
4005.35165458	3806.379210472	0.0442634	-0.324677	-0.0737347	0.00392641	0.000981716	-0.00204717	0
3972.442148259	3807.599168079	0.0537627	-0.312911	-0.11402	0.00380988	0.0013777	-0.00234675	0
4006.380568007	3807.280690879	0.0452723	-0.277653	-0.0824911	0.00398716	0.00115559	-0.0022932	0
3975.745980998	3804.067842235	0.0459723	-0.280725	-0.125304	0.00396085	0.00113491	-0.00228399	0
4010.569321462	3813.879802717	0.0460314	-0.282096	-0.0843057	0.00399053	0.000961236	-0.00232619	0
3982.09545265	3804.459263652	0.0365455	-0.320843	-0.0900468	0.00378037	0.000980993	-0.00236967	0
3993.57294055	3809.447546989	0.0449613	-0.294117	-0.0564392	0.00361417	0.000776627	-0.00237877	0
4002.597035416	3803.151772985	0.0383732	-0.336669	-0.0450462	0.00337386	0.000731267	-0.00251852	0
3980.125897189	3813.017684661	0.0525265	-0.330463	-0.063184	0.00319705	0.000672001	-0.00259379	0
4001.65528999	3808.696359194	0.0335949	-0.324759	-0.0443051	0.00297219	0.00047262	-0.00279686	0
3982.867275644	3808.506428971	0.0464978	-0.346359	-0.0775668	0.00316198	0.000400187	-0.0028641	0
4003.902900339	3806.671262598	0.0461768	-0.322053	-0.0640336	0.00298503	0.000238572	-0.00282912	0
3978.39026092	3813.055395444	0.0345382	-0.307181	-0.0852726	0.00303788	0.000391441	-0.00271671	0
3994.565442027	3816.221449685	0.0520952	-0.245724	-0.0751199	0.00244447	0.000497163	-0.00283947	0
4002.648894859	3806.913767709	0.0522424	-0.245088	-0.101226	0.00208692	0.000574896	-0.00272347	0
3998.570204797	3817.131463188	0.0543829	-0.236181	-0.161076	0.0014893	0.000169416	-0.00278847	0
4006.324019145	3806.619788755	0.0517207	-0.324905	-0.137934	0.00193798	8.13172e-05	-0.00276975	0
3976.473668296	3808.579923709	0.0517342	-0.358661	-0.150442	0.00219675	0.000182936	-0.00316683	0
4005.482682429	3817.35332371	0.0437245	-0.343572	-0.0808924	0.00275847	-9.49548e-05	-0.00301423	0
3979.797086249	3813.297350033	0.0425889	-0.345471	-0.0769686	0.00293478	0.000169764	-0.00310096	0
4009.114498563	3808.57551953	0.051518	-0.313969	-0.0544437	0.00288347	4.79515e-05	-0.00330411	0
3974.376119315	3804.135005966	0.0454978	-0.306329	-0.074163	0.00275764	0.000226136	-0.00326649	0
3991.774410914	3813.871820142	0.0400446	-0.279764	-0.0288193	0.00245155	-5.49443e-05	-0.0032663	0
3980.555116838	3801.905390304	0.0431625	-0.279697	-0.0326127	0.00246518	-0.000222963	-0.00352642	0
3994.999075246	3812.760590707	0.0321715	-0.270584	-0.0142569	0.00208101	-0.000280366	-0.00341738	0
3995.719866341	3809.885762808	0.0314816	-0.324572	-0.0118338	0.00208623	-0.000162675	-0.00351242	0
3979.33007541	3816.19034517	0.0431627	-0.315437	-0.0274822	0.00221236	-0.000113869	-0.00357528	0
4009.428413705	3813.374147905	0.0383888	-0.315958	-0.0200776	0.00230101	-0.000352196	-0.0036524	0
3987.523867483	3808.901153521	0.034533	-0.341937	-0.0893768	0.00216593	-0.000422245	-0.00351218	0
4010.780896957	3811.077919034	0.0482943	-0.313316	-0.0802298	0.00236237	-0.000145698	-0.00379223	0
3993.790308856	3808.00104942	0.0403996	-0.337276	-0.0958241	0.0033559	-0.000456895	-0.00375354	0
4010.36160784	3817.629685947	0.033961	-0.296193	-0.0296023	0.00269387	-0.000414705	-0.00370819	0
4001.020011807	3810.337191164	0.0340423	-0.308474	-0.0532775	0.00267002	-0.000450499	-0.00352952	0
4004.555005256	3810.672734559	0.0388988	-0.277356	-0.0231482	0.00245088	-0.000301183	-0.00353657	0
4020.771563579	3808.919871282	0.034081	-0.283572	-0.0451029	0.00251178	-0.00041603	-0.00345408	0
4011.63299175	3813.955774806	0.0339044	-0.250509	-0.128219	0.00238613	-0.000409972	-0.00359584	0
4037.099564535	3815.34804592	0.0365286	-0.213188	-0.119652	0.00133108	-0.000237562	-0.00348385	0
4012.890583255	3809.654818667	0.0375458	-0.282006	-0.269171	0.000954823	0.00029443	-0.00347823	0
4028.835707043	3812.518636118	0.0509547	-0.324168	-0.232878	0.00175327	-0.000497179	-0.0035729	0
4012.496672163	3812.548639588	0.0462724	-0.345115	-0.208877	0.00243361	-0.000639615	-0.00351967	0
4031.585360941	3822.772390814	0.0384399	-0.344804	-0.0880837	0.00290015	-0.00015879	-0.00346259	0
4003.142387117	3812.582771976	0.0443586	-0.315541	-0.0926739	0.00271895	-0.000140143	-0.00383603	0
4006.510216615	3821.897610743	0.0341881	-0.256	-0.0444274	0.00279888	-0.000205174	-0.00388139	0
4021.468080041	3812.023165971	0.034602	-0.263658	-0.0577355	0.00283149	-9.70499e-05	-0.00357893	0
4002.98046428	3815.638171217	0.0277289	-0.232899	-0.129776	0.00212324	-0.000108218	-0.00361355	0
4033.010116397	3823.060589283	0.0443351	-0.198515	-0.304048	0.00474472	-0.000659631	-0.00373524	0
4010.465602575	3816.092352185	0.0405512	-0.252413	-0.303293	0.0035366	-0.000848179	-0.00343523	0
4004.197230266	3821.097976978	0.0546002	-0.30411	-0.24808	0.00366135	-0.000299153	-0.00377357	0
4006.461667349	3812.901799698	0.0385292	-0.334101	-0.174982	0.00352266	-0.00017347	-0.00361705	0
4012.750728266	3823.088390663	0.0314345	-0.322584	-0.0979983	0.00375529	-0.000396983	-0.00366886	0
4014.739317246	3812.139326194	0.0256868	-0.340137	-0.080958	0.00356	-0.000262366	-0.00369096	0
3980.015006251	3813.361210629	0.0327206	-0.298604	-0.104655	0.00357533	-0.000268671	-0.00360649	0
4013.398419614	3806.277914353	0.0304836	-0.286938	-0.0855713	0.00359702	-0.000239761	-0.00362697	0
3981.784571837	3805.061810403	0.0369067	-0.28199	-0.146167	0.00363128	-9.02778e-05	-0.00351153	0
4012.48977596	3809.927602509	0.0363153	-0.250977	-0.118269	0.00332413	-0.000370499	-0.00360987	0
3999.001079535	3807.956181846	0.0316249	-0.244786	-0.143058	0.00298192	-0.000157851	-0.00367534	0
3994.683505016	3809.219080199	0.0326692	-0.279189	-0.141459	0.00337512	-0.000267179	-0.00373273	0
4008.80941056	3801.237881911	0.0240256	-0.31868	-0.0998438	0.00357526	-0.000226923	-0.00371948	0
3992.378242413	3806.950102186	0.0323742	-0.321392	-0.122615	0.00341252	-6.59189e-05	-0.00362539	0
4018.97772336	3812.697005371	0.0329915	-0.318252	-0.103763	0.00462244	-0.000265742	-0.00393049	0
3989.345844208	3799.970579379	0.0338096	-0.32725	-0.148757	0.00414688	-0.000136528	-0.00373555	0
4020.112286611	3806.093764615	0.0362182	-0.277457	-0.131717	0.00414856	-0.000400183	-0.00382992	0
3994.715227548	3801.435244187	0.0361888	-0.242594	-0.146283	0.0034947	-0.000414914	-0.00378854	0
4017.278499041	3806.644562262	0.0359602	-0.243189	-0.143669	0.00306848	-0.000529222	-0.003702	0
4009.869494823	3796.463476521	0.0345853	-0.338909	-0.186566	0.00401494	-0.000150629	-0.00375714	0
4012.102485223	3806.343426517	0.0388652	-0.299692	-0.114696	0.0044667	-0.000576428	-0.00391006	0
4018.893865537	3801.348536911	0.0325914	-0.313089	-0.0802242	0.00401574	-0.000359906	-0.00389091	0
3981.903738218	3807.194258864	0.0296701	-0.301928	-0.11757	0.00403925	-0.000381666	-0.0038371	0
4014.985373755	3804.595242681	0.0330359	-0.273009	-0.104128	0.00400281	-0.000369912	-0.0038143	0
3996.886152124	3801.913097618	0.0166712	-0.269869	-0.187179	0.00340675	-0.000168634	-0.0036347	0
4022.84290699	3805.844102713	0.0312918	-0.230665	-0.230109	0.0045926	0.000176428	-0.00357213	0
4008.145995871	3807.455206475	0.0294487	-0.235482	-0.274566	0.00365865	-0.000462832	-0.00378322	0
4021.141475886	3815.433927412	0.0443484	-0.274819	-0.308225	0.0046016	-0.000544657	-0.0037396	0
3982.677492149	3806.877433231	0.0369207	-0.33086	-0.292599	0.00449598	-0.000675269	-0.00371496	0
4017.45035241	3822.779547605	0.0375913	-0.310785	-0.146142	0.0045048	-0.000517248	-0.00375219	0
3989.980294847	3813.274778615	0.0291859	-0.310325	-0.127618	0.00427047	8.17896e-05	-0.00368585	0
3992.789531935	3814.06064932	0.0293281	-0.266926	-0.0987015	0.0042815	-8.31152e-05	-0.00352803	0
4016.616187744	3804.793155479	0.0325706	-0.276416	-0.109231	0.00413665	-0.000162075	-0.00363546	0
3985.779955771	3813.360660107	0.0348123	-0.233959	-0.210583	0.00502994	-0.000174138	-0.00389796	0
4017.104438888	3811.806535412	0.0354659	-0.204107	-0.192286	0.00396957	-0.000197039	-0.00361052	0
3994.08353539	3812.692876453	0.0397671	-0.228049	-0.243262	0.00323	-0.00021327	-0.00381657	0
4021.681034777	3812.177036978	0.0441634	-0.31004	-0.300814	0.00422592	-0.000623666	-0.00389009	0
4003.420717854	3812.836838057	0.0412055	-0.33288	-0.280257	0.00429573	-0.000766144	-0.0038987	0
4023.55569849	3821.354795671	0.0300523	-0.325751	-0.171119	0.0037438	-0.000139562	-0.0037598	0
3995.620009328	3811.867368136	0.0286671	-0.308872	-0.178226	0.00417562	-0.000309111	-0.00381617	0
4010.258164801	3814.050739918	0.0360091	-0.273681	-0.0990915	0.00406521	-0.000304602	-0.0040134	0
4000.85946821	3808.293652068	0.0277229	-0.285367	-0.121684	0.00380913	-0.000323022	-0.00395229	0
3993.885200603	3814.355178797	0.0308707	-0.24865	-0.127145	0.0037958	-0.000366593	-0.00406273	0
4026.726296594	3816.28035558	0.0159882	-0.252624	-0.131584	0.00367305	-0.000127318	-0.00400863	0
4005.861146027	3819.703228513	0.0319691	-0.238997	-0.201397	0.00293245	-0.000330616	-0.00378965	0
4033.226105463	3817.572431619	0.0445747	-0.228087	-0.208956	0.0027358	-0.000413711	-0.00406447	0
4003.515885449	3813.538754099	0.0305184	-0.320135	-0.261573	0.00395601	-0.000319584	-0.00408807	0
4019.339360224	3819.209134672	0.0307339	-0.338596	-0.203467	0.0037318	-0.00044852	-0.0041706	0
3988.723255038	3818.728528629	0.0265022	-0.33558	-0.19002	0.00345557	-0.000263504	-0.00392646	0
4009.53820125	3819.68396023	0.0268748	-0.289189	-0.10301	0.00385097	-3.32813e-05	-0.00407521	0
3985.443696933	3817.823469827	0.030186	-0.309192	-0.0949711	0.00336079	-0.000346788	-0.00417521	0
3977.929870435	3818.99635777	0.030156	-0.26674	-0.0671	0.00314866	-0.000470143	-0.00413941	0
3996.055021788	3809.740424898	0.0142042	-0.281536	-0.055402	0.00313985	-0.00051472	-0.00430816	0
3983.808745222	3817.820717215	0.0298688	-0.246565	-0.116431	0.00238579	-0.000555694	-0.00430773	0
4011.516032154	3817.891459342	0.0262239	-0.233023	-0.109589	0.00244993	-0.000895388	-0.00428127	0
3992.261834513	3819.398239112	0.0245473	-0.276529	-0.181562	0.00217897	-0.000333269	-0.00424348	0
4012.037660918	3808.299432554	0.0203325	-0.316991	-0.14879	0.00241314	-0.00085177	-0.00466142	0
4002.895778912	3814.201858312	0.0245898	-0.348644	-0.145266	0.00234519	-0.000765184	-0.00469505	0
4013.459106197	3817.096780278	0.0239422	-0.323117	-0.0738239	0.00277194	-0.00116661	-0.00466693	0
3987.558072648	3809.298905945	0.0237086	-0.305243	-0.0730413	0.00289955	-0.00129852	-0.00472603	0
3995.188858742	3812.510103021	0.0182652	-0.271301	-0.0233182	0.0028249	-0.00132267	-0.00467607	0
3998.060161654	3804.642037084	0.0239217	-0.282149	-0.0435567	0.00293958	-0.00124851	-0.00456328	0
3979.559581032	3812.474319066	0.0240848	-0.25888	-0.065809	0.00294113	-0.00115291	-0.00452287	0
4015.938980649	3809.278261355	0.0187224	-0.252501	-0.0541956	0.00272825	-0.00153304	-0.00472006	0
3983.181742482	3810.085327173	0.0241095	-0.266961	-0.100004	0.00279974	-0.00120535	-0.00458989	0
4016.117730221	3809.857410905	0.0239239	-0.244859	-0.0852301	0.00239036	-0.00128717	-0.00474172	0
3992.864838468	3806.710074426	0.0244169	-0.284255	-0.145361	0.00230975	-0.00111351	-0.0041976	0
4013.80198539	3824.389550322	0.023746	-0.299389	-0.0753825	0.00287196	-0.00138845	-0.00477344	0
3990.626882802	3806.952304276	0.0187623	-0.308172	-0.0633906	0.00292687	-0.00122072	-0.00523658	0
4018.690565484	3818.855974562	0.00800745	-0.292873	-0.0245947	0.00243555	-0.00160228	-0.00488067	0
4011.831050688	3815.088474615	0.00543208	-0.320554	-0.00558279	0.00173104	-0.00135553	-0.0055922	0
3985.09061136	3821.676300744	0.0199759	-0.29662	-0.0325045	0.00177433	-0.00171632	-0.00549294	0
4011.321007545	3808.203366397	0.00730695	-0.271152	-0.00915437	0.00144737	-0.00158409	-0.00552862	0
3989.676034389	3814.763391146	0.0250451	-0.297326	-0.0402596	0.00118375	-0.00211101	-0.00606179	0
4023.157373828	3816.798121884	0.0248412	-0.277303	-0.0262044	0.000533453	-0.00220144	-0.00618217	0
4002.47124868	3820.577458062	0.00762935	-0.279658	-0.0324774	-3.92618e-05	-0.00258369	-0.00608352	0
4020.654879831	3824.265132263	0.0197015	-0.286536	-0.0269889	-0.0003572	-0.00242266	-0.00607143	0
4005.823354837	3810.42389844	0.0114229	-0.329116	-0.0452603	-0.000129	-0.00242278	-0.00651883	0
4015.671683837	3819.308503963	0.0123371	-0.303317	-0.018762	0.000424877	-0.00235972	-0.0065457	0
4035.009187605	3816.202456662	0.0155249	-0.305618	-0.0132757	0.00046215	-0.00256631	-0.00665956	0
3997.874791728	3817.563348	0.0154878	-0.304438	-0.0356861	0.000690667	-0.00260946	-0.00649375	0
4031.794177956	3818.489601914	0.0154134	-0.274246	-0.0314736	0.000306395	-0.00260909	-0.00658943	0
4011.211219999	3817.034020726	0.0153943	-0.260252	-0.0818464	9.31559e-05	-0.00255679	-0.00659777	0
4038.877405564	3821.071551903	0.0228905	-0.224842	-0.0668771	-5.27005e-05	-0.00255993	-0.00664635	0
4016.377854982	3813.931551821	0.020419	-0.23492	-0.155232	-0.000897122	-0.00292994	-0.00632247	0
4030.407765387	3815.431725322	0.0278275	-0.253817	-0.153634	-0.000442238	-0.00296355	-0.00658091	0
4012.413366035	3807.67321334	0.0191001	-0.3495	-0.142822	0.000552195	-0.00270061	-0.00688789	0
4010.996610175	3813.29212007	0.0299156	-0.301136	-0.0842635	0.00146871	-0.00242832	-0.00644094	0
4024.241181028	3816.495885094	0.0159925	-0.301542	-0.0482157	0.00204746	-0.00234217	-0.0060964	0
4001.877899409	3809.728313406	0.0307023	-0.276721	-0.0798166	0.00176662	-0.00237611	-0.00612932	0
4029.594289329	3803.298762462	0.0281011	-0.214759	-0.075681	0.000888807	-0.00204257	-0.00593238	0
4003.896004136	3812.143455112	0.0210853	-0.191583	-0.129546	0.000590799	-0.00215378	-0.00591545	0
4040.016658232	3810.578595231	0.0280576	-0.188867	-0.131677	0.00023077	-0.00221744	-0.00588484	0
4020.926590213	3815.500265359	0.0375222	-0.264968	-0.228623	-0.00045836	-0.00323848	-0.00592841	0
4021.11609786	3809.859062472	0.0372185	-0.345561	-0.222789	0.000624229	-0.00331493	-0.00626782	0
4019.827887216	3811.008553214	0.0299655	-0.352833	-0.175018	0.00113226	-0.00271983	-0.00607834	0
4022.858630332	3816.525338042	0.035558	-0.310462	-0.0477056	0.00114636	-0.00222364	-0.00650414	0
4016.169865512	3815.893338343	0.0198043	-0.290904	-0.0384019	0.00135299	-0.00225876	-0.00602039	0
3998.334354669	3810.804309409	0.0222846	-0.217564	-0.0850619	0.00217759	-0.00223614	-0.0059588	0
4028.84784436	3809.418094041	0.00981925	-0.184819	-0.0582596	0.00101349	-0.00173624	-0.00599787	0
3998.572135734	3804.785723426	0.0174603	-0.196113	-0.104964	0.000892198	-0.00220023	-0.00582018	0
4037.317208689	3819.229228739	0.0326884	-0.227592	-0.371241	0.00424152	-0.00217452	-0.00125193	0
3972.610415603	3783.566663851	0.0698711	-0.251927	-1.18869	0.0207625	0.00483425	0.00411236	0
3995.208168109	3770.075837527	0.102227	-0.258047	-1.61935	0.0309289	0.00609142	0.00226684	0
3943.497682582	3775.474535303	0.0677795	-0.2556	-1.45878	0.0278461	0.00581584	-0.000290623	0
3965.192032549	3773.80782878	0.0568314	-0.18481	-1.24169	0.022449	0.00407808	-0.000548945	0
3944.574041883	3790.898520984	0.0552138	-0.140039	-1.04764	0.0205749	0.00611454	0.000684872	0
3955.08468218	3785.86702164	0.0513155	-0.0671381	-1.09519	0.0207398	0.00614201	-0.000517331	0
3964.766123077	3785.569189029	0.0454929	-0.0928495	-1.10907	0.0201876	0.00570681	-0.000945525	0
3961.119135297	3782.829514376	0.0310024	-0.109448	-1.17824	0.0205065	0.00490142	-0.00102321	0
3987.164437404	3790.956601096	0.0379531	-0.193675	-1.15966	0.0204395	0.00503029	-0.00142478	0
3980.381608381	3793.683063212	0.0353155	-0.217974	-0.920518	0.017933	0.00383084	-0.00174449	0
4014.773798259	3812.444590857	0.00668987	-0.260243	-0.558967	0.012213	0.00493019	-0.000860984	0
3961.073344512	3798.456092296	0.0119082	-0.272391	-0.595537	0.0131138	0.00463474	-0.00237166	0
4005.029739843	3807.601370168	0.00505191	-0.246555	-0.496464	0.0119887	0.00467345	-0.00176527	0
3947.423828643	3789.938960466	0.00260069	-0.215072	-0.48013	0.0118602	0.00427345	-0.00115272	0
4012.169240464	3801.246415008	0.0357768	-0.319066	0.11758	0.00368779	0.00351619	0.000662555	0
3965.897927846	3799.023680876	0.116289	-0.327862	0.2235	0.00289781	0.00446942	0.000872862	0
3983.313873724	3787.529048722	0.265844	-0.311791	0.378662	0.00380237	0.00369182	-0.000385236	0
3957.495594606	3782.134479864	0.29936	-0.27444	0.374248	0.00375829	0.0049554	-0.00188117	0
3981.022679374	3795.820741635	0.232398	-0.245231	0.474661	0.0035001	0.00827761	-0.00210401	0
3981.370247985	3797.789684948	0.24304	-0.355739	0.42511	0.0027266	0.0072422	-0.0025734	0
3987.638344446	3803.578427834	0.224761	-0.359407	0.335052	0.00380624	0.00647063	-0.00289045	0
3992.474789249	3802.191937206	0.201551	-0.411256	0.33275	0.00380276	0.00568024	-0.00321674	0
3982.372404146	3804.928859247	0.198714	-0.347204	0.322354	0.00352381	0.00558119	-0.00369462	0
3983.692061474	3803.212605709	0.201654	-0.34433	0.303532	0.00368245	0.00647131	-0.00352015	0
3996.644785033	3811.686796793	0.149455	-0.28938	0.2712	0.0034913	0.00667901	-0.00433795	0
4006.415324868	3811.67000586	0.157068	-0.293161	0.242871	0.00364437	0.00670001	-0.00452571	0
3991.458013139	3802.57124713	0.181341	-0.265843	0.280189	0.00376296	0.00633502	-0.00406177	0
4011.267493012	3802.182578325	0.185061	-0.308149	0.286072	0.00366938	0.00682049	-0.00418245	0
3974.307984833	3805.324684842	0.200793	-0.31912	0.288393	0.00381303	0.00682049	-0.00422102	0
4020.999965809	3812.447893991	0.202143	-0.359252	0.28012	0.00352461	0.00635929	-0.00438716	0
3972.544763754	3815.376673084	0.210154	-0.432532	0.253703	0.00403424	0.00625059	-0.00444755	0
4026.485757048	3818.969382173	0.204598	-0.44148	0.302195	0.00308241	0.00544209	-0.00496922	0
3986.276758206	3811.703312465	0.198887	-0.443718	0.329496	0.00192987	0.00537091	-0.00496826	0
4026.257630666	3815.524763605	0.172157	-0.40803	0.341766	0.00196966	0.00522687	-0.00490744	0
3972.595795653	3813.852276597	0.144973	-0.49094	0.390092	0.00215187	0.00559551	-0.0048007	0
4003.022944888	3814.466384319	0.143794	-0.387488	0.437052	0.00209388	0.00651513	-0.00385495	0
3987.581243889	3816.521484385	0.124214	-0.384549	0.385191	0.00140722	0.00535521	-0.0050509	0
4010.178720547	3827.611482585	0.169885	-0.326803	0.326845	0.00221327	0.00545368	-0.00444748	0
4004.753615891	3815.829477746	0.160149	-0.36677	0.173019	0.00413099	0.0056894	-0.00421187	0
3995.89613328	3817.364058896	0.198208	-0.294973	0.121891	0.00410175	0.00540937	-0.00373896	0
3987.798888043	3826.875984677	0.188273	-0.30166	0.0698606	0.00374423	0.00508293	-0.0034004	0
3971.892934685	3817.232484046	0.200383	-0.285439	0.107624	0.003064	0.00516678	-0.00376653	0
3978.485152668	3814.878450325	0.191244	-0.32732	0.10484	0.00354562	0.00454624	-0.00381885	0
3966.892084412	3816.649205578	0.187981	-0.353185	0.063696	0.00374178	0.00401331	-0.00417476	0
3978.231096564	3807.340697819	0.192312	-0.416396	0.0667361	0.00443846	0.00432874	-0.00431304	0
3938.666754741	3812.013531829	0.181884	-0.40453	0.0786455	0.004775	0.00434898	-0.00445257	0
3960.777359497	3815.345018046	0.169836	-0.39005	0.121808	0.00460081	0.00446138	-0.00455584	0
3930.21669978	3808.549369717	0.162109	-0.351457	0.11701	0.00453224	0.00416907	-0.00474235	0
3970.009719681	3804.762326225	0.13529	-0.289094	0.122734	0.00437494	0.00387741	-0.00476982	0
3928.778703615	3808.323655538	0.122439	-0.282773	0.0877239	0.00416864	0.00340324	-0.00519283	0
3978.822239051	3809.588755981	0.108534	-0.264677	0.0729634	0.00364516	0.00314425	-0.00507963	0
3946.011486352	3808.664979418	0.0946435	-0.291256	0.0722958	0.00372175	0.00260664	-0.00519985	0
3979.656679565	3808.79242535	0.0986285	-0.298143	0.0552231	0.0044967	0.0025081	-0.00549765	0
3935.879861349	3808.846101283	0.0975889	-0.340216	0.0683674	0.00390984	0.00248305	-0.00575492	0
3966.35555985	3807.97792748	0.0955496	-0.349116	0.080217	0.00354485	0.00246944	-0.00580271	0
3938.711442134	3804.359343839	0.0923528	-0.385551	0.0738891	0.00354302	0.00256679	-0.00594013	0
3959.889956147	3807.489338863	0.094679	-0.34664	0.0785617	0.00348569	0.00267797	-0.00581717	0
3969.144384179	3804.956660627	0.091431	-0.34169	0.070905	0.00290313	0.00258547	-0.00553663	0
3951.656717795	3799.177551883	0.100366	-0.347749	0.0519708	0.00324607	0.00244877	-0.00605833	0
3990.721222854	3805.432036707	0.0913317	-0.333224	0.0648822	0.00345703	0.00229138	-0.00608616	0
3954.064044196	3800.733878667	0.0955556	-0.332593	0.0616838	0.00312242	0.00224857	-0.00548999	0
3988.583675898	3804.979232045	0.0912298	-0.308134	0.0522441	0.00266572	0.0022351	-0.00608615	0
3957.685929798	3808.86399326	0.0976019	-0.319173	0.0645866	0.00313332	0.00186891	-0.00610541	0
3996.024954344	3806.016140959	0.0860454	-0.301732	0.06045	0.00262587	0.00188937	-0.00606048	0
3962.216183206	3804.131978093	0.0929274	-0.325213	0.068456	0.00248519	0.00148855	-0.00608182	0
3986.71839102	3812.411559514	0.0904525	-0.321368	0.103722	0.00201082	0.00153062	-0.00637192	0
3973.411754344	3809.878330756	0.0893017	-0.343344	0.0945864	0.00199286	0.00136457	-0.00635894	0
3986.705702007	3817.889257252	0.0920319	-0.334358	0.0950038	0.00171605	0.001011	-0.00636758	0
3977.483272355	3811.476497242	0.0927299	-0.37844	0.103666	0.00161909	0.000898276	-0.00646526	0
3977.747534839	3818.600807436	0.0843109	-0.352749	0.0886725	0.00174871	0.000767445	-0.00643956	0
3992.723604239	3816.228055953	0.0710939	-0.347255	0.107159	0.00163589	0.00093428	-0.00648967	0
3964.490826669	3810.832661312	0.0768722	-0.347562	0.0820814	0.0018432	0.000894431	-0.00667731	0
4002.762820126	3813.708039732	0.0726334	-0.321132	0.0733447	0.00187944	0.000562399	-0.00662126	0
3971.292137515	3810.168180792	0.0707484	-0.335881	0.0656076	0.00118158	0.000383533	-0.00701458	0
4005.502543492	3816.763438973	0.0771862	-0.32038	0.0890369	0.00105026	0.000314198	-0.00703047	0
3985.632928732	3814.619429542	0.077508	-0.314411	0.0886488	0.00103032	0.000236139	-0.00725541	0
3996.35873055	3822.88689947	0.0761435	-0.29759	0.101811	0.000651474	0.000175633	-0.00699984	0
3989.889540821	3813.347998092	0.0583971	-0.353765	0.102213	0.000531833	0.000144449	-0.00752024	0
3996.628785843	3823.476784207	0.0816604	-0.334529	0.0994414	0.000515674	-8.78626e-05	-0.00769638	0
4016.794661467	3818.152406953	0.0702867	-0.337234	0.124054	0.000543498	-0.000319079	-0.0081509	0
3994.997971854	3808.494317478	0.0766865	-0.361533	0.119128	0.000322142	-0.000490483	-0.00746861	0
4012.961476218	3810.693379148	0.0689323	-0.328795	0.106106	0.000233311	-0.000491738	-0.00809006	0
3994.893425423	3805.713628908	0.0599862	-0.329014	0.0824193	0.000501266	-0.000551237	-0.00814086	0
4004.036134973	3810.095787098	0.0652061	-0.295056	0.112257	0.00035067	-0.000323791	-0.0079208	0
3998.06650616	3803.250867015	0.0684599	-0.30612	0.100033	0.000258377	-0.000475988	-0.00779279	0
4001.299445936	3811.455577391	0.0702348	-0.269995	0.0937529	-4.83436e-05	-0.000138153	-0.00801566	0
4018.256104721	3808.509456844	0.0744089	-0.285503	0.137904	-0.000476659	-0.000322504	-0.00772465	0
4010.635800855	3814.725680362	0.076621	-0.307637	0.157437	-0.000663442	-0.000366097	-0.00835369	0
4024.570267815	3808.573867963	0.0750867	-0.359983	0.0911117	2.84534e-05	-0.00110183	-0.00813837	0
4001.628808572	3805.960813459	0.0747346	-0.378342	0.0648727	0.000732631	-0.00110778	-0.00860319	0
4025.102102959	3808.897850387	0.0793499	-0.364262	0.119079	0.00034683	-0.00125524	-0.0085646	0
4002.114577082	3806.289475323	0.0606682	-0.3267	0.124923	0.000175439	-0.00156377	-0.00848068	0
4021.006034467	3809.303034863	0.0702206	-0.278381	0.156363	-2.88898e-05	-0.00140156	-0.0084882	0
4003.225693244	3805.489291035	0.0744933	-0.253028	0.141395	-0.000517901	-0.00128255	-0.00849216	0
4011.52099742	3810.401602284	0.0895686	-0.211233	0.145436	-0.0013384	-0.00131417	-0.00846999	0
4021.701999233	3805.810245586	0.0903293	-0.266754	0.13966	-0.00116612	-0.00131891	-0.00870071	0
4006.278780056	3809.453052213	0.0796918	-0.267829	0.118	-0.00125549	-0.00148718	-0.00855524	0
4043.47772439	3817.148804643	0.0870429	-0.331214	0.0697133	-0.001166	-0.0012358	-0.00855838	0
4017.141678382	3813.455349957	0.107278	-0.399255	0.0320109	-0.000559343	-0.00100801	-0.00853016	0
4030.75202382	3812.349625746	0.08889	-0.400007	0.04113	-9.1392e-05	-0.00115858	-0.00821381	0
4012.114346691	3807.913791622	0.0864542	-0.39693	0.060569	0.000514497	-0.000740585	-0.00827507	0
4043.700885506	3814.730635064	0.0914857	-0.292905	0.050594	0.00166269	0.0002753	-0.0073823	0
4000.429696865	3809.894571166	0.0869258	-0.264822	0.0404506	0.000668961	0.00154487	-0.00513582	0
4030.0494387	3828.101447508	0.107878	-0.361661	0.240116	-0.0112734	0.00367347	0.00701552	0
4011.025298377	3827.858391875	0.126427	-0.339286	0.413822	-0.0128101	0.00524735	0.00280808	0
4009.622059074	3824.548926553	0.12269	-0.371481	0.374958	-0.0123199	0.00423379	0.00122073	0
4024.00808938	3819.158486613	0.132522	-0.382675	0.278601	-0.0101925	0.00318986	0.000321824	0
4007.658572271	3825.396180504	0.136217	-0.432229	0.234179	-0.00861961	0.00315509	-0.000293597	0
4032.664478723	3816.70040416	0.140843	-0.532721	0.199755	-0.00857451	0.00320197	-0.000776523	0
4008.576318912	3821.732729288	0.112522	-0.571385	0.202627	-0.00799945	0.00401201	-0.000193018	0
4026.584510669	3824.336975434	0.0483055	-0.524078	0.254272	-0.00799465	0.00457969	-0.000618399	0
4001.97665303	3827.533858928	0.0163889	-0.499459	0.311736	-0.0076837	0.00522444	-0.000925918	0
4025.872270865	3823.565968833	0.040601	-0.421638	0.314456	-0.00970796	0.00626182	-0.0017577	0
3998.755023027	3819.981517579	0.0295804	-0.34924	0.301829	-0.00883726	0.0063594	-0.00171895	0
4014.401955015	3823.06912238	0.034794	-0.310817	0.331447	-0.00872212	0.00600895	-0.00212588	0
4005.051255995	3825.089539536	0.0347909	-0.322035	0.310304	-0.0083949	0.00632239	-0.00223674	0
4014.890206159	3834.578618638	0.051478	-0.312659	0.249968	-0.00800669	0.00535315	-0.00261632	0
4035.25138224	3839.271546715	0.0713864	-0.475713	-0.281793	-0.00848939	-0.000472889	-0.00135638	0
3993.734311691	3808.295854158	0.0922985	-0.653894	-0.766697	-0.00832998	-0.010809	-0.000800222	0
3979.372004321	3803.425933134	0.0719499	-0.666091	-0.847454	-0.0101798	-0.0153278	3.18845e-05	0
3950.107554844	3813.807409023	0.0749151	-0.629034	-0.72725	-0.00993418	-0.0134941	-0.0011632	0
3964.728056038	3812.776831117	0.0550359	-0.58611	-0.655342	-0.00974215	-0.0123706	-0.00183408	0
3951.197154854	3820.541398846	0.0403275	-0.489221	-0.56609	-0.00952197	-0.0112127	-0.00232002	0
3979.824119364	3822.68155462	0.0738323	-0.446344	-0.548464	-0.00915634	-0.0139451	-0.0023709	0
3975.462684995	3817.90246979	-0.0274574	-0.393239	-0.531519	-0.00874625	-0.0107927	-0.00345171	0
3976.921369768	3828.635729483	-0.0762461	-0.367259	-0.515465	-0.0105105	-0.0127756	-0.00353031	0
3989.762650693	3815.552564986	-0.0920391	-0.450911	-0.562895	-0.011984	-0.0140608	-0.00342988	0
3973.159077481	3814.462530662	-0.0889412	-0.511364	-0.625323	-0.0119992	-0.0135862	-0.00280402	0
4000.214535344	3820.946032799	-0.100704	-0.542623	-0.465305	-0.0115905	-0.0120134	-0.00304739	0
3977.559130584	3827.25969878	-0.0915524	-0.559661	-0.42038	-0.0106835	-0.0112217	-0.00262696	0
4005.764047495	3815.131690622	-0.0916383	-0.52348	-0.405257	-0.010935	-0.0113067	-0.00268866	0
3977.91607803	3815.440808942	-0.0741604	-0.48673	-0.408254	-0.0101156	-0.0105934	-0.00254885	0
3995.680420063	3819.224274038	-0.0683027	-0.458858	-0.380873	-0.0103362	-0.0102458	-0.00300819	0
3976.950333819	3809.393595795	-0.064735	-0.44523	-0.4313	-0.0106502	-0.0106629	-0.00275089	0
3979.703022046	3814.670077602	-0.0736205	-0.386748	-0.416696	-0.0103441	-0.0103137	-0.0030125	0
3988.215418679	3808.518815724	-0.0686236	-0.445491	-0.390226	-0.0108615	-0.0100578	-0.00312094	0
3978.298955198	3821.205879365	-0.0552176	-0.478948	-0.392411	-0.0102142	-0.0102925	-0.0029934	0
4010.065346976	3815.405575509	-0.0638426	-0.495602	-0.331938	-0.0102323	-0.0100434	-0.00359392	0
3972.825301275	3823.175648462	-0.044405	-0.517777	-0.343348	-0.0100119	-0.00998639	-0.00357706	0
3998.658200342	3819.079211389	-0.0384852	-0.506554	-0.286755	-0.00983363	-0.00949632	-0.00403682	0
3954.510918124	3814.410781558	-0.0268246	-0.481727	-0.270144	-0.00942338	-0.00981291	-0.00451844	0
3980.274027621	3826.976455013	-0.0228344	-0.446686	-0.216865	-0.00922262	-0.00958719	-0.00494594	0
3968.575585389	3810.534278178	-0.00461409	-0.46502	-0.202006	-0.00944408	-0.00952275	-0.00475901	0
3965.104864548	3822.238108839	-0.00337243	-0.442114	-0.261445	-0.00981439	-0.00955593	-0.00489523	0
3993.050484242	3808.208871621	-0.0134872	-0.462666	-0.233989	-0.00985613	-0.00970454	-0.00500904	0
3963.030762656	3819.16013818	-0.0172302	-0.474184	-0.242931	-0.00962344	-0.00998398	-0.00488125	0
4004.012687884	3821.29010929	-0.00613588	-0.476655	-0.196495	-0.00963055	-0.0100177	-0.00531658	0
3971.506471491	3819.324469112	-0.00566687	-0.48538	-0.214208	-0.00857793	-0.00965725	-0.00575727	0
3999.527397717	3819.809204073	0.0103196	-0.490763	-0.165371	-0.00841392	-0.00980689	-0.00616574	0
3963.258337342	3815.4311748	0.013673	-0.46381	-0.163907	-0.00795189	-0.00972711	-0.00663084	0
3981.344594111	3816.793717705	0.00798974	-0.436197	-0.120816	-0.00750646	-0.00963644	-0.00673889	0
3974.88450737	3811.763044144	0.0158759	-0.473543	-0.120042	-0.0082802	-0.00956426	-0.00702837	0
3967.287098897	3817.707309604	0.0252719	-0.43609	-0.10967	-0.00776646	-0.0100353	-0.00743706	0
3986.95120682	3818.708985085	0.0278615	-0.413674	-0.103012	-0.00778373	-0.00955097	-0.00768439	0
3966.253496052	3812.4222947	0.035448	-0.452568	-0.135107	-0.00811703	-0.0105395	-0.0077805	0
4000.002684	3816.144651812	0.0379796	-0.450079	-0.109875	-0.00692852	-0.00964993	-0.00827556	0
3993.801618628	3818.905521576	0.0386689	-0.490723	-0.054817	-0.00734233	-0.00959277	-0.00844649	0
4015.567689102	3821.244140671	0.0400966	-0.486183	-0.0215861	-0.00792301	-0.00975024	-0.00843982	0
3976.369121864	3813.205137533	0.042339	-0.439455	-0.0406108	-0.00778701	-0.00977007	-0.00843035	0
4004.440528293	3826.404737515	0.0426001	-0.429811	0.00861385	-0.00779873	-0.00948631	-0.00828695	0
3983.603238385	3811.761392576	0.0423022	-0.424713	0.0100448	-0.00773578	-0.00937469	-0.00825207	0
3992.856287177	3819.739838252	0.0522965	-0.406614	0.0522454	-0.00771163	-0.0094486	-0.00839748	0
4005.31082906	3818.318114191	0.0505597	-0.444952	0.056675	-0.00825382	-0.00927475	-0.00840565	0
3982.797210226	3819.933622132	0.0650108	-0.413441	0.0289972	-0.00884386	-0.00963919	-0.00837937	0
4011.039918327	3822.337478129	0.065459	-0.460588	0.017188	-0.00886633	-0.00928973	-0.00878755	0
3992.510373654	3820.511945898	0.0576382	-0.494671	0.0281308	-0.00835248	-0.00922471	-0.00918916	0
4023.628522389	3825.658779682	0.0577224	-0.45693	0.0468813	-0.00825787	-0.00940063	-0.00936361	0
4004.946433715	3816.546533153	0.0572058	-0.448898	0.0690499	-0.00789991	-0.00931479	-0.00938496	0
3998.431729049	3827.667635868	0.073353	-0.428548	0.10711	-0.00824247	-0.00906776	-0.00943715	0
3994.19552972	3819.719744185	0.0500049	-0.434949	0.0770861	-0.00847671	-0.00887538	-0.0096979	0
3989.733134946	3831.220707346	0.0491694	-0.392805	0.0505297	-0.0083229	-0.00874597	-0.00973778	0
4017.003478482	3827.029580423	0.0456058	-0.380546	0.0585951	-0.0081824	-0.00868399	-0.00977414	0
4001.068561073	3823.818658608	0.046987	-0.389247	0.0223919	-0.00844035	-0.00862816	-0.00960452	0
4022.51409605	3823.782599392	0.0679943	-0.363513	0.0225718	-0.00913676	-0.00852513	-0.00969917	0
4015.317494872	3822.908094582	0.0678549	-0.407456	-0.0344257	-0.00941399	-0.00843722	-0.0102987	0
4024.566957638	3827.899405793	0.0751319	-0.432121	-0.0627789	-0.00924722	-0.0077913	-0.00996032	0
4012.038488462	3815.542930844	0.0746717	-0.477869	-0.0880241	-0.00849079	-0.00822621	-0.0103226	0
4017.071888811	3821.842833766	0.0632039	-0.462354	-0.00838874	-0.00816694	-0.00806187	-0.0103372	0
4002.574415871	3815.853975992	0.0579425	-0.480198	0.00953461	-0.00816868	-0.00796233	-0.0104036	0
4004.66065508	3822.058088018	0.0512214	-0.391557	0.0681429	-0.0077805	-0.00805114	-0.0103236	0
4018.678152319	3818.930019823	0.0478932	-0.391356	0.0836165	-0.00783322	-0.00819418	-0.010232	0
3986.307101498	3817.140271546	0.0472175	-0.360997	0.0604896	-0.00760721	-0.00827689	-0.01019	0
4030.79422858	3819.800120453	0.0567016	-0.337095	0.0540855	-0.0080411	-0.00800577	-0.01017	0
3999.171277815	3814.866889354	0.0516808	-0.363609	0.021206	-0.00801367	-0.00820924	-0.0104646	0
4024.525580422	3822.08616466	0.0606342	-0.368046	0.0102065	-0.00819558	-0.00797193	-0.0102389	0
4006.096720308	3821.152203433	0.0578461	-0.38083	-0.0472697	-0.00886876	-0.00818702	-0.0105298	0
4020.81349249	3813.87815115	0.0740671	-0.476439	-0.0611211	-0.00834617	-0.0081387	-0.0107351	0
4005.678534583	3812.965660295	0.0635484	-0.500911	-0.0301346	-0.00803826	-0.00828723	-0.0106963	0
4033.151902323	3831.592585217	0.060661	-0.445607	0.0393528	-0.00736341	-0.00752336	-0.0107433	0
4009.752535227	3818.107539378	0.0483686	-0.424368	0.0625124	-0.00630079	-0.00679356	-0.0110105	0
4013.59537516	3824.378539874	0.0351482	-0.38064	0.10502	-0.00722554	-0.00628538	-0.0102416	0
4025.487186912	3828.900806012	0.0204089	-0.326238	0.131525	-0.00803401	-0.00601114	-0.00964521	0
4005.723497824	3824.368905733	0.0342836	-0.330669	0.0785695	-0.00849133	-0.00633151	-0.00976495	0
4035.019393985	3823.445679692	0.0187453	-0.339813	0.0467654	-0.00729825	-0.00664653	-0.00942281	0
4022.444030632	3824.804919462	0.0262347	-0.43759	0.0669643	-0.00872161	-0.00574434	-0.00950444	0
4038.578662067	3814.463631707	0.0324124	-0.486305	0.0404404	-0.00805233	-0.00525597	-0.00981738	0
4015.864501661	3828.617011722	0.0239116	-0.49794	0.0815938	-0.00800046	-0.00547137	-0.0098298	0
4031.105661089	3827.679196838	0.0200576	-0.483561	0.121067	-0.00803848	-0.00563076	-0.00987045	0
4006.41504902	3823.226296521	0.0165121	-0.43407	0.138768	-0.00800416	-0.00552678	-0.00996333	0
4031.329098053	3828.836119632	0.0120243	-0.364082	0.138653	-0.00770054	-0.00575607	-0.00860154	0
4009.520546972	3821.273318358	0.0103635	-0.334111	0.136829	-0.00799067	-0.00566857	-0.00910051	0
4021.269745254	3826.396754941	0.0100624	-0.311934	0.208188	-0.00867679	-0.00581925	-0.00885714	0
4021.922401868	3829.467568808	0.0281986	-0.385353	0.115744	-0.00868235	-0.0057681	-0.00934101	0
4019.437837997	3830.769278989	0.0375868	-0.414724	0.0422397	-0.00828203	-0.00594845	-0.00952517	0
4019.083097336	3828.797858326	0.0245229	-0.48464	0.109287	-0.00786056	-0.00570429	-0.00986736	0
4006.024448105	3837.872118811	0.021421	-0.448689	0.0923202	-0.00633298	-0.00470549	-0.00970154	0
4027.159102269	3832.079797529	0.00579346	-0.429594	0.116949	-0.00720399	-0.00599513	-0.00948036	0
3988.470302327	3829.978453582	0.00859062	-0.453765	0.201262	-0.00784068	-0.00594576	-0.00940472	0
4020.904246517	3830.457683319	0.01142	-0.369384	0.173993	-0.00854464	-0.00588968	-0.00922704	0
4000.646513474	3826.231873486	0.0234836	-0.353238	0.168156	-0.00848607	-0.00628396	-0.00926673	0
4027.244063485	3831.027473988	0.013033	-0.364852	0.176952	-0.00895813	-0.00633161	-0.00948419	0
4005.910798686	3822.066345854	0.0228907	-0.420975	0.19947	-0.00843673	-0.00694462	-0.00969314	0
4021.52049118	3830.936087272	0.0313984	-0.420302	0.23723	-0.00835444	-0.00676107	-0.0100893	0
4006.794340162	3823.80985025	0.0271594	-0.452725	0.261935	-0.00814207	-0.00737669	-0.0100932	0
4004.845197461	3831.513034733	0.041341	-0.42709	0.286946	-0.00799239	-0.00814569	-0.0100237	0
4018.038460567	3821.403792163	0.0184492	-0.444554	0.292382	-0.00818656	-0.00804879	-0.010196	0
3990.619710751	3813.769973501	0.0364369	-0.438859	0.305147	-0.00805277	-0.0083998	-0.0101016	0
4016.468609008	3822.365554771	0.0355872	-0.428731	0.296452	-0.00852893	-0.00852147	-0.0102238	0
3985.72202767	3823.252171073	0.0419232	-0.413254	0.305409	-0.00863849	-0.00856456	-0.00977922	0
3993.774861362	3826.538514455	0.0336103	-0.377522	0.290903	-0.00878653	-0.00838113	-0.0101878	0
3985.851952126	3818.566399787	0.0385384	-0.41183	0.266589	-0.00884864	-0.00827103	-0.0102613	0
3979.854186807	3821.514997685	0.0323677	-0.43467	0.281877	-0.00853789	-0.00839806	-0.0102766	0
4007.068809025	3816.531669049	0.0266679	-0.464472	0.292382	-0.00908882	-0.00830001	-0.00990592	0
3976.674209867	3823.531285923	0.033308	-0.4747	0.278012	-0.00873807	-0.00831083	-0.0104798	0
4001.101386997	3812.665625595	0.0251535	-0.454784	0.264233	-0.00856261	-0.00841539	-0.0105392	0
3976.719448956	3810.207818404	0.0182902	-0.453245	0.240473	-0.00817226	-0.00874311	-0.0105678	0
4009.272283678	3814.537126445	0.0213509	-0.422442	0.249305	-0.00847295	-0.00905731	-0.0105487	0
3981.839189761	3811.476772503	0.0202037	-0.41237	0.227291	-0.0087691	-0.00844777	-0.0105	0
4002.43207825	3819.232531874	0.0357631	-0.368738	0.227019	-0.0083251	-0.00834355	-0.0105118	0
3996.346869081	3808.312645091	0.0262358	-0.401401	0.191473	-0.00927631	-0.00823433	-0.0106616	0
4001.488401887	3816.249251065	0.0279166	-0.406066	0.121558	-0.00832774	-0.0082391	-0.0107275	0
3996.318732575	3807.150217073	0.0269158	-0.447501	0.191219	-0.0086721	-0.00850832	-0.0108005	0
3993.247439788	3817.523985649	0.0308212	-0.454942	0.241672	-0.00822364	-0.00849571	-0.0107708	0
4017.220846787	3813.41681339	0.0258077	-0.433606	0.241738	-0.00858576	-0.00862626	-0.0105598	0
3982.806864909	3816.816013861	0.0283828	-0.427716	0.233812	-0.00853019	-0.00872743	-0.0107369	0
4009.386484793	3816.547909459	0.0254768	-0.402671	0.251628	-0.00861641	-0.00879263	-0.010836	0
3990.858595209	3811.944716531	0.028001	-0.385511	0.253585	-0.0084009	-0.00923373	-0.0105325	0
3999.943928354	3827.373381653	0.0323923	-0.388883	0.276742	-0.00887143	-0.00900075	-0.0101145	0
4003.875591377	3819.711211088	0.0280676	-0.431967	0.251185	-0.00941736	-0.00930666	-0.0105811	0
3991.448634303	3826.276190538	0.0350589	-0.396054	0.215221	-0.00927129	-0.00877719	-0.0107326	0
4027.295922928	3828.501952544	0.0311547	-0.37835	0.188423	-0.00969757	-0.00912349	-0.0104183	0
3992.862631683	3822.472906636	0.0383301	-0.436438	0.157627	-0.00965679	-0.00878481	-0.0107702	0
4012.41557282	3823.020951671	0.04056	-0.472158	0.144398	-0.00920733	-0.00871055	-0.0107105	0
4006.634899958	3829.205795414	0.0320844	-0.466967	0.178702	-0.00883734	-0.00897979	-0.01075	0
4020.550057551	3837.603188625	0.0338564	-0.449738	0.23688	-0.00914935	-0.00928119	-0.0108694	0
3993.586457107	3825.67887375	0.03205	-0.43346	0.239003	-0.00965513	-0.00940689	-0.0109535	0
4003.929657605	3831.479728128	0.0291753	-0.361329	0.272164	-0.00945047	-0.00907626	-0.0102027	0
4003.476990867	3818.568051354	0.0280444	-0.39058	0.258307	-0.00989106	-0.00946995	-0.0104675	0
3999.154451081	3825.100274722	0.0326042	-0.361943	0.241277	-0.0104157	-0.00932087	-0.0100266	0
4023.714586997	3821.939175183	0.0257937	-0.358951	0.213786	-0.0108454	-0.00960494	-0.0103161	0
4012.596253328	3827.076374826	0.0279559	-0.392073	0.18659	-0.0105453	-0.0093744	-0.0105258	0
4029.965305028	3819.413653738	0.027903	-0.439165	0.144661	-0.010201	-0.00924859	-0.0107191	0
4019.764718	3816.493958266	0.0289418	-0.479867	0.159881	-0.00985009	-0.00951494	-0.0105983	0
4021.911367943	3827.876834375	0.0297555	-0.447746	0.187152	-0.00956863	-0.00917764	-0.011061	0
4006.469391096	3813.741346337	0.026436	-0.457218	0.209731	-0.009791	-0.00941236	-0.0112331	0
4002.559795922	3826.789277402	0.019971	-0.410908	0.218204	-0.00942038	-0.00925941	-0.0110621	0
4021.038032847	3817.627759119	0.0299476	-0.401358	0.22109	-0.0102117	-0.00915175	-0.010934	0
4001.256413632	3819.884900901	0.0316786	-0.331337	0.186216	-0.00958467	-0.00905086	-0.0107823	0
4042.330472126	3824.766658156	0.040207	-0.328223	0.199078	-0.0105522	-0.00915566	-0.0105396	0
4011.400451798	3818.986723628	0.0446224	-0.402794	0.148537	-0.0108461	-0.009238	-0.0108892	0
4028.249805671	3813.773551896	0.0360023	-0.450378	0.140957	-0.0109928	-0.00966705	-0.0109303	0
4011.01619539	3818.712838741	0.0338556	-0.462179	0.182808	-0.00992112	-0.00965059	-0.0109966	0
4042.344264532	3830.909937459	0.0196811	-0.453794	0.231155	-0.00984197	-0.00945809	-0.0107049	0
3996.768364984	3819.228953478	0.00674742	-0.426606	0.249091	-0.00987705	-0.00924343	-0.0105889	0
4033.452576756	3827.329890384	-0.00377104	-0.342185	0.231534	-0.0104115	-0.00899353	-0.00961033	0
4024.096636621	3813.632893427	-0.00226392	-0.3103	0.453725	-0.00798386	-0.00765085	-0.00717695	0
4016.027252043	3799.123325428	0.132556	-0.451619	0.692969	-0.0134542	-0.00464193	-0.00392876	0
3998.810744344	3788.629542972	0.121141	-0.742213	1.16451	-0.0206278	-0.00217373	-0.00290556	0
3989.904712467	3790.692625612	0.170904	-0.83706	1.09499	-0.0159876	-0.00402779	-0.00267098	0
3971.081389564	3791.290768184	0.21674	-0.871436	0.826889	-0.00891189	-0.00454744	0.000334247	0
3984.23382715	3793.946763434	0.229557	-0.522929	0.379957	-0.00151013	-0.00237493	0.000926156	0
3971.666463392	3773.624504825	0.24058	-0.793948	1.29182	-0.0108408	-0.00185964	0.000310622	0
3974.779409242	3808.830136133	0.141307	-1.15667	1.8528	-0.0295316	0.00143821	0.00146096	0
3973.557953839	3817.88870673	0.0949053	-1.33461	2.29494	-0.0484978	0.00337179	0.00140078	0
3968.824400379	3844.918254826	0.0949032	-1.35735	2.39737	-0.0525662	0.00311009	0.00167178	0
3980.096105594	3832.464337415	0.107941	-1.2383	2.33541	-0.0488843	0.00332193	0.00123939	0
3987.22319305	3819.389981276	0.105297	-0.940517	1.80895	-0.0314692	-0.00132216	0.00433031	0
4011.396038229	3806.652544837	0.177594	-0.904509	2.20022	-0.0283304	-0.0041178	0.000393278	0
4003.193419016	3825.473804161	0.252711	-0.99739	2.30188	-0.0260288	-0.00442331	-0.000151132	0
3992.925800899	3784.881036047	0.222606	-0.974937	1.6033	-0.0174875	-0.00224076	0.00188013	0
4023.451979603	3824.147870995	0.140488	-0.795008	2.10092	-0.0197811	-0.00143659	0.00300049	0
4031.84741664	3816.392386885	0.098275	-0.669435	1.89115	-0.0151982	0.00212386	-0.000978853	0
4028.136983797	3808.036558114	0.122014	-0.683062	1.74846	-0.0141913	0.000114104	0.00152809	0
4032.260637099	3806.050548608	0.115415	-0.666242	1.9467	-0.014324	0.000300066	0.000162152	0
4011.25039043	3795.966079545	0.100258	-0.764761	2.08468	-0.0174036	0.00046484	0.000234842	0
4036.342913187	3798.366357147	0.0991667	-0.721885	2.05515	-0.0163382	-0.00048198	4.38924e-05	0
4015.709199179	3799.717889604	0.092754	-0.732503	2.03002	-0.0165732	-0.000868665	-0.000239413	0
4051.747098844	3811.550817764	0.0999806	-0.836472	2.10162	-0.019851	-0.00135861	-0.000713104	0
4040.087827043	3837.809359259	0.107712	-0.831966	1.66084	-0.0180117	-0.000858433	-0.000168316	0
4045.748230132	3815.058195883	0.104636	-0.553782	0.567559	0.000520231	-0.00295837	0.00605291	0
4021.931229007	3835.420917888	0.0243503	-0.473592	0.631283	-0.0102057	-6.78124e-05	-0.000816545	0
3966.530999244	3804.900232083	0.0141013	-0.555338	0.612039	-0.0112861	0.000881149	-0.00306166	0
3939.312515152	3812.22135403	0.0295728	-0.409497	0.661638	-0.0121095	5.12053e-05	-0.00472351	0
3948.797552199	3809.806762846	0.0172357	-0.459215	0.623877	-0.0117995	-0.000262451	-0.00358272	0
3922.382337785	3808.807839977	0.0291597	-0.464883	0.309793	-0.00239818	0.00120412	0.00216889	0
3930.902182317	3806.116060772	0.0185402	-0.378234	0.314596	-0.00132863	0.00181171	0.00244202	0
3941.854455428	3809.372125422	0.0179606	-0.385421	0.338755	-0.00295407	0.00136347	0.000734498	0
3969.654979019	3820.859050262	0.0183428	-0.408598	0.321484	-0.00312469	0.000666664	-0.000201586	0
3982.580393616	3825.669514869	0.0239608	-0.454592	0.362459	-0.00394109	0.0011574	-0.000429824	0
4000.343908104	3832.589581258	0.0207734	-0.486532	0.425174	-0.00427009	0.00134726	-0.00041341	0
3969.304651927	3829.359666421	0.0247767	-0.495132	0.529701	-0.00531359	0.00128366	0.000266651	0
4027.249856295	3834.472643078	0.031674	-0.489248	0.740131	-0.00695102	0.000577171	0.000204842	0
3975.793978568	3824.997602297	0.0285816	-0.502328	0.812156	-0.00819512	-8.27916e-05	0.000204842	0
4005.384204656	3824.293484166	0.0554395	-0.545748	0.858548	-0.00992708	0.000651144	0.000204842	0
3950.855654901	3834.861311883	0.0478583	-0.688549	1.00764	-0.01533	0.000521421	0.000204842	0
3975.0911176	3836.118705012	0.0312874	-0.663025	1.13514	-0.0149722	0.001356	-0.000232207	0
3941.091183725	3834.388137892	0.00495546	-0.681499	1.1892	-0.0149203	0.00172852	-0.000362529	0
3936.474038165	3831.39935186	-0.00647889	-0.600621	1.26318	-0.0148889	0.0017859	-0.000489713	0
3963.30799	3826.902134491	-0.0163789	-0.636616	1.19757	-0.0150151	0.00177451	-0.000931382	0
3926.502680911	3822.289032159	-0.00544996	-0.574984	1.17721	-0.0146169	0.00229458	-0.00132695	0
3980.950131323	3823.420080401	-0.00635329	-0.588337	1.15642	-0.0142824	0.00166736	-0.00153663	0
3940.766786355	3824.778494388	-0.00299926	-0.640531	1.11792	-0.0142122	0.0022546	-0.0012377	0
3990.315726141	3823.67139387	0.0131744	-0.625545	1.09823	-0.0150088	0.00192199	-0.00141365	0
3967.489295557	3819.128758404	0.0189916	-0.652202	1.0304	-0.0143661	0.00130519	-0.00140618	0
3983.943634945	3822.073227384	0.0249215	-0.705054	0.992756	-0.0140536	0.00146364	-0.000743376	0
3962.951870098	3813.29432216	0.0179764	-0.728481	1.0097	-0.0137851	0.00157881	-0.00047372	0
3981.511758062	3819.781127431	0.00817483	-0.690716	1.0754	-0.014421	0.00186699	-0.000763251	0
3967.836312471	3805.043918425	0.00803879	-0.673649	1.07539	-0.0137687	0.00166937	-0.000897228	0
3962.98221339	3817.9924802	-0.0144436	-0.590934	1.0749	-0.014321	0.00189782	-0.00115698	0
3979.348005536	3807.041488902	-0.0547069	-0.593963	1.09164	-0.0149767	0.00187386	-0.00180936	0
3956.694807561	3812.298151902	-0.0572012	-0.582606	1.08174	-0.014251	0.00208143	-0.00189254	0
3997.004766809	3807.226464424	-0.00678848	-0.597071	1.0814	-0.0147623	0.00171576	-0.00152195	0
3957.979156332	3814.493084654	0.00800165	-0.634666	1.06233	-0.0145634	0.00102999	-0.00118647	0
3990.879559665	3812.017110225	0.0182979	-0.637822	1.05664	-0.0145517	0.00114221	-0.00130724	0
3973.924280121	3812.709667386	0.0444262	-0.596684	0.888693	-0.00988668	-0.00108369	0.00471043	0
4005.554127088	3808.575794791	0.096437	-0.511572	0.718736	-0.00603571	0.000929017	0.00518117	0
3994.257871392	3824.334773345	0.0898282	-0.494387	0.338787	0.000498374	0.00256547	0.00316091	0
3998.63089138	3815.179310808	0.0727743	-0.513501	0.359062	-0.00131269	0.00333643	0.000357943	0
3964.529445404	3824.065292637	0.0379823	-0.516623	0.468539	-0.00303616	0.004077	-0.00107909	0
3968.295875412	3815.52118521	0.00972955	-0.494489	0.530536	-0.00528447	0.00325329	-0.00219043	0
3973.814768424	3819.209685194	-0.0168594	-0.470932	0.537347	-0.00580288	0.00279154	-0.00247044	0
3953.350425151	3825.250016811	-0.00912912	-0.413146	0.516204	-0.00630715	0.00215622	-0.00305511	0
4003.150938408	3827.322458332	-0.0186406	-0.432853	0.535479	-0.00712585	0.00182916	-0.00332311	0
3965.6573883	3821.113391604	-0.0157624	-0.452854	0.553451	-0.00787788	0.00181801	-0.00354769	0
4001.218346593	3825.700068861	-0.0130402	-0.447315	0.597359	-0.00821962	0.00142333	-0.00363461	0
3998.234221807	3831.164278801	-0.00117859	-0.519368	0.78709	-0.00764213	0.00124294	-0.00377695	0
4015.805470167	3821.628955819	0.000188314	-0.516534	0.880059	-0.00852672	0.00106639	-0.00381655	0
3981.592305708	3813.290193242	0.000275022	-0.538659	0.87645	-0.00921722	0.00100047	-0.0035258	0
3997.942374513	3822.657331635	0.00853154	-0.556382	0.850911	-0.010082	0.00130435	-0.00348979	0
3984.284307353	3813.569308091	0.0267073	-0.621813	0.797368	-0.00905865	0.00164988	-0.00352117	0
3979.869910149	3820.984569366	0.0297807	-0.577038	0.830387	-0.00911956	0.00168908	-0.00331135	0
3987.569658268	3816.123181439	0.0168771	-0.563224	0.87252	-0.00957329	0.00187611	-0.00311072	0
3969.772490311	3819.459347096	0.0116716	-0.525052	0.858939	-0.00976136	0.00182117	-0.00339511	0
4006.185819245	3821.890729213	0.0045754	-0.491194	0.901776	-0.0107297	0.00165265	-0.00332904	0
3962.580578551	3820.581036457	0.00913434	-0.487571	0.875928	-0.0104692	0.000899257	-0.00403842	0
4006.016172662	3821.56234261	0.00461405	-0.474362	0.882304	-0.011095	0.00072477	-0.0041284	0
3989.958226999	3825.427835542	0.00847255	-0.525092	0.840453	-0.0114278	0.000243363	-0.00423443	0
4012.906306597	3821.257353208	0.0100526	-0.543637	0.840653	-0.0120006	-0.000429051	-0.00479374	0
3986.125593445	3825.765030503	0.00689502	-0.564246	0.820111	-0.0122582	-0.00116624	-0.00536447	0
3982.675561212	3821.481966342	0.00314477	-0.560258	0.820097	-0.0123894	-0.00115077	-0.00548488	0
3988.185627084	3817.264689606	0.00664231	-0.600092	0.820137	-0.012741	-0.00143679	-0.00554927	0
3975.159527929	3823.027007417	0.00104449	-0.555473	0.7832	-0.0116173	-0.00149978	-0.00551149	0
3995.494222593	3816.084094349	-0.00042173	-0.555889	0.808831	-0.0127938	-0.0020351	-0.00615885	0
3973.661672726	3812.458078656	0.0058591	-0.552244	0.777741	-0.012968	-0.00197824	-0.00596314	0
4007.508510903	3819.390531798	0.0216216	-0.514637	0.710481	-0.0129563	-0.00257552	-0.00670508	0
3978.190271045	3816.605439049	0.0153892	-0.48685	0.711182	-0.0121606	-0.00269158	-0.00694554	0
4002.334152173	3824.692337634	0.0152847	-0.499747	0.693827	-0.0126031	-0.0032582	-0.00691321	0
3988.335412604	3815.94811532	0.0162475	-0.495891	0.695111	-0.0122565	-0.00339687	-0.00719811	0
3987.491869103	3820.605809965	0.0264952	-0.481415	0.702558	-0.0123479	-0.00385832	-0.00734433	0
4016.719354935	3813.306984174	0.027927	-0.534284	0.672429	-0.0128265	-0.00459448	-0.00809749	0
3979.260285839	3817.432048411	0.0295246	-0.523905	0.630725	-0.0124637	-0.00509678	-0.00818048	0
4024.5942666	3820.52405739	0.0334636	-0.506997	0.658455	-0.0126307	-0.00532645	-0.00848529	0
3995.857238697	3820.531489443	0.0369522	-0.559878	0.762996	-0.0121839	-0.00438218	-0.00840958	0
4014.423747015	3817.606564007	0.0319557	-0.538325	0.694676	-0.0134406	-0.00507014	-0.00843799	0
3998.71668014	3812.751782348	0.0409639	-0.524114	0.646451	-0.0134088	-0.00597981	-0.00890426	0
4010.470567841	3824.071073122	0.0524106	-0.506866	0.687373	-0.0140976	-0.00647466	-0.00902598	0
3993.729622273	3811.369695899	0.0448703	-0.518543	0.666446	-0.0142496	-0.00632813	-0.00922614	0
4000.483211397	3811.919392501	0.0548548	-0.503844	0.669636	-0.0147752	-0.00651866	-0.00928253	0
4017.263879092	3816.297421774	0.0405589	-0.545215	0.687392	-0.0150155	-0.00668686	-0.00953932	0
3989.224746891	3819.26859109	0.0453751	-0.537555	0.664796	-0.0143179	-0.00618362	-0.00967902	0
4013.405039968	3819.611291275	0.0390078	-0.516077	0.667465	-0.0145096	-0.00651188	-0.00968124	0
3994.236906936	3811.352629705	0.0431032	-0.563296	0.650804	-0.0138871	-0.0064097	-0.0102161	0
4033.292584856	3820.674350002	0.033743	-0.54031	0.650915	-0.0134155	-0.00565736	-0.0098194	0
3993.378191789	3812.902350221	0.031449	-0.53745	0.620065	-0.0142193	-0.0056342	-0.00950818	0
4016.55136344	3825.658779682	0.0255744	-0.503693	0.638509	-0.0154894	-0.00520702	-0.00943432	0
4010.568493918	3809.036582028	0.0321407	-0.502411	0.619198	-0.0157976	-0.00557508	-0.00955092	0
4017.511590689	3822.652652195	0.0358107	-0.493937	0.616361	-0.0163288	-0.00593132	-0.00956579	0
4033.925656254	3824.215585248	0.0259942	-0.582323	0.53163	-0.0159044	-0.00535587	-0.0095763	0
4011.802086638	3811.585225413	0.0378196	-0.582414	0.47914	-0.0142403	-0.00458638	-0.00986072	0
4028.302216811	3820.457444182	0.0261576	-0.581153	0.577988	-0.0142649	-0.00465606	-0.00991161	0
4002.734407771	3817.060996323	0.0287842	-0.552911	0.602674	-0.0137801	-0.00527525	-0.00970599	0
4045.295563394	3827.680573144	0.034083	-0.452168	0.443776	-0.0117394	-0.00480128	-0.0103246	0
4009.855702418	3836.176785124	0.0425489	-0.421639	0.181398	-0.00878338	-0.00743825	-0.00983415	0
4022.185560958	3830.997195257	0.0551177	-0.408976	0.218739	-0.0089889	-0.00766073	-0.00937037	0
3994.369589874	3822.45528992	0.0523674	-0.422876	0.30622	-0.00982206	-0.00768816	-0.00933918	0
4011.656162991	3824.341379613	0.0660945	-0.431852	0.422746	-0.0109525	-0.00836099	-0.00983814	0
4010.554425664	3828.716931535	0.0731554	-0.510206	0.477059	-0.0114334	-0.00806117	-0.0100848	0
4008.905681548	3814.968460735	0.0948351	-0.560063	0.396222	-0.0107398	-0.00683655	-0.0107835	0
4020.949485606	3821.765760632	0.0952303	-0.608697	0.428532	-0.0100136	-0.00693891	-0.0110974	0
3998.790055736	3823.572575102	0.0832298	-0.594705	0.468098	-0.0101742	-0.00643318	-0.0113524	0
4021.391394268	3820.684809927	0.0699632	-0.545237	0.48899	-0.010941	-0.00675714	-0.0116551	0
3992.66815877	3814.287464543	0.0613053	-0.494238	0.473295	-0.0101137	-0.006888	-0.0117174	0
4027.760726983	3824.828316664	0.056576	-0.413724	0.527863	-0.0103335	-0.00686326	-0.0114776	0
4005.627502683	3815.707812299	0.0598073	-0.398202	0.552471	-0.0113005	-0.00705107	-0.011759	0
4030.280047715	3820.552684555	0.0773254	-0.375684	0.644947	-0.012759	-0.0077525	-0.0115509	0
4019.105165184	3807.934711473	0.0681725	-0.449048	0.579032	-0.0134218	-0.00815716	-0.0115217	0
4042.062623618	3843.417530802	0.00603979	-0.509729	0.410391	-0.00984523	-0.00180328	-0.00111442	0
3998.158915275	3795.678156338	0.0497259	-0.504498	-0.0496242	0.00458516	0.0028228	0.00675332	0
3995.871582799	3768.316092721	0.146083	-0.490636	-1.63651	0.0323809	0.00252998	0.00532291	0
3973.306380368	3771.541052856	0.176102	-0.358522	-1.67587	0.0317221	0.00298656	0.00514918	0
3939.291550696	3769.874071072	0.153503	-0.284677	-1.22939	0.0219002	0.00233546	0.0031962	0
3975.934385253	3797.334127674	0.129261	-0.238281	-0.76902	0.014261	0.00225182	0.00254531	0
3936.645891533	3784.955907091	0.124222	-0.218055	-0.780864	0.0136293	0.00153199	0.00163516	0
3972.414563449	3794.273223209	0.121064	-0.191234	-0.681308	0.0136799	0.00153666	0.00139375	0
3961.427533477	3787.074592493	0.115808	-0.211801	-0.789672	0.0137315	0.000675162	0.00093569	0
3979.450621031	3797.209434354	0.115746	-0.290064	-0.743957	0.013753	0.000898828	0.000199237	0
3975.574127629	3795.01422634	0.106839	-0.342366	-0.715369	0.0139683	0.000852003	-0.000135327	0
3995.694488316	3809.489661952	0.09471	-0.329298	-0.624767	0.0145587	0.00081385	-0.000407284	0
3997.261581393	3796.657810923	0.0920191	-0.341719	-0.613185	0.0143998	0.000773062	-0.000409802	0
3983.107263494	3805.392399096	0.0808705	-0.303457	-0.641621	0.0140946	0.0012453	-0.000511121	0
4002.244501539	3798.840356921	0.0881594	-0.269145	-0.612802	0.0135327	0.000786673	-0.000706337	0
3971.584536505	3798.595099199	0.0850633	-0.237063	-0.681987	0.0129555	0.000818187	-0.000773143	0
4013.840328276	3800.693690533	0.0918366	-0.205282	-0.687796	0.0126517	0.00088851	-0.000773143	0
3995.321817528	3802.71906239	0.0847449	-0.22592	-0.742057	0.0124477	0.000862602	-0.000982294	0
4006.898610745	3794.752177685	0.0914488	-0.267999	-0.724167	0.0130284	0.00128946	-0.00123229	0
3975.506268996	3794.372041977	0.087946	-0.302513	-0.735944	0.0133816	0.00068087	-0.00128049	0
4003.122801901	3815.155913607	0.0785921	-0.284612	-0.611082	0.0130205	0.000370058	-0.00177474	0
3979.975835821	3804.335671376	0.0710022	-0.295886	-0.57734	0.0133534	0.0004012	-0.00198257	0
3984.893931662	3808.032153935	0.0651402	-0.263666	-0.517644	0.0127359	0.000471596	-0.00231596	0
3991.302986504	3808.10702498	0.0625882	-0.270968	-0.523132	0.0126339	-1.89381e-05	-0.00224199	0
3974.782995268	3807.09874323	0.0724716	-0.224584	-0.599147	0.0119717	0.000473356	-0.00231597	0
4005.349171947	3808.416143299	0.0704834	-0.193945	-0.584863	0.0118297	0.000105843	-0.00259396	0
3977.303143543	3804.222263765	0.0764585	-0.264594	-0.664848	0.0124301	-0.000366382	-0.00247889	0
4000.912155198	3804.175194101	0.0738327	-0.292567	-0.606424	0.0120305	0.000360402	-0.0028091	0
3979.005402192	3805.29413085	0.0730859	-0.302017	-0.583649	0.0121448	7.93442e-05	-0.0026678	0
4019.276191008	3815.324923979	0.0667719	-0.279312	-0.518022	0.0127398	0.000124495	-0.00269179	0
3967.999062852	3804.871054396	0.0739992	-0.284323	-0.528554	0.0122194	-8.82777e-05	-0.00263345	0
4000.777541324	3807.513286587	0.0684053	-0.252281	-0.495727	0.0125068	-0.000255023	-0.00262193	0
3972.343394638	3800.589641802	0.0698008	-0.246387	-0.542805	0.0124432	-0.000777622	-0.00263068	0
3989.094270738	3804.391549398	0.0762648	-0.216649	-0.51672	0.0116284	-0.000212856	-0.00263068	0
3997.480053091	3802.301766422	0.0828853	-0.265124	-0.542023	0.0117309	-9.60915e-05	-0.00263068	0
3986.527228284	3798.764109571	0.0778704	-0.291752	-0.56688	0.011931	-0.000278732	-0.0028792	0
4011.090950226	3802.304519034	0.0785995	-0.298792	-0.486672	0.011972	-0.000547547	-0.00292901	0
3980.64945689	3804.893075292	0.0661541	-0.314152	-0.515428	0.0118124	-0.000684972	-0.00277264	0
4008.245852884	3812.50982776	0.0663931	-0.292138	-0.438529	0.0114462	-0.00097096	-0.00326141	0
3974.472114455	3800.550829974	0.0660458	-0.296253	-0.462385	0.0111165	-0.00116662	-0.00341531	0
4005.215661465	3814.991307414	0.0648905	-0.289197	-0.403647	0.0105687	-0.00172337	-0.00370889	0
3975.216352639	3798.338831028	0.0648441	-0.275748	-0.401096	0.0102361	-0.00173347	-0.00376651	0
3989.563212514	3808.935836431	0.0646955	-0.261882	-0.330485	0.00917615	-0.00181936	-0.00381661	0
3987.894331486	3801.512317321	0.0651582	-0.295751	-0.374148	0.00938331	-0.00152299	-0.00402977	0
3984.394094898	3816.648104534	0.0646455	-0.286873	-0.348453	0.00938331	-0.00186352	-0.00420778	0
3996.138603763	3809.651790794	0.0593088	-0.316825	-0.343024	0.00980088	-0.00197382	-0.00411654	0
3976.390638016	3809.758867398	0.0627525	-0.307735	-0.391841	0.00987551	-0.0021059	-0.00404399	0
4002.347944578	3800.873986614	0.056791	-0.312411	-0.347573	0.00942796	-0.00202247	-0.00385066	0
3965.219341511	3798.856046809	0.0655119	-0.309725	-0.420449	0.00982434	-0.00264558	-0.00411349	0
4010.997161871	3800.120046207	0.0640375	-0.285828	-0.40255	0.00961482	-0.0019435	-0.00381739	0
3987.441664748	3807.759920615	0.0785497	-0.25346	-0.42908	0.00923299	-0.00209945	-0.00427743	0
4009.593095023	3803.121218993	0.0821737	-0.264196	-0.420945	0.00916657	-0.00119022	-0.00400869	0
3981.741815381	3797.803448008	0.0772106	-0.283472	-0.494522	0.0104236	-0.00210702	-0.00412514	0
4012.427985985	3809.959808069	0.0713811	-0.282503	-0.379745	0.0100467	-0.00201027	-0.00409525	0
3993.18895999	3801.401937582	0.0681227	-0.300195	-0.391578	0.0105383	-0.00178537	-0.00412171	0
4006.164027245	3805.765928534	0.0801515	-0.267954	-0.33422	0.010622	-0.00194099	-0.00414346	0
4015.292668542	3805.128698873	0.0710274	-0.28045	-0.354313	0.00994457	-0.0020187	-0.00425946	0
3998.955840446	3801.481488067	0.0823534	-0.262291	-0.370356	0.0094438	-0.00207429	-0.00429732	0
4021.78971893	3808.40238024	0.0776818	-0.250241	-0.270782	0.00844597	-0.00134125	-0.0047876	0
4012.541359556	3815.331530248	0.0819852	-0.306144	-0.377729	0.00894659	-0.00130905	-0.00455569	0
4035.708738396	3807.27876405	0.0943899	-0.309736	-0.489319	0.0102519	-0.00180845	-0.00477729	0
4000.509692815	3814.537676968	0.0799714	-0.346505	-0.443393	0.00956759	-0.00199447	-0.0044452	0
4026.888495279	3814.85670469	0.0864752	-0.319832	-0.391487	0.00983739	-0.00192421	-0.0047562	0
3995.480154339	3813.011078392	0.0740457	-0.276405	-0.424226	0.010592	-0.0022052	-0.00435442	0
4015.229775175	3816.761787406	0.0800026	-0.250323	-0.34	0.009516	-0.00266134	-0.00495139	0
4010.391951131	3805.058507269	0.0624131	-0.236327	-0.369275	0.00980684	-0.00253878	-0.00464397	0
4019.637000328	3823.847561033	0.0605114	-0.222111	-0.258648	0.00895018	-0.00261356	-0.00452934	0
4016.36516597	3812.726458319	0.0579751	-0.29434	-0.281111	0.00791584	-0.00279699	-0.00477325	0
3999.883241771	3816.736463376	0.0668546	-0.277172	-0.33359	0.00719334	-0.0034187	-0.00531126	0
4028.050367492	3825.933765614	0.0588387	-0.268879	-0.317343	0.00712901	-0.00308073	-0.00539179	0
4009.518064339	3820.813907427	0.0639424	-0.288705	-0.39277	0.00700753	-0.00347357	-0.00525822	0
4030.555895818	3820.787757613	0.0677866	-0.351241	-0.409378	0.00825571	-0.00367954	-0.00564478	0
4004.439424901	3810.145884635	0.0622754	-0.362918	-0.365386	0.00774337	-0.00367156	-0.00555535	0
4035.33579176	3822.786979657	0.0586164	-0.341724	-0.269801	0.00676767	-0.00325326	-0.00553925	0
3997.491638712	3815.573484837	0.054551	-0.325744	-0.282092	0.00703475	-0.00341005	-0.00539673	0
4027.61425164	3818.705957212	0.0586895	-0.280797	-0.155768	0.00627103	-0.00320369	-0.0057726	0
4008.505701798	3812.906479139	0.0530612	-0.29658	-0.182132	0.00585001	-0.00392263	-0.00580521	0
4004.12826824	3819.462925492	0.0579712	-0.265399	-0.157073	0.00556929	-0.00349294	-0.00611865	0
4034.432113372	3821.481415819	0.0578807	-0.280011	-0.137942	0.00537525	-0.00356151	-0.00630677	0
4022.35410415	3828.541039633	0.0424701	-0.31125	-0.0365445	0.00144785	-0.00274558	-0.00597556	0
4040.075413878	3824.962919387	0.0532407	-0.350963	0.117326	-0.00184985	-0.000399479	-0.00247303	0
4013.549860223	3833.964510916	0.0730652	-0.517312	0.282704	-0.0110754	-0.00148477	-0.00254639	0
4035.279518747	3830.006805485	0.072897	-0.463307	0.0837424	-0.00413151	-0.00107333	-0.00246578	0
4006.503596261	3824.065292637	0.0614352	-0.458151	0.120245	-0.00172496	-0.000471612	-0.00276571	0
4016.943619443	3822.486394435	0.0561494	-0.395454	0.13751	-0.00103736	-0.000217056	-0.00326715	0
4005.587504708	3822.493826487	0.0537532	-0.387451	0.121658	-0.00073031	-0.000425897	-0.00358921	0
3992.429274312	3824.775741776	0.0534293	-0.320494	0.106666	-0.000821349	-0.000548051	-0.0038483	0
4019.986224027	3821.420032573	0.053605	-0.312051	0.120336	-0.000752519	-0.000794048	-0.00398529	0
3999.100660701	3824.058686368	0.0506626	-0.301353	0.0928685	-0.000895877	-0.00108968	-0.00443107	0
4029.425470289	3829.554000823	0.0605322	-0.280084	0.0652323	-0.0014177	-0.00179208	-0.00503291	0
4007.926144932	3824.056484279	0.0548817	-0.369078	0.0509941	-0.00107007	-0.00272992	-0.00597348	0
4027.445984297	3834.949670726	0.0544149	-0.387237	0.0526286	-0.00111994	-0.0027587	-0.00674909	0
4006.033275244	3825.666486996	0.0550038	-0.406333	0.0805681	-0.00111854	-0.00327757	-0.00703244	0
4026.147567272	3831.413940703	0.051522	-0.376345	0.132804	-0.00136499	-0.00335504	-0.00734494	0
4015.421489607	3821.936697832	0.0412697	-0.411596	0.132131	-0.0018407	-0.00389569	-0.00753061	0
4006.272711398	3826.475754903	0.0523248	-0.378244	0.123883	-0.00214798	-0.00446072	-0.00742592	0
4029.283408516	3823.640564616	0.0435752	-0.346633	0.121397	-0.00213194	-0.00425204	-0.00775647	0
4001.874037536	3820.239162056	0.058843	-0.334569	0.116615	-0.00239542	-0.00423094	-0.00748106	0
4023.990710949	3830.11856153	0.0609921	-0.311678	0.0670334	-0.00294739	-0.00416575	-0.00770584	0
4021.500354269	3827.082155311	0.0652319	-0.297415	0.02127	-0.0027175	-0.00407736	-0.00757638	0
4052.953382601	3831.273006972	0.0690873	-0.32306	-0.00652433	-0.00168503	-0.00345927	-0.00761228	0
4015.892086472	3827.106928818	0.0722913	-0.404036	0.00619679	-0.0018016	-0.00350044	-0.00752935	0
4032.650962166	3836.102739863	0.0656908	-0.395008	0.0835312	-0.001612	-0.00329233	-0.0076192	0
4021.367947179	3818.94323236	0.0455145	-0.399944	0.102793	-0.00150977	-0.00370814	-0.00776459	0
4020.493784538	3828.05795624	0.0574422	-0.364251	0.135054	-0.00219129	-0.00439846	-0.00864459	0
4029.84724204	3825.118441961	0.052028	-0.374989	0.15635	-0.0029075	-0.00478277	-0.00903703	0
4002.013892524	3825.329842557	0.0602607	-0.337307	0.153175	-0.00269797	-0.00511437	-0.00865099	0
4027.729280299	3818.587594899	0.0582342	-0.327981	0.156864	-0.00346042	-0.00517272	-0.00898697	0
4002.853574152	3820.807301158	0.0708609	-0.35603	0.147836	-0.00411174	-0.00554184	-0.00923526	0
4042.268682151	3830.829561191	0.0530877	-0.32881	0.145745	-0.00446769	-0.00549344	-0.00962001	0
4017.02692557	3825.956612293	0.0546891	-0.340635	0.0940641	-0.00498409	-0.00565064	-0.00940086	0
4036.662896987	3826.728444678	0.0563525	-0.325467	0.0866572	-0.00550545	-0.00543077	-0.0097119	0
4023.421084615	3818.303250086	0.0668225	-0.43261	0.0411503	-0.00445906	-0.00582744	-0.00953838	0
4021.934539184	3824.228797785	0.0760759	-0.413741	0.0536824	-0.00352354	-0.00537858	-0.0093874	0
4033.892554481	3826.721012626	0.0552942	-0.40154	0.0970089	-0.00306485	-0.00543513	-0.00946814	0
4009.021261904	3817.899992439	0.0510444	-0.38858	0.106143	-0.00291036	-0.0054775	-0.00929276	0
4039.282626428	3828.32578538	0.0413008	-0.363051	0.117711	-0.00330461	-0.00530758	-0.00947992	0
4009.628679428	3820.983468321	0.0447933	-0.339575	0.101893	-0.00387394	-0.00584514	-0.00943809	0
4031.903413805	3821.649600408	0.0610174	-0.303188	0.132213	-0.00389812	-0.00532109	-0.00959894	0
4012.244546996	3824.714633791	0.0572978	-0.300601	0.100407	-0.0043914	-0.00569882	-0.00941463	0
4034.828507097	3830.796529848	0.0685611	-0.30943	0.125468	-0.00484679	-0.00605025	-0.00975783	0
4038.939747235	3827.463667324	0.0574438	-0.409823	0.0400105	-0.00353126	-0.00585371	-0.0101607	0
4023.511286945	3833.760817634	0.0568231	-0.394493	0.0580629	-0.00375185	-0.00607173	-0.010041	0
4041.063501786	3828.154297657	0.0526295	-0.429324	0.139061	-0.00454132	-0.00610496	-0.00979202	0
4010.081622015	3822.223519995	0.0504447	-0.398442	0.124242	-0.00422603	-0.00610388	-0.00963836	0
4035.578813939	3830.949575071	0.0423527	-0.382441	0.116643	-0.00458235	-0.00618649	-0.0096043	0
4000.854778793	3830.421899364	0.0541949	-0.358178	0.0954209	-0.0048372	-0.00615436	-0.0100993	0
4036.341533946	3831.97850141	0.054663	-0.313444	0.108802	-0.00538633	-0.00621039	-0.00991927	0
4026.62947391	3823.640289355	0.0564119	-0.309095	0.0653495	-0.0055069	-0.00624323	-0.00978343	0
4047.292151968	3840.269093278	0.0663546	-0.305306	0.0358917	-0.00547719	-0.00613635	-0.00989115	0
4043.787225962	3830.15324444	0.0703557	-0.429072	0.00783207	-0.0044028	-0.00548497	-0.0101071	0
4036.337120376	3834.780109831	0.0667636	-0.402638	0.0642402	-0.0042025	-0.00584739	-0.010039	0
4038.333984799	3829.693282987	0.0464977	-0.407445	0.10696	-0.00450245	-0.00591462	-0.0100607	0
4015.013234413	3828.234123403	0.0472778	-0.397858	0.0934459	-0.00382877	-0.0057556	-0.00965411	0
4044.890066681	3820.202277056	0.048848	-0.340525	0.0908885	-0.00415481	-0.00570084	-0.00960472	0
4017.757095501	3827.864998143	0.0844665	-0.323889	0.101077	-0.00518492	-0.00591778	-0.00914464	0
4052.312311608	3817.702079641	0.0871231	-0.276895	0.0711854	-0.00602177	-0.00581581	-0.0090903	0
4039.091463692	3824.480386516	0.0892057	-0.306351	-0.00618423	-0.00562872	-0.00561466	-0.00900254	0
4053.03062007	3823.488069915	0.0980627	-0.393663	-0.032055	-0.00472857	-0.00470616	-0.00878853	0
4019.830645697	3823.954087115	0.0997417	-0.441512	0.0145165	-0.00435075	-0.00525231	-0.00925772	0
4037.057083927	3829.304614182	0.0755814	-0.400332	0.100873	-0.00365239	-0.00494294	-0.00926435	0
4008.579077393	3823.863801444	0.0577117	-0.378713	0.113403	-0.00342242	-0.00487296	-0.00891477	0
4019.775751924	3827.471649899	0.0573337	-0.318495	0.159569	-0.00322143	-0.0048357	-0.00910292	0
4010.412915587	3822.761105105	0.0604423	-0.311181	0.144811	-0.00369964	-0.00477725	-0.00920755	0
4016.209863487	3830.929481004	0.0621192	-0.269144	0.113467	-0.00418847	-0.00475916	-0.00889599	0
4030.486657944	3832.89704801	0.0617323	-0.300804	0.11907	-0.00510394	-0.00498367	-0.0089879	0
4005.216764857	3831.974923014	0.0692586	-0.380095	0.0382456	-0.00428006	-0.00477627	-0.00912486	0
4040.857719101	3829.228366832	0.0603573	-0.384291	0.0604569	-0.00307191	-0.00463245	-0.00912651	0
4007.140805381	3829.183774518	0.0554108	-0.431639	0.102509	-0.00251815	-0.00422489	-0.00939849	0
4034.25198456	3842.600830843	0.0444216	-0.414972	0.0993877	-0.00311243	-0.0044501	-0.00908772	0
4001.615292015	3831.202264846	0.0554466	-0.398474	0.121339	-0.00227191	-0.00417515	-0.00913295	0
4021.135407228	3827.67259057	0.0541682	-0.352625	0.137842	-0.00300147	-0.00453136	-0.00892984	0
4001.570604622	3822.030011377	0.0559174	-0.319029	0.123486	-0.00307993	-0.00450682	-0.00890157	0
4019.240330755	3836.694826689	0.0637129	-0.279711	0.102941	-0.00419531	-0.00469708	-0.00881669	0
4021.415668901	3824.323762897	0.0576508	-0.365592	0.061008	-0.00359051	-0.00452583	-0.0092887	0
4006.141407701	3830.498146714	0.0531205	-0.361797	0.0745045	-0.00296698	-0.00464298	-0.00902605	0
4032.671650774	3828.411942134	0.0535189	-0.387777	0.109815	-0.00253048	-0.00469248	-0.00921328	0
4001.430197937	3833.85000226	0.0524112	-0.400775	0.120752	-0.00202767	-0.00432601	-0.00903993	0
4023.7650672	3825.438295467	0.0523876	-0.364565	0.132473	-0.00256131	-0.00460614	-0.00914487	0
3989.097580915	3827.685803107	0.0551011	-0.377601	0.123174	-0.00219231	-0.0046238	-0.00917873	0
4022.803184863	3829.194234444	0.0582991	-0.333476	0.109058	-0.00221147	-0.00442343	-0.0090604	0
3995.347471401	3824.070797861	0.0571833	-0.316297	0.11751	-0.0021256	-0.00445015	-0.0089799	0
4002.366978097	3825.751817966	0.0618962	-0.298992	0.134515	-0.00257039	-0.00446851	-0.00911178	0
4003.767183072	3819.526510827	0.0576745	-0.357256	0.108084	-0.00274017	-0.00457576	-0.00913124	0
3990.660812119	3825.168539498	0.0507883	-0.343753	0.120909	-0.00217318	-0.00455775	-0.0088695	0
4012.476811099	3820.12933284	0.0510509	-0.358758	0.13079	-0.00204924	-0.0046407	-0.00900231	0
3986.262138257	3822.04680231	0.0474007	-0.364055	0.134714	-0.00211648	-0.00469033	-0.00918608	0
4010.458430524	3824.215034726	0.0407758	-0.349187	0.133203	-0.002452	-0.0047612	-0.00913194	0
3974.240953744	3815.376122561	0.0390484	-0.370527	0.125143	-0.00230439	-0.00505266	-0.00980282	0
4006.523457324	3820.994203508	0.0399878	-0.370031	0.124672	-0.00257955	-0.00473393	-0.00939283	0
3990.504406244	3822.115617608	0.0423833	-0.343253	0.108029	-0.00256352	-0.004808	-0.00945257	0
4018.770285586	3828.193660008	0.0471825	-0.30466	0.0962805	-0.00275944	-0.00501974	-0.00946361	0
3998.7588849	3818.776148816	0.0425662	-0.383874	0.0750403	-0.0034476	-0.00512829	-0.00945555	0
4004.088270265	3822.317934584	0.0304913	-0.35483	0.0859629	-0.00137777	-0.00493123	-0.00903647	0
3998.335458061	3804.89032268	0.0504588	-0.376852	0.0709267	-0.00119286	-0.00419205	-0.00874956	0
3998.650476596	3828.609854931	0.0491015	-0.354093	0.0652152	-0.000179336	-0.00406401	-0.00887099	0
4016.98775514	3825.575926063	0.0376948	-0.354282	0.096858	1.0943e-05	-0.00406681	-0.00862478	0
3990.302209584	3820.169520974	0.0311245	-0.352912	0.0866006	-0.000989899	-0.00461001	-0.00878237	0
4032.351391126	3820.561492913	0.0287851	-0.30754	0.127867	-0.00130943	-0.00462483	-0.00884501	0
4016.2661365	3831.851330739	0.0281358	-0.352763	0.0793491	-0.00109856	-0.00445345	-0.0082612	0
4052.718911713	3834.243075244	0.0601941	-0.394918	-0.000979003	-0.00115475	-0.00446843	-0.00877293	0
4009.801912037	3836.271474974	0.0517533	-0.42923	-0.0450728	-0.00182039	-0.00449943	-0.00873918	0
4032.354977151	3832.366619692	0.0529107	-0.386912	-0.0158744	-0.00112839	-0.00430169	-0.00842381	0
4016.660875137	3826.242608673	0.0403036	-0.351264	-0.0100149	-0.0012952	-0.00453897	-0.00842011	0
4044.33892217	3833.626490172	0.0309907	-0.307504	0.036861	-0.00089515	-0.00394496	-0.00811033	0
4020.016015623	3828.55645426	0.0436917	-0.291265	-0.002462	-0.00146538	-0.00430293	-0.0081908	0
4041.519202853	3839.714717236	0.0365455	-0.253875	0.0366129	-0.00153704	-0.00472714	-0.00838342	0
4026.007988132	3836.246426205	0.033132	-0.32282	-0.00309468	-0.0021987	-0.00468469	-0.00849701	0
4018.490851457	3841.841660473	0.0567726	-0.359808	-0.0467692	-0.00214267	-0.00439663	-0.00826664	0
4036.574901442	3840.144124697	0.0584288	-0.424079	-0.0207877	-0.0015957	-0.00427594	-0.00868564	0
4009.732398315	3833.219378867	0.0633399	-0.436981	-0.0117895	-0.0011148	-0.00392298	-0.0082852	0
4040.169478082	3834.559075093	0.0412823	-0.384856	0.0381612	-0.000923709	-0.00372428	-0.00840137	0
4007.248661989	3829.851282911	0.0576103	-0.38519	0.0439634	-0.000723762	-0.00408257	-0.00877585	0
4038.589695992	3836.177610907	0.0385243	-0.343155	0.0482923	-0.00110321	-0.00396136	-0.00831746	0
4015.259842618	3829.886241083	0.0570129	-0.323411	0.0353645	-0.00134063	-0.00456449	-0.0084152	0
4026.153360083	3834.685419981	0.0486857	-0.282343	0.0711629	-0.00180276	-0.0045632	-0.00832039	0
4034.434320157	3825.382142184	0.0517654	-0.315449	0.0562942	-0.00176264	-0.0043493	-0.0084246	0
4014.831726361	3832.205316633	0.0532039	-0.348832	0.0271035	-0.00169573	-0.00466857	-0.00849214	0
4035.675912472	3830.212700857	0.0540092	-0.384314	0.061711	-0.00137175	-0.00414824	-0.00854585	0
4009.34621097	3827.615336241	0.0438082	-0.403628	0.0750983	-0.00109484	-0.00394445	-0.00876504	0
4031.219310508	3832.920169951	0.053761	-0.402803	0.0651631	-0.000667866	-0.00393773	-0.00890346	0
3999.578705465	3824.569571142	0.0457434	-0.402134	0.0980327	-0.000628078	-0.00439309	-0.00857488	0
4010.057899078	3829.778613956	0.0455691	-0.350371	0.0948801	-0.000147949	-0.00406591	-0.00863598	0
4008.254404175	3817.595828821	0.0384191	-0.342315	0.122489	-0.000939258	-0.00421501	-0.00877075	0
4005.258417921	3822.178652421	0.0536022	-0.302876	0.136638	-0.00177332	-0.00440952	-0.00852614	0
4038.489838978	3823.997853645	0.0506184	-0.320019	0.0993908	-0.00153936	-0.00435185	-0.0086661	0
4017.744958184	3832.457180624	0.0515266	-0.379683	0.0289648	-0.00100019	-0.00403765	-0.00793443	0
4042.552254002	3827.269608183	0.0754026	-0.322545	-0.259201	0.00606328	-0.00487627	-0.00096148	0
3982.391437665	3800.584962362	0.130334	-0.270825	-1.01651	0.0205194	-0.00263095	0.00208831	0
3975.085324789	3792.645328514	0.112377	-0.246644	-1.03666	0.0204522	-0.00202811	0.00100979	0
3945.020088267	3786.434885481	0.10113	-0.215121	-0.975487	0.0198812	-0.00140546	0.000176073	0
3949.26290795	3789.405504274	0.109538	-0.146464	-0.947051	0.0199744	-0.0014808	-5.61263e-05	0
3961.79082543	3787.429404171	0.101816	-0.157081	-0.96673	0.0199138	-0.00156282	-0.000505806	0
3957.666620431	3788.854156105	0.10208	-0.121873	-0.977934	0.0196486	-0.00146888	-0.000753995	0
3988.345343136	3794.481320671	0.0967008	-0.180399	-0.969111	0.0195387	-0.00172649	-0.00166812	0
3964.771364191	3790.255235577	0.0979781	-0.22793	-0.961788	0.0192569	-0.00167116	-0.00161945	0
4007.565887308	3802.747414293	0.0928026	-0.246105	-0.839183	0.0184613	-0.00230739	-0.00216131	0
3979.679574957	3798.405994759	0.0890799	-0.282776	-0.7977	0.0176189	-0.00275154	-0.00242502	0
4007.670985436	3811.573389182	0.0890417	-0.236676	-0.66071	0.0157021	-0.00336881	-0.00326401	0
3984.418921227	3801.912822356	0.0882718	-0.249443	-0.638751	0.0154344	-0.00325182	-0.0036289	0
3987.397253204	3808.530101433	0.0826647	-0.224008	-0.532143	0.0137462	-0.00340921	-0.00373751	0
4007.296383711	3809.947421315	0.0859311	-0.240012	-0.510946	0.0130468	-0.00376516	-0.00440199	0
3968.411179919	3806.072569503	0.0826734	-0.226533	-0.512162	0.0114228	-0.00446097	-0.00447745	0
4002.893296279	3810.000821987	0.0773629	-0.230545	-0.487752	0.0112013	-0.00465122	-0.00464555	0
3983.682130942	3805.096493313	0.0811885	-0.265337	-0.553791	0.0118099	-0.00438846	-0.00485982	0
4007.911800831	3814.733938198	0.0823159	-0.227459	-0.499039	0.011846	-0.00440631	-0.00479803	0
3993.191442623	3798.146148193	0.0809552	-0.246994	-0.508929	0.0120187	-0.00486386	-0.00509902	0
4007.236248824	3816.415508826	0.0800697	-0.233545	-0.431405	0.0114963	-0.0049905	-0.00534209	0
4011.944700107	3808.351181658	0.0816725	-0.269821	-0.43917	0.0111941	-0.00504975	-0.00527186	0
3997.326957394	3804.005633206	0.092253	-0.233761	-0.576513	0.0128443	-0.00423078	-0.00510209	0
4015.422317151	3799.104607667	0.0883589	-0.225827	-0.531724	0.0116573	-0.00417957	-0.00501437	0
4000.61948036	3804.610106785	0.0776916	-0.239652	-0.571385	0.0115922	-0.0049142	-0.00513562	0
4017.674892766	3801.552780716	0.0867105	-0.265054	-0.536999	0.0115329	-0.00510457	-0.00562051	0
4003.960000896	3801.305596165	0.0852282	-0.257753	-0.531317	0.011428	-0.00516449	-0.00575874	0
4013.912876327	3814.659892937	0.0740175	-0.231726	-0.464058	0.0111503	-0.00535596	-0.00523113	0
3995.283474641	3802.706125114	0.0816899	-0.240746	-0.457715	0.0108467	-0.00536311	-0.00557822	0
4002.178849691	3812.125287873	0.0760094	-0.21615	-0.447339	0.0111295	-0.00555639	-0.00525197	0
4010.27278475	3801.273390605	0.0736236	-0.239127	-0.449712	0.0113986	-0.00551896	-0.0055447	0
3990.512405839	3805.519019244	0.0767413	-0.209217	-0.570811	0.0121238	-0.00416578	-0.0042832	0
4017.745234033	3803.382717126	0.0832547	-0.220751	-0.495212	0.0110727	-0.00337832	-0.0037008	0
4010.880202275	3802.795585002	0.0837468	-0.22861	-0.515604	0.0109713	-0.00284801	-0.00353687	0
4039.314073112	3820.801795934	0.0931613	-0.283586	-0.43934	0.008514	-0.00350657	-0.00392886	0
4008.783480838	3813.903475179	0.0966447	-0.299768	-0.537013	0.0106073	-0.00365049	-0.00380609	0
4028.163465215	3811.228762168	0.0864779	-0.298855	-0.406361	0.0100664	-0.00370219	-0.00403235	0
4017.094508356	3818.106438333	0.086678	-0.300413	-0.35939	0.00924175	-0.00357409	-0.00421872	0
4021.547248446	3822.232878876	0.0811236	-0.256645	-0.255798	0.00913122	-0.00345398	-0.004293	0
4007.23542128	3811.806260151	0.0741109	-0.251976	-0.332568	0.00959048	-0.0038051	-0.00437922	0
