5516.105485479	3972.20678742	0.000829509	0.228788	-0.0794455	-0.00191248	-0.00158139	0.000942351	1
5385.499671827	3963.64443968	0.0120885	0.278054	-0.00792836	-0.00240142	-0.00223494	0.00123059	1
5280.637895254	3968.688021987	0.0148674	0.233434	-0.0278248	-0.00338805	-0.00195398	0.00125953	1
5193.82607471	3956.472633067	0.0149117	0.196342	-0.0149216	-0.00217877	-0.00218935	0.0013928	1
5141.706912577	3961.195250034	0.00454824	0.224458	-0.0219079	-0.00236727	-0.00193672	0.00136634	1
5121.177273304	3957.464977147	0.00911026	0.240936	0.0204795	-0.00271883	-0.00189031	0.00135654	1
5084.122139155	3957.789646646	0.00961882	0.261686	0.0235255	-0.00283596	-0.00221946	0.00120128	0
5058.052822612	3961.656788192	0.0158035	0.308426	0.00611294	-0.00324928	-0.00207861	0.00123328	0
5063.511561799	3958.933305604	0.0214681	0.334209	0.0174425	-0.00228842	-0.00221248	0.00128128	0
5058.065039681	3963.782049171	0.0171948	0.313627	0.0072777	-0.00213935	-0.00193131	0.00127295	0
5054.236133868	3968.16388355	0.0248287	0.305251	0.0208629	-0.00194437	-0.00194076	0.00130214	0
5052.011481941	3964.099125144	0.0140666	0.266077	0.0147638	-0.0019824	-0.00235411	0.00143282	0
5042.523400651	3972.202527638	0.0225325	0.267273	0.0331026	-0.00354064	-0.00224793	0.00149754	0
5055.070330617	3966.591097822	0.0138881	0.229809	0.0479661	-0.00457726	-0.00245598	0.00169523	0
5029.021630378	3970.634927731	0.016297	0.226773	0.0199095	-0.00410952	-0.00244069	0.0016433	0
5040.531636604	3965.560230492	0.0117781	0.253088	0.0198533	-0.00283929	-0.00224328	0.00178908	0
5027.249773575	3965.262230935	0.0154096	0.259893	0.0115878	-0.0029631	-0.00229242	0.00148634	0
5047.783230682	3967.957932333	0.022412	0.286016	0.0277173	-0.00296472	-0.00251904	0.00165019	0
5033.424356655	3967.833657813	0.0168078	0.32658	0.0195859	-0.0029091	-0.00248065	0.0018572	0
5041.48075016	3977.532256195	0.0246023	0.319181	0.0221516	-0.00283929	-0.00236689	0.00171172	0
5055.542978478	3975.119552511	0.0257889	0.317875	0.0083138	-0.0024578	-0.00296102	0.00158278	0
5047.948542899	3980.019783882	0.0340306	0.348737	0.0144271	-0.00257752	-0.00244762	0.00139522	0
5068.453748034	3977.537812432	0.0391102	0.301458	0.0118709	-0.00217697	-0.00264034	0.00133794	0
5053.405754953	3979.802164566	0.0302723	0.284714	-0.00438998	-0.00353895	-0.00273556	0.00157076	0
5071.120505148	3982.890136357	0.0354767	0.266546	0.0237727	-0.00419797	-0.00273556	0.00167927	0
5050.989447754	3977.589670652	0.0322216	0.232559	-0.0126129	-0.00349467	-0.0029942	0.00172512	0
5049.686802762	3983.248884114	0.0341741	0.233667	0.0021141	-0.00269064	-0.00274134	0.00170195	0
5050.420972258	3975.291795884	0.0256414	0.283283	0.00621443	-0.00281452	-0.00278504	0.00163326	0
5049.323726739	3978.613129665	0.024575	0.324393	0.00089982	-0.00362178	-0.0028696	0.001525	0
5060.635205593	3977.764692145	0.0242248	0.327694	0.0210748	-0.00295416	-0.00286436	0.00143368	0
5044.696893601	3973.439531392	0.021749	0.358747	-0.0100804	-0.00303376	-0.00277653	0.00150374	0
5056.288219693	3973.598995418	0.0276738	0.350133	0.00825783	-0.0028495	-0.00318527	0.00157571	0
5064.677146548	3972.29439077	0.0332445	0.296025	0.00553446	-0.00318269	-0.00325391	0.00147643	0
5044.452552219	3974.755063308	0.0375771	0.32047	-0.0175259	-0.00377899	-0.00339879	0.00143432	0
5056.75704972	3970.561585392	0.0326217	0.292214	0.0112865	-0.00332065	-0.00327379	0.00161072	0
5047.556833121	3968.448362928	0.0245812	0.304412	0.00300348	-0.00441383	-0.00337299	0.00173278	0
5063.237441311	3969.662030483	0.0333962	0.302563	0.0482611	-0.00514362	-0.00332815	0.00198093	0
5050.128526166	3968.573748696	0.0277671	0.256463	0.0230969	-0.00458057	-0.00337365	0.00191539	0
5033.270116158	3965.985838311	0.0351168	0.265697	0.0073608	-0.00373126	-0.00310177	0.00183711	0
5042.591358098	3958.135615056	0.0348315	0.245877	0.000248139	-0.0033368	-0.00290793	0.00172382	0
5032.737528302	3961.982754146	0.0349852	0.284868	-0.00881878	-0.00356622	-0.00291717	0.00178255	0
5053.906654786	3961.683828549	0.0344605	0.302639	0.0229584	-0.00313219	-0.0029989	0.00187036	0
5038.030955273	3959.465407982	0.0294824	0.328535	0.00328141	-0.00337904	-0.00289287	0.00207973	0
5061.877528807	3967.74364676	0.0340239	0.372324	0.0252755	-0.00422431	-0.00289489	0.0019959	0
5057.095691604	3971.875265228	0.0276428	0.320816	0.0243101	-0.00410351	-0.00309942	0.00211694	0
5052.717399465	3969.86612962	0.0342788	0.271222	0.00310685	-0.0037217	-0.00288592	0.00202839	0
5057.069730332	3966.633510437	0.0309335	0.218149	0.00668776	-0.003199	-0.00292097	0.00193961	0
5057.233515415	3970.608998621	0.0305499	0.243688	-0.0128646	-0.00315525	-0.00290639	0.00192017	0
5075.742375102	3975.107513995	0.0328084	0.253153	0.0182263	-0.00307802	-0.00287412	0.00182288	0
5061.804226392	3971.367054672	0.0297639	0.314563	0.00571999	-0.00399314	-0.00278826	0.00199474	0
5076.238311751	3973.116158349	0.0346412	0.315572	0.0376987	-0.00463125	-0.0027288	0.00205013	0
5078.081943835	3974.540962942	0.0307579	0.27058	-0.00661239	-0.00381964	-0.00308792	0.00210346	0
5057.621407359	3977.477619856	0.0395782	0.287844	-0.00523586	-0.00356565	-0.00248558	0.00195202	0
5064.988300027	3977.667828398	0.0389387	0.253495	0.00438744	-0.00315088	-0.00273807	0.00196243	0
5056.468039679	3974.352050855	0.034746	0.270573	-0.0327911	-0.00316035	-0.00250175	0.00184866	0
5057.827188617	3977.771174422	0.0342488	0.340684	0.0126812	-0.00373683	-0.00281276	0.00193013	0
5071.491216839	3974.286857664	0.0304209	0.315631	0.000417619	-0.00427007	-0.00286851	0.00195505	0
5055.053150364	3984.040833216	0.0362546	0.268173	-0.00092936	-0.00412162	-0.00234762	0.00187092	0
5053.364522344	3973.50676187	0.0369139	0.244886	-0.0202709	-0.00336906	-0.0025659	0.00182845	0
5041.370032971	3972.839272496	0.0368474	0.269452	-0.0380239	-0.00354601	-0.00234404	0.00178169	0
5055.031770493	3968.812666923	0.0377381	0.282458	0.00797886	-0.00311143	-0.00234499	0.0018166	0
5055.031006926	3968.110173251	0.0282102	0.320245	-0.0140419	-0.00306571	-0.00231706	0.00182683	0
5050.593156576	3974.118133242	0.0333681	0.353286	0.0260555	-0.00355819	-0.0020904	0.00193695	0
5059.802154193	3963.786308953	0.0258453	0.266359	0.00377597	-0.00325617	-0.00208978	0.00182915	0
5044.930926831	3977.073681364	0.033037	0.241484	-0.0240451	-0.00334064	-0.00205244	0.00173881	0
5046.668041344	3961.66141839	0.0348222	0.240583	0.000384815	-0.00276211	-0.00187711	0.00186141	0
5045.583394678	3970.434903169	0.0359674	0.254412	-0.0309481	-0.00281938	-0.00176506	0.00165535	0
5048.581921575	3967.216915412	0.0326762	0.2731	0.00863229	-0.00242231	-0.00179002	0.0017624	0
5053.35726846	3964.238771922	0.0269202	0.309988	0.0137591	-0.00276054	-0.00192537	0.00175014	0
5052.55895935	3965.41373102	0.0272102	0.322326	0.0242552	-0.00365778	-0.00192772	0.00194189	0
5061.107089887	3964.968120745	0.0219985	0.256025	0.0100839	-0.00270336	-0.00193813	0.0018454	0
5034.392177598	3964.555662688	0.0316506	0.281671	-0.0242791	-0.00303661	-0.00153529	0.00185188	0
5046.536326067	3966.906321716	0.0328203	0.256521	0.0131684	-0.00256738	-0.0019059	0.00181159	0
5036.997467584	3959.295942728	0.0328447	0.249893	-0.00784472	-0.00294788	-0.00195047	0.00178384	0
5055.785792727	3971.904528081	0.0322321	0.296285	0.0222607	-0.00333873	-0.00169493	0.00185481	0
5060.727978961	3967.363970507	0.0255263	0.261062	0.0364651	-0.00344199	-0.00166511	0.00181917	0
5039.976905311	3965.118139167	0.0337179	0.247641	0.00563656	-0.00329227	-0.0012584	0.00175912	0
5055.820153233	3968.376502252	0.0266546	0.229377	0.0252266	-0.00284833	-0.0012584	0.00163787	0
5039.949416905	3970.8818099	0.0288236	0.241365	-0.00311247	-0.00320728	-0.000924921	0.00164158	0
5051.599155859	3978.088250396	0.0219509	0.268839	0.0388138	-0.00292864	-0.00119007	0.00156051	0
5052.636079599	3970.682155753	0.0246381	0.308613	0.046101	-0.00405748	-0.00115196	0.00165497	0
5069.391026304	3977.951381737	0.0290475	0.310834	0.0416182	-0.00412552	-0.000988868	0.00178002	0
5060.990264163	3970.645484583	0.0299468	0.265365	0.0285374	-0.00339878	-0.00113451	0.00182623	0
5051.658714071	3982.189124347	0.0351314	0.239505	0.0263063	-0.00240927	-0.000809541	0.00156319	0
5054.966867314	3976.080226036	0.033082	0.227659	0.0374699	-0.00274627	-0.00140601	0.00147651	0
5049.427571827	3975.216786673	0.0338504	0.263718	0.0260476	-0.00256308	-0.000857639	0.00156547	0
5059.604390387	3978.600720734	0.0297728	0.305185	0.0585662	-0.00367265	-0.00171799	0.00106149	0
5047.115491499	3976.827354819	0.0316544	0.267395	0.0291781	-0.00299144	-0.0012522	0.00118154	0
5058.051677261	3978.574791624	0.0392896	0.291942	0.00929468	-0.00218026	-0.00120832	0.00146368	0
5040.767960535	3975.564977579	0.0451323	0.188948	0.0117317	-0.00258814	-0.000898612	0.00151805	0
5052.524598844	3968.849152885	0.0557576	0.200778	0.0163805	-0.00126657	-0.000458889	0.00144607	0
5038.080205333	3965.142957029	0.0428397	0.272809	0.00834303	-0.00201489	-0.000742253	0.00153198	0
5056.113362892	3971.06775866	0.0576068	0.268037	0.00809403	-0.00178119	-0.000455106	0.00160406	0
5038.558198161	3972.455892084	0.048088	0.250586	-0.0287078	-0.00180566	-0.000354489	0.00161265	0
5068.348757596	3969.393664195	0.0458383	0.259253	0.00747034	-0.001911	-0.000624862	0.0016292	0
5071.338503475	3971.649126347	0.0477915	0.278816	0.00690404	-0.00240917	-0.000745779	0.00171762	0
5080.281016273	3973.920516382	0.0561811	0.310674	0.0238398	-0.00274251	-0.0010169	0.00177934	0
5062.939268468	3978.466815402	0.0688354	0.247794	-0.0453582	-0.00244286	-0.00158579	0.00204928	0
5053.179357391	3976.605290513	0.0901854	0.269963	-0.0185471	-0.00185755	-0.00125721	0.00213647	0
5049.193538597	3977.981941045	0.0837295	0.243899	-0.0496668	-0.00018394	-0.00145517	0.00231664	0
5024.090515863	3972.660917261	0.0931142	0.281082	-0.0146325	-0.00084054	-0.000948605	0.0021589	0
5044.924436513	3964.370639967	0.0907879	0.301846	-0.00821194	-0.000964061	-0.000881099	0.00182492	0
5039.976905311	3972.180302686	0.0790571	0.302751	-0.0227003	-0.00284271	-0.000841973	0.00116326	0
5050.588956958	3968.841744568	0.0744051	0.338321	0.020914	-0.00317462	-0.000572524	0.00109821	0
5050.213282083	3966.501642392	0.0657606	0.286652	0.023064	-0.00315334	-0.000674441	0.0013014	0
5050.059805153	3970.056152955	0.0716446	0.219046	0.0159729	-0.00193219	-0.000518672	0.00165776	0
5029.460681299	3969.098998381	0.0655524	0.208582	-0.00197097	-0.00172644	-0.000512079	0.0015348	0
5020.974017892	3968.489108672	0.0689214	0.247663	0.013146	-0.00172644	-0.000299391	0.00148355	0
5026.207504868	3965.263897806	0.0715757	0.216738	0.0072372	-0.00135918	-0.000235169	0.00135848	0
5014.376800577	3962.759701406	0.0714278	0.267901	-0.0177641	-0.00150502	-9.03415e-05	0.00143857	0
5041.273823552	3961.78032188	0.0625402	0.322174	0.013077	-0.00202192	-0.000408494	0.0015471	0
5037.123074325	3963.288284834	0.0654618	0.324639	-0.0172008	-0.00190842	-0.000403993	0.00164802	0
5054.155959352	3960.913733983	0.0698943	0.266396	0.00121127	-0.0018698	-0.000240675	0.00152288	0
5035.859753024	3962.718955661	0.0678202	0.242696	-0.0256364	-0.00151028	-9.03415e-05	0.00151345	0
5045.157324393	3964.596778848	0.0700753	0.257845	0.00961847	-0.00148293	-0.000299332	0.00160224	0
5033.338455388	3961.245997007	0.0725989	0.246676	-0.020764	-0.00123652	-9.03415e-05	0.00160955	0
5028.445900997	3966.794826543	0.0767979	0.267774	-0.0519586	-0.0015327	-0.000235132	0.00160474	0
5054.379302646	3966.885578428	0.0705154	0.324697	-0.0375564	-0.00170545	-9.03415e-05	0.00169747	0
5039.479823312	3966.547573958	0.0754501	0.282347	-0.080138	-0.00253542	-9.03415e-05	0.00199214	0
5061.680146784	3972.560534563	0.0754105	0.240658	0.00893265	-0.00196508	-0.000448863	0.00196751	0
5033.454899328	3973.060781178	0.0704048	0.224478	-0.0222075	-0.00197385	-0.000254699	0.00166887	0
5065.398717192	3972.389402437	0.0746436	0.25401	0.0176075	-0.00174519	-0.000252882	0.00162623	0
5043.336981097	3970.385823067	0.0651491	0.248122	0.00846712	-0.00139736	-7.76819e-05	0.00178899	0
5041.073769046	3968.953239741	0.0738182	0.278303	0.0172421	-0.00202266	-0.00016535	0.00174714	0
5045.985794391	3974.074794586	0.0629797	0.315137	0.0214011	-0.00180656	-0.000117309	0.00165703	0
5045.620427668	3976.003920369	0.0672006	0.32897	0.0353211	-0.00312062	-0.000332372	0.00173722	0
5055.664385602	3974.133875915	0.0625685	0.273237	0.0160153	-0.00193595	-0.000262241	0.00170527	0
5035.750562969	3973.848655706	0.0696756	0.256789	-0.00187403	-0.00231219	-0.000208621	0.00163934	0
5059.298200093	3976.157457742	0.0705379	0.268353	0.0167626	-0.00193358	-0.000108187	0.0017107	0
5025.134693487	3972.112887	0.0650448	0.263412	-0.00423169	-0.00190556	-0.000276512	0.00163638	0
5059.330269899	3977.162581169	0.0698124	0.281965	0.0182942	-0.00172783	7.37844e-05	0.00178244	0
5041.584977031	3971.999910164	0.0717939	0.269219	0.000694033	-0.00127062	-2.35691e-05	0.00168101	0
5054.194519476	3973.957743176	0.0657988	0.320862	0.0229045	-0.00203408	-8.05082e-05	0.00164519	0
5055.877802528	3969.516086636	0.0598114	0.29884	0.0232476	-0.0023552	-0.000216453	0.00169668	0
5048.97554027	3974.761916001	0.0643726	0.299594	0.0236007	-0.00266985	-3.11536e-05	0.00161648	0
5052.546360498	3973.246359522	0.06323	0.259866	0.0228639	-0.00198749	-0.000178548	0.00174945	0
5038.309657162	3972.922616063	0.0616142	0.237523	-0.0129959	-0.00221057	0.000154777	0.00165114	0
5054.171230688	3972.161041062	0.0700248	0.258906	0.0226497	-0.00193674	9.04944e-05	0.00168955	0
5041.309329409	3961.534365751	0.0695712	0.260431	-0.00252941	-0.00183964	0.000154778	0.00162825	0
5043.982195059	3971.732284707	0.068774	0.301367	0.0103534	-0.00135019	-5.94906e-05	0.00146968	0
5052.796428631	3970.107270343	0.0588431	0.306431	0.0284732	-0.002298	1.10072e-05	0.00151068	0
5043.189612701	3972.693513856	0.06674	0.296087	0.0178529	-0.00248621	0.00016553	0.00151037	0
5061.931360268	3966.159563348	0.0623363	0.255516	0.0178636	-0.00202499	8.31512e-05	0.00138945	0
5029.778325096	3968.864710351	0.0623672	0.25843	-0.0106023	-0.0020805	0.000266043	0.00127998	0
5050.612627529	3966.596283644	0.064394	0.261257	0.021909	-0.00197722	0.000193217	0.00141436	0
5042.616937587	3961.467135273	0.0570255	0.260714	0.00972311	-0.00185696	0.000431068	0.00134498	0
5053.559613666	3965.936017379	0.0479111	0.305244	0.00324095	-0.0019489	-0.00046859	0.0012289	0
5094.752898189	3988.73696545	0.0447903	0.334232	0.152298	-0.00277074	-0.000342629	0.0011919	0
5063.122906288	3974.991388624	0.0594031	0.197474	0.147008	-0.0029373	0.000237203	0.00132713	0
5048.468913686	3974.542629814	0.0572642	0.214406	0.0842144	-0.00225583	0.000414634	0.00124961	0
5033.063953117	3973.704749145	0.0589952	0.232425	0.07374	-0.00233814	0.000293017	0.00096084	0
5052.521162793	3965.059057837	0.0578686	0.264345	0.092182	-0.00207628	0.000369542	0.000924322	0
5018.80701526	3964.541216469	0.0512551	0.30296	0.0926467	-0.00262753	0.000503287	0.00105417	0
5055.523125741	3963.824832202	0.0581293	0.347565	0.13422	-0.00346965	0.000431521	0.000976301	0
5043.551543373	3974.471324761	0.0517389	0.311241	0.110475	-0.00280689	0.000424615	0.00112559	0
5066.459311503	3972.365140199	0.0608692	0.261318	0.0943622	-0.00274609	0.000674971	0.00115375	0
5049.767359061	3969.165117611	0.0537727	0.260017	0.0805513	-0.00195367	0.000686515	0.00110876	0
5058.294109726	3971.375574237	0.0546671	0.250203	0.0991163	-0.00264963	0.000800771	0.00113523	0
5046.21524622	3969.013617526	0.0618995	0.251867	0.092781	-0.00220367	0.00084966	0.00114441	0
5060.240059764	3977.672829012	0.0635498	0.307048	0.0990998	-0.00264669	0.000681549	0.00120627	0
5067.671855611	3979.07577907	0.0615515	0.30048	0.111933	-0.00299724	0.000648976	0.00124588	0
5062.21158929	3981.401064612	0.0688287	0.285188	0.091172	-0.00311073	0.000725281	0.0012134	0
5063.240113795	3974.755433723	0.0656847	0.253857	0.0793365	-0.0026481	0.000642977	0.00122441	0
5053.765013141	3981.172147612	0.0726939	0.276274	0.0661661	-0.00204388	0.000896798	0.00131373	0
5063.83531413	3981.606089789	0.0731765	0.287416	0.0797899	-0.00230671	0.000572609	0.00119795	0
5046.342380095	3976.312661986	0.0711949	0.289813	0.07518	-0.00220279	0.000360278	0.00128484	0
5070.935721978	3977.780990442	0.0854412	0.298703	0.0790352	-0.0024546	0.000694789	0.00138486	0
5074.382462598	3978.609795922	0.0668224	0.315833	0.120299	-0.00303419	0.000421447	0.00121903	0
5057.229315798	3976.483238488	0.0694054	0.294944	0.0996226	-0.00300374	0.000478075	0.00112069	0
5045.780013133	3975.327541014	0.0648358	0.230187	0.0920343	-0.00267008	0.000567975	0.00124886	0
5045.585685378	3976.5956597	0.0752608	0.268853	0.0744517	-0.00268979	0.000699318	0.00138838	0
5060.015571119	3972.544236266	0.0799037	0.26983	0.0751038	-0.00253114	0.000917675	0.00147037	0
5049.242788657	3974.073868547	0.0862516	0.293464	0.0522447	-0.00244637	0.000954506	0.00142934	0
5054.341124306	3978.213450955	0.0805697	0.310676	0.0937986	-0.00279601	0.000834608	0.00137753	0
5052.573848903	3962.068320209	0.0789406	0.330641	0.109273	-0.00295904	0.000823376	0.00133046	0
5048.368122866	3960.11474698	0.0872863	0.331702	0.102203	-0.00334546	0.000704374	0.00137612	0
5054.882874963	3964.418238405	0.0791054	0.264152	0.068619	-0.00235258	0.000882989	0.00136423	0
5035.180178555	3961.790878732	0.0734721	0.270819	0.0510947	-0.00246394	0.000798387	0.00128562	0
5059.348595503	3960.677779082	0.0807621	0.274667	0.0609263	-0.00230984	0.000883737	0.00135389	0
5043.199539069	3957.078262993	0.0841413	0.304556	0.0615672	-0.00238324	0.000762548	0.00124942	0
5069.062310788	3958.419909226	0.0833123	0.334058	0.0978915	-0.00323095	0.000586286	0.00149533	0
5069.646821188	3959.667284624	0.0891012	0.329422	0.0980584	-0.00337934	0.000616229	0.00155176	0
5050.344233793	3959.561530897	0.0912079	0.298029	0.0682383	-0.00294594	0.000612443	0.00148266	0
5048.366977515	3961.406757488	0.0873754	0.257028	0.0529683	-0.00229665	0.000596504	0.00148126	0
5041.531527354	3963.483123574	0.0873427	0.284342	0.052105	-0.00242388	0.000627638	0.00158624	0
5049.810118803	3961.196916905	0.0888078	0.286198	0.066064	-0.00244578	0.000517169	0.00157596	0
5026.243392508	3958.550666024	0.0885932	0.304045	0.0483679	-0.00219606	0.000177985	0.00127937	0
5057.866894091	3973.999044544	0.0928161	0.334798	0.035468	-0.00245365	0.000524589	0.00139195	0
5063.975428641	3978.798152386	0.0960237	0.400786	0.0668684	-0.0030954	0.000616701	0.00152079	0
5058.575865882	3976.522317361	0.0933342	0.291802	0.101952	-0.00355801	0.000602329	0.00151786	0
5052.270712876	3979.022994811	0.0877706	0.270517	0.127335	-0.00322964	0.000559296	0.00153881	0
5043.75503393	3984.130103438	0.0950542	0.255187	0.165794	-0.00343889	0.000687071	0.0015467	0
5049.771176895	3973.052261613	0.0835093	0.243024	0.155261	-0.00295883	0.000539592	0.00151533	0
5021.613123319	3973.041889969	0.0886186	0.27405	0.144976	-0.0032423	0.000664487	0.00139607	0
5046.282058317	3972.272536235	0.0862389	0.325562	0.165636	-0.0032882	0.00055786	0.00138742	0
5041.14363541	3968.911753165	0.089893	0.352429	0.16872	-0.00405941	0.000725245	0.00139261	0
5051.327326072	3974.892672798	0.0936992	0.331144	0.166711	-0.00425032	0.000785892	0.00160931	0
5042.756288531	3965.997321203	0.0865129	0.266571	0.158954	-0.00376508	0.000761382	0.00148807	0
5032.294659547	3970.466388516	0.0892919	0.282945	0.155942	-0.00355357	0.000818316	0.00134629	0
5040.155579946	3971.197033794	0.0906059	0.275718	0.165718	-0.00334714	0.000879487	0.00133776	0
5026.348764729	3966.814458583	0.0965257	0.286441	0.144112	-0.00323857	0.000761917	0.00130971	0
5048.745324874	3964.777541786	0.0930313	0.318365	0.165747	-0.00338377	0.00084529	0.00123191	0
5047.819118323	3965.507261024	0.0877427	0.330269	0.178523	-0.00399012	0.0008602	0.00130366	0
5043.005593097	3969.045843705	0.0946784	0.322373	0.177469	-0.00404945	0.00103677	0.00137436	0
5043.024682268	3965.470589854	0.0937131	0.282711	0.165811	-0.00345504	0.000734447	0.00125302	0
5030.692314578	3965.515224965	0.102929	0.298477	0.142638	-0.00345504	0.0007041	0.00125856	0
5052.60477336	3963.651292373	0.0953073	0.268526	0.161311	-0.0026642	0.000599246	0.00121858	0
5018.737148896	3962.640612708	0.0974129	0.302206	0.149826	-0.00372778	0.0007284	0.00110605	0
5051.16583169	3964.214694892	0.0978749	0.344548	0.186075	-0.00429499	0.000816831	0.00136783	0
5043.323236894	3963.369405906	0.093577	0.336941	0.178806	-0.00441616	0.00104555	0.00141745	0
5055.596046372	3961.941823194	0.0960576	0.292803	0.165677	-0.00362668	0.000723231	0.0013529	0
5041.064224461	3957.00343899	0.0901866	0.279322	0.165393	-0.00337584	0.0007187	0.00160726	0
5029.799704967	3963.28235818	0.0974761	0.3095	0.156457	-0.00348041	0.000788179	0.00111888	0
5052.446333245	3959.749331737	0.0962032	0.281417	0.165235	-0.00324292	0.00065708	0.00133378	0
5033.965343746	3962.879345728	0.0967782	0.300854	0.152732	-0.00306856	0.000909572	0.00137921	0
5044.287240003	3959.66858108	0.0961156	0.316216	0.168901	-0.00341605	0.00101054	0.00146017	0
5050.257950742	3959.568383591	0.0950515	0.293582	0.165219	-0.0032045	0.000919246	0.00144561	0
5037.371997108	3970.162647514	0.0900233	0.357477	0.165997	-0.00390086	0.000872102	0.00125705	0
5059.920888834	3972.902057983	0.0910649	0.329293	0.207331	-0.00427042	0.000816033	0.00136374	0
5036.839409252	3966.922434806	0.0950199	0.328501	0.191492	-0.00487868	0.000753987	0.00140488	0
5055.343687539	3973.132641854	0.094162	0.275621	0.184329	-0.0036178	0.000839431	0.00149356	0
5036.201067392	3974.512070505	0.0909794	0.258097	0.148151	-0.00375625	0.000599791	0.0014433	0
5057.791300976	3972.039544661	0.097621	0.282317	0.163535	-0.0036311	0.000904421	0.00146683	0
5050.11440018	3970.377673919	0.0999217	0.286757	0.155034	-0.00335378	0.00094078	0.00150229	0
5037.346035837	3979.446009719	0.100736	0.325187	0.166917	-0.00358282	0.000905789	0.00147741	0
5054.934797507	3967.250993671	0.0987184	0.362568	0.17982	-0.00345874	0.000719889	0.00156917	0
5052.802537166	3988.937360428	0.145647	0.404264	0.187487	-0.00352593	-0.00179196	0.00237583	0
5057.230842931	3983.680974211	0.176706	0.404717	0.215504	-0.00358809	-0.0033076	0.00312909	0
5039.385522809	3979.041515603	0.169261	0.244985	0.161876	-0.00279143	-0.00316883	0.00315724	0
5043.735562976	3976.034850093	0.164394	0.267662	0.18451	-0.00244743	-0.00316883	0.00344855	0
5022.700442469	3971.738766985	0.169795	0.264206	0.161688	-0.00260293	-0.00316883	0.00357245	0
5042.950234503	3970.886069682	0.170693	0.293913	0.180734	-0.00265867	-0.0028697	0.00351371	0
5042.240499145	3967.010038156	0.16801	0.321543	0.174654	-0.0025072	-0.00280661	0.00334559	0
5033.438864425	3970.445274813	0.158786	0.348595	0.173271	-0.00260293	-0.00241381	0.00316767	0
5058.433460671	3965.748586955	0.148896	0.377985	0.205172	-0.00277157	-0.00216592	0.00267713	0
5039.751653099	3968.256117098	0.144933	0.372775	0.205991	-0.00345406	-0.00178896	0.00275625	0
5052.787265829	3973.793463743	0.157982	0.317761	0.205368	-0.00289962	-0.00178896	0.00282106	0
5048.782739648	3967.045042454	0.153674	0.300005	0.180627	-0.00260975	-0.00178896	0.00273982	0
5039.636354509	3967.064859703	0.14825	0.290747	0.188467	-0.00291084	-0.00174768	0.0027322	0
5050.144561069	3962.762479525	0.145584	0.291186	0.20017	-0.00234755	-0.0018378	0.00260101	0
5026.399923706	3965.157773663	0.141399	0.292056	0.188463	-0.00291084	-0.0017874	0.00248425	0
5033.870661461	3960.346071682	0.146651	0.360193	0.227065	-0.00323069	-0.00195023	0.00272065	0
5042.741017195	3950.530236682	0.14197	0.372216	0.23555	-0.00377106	-0.00182493	0.00251961	0
5048.892311487	3959.783780411	0.146156	0.32791	0.209541	-0.00331316	-0.00179891	0.00269847	0
5050.685929944	3950.468377234	0.143179	0.311786	0.191839	-0.00298793	-0.00182534	0.002626	0
5036.835591418	3958.748097676	0.150091	0.343484	0.189796	-0.00284036	-0.00136693	0.0024417	0
5050.603846511	3956.857124726	0.141226	0.302272	0.200544	-0.00256077	-0.00139693	0.00251615	0
5034.320784101	3958.966828239	0.143793	0.322597	0.185585	-0.00323157	-0.0016047	0.00257284	0
5048.672404243	3957.392746055	0.140119	0.359883	0.210651	-0.00354359	-0.00170099	0.00249132	0
5056.009136021	3950.374291607	0.140654	0.349939	0.218589	-0.00395889	-0.00158625	0.00256494	0
5051.370085814	3959.237417023	0.142702	0.312927	0.184547	-0.00306799	-0.00160373	0.00261143	0
5045.269568715	3959.803412452	0.142627	0.300671	0.184442	-0.00296835	-0.00159561	0.00271069	0
5025.819612924	3964.321374658	0.149969	0.313016	0.184416	-0.00292939	-0.00149504	0.00265429	0
5046.180885713	3960.213462805	0.145829	0.300235	0.189139	-0.00278735	-0.00157384	0.00264369	0
5033.041809679	3965.837116345	0.146811	0.338903	0.179035	-0.00317926	-0.00145317	0.0025628	0
5044.153615809	3964.840512482	0.145569	0.384105	0.225943	-0.00379249	-0.00175159	0.00263628	0
5039.609629671	3973.539728881	0.137827	0.418458	0.209799	-0.00455301	-0.00159442	0.00244946	0
5038.718928977	3968.406691144	0.14326	0.409455	0.209698	-0.00548858	-0.00115014	0.00272961	0
5043.759615331	3975.192154019	0.131037	0.352093	0.199579	-0.00487979	-0.000854342	0.00266584	0
5026.758800111	3972.855941209	0.145849	0.256658	0.227935	-0.00287424	-0.000842733	0.00272596	0
5026.832484309	3968.771180347	0.131842	0.260081	0.222929	-0.00269657	-0.000234757	0.00196773	0
5038.500548867	3975.197154633	0.120213	0.317653	0.239507	-0.00375124	-0.000279278	0.00193978	0
5034.481896699	3974.540036903	0.10821	0.266269	0.226242	-0.00412102	-0.00011915	0.00179786	0
5054.236515651	3977.858592565	0.100853	0.26019	0.253305	-0.00384934	-2.16143e-05	0.00189677	0
5050.931416676	3976.906253396	0.13912	0.277655	0.211108	-0.00339121	0.00113457	0.00180522	0
5074.105287843	3980.415758433	0.120603	0.318092	0.282807	-0.00273181	0.000836162	0.00215706	0
5042.74941643	3970.019852201	0.124672	0.298747	0.267185	-0.00304914	0.000693432	0.00216647	0
5058.003954335	3972.480709946	0.138015	0.344939	0.260444	-0.00291112	0.000465569	0.00220895	0
5050.015136494	3972.2390136	0.131175	0.366414	0.257762	-0.00328708	0.000762292	0.00220871	0
5051.129944049	3966.253463768	0.129814	0.386364	0.275819	-0.0040171	0.000804283	0.0021644	0
5058.299454694	3965.024794371	0.130059	0.339754	0.25769	-0.0034482	0.000724136	0.00211233	0
5042.172159915	3970.941076437	0.129483	0.310007	0.242063	-0.00324323	0.000795541	0.00217443	0
5060.87114774	3962.214634472	0.132364	0.261981	0.246278	-0.00271965	0.000789678	0.00224815	0
5038.549417143	3968.051462337	0.126669	0.28058	0.236463	-0.00294959	0.00108531	0.00203595	0
5054.977939032	3963.670924414	0.126142	0.309072	0.25276	-0.00250661	0.000661235	0.00220604	0
5044.008538114	3961.495842502	0.123529	0.328802	0.238821	-0.00308532	0.000772948	0.00197611	0
5043.070114494	3958.387312631	0.125369	0.386324	0.248555	-0.00346696	0.000912835	0.00218226	0
5054.782465927	3954.535172927	0.127045	0.365603	0.2694	-0.0033497	0.000658319	0.00209402	0
5040.964960774	3957.04270307	0.13471	0.340485	0.231834	-0.00336484	0.000694419	0.0022264	0
5043.441971534	3960.396263031	0.128731	0.29444	0.247319	-0.00291022	0.000613795	0.002032	0
5021.241266278	3955.676794598	0.12983	0.302444	0.232734	-0.00322963	0.000579346	0.0021474	0
5029.425557225	3959.39410293	0.13577	0.315734	0.248842	-0.00295871	0.000205124	0.00214773	0
5018.380944975	3955.554001742	0.147632	0.230149	0.235791	-0.00198116	0.000799632	0.00210154	0
5026.459863701	3952.095799302	0.153864	0.260396	0.252622	-0.00170062	0.000993581	0.0020401	0
5017.387544544	3966.100852435	0.142858	0.317388	0.175309	-0.00185455	0.00123107	0.00194757	0
5051.470113067	3971.395391485	0.147216	0.319736	0.198576	-0.00212976	0.00111304	0.00216589	0
5026.632048019	3972.647767498	0.148049	0.269515	0.211221	-0.00237155	0.00114997	0.00216495	0
5058.770957205	3981.005645685	0.157076	0.315083	0.273485	-0.00257338	0.000768016	0.00222363	0
5059.060349029	3989.120901485	0.15263	0.299622	0.312569	-0.00313973	0.00138411	0.00220118	0
5059.500927083	3973.19024152	0.150435	0.329537	0.334725	-0.0028233	0.000927647	0.00219696	0
5036.30720318	3972.614430071	0.147075	0.257018	0.278709	-0.00262189	0.0010075	0.0021	0
5053.715763081	3966.19697535	0.155349	0.306816	0.274027	-0.00274737	0.000930364	0.00205364	0
5025.804723371	3968.693578225	0.156758	0.311012	0.295116	-0.00304207	0.00112114	0.00200343	0
5040.30943866	3968.213148859	0.154765	0.352178	0.294155	-0.00297658	0.000851466	0.00204645	0
5033.821793184	3967.123385408	0.158617	0.350781	0.302702	-0.0027392	0.00116009	0.00198378	0
5052.508945724	3969.536644716	0.158244	0.350916	0.319887	-0.0024331	0.00123791	0.00211206	0
5046.996375076	3963.625548471	0.152653	0.347395	0.305321	-0.00223044	0.00109361	0.00207349	0
5042.526073135	3968.871748252	0.153802	0.374067	0.256073	-0.00274163	0.00118966	0.00206998	0
5052.541779097	3965.127955187	0.148486	0.376258	0.2607	-0.00314978	0.00112909	0.00212965	0
5043.934090349	3967.700678521	0.150116	0.390932	0.244491	-0.00368946	0.00102594	0.00203996	0
5048.296347585	3965.030165401	0.150566	0.272627	0.250404	-0.00309901	0.000947058	0.00205451	0
5045.765887147	3965.024238747	0.136789	0.250377	0.229452	-0.00309559	0.00087572	0.00202433	0
5036.900112814	3957.502018733	0.138858	0.30421	0.257633	-0.00259889	0.000657492	0.00195771	0
5013.259320538	3954.447013953	0.143657	0.312368	0.235738	-0.00281648	0.000880183	0.00202086	0
5030.701859163	3958.200067415	0.156073	0.356794	0.257913	-0.00278912	0.00100577	0.0022089	0
5036.198394908	3955.799957871	0.144263	0.363809	0.236829	-0.00319939	0.000866455	0.00202242	0
5048.104692313	3957.391820016	0.143233	0.397757	0.258835	-0.0036121	0.000879784	0.00210446	0
5051.615190762	3959.748220489	0.146733	0.380864	0.275057	-0.00398018	0.0010793	0.00206892	0
5047.944725065	3958.507697784	0.145549	0.36944	0.257601	-0.00432151	0.00110079	0.00223063	0
5041.330327497	3956.913242728	0.141223	0.299763	0.256333	-0.00321551	0.00104168	0.00218939	0
5032.834501288	3966.988739244	0.148028	0.308208	0.236324	-0.00335878	0.000927674	0.00221442	0
5047.21857302	3959.836194255	0.148979	0.279941	0.256016	-0.00296077	0.000857925	0.00226547	0
5025.276335132	3959.733218647	0.151359	0.306286	0.232705	-0.00306258	0.00112605	0.00206492	0
5056.942978241	3960.827612296	0.143394	0.36864	0.265777	-0.0033071	0.000830737	0.00196698	0
5042.185140551	3965.005347538	0.13879	0.365496	0.287511	-0.00421889	0.000673882	0.001965	0
5062.967520441	3966.63054711	0.144491	0.347841	0.272479	-0.00381151	0.000837286	0.00217139	0
5036.659589266	3964.759947033	0.139705	0.331495	0.242288	-0.00364974	0.00103754	0.00207892	0
5054.140306232	3967.020039384	0.150589	0.338468	0.25516	-0.00322056	0.000794783	0.00210618	0
5050.991356672	3958.46787808	0.16077	0.335703	0.248512	-0.0031531	0.000816153	0.00213871	0
5055.641860381	3966.432189419	0.160899	0.349872	0.229545	-0.00321147	0.000811795	0.00219109	0
5057.194573507	3974.007749316	0.156163	0.379451	0.251366	-0.00348511	0.000678673	0.002099	0
5068.580118342	3976.859025375	0.15683	0.437178	0.243182	-0.00486632	0.000456022	0.00231702	0
5080.768553687	3984.438104223	0.158486	0.452464	0.213618	-0.00452866	0.000646974	0.00224675	0
5062.266566101	3983.927485964	0.151772	0.458882	0.178187	-0.0045961	0.00124393	0.00207056	0
5066.433732015	3980.220734484	0.15645	0.338283	0.183499	-0.00449755	0.000551353	0.00226274	0
5058.680092753	3977.974162312	0.144613	0.258138	0.14678	-0.00455532	0.000772637	0.0022486	0
5068.883636153	3968.052758793	0.144308	0.207058	0.163046	-0.00399557	0.000673838	0.0022849	0
5039.495858215	3981.571826322	0.151142	0.262214	0.168303	-0.00357999	0.00086158	0.0022251	0
5053.289311013	3977.337232246	0.176246	0.324788	0.150286	-0.00277253	0.00144367	0.00206651	0
5032.05757205	3968.697282384	0.163025	0.413757	0.184379	-0.00261374	0.00118843	0.00219572	0
5068.273546264	3965.823596166	0.174566	0.45133	0.183147	-0.00247203	0.00107536	0.0022336	0
5047.449170199	3971.341125562	0.178215	0.469518	0.186625	-0.00290284	0.00106488	0.0022615	0
5067.535177151	3971.835260316	0.186105	0.465441	0.190931	-0.00317172	0.00101944	0.0025461	0
5050.41562729	3982.563614779	0.190866	0.407411	0.17943	-0.00317771	0.00114985	0.00265659	0
5060.735614629	3987.985391676	0.196033	0.36639	0.232327	-0.00329962	0.00120265	0.00247245	0
5073.929285691	3981.881493978	0.198805	0.258815	0.246678	-0.00282097	0.00140482	0.00258408	0
5043.706165654	3977.837108445	0.201685	0.258625	0.213483	-0.00296034	0.00115345	0.0025708	0
5063.298526657	3972.765374532	0.200159	0.33038	0.220527	-0.00356201	0.000897906	0.00281497	0
5046.244261759	3966.69407343	0.190958	0.34185	0.232538	-0.00384612	0.000790791	0.00284513	0
5060.963921108	3963.221980395	0.193515	0.325495	0.222727	-0.00341114	0.000659807	0.00279219	0
5044.040226137	3961.284890672	0.198928	0.342005	0.210224	-0.00288491	0.000789801	0.00282021	0
5032.735237601	3965.69450624	0.209769	0.398612	0.221264	-0.00305099	0.00070292	0.00266191	0
5045.862096566	3957.414230175	0.200165	0.405703	0.221148	-0.00292894	0.000893875	0.00270296	0
5020.596815883	3971.05794264	0.209812	0.41715	0.209807	-0.00328197	0.00110865	0.00273867	0
5034.291004995	3962.260566039	0.206589	0.410918	0.222149	-0.00379486	0.000782408	0.00267293	0
5027.0420834	3966.701666955	0.198007	0.413526	0.244506	-0.00396282	0.00115561	0.00269277	0
5034.163871119	3961.501954364	0.192675	0.404921	0.249257	-0.004529	0.000857063	0.00264296	0
5022.621413303	3965.090172769	0.197277	0.291715	0.236847	-0.00345954	0.000873957	0.00258078	0
5003.484138124	3964.822362105	0.203173	0.31167	0.226952	-0.00374707	0.00105604	0.00264942	0
5021.16529138	3960.170679774	0.198892	0.311734	0.246096	-0.00375678	0.000634818	0.00254534	0
5005.302572503	3952.266375804	0.19935	0.309955	0.246711	-0.0042045	0.00116022	0.00240613	0
4993.968186645	3955.456582371	0.197754	0.361072	0.252801	-0.00426874	0.000709531	0.00205715	0
5009.668647573	3950.280391187	0.200219	0.37062	0.262347	-0.00376465	0.000970271	0.00248436	0
4999.166931331	3956.141296083	0.193993	0.398431	0.249977	-0.0040209	0.0010351	0.00226504	0
5012.828287069	3955.24840866	0.191319	0.436065	0.273673	-0.00471922	0.000647705	0.0022507	0
5003.71435352	3953.406145395	0.187923	0.405498	0.264398	-0.00531509	0.000677512	0.00235217	0
5012.943967442	3962.179259758	0.205137	0.387695	0.280309	-0.00460779	0.000739898	0.0026739	0
5011.543204113	3955.652532359	0.205166	0.318684	0.307934	-0.00454094	0.000409432	0.00268565	0
5008.188473295	3960.123822168	0.219245	0.357339	0.312119	-0.00520929	0.000542807	0.00281947	0
5027.069190023	3960.261431659	0.210699	0.284172	0.356375	-0.00503361	0.000422062	0.00293688	0
5018.386289943	3959.301498966	0.226406	0.340483	0.322916	-0.00514648	0.000835838	0.00296157	0
5022.628667188	3957.472015049	0.219329	0.375089	0.299037	-0.00465905	0.00040701	0.00289464	0
5005.173147927	3958.336565659	0.221587	0.412815	0.276525	-0.00503472	0.000492943	0.00292144	0
5023.588852463	3958.237849833	0.223128	0.449285	0.285573	-0.00531913	0.000234535	0.00308303	0
5032.472188832	3963.424968285	0.229196	0.401706	0.276815	-0.00550019	0.000336673	0.00313119	0
5022.427467331	3962.127771954	0.229641	0.352911	0.269098	-0.00480385	0.000383616	0.003176	0
5026.852718829	3965.007384825	0.224976	0.331497	0.281284	-0.00449506	0.000156139	0.00315296	0
5019.302570125	3964.555107064	0.227701	0.350351	0.253897	-0.00458344	0.000357164	0.00318416	0
5030.45179103	3963.635734907	0.231503	0.355229	0.287525	-0.00491931	0.000186821	0.00312928	0
5026.178489328	3959.47189026	0.233711	0.378946	0.268303	-0.00532794	0.000281077	0.00336024	0
5030.48767867	3967.300073772	0.22956	0.374659	0.277906	-0.00532794	-0.000199332	0.00301183	0
5039.583286616	3970.057819826	0.229564	0.387638	0.28449	-0.00485156	9.13071e-05	0.00331137	0
5038.192449655	3965.470404646	0.223637	0.419995	0.284074	-0.00517564	0.000175614	0.00294726	0
5045.457406152	3964.761058281	0.22355	0.366659	0.297502	-0.00487468	0.000318659	0.00294678	0
5029.177779793	3964.033005914	0.223739	0.437054	0.280124	-0.00551774	0.000328539	0.00289919	0
5044.048625372	3964.366380185	0.218042	0.453936	0.329836	-0.00622339	-0.000299922	0.00303299	0
5029.906604321	3968.689318443	0.228874	0.438037	0.299743	-0.00701344	-0.000159095	0.00339866	0
5047.415191476	3972.945211431	0.235208	0.437848	0.314378	-0.00809173	-0.000567318	0.00357597	0
5022.371726953	3964.979418428	0.233797	0.338725	0.28724	-0.0076467	-0.000486231	0.00378704	0
5046.360705699	3959.941947982	0.23696	0.323444	0.305972	-0.00721048	-0.000693223	0.00385069	0
5029.667607907	3964.8666268	0.228458	0.270411	0.298314	-0.0064526	-0.000582914	0.00395142	0
5031.482224452	3962.61894338	0.228851	0.359921	0.332008	-0.00620493	-0.000533883	0.00390831	0
5014.1576569	3952.258226655	0.226885	0.403044	0.322528	-0.00575704	-7.25135e-05	0.00348429	0
5017.962892142	3958.571038896	0.231467	0.451424	0.327438	-0.00621415	-0.000305298	0.00324257	0
5032.54701838	3956.357989359	0.223341	0.46114	0.332177	-0.00596015	-0.000522717	0.00345773	0
5028.436738195	3961.119129576	0.226891	0.484648	0.356561	-0.00745035	-0.000352706	0.00329387	0
5048.249770009	3966.357735832	0.227168	0.399611	0.339533	-0.00629281	-0.000561106	0.0035726	0
5021.490189061	3967.94126362	0.221871	0.343918	0.31681	-0.0064233	-0.000504236	0.00363234	0
5051.488820454	3971.144434742	0.228144	0.311447	0.354144	-0.00761777	-0.00109798	0.00358689	0
5045.661278493	3960.573692226	0.23756	0.313638	0.355931	-0.00764958	-0.00150221	0.00371582	0
5032.995613887	3961.096534208	0.241688	0.351904	0.340335	-0.00671394	-0.00150102	0.00364344	0
5047.314400656	3960.494608441	0.229169	0.377152	0.338836	-0.00542476	-0.00133868	0.00381269	0
5020.586125948	3967.485652116	0.236953	0.409223	0.325444	-0.00616172	-0.00119693	0.00361902	0
5033.577451802	3958.611414224	0.239553	0.406484	0.34293	-0.00610376	-0.00133888	0.00380334	0
5023.367036302	3961.535476999	0.229792	0.418604	0.324384	-0.00630542	-0.00120642	0.00367475	0
5028.910913189	3962.919906264	0.239085	0.453892	0.337853	-0.00632177	-0.00117994	0.00360184	0
5041.118055921	3961.24747867	0.246941	0.467711	0.35735	-0.00670681	-0.00146028	0.00382609	0
5039.505021017	3970.140422562	0.247211	0.395888	0.374473	-0.0070812	-0.00134512	0.00403587	0
5029.210994949	3963.438858879	0.242842	0.328109	0.293313	-0.00573051	-0.00125549	0.004054	0
5031.589887373	3969.15715367	0.252871	0.39488	0.29965	-0.00602225	-0.00108607	0.00404726	0
5038.705184774	3967.520471206	0.242945	0.33003	0.334038	-0.00632369	-0.00128211	0.00395733	0
5009.693845278	3962.584865121	0.240495	0.365482	0.328145	-0.00610872	-0.00110483	0.00406304	0
5026.824085074	3963.928178226	0.248254	0.399273	0.333338	-0.00614311	-0.00136254	0.0039843	0
5031.220702816	3964.895519237	0.248654	0.42082	0.348109	-0.0070396	-0.00110554	0.00394746	0
5038.508566318	3964.428054425	0.242573	0.380708	0.368054	-0.00690639	-0.00110438	0.00388934	0
5033.374343029	3967.892739143	0.243071	0.380591	0.34454	-0.00638898	-0.000963098	0.00389602	0
5021.366109453	3963.683518553	0.265192	0.440318	0.318191	-0.00668235	-0.000817964	0.00385009	0
5038.609357138	3963.974480208	0.247213	0.373486	0.342886	-0.00617974	-0.00106763	0.0039732	0
5008.68631886	3964.717534417	0.256994	0.406414	0.314941	-0.00623232	-0.000781272	0.00404049	0
5027.549855335	3963.475530049	0.267723	0.415311	0.328564	-0.00645022	-0.00113314	0.00410711	0
5025.959727435	3964.168022494	0.274359	0.438338	0.314546	-0.00660943	-0.000858366	0.00412163	0
5036.360271073	3962.925092086	0.287562	0.48295	0.339627	-0.00790745	-0.00146778	0.00408672	0
5034.72051133	3967.093381723	0.283428	0.30808	0.262713	-0.00503307	-0.00082297	0.0043328	0
5037.665970334	3963.021400209	0.286956	0.307844	0.257384	-0.00365354	-0.000358784	0.0044591	0
5027.916367408	3954.034000273	0.273681	0.354006	0.245587	-0.00377496	-0.000240018	0.00449136	0
5015.502298068	3956.151297311	0.294692	0.376457	0.242668	-0.00326819	9.33373e-05	0.00492715	0
5015.829104667	3958.743837893	0.284618	0.433445	0.239048	-0.00256621	9.28943e-05	0.00464904	0
5028.695205563	3955.063015523	0.300408	0.282975	0.282027	-0.00291038	0.000454424	0.00462657	0
5019.381599291	3951.911887829	0.312747	0.368887	0.240674	-0.00310707	0.000277488	0.0049915	0
5022.898588058	3960.420340062	0.312574	0.442781	0.228363	-0.00361914	-6.19686e-05	0.00500537	0
5038.104257688	3957.737973634	0.308096	0.401823	0.226665	-0.00413693	-0.000267411	0.00496895	0
5039.652771196	3966.233461312	0.301992	0.37989	0.240321	-0.00432604	-0.000312526	0.00491096	0
5059.285601241	3967.667341094	0.297524	0.397035	0.26848	-0.00560909	-0.000892005	0.00471196	0
5066.103871149	3966.876688447	0.29606	0.344017	0.292477	-0.00552211	-0.000598602	0.00494446	0
5047.612955282	3967.412309776	0.29969	0.29592	0.2557	-0.00465329	-0.00059455	0.00489058	0
5041.906438662	3966.846684763	0.307268	0.365761	0.253446	-0.00475727	-0.000997594	0.00509194	0
5048.885821169	3966.473305579	0.306886	0.372312	0.25834	-0.00482043	-0.000526016	0.00509456	0
5040.878677724	3961.087644228	0.308586	0.412569	0.276341	-0.0046592	-0.000812939	0.00490298	0
5049.604337545	3960.20235033	0.305232	0.427757	0.297942	-0.0044967	-0.000606835	0.00490016	0
5042.919310047	3962.595792389	0.300167	0.473073	0.291911	-0.00465921	-0.000665388	0.00484154	0
5048.049333719	3963.02214104	0.312487	0.452485	0.328285	-0.00468705	-0.000662216	0.00493677	0
5038.440227088	3969.566833608	0.318533	0.427698	0.301127	-0.0052273	-0.000310256	0.0049761	0
5058.322743482	3968.836743954	0.322322	0.374299	0.310169	-0.00434418	-0.000201459	0.0051102	0
5027.451736999	3961.790508316	0.318893	0.324407	0.273596	-0.00417381	0.000181247	0.00521562	0
5042.314565126	3956.494858018	0.322756	0.346904	0.285077	-0.00417381	-0.000349407	0.00526538	0
5034.066134566	3951.56666025	0.319579	0.343357	0.279103	-0.0040941	4.44612e-05	0.00523284	0
5030.984378886	3953.450039674	0.322521	0.373879	0.285648	-0.00441372	-6.43957e-05	0.00535235	0
5035.118329643	3947.919360515	0.31978	0.382826	0.268659	-0.00417381	4.92297e-06	0.00547858	0
5029.093405659	3948.10753177	0.328212	0.394091	0.260703	-0.00452419	0.000110366	0.00550158	0
5047.070822841	3948.14420294	0.326286	0.412696	0.280101	-0.00420945	-0.000136737	0.00517417	0
5043.937144616	3949.719025956	0.329936	0.400499	0.260543	-0.00421546	-5.93095e-06	0.00536115	0
5049.05838727	3949.427693884	0.320343	0.444461	0.273544	-0.00402139	-9.99102e-05	0.00525073	0
5041.454025322	3952.679574692	0.323016	0.40039	0.299318	-0.00482866	0.000101131	0.00527954	0
5035.804394429	3953.09462566	0.311067	0.378757	0.290856	-0.00518821	6.37295e-05	0.00533275	0
5035.888386779	3948.002889291	0.314072	0.309259	0.272745	-0.00422929	0.000259318	0.00535041	0
5018.211051358	3953.263905706	0.32404	0.345209	0.262147	-0.00479867	0.00022559	0.00528378	0
5048.698747298	3950.042398999	0.32268	0.338563	0.282167	-0.00425833	0.000260458	0.00525552	0
5025.071699225	3950.044806702	0.321478	0.359394	0.265907	-0.00441454	0.000363725	0.00533198	0
5048.228008354	3952.083760786	0.325301	0.388095	0.285666	-0.00453758	0.000231522	0.00523532	0
5045.236735342	3955.943494015	0.32367	0.438354	0.295977	-0.0047479	0.000287767	0.00512825	0
5054.906545535	3956.763039098	0.32598	0.394422	0.305962	-0.00523172	0.000254284	0.00515768	0
5033.968779797	3960.408301546	0.315929	0.370324	0.274135	-0.00468488	0.000395719	0.00524024	0
5042.608156568	3964.182839128	0.321826	0.391186	0.275041	-0.00468488	0.000357345	0.00531922	0
5041.21311999	3963.189754216	0.317684	0.347864	0.283423	-0.0041185	0.000287827	0.00509504	0
5038.745272032	3968.678761591	0.322586	0.354989	0.262474	-0.00470094	0.000544608	0.00504399	0
5057.737087732	3969.052696399	0.319195	0.381098	0.290799	-0.00483298	0.000244593	0.00491638	0
5045.431063097	3970.770685143	0.319712	0.396411	0.307636	-0.00540901	0.000576882	0.00491323	0
5060.155303847	3969.533125765	0.317934	0.341129	0.309191	-0.00524977	0.0005857	0.0050183	0
5036.181978221	3972.462559569	0.333251	0.360147	0.261965	-0.00505285	0.00124746	0.00508165	0
5053.354595976	3971.071462819	0.330863	0.366545	0.293316	-0.00486723	0.000896973	0.00506345	0
5042.957488388	3962.638019797	0.330634	0.358631	0.286794	-0.00456255	0.00115361	0.00543911	0
5033.773306691	3964.151168572	0.330031	0.399976	0.2818	-0.00415367	0.000979784	0.00508567	0
5036.241536433	3971.752472372	0.332642	0.40603	0.303751	-0.00468097	0.0010926	0.0050995	0
5047.930980862	3971.46558529	0.331218	0.412634	0.31834	-0.00574363	0.00111205	0.00506061	0
5055.145541949	3961.490471472	0.323163	0.365198	0.292534	-0.00474414	0.000931484	0.00530831	0
5042.746743946	3965.027942905	0.327627	0.343008	0.269452	-0.00471356	0.0011493	0.00534597	0
5059.484510397	3966.262909372	0.326861	0.362658	0.288932	-0.00450582	0.00122677	0.00504438	0
5045.308892406	3962.875271153	0.32684	0.355845	0.283689	-0.00476471	0.00126391	0.00508675	0
5063.518052117	3961.056714504	0.3224	0.387228	0.307906	-0.00476471	0.00117656	0.00504312	0
5040.724437226	3954.961521578	0.334009	0.405407	0.309656	-0.00515412	0.00121042	0.00488554	0
5055.831606736	3958.229330268	0.320843	0.370772	0.311544	-0.00510434	0.00166551	0.00500672	0
5048.037880216	3960.970037193	0.328219	0.370205	0.287837	-0.00455795	0.00156038	0.00502473	0
5045.46160577	3959.07850862	0.325982	0.389153	0.294378	-0.00473188	0.00183425	0.00488125	0
5034.533055676	3959.476705666	0.321551	0.375447	0.305834	-0.00432693	0.00182203	0.00481664	0
5036.499622018	3960.381261189	0.328819	0.382494	0.275146	-0.00474837	0.0018941	0.00473683	0
5061.597681568	3956.065360832	0.334653	0.412291	0.310383	-0.00506609	0.00230538	0.00468333	0
5048.724326787	3963.642958017	0.331249	0.393391	0.294235	-0.00460706	0.00220888	0.00471196	0
5054.871421461	3956.362434349	0.340877	0.351809	0.309597	-0.0042667	0.00218699	0.00487423	0
5041.249771198	3956.259088325	0.333294	0.365208	0.275308	-0.00397778	0.00197152	0.00488312	0
5046.909328458	3951.676673759	0.343393	0.389156	0.292751	-0.0042459	0.00227106	0.00487628	0
5049.126344717	3953.918800941	0.340055	0.367808	0.292531	-0.00387403	0.00276311	0.00487615	0
5042.628391089	3960.919660637	0.336958	0.434265	0.317584	-0.0050569	0.00250063	0.00469366	0
5056.200409509	3959.330020987	0.330198	0.377492	0.329031	-0.0049752	0.00252717	0.00468099	0
5042.784540503	3965.051464312	0.338568	0.363081	0.290778	-0.00436785	0.00238312	0.00506696	0
5067.361465699	3964.318040916	0.342363	0.33857	0.294204	-0.00421564	0.0026555	0.00472894	0
5039.375214657	3961.58363106	0.339539	0.363409	0.273964	-0.00462477	0.00282917	0.00470859	0
5058.594955053	3964.054119618	0.344604	0.385386	0.289234	-0.00416973	0.00258803	0.00477137	0
5044.935890015	3968.65116561	0.33769	0.375709	0.268235	-0.00395806	0.00269211	0.00475409	0
5064.595444898	3963.087519439	0.342036	0.39189	0.291874	-0.004181	0.00259649	0.00481293	0
5059.092037052	3967.200802322	0.340904	0.402448	0.277203	-0.00405324	0.00287468	0.00503922	0
5064.65385776	3972.001762243	0.332286	0.423942	0.315456	-0.00496705	0.00285232	0.00475685	0
5071.240766922	3971.687834804	0.33474	0.394707	0.317455	-0.00494175	0.00287916	0.00471829	0
5053.434388708	3971.942495706	0.336893	0.358348	0.301348	-0.00481665	0.00287507	0.00476252	0
5047.620209167	3973.984042701	0.333721	0.32724	0.29198	-0.00397671	0.00279656	0.00461938	0
5046.395829773	3970.620666721	0.336005	0.361925	0.288109	-0.00416395	0.00282461	0.00481642	0
5060.62031604	3970.161351058	0.336641	0.365498	0.30787	-0.00349328	0.00292989	0.00478465	0
5041.237935912	3970.030038637	0.340583	0.390543	0.295126	-0.00411803	0.00313456	0.0048191	0
5066.784972751	3968.337052963	0.341914	0.41331	0.33991	-0.00478672	0.00282651	0.00471386	0
5058.723997845	3967.351746784	0.338134	0.418248	0.343909	-0.00478672	0.00310907	0.00486157	0
5056.045023662	3968.074057705	0.340765	0.364148	0.30927	-0.00371646	0.00282106	0.00455799	0
5052.439842927	3972.261608967	0.341057	0.363344	0.279423	-0.00241501	0.00308772	0.00455349	0
5046.441643782	3970.033187172	0.33649	0.347638	0.294533	-0.0027662	0.00307178	0.00452957	0
5058.8331879	3965.267231549	0.33805	0.359136	0.290375	-0.0023896	0.0031299	0.004468	0
5037.544181426	3964.80939755	0.344008	0.392567	0.293564	-0.00289942	0.00319303	0.00448736	0
5072.43307651	3962.526524624	0.337286	0.401954	0.334397	-0.00362773	0.00289122	0.00442416	0
5049.692147729	3963.610731837	0.334194	0.381185	0.324533	-0.00356819	0.00322765	0.00453712	0
5058.452549841	3961.616227655	0.340524	0.346089	0.314378	-0.00314054	0.00309642	0.00445968	0
5038.23330048	3961.188767757	0.33261	0.353368	0.286653	-0.00334944	0.00310282	0.00446558	0
5057.587046852	3952.907936068	0.326808	0.364044	0.307434	-0.00361091	0.00315079	0.00432861	0
5039.911238564	3955.551779246	0.33493	0.371446	0.300996	-0.00351893	0.00365386	0.00446599	0
5055.545269179	3958.748097676	0.328164	0.423948	0.331555	-0.00427805	0.00330053	0.00450507	0
5061.298363375	3967.414161856	0.357425	0.380565	0.296307	-0.00403212	0.00379439	0.00431024	0
5067.167901511	3966.933732489	0.340114	0.386673	0.333076	-0.00377718	0.00365386	0.00443286	0
5046.705837901	3957.346999697	0.344514	0.332454	0.313789	-0.00366922	0.00325869	0.0041835	0
5042.009901966	3963.448304484	0.348755	0.374917	0.305905	-0.00357021	0.00365386	0.00466564	0
5047.209410218	3955.962014808	0.346177	0.357736	0.320836	-0.00357021	0.00365386	0.0045512	0
5052.744506087	3964.353786046	0.347204	0.401454	0.328906	-0.00480447	0.00365386	0.0046656	0
5063.19926297	3968.056833367	0.337816	0.378689	0.334415	-0.00407028	0.00333134	0.00456728	0
5049.943742996	3967.486392948	0.345957	0.322944	0.307268	-0.00362493	0.00365386	0.00452295	0
5052.061877351	3972.544791889	0.350697	0.348206	0.30906	-0.00285107	0.00381228	0.00441914	0
5055.70447286	3966.195864102	0.362881	0.277893	0.336812	-0.00286408	0.00424134	0.00423076	0
5054.485056651	3967.399900845	0.364295	0.346166	0.316078	-0.00210399	0.00405081	0.00432845	0
5036.450753742	3970.676969931	0.351428	0.398084	0.296769	-0.00294484	0.00437358	0.00436353	0
5063.325251495	3976.163384395	0.353645	0.380973	0.285618	-0.00276312	0.00410158	0.00425469	0
5053.317944768	3983.446315766	0.357824	0.36861	0.296129	-0.00259555	0.00462247	0.0043254	0
5053.689038242	3971.36279489	0.360945	0.273569	0.31392	-0.0015739	0.00482436	0.00398509	0
5049.586393725	3984.781294514	0.351887	0.356337	0.290639	-0.0015667	0.00444746	0.00408664	0
5067.143085589	3987.122693145	0.343623	0.346854	0.283449	-0.00235644	0.00452414	0.0042815	0
5055.503273004	3985.27246594	0.345394	0.334917	0.28482	-0.00219377	0.00449198	0.00391148	0
5083.263890051	3987.464586981	0.343848	0.363601	0.331234	-0.00342134	0.00440566	0.00413283	0
5076.601769557	3988.991996767	0.353078	0.347643	0.354626	-0.00386338	0.00460216	0.00403211	0
5068.176573278	3989.009776728	0.358577	0.345812	0.273908	-0.00342648	0.00453147	0.0040046	0
5053.613826911	3972.865942437	0.36434	0.337231	0.292058	-0.00311932	0.00457149	0.00406302	0
5057.233133632	3973.843099468	0.357911	0.386368	0.251849	-0.00243529	0.00473016	0.00420464	0
5045.196648084	3970.082452481	0.363137	0.411818	0.254302	-0.00284862	0.00449752	0.00410739	0
5063.440550085	3969.810567242	0.366126	0.429368	0.232269	-0.00306084	0.00461885	0.00412953	0
5033.361362393	3968.94620184	0.359776	0.491169	0.251492	-0.00352312	0.00458996	0.00416506	0
5054.897382733	3965.347241374	0.358526	0.394749	0.254266	-0.00309631	0.00449201	0.00423874	0
5042.958251955	3962.083692467	0.353843	0.34517	0.225409	-0.00337607	0.00456982	0.00416148	0
5057.166703318	3962.467628503	0.354979	0.321731	0.224742	-0.00283069	0.00448599	0.00401299	0
5035.025938058	3966.312545097	0.345222	0.335651	0.215788	-0.00312194	0.00455677	0.0041221	0
5046.579467593	3957.243283257	0.350701	0.356072	0.237328	-0.00293816	0.0044214	0.00411258	0
5029.624466382	3956.405958212	0.354648	0.371313	0.228328	-0.00305112	0.00451488	0.00418167	0
5051.931307425	3956.870274489	0.36663	0.419412	0.27019	-0.00423542	0.00472354	0.00453693	0
5049.322199606	3955.780511038	0.369005	0.408789	0.27462	-0.00449936	0.00452332	0.00441281	0
5040.822555562	3953.56394255	0.364636	0.383981	0.253167	-0.00354417	0.00478125	0.00447845	0
5035.584487186	3948.671119497	0.370821	0.353598	0.237979	-0.00314269	0.00463813	0.00430945	0
5034.634991846	3958.919044594	0.360008	0.36012	0.230371	-0.00348163	0.00510501	0.00437384	0
5055.58688357	3952.602713402	0.364792	0.366544	0.252571	-0.00292705	0.00498557	0.00441856	0
5024.591797479	3952.098762628	0.361445	0.354542	0.239592	-0.00348163	0.00498557	0.00423075	0
5050.168995208	3958.123206125	0.367102	0.370168	0.267065	-0.00385192	0.00498557	0.00427938	0
5054.474748499	3954.798538601	0.371197	0.389003	0.278142	-0.00428013	0.00498557	0.00391695	0
5046.243116409	3959.774890431	0.366067	0.410327	0.269348	-0.00438943	0.00498557	0.00433806	0
5045.185958148	3955.599933308	0.371083	0.349199	0.252684	-0.00348513	0.00518337	0.00384162	0
5032.759289956	3961.535106583	0.362885	0.370548	0.255676	-0.00323424	0.00537507	0.00426767	0
5057.351868272	3958.859407641	0.358994	0.347186	0.271962	-0.00329455	0.00525244	0.00419383	0
5043.055988507	3960.405338219	0.361755	0.363667	0.265786	-0.00343978	0.00516419	0.00403615	0
5059.770847954	3966.617026932	0.368145	0.399856	0.326303	-0.004401	0.00498557	0.00411372	0
5049.106491979	3964.695124258	0.3609	0.38218	0.336172	-0.00509482	0.00498557	0.00408687	0
5062.668965815	3970.220988011	0.365654	0.351813	0.294775	-0.00409521	0.00491187	0.00407562	0
5041.068042295	3963.827239905	0.370191	0.335435	0.280182	-0.00366627	0.00498557	0.00411014	0
5042.542871605	3971.442989923	0.364469	0.375921	0.294445	-0.00363715	0.00532579	0.00409418	0
5040.385413559	3964.465096011	0.370077	0.366145	0.297759	-0.00339843	0.00522791	0.00406398	0
5050.801610317	3973.387117548	0.366019	0.409575	0.299158	-0.00436862	0.0051847	0.00407068	0
5068.38731772	3970.519357984	0.381345	0.415361	0.349584	-0.00491687	0.00498557	0.00412242	0
5051.908782204	3969.187898186	0.373106	0.385154	0.300959	-0.00407301	0.00498557	0.00389942	0
5055.413553902	3975.464594881	0.374278	0.35839	0.289861	-0.0040456	0.00498557	0.00371743	0
5040.181159435	3970.664005376	0.362661	0.356445	0.279537	-0.00381573	0.00535743	0.00371283	0
5046.988357624	3976.268397291	0.368766	0.380252	0.291657	-0.00366262	0.00560265	0.00414897	0
5053.805100399	3973.256916374	0.370399	0.375502	0.29156	-0.00350587	0.00533695	0.00388357	0
5056.095037288	3979.792533753	0.36887	0.448999	0.321202	-0.00479415	0.00563585	0.00388729	0
5049.244697574	3974.247778791	0.373377	0.372111	0.341245	-0.00469554	0.00548115	0.00385194	0
5054.933652157	3978.633502537	0.371067	0.345038	0.283377	-0.004135	0.00541407	0.00349293	0
5069.332613442	3971.338717859	0.372943	0.349432	0.282824	-0.00363172	0.00537387	0.00341337	0
5032.004122372	3976.620292355	0.368417	0.352345	0.27778	-0.00362875	0.00547025	0.00381363	0
5052.635697816	3976.82994773	0.388763	0.394377	0.283369	-0.00368776	0.0059246	0.00362956	0
5063.795990439	3981.390692968	0.384623	0.429111	0.355913	-0.00432869	0.0059246	0.00359029	0
5054.378920863	3972.903169231	0.381394	0.377598	0.345945	-0.0041619	0.0059246	0.00382005	0
5059.839187184	3976.148382553	0.383769	0.385949	0.294919	-0.0030908	0.00550432	0.00352092	0
5042.346253149	3976.193017664	0.380804	0.400443	0.301563	-0.00342341	0.00587253	0.00377178	0
5063.821569927	3970.157832108	0.377449	0.363563	0.303757	-0.00282041	0.00599103	0.00382506	0
5047.026917748	3971.828963246	0.372394	0.373314	0.288138	-0.00342643	0.0056746	0.0037819	0
5052.150069319	3970.870327008	0.377569	0.39687	0.301955	-0.00253546	0.0059246	0.00364864	0
5053.090020073	3967.33507807	0.388635	0.386385	0.31573	-0.00341484	0.00601947	0.00378474	0
5056.102291173	3976.131343424	0.391672	0.422199	0.356761	-0.00447133	0.00589577	0.00396825	0
5063.410007412	3967.777910227	0.38139	0.370704	0.360034	-0.00381374	0.00569941	0.00369202	0
5051.363977279	3973.553063852	0.387526	0.382417	0.308335	-0.00386093	0.00581156	0.00372236	0
5055.610172358	3965.874528346	0.391078	0.344936	0.309558	-0.0030141	0.00596293	0.00366633	0
5026.796596668	3965.277047569	0.390816	0.371843	0.290875	-0.00339399	0.00593705	0.00363624	0
5050.481294037	3962.647650609	0.374221	0.387743	0.30196	-0.00321857	0.00596137	0.0036785	0
5027.45975445	3961.015413136	0.372555	0.395433	0.304726	-0.00341627	0.00607101	0.0035497	0
5051.665967956	3965.288160045	0.389248	0.442231	0.339066	-0.00403536	0.00624386	0.00377652	0
5060.68636457	3965.540042828	0.380123	0.403863	0.339696	-0.0038976	0.00657925	0.00346834	0
5045.086312678	3971.84563196	0.377545	0.40549	0.308435	-0.00362296	0.00648744	0.00357445	0
5034.395995432	3960.857060357	0.377364	0.358569	0.306933	-0.00281741	0.0063825	0.00356521	0
5034.560544082	3965.829152404	0.382354	0.36289	0.285927	-0.00338837	0.00615563	0.00352924	0
5036.953562492	3969.456449683	0.387537	0.365254	0.319626	-0.00308295	0.0063948	0.0040515	0
5016.241048965	3966.215496143	0.386054	0.380429	0.325487	-0.00359605	0.00638486	0.00349356	0
5053.014426958	3975.259569705	0.409929	0.424252	0.318185	-0.00382163	0.00696143	0.00375134	0
5060.153776713	3977.938231974	0.379736	0.384582	0.332968	-0.00240365	0.00656051	0.00336387	0
5024.135184521	3969.040657883	0.397017	0.36188	0.321988	-0.00306792	0.00675174	0.00364391	0
5026.654955023	3971.473919647	0.396001	0.370869	0.30703	-0.00241217	0.00675174	0.00382745	0
5020.739221095	3973.061151594	0.397296	0.409198	0.260533	-0.00300992	0.00675174	0.00393028	0
5036.536655009	3969.231236842	0.396538	0.447285	0.279051	-0.00317061	0.00644136	0.00373401	0
5017.438703521	3967.373045695	0.386682	0.436569	0.25616	-0.00386713	0.00635031	0.00385572	0
5042.494385112	3970.62344484	0.378977	0.372423	0.257828	-0.00263293	0.00580522	0.00386837	0
5032.238155602	3971.983056242	0.368857	0.353807	0.247177	-0.00262561	0.00530307	0.00386429	0
5045.909819493	3971.11869084	0.377497	0.373314	0.259274	-0.00253004	0.00546171	0.00383535	0
5038.971669594	3966.370885595	0.370829	0.348384	0.253274	-0.00284652	0.00569909	0.00370234	0
5041.252061898	3972.468115807	0.377285	0.40748	0.260796	-0.00262278	0.00574799	0.00399002	0
5033.95236311	3964.031894666	0.369935	0.408408	0.258222	-0.00208318	0.00588189	0.00392422	0
5048.880476201	3975.355692619	0.378888	0.48397	0.26828	-0.0037941	0.00527751	0.00349516	0
5071.416005507	3975.157334928	0.344064	0.462246	0.305915	-0.00526397	0.00430987	0.00299352	0
5065.645349274	3982.731783578	0.344464	0.423864	0.39036	-0.00664919	0.00400535	0.0027196	0
5057.746632317	3977.601894376	0.327822	0.394184	0.350821	-0.0061341	0.00394636	0.00331315	0
5038.717783626	3982.079666462	0.326706	0.342907	0.252379	-0.00645882	0.0038067	0.00413078	0
5050.91614534	3973.678820035	0.336627	0.284133	0.216444	-0.00567108	0.00371396	0.00409971	0
5018.827631564	3973.028554999	0.344036	0.295236	0.212578	-0.00523165	0.0040263	0.00431465	0
5029.424411875	3967.142647032	0.346426	0.334491	0.236679	-0.00379722	0.00410554	0.00410462	0
5010.308516567	3970.030964677	0.342207	0.364086	0.213199	-0.00339149	0.00402336	0.00368768	0
5029.814976303	3960.16567916	0.35567	0.474353	0.230524	-0.00282572	0.00423803	0.00391584	0
5033.529347093	3964.841623729	0.364611	0.471084	0.21434	-0.00272511	0.0044108	0.00366448	0
5022.020104433	3966.266057907	0.35433	0.493976	0.217252	-0.0030849	0.00508927	0.00338212	0
5035.827683217	3969.636471789	0.363473	0.418659	0.216206	-0.00245771	0.00479469	0.00340637	0
5023.868317918	3972.954657035	0.354991	0.382062	0.210971	-0.00242226	0.00500872	0.00332007	0
5035.599758522	3973.886067707	0.364449	0.339596	0.221765	-0.00241526	0.00517277	0.00333387	0
5053.826862053	3965.668947546	0.358963	0.30388	0.211147	-0.00120582	0.0050262	0.00315315	0
5029.243064756	3973.189871104	0.358134	0.293825	0.217884	-0.00204743	0.00520414	0.00326216	0
5041.390267492	3964.032079874	0.358253	0.331535	0.245062	-0.00199485	0.00515042	0.00315982	0
5024.135948088	3965.554303838	0.35434	0.358069	0.24655	-0.00328788	0.00519089	0.00311447	0
5031.202758996	3961.675864608	0.35885	0.344314	0.23109	-0.00269059	0.0055138	0.00322569	0
5019.97832676	3959.890645386	0.352239	0.375117	0.218809	-0.00288911	0.00490206	0.00307241	0
5026.104423347	3961.329340574	0.35624	0.417487	0.227247	-0.00302034	0.0055138	0.00308615	0
5015.408761133	3962.283902238	0.358603	0.42096	0.226738	-0.00239336	0.0049716	0.00307578	0
5016.909551715	3970.043929232	0.366995	0.46248	0.203896	-0.00265403	0.00501085	0.00293073	0
5024.986179741	3967.711050165	0.362563	0.405304	0.224968	-0.0029686	0.00494345	0.00304458	0
5021.188198384	3974.543926269	0.359812	0.379784	0.212595	-0.00283708	0.00544279	0.00296447	0
5022.8585008	3975.375139452	0.368104	0.379948	0.217071	-0.00241411	0.00516043	0.00312492	0
5034.627356178	3971.251484925	0.371331	0.377134	0.237625	-0.00373324	0.00490373	0.00300235	0
5029.641646635	3979.042812059	0.363509	0.357309	0.246616	-0.00421942	0.00472771	0.00291035	0
5021.820049927	3971.708948508	0.368405	0.296725	0.243791	-0.00330796	0.00503718	0.00284649	0
5013.463192879	3972.810009643	0.365084	0.341115	0.224249	-0.00352702	0.00511742	0.00275277	0
5016.89771643	3970.149868167	0.358518	0.346473	0.245527	-0.00332933	0.00497356	0.00283708	0
5002.248687011	3971.290563798	0.364752	0.381369	0.246177	-0.00325127	0.005123	0.00269936	0
5012.263247623	3964.294334301	0.364899	0.388782	0.262822	-0.00327754	0.00537306	0.00288419	0
5013.599871339	3962.683210531	0.360766	0.385422	0.268391	-0.00282399	0.00532521	0.00271259	0
5001.946696334	3972.50626864	0.375006	0.394078	0.251256	-0.00345503	0.00560793	0.00296623	0
5025.990270108	3972.654990607	0.408385	0.397271	0.263499	-0.00310515	0.00590912	0.00297443	0
5005.267448429	3966.688517192	0.389358	0.403674	0.296992	-0.00410634	0.00560283	0.00274885	0
5024.893024589	3971.452805943	0.3975	0.371104	0.258759	-0.00352756	0.00571286	0.00264678	0
5007.493245706	3960.527575452	0.383858	0.324374	0.22246	-0.00369383	0.00526287	0.00282096	0
5008.992127371	3961.14913326	0.386331	0.332282	0.235922	-0.00367451	0.00555742	0.00267688	0
5005.364803199	3951.059560942	0.387994	0.347586	0.223743	-0.00320147	0.00555381	0.00288581	0
5000.366494803	3959.635243653	0.385594	0.372616	0.216838	-0.00346849	0.00569491	0.00305446	0
5025.129730303	3956.239271077	0.389752	0.375775	0.224317	-0.00320147	0.00533825	0.00307658	0
5004.67072096	3957.011032515	0.390264	0.389968	0.217229	-0.00326092	0.00549403	0.00281288	0
5012.727878032	3950.303542178	0.391333	0.399379	0.221857	-0.0032945	0.00562544	0.0031061	0
5018.964310025	3949.132287238	0.392869	0.380743	0.217635	-0.00267669	0.00557746	0.00309885	0
5005.901590672	3957.791869141	0.394291	0.391787	0.212468	-0.00374233	0.00557746	0.00307419	0
5024.148165157	3953.160559682	0.394105	0.388327	0.235751	-0.00365944	0.00557513	0.00296374	0
5024.400142208	3956.458742472	0.391861	0.392428	0.232913	-0.00426336	0.00557133	0.00304455	0
5026.819121889	3956.800265892	0.395052	0.329023	0.229457	-0.00356529	0.00577202	0.00318547	0
5014.497825918	3961.519919533	0.387353	0.32452	0.214049	-0.00353509	0.00565818	0.00291541	0
5020.719750141	3960.086410167	0.394922	0.353046	0.225828	-0.0033284	0.00576304	0.00306286	0
5014.922750853	3960.569617652	0.393681	0.354815	0.21719	-0.00369704	0.00565818	0.00286517	0
5022.111350668	3965.630053881	0.392186	0.393176	0.22979	-0.0033966	0.00583615	0.00300217	0
5028.319530688	3964.176542058	0.395628	0.382689	0.231026	-0.00339941	0.00599108	0.00301427	0
5012.319369784	3971.607084148	0.393031	0.401478	0.209024	-0.00383668	0.0057438	0.00311551	0
5032.465316731	3968.505592178	0.396862	0.442284	0.239314	-0.00365945	0.00609238	0.00308327	0
5029.361799396	3971.926382616	0.402112	0.431531	0.224826	-0.00437781	0.00567942	0.00286956	0
5047.342270845	3972.015838046	0.410422	0.357825	0.234704	-0.00366727	0.00581828	0.00313401	0
5022.821849593	3974.034419258	0.405972	0.333218	0.221742	-0.00374392	0.00593254	0.00295278	0
5032.865425744	3971.355756989	0.399453	0.342871	0.239125	-0.00358117	0.0058775	0.00284811	0
5034.627356178	3965.584307522	0.399776	0.343308	0.239174	-0.00323956	0.00598812	0.00283488	0
5031.618521129	3969.536459508	0.395395	0.356711	0.225919	-0.00357459	0.00578258	0.00278701	0
5042.269514684	3964.152650236	0.401428	0.401371	0.234487	-0.00332789	0.00582253	0.00298116	0
5033.009739873	3965.380208385	0.417642	0.417543	0.236393	-0.00405253	0.0060652	0.0029577	0
5044.131472372	3969.130668936	0.412815	0.422375	0.240251	-0.00405253	0.00589245	0.00280241	0
5028.558908886	3961.282297761	0.414024	0.369379	0.215369	-0.00337416	0.00585806	0.00296626	0
5031.913257921	3960.829649583	0.414098	0.404289	0.215784	-0.00378942	0.00591048	0.0030058	0
5029.840174008	3957.575916696	0.412141	0.366979	0.207535	-0.0033708	0.00591294	0.00300979	0
5029.430902193	3961.197657737	0.419758	0.409461	0.197904	-0.00385479	0.00606005	0.00314055	0
5049.540579716	3953.666918159	0.42599	0.437828	0.23036	-0.00481027	0.0060659	0.0028984	0
5037.267770238	3958.556592678	0.417522	0.429396	0.214569	-0.0053167	0.005846	0.00286821	0
5048.407064773	3957.312180606	0.417385	0.330721	0.218238	-0.00416404	0.00600476	0.00294675	0
5026.66908101	3959.964913765	0.410707	0.321724	0.19235	-0.00404347	0.00574915	0.00262281	0
5045.96555987	3957.666483373	0.416796	0.356218	0.218042	-0.00410287	0.0057233	0.00283053	0
5029.711512999	3957.372002767	0.406429	0.386299	0.204645	-0.00369532	0.00587493	0.00280434	0
5038.885386543	3958.557889133	0.421748	0.414164	0.207627	-0.00407588	0.00587493	0.00290324	0
5041.36430622	3957.524984516	0.412339	0.407697	0.197267	-0.00385523	0.00587493	0.00291289	0
5031.568889286	3966.467008509	0.415095	0.45689	0.196962	-0.00432346	0.00587493	0.00292074	0
5057.856585939	3966.506643006	0.415279	0.429096	0.223524	-0.00455326	0.00587331	0.00275923	0
5034.305512764	3974.499846782	0.414213	0.384511	0.204301	-0.00476605	0.00620321	0.00271233	0
5043.408756378	3965.79285165	0.416524	0.347316	0.206906	-0.00412514	0.00632926	0.00285186	0
5040.469405909	3968.031459881	0.410832	0.332374	0.185756	-0.00434509	0.00602416	0.00277426	0
5052.201610079	3972.249755659	0.422082	0.34676	0.211873	-0.00416382	0.00632926	0.00285847	0
5048.464332285	3971.815443067	0.417046	0.351521	0.200895	-0.00403211	0.0062841	0.00302101	0
5032.296186681	3972.074178543	0.41738	0.395574	0.217632	-0.00403211	0.00618357	0.00281649	0
5031.954490529	3969.175859671	0.418298	0.413539	0.223068	-0.0045407	0.0062525	0.00254931	0
5039.532127639	3975.653692176	0.418756	0.455347	0.22337	-0.00516345	0.00603842	0.00272873	0
5056.876929711	3967.571218179	0.424822	0.373684	0.218889	-0.00444712	0.0060995	0.00300968	0
5031.102731743	3975.933911772	0.410853	0.385343	0.195916	-0.00413414	0.00629577	0.00273655	0
5043.705020303	3967.4549076	0.422977	0.378498	0.216171	-0.00359062	0.00636005	0.00291297	0
5041.683477151	3965.57560275	0.425272	0.358398	0.20895	-0.00380788	0.00608974	0.00268243	0
5034.118820677	3965.712471409	0.427453	0.401877	0.22638	-0.00428012	0.0064189	0.00256978	0
5046.241971059	3969.827976787	0.417627	0.416411	0.237079	-0.00445567	0.00608974	0.00256003	0
5045.704420018	3962.463924344	0.418757	0.407618	0.227463	-0.00522139	0.00608974	0.00257602	0
5046.484785307	3957.554802993	0.420572	0.382833	0.221563	-0.0037812	0.00591945	0.00291526	0
5043.980667925	3962.297422416	0.413858	0.355081	0.21131	-0.00366198	0.00614501	0.00262476	0
5048.430353561	3959.304277085	0.416053	0.380864	0.222434	-0.00374801	0.00620784	0.00273224	0
5047.556069554	3953.559127144	0.415798	0.376379	0.212283	-0.00372705	0.00635311	0.00272106	0
5041.976305026	3960.198831379	0.412119	0.414732	0.222346	-0.00370154	0.00613444	0.0026801	0
5046.082385594	3953.985475796	0.42192	0.444301	0.240948	-0.00413745	0.00634149	0.0025589	0
5044.854570149	3957.720564089	0.417802	0.434622	0.240497	-0.00549559	0.00625873	0.00248991	0
5047.557978471	3960.816314613	0.416039	0.382382	0.233116	-0.00451395	0.0058797	0.0025599	0
5022.102187866	3960.569247236	0.417707	0.359908	0.209972	-0.00427403	0.00599835	0.0026282	0
5051.521653827	3963.68648188	0.420786	0.362405	0.233767	-0.0039207	0.00624406	0.00248548	0
5043.171287097	3963.787420201	0.412116	0.364244	0.215684	-0.00420106	0.00627465	0.00237567	0
5046.695911532	3959.957875864	0.415987	0.386444	0.221242	-0.00424855	0.00597922	0.00241909	0
5052.83880659	3968.789515932	0.411153	0.41042	0.246017	-0.0048087	0.00618325	0.00219518	0
5057.317889549	3975.095845896	0.425128	0.416781	0.233161	-0.00558515	0.00691315	0.00241779	0
5049.028608164	3967.411383737	0.421506	0.34293	0.209436	-0.00434068	0.00621605	0.00279754	0
5041.822446312	3967.180244242	0.426535	0.373007	0.184625	-0.00454899	0.00634964	0.00267168	0
5060.472947644	3974.135727995	0.425236	0.385121	0.211908	-0.00394363	0.00605199	0.00254182	0
5054.711072429	3974.01460201	0.412017	0.374732	0.196164	-0.00431233	0.00607951	0.00263059	0
5059.541777908	3976.246357547	0.433922	0.419869	0.207161	-0.00455801	0.00636435	0.00273885	0
5075.438093725	3971.470771112	0.428127	0.432802	0.21828	-0.00488781	0.0060945	0.00283611	0
5063.706653121	3970.654189356	0.429566	0.433298	0.22449	-0.0056646	0.00581548	0.00242952	0
5062.081782931	3970.20228201	0.426554	0.349858	0.197712	-0.0045619	0.00627114	0.00295075	0
5040.706493406	3973.338037447	0.424327	0.398968	0.205612	-0.00451782	0.00615859	0.00271347	0
5056.58677432	3965.697469567	0.427663	0.385295	0.248723	-0.00446691	0.00647375	0.00268741	0
5054.777884526	3974.790993646	0.427357	0.374308	0.240653	-0.00454081	0.00657106	0.00290294	0
5065.325032994	3965.581899819	0.427011	0.389082	0.234379	-0.00444541	0.00626172	0.00303206	0
5054.798119047	3972.363658535	0.421225	0.415729	0.281398	-0.00507847	0.00665004	0.00287159	0
5062.49601793	3970.817727957	0.425956	0.391356	0.298794	-0.00487874	0.0067429	0.00293832	0
5056.9093813	3962.80674422	0.420416	0.408509	0.24936	-0.00448421	0.00630571	0.00291338	0
5042.671532614	3971.350941583	0.415074	0.427164	0.225277	-0.00459693	0.00667891	0.00280626	0
5033.330437937	3969.529792022	0.413989	0.45022	0.248731	-0.00448421	0.00631414	0.00306845	0
5037.128801077	3977.878780229	0.416744	0.441967	0.263214	-0.00495864	0.00663876	0.00303347	0
5034.539164211	3973.136160805	0.41201	0.317003	0.249034	-0.00373369	0.00622434	0.00312945	0
5038.052716927	3969.116778342	0.402478	0.395891	0.24398	-0.00366928	0.00622434	0.00285084	0
5040.131909375	3964.345822105	0.397516	0.391486	0.229364	-0.00394736	0.0059149	0.00303992	0
5028.498587107	3969.238459951	0.411043	0.398251	0.231517	-0.00369324	0.00600646	0.0031309	0
5050.514890977	3969.130298521	0.407523	0.408984	0.233644	-0.00336134	0.00592813	0.00312751	0
5044.505238329	3971.947311112	0.411727	0.404369	0.244451	-0.0038634	0.00635467	0.00285864	0
5047.878294751	3967.048561405	0.425846	0.311769	0.26299	-0.00268172	0.00730868	0.00277846	0
5039.636354509	3970.691230942	0.411344	0.39367	0.261275	-0.00251934	0.00690376	0.00273867	0
5066.951430318	3971.730988252	0.395719	0.414721	0.233293	-0.00306568	0.00700259	0.00292817	0
5057.86002199	3979.792533753	0.401566	0.393139	0.241699	-0.00332355	0.00658653	0.00262847	0
5083.674307216	3979.844206765	0.40093	0.410935	0.270793	-0.00492352	0.00683257	0.00239261	0
5084.341282832	3985.565464883	0.425892	0.36685	0.291095	-0.00492352	0.00749156	0.00303153	0
5073.744120738	3983.013670045	0.414801	0.328119	0.237134	-0.00432071	0.00660584	0.00249719	0
5067.29885322	3978.256048779	0.416848	0.352918	0.246789	-0.00349897	0.00637828	0.00247283	0
5056.647477882	3974.594673241	0.404575	0.387683	0.223489	-0.00380867	0.00650606	0.00263708	0
5059.876220175	3975.16789178	0.412586	0.417079	0.227557	-0.00349473	0.00639911	0.00271234	0
5057.493509917	3975.328096638	0.415484	0.465264	0.236442	-0.00398928	0.00684892	0.00277689	0
5061.988245996	3979.443416808	0.419095	0.509244	0.255252	-0.00447756	0.00668936	0.00257778	0
5069.889635436	3970.44638606	0.411337	0.4297	0.224896	-0.00388597	0.00681898	0.00271309	0
5050.545433649	3969.998923705	0.415209	0.396377	0.212892	-0.00301951	0.00701899	0.00273758	0
5063.86662037	3969.284021101	0.413006	0.366254	0.220222	-0.0032675	0.00689309	0.00248954	0
5044.236462809	3966.892616329	0.416584	0.387499	0.217864	-0.0033683	0.00677421	0.00254409	0
5054.46367678	3965.403915	0.413858	0.360471	0.237464	-0.00308878	0.00746835	0.00259346	0
5023.05550104	3968.457623324	0.406836	0.410962	0.218074	-0.0036779	0.00711844	0.00255065	0
5058.687346638	3961.999978483	0.414114	0.45522	0.258628	-0.00423218	0.00746836	0.00240166	0
5042.290512772	3960.719265658	0.411456	0.451904	0.238477	-0.00456601	0.00677461	0.00250677	0
5042.576086762	3959.082768402	0.41635	0.396822	0.227831	-0.00371028	0.00679443	0.00244807	0
5040.690076719	3963.35032949	0.419342	0.406633	0.209938	-0.00304139	0.007389	0.00260046	0
5042.839899098	3962.200743878	0.41668	0.396572	0.230559	-0.00357019	0.00702021	0.00249866	0
5033.555690148	3956.755075158	0.409388	0.397656	0.230349	-0.00344476	0.00687402	0.00247636	0
5023.026867284	3969.523124537	0.408905	0.451648	0.231202	-0.00432506	0.0070832	0.00247982	0
5049.996429107	3964.11023762	0.413258	0.446602	0.25242	-0.00425503	0.00738162	0.00239237	0
5042.489803711	3967.044672038	0.424492	0.403774	0.24551	-0.00484161	0.00761801	0.0023804	0
5051.531961979	3966.554241444	0.416835	0.382149	0.228496	-0.00397931	0.00714458	0.00251116	0
5032.325584003	3967.815877852	0.406835	0.356291	0.205589	-0.00364514	0.00742888	0.00229797	0
5047.574395157	3970.469351843	0.421681	0.37598	0.226842	-0.00353715	0.00741175	0.00228698	0
5041.742271796	3972.690550529	0.417933	0.380499	0.22669	-0.00353715	0.00761801	0.00229864	0
5041.279932087	3971.597823751	0.413592	0.396731	0.23212	-0.00374039	0.00713178	0.00231075	0
5059.741450631	3969.251239298	0.414093	0.41695	0.249495	-0.00433649	0.00758505	0.00232386	0
5044.213937588	3976.54917251	0.421629	0.425877	0.240296	-0.00525685	0.00758505	0.00222834	0
5048.778921814	3975.167521364	0.427016	0.373087	0.235787	-0.00430004	0.00758505	0.00235198	0
5035.934582572	3972.14955817	0.414344	0.363266	0.213739	-0.00408649	0.00733505	0.00223299	0
5049.558141753	3969.126594362	0.422687	0.372113	0.226265	-0.00355255	0.00758505	0.00231666	0
5045.072568476	3968.806369854	0.412145	0.371531	0.21993	-0.00377731	0.00765461	0.00222889	0
5036.882550778	3968.70839486	0.424272	0.402474	0.231289	-0.00404393	0.00762997	0.00230345	0
5051.661768338	3967.391566488	0.416866	0.429492	0.24719	-0.00439401	0.00762453	0.00217964	0
5039.857788887	3970.464536437	0.415582	0.438005	0.257396	-0.00548662	0.00734658	0.00200863	0
5054.683584024	3967.170243014	0.41444	0.394338	0.246001	-0.0051077	0.00719575	0.00209886	0
5033.972597631	3966.102889722	0.413903	0.367349	0.218982	-0.00450998	0.00732729	0.00208647	0
5042.109165652	3961.3673082	0.41488	0.372521	0.232896	-0.00445378	0.00726024	0.00223445	0
5035.066025316	3958.600301749	0.419663	0.367309	0.233426	-0.00417743	0.00762453	0.00220264	0
5031.407776687	3964.237290259	0.393299	0.409747	0.233439	-0.00468671	0.00762453	0.00197591	0
5045.632644737	3960.373667664	0.405097	0.401825	0.24104	-0.00421694	0.00762453	0.00193438	0
5044.098257215	3971.505404995	0.395856	0.444758	0.260091	-0.00578318	0.00729188	0.00197347	0
5050.774121912	3966.815199415	0.40076	0.391216	0.273518	-0.0057837	0.00748947	0.00204702	0
5029.756945225	3966.964106589	0.395171	0.368977	0.249083	-0.0052323	0.00762453	0.00221527	0
5051.859913928	3967.278034028	0.397614	0.382557	0.253837	-0.0046928	0.00752983	0.00190223	0
5041.747998547	3966.321064662	0.387396	0.365623	0.248186	-0.00441307	0.00736872	0.0017811	0
5040.828664097	3969.046584537	0.389327	0.402845	0.248575	-0.00483139	0.0078165	0.00192013	0
5041.501748248	3964.427684009	0.393602	0.395283	0.257534	-0.00494398	0.00761608	0.00200013	0
5045.132126688	3972.724999204	0.387656	0.44097	0.275564	-0.00605043	0.0078165	0.00172127	0
5061.420534066	3970.366561443	0.398226	0.392375	0.267875	-0.00532963	0.0078165	0.00184152	0
5032.663844104	3972.47144955	0.389051	0.380669	0.249249	-0.00514854	0.0077017	0.00167933	0
5045.20962872	3973.130974983	0.409086	0.375101	0.262311	-0.00505718	0.00756651	0.00171891	0
5056.638696863	3974.3390863	0.435765	0.395915	0.231525	-0.00467128	0.00829894	0.00206615	0
5041.678132183	3971.300935442	0.410755	0.428662	0.261756	-0.00457438	0.00756651	0.00176448	0
5044.253643063	3972.66628829	0.398003	0.438162	0.262265	-0.00493411	0.00777032	0.00198533	0
5034.841918454	3975.257902833	0.394308	0.428274	0.25546	-0.00581463	0.00736738	0.00180411	0
5050.488547921	3975.060285974	0.403324	0.348755	0.243737	-0.0046565	0.00738975	0.00195847	0
5035.399704015	3974.730801069	0.38892	0.358774	0.225046	-0.0048214	0.0075325	0.00216407	0
5060.994845564	3969.550164894	0.393887	0.38443	0.242158	-0.00442011	0.00768637	0.00196335	0
5040.865697088	3968.529484001	0.380715	0.396716	0.22973	-0.00484493	0.0075325	0.00176266	0
5057.856585939	3970.24080526	0.396856	0.414763	0.233626	-0.00482747	0.00770748	0.00171671	0
5063.030896487	3966.857797238	0.393269	0.404978	0.2289	-0.00442011	0.00822499	0.00170002	0
5050.02811713	3975.131035402	0.392519	0.471138	0.241534	-0.0049474	0.00826516	0.00108444	0
5052.184429826	3972.24790358	0.377485	0.419593	0.270603	-0.00522005	0.00826516	0.000859832	0
5049.774612946	3975.897796226	0.386426	0.393084	0.227238	-0.00471951	0.00871244	0.00105004	0
5044.075731994	3972.975955947	0.389016	0.399142	0.232376	-0.00347899	0.00871244	0.00104495	0
5038.193213222	3975.944283416	0.396659	0.369978	0.215367	-0.00360684	0.00918974	0.00135708	0
5050.809245985	3978.922241698	0.410409	0.406618	0.21012	-0.00406845	0.0102413	0.00145833	0
5038.465806576	3972.907058597	0.394693	0.421067	0.243715	-0.00406394	0.00890441	0.00117521	0
5055.104309341	3976.168940633	0.398951	0.456912	0.266916	-0.0051686	0.00928039	0.00122677	0
5038.660897898	3976.278028103	0.400864	0.415359	0.225583	-0.00463728	0.00881588	0.00126975	0
5038.212302392	3978.562938316	0.393869	0.434967	0.245918	-0.00469897	0.0089887	0.000954452	0
5055.177993539	3972.607206961	0.409268	0.399596	0.212347	-0.00405635	0.00933065	0.0010679	0
5030.763708075	3974.907119017	0.399995	0.427183	0.244204	-0.00479315	0.00946994	0.00121649	0
5057.319798466	3975.126034788	0.406209	0.41519	0.239011	-0.00463728	0.00946994	0.00140767	0
5035.211866578	3973.288957346	0.402046	0.4711	0.22331	-0.00516315	0.00921312	0.00122904	0
5044.754542896	3967.91533451	0.409	0.399929	0.203156	-0.00412408	0.00937485	0.00146507	0
5030.620539297	3968.316124467	0.402581	0.368893	0.187868	-0.00412866	0.00870775	0.00131294	0
5045.431063097	3973.820318893	0.399287	0.379955	0.203028	-0.0040532	0.00925957	0.0013571	0
5036.907748483	3966.005285144	0.396112	0.390026	0.186106	-0.0031907	0.00916762	0.00131898	0
5033.208267246	3965.060354293	0.392761	0.439098	0.189564	-0.0042325	0.00923727	0.0011896	0
5050.987157054	3968.414840293	0.397232	0.435177	0.203015	-0.00404851	0.00923727	0.00111346	0
5043.711892405	3966.128633624	0.390982	0.473442	0.204217	-0.00517311	0.00892112	0.0009888	0
5060.397736312	3972.783710117	0.398365	0.417823	0.19984	-0.00446713	0.00869278	0.000999062	0
5031.532619862	3971.91267723	0.394035	0.389611	0.162734	-0.0042914	0.00869278	0.00129891	0
5050.81879057	3966.392925338	0.390191	0.389975	0.193387	-0.00416353	0.00886173	0.00122602	0
5028.351600495	3968.493368455	0.39346	0.390464	0.179371	-0.00363228	0.00923972	0.00123881	0
5040.843171867	3972.448854182	0.401839	0.403452	0.186734	-0.00425211	0.00876497	0.0011515	0
5035.017920606	3966.337177752	0.396699	0.393022	0.176674	-0.00430097	0.00932333	0.00114122	0
5047.389993771	3976.831799809	0.404316	0.428253	0.18676	-0.0041721	0.00906238	0.00102933	0
5044.336108279	3975.533492231	0.395355	0.44733	0.223809	-0.00433885	0.00889578	0.00111817	0
5035.416120702	3978.286608087	0.40742	0.456643	0.222948	-0.00522228	0.00868684	0.00122623	0
5057.126997844	3973.048927871	0.409342	0.412777	0.208701	-0.00391089	0.00872057	0.00123439	0
5041.359343036	3974.272596654	0.411846	0.35756	0.189801	-0.00407314	0.00865916	0.00125311	0
5043.575595728	3980.508362397	0.408252	0.368909	0.210685	-0.00401656	0.00856163	0.00120599	0
5042.907856545	3968.928051463	0.402682	0.373604	0.216311	-0.00369546	0.00856163	0.000992737	0
5024.284461834	3969.934656554	0.416806	0.431899	0.199872	-0.00434634	0.00866292	0.00117277	0
5035.594795338	3962.123326964	0.408	0.392911	0.208203	-0.00416547	0.00889676	0.00118836	0
5019.168182365	3965.317793313	0.408818	0.426119	0.187837	-0.00421567	0.00876417	0.00104155	0
5034.78770521	3967.255438661	0.409893	0.43467	0.216318	-0.0042142	0.0092859	0.00114366	0
5035.54134566	3965.496518964	0.40944	0.446497	0.232966	-0.00475444	0.00882135	0.000946914	0
5022.375163004	3969.896133305	0.407498	0.449008	0.236282	-0.00559449	0.00896552	0.000806124	0
5034.709821395	3965.407063535	0.404147	0.366951	0.229289	-0.00449332	0.00919747	0.00109384	0
5017.751765916	3964.842549769	0.410411	0.372606	0.195316	-0.00471212	0.00902473	0.000922534	0
5037.222719795	3961.387125448	0.414317	0.391968	0.222311	-0.00475234	0.00903104	0.000918222	0
5018.771891186	3958.34897459	0.406654	0.378856	0.211653	-0.00457397	0.00903104	0.000735127	0
5020.531149137	3958.437874395	0.41736	0.417783	0.215091	-0.00482689	0.00903104	0.000907833	0
5030.779742978	3955.831628426	0.411377	0.420776	0.243223	-0.00528152	0.00903104	0.000912021	0
5027.977452754	3961.599929358	0.410887	0.437178	0.253002	-0.0061973	0.00916473	0.000829367	0
5039.127819008	3963.26624509	0.407434	0.383395	0.231276	-0.00530875	0.00930423	0.00098156	0
5016.506006652	3964.244698576	0.39351	0.388717	0.214032	-0.00523705	0.00900763	0.000670869	0
5039.94101767	3962.228895483	0.404439	0.405976	0.244464	-0.00463748	0.00938392	0.00078787	0
5021.912059729	3966.551648533	0.380176	0.40009	0.228074	-0.00512188	0.00889742	0.000401746	0
5043.921109713	3971.785624591	0.435073	0.420123	0.266494	-0.00539339	0.00948705	0.00115851	0
5039.276332754	3969.510900814	0.416697	0.415978	0.283363	-0.00581421	0.00888651	0.00100703	0
5034.186778124	3969.512012061	0.417816	0.415786	0.224424	-0.00576204	0.00862745	0.000845417	0
5033.336546471	3972.052694424	0.411222	0.38431	0.21583	-0.00521656	0.00863909	0.000985311	0
5037.773633255	3971.308899383	0.411418	0.406266	0.210691	-0.00555067	0.0090629	0.000985552	0
5047.273931614	3973.073930941	0.413737	0.397169	0.233511	-0.00543438	0.00881493	0.00103853	0
5028.540583282	3975.564607163	0.393292	0.391645	0.200609	-0.00521549	0.00859934	0.000738989	0
5051.241043021	3976.986078014	0.404726	0.434158	0.221293	-0.00541097	0.00904548	0.000880658	0
