4670.613353855	3559.966358882	-0.0139627	0.228714	0.00952954	-0.00271165	-0.00096926	0.00119729	1
4533.831298515	3561.639320979	-0.0121324	0.288265	-0.011093	-0.00346436	-0.00096425	0.0012343	1
4470.073122552	3564.163269575	-0.0116422	0.313313	0.0304994	-0.00343054	-0.00107407	0.00106141	1
4395.73730853	3560.658039895	-0.0130882	0.334017	0.0238739	-0.00389704	-0.00103877	0.00122034	1
4367.827680756	3561.751038405	-0.0103774	0.306125	0.00611182	-0.00406736	-0.00107329	0.00100519	1
4322.905467877	3560.94204137	-0.00982073	0.2821	0.0250968	-0.00374371	-0.00101943	0.00126177	1
4288.863799497	3559.728418578	-0.00177028	0.251347	-0.0198367	-0.00319168	-0.000699703	0.00109349	0
4279.00152218	3561.533965592	-0.0126159	0.236868	0.0083445	-0.00276229	-0.00087296	0.00102134	0
4264.84411074	3554.165959572	-0.0142739	0.245777	-0.00771378	-0.00297133	-0.00106816	0.00101771	0
4269.403215617	3559.995369785	-0.00564473	0.285598	0.0364635	-0.00237778	-0.000983445	0.00104948	0
4258.189738006	3558.071743304	-0.0114536	0.3132	0.0513787	-0.00282408	-0.000841557	0.00104822	0
4252.261284844	3559.458413591	0.000297032	0.370877	0.0510118	-0.00312173	-0.000930453	0.00129826	0
4240.696066203	3552.395022056	-0.00317517	0.39721	0.0809886	-0.00373182	-0.00134893	0.0012715	0
4254.145376098	3555.084892661	-0.00223259	0.384956	0.0657268	-0.00390153	-0.000963265	0.00113148	0
4241.295279814	3558.307393274	-0.002407	0.318586	0.0707028	-0.00406708	-0.00117528	0.00112699	0
4231.644509063	3558.284744411	-0.0101118	0.273655	0.0326282	-0.00316434	-0.00117469	0.00112403	0
4231.065093259	3559.760737742	0.00096057	0.240855	0.049506	-0.00280826	-0.00118448	0.00122557	0
4234.751774796	3551.120323677	-0.0138236	0.220574	0.0304972	-0.00275191	-0.00126856	0.00120865	0
4230.603144441	3551.41170512	-0.00902386	0.262329	0.0470806	-0.00270158	-0.000834814	0.00110025	0
4217.012940157	3552.18532921	-0.00799114	0.31789	0.0619419	-0.00329976	-0.00115907	0.00126833	0
4230.093680886	3545.40899293	-0.0139547	0.358449	0.060992	-0.00379893	-0.000899801	0.00107942	0
4218.735679287	3546.779885357	-0.0186261	0.342087	0.0720024	-0.00394082	-0.00112477	0.00102054	0
4223.089546904	3547.406419078	-0.0143233	0.315726	0.0463344	-0.00350678	-0.00102404	0.000934784	0
4227.101902358	3542.839237644	-0.0113128	0.316936	0.0693807	-0.00324649	-0.00115202	0.000819232	0
4217.60093501	3553.712473345	-0.010326	0.309797	0.0535699	-0.00318264	-0.00101471	0.000860312	0
4241.197940598	3545.86756879	-0.00617144	0.36362	0.0986503	-0.00402016	-0.00103437	0.000743182	0
4262.248618305	3556.081442642	-0.016009	0.295616	0.137906	-0.00475064	-0.000804131	0.000764055	0
4253.453112796	3559.806544432	-0.0230093	0.2889	0.0660601	-0.00373014	-0.00139231	0.000915805	0
4238.147098614	3555.475267449	-0.0314072	0.292472	0.0457931	-0.00284903	-0.00130383	0.00127016	0
4237.508949317	3555.452364105	-0.0136821	0.248982	0.0298205	-0.00233124	-0.0012438	0.000940353	0
4240.093552958	3561.459147999	-0.0143739	0.262555	0.0494655	-0.00222265	-0.00157392	0.00102474	0
4239.194732542	3561.97014707	-0.023657	0.310031	0.0386851	-0.00157611	-0.00180097	0.000747827	0
4242.76064746	3563.736249435	-0.0212125	0.328567	0.0467075	-0.00233041	-0.0015381	0.000814084	0
4242.699934186	3563.531646222	-0.0292048	0.372035	0.0368229	-0.00233099	-0.00194124	0.000711128	0
4257.72613937	3564.689028579	-0.0247895	0.416061	0.0151018	-0.00258885	-0.00155529	0.000706019	0
4237.745533105	3563.073579326	-0.0274619	0.366309	0.0354588	-0.00285862	-0.00200422	0.000754667	0
4244.064662982	3575.097071898	-0.0296506	0.260144	-0.00809584	-0.00195778	-0.00157199	0.000783261	0
4233.219424572	3566.96383968	-0.024584	0.245608	0.0253934	-0.00142965	-0.00158366	0.000800709	0
4245.028486196	3575.02454464	-0.0228194	0.254156	0.0300828	-0.00142433	-0.00149303	0.000786147	0
4234.444578832	3572.699855143	-0.0232451	0.250777	0.0406289	-0.00131084	-0.00145182	0.000870865	0
4224.55689433	3569.425185801	-0.0164736	0.283229	0.018419	-0.00150876	-0.00164915	0.000834145	0
4219.93806607	3557.505521725	-0.0105405	0.34509	0.0443701	-0.00187311	-0.00168522	0.000852549	0
4216.913291197	3563.246117857	-0.0223297	0.36516	0.0127188	-0.00263632	-0.00186983	0.000908987	0
4228.094432391	3564.182101214	-0.0217806	0.352979	0.0305994	-0.0022332	-0.00159234	0.00100869	0
4214.778427728	3556.988160614	-0.0237287	0.300591	0.0240638	-0.00180933	-0.00158544	0.00118858	0
4220.838536303	3556.282737594	-0.0211541	0.267432	-0.00225436	-0.00162607	-0.00146047	0.000909776	0
4215.015671442	3565.652241468	-0.0237366	0.28489	0.0401179	-0.00168409	-0.00171281	0.000928658	0
4204.559129967	3556.072790267	-0.0174586	0.263819	0.0278357	-0.00158514	-0.0014758	0.00113942	0
4218.59313508	3559.785931421	-0.0168394	0.271593	0.055517	-0.00136808	-0.00174623	0.000792173	0
4203.044927732	3553.514486653	-0.00883944	0.295948	0.0364434	-0.00194961	-0.00134864	0.000768045	0
4216.133917547	3552.470603094	-0.0127975	0.320688	0.0468555	-0.00210597	-0.00180302	0.00102185	0
4217.330364988	3555.369148619	-0.0163931	0.362004	0.0337292	-0.00267999	-0.00134269	0.000962495	0
4224.066898619	3551.560067898	-0.0170699	0.326789	0.0507226	-0.0026063	-0.00145742	0.000917206	0
4219.773084349	3549.786076602	-0.0136646	0.279747	0.00122744	-0.00259958	-0.00151734	0.000926863	0
4215.154586052	3551.516297061	-0.00795183	0.287716	0.0302304	-0.00206263	-0.00161212	0.00092196	0
4224.928433166	3558.88252171	-0.0161138	0.265189	0.0310826	-0.00184563	-0.0014925	0.000923565	0
4224.213732351	3553.111387785	-0.0103632	0.258013	0.0329101	-0.00155211	-0.0013379	0.000801829	0
4225.97375735	3553.162029625	-0.0179618	0.294292	0.0565533	-0.00183394	-0.00187176	0.000937804	0
4229.752828651	3549.582745797	-0.0157827	0.326555	0.039937	-0.00208913	-0.00160173	0.000854704	0
4226.328798013	3546.88473178	-0.0183362	0.389852	0.0560532	-0.00287366	-0.00170823	0.000880637	0
4230.033957503	3552.562470955	-0.00753816	0.336166	0.0469183	-0.00316236	-0.00175679	0.000800533	0
4222.46129651	3553.611444146	-0.0128074	0.283249	0.0368515	-0.00218013	-0.00186918	0.000809369	0
4228.295710091	3556.575136963	-0.023844	0.286045	-0.00226633	-0.00177345	-0.00163542	0.000964293	0
4224.407750854	3554.63064299	-0.0184846	0.251562	0.035554	-0.00135411	-0.00174963	0.000931017	0
4224.695149012	3554.877744632	-0.0204466	0.246542	0.0212132	-0.00160672	-0.00174845	0.000672362	0
4224.067228582	3561.325799636	-0.0172043	0.284974	0.0334794	-0.00143302	-0.00150953	0.00100475	0
4225.659632153	3557.009028106	-0.0281714	0.319103	0.0332171	-0.0016916	-0.00197286	0.000891651	0
4231.928607587	3560.632337252	-0.020252	0.356393	0.0170281	-0.00209235	-0.00155828	0.00107774	0
4226.47893138	3558.609971907	-0.0269166	0.362566	0.0409006	-0.00251784	-0.00193547	0.000967504	0
4230.716321901	3560.457253905	-0.01709	0.292735	0.00250764	-0.00203771	-0.00166373	0.00083251	0
4232.746256996	3566.962058309	-0.0184242	0.276327	0.0371053	-0.00167963	-0.00182433	0.00111673	0
4233.208535778	3567.88124588	-0.00838255	0.270952	0.0395685	-0.00174006	-0.00143445	0.00111615	0
4232.039475303	3569.826248816	-0.0136432	0.27302	0.0474114	-0.00193827	-0.00180207	0.00108594	0
4223.862981212	3565.662929696	-0.0163177	0.287333	0.0302434	-0.00183796	-0.00173765	0.000934095	0
4226.43867584	3570.700647624	-0.019697	0.321152	0.0387993	-0.00202749	-0.00207365	0.000830392	0
4235.449317513	3567.159536037	-0.0303631	0.331445	-0.00859895	-0.00222715	-0.00203906	0.000758927	0
4224.175126628	3569.584745769	-0.0329824	0.288274	0.0371468	-0.00176973	-0.00189644	0.00100292	0
4222.186766927	3566.17291084	-0.025635	0.257002	0.0172838	-0.00221415	-0.00207874	0.000672821	0
4231.018568414	3561.619471413	-0.00780344	0.282007	0.0403523	-0.00209513	-0.00192927	0.000759289	0
4241.577068593	3569.67025159	-0.0238551	0.306332	0.0474418	-0.00263925	-0.00152718	0.000655857	0
4249.943621628	3569.590853328	-0.0208438	0.313669	0.0947379	-0.00443937	-0.000902327	0.000186139	0
4238.006864151	3559.985953966	-0.00519015	0.29157	0.168007	-0.00518778	-0.000833309	0.000284639	0
4243.864705136	3556.05268622	0.00615316	0.392548	0.118193	-0.00509099	-0.000305692	0.000809667	0
4244.901780234	3558.936471811	0.0118991	0.387762	0.127176	-0.0032604	-0.00095484	0.00172186	0
4227.122690055	3550.603217048	0.00477909	0.312189	0.0935065	-0.00356064	-0.000656679	0.00139054	0
4238.296572053	3548.79716107	-0.00508533	0.312181	0.102927	-0.00445526	-0.000961216	0.00134042	0
4234.917746408	3554.258845359	-0.0084385	0.280536	0.112451	-0.00413157	-0.00129763	0.00121865	0
4226.630384599	3550.878311667	0.00744322	0.278109	0.0851309	-0.00326099	-0.001169	0.00110871	0
4232.28166847	3548.400933205	-0.00344785	0.300117	0.0654139	-0.00253134	-0.00127973	0.000951355	0
4228.144256871	3555.240635406	7.84163e-05	0.360238	0.0505405	-0.00262724	-0.00126177	0.000980295	0
4229.935298434	3549.858603861	0.00818985	0.362257	0.0787463	-0.00285661	-0.00120194	0.00127485	0
4233.36691823	3553.09001133	-0.0071465	0.320708	0.0442368	-0.00295739	-0.00111998	0.00112575	0
4238.491250484	3559.943201056	-0.00396802	0.311697	0.0167328	-0.00207469	-0.000862567	0.00109995	0
4228.074964548	3554.001564453	-0.0127898	0.291523	0.0402865	-0.00221402	-0.00135532	0.00125651	0
4234.67060379	3556.976963423	-0.00540056	0.259642	0.0278307	-0.00182814	-0.000883845	0.00112291	0
4228.263373674	3558.600556087	-0.00473582	0.278288	0.0553344	-0.00177127	-0.00136735	0.001106	0
4225.271925109	3557.257402156	0.00357485	0.293341	0.0387715	-0.00185016	-0.00100528	0.00114746	0
4223.025863959	3556.560631511	-0.00512381	0.31388	0.0453765	-0.00207318	-0.00135752	0.00106007	0
4235.242760398	3559.60855774	-0.000431442	0.371623	0.00980973	-0.00160891	-0.00116235	0.00116229	0
4235.225932262	3560.68577839	-0.00806948	0.330968	0.0358839	-0.00224691	-0.00148161	0.00131965	0
4234.939194031	3561.600385292	-0.00727182	0.300256	-0.00169212	-0.00232608	-0.00131436	0.0010124	0
4230.020429002	3555.858771234	-0.0110513	0.270688	0.030729	-0.0015311	-0.00126679	0.00134431	0
4229.338064604	3556.37384201	-0.0104025	0.264103	0.0293563	-0.00189141	-0.00134604	0.000879782	0
4230.200919005	3556.042761437	0.00157007	0.290713	0.0351879	-0.00190786	-0.00111592	0.00103163	0
4222.255399322	3555.429715241	-0.00667851	0.331997	0.0337126	-0.00225473	-0.00119863	0.000928086	0
4248.520489302	3546.92264954	-0.0031771	0.335418	0.0274703	-0.00206591	-0.00111186	0.00103706	0
4231.396046592	3553.573780868	-0.00667033	0.313963	0.0466144	-0.00225335	-0.00129471	0.00101425	0
4245.541579348	3553.76540552	0.000254069	0.275212	0.0144464	-0.00170687	-0.000803218	0.00096964	0
4235.053691346	3550.955674077	-0.00401166	0.256504	0.0279731	-0.00126477	-0.00113968	0.00109211	0
4229.392838536	3554.30490653	-0.0075533	0.280798	0.0260496	-0.00138899	-0.00109534	0.000945453	0
4235.269157473	3554.973684198	-0.00994729	0.285684	0.0354535	-0.00133031	-0.00123435	0.000914258	0
4241.654280039	3556.920722988	-0.00533333	0.286901	0.00563126	-0.00126357	-0.000705821	0.001102	0
4248.343628898	3566.894875164	-0.0324657	0.275072	-0.011787	-0.000719156	-0.000640533	0.00178043	0
4259.762013807	3571.979417709	-0.0537093	0.270341	-0.0763823	-0.00114931	-0.000128844	0.00192053	0
4252.798465327	3572.473875475	-0.0243176	0.313101	-0.131334	-0.00233584	0.000632221	0.00222724	0
4225.748062356	3554.230088937	-0.0521488	0.351263	-0.0732159	-0.00255013	1.42631e-05	0.0014719	0
4242.527033343	3561.776232084	-0.0301575	0.287511	-0.0221484	-0.00332795	0.000545716	0.000739929	0
4233.733177651	3562.269417442	-0.0217937	0.380728	0.0124521	-0.00246268	0.000136295	0.000925804	0
4232.31334496	3564.762319282	-0.0172128	0.29353	-0.00137182	-0.00372359	0.000313319	0.00144941	0
4242.414515809	3561.493757498	-0.0161483	0.241828	0.0321461	-0.00245282	-0.000252804	0.0010722	0
4258.732197904	3571.236585892	-0.0106727	0.217048	0.0175473	-0.00243393	-0.000434663	0.000896796	0
4250.128071192	3567.201779984	-0.00220488	0.246062	0.0616721	-0.00206753	-0.000660399	0.000887696	0
4244.588974891	3554.742105934	-0.0108973	0.291236	0.0449959	-0.00207588	-0.00082509	0.000897389	0
4241.206189685	3553.348055681	-0.00727931	0.341113	0.0503903	-0.00151625	-0.000621371	0.000896993	0
4244.506154068	3547.106639743	-0.0203673	0.386027	0.0254429	-0.00182095	-0.000717058	0.000703283	0
4247.127713614	3556.334651842	-0.00970125	0.392221	0.0291483	-0.00223444	-0.000732914	0.000667526	0
4238.797786522	3553.816301841	-0.010428	0.329223	0.0237688	-0.0017871	-0.00103684	0.000955	0
4246.490884171	3552.901440458	-0.0127589	0.281416	0.0112417	-0.00129877	-0.000630372	0.00069549	0
4241.318377255	3555.805839059	-0.00659755	0.270232	0.0377318	-0.00122511	-0.000904029	0.000767542	0
4246.085689064	3549.975410919	-0.00653034	0.284788	0.025014	-0.00129123	-0.000687349	0.000697116	0
4240.326177185	3550.91826528	-0.00831239	0.250225	0.0646473	-0.00144077	-0.000628735	0.000637655	0
4235.7951192	3549.698789411	-0.00805132	0.317131	0.0236438	-0.00116775	-0.000901773	0.000496746	0
4237.939881573	3552.958189856	-0.0144487	0.344456	0.0347054	-0.00186896	-0.00110599	0.000766627	0
4238.334847813	3551.798517165	-0.0221329	0.371586	0.0315014	-0.00243119	-0.00135775	0.00055301	0
4241.023719901	3550.556646914	-0.019977	0.285711	0.0304811	-0.00182462	-0.00112509	0.000598091	0
4248.982438121	3558.068435043	-0.0205222	0.27811	0.0164968	-0.00154122	-0.00109924	0.000625984	0
4248.682501352	3556.8942569	-0.00670707	0.29149	0.0138251	-0.000689012	-0.000761519	0.000571896	0
4243.217316863	3560.89928846	-0.0123622	0.297299	0.0535963	-0.00140228	-0.00094391	0.000964188	0
4251.310000241	3557.94602939	-0.00214239	0.294616	0.0323597	-0.00115448	-0.000659802	0.000756483	0
4237.452855532	3554.708768844	-0.00557024	0.347455	0.0547357	-0.00186543	-0.000939829	0.000756483	0
4239.098053254	3556.677693051	-0.0115265	0.354925	0.028341	-0.00210544	-0.00108092	0.000498951	0
4238.446705419	3559.70347938	-0.0199847	0.368489	0.0351534	-0.00253753	-0.00106654	0.000571355	0
4241.227967272	3560.866969296	-0.0138119	0.302782	0.0150302	-0.00204294	-0.000894622	0.000566736	0
4240.167134806	3555.705064342	-0.0159919	0.265034	0.028181	-0.00145257	-0.000998385	0.000644918	0
4242.766256838	3560.374801864	-0.0175779	0.254946	-0.0119347	-0.00148278	-0.000831862	0.000484457	0
4243.931027788	3565.137934137	-0.0181138	0.255105	0.0330901	-0.00135058	-0.00102013	0.000584016	0
4236.657313674	3563.128292872	-0.0207656	0.275823	0.0284846	-0.00182036	-0.00110234	0.000611605	0
4240.075404969	3560.990647358	-0.0021767	0.300981	0.02247	-0.00078338	-0.00103973	0.000756484	0
4236.602209779	3557.340617642	-0.0152984	0.352282	0.00174463	-0.0018032	-0.00104289	0.00083793	0
4248.216263009	3563.642854685	-0.0135014	0.3893	0.0306639	-0.00218036	-0.000613859	0.000756485	0
4233.728558163	3558.718381072	-0.0143666	0.351345	0.0350762	-0.00251051	-0.00108923	0.000590623	0
4251.787127378	3560.334084807	-0.0172884	0.284301	0.00461518	-0.00166798	-0.00102978	0.00050008	0
4230.248433741	3567.482982162	-0.0144308	0.26337	0.0394841	-0.00165202	-0.000989486	0.0007614	0
4229.388549011	3563.698077194	-0.00720378	0.254026	0.0081952	-0.00161668	-0.000723142	0.000529747	0
4226.445935035	3559.686429112	-0.00617405	0.267883	0.0362835	-0.00150365	-0.000912173	0.000583172	0
4232.8482157	3551.295661506	-0.0043521	0.314048	0.0494068	-0.00201761	-0.000902787	0.000386949	0
4232.066202342	3556.496756627	-0.0143876	0.300925	0.0431437	-0.00188586	-0.00111126	0.000462887	0
4227.144467642	3551.967492953	-0.0188087	0.371494	0.0303985	-0.00291358	-0.00113985	0.000756485	0
4235.186006686	3551.225679064	-0.0101845	0.3754	0.0436261	-0.00266098	-0.00115505	0.000586864	0
4237.929982669	3551.386256959	-0.0162767	0.307408	0.02149	-0.00284939	-0.0011929	0.000593873	0
4239.063077129	3549.241740441	-0.012257	0.304389	0.0168424	-0.00244724	-0.00091023	0.000756485	0
4250.89193656	3560.58296782	-0.0048916	0.279122	0.0417601	-0.00224067	-0.00126981	0.000461715	0
4254.740300183	3553.337112972	-0.0124251	0.265471	0.0306495	-0.00173546	-0.00086545	0.000453356	0
4243.668706852	3557.889534472	-0.0105649	0.309724	0.0663259	-0.00225656	-0.000998913	0.000624347	0
4239.820013265	3556.71382944	-0.00593031	0.338997	0.0197132	-0.00106899	-0.000886252	0.000419287	0
4247.423690821	3553.151850361	-0.0142159	0.383941	0.0334955	-0.00242993	-0.00131669	0.000568933	0
4247.902467776	3557.417216606	-0.0180292	0.405336	0.0113615	-0.00295061	-0.00112182	0.000254237	0
4236.536877017	3550.660984374	-0.020863	0.315342	0.0206311	-0.00229784	-0.00124861	0.000594121	0
4247.776421741	3560.796223408	-0.0211061	0.274644	-0.0119309	-0.00221981	-0.00130982	0.000467909	0
4240.986763996	3561.831454593	-0.00838518	0.273011	0.0297384	-0.00169082	-0.00108058	0.000556323	0
4239.488400006	3559.61644667	-0.0121565	0.264412	0.047749	-0.00205675	-0.00102027	0.000569854	0
4232.790802061	3553.787290938	-0.00914596	0.322832	0.0408149	-0.00161553	-0.00110957	0.000485944	0
4224.226930888	3557.496105905	-0.0125233	0.348293	0.0366382	-0.00222422	-0.00149474	0.000503325	0
4248.239690413	3560.674835681	-0.0146744	0.370351	0.0207492	-0.00281354	-0.00112447	0.000483722	0
4234.840864926	3553.752426958	-0.0177172	0.365169	0.0374291	-0.00288737	-0.00116982	0.000865537	0
4229.940577849	3557.509847912	-0.0149832	0.289884	0.0122126	-0.00226976	-0.00095709	0.000532006	0
4232.277708909	3558.008377384	-0.0205032	0.261859	0.0333292	-0.00176644	-0.00148942	0.000519071	0
4236.238260102	3565.9230099	-0.0179628	0.28401	0.0137931	-0.00179407	-0.00142132	0.000401505	0
4239.074625849	3561.892530179	-0.0138999	0.278264	0.0466273	-0.00170127	-0.00137381	0.000563788	0
4232.171790644	3558.515050267	-0.0184573	0.283214	0.0378187	-0.00206454	-0.00148359	0.000341111	0
4239.633913884	3561.23469522	-0.0176016	0.367166	0.040317	-0.00238425	-0.00132084	0.000406214	0
4240.15987561	3560.960109565	-0.0292578	0.353571	0.0346745	-0.00243715	-0.00160541	0.00032553	0
4258.013207564	3560.888091269	-0.0352565	0.313202	0.0251034	-0.00186094	-0.00113911	-0.000110644	0
4260.498162246	3577.148193666	-0.0150189	0.308215	0.0405789	-0.00232731	-0.000917927	0.00032553	0
4301.045059884	3587.101732832	-0.0118719	0.236674	-0.071667	-0.00267203	-0.000836076	0.00120791	0
4263.810665239	3578.773822183	-0.0373175	0.335493	-0.0497354	-0.00216323	-0.00106649	0.000846358	0
4244.24944251	3556.081697123	-0.0267793	0.403398	0.00157165	-0.00132028	-0.000939695	0.00107691	0
4237.910184863	3559.737834397	-0.0335097	0.281405	0.0216294	-0.00125935	-0.00121314	0.00093992	0
4233.187418118	3553.834624517	-0.0328983	0.312928	0.0111212	-0.00259369	-0.000964884	0.000952346	0
4228.135017895	3554.416878438	-0.0280696	0.346085	0.0153355	-0.00218791	-0.000472311	0.00127438	0
4238.502139278	3546.635848767	-0.0274352	0.286223	0.0230948	-0.00262886	-0.000835315	0.00112189	0
4237.163477594	3551.312457292	-0.0165107	0.245885	0.0105096	-0.00212249	-0.00109507	0.000772255	0
4232.560487578	3552.567306105	-0.0229041	0.259104	0.0353696	-0.00131282	-0.00138598	0.000722385	0
4245.473936843	3556.893238974	-0.0269852	0.276859	0.0386466	-0.00134356	-0.000904353	0.00115041	0
4252.309459506	3550.850827654	-0.0290045	0.292585	0.0439251	-0.00111804	-0.000835059	0.000951223	0
4233.641117851	3550.421008216	-0.0316283	0.318569	0.0334032	-0.00126717	-0.000922302	0.00102671	0
4247.437549286	3550.416682029	-0.0239815	0.380704	0.0511899	-0.00123423	-0.0010506	0.000959563	0
4239.494999275	3559.879835135	-0.0302006	0.367548	0.0159894	-0.00110704	-0.00114191	0.000877229	0
4241.152735607	3559.311577703	-0.0168646	0.333555	0.0214411	-0.000939723	-0.00102809	0.000920439	0
4226.59111895	3567.322658749	-0.0192339	0.307741	0.0317004	-0.000798084	-0.00111828	0.000750754	0
4226.020282195	3558.155976717	-0.0140148	0.27609	0.0411201	-0.000570619	-0.00126263	0.000845684	0
4221.650906297	3562.986546616	-0.0173167	0.251641	0.0547787	-0.000830265	-0.00131364	0.000867962	0
4237.327139461	3565.434150729	-0.00467411	0.238043	0.0537019	4.75352e-05	-0.00141372	0.000635023	0
4223.517839451	3560.59238364	-0.00946532	0.261193	0.0582995	-0.000672859	-0.00136701	0.000745556	0
4229.180342079	3560.846356285	-0.00347229	0.261229	0.0890804	-0.000558201	-0.00132414	0.000662744	0
4214.133019235	3553.742247693	-0.0110003	0.301141	0.0544928	-0.00122725	-0.00170833	0.000543141	0
4216.863796681	3558.94105248	-0.00398583	0.339868	0.0585948	-0.000151014	-0.00137958	0.000521854	0
4204.938917888	3557.680096108	-0.00909407	0.319814	0.0351442	-0.00115697	-0.00159025	0.000771512	0
4211.162358367	3555.737129025	-0.000805054	0.322017	0.058677	-0.000572558	-0.00136292	0.000776316	0
4192.090801385	3556.735460376	-0.0014531	0.296519	0.073784	-0.000735222	-0.00130076	0.000691815	0
4200.078886352	3561.278720539	0.000519692	0.287906	0.0554179	-0.000892054	-0.00125514	0.000967315	0
4190.745210469	3559.877035837	0.00433936	0.330734	0.0778079	-0.00168298	-0.00143797	0.000985383	0
4194.584335116	3561.3263086	0.00264656	0.284058	0.0440414	-0.00146029	-0.00128611	0.000924451	0
4187.728684683	3563.131346651	0.0061614	0.300108	0.0790811	-0.00132436	-0.00142391	0.000777901	0
4185.822485879	3562.554945807	0.000542154	0.331897	0.0467578	-0.00136088	-0.00130602	0.000771346	0
4192.644810005	3554.256555025	-0.000539297	0.314049	0.0709429	-0.00163877	-0.00145058	0.000537479	0
4199.764431192	3560.787571034	-0.00789354	0.344576	0.0620463	-0.00168293	-0.00143027	0.000492515	0
4197.283106108	3551.416031307	-0.00771514	0.274609	0.0793502	-0.00136649	-0.00142945	0.000486471	0
4201.145328196	3558.235883942	-0.0150744	0.273293	0.0625299	-0.00154144	-0.0016028	0.00030317	0
4200.599898627	3550.797895479	-0.00504247	0.267473	0.0864248	-0.00129053	-0.00124563	0.000473105	0
4208.277158031	3555.008548179	-0.00484923	0.273601	0.0752922	-0.0013113	-0.00126881	0.000233826	0
4218.671666379	3548.499926551	0.0114988	0.2974	0.0792859	-0.000960637	-0.000323849	0.000754494	0
4202.218699273	3537.228681615	-0.0134736	0.33978	0.130701	-0.00252835	-0.000955942	0.000436157	0
4226.384561835	3546.682673383	0.00299764	0.357946	0.116799	-0.00237595	-0.00038352	0.000797601	0
4199.835373332	3543.679790398	0.00686808	0.400331	0.13776	-0.0035969	-0.000788908	0.000876752	0
4211.459655428	3548.025572832	0.0103484	0.303392	0.0957893	-0.00284144	-0.000788425	0.000784999	0
4211.718016804	3541.489467191	0.00708857	0.279172	0.125957	-0.00253324	-0.000757516	0.000726768	0
4223.407961625	3555.112885638	0.00869101	0.282344	0.118329	-0.00203049	-0.000896883	0.000578857	0
4225.09275496	3550.569116513	0.00950107	0.285536	0.138917	-0.00182603	-0.000995651	0.000576347	0
4225.414799279	3552.418179883	0.00926032	0.282546	0.134311	-0.00211162	-0.000518717	0.000473328	0
4226.258845764	3553.35110946	0.0150096	0.313338	0.136384	-0.00171893	-0.000633236	0.000536328	0
4228.233676964	3547.249658407	0.00852567	0.336793	0.134212	-0.0018664	-0.000741646	0.000623951	0
4244.056413896	3554.507219409	0.0162615	0.36076	0.102429	-0.00245234	-0.000693352	0.000618377	0
4236.298643412	3549.345059974	0.00676571	0.337303	0.119716	-0.00220228	-0.00098237	0.000658229	0
4236.600559962	3549.61964563	0.0133049	0.290012	0.101048	-0.00175072	-0.000782371	0.000703462	0
4234.531359217	3554.945182258	0.0188287	0.29163	0.153844	-0.00189563	-0.000676307	0.000673729	0
4229.793414154	3552.818733935	0.0143913	0.295076	0.132887	-0.00179516	-0.000570365	0.000653578	0
4225.976727021	3551.77714071	0.0240227	0.29089	0.148615	-0.00188592	-0.000665677	0.000610483	0
4218.302107324	3551.770524188	0.0111974	0.327282	0.128854	-0.00211205	-0.000574412	0.000558786	0
4223.759042727	3555.572733906	0.0122923	0.321167	0.127886	-0.00203465	-0.000875823	0.000919524	0
4226.411948801	3557.292520618	0.0136917	0.347263	0.125705	-0.00235932	-0.000616348	0.000568888	0
4224.056999716	3549.067675021	0.0133211	0.292009	0.131858	-0.00211617	-0.000676184	0.000724066	0
4226.626425038	3558.241482537	0.0111915	0.289756	0.115689	-0.00192391	-0.000518294	0.000996505	0
4229.3146372	3554.788421587	0.0126041	0.285365	0.149438	-0.00198605	-0.000690959	0.000681922	0
4244.292667721	3556.227515085	0.0110442	0.286753	0.146921	-0.0025843	-0.000811409	0.000821039	0
4237.710227017	3548.311101198	0.0177546	0.31914	0.165946	-0.00222907	-0.000680404	0.000994783	0
4233.404864026	3551.118542306	0.00878433	0.340807	0.156695	-0.00256638	-0.000901921	0.000758333	0
4244.527601691	3551.626233116	0.00684091	0.366953	0.128458	-0.00262349	-0.000916905	0.000711742	0
4236.454056193	3551.318055888	0.0129314	0.336043	0.164794	-0.00328999	-0.000747162	0.000800733	0
4232.583914983	3555.689795446	0.0176863	0.287607	0.14048	-0.00304022	-0.000757337	0.000761218	0
4241.936068818	3554.94543674	0.0173975	0.257712	0.170792	-0.00269357	-0.000977067	0.0009686	0
4248.587801845	3558.366941971	0.010564	0.304754	0.174502	-0.00300961	-0.000872846	0.000809685	0
4241.43683413	3553.253388523	0.0136941	0.297019	0.187514	-0.00295499	-0.000749065	0.000988128	0
4237.575601933	3551.576863684	0.016161	0.310762	0.157624	-0.00281856	-0.000854099	0.000902933	0
4247.050502169	3556.234895052	0.0169712	0.350168	0.170719	-0.00302486	-0.00104497	0.000870779	0
4247.082508622	3555.413173937	0.0146926	0.346604	0.13991	-0.00370541	-0.000744288	0.000902416	0
4250.350796515	3558.601319532	0.0217438	0.35028	0.149117	-0.0033583	-0.00090985	0.00102157	0
4245.457768634	3557.120745532	0.0192706	0.303435	0.161426	-0.00293176	-0.000918005	0.0010026	0
4254.738320403	3559.309032886	0.0216698	0.280142	0.146648	-0.00303808	-0.000943664	0.00104416	0
4249.582311659	3563.120912905	0.018838	0.304613	0.194626	-0.00329561	-0.000873993	0.00131585	0
4249.85849106	3554.305669975	0.0142223	0.284467	0.156456	-0.00190582	-0.000941115	0.00101816	0
4237.914474388	3559.240322852	0.0207844	0.335388	0.201271	-0.00308591	-0.000971839	0.00113699	0
4238.241468159	3551.765180074	0.0230661	0.333695	0.175538	-0.00312399	-0.000775517	0.00106608	0
4240.297800329	3551.416285789	0.0182611	0.384402	0.183755	-0.00429283	-0.000844769	0.00112903	0
4243.038476678	3546.730261444	0.0324937	0.400373	0.127385	-0.00315897	-0.000708569	0.00111264	0
4240.280972193	3547.406419078	0.0211751	0.335013	0.160366	-0.00400755	-0.0011229	0.00123053	0
4246.859123372	3549.698025966	0.0171401	0.32623	0.15973	-0.00371663	-0.000857855	0.000945365	0
4241.267892848	3550.969925047	0.0237124	0.296633	0.167403	-0.00338862	-0.00107187	0.00124466	0
4244.637479517	3547.880772797	0.0244988	0.280101	0.167461	-0.00363269	-0.000550716	0.00116188	0
4239.873137379	3552.883372263	0.025263	0.295312	0.182698	-0.00324143	-0.000955872	0.00103314	0
4242.363701439	3543.537535179	0.0245044	0.338429	0.182218	-0.0034461	-0.000884066	0.00087878	0
4251.380612417	3549.495713087	0.023481	0.378863	0.141346	-0.00407273	-0.0010485	0.000953494	0
4249.949890933	3547.154227804	0.0220658	0.402944	0.15708	-0.00437991	-0.000956129	0.000862457	0
4244.44313105	3543.570617788	0.0197766	0.317943	0.133837	-0.00396798	-0.000816115	0.00109503	0
4245.815119042	3548.395589092	0.0237412	0.326095	0.154631	-0.00300847	-0.000839406	0.00100838	0
4239.20793108	3551.955532318	0.0325334	0.318028	0.161365	-0.00360921	-0.000513563	0.000992726	0
4242.816081318	3555.912721335	0.0275533	0.291074	0.175999	-0.00337878	-0.000642565	0.00111017	0
4243.852826452	3558.634911105	0.0354343	0.314569	0.163273	-0.00339117	-0.000681035	0.00113527	0
4245.559067411	3558.966755123	0.0293533	0.341396	0.158351	-0.00315447	-0.00079688	0.0011425	0
4246.920496572	3556.437462412	0.0221721	0.376976	0.14261	-0.00377508	-0.000870965	0.00108185	0
4259.166429794	3558.870815556	0.0222759	0.380713	0.152469	-0.00430931	-0.000682787	0.0012589	0
4250.398641214	3565.249651563	0.0217825	0.312139	0.162028	-0.00431137	-0.000725659	0.000895062	0
4256.735589117	3564.808634935	0.0245244	0.323068	0.144017	-0.00381638	-0.000359741	0.00101926	0
4254.717862669	3562.128943594	0.0225075	0.319892	0.182801	-0.00399749	-0.000754611	0.00104608	0
4257.694792843	3561.039762308	0.0227478	0.289019	0.14526	-0.00371858	-0.00081823	0.000882207	0
4260.869371118	3564.237832686	0.0276698	0.322593	0.194258	-0.00355401	-0.000806267	0.00108189	0
4255.641760307	3560.411701698	0.0311934	0.333417	0.166216	-0.00365501	-0.000481455	0.00111632	0
4254.637351589	3561.222989066	0.0259937	0.377729	0.171237	-0.00404114	-0.000635832	0.00108698	0
4260.285665789	3559.464775631	0.0326291	0.414582	0.146186	-0.00445981	-0.000683637	0.00106673	0
4259.410932704	3549.971339214	0.0225767	0.343355	0.160172	-0.00427696	-0.0010106	0.00111139	0
4256.769245388	3551.763398703	0.0252972	0.339658	0.147075	-0.00399446	-0.000994161	0.00121914	0
4252.64536229	3555.720842202	0.0229093	0.297855	0.160572	-0.00409509	-0.00116391	0.00141342	0
4248.433378954	3554.116081177	0.0169654	0.302109	0.148728	-0.00439196	-0.000713446	0.00120865	0
4253.895593772	3551.817857767	0.0253304	0.334397	0.172048	-0.00441862	-0.00116509	0.00121901	0
4251.767329571	3553.439923542	0.0230568	0.348968	0.163259	-0.00411884	-0.00088749	0.0009258	0
4249.825164752	3545.308218213	0.0402721	0.38113	0.166586	-0.00440379	-0.000743689	0.00113727	0
4253.804523862	3548.10420765	0.0292287	0.393827	0.181602	-0.00478724	-0.000839344	0.00116693	0
4258.129024732	3548.15484949	0.0247391	0.384508	0.167698	-0.00508947	-0.000731538	0.00111757	0
4260.238151053	3540.867259658	0.0252495	0.367885	0.192568	-0.00539932	-0.00101426	0.00117349	0
4251.764689864	3551.084696252	0.0250674	0.300424	0.152845	-0.0046181	-0.000682438	0.00113213	0
4259.338010784	3543.087357213	0.0307661	0.284219	0.181667	-0.00446929	-0.000806719	0.00143066	0
4252.039879374	3550.075931155	0.028445	0.305144	0.191804	-0.00448462	-0.000684002	0.00107401	0
4258.946674141	3551.40865134	0.0273802	0.306792	0.200003	-0.00472893	-0.000955144	0.00113305	0
4248.065799679	3548.444958524	0.0321984	0.341998	0.151641	-0.00364553	-0.00142748	0.0010496	0
4255.124047666	3552.832730423	0.028281	0.387955	0.189513	-0.00483566	-0.00106474	0.00118763	0
4255.128667155	3551.773323486	0.0292423	0.384371	0.196988	-0.00589039	-0.00071657	0.00106175	0
4266.816632196	3548.600446787	0.0282527	0.380379	0.178051	-0.00581248	-0.00100925	0.00116316	0
4248.480563726	3553.348819126	0.0168637	0.341676	0.196051	-0.00544403	-0.000855095	0.0013236	0
4252.63480346	3552.301118342	0.0328668	0.314364	0.169288	-0.00459949	-0.000631611	0.00110024	0
4260.18700672	3561.25352686	0.0312371	0.307513	0.193962	-0.00483024	-0.000564164	0.00147202	0
4248.37266568	3561.046887793	0.0333432	0.335849	0.179591	-0.00484983	-0.000725486	0.00115476	0
4251.264795249	3558.702348731	0.0297069	0.350391	0.180219	-0.00449508	-0.000925801	0.00120835	0
4244.466558455	3555.612178555	0.0249087	0.396897	0.174612	-0.00562105	-0.000956015	0.00107751	0
4260.166219023	3564.587490417	0.0232088	0.376169	0.171534	-0.00531165	-0.00107762	0.00110512	0
4264.530315506	3560.241453501	0.0239166	0.313878	0.168822	-0.00585676	-0.000938407	0.00119835	0
4258.60813165	3561.089640703	0.0297221	0.323999	0.163287	-0.00501736	-0.000834005	0.00110335	0
4270.258810822	3565.804675952	0.0251503	0.314462	0.21448	-0.00505099	-0.000708935	0.00121985	0
4268.349642347	3562.902313203	0.0415061	0.297936	0.190695	-0.00485955	-0.00107167	0.00104922	0
4269.975042262	3558.218070229	0.0317387	0.359172	0.227043	-0.00508248	-0.00105956	0.00100821	0
4258.620340297	3553.953212947	0.0373085	0.398841	0.205461	-0.00563066	-0.000701508	0.000936709	0
4264.504248394	3553.432798057	0.0307272	0.396732	0.224749	-0.00619596	-0.00104365	0.000995191	0
4261.538536978	3559.922333564	0.0319316	0.395713	0.201323	-0.00636328	-0.00108332	0.000923665	0
4260.815587077	3550.82970568	0.0164758	0.331797	0.188568	-0.00603656	-0.00107135	0.00104769	0
4270.881781801	3558.462627055	0.0331763	0.323424	0.166544	-0.00406065	-0.000780505	0.00103112	0
4258.697551743	3556.037417323	0.0325508	0.337799	0.190671	-0.00488807	-0.00100614	0.00124122	0
4261.05745028	3558.232830163	0.0312423	0.321806	0.227635	-0.00543977	-0.000826877	0.0010974	0
4253.323767127	3554.222963452	0.0374067	0.379865	0.198956	-0.00530247	-0.000596768	0.00120721	0
4242.566628956	3553.457228291	0.0325916	0.395728	0.229174	-0.00622102	-0.00102221	0.000899218	0
4265.072445441	3558.236901868	0.0276656	0.378757	0.21276	-0.00658724	-0.00107736	0.0010493	0
4246.510681977	3553.565637457	0.0327335	0.35353	0.227475	-0.00671911	-0.000901331	0.00113832	0
4248.387184072	3557.906839222	0.0327657	0.340816	0.192282	-0.00590163	-0.000790905	0.00111168	0
4244.677405094	3558.142489192	0.0329541	0.322812	0.213629	-0.00589739	-0.00082215	0.0011951	0
4244.578746025	3556.622725024	0.0380563	0.311671	0.205729	-0.00541753	-0.000968309	0.00129199	0
4239.737852368	3558.092610796	0.0315078	0.333713	0.229373	-0.00568334	-0.00111901	0.00142469	0
4243.16815231	3551.597476694	0.0227628	0.363181	0.20131	-0.00623528	-0.00116743	0.00110398	0
4242.157804251	3556.084496421	0.0350135	0.37713	0.220751	-0.00601756	-0.00085318	0.00128298	0
4254.582247695	3557.287939949	0.0288338	0.350861	0.236753	-0.00652894	-0.00112321	0.00104473	0
4255.973043603	3559.421768239	0.0304902	0.358062	0.196626	-0.00618891	-0.000727503	0.00110676	0
4247.1666493	3555.570952534	0.0335255	0.346405	0.233344	-0.00634153	-0.00118629	0.00129197	0
4249.704728096	3557.937377015	0.0351707	0.310455	0.186456	-0.00439715	-0.000780991	0.00109726	0
4249.613328222	3553.880431207	0.0339369	0.331182	0.256967	-0.00539913	-0.00105889	0.00106554	0
4236.246179225	3551.59518636	0.0469905	0.384794	0.224794	-0.00581954	-0.000830214	0.00110617	0
4248.737275284	3553.679390736	0.0358873	0.393707	0.240797	-0.00603224	-0.00113276	0.000985072	0
4251.522166734	3553.590067691	0.0395202	0.411388	0.226262	-0.0060027	-0.000930653	0.000989878	0
4245.622750355	3556.914869911	0.0292677	0.364663	0.22665	-0.00629426	-0.00120333	0.00119412	0
4251.605317521	3557.983438186	0.035731	0.341893	0.189575	-0.00613259	-0.00068309	0.00123655	0
4247.30952347	3557.017680481	0.0381559	0.317394	0.213118	-0.00571571	-0.000774721	0.00151776	0
4255.829839469	3552.722285405	0.0310861	0.294212	0.245234	-0.0056066	-0.000811325	0.00147484	0
4248.288525003	3559.451797069	0.039973	0.356711	0.218024	-0.00589408	-0.000646954	0.00128812	0
4242.398017637	3548.5739807	0.034399	0.394	0.229124	-0.00614603	-0.00106118	0.00129841	0
4252.019091678	3556.30258716	0.0381815	0.385107	0.216465	-0.00654008	-0.000803489	0.00120596	0
4240.984454252	3556.027492541	0.0293873	0.346488	0.219862	-0.00665581	-0.00100686	0.00120086	0
4240.485219564	3562.570978148	0.0362301	0.357763	0.197541	-0.00637471	-0.000891716	0.00131064	0
4241.169233779	3555.202208683	0.0304309	0.32319	0.234382	-0.00613957	-0.000984137	0.0011753	0
4245.61648105	3557.994126414	0.034164	0.309101	0.201689	-0.00607326	-0.000925504	0.00118662	0
4237.070757866	3561.018385853	0.0386758	0.343776	0.201107	-0.00561564	-0.000837951	0.00130568	0
4247.801828926	3555.660275579	0.0325387	0.374198	0.233864	-0.00679914	-0.000874064	0.00145338	0
4266.487988607	3557.962570694	0.0338895	0.370495	0.246105	-0.00721628	-0.00102276	0.00117578	0
4248.773571262	3561.112289567	0.0294439	0.351144	0.250923	-0.00706982	-0.00109874	0.00116796	0
4261.911065704	3562.735882231	0.0388029	0.324091	0.187878	-0.00636677	-0.000875094	0.00127415	0
4256.0858911	3565.130045207	0.033631	0.310915	0.204197	-0.00556077	-0.00104896	0.00119346	0
4261.257078162	3559.803236171	0.0425309	0.341918	0.184917	-0.00412079	-0.0010904	0.00111325	0
4263.178125321	3555.925954379	0.0336855	0.343576	0.224203	-0.00532075	-0.000729196	0.00129655	0
4243.337093593	3554.78893055	0.0367971	0.383091	0.20342	-0.00630504	-0.000883436	0.00106109	0
4254.034508381	3548.49331003	0.0370861	0.389263	0.232518	-0.00604582	-0.000746924	0.0012107	0
4253.051217324	3559.859222125	0.0305503	0.378907	0.213644	-0.00647371	-0.000856042	0.00115998	0
4257.293227334	3559.210548504	0.0263938	0.369097	0.186213	-0.00584926	-0.000947875	0.0012142	0
4241.644381135	3558.990421912	0.0293173	0.333821	0.221896	-0.00584631	-0.001244	0.00123536	0
4249.231890483	3559.450524661	0.041449	0.302706	0.190225	-0.00475342	-0.000765321	0.00114849	0
4238.997744367	3554.67186901	0.0498532	0.335462	0.241453	-0.00550875	-0.000833956	0.00133097	0
4230.717641755	3549.142238132	0.040024	0.389807	0.209054	-0.00601901	-0.000776718	0.00122307	0
4230.615023125	3555.292804136	0.0362982	0.38284	0.229277	-0.00631563	-0.001078	0.00107797	0
4232.268469932	3551.237639699	0.0310006	0.393387	0.219889	-0.00645218	-0.00106816	0.0010676	0
4232.821488661	3551.877915427	0.0293279	0.357098	0.191089	-0.00579324	-0.00102572	0.00109358	0
4236.846382726	3555.277535239	0.0288522	0.331937	0.212564	-0.00576291	-0.00111215	0.00125147	0
4239.278543257	3558.937235256	0.0436438	0.319519	0.188498	-0.00540671	-0.000917436	0.00117025	0
4242.620083033	3559.189935494	0.0352431	0.334997	0.232428	-0.00599284	-0.00108441	0.00107922	0
4231.364370101	3556.253726691	0.0399866	0.366778	0.2062	-0.00579215	-0.000916835	0.00129989	0
4237.880818116	3555.989574781	0.0227342	0.372649	0.218594	-0.00612557	-0.00134521	0.00116835	0
4245.568306387	3558.649671038	0.037333	0.422411	0.176853	-0.0049866	-0.000906944	0.000930737	0
4241.423635593	3556.382239903	0.023558	0.355694	0.216631	-0.00610805	-0.00105279	0.00138034	0
4250.44615595	3559.419477905	0.0248677	0.331983	0.187167	-0.00589374	-0.000937207	0.00102064	0
4245.767604306	3553.072197617	0.032662	0.326439	0.19064	-0.00573428	-0.000957158	0.00125401	0
4256.044315706	3561.315111409	0.0296236	0.313408	0.236749	-0.00600401	-0.00091998	0.00121887	0
4259.232092519	3559.210802985	0.0310922	0.326938	0.214021	-0.00547877	-0.000827209	0.000997998	0
4243.155943663	3558.385010165	0.0286207	0.417391	0.212977	-0.00523904	-0.00113665	0.000971494	0
4258.118795866	3553.329733005	0.0314601	0.403294	0.192336	-0.00587317	-0.00113912	0.000999828	0
4245.755395659	3554.601886568	0.0250976	0.390164	0.213378	-0.0062492	-0.00114779	0.000964834	0
4249.945601408	3556.252199801	0.028288	0.369129	0.168109	-0.00558036	-0.00112344	0.00122402	0
4238.280733808	3553.703057525	0.0297981	0.330205	0.197424	-0.00518457	-0.00113355	0.00114686	0
4247.909067044	3558.054184073	0.0283186	0.313247	0.199266	-0.00545742	-0.000912538	0.00113177	0
4244.143524245	3553.263822269	0.0381109	0.346471	0.223099	-0.00524855	-0.000864593	0.00123421	0
4237.968588392	3558.052657184	0.0298263	0.380232	0.227071	-0.00596367	-0.00112131	0.00127924	0
4244.224365288	3561.135192911	0.0328999	0.383214	0.20976	-0.00618847	-0.00112509	0.00128497	0
4233.195337241	3557.994126414	0.0302175	0.403907	0.252268	-0.00635581	-0.00133623	0.00110679	0
4242.350172938	3558.287034745	0.0271933	0.342746	0.221687	-0.0061404	-0.000941263	0.00118424	0
4237.691749064	3561.119415052	0.0395574	0.348948	0.230441	-0.00591417	-0.0013545	0.00127711	0
4240.284271828	3561.983889077	0.0285006	0.342361	0.200338	-0.0056217	-0.000946059	0.0011575	0
4241.832790261	3565.063625507	0.0233623	0.324179	0.24561	-0.0057491	-0.001257	0.00119295	0
4233.190387789	3558.153940864	0.0406461	0.367288	0.232128	-0.0060349	-0.00098327	0.00125023	0
4239.072316105	3559.373925697	0.0343944	0.392877	0.20329	-0.00467028	-0.00136322	0.00111852	0
4231.537270945	3558.703112176	0.0299782	0.404868	0.209933	-0.00597637	-0.00128981	0.000835362	0
4242.942127353	3556.717392182	0.0289323	0.364024	0.251825	-0.00649327	-0.00134532	0.00117845	0
4241.242485663	3554.975720051	0.0278621	0.320871	0.213683	-0.0066963	-0.00121971	0.00104181	0
4237.530396941	3559.628152824	0.032689	0.329043	0.195285	-0.00573399	-0.00114609	0.00131982	0
4248.230451437	3560.202772297	0.0373469	0.326731	0.253157	-0.00600601	-0.00126875	0.00129109	0
4238.01445331	3556.980271684	0.0394522	0.319641	0.228978	-0.00541234	-0.00104611	0.00104367	0
4237.829673783	3554.67186901	0.0377409	0.363746	0.249191	-0.00576168	-0.00126504	0.00106927	0
4238.998404294	3553.508379095	0.0332343	0.411226	0.207535	-0.00582392	-0.000994922	0.00111781	0
4252.007212994	3553.53764448	0.0303347	0.383989	0.236554	-0.006448	-0.0012446	0.00101436	0
4245.273649034	3557.703508416	0.0358989	0.363569	0.211331	-0.00666677	-0.00105497	0.00110338	0
4245.081280347	3552.323003761	0.0365237	0.347371	0.21635	-0.00643971	-0.00101421	0.00129961	0
4251.376982819	3562.970768756	0.0322079	0.309434	0.226481	-0.00654675	-0.000947537	0.00109706	0
4252.529875086	3561.261924753	0.03295	0.328883	0.214742	-0.00612036	-0.000858358	0.00117246	0
4244.807740654	3564.137312451	0.030285	0.346914	0.244965	-0.00677333	-0.00109432	0.00121957	0
4256.751427362	3566.159168833	0.0299032	0.361249	0.215536	-0.00674005	-0.000861279	0.00114154	0
4263.473772565	3564.249793322	0.0327083	0.371057	0.262188	-0.0064725	-0.000746988	0.000814881	0
4261.88862819	3558.103553505	0.0270332	0.356767	0.209194	-0.00712217	-0.000882532	0.000954162	0
4248.728036307	3553.977643181	0.0274289	0.351261	0.194209	-0.0067185	-0.00130161	0.00112136	0
4254.631412248	3560.744054679	0.028501	0.344061	0.199706	-0.00647059	-0.00110983	0.0011011	0
4256.151883788	3564.259463623	0.0320696	0.325159	0.23347	-0.00622026	-0.00113982	0.00132355	0
4251.464093168	3559.390975964	0.0259769	0.348565	0.248667	-0.00656598	-0.00115237	0.000830141	0
4248.647855191	3561.352011242	0.0444256	0.397443	0.220517	-0.00618164	-0.0012162	0.00117544	0
4250.803176394	3550.31081768	0.0326646	0.403228	0.256502	-0.00664101	-0.0012088	0.00117271	0
4263.969707618	3559.988498782	0.0258187	0.370653	0.245711	-0.00671646	-0.00107812	0.00112782	0
4246.237802211	3554.043299437	0.0229125	0.365256	0.225743	-0.00656325	-0.00166192	0.00147097	0
4243.905950567	3560.026416542	0.0364202	0.320738	0.197539	-0.00584535	-0.000954108	0.00125215	0
4242.976113587	3553.277055312	0.0291423	0.298217	0.245196	-0.0057269	-0.00128079	0.00129142	0
4237.298102678	3560.711989996	0.0370721	0.329747	0.227593	-0.00610527	-0.00111457	0.00112828	0
4223.711527992	3554.097504019	0.0279772	0.366918	0.245057	-0.00643525	-0.00153245	0.0011691	0
4233.494614082	3555.654422502	0.0296695	0.387386	0.232484	-0.00685288	-0.00118114	0.00122757	0
4233.459967921	3558.643563479	0.0268656	0.360943	0.263719	-0.00699254	-0.00125785	0.00122393	0
4236.805467259	3553.434324947	0.0231087	0.337668	0.243838	-0.00695365	-0.00135687	0.00111631	0
4234.220203691	3552.922053468	0.0319568	0.334095	0.233465	-0.00698688	-0.00132682	0.00110403	0
4244.880662574	3555.911448927	0.0281803	0.344102	0.236631	-0.00674987	-0.00169858	0.00118014	0
4252.019091678	3556.362644819	0.0292294	0.334486	0.19045	-0.00445805	-0.00140643	0.0010333	0
4240.649541358	3553.357471501	0.0265397	0.388307	0.249182	-0.00621241	-0.00152186	0.00120511	0
4253.446513527	3555.106269117	0.0316655	0.39805	0.240895	-0.00655778	-0.00112108	0.000938842	0
4265.312658827	3557.154591586	0.0305585	0.33871	0.267854	-0.00687599	-0.00134445	0.00105076	0
4255.362941198	3553.554185784	0.0221061	0.366053	0.177318	-0.0059601	-0.00134267	0.000959129	0
4243.434102845	3555.306291661	0.0256431	0.357311	0.201079	-0.00572155	-0.00141432	0.00111248	0
4250.809115736	3559.911390855	0.0252492	0.332646	0.218749	-0.00596519	-0.00130476	0.000921452	0
4242.478528717	3556.52093238	0.0347879	0.369699	0.21585	-0.00592568	-0.00113675	0.00112281	0
4238.132580223	3556.844378505	0.0219897	0.383026	0.237562	-0.00617961	-0.0014453	0.00104521	0
4255.046506258	3562.687276244	0.02763	0.40222	0.234277	-0.00624884	-0.00123979	0.000865583	0
4244.246142875	3564.717021556	0.0324356	0.397451	0.301389	-0.00702329	-0.00150779	0.00141998	0
4245.657066553	3561.669349808	0.0285031	0.342812	0.220922	-0.00676156	-0.00107153	0.00123916	0
4231.040675965	3566.462510911	0.0291725	0.349638	0.182421	-0.00468049	-0.00104911	0.00124866	0
4235.51333042	3567.278124467	0.0281008	0.356571	0.186786	-0.00507919	-0.000936954	0.00124928	0
4233.495603973	3562.102477507	0.0320449	0.323122	0.232387	-0.00540162	-0.00110676	0.00140222	0
4229.499086764	3556.117324548	0.0294529	0.33244	0.225502	-0.00598959	-0.00108696	0.00148674	0
4231.68542453	3558.169718724	0.037549	0.39347	0.240658	-0.00566085	-0.00129521	0.00113445	0
4240.883155475	3556.761671982	0.0263717	0.382014	0.224739	-0.0064283	-0.00124469	0.00101954	0
4245.87913195	3558.906442981	0.0395036	0.383573	0.22589	-0.0066752	-0.00147938	0.00139957	0
4231.669916248	3557.012081885	0.023489	0.365191	0.210939	-0.0060402	-0.00140911	0.00129554	0
4242.381189501	3557.402965636	0.0278676	0.313519	0.191785	-0.00555866	-0.00121828	0.00120351	0
4230.51966369	3559.258645528	0.0274573	0.314018	0.227159	-0.00544354	-0.00140908	0.00124632	0
4220.975801095	3556.170765686	0.0397843	0.337915	0.199479	-0.00507261	-0.00111806	0.00122021	0
4224.927113312	3557.130670315	0.0419524	0.337102	0.238964	-0.00550956	-0.00122423	0.00138683	0
4220.273308927	3552.088880681	0.0379008	0.398654	0.222029	-0.00600619	-0.00123868	0.00126246	0
4222.040593122	3553.230485178	0.0324082	0.388888	0.241072	-0.00614255	-0.00141382	0.00123738	0
4231.290128327	3553.825208698	0.0292826	0.370625	0.256874	-0.0069527	-0.00135623	0.000930034	0
4232.016707826	3552.932741696	0.0336815	0.354109	0.228792	-0.0066705	-0.00131135	0.00125855	0
4224.559534038	3551.540981777	0.0274779	0.349155	0.233701	-0.00624982	-0.00149055	0.00131241	0
4240.564740753	3550.503714739	0.0332935	0.339595	0.22441	-0.0058774	-0.00106161	0.00159725	0
4234.983079169	3552.622783096	0.031528	0.360847	0.258663	-0.00613068	-0.00135177	0.0011949	0
4231.8454568	3550.994355281	0.0346835	0.343037	0.21711	-0.00540024	-0.00116211	0.00145679	0
4230.771425796	3544.166359235	0.0314198	0.374955	0.243998	-0.0062462	-0.00155214	0.00141412	0
4239.204631446	3553.790090236	0.0331118	0.407856	0.222274	-0.00649486	-0.00111318	0.000881274	0
4234.014306504	3550.820544342	0.0281998	0.362351	0.256352	-0.00702089	-0.00163971	0.00110645	0
4241.125678605	3546.361772074	0.0294176	0.362483	0.188036	-0.00624026	-0.00143792	0.00138544	0
4233.001978664	3552.157081752	0.03181	0.350887	0.195154	-0.00533582	-0.00147116	0.00111808	0
4237.195814011	3554.865275033	0.0245418	0.31585	0.24062	-0.00647271	-0.00136505	0.00115721	0
4240.865997376	3553.795943313	0.0350499	0.34056	0.234573	-0.00596457	-0.00117559	0.0013238	0
4234.454147772	3555.604289625	0.0321829	0.349109	0.25628	-0.006957	-0.00132325	0.00107076	0
4243.546290415	3553.635110936	0.0384896	0.381115	0.224653	-0.00647717	-0.00109959	0.00117635	0
4238.999394185	3550.846501466	0.0359135	0.403857	0.255883	-0.0068022	-0.00156783	0.000942266	0
4246.134853617	3561.588170175	0.03348	0.366069	0.223522	-0.00675683	-0.00115168	0.00117797	0
4238.056358668	3560.473286247	0.0340638	0.324391	0.214146	-0.00656868	-0.00128855	0.00133945	0
4240.797694943	3565.610506484	0.0303877	0.348225	0.170313	-0.00482367	-0.00149174	0.00123819	0
4249.091985984	3563.777475456	0.0313091	0.318692	0.222811	-0.00598773	-0.00119072	0.00129339	0
4242.532972685	3560.74583605	0.0225646	0.325189	0.204153	-0.00628092	-0.00147038	0.00115646	0
4239.438575526	3559.648002389	0.0356779	0.378556	0.204739	-0.0061022	-0.00113156	0.00130837	0
4244.081491118	3554.866038478	0.0241668	0.381711	0.228697	-0.00674844	-0.00164624	0.00129458	0
4259.228462921	3556.953042152	0.0237882	0.373628	0.214168	-0.00671796	-0.00130285	0.0011526	0
4240.543623093	3557.428668279	0.019144	0.353321	0.217008	-0.00660325	-0.00107393	0.00119537	0
4251.325838486	3562.995453472	0.0276677	0.345272	0.17072	-0.00594108	-0.00101237	0.00114981	0
4241.301549119	3561.269050238	0.0260748	0.328407	0.201076	-0.00575334	-0.00134542	0.00133579	0
4245.120545996	3563.446140401	0.0272175	0.359083	0.221057	-0.00619962	-0.00143171	0.00113886	0
4246.298845448	3557.411109048	0.0282564	0.323338	0.213879	-0.00628	-0.00117508	0.00117764	0
4243.522203084	3556.802389039	0.0224712	0.392498	0.157969	-0.00500994	-0.00161777	0.000940156	0
4252.261614807	3555.872513241	0.032854	0.406834	0.220295	-0.00659192	-0.00117983	0.00113788	0
4259.353849029	3556.35170211	0.0268047	0.350697	0.230622	-0.0068851	-0.00142214	0.00111667	0
4264.719384559	3561.156060403	0.024709	0.342332	0.145806	-0.00554282	-0.00102979	0.00108736	0
4249.037871979	3551.194886789	0.0323965	0.350284	0.176874	-0.00509389	-0.00145976	0.00118023	0
4254.125578291	3558.691660503	0.0321049	0.323593	0.181888	-0.00517193	-0.00117473	0.000841676	0
4247.690631246	3558.937489738	0.0388025	0.332721	0.203306	-0.00511702	-0.00152483	0.000999951	0
4246.087668845	3552.728901927	0.0337521	0.402178	0.184502	-0.00585039	-0.00129364	0.000949576	0
4248.936903166	3557.926179824	0.0257605	0.404975	0.198967	-0.0059951	-0.00171204	0.000978088	0
4246.557206823	3555.252596042	0.020343	0.391763	0.198142	-0.0063492	-0.00146251	0.000883924	0
4249.849582047	3564.563569146	0.0296082	0.368996	0.168546	-0.0057637	-0.00158025	0.00093508	0
4246.708990006	3558.451429865	0.0155036	0.348156	0.164347	-0.00523517	-0.00148115	0.000989713	0
4252.435835505	3560.325686914	0.0203795	0.310187	0.169785	-0.00472798	-0.00131952	0.000826107	0
4245.487795307	3562.328202694	0.0261973	0.336108	0.204636	-0.00439367	-0.00151189	0.000984991	0
4235.045112296	3560.227965976	0.0359846	0.367081	0.179394	-0.0049962	-0.0011726	0.000903533	0
4238.311420408	3556.88942175	0.0297748	0.390738	0.204197	-0.00562295	-0.00151705	0.00104622	0
4230.27714056	3553.620605484	0.0221089	0.405233	0.210225	-0.00630816	-0.00145955	0.000738241	0
4239.743461746	3554.589925932	0.0253453	0.362802	0.2016	-0.00592227	-0.00141421	0.00106749	0
4238.153037956	3558.443031972	0.0191794	0.33413	0.166252	-0.00567831	-0.0014753	0.000893992	0
4237.546235186	3557.1599357	0.0315087	0.315166	0.192587	-0.00503141	-0.0012463	0.00105082	0
4242.87382492	3555.600981364	0.0193105	0.32951	0.228055	-0.00517831	-0.00154615	0.000953645	0
4244.599863685	3553.400478893	0.0372901	0.343924	0.203551	-0.00520959	-0.00120991	0.000900493	0
4230.921889126	3553.445267656	0.0259967	0.385031	0.235292	-0.00607952	-0.00155839	0.00101658	0
4236.010585327	3557.389223629	0.0280799	0.389399	0.195469	-0.00627427	-0.0012543	0.000892787	0
4240.044388405	3554.590434895	0.0248069	0.360637	0.194379	-0.00534112	-0.00160751	0.00105416	0
4233.642437704	3559.206476798	0.0232758	0.371304	0.172433	-0.00562073	-0.00164077	0.000943787	0
4237.182945437	3557.352323796	0.0313106	0.318287	0.197293	-0.00535282	-0.00126313	0.00130246	0
4239.032390529	3558.789635923	0.0262754	0.30763	0.210311	-0.00589583	-0.00105603	0.00136206	0
4238.583640248	3555.450328252	0.0387834	0.361021	0.187721	-0.00570094	-0.00122349	0.00127366	0
4233.392655379	3564.07547342	0.0255137	0.396804	0.212235	-0.00595917	-0.00158666	0.00101913	0
4233.194017387	3554.137457632	0.0259744	0.378678	0.213372	-0.00628138	-0.00149696	0.000955476	0
4236.08944659	3549.740778876	0.0256305	0.329262	0.200593	-0.0059892	-0.001641	0.00100574	0
4229.102140743	3562.376299718	0.0230786	0.347853	0.172129	-0.00539848	-0.00148577	0.000879829	0
4235.912916149	3555.786498457	0.024868	0.325648	0.173653	-0.00424887	-0.0014192	0.000986633	0
4236.40291186	3560.073495639	0.0202609	0.302997	0.217052	-0.00599295	-0.00148502	0.000959811	0
4239.175924626	3554.038209804	0.0309172	0.381435	0.185891	-0.00585233	-0.00155984	0.000944057	0
4238.153697883	3552.290939078	0.0255009	0.399587	0.203177	-0.00591851	-0.00177454	0.00108657	0
4241.125348641	3554.181228468	0.0312104	0.402625	0.182838	-0.00580365	-0.00133623	0.000946875	0
4242.552110564	3557.317205334	0.0224986	0.344847	0.170693	-0.00523009	-0.00135073	0.00110753	0
4250.056469125	3559.414133791	0.022137	0.331222	0.152418	-0.00499358	-0.00141111	0.000991754	0
4263.186704371	3567.789886982	0.0312733	0.314701	0.183007	-0.00408906	-0.00114067	0.000942485	0
4262.6584329	3564.710405034	0.0256141	0.306901	0.21147	-0.00374213	-0.00117207	0.00116503	0
4276.829702805	3578.25137144	0.0456566	0.26818	0.124873	-0.00474939	-0.000166892	0.00138489	0
4268.660467909	3573.973026632	0.079128	0.196263	0.182555	-0.00651602	0.00163196	0.00229502	0
4267.801903033	3576.630832555	0.0986443	0.131758	0.314845	-0.00797698	0.00135387	0.00225066	0
4242.879434299	3566.05432241	0.0920384	0.264091	0.401086	-0.00823586	0.000390477	0.00247424	0
4215.738951307	3544.014179232	0.100509	0.374088	0.417389	-0.00880877	0.000315881	0.00232646	0
4208.826877125	3549.191353083	0.0936697	0.381568	0.406072	-0.00891196	-8.45599e-05	0.00237687	0
4225.553053961	3554.44410797	0.0777642	0.362458	0.342213	-0.0084268	-0.000908492	0.00243961	0
4220.066751812	3560.615795948	0.0676772	0.317184	0.303706	-0.00748694	-0.00117645	0.00283553	0
4234.190177018	3562.616021393	0.0425814	0.372124	0.195997	-0.00619559	-0.0015612	0.00310584	0
4242.355122389	3569.98504534	0.0520453	0.490493	0.18621	-0.00713191	-0.0005431	0.00320095	0
4237.985746491	3560.589075379	0.068631	0.365021	0.3209	-0.00975649	-0.000654045	0.00370612	0
4243.483267397	3554.506201483	0.0594888	0.215232	0.285536	-0.00985776	-0.00140424	0.00339644	0
4236.249808823	3555.619813003	0.0510592	0.216866	0.338519	-0.00944854	-0.00195794	0.00349014	0
4234.804568947	3552.825604938	0.0411622	0.144947	0.339764	-0.00986819	-0.001315	0.00281865	0
4231.49272588	3540.432859551	0.0409381	0.215125	0.337979	-0.0093485	-0.000686775	0.00300585	0
4225.024782491	3544.030466055	0.0412869	0.30405	0.321466	-0.00828039	-0.00106653	0.0027962	0
4212.084936151	3540.312235269	0.0487882	0.430501	0.3422	-0.0085598	-0.00129328	0.00273558	0
4215.209030019	3541.423556455	0.0377569	0.485569	0.383164	-0.00894027	-0.00145304	0.00238975	0
4230.796503018	3544.512708704	0.0464112	0.515388	0.332438	-0.00847409	-0.00108858	0.00251577	0
4233.687972659	3549.539738405	0.0448271	0.508007	0.336777	-0.00883767	-0.00164247	0.0023852	0
4235.083388056	3546.000917153	0.0453897	0.454915	0.338166	-0.00927216	-0.00147554	0.0022408	0
4240.720153535	3559.672941587	0.0416972	0.347353	0.299757	-0.00936961	-0.00180813	0.00253779	0
4250.530626591	3562.107312657	0.0381635	0.260818	0.31117	-0.00895834	-0.00173344	0.00236455	0
4257.424882747	3565.074568216	0.0377321	0.21847	0.325468	-0.0090237	-0.00160144	0.00236669	0
4254.714892998	3561.986688375	0.0378604	0.234377	0.366784	-0.00915061	-0.0018902	0.0023157	0
4236.276535862	3559.414133791	0.0456845	0.304823	0.323844	-0.00914375	-0.00165393	0.00230005	0
4240.51260653	3555.389252666	0.0465099	0.370833	0.366886	-0.00980863	-0.001749	0.00232143	0
4237.101114503	3551.781721379	0.0424287	0.414339	0.358328	-0.00992923	-0.00181262	0.00229768	0
4241.257004055	3557.771963969	0.0349365	0.397961	0.329106	-0.00915181	-0.00192417	0.00247681	0
4242.133386956	3559.565295867	0.0478661	0.405548	0.316957	-0.00915335	-0.00180869	0.0021671	0
4232.301466276	3567.823733036	0.0481219	0.40078	0.339658	-0.00875231	-0.00169032	0.00241189	0
4239.044269213	3566.879860749	0.0333761	0.375388	0.367927	-0.00902998	-0.00186472	0.00218598	0
4229.981163353	3554.710550215	0.045857	0.367869	0.355032	-0.00914998	-0.00154174	0.00247927	0
4239.287122306	3559.053024388	0.0419905	0.390035	0.370569	-0.00979455	-0.0020651	0.0024509	0
4241.907361999	3555.892617288	0.0519259	0.36899	0.361039	-0.0100669	-0.00150424	0.00225454	0
4242.877454518	3559.435764728	0.043586	0.317175	0.357324	-0.0104748	-0.00175584	0.00239872	0
4235.850883022	3555.923664044	0.0483747	0.297492	0.318822	-0.0099465	-0.0016858	0.00253521	0
4242.800573036	3557.508829986	0.0481014	0.297589	0.343647	-0.00958571	-0.00175404	0.00235004	0
4248.150270321	3561.346412647	0.0433674	0.297544	0.383191	-0.00942462	-0.00158095	0.0022232	0
4242.804202634	3548.133473035	0.0526092	0.368922	0.332428	-0.00939673	-0.00154846	0.00224197	0
4240.478620295	3555.752906885	0.0328677	0.449527	0.320787	-0.00934299	-0.0023268	0.00210033	0
4246.075790161	3557.633017011	0.0322038	0.386386	0.306116	-0.00952551	-0.00193026	0.00203226	0
4235.4710951	3549.292891244	0.0348288	0.35726	0.299072	-0.00919471	-0.00187307	0.00197383	0
4246.086678955	3566.997431252	0.0366762	0.346942	0.284721	-0.00913432	-0.00196567	0.00179221	0
4236.818335833	3550.467323869	0.0266971	0.32904	0.320041	-0.00923107	-0.00235453	0.00150003	0
4254.032858564	3560.831596352	0.0194345	0.332442	0.334734	-0.00900017	-0.00245589	0.00123142	0
4255.942027039	3557.034730748	0.0319515	0.31845	0.364036	-0.00959709	-0.00250604	0.0014086	0
4246.741656387	3553.874832611	0.0195074	0.401416	0.284197	-0.0086625	-0.00254913	0.00134297	0
4247.65169556	3557.33552801	0.032092	0.410857	0.298693	-0.00841686	-0.00232061	0.00156528	0
4240.215309468	3549.093377663	0.0256528	0.354018	0.289988	-0.00886496	-0.00251377	0.00157062	0
4247.999147064	3553.20859976	0.0171496	0.337294	0.262188	-0.00836265	-0.00243442	0.00159987	0
4242.700594113	3555.671981733	0.0271615	0.328578	0.322431	-0.0086105	-0.00267448	0.00148509	0
4247.548746966	3552.358885668	0.0306916	0.346802	0.297254	-0.00819789	-0.00225541	0.00151564	0
4241.31309784	3556.41023288	0.0232068	0.375363	0.306154	-0.00811591	-0.0024676	0.00158743	0
4249.93999203	3554.883343227	0.0267282	0.404941	0.310528	-0.00839831	-0.00229666	0.00154066	0
4249.856181315	3557.148229546	0.0143076	0.360539	0.329321	-0.00910506	-0.00278026	0.00157959	0
4249.060309493	3553.228958288	0.0167698	0.367087	0.295407	-0.00939355	-0.00183056	0.00169108	0
4256.277269896	3567.174041489	0.0232391	0.346285	0.340785	-0.0101936	0.000126761	0.00200203	0
4244.831168058	3563.586868731	0.0273054	0.324848	0.378325	-0.0104107	-0.000882605	0.00160063	0
4254.892083367	3563.787909202	0.034317	0.318974	0.393783	-0.0100961	-3.55471e-05	0.00205546	0
4250.993235336	3569.768735973	0.0334603	0.321349	0.423369	-0.0106897	-0.000402216	0.00284006	0
4244.6665163	3566.81191416	0.0451239	0.334686	0.386972	-0.0107283	-0.000117047	0.00306902	0
4246.571065287	3564.208567301	0.0128458	0.39411	0.297794	-0.0107749	-0.00106186	0.00293311	0
4218.213677122	3561.97014707	0.015906	0.407784	0.310007	-0.0102279	-0.0012739	0.00206704	0
4223.698989381	3560.851191436	0.0187148	0.375071	0.341555	-0.0108749	-0.00107243	0.00216042	0
4231.964573602	3557.2484953	0.0160124	0.355529	0.327985	-0.0105753	-0.00105672	0.0022215	0
4241.018110523	3559.683884296	0.0204849	0.3466	0.331017	-0.0104447	-0.000572434	0.00231556	0
4235.120343961	3555.799985982	0.0178253	0.320838	0.306686	-0.0102125	-0.0010227	0.00218829	0
4242.542211661	3560.481938622	0.0278843	0.294313	0.291888	-0.00994002	-0.000708792	0.0021174	0
4244.810380361	3559.410062085	0.0244941	0.30384	0.314547	-0.00995238	-0.000683216	0.00195944	0
4242.209608512	3560.214223969	0.0367539	0.350583	0.312575	-0.00978276	-0.000377663	0.00197247	0
4241.251064713	3552.291448041	0.0247733	0.398688	0.308752	-0.00964819	-0.000624263	0.00186059	0
4246.004188094	3555.505550761	0.0300104	0.408744	0.298627	-0.00946722	-0.00102352	0.00139561	0
4253.974784998	3555.934352272	0.0296635	0.380927	0.293446	-0.00898337	-0.00110938	0.00192036	0
4247.461306654	3552.891261193	0.0213975	0.367418	0.290394	-0.00909778	-0.00130134	0.00200318	0
4250.029412123	3559.22098225	0.0317229	0.333864	0.293517	-0.00914224	-0.00104386	0.00193426	0
4259.256509813	3559.432201985	0.0324061	0.329871	0.339888	-0.00894107	-0.00134516	0.00182064	0
4246.920826536	3551.882241614	0.0361801	0.363282	0.272961	-0.00766812	-0.00119212	0.00144539	0
4247.994197613	3550.42151718	0.0335024	0.404775	0.292295	-0.00816636	-0.00175971	0.00187527	0
4251.424827519	3558.633893178	0.0348239	0.390166	0.312283	-0.00949535	-0.00136308	0.00183274	0
4241.997442018	3558.33360488	0.0384283	0.335532	0.295991	-0.00948176	-0.00144195	0.00219746	0
4242.776485705	3554.124733551	0.0406283	0.32332	0.301381	-0.00918016	-0.00166321	0.00217263	0
4255.170902475	3560.776373843	0.0301246	0.309227	0.310395	-0.00882124	-0.0011431	0.00224195	0
4252.23026828	3559.19248031	0.040665	0.346624	0.34881	-0.00903983	-0.00170734	0.00194821	0
4236.814376272	3552.913910057	0.0376734	0.371364	0.328314	-0.00901887	-0.00135591	0.00204365	0
4239.751050905	3548.470661166	0.0316077	0.391348	0.341229	-0.00965143	-0.00182867	0.00209543	0
4242.470279631	3553.140907652	0.035239	0.405016	0.323809	-0.0100718	-0.00156473	0.0019069	0
4232.402105126	3550.856680731	0.0324436	0.356706	0.332196	-0.0101298	-0.00163948	0.00194531	0
4239.385451412	3555.651877686	0.0281257	0.330638	0.301563	-0.00962474	-0.00172471	0.00193433	0
4241.417036324	3561.745948773	0.0389052	0.316534	0.322046	-0.00882438	-0.00157692	0.00209373	0
4247.297644787	3559.583109579	0.0328013	0.311727	0.360085	-0.00937213	-0.00181148	0.00194565	0
4243.123607246	3557.742953066	0.0384043	0.328494	0.327211	-0.00887746	-0.00168053	0.00203782	0
4237.91084479	3559.580310281	0.0399056	0.385807	0.360185	-0.0083302	-0.00177508	0.00178549	0
4244.498234945	3553.52822866	0.0387471	0.390758	0.347312	-0.00970003	-0.00165807	0.00200842	0
4236.981997701	3556.073553712	0.0338744	0.417713	0.361568	-0.0101807	-0.00177907	0.0019405	0
4234.669943863	3562.831312834	0.0407554	0.381711	0.35788	-0.0104911	-0.00140148	0.00189321	0
4226.991034641	3568.260677959	0.0342319	0.330263	0.338378	-0.0102231	-0.00188452	0.00200413	0
4239.232348375	3562.206306003	0.0373724	0.3092	0.328455	-0.00981055	-0.00182289	0.00192528	0
4227.583978947	3558.562892809	0.0385477	0.311719	0.338255	-0.00940603	-0.0016996	0.00212489	0
4234.636287592	3563.35427254	0.0327777	0.330232	0.357667	-0.00945587	-0.00179292	0.00183551	0
4223.286535079	3563.725561208	0.0396324	0.343405	0.344517	-0.00945726	-0.00132907	0.00211333	0
4218.478307802	3560.293367749	0.0389462	0.407689	0.355999	-0.00930495	-0.00207868	0.00188852	0
4230.540451387	3565.110959086	0.0311701	0.389241	0.352143	-0.00991768	-0.0017003	0.00202214	0
4226.051298759	3559.976283665	0.0308363	0.390462	0.37433	-0.0106228	-0.00214341	0.00203649	0
4228.682427245	3563.349946353	0.0442941	0.355759	0.320722	-0.00941336	-0.0016369	0.00210942	0
4225.956599251	3554.615374093	0.0342639	0.347982	0.329384	-0.00871381	-0.00196622	0.00196609	0
4228.785045875	3564.9170441	0.038858	0.331319	0.337149	-0.00957889	-0.00193933	0.00199401	0
4232.842936285	3560.349862667	0.0402602	0.320921	0.386922	-0.00992631	-0.00207293	0.00198239	0
4227.084414296	3550.705264173	0.0351164	0.365114	0.356604	-0.0099917	-0.00182815	0.001851	0
4232.814229465	3555.764358557	0.0400159	0.40858	0.360878	-0.0100583	-0.00152547	0.00218525	0
4235.396523362	3554.026758132	0.0432862	0.374151	0.362935	-0.0106794	-0.00209117	0.00222106	0
4235.933043919	3550.269082696	0.0362968	0.324557	0.328392	-0.0105361	-0.00181067	0.00208921	0
4222.426320385	3550.719260662	0.0313397	0.32346	0.344138	-0.010534	-0.00190342	0.00196475	0
4234.168729394	3554.665252488	0.0442363	0.320343	0.34439	-0.0104899	-0.00149949	0.00164836	0
4226.47893138	3555.212133466	0.0360268	0.342835	0.34917	-0.0103358	-0.00174947	0.00218623	0
4229.958725838	3551.30584077	0.0304356	0.371718	0.334482	-0.0111205	-0.00178414	0.00185955	0
4238.431857065	3552.298828008	0.0378577	0.380842	0.338312	-0.0106257	-0.00158368	0.00198411	0
4244.635169773	3555.697429894	0.0324368	0.358318	0.330763	-0.0103545	-0.00217404	0.00155513	0
4253.359073215	3560.189539253	0.0308422	0.338458	0.289205	-0.00913602	-0.00174513	0.00193545	0
4258.813038947	3560.223130825	0.038919	0.342666	0.337263	-0.00928078	-0.00206304	0.00179032	0
4250.532276408	3562.832839724	0.035422	0.324318	0.339653	-0.0102103	-0.00171212	0.00190054	0
4253.144596978	3559.574966168	0.031977	0.355573	0.337732	-0.00988415	-0.00202036	0.00173019	0
4250.519737797	3557.38616985	0.0290522	0.419501	0.292077	-0.00951671	-0.00210392	0.00166032	0
4252.542413696	3557.786723902	0.0200415	0.375954	0.327859	-0.0101592	-0.00203751	0.0018293	0
4244.625600834	3555.589784173	0.0265354	0.327226	0.289813	-0.00977868	-0.002043	0.0015267	0
4248.243320011	3556.972382754	0.035565	0.337884	0.278131	-0.00861662	-0.0020544	0.00168636	0
4253.421106342	3559.921570119	0.0302373	0.329457	0.317141	-0.00867754	-0.00220584	0.00177993	0
4242.482158315	3561.144099768	0.0363264	0.344509	0.324139	-0.00894983	-0.00150488	0.00189407	0
4230.4401425	3557.489234902	0.0310415	0.377477	0.335063	-0.00947331	-0.00213329	0.00179816	0
4239.922961859	3554.927114064	0.0310522	0.413423	0.314975	-0.00953421	-0.00192087	0.00174261	0
4229.415606013	3561.798117502	0.0243191	0.396608	0.339578	-0.0102815	-0.00223769	0.00172769	0
4231.250862677	3560.683997019	0.0319731	0.367784	0.290601	-0.00936647	-0.00211716	0.00148202	0
4226.847830508	3558.739248564	0.0300361	0.348072	0.302446	-0.00940924	-0.0022637	0.0017125	0
4235.925784723	3560.778155214	0.032903	0.311814	0.314959	-0.00973528	-0.00228626	0.00167049	0
4230.362931055	3554.069256561	0.0329251	0.334464	0.330471	-0.00965499	-0.00223083	0.00175728	0
4230.95488547	3551.086732105	0.0192347	0.370671	0.306675	-0.00995311	-0.00264674	0.00148525	0
4249.841332961	3557.671189252	0.0192772	0.439471	0.250863	-0.00962373	-0.002381	0.00151619	0
4238.176135397	3559.194770644	0.0162819	0.411676	0.250628	-0.00930899	-0.00263705	0.00139284	0
4250.932852027	3557.581357244	0.0113005	0.321227	0.20176	-0.00861065	-0.00261157	0.00126259	0
4244.903100088	3561.188125086	0.0079349	0.302211	0.239054	-0.00845848	-0.00287613	0.00115468	0
4245.690062897	3561.383566962	0.00776341	0.330197	0.227643	-0.0075426	-0.00279012	0.00108247	0
4246.968341271	3558.385010165	0.0157231	0.333514	0.270912	-0.00797728	-0.00290396	0.000763267	0
4237.741573544	3552.760203165	0.0177742	0.395746	0.236072	-0.00799392	-0.00264782	0.00112853	0
4241.765807682	3559.013070775	0.0191951	0.430007	0.239015	-0.0082182	-0.00237093	0.00114822	0
4243.348642313	3555.511912801	0.0118155	0.404322	0.267265	-0.0086487	-0.00266114	0.00110684	0
4251.161846655	3559.303179809	0.0165489	0.340551	0.205397	-0.0083045	-0.00272553	0.00111181	0
4240.626113954	3564.954198415	0.010732	0.335866	0.222105	-0.00782213	-0.00270005	0.00136584	0
4243.074772656	3564.732035971	0.0253454	0.326924	0.220956	-0.00740028	-0.00235288	0.00137619	0
4250.101674116	3562.220302491	0.0197295	0.302827	0.257276	-0.00792779	-0.00273043	0.00116836	0
4232.341061889	3564.126624223	0.0217254	0.330247	0.243553	-0.00785399	-0.00268703	0.00115481	0
4243.150664248	3556.67438479	0.015631	0.38756	0.242991	-0.00727685	-0.00290775	0.00127092	0
4246.375396966	3558.998565324	0.0248636	0.399924	0.26002	-0.00840363	-0.00278359	0.00122	0
4250.951329979	3562.059215633	0.0190149	0.414196	0.264851	-0.00853752	-0.00221758	0.00150225	0
4232.836666979	3559.603213626	0.00903844	0.374815	0.252778	-0.00880333	-0.00281033	0.00116269	0
4240.912522221	3562.741480826	0.018083	0.310282	0.229061	-0.00811738	-0.00232113	0.00162303	0
4233.219754535	3558.550932174	0.0240206	0.304857	0.253085	-0.00801168	-0.00248186	0.00136309	0
4226.189553441	3563.644381574	0.0238419	0.327058	0.258617	-0.00797331	-0.00255011	0.000941983	0
4223.569643712	3556.985361316	0.0233482	0.36133	0.267161	-0.00767072	-0.002729	0.000946331	0
4215.417566915	3549.634151082	0.0185563	0.394155	0.258212	-0.00879557	-0.0026978	0.000989197	0
4235.134532389	3557.208796169	0.0295461	0.395281	0.286274	-0.00874485	-0.00243702	0.00118044	0
4225.738163452	3548.339857619	0.0115013	0.366994	0.268445	-0.00906701	-0.00260851	0.00132903	0
4223.117263833	3555.054100387	0.0121738	0.34506	0.22925	-0.00802431	-0.00262961	0.00119872	0
4219.642418826	3558.946651075	0.0132813	0.318274	0.274458	-0.00787773	-0.00289343	0.0012242	0
4233.765514068	3548.875286924	0.0208237	0.339569	0.248313	-0.00775344	-0.00250647	0.00128609	0
4229.25524378	3558.703621139	0.013445	0.348332	0.257665	-0.00733432	-0.00274051	0.00137146	0
4226.182954172	3552.354050517	0.0206301	0.400614	0.21482	-0.00717897	-0.0029769	0.00163342	0
4234.815457741	3557.250022189	0.0166482	0.401253	0.259479	-0.00860282	-0.00267625	0.00135454	0
4234.539938267	3555.129426943	0.0128046	0.353965	0.243495	-0.00773899	-0.00284241	0.00139008	0
4233.123075247	3555.902033107	0.0162175	0.376255	0.236314	-0.00787388	-0.00279089	0.00150696	0
4229.331135372	3554.577456333	0.0178919	0.36402	0.286746	-0.00870987	-0.00277908	0.00140459	0
4225.516098056	3550.666328487	0.0305582	0.341317	0.266232	-0.00769421	-0.00250852	0.00145966	0
4220.25351112	3554.69400891	0.0238307	0.356117	0.27742	-0.00806633	-0.00286695	0.000996413	0
4221.577324449	3552.321731353	0.0232222	0.425075	0.25824	-0.00819726	-0.00265225	0.00135428	0
4230.668477202	3560.5417418	0.019766	0.403344	0.28101	-0.00911089	-0.00269718	0.0013884	0
4232.000539617	3557.0713761	0.0142087	0.35412	0.231974	-0.0086893	-0.00294716	0.00119724	0
4233.000988773	3552.250985466	0.0238782	0.336714	0.215691	-0.00763359	-0.00255742	0.0012539	0
4234.73296688	3555.406302933	0.0210683	0.330346	0.25373	-0.00834513	-0.00290828	0.0010373	0
4227.968056393	3556.693725392	0.0197333	0.31682	0.243875	-0.00722944	-0.00259551	0.0012422	0
4231.066743077	3556.888149342	0.0238515	0.33366	0.264435	-0.0076588	-0.00281439	0.00110741	0
4219.961163511	3554.458358941	0.027651	0.389335	0.251952	-0.00806618	-0.00269896	0.00114611	0
4237.757411789	3558.301540197	0.0248066	0.401912	0.259314	-0.00872183	-0.00272128	0.00124972	0
4234.762333627	3554.053224219	0.00699624	0.389961	0.257323	-0.00898134	-0.00284282	0.00109675	0
4241.997771982	3552.78946855	0.0101783	0.380717	0.231532	-0.00827376	-0.00279517	0.00117539	0
4232.311035216	3555.404267081	0.00549438	0.364885	0.242665	-0.00828614	-0.00312704	0.00115648	0
4251.415588542	3559.915971524	0.0144538	0.329511	0.186171	-0.00645242	-0.00276323	0.00099127	0
4242.533302648	3565.305128554	0.0170092	0.327283	0.243646	-0.00719676	-0.00314746	0.00114126	0
4232.388906588	3556.245837761	0.00895411	0.388244	0.262144	-0.00861632	-0.00310454	0.00101896	0
4249.349687432	3558.963701343	0.0190057	0.394756	0.277041	-0.00925043	-0.00257605	0.00139305	0
4245.958323176	3553.350091534	0.00692178	0.375152	0.266767	-0.00925913	-0.00293472	0.00122522	0
4260.756523621	3564.434292488	0.00538049	0.330377	0.218545	-0.00816404	-0.00273041	0.000888884	0
4244.79685186	3561.480778936	0.00765805	0.338287	0.235983	-0.00810698	-0.00311179	0.000906184	0
4247.638167059	3560.197173701	0.0122623	0.334958	0.205693	-0.00705838	-0.00283742	0.00109108	0
4240.78779604	3560.479648287	0.0187412	0.367218	0.247176	-0.00707773	-0.00294527	0.0013465	0
4230.316736173	3560.039904067	0.0125252	0.398904	0.232855	-0.00809444	-0.00335082	0.0012125	0
4244.031336675	3559.88848751	0.0166181	0.428227	0.239268	-0.00814729	-0.00320297	0.00124083	0
4233.457328214	3552.87650126	0.00261289	0.386333	0.259993	-0.00873489	-0.00323222	0.00116362	0
4238.820883963	3557.17571356	0.00434595	0.356476	0.222274	-0.00792588	-0.00307978	0.000829996	0
4237.452525569	3557.89386066	0.0170837	0.339365	0.234723	-0.00808432	-0.00316577	0.00116001	0
4231.779134148	3565.898579666	0.0158939	0.324815	0.26144	-0.00781452	-0.00311538	0.00100438	0
4237.516208513	3563.14228936	0.011798	0.318304	0.30585	-0.00877079	-0.00306147	0.00112869	0
4223.374635318	3551.419594049	0.00387044	0.348907	0.301951	-0.00878199	-0.00343228	0.000707389	0
4229.405047183	3554.680012422	0.0199903	0.401735	0.289301	-0.00891437	-0.0028922	0.000913978	0
4221.63968754	3556.474871209	0.00607178	0.405875	0.284382	-0.00897916	-0.00346646	0.000968272	0
4234.116925134	3551.191069565	0.00791413	0.39079	0.275388	-0.00926507	-0.00297253	0.000823329	0
4223.973189001	3550.142096373	0.00238982	0.377181	0.279316	-0.00941997	-0.00348561	0.00110119	0
4225.758951149	3554.306687902	0.00725466	0.348481	0.253708	-0.00885151	-0.00298508	0.000876033	0
4224.792488228	3553.239392034	0.00771217	0.328791	0.279773	-0.00853107	-0.003257	0.00099775	0
4225.470893064	3557.783670123	0.01414	0.33384	0.263006	-0.00854926	-0.00337843	0.000906459	0
4226.71287546	3556.278665888	0.0205	0.363363	0.290908	-0.00834138	-0.00313458	0.000944851	0
4225.05150953	3552.520481489	0.0215921	0.389037	0.261379	-0.0087176	-0.00300017	0.00100471	0
4233.660915657	3556.790682885	0.0165406	0.41127	0.262268	-0.00877111	-0.00316202	0.00103171	0
4222.708439128	3546.137828258	0.00803873	0.384027	0.265811	-0.00918697	-0.00311692	0.000878288	0
4235.752553916	3554.368526933	0.00511245	0.328413	0.22916	-0.00811014	-0.00286646	0.000881749	0
4221.722508364	3549.293909171	0.00855013	0.334239	0.253438	-0.00844016	-0.00285616	0.000909052	0
4223.919734924	3553.480895081	0.0214085	0.346111	0.239381	-0.00795364	-0.00258374	0.00074503	0
4225.890936526	3555.360496244	0.0055883	0.356476	0.257027	-0.00775123	-0.00315816	0.000792698	0
4233.902118933	3551.619616594	0.0097528	0.347504	0.213639	-0.00718996	-0.00309815	0.000707713	0
4233.961512353	3553.276800831	0.00907598	0.433729	0.208567	-0.00721311	-0.00346108	0.000888537	0
4234.736926441	3553.232012068	-0.00195209	0.40219	0.252664	-0.00878283	-0.00334962	0.000905662	0
4243.518573486	3549.391375627	0.011795	0.373786	0.243537	-0.00901758	-0.00308628	0.000706117	0
4226.66206109	3549.775133893	0.0066528	0.345146	0.2477	-0.00862009	-0.00359682	0.00076901	0
4244.647708384	3556.179418061	0.0101174	0.314325	0.247413	-0.00813405	-0.00295869	0.00079366	0
4247.524329671	3558.890665122	0.0101556	0.310139	0.256781	-0.0081207	-0.00323975	0.000497592	0
4234.725047758	3556.182726322	0.00350646	0.35049	0.233686	-0.00818707	-0.00308628	0.00054598	0
4233.735817359	3556.793991146	0.00835202	0.413371	0.238203	-0.00831053	-0.00326332	0.000662521	0
4242.303648092	3557.325603227	-0.00132945	0.401797	0.248655	-0.00866819	-0.0034096	0.000825022	0
4259.765313441	3554.430365964	0.00917056	0.367065	0.238595	-0.00917773	-0.00316759	0.000593606	0
4237.418869298	3557.283104799	-0.00256162	0.364397	0.233267	-0.00866696	-0.00338887	0.000616366	0
4246.109776395	3564.121025628	0.0128892	0.338378	0.222222	-0.00801829	-0.00288623	0.00056651	0
4249.319000832	3563.471843044	0.000995405	0.342702	0.245555	-0.00797337	-0.00342506	0.00058032	0
4236.814046309	3563.672374551	0.00397088	0.349167	0.232381	-0.0079908	-0.00316858	0.00056755	0
4245.954033651	3568.773712882	0.00418066	0.363958	0.266576	-0.00823666	-0.00343691	0.000747684	0
4241.089052663	3566.30269646	-0.0127113	0.396759	0.239093	-0.00836635	-0.00347925	0.000667339	0
4245.665315639	3565.399032267	0.000195082	0.408101	0.245356	-0.00848217	-0.00295198	0.000745759	0
4240.962676664	3556.091621906	-0.00585818	0.380758	0.251186	-0.00898946	-0.0035259	0.000737346	0
4245.459418451	3555.324359855	-0.000426286	0.34468	0.197505	-0.00731822	-0.00328166	0.000561134	0
4236.406541458	3561.270831609	0.00204331	0.347657	0.246302	-0.00795596	-0.00356343	0.000574003	0
4244.743727746	3561.088368295	0.00713731	0.335292	0.26002	-0.00811103	-0.00307516	0.000616042	0
4240.310668903	3554.325774022	0.0112086	0.329137	0.290823	-0.00843696	-0.00334975	0.000715708	0
4225.055139128	3556.754037534	0.00285762	0.405831	0.252232	-0.00817982	-0.00337362	0.000655712	0
4239.599597686	3549.825012289	0.009435	0.418946	0.254128	-0.00836201	-0.00337269	0.000525043	0
4243.635380544	3552.197798809	0.00294182	0.386129	0.238008	-0.00807162	-0.00341497	0.000541649	0
4254.786165102	3554.772134764	0.00470777	0.36026	0.208495	-0.00777152	-0.00311266	0.000723999	0
4231.076312016	3552.614894166	0.00482962	0.351115	0.250557	-0.00823117	-0.00341788	0.000944748	0
4232.988780126	3552.29119356	0.0139718	0.312462	0.225233	-0.00815019	-0.00262968	0.000619455	0
4241.431884679	3544.017233012	0.0140369	0.334599	0.249349	-0.00806683	-0.00337269	0.000684352	0
4232.626480267	3549.056986793	0.0152912	0.399729	0.239013	-0.0081985	-0.00321079	0.000811606	0
4239.211560678	3547.386315031	0.0111146	0.384226	0.267582	-0.0092785	-0.00350418	0.000719837	0
4247.404222978	3546.095329829	7.81227e-05	0.373231	0.24329	-0.0095269	-0.00345373	0.000644662	0
4247.656974975	3554.821249715	-0.00250369	0.352099	0.221602	-0.00887656	-0.00339211	0.000650292	0
4251.7643599	3554.299307935	-0.00261871	0.356174	0.244575	-0.00857497	-0.00348458	0.000512911	0
4258.30522521	3559.646729981	-0.000672946	0.317103	0.238653	-0.00800369	-0.00310513	0.000714632	0
4252.771078362	3553.830807293	-0.000496397	0.328784	0.275742	-0.00842629	-0.00331206	0.000568059	0
4247.835485197	3555.338865307	0.00499198	0.408707	0.229536	-0.00834991	-0.00322214	0.000527199	0
4252.987204416	3557.50959343	0.00663745	0.4084	0.244363	-0.00856729	-0.00348729	0.000519422	0
4254.335765004	3561.830182185	-0.0014263	0.406881	0.240398	-0.00875166	-0.00341416	0.000682617	0
4252.348725156	3563.221687622	0.00684375	0.353226	0.217063	-0.00840069	-0.00335482	0.00103109	0
4257.358890059	3555.867423609	-0.00188146	0.331797	0.219819	-0.00795581	-0.00289726	0.000632564	0
4260.066570063	3563.229831034	0.01204	0.339053	0.19934	-0.00741282	-0.00273272	0.000246671	0
4252.37116267	3569.219819142	0.0027998	0.356893	0.22712	-0.00698921	-0.0036574	0.000522392	0
4254.001182073	3558.431325818	0.0022607	0.353115	0.218352	-0.00728396	-0.00307054	0.000527605	0
4227.772718035	3559.479026601	0.00291806	0.421865	0.249435	-0.00801849	-0.00353293	0.000623205	0
4235.220652847	3555.812455581	0.0110153	0.417896	0.221822	-0.00803726	-0.00297902	0.000571772	0
4235.310732867	3558.634402141	0.00847798	0.385671	0.251976	-0.00884261	-0.00330975	0.000735469	0
4245.280248302	3556.557832213	0.00119383	0.343918	0.195544	-0.00814496	-0.00311124	0.000643339	0
4239.279203183	3559.144637767	0.00658822	0.335783	0.192234	-0.00764137	-0.00279904	0.000631554	0
4236.823945212	3555.997209229	0.0012359	0.345264	0.239129	-0.00803168	-0.00331448	0.000653096	0
4232.921797547	3551.988869408	0.0160699	0.333939	0.232006	-0.00775765	-0.00303177	0.000634266	0
4237.436027397	3553.95372191	-0.000101996	0.408189	0.235555	-0.00809173	-0.0036281	0.000502698	0
4243.390217707	3556.90367272	0.00785125	0.411893	0.221004	-0.00764774	-0.00357262	0.000530616	0
4246.603731668	3557.387442258	0.00297041	0.359481	0.195394	-0.00756363	-0.00347666	0.000706877	0
4250.7309144	3554.703933693	0.00356797	0.351471	0.193607	-0.00716535	-0.00327834	0.000616089	0
4254.797053895	3557.746515808	-0.00180781	0.351705	0.213307	-0.0075597	-0.00298414	0.000544748	0
4248.685800987	3557.105985599	-0.00497404	0.362604	0.255535	-0.0077548	-0.00361914	0.000491126	0
4249.892477294	3559.156343921	0.009386	0.383655	0.20488	-0.0073132	-0.00317283	0.000769365	0
4252.429236236	3553.391317555	0.00340117	0.413964	0.216438	-0.00784671	-0.00381948	0.000591475	0
4239.669879899	3553.69593204	-0.00268445	0.405625	0.235003	-0.00858491	-0.00357156	0.00070714	0
4250.181195306	3561.344631275	0.00443	0.355648	0.188295	-0.00786199	-0.00337809	0.000841802	0
4249.902706161	3555.072168581	-0.00224932	0.332598	0.194561	-0.00753384	-0.00326762	0.000532776	0
4254.627122723	3556.663187599	0.000922849	0.325073	0.200239	-0.00749106	-0.00327643	0.000348434	0
4245.925326831	3560.775355917	-0.00433413	0.362924	0.269129	-0.00725177	-0.00365886	0.000590625	0
4238.284033443	3558.688097761	0.00535678	0.342267	0.239925	-0.00760054	-0.00320638	0.00072623	0
4244.223705361	3554.332136063	0.00676365	0.408372	0.201174	-0.00587912	-0.0031241	0.00133032	0
4240.345315064	3560.859843811	0.00734618	0.433285	0.199728	-0.00665324	-0.00255795	0.00128826	0
4246.27409819	3560.534616315	0.00175575	0.387606	0.204179	-0.00679094	-0.00346573	0.00105656	0
4232.599753228	3556.227769567	-0.00153011	0.360433	0.190469	-0.00766961	-0.00317994	0.000812357	0
4236.733865192	3550.846246985	0.0137045	0.34344	0.207113	-0.00737246	-0.00316488	0.00106362	0
4244.052124371	3563.76551482	0.0147723	0.330975	0.239582	-0.00747644	-0.00351985	0.000994942	0
4240.215309468	3557.126344127	0.0095559	0.316346	0.236049	-0.00755712	-0.00312743	0.000861937	0
4232.611301948	3555.26023049	0.00254012	0.394022	0.261089	-0.00791095	-0.00357268	0.000645153	0
4234.718118525	3555.267101493	0.00987687	0.411385	0.240064	-0.00831412	-0.00323171	0.000602153	0
4239.871157598	3555.494862533	0.00904598	0.402062	0.25864	-0.00928796	-0.00338298	0.000728972	0
4242.810801903	3556.109944582	0.0032552	0.376038	0.227797	-0.0091311	-0.00350844	0.00082994	0
4237.651823488	3555.343191494	0.00288008	0.34886	0.212357	-0.00830573	-0.00341259	0.000964175	0
4239.073635959	3559.62917075	0.0066157	0.320174	0.240062	-0.0082378	-0.00360738	0.000880431	0
4235.987487887	3553.38266518	0.00180643	0.311063	0.238601	-0.00751786	-0.00327969	0.00083621	0
4236.358036832	3558.319099428	0.0107732	0.342943	0.266355	-0.00801536	-0.00340434	0.000902309	0
4229.786484922	3555.915520633	0.0165588	0.397682	0.23213	-0.00775502	-0.00276141	0.00100099	0
4229.832679804	3557.0492362	0.00947533	0.405613	0.238656	-0.00845541	-0.00345534	0.000929422	0
4238.553283611	3559.94549139	0.00450758	0.395492	0.246114	-0.00884616	-0.00322681	0.000752429	0
4246.687542382	3562.151337975	0.00361289	0.364587	0.225038	-0.00862556	-0.00325942	0.00116735	0
4245.856694436	3563.317627189	-0.000236821	0.351065	0.241211	-0.00855191	-0.00350455	0.000898919	0
4247.138272444	3559.742924029	0.000877059	0.321449	0.236234	-0.00805996	-0.00327354	0.000843785	0
4249.701428461	3561.189143012	0.00387478	0.347364	0.297092	-0.00883864	-0.00341658	0.000947767	0
4233.627259386	3557.016408072	0.0158922	0.3462	0.257709	-0.00836535	-0.00311833	0.000908128	0
4231.518463029	3555.444475175	0.0169599	0.408412	0.248742	-0.00817779	-0.00353372	0.000997568	0
4228.683417135	3561.727371615	0.00965525	0.420156	0.249436	-0.00868803	-0.0035316	0.000405148	0
4234.861652623	3559.350258907	0.0156743	0.374054	0.265799	-0.0088985	-0.00334069	0.00108059	0
4240.070455517	3557.417216606	-0.000464133	0.32704	0.217411	-0.00834932	-0.00331994	0.000538028	0
4244.82753846	3559.316158371	0.0129442	0.331044	0.208257	-0.00749389	-0.0032812	0.000739485	0
4244.25901145	3557.837620224	0.0059889	0.332442	0.263953	-0.00769758	-0.00334605	0.000840428	0
4226.365093992	3549.269733418	0.00923407	0.347374	0.231631	-0.00792346	-0.00303161	0.000662556	0
4233.805439645	3550.642661698	0.00583054	0.397152	0.250086	-0.00813084	-0.00362249	0.000809791	0
4228.69826549	3554.642349144	0.00482262	0.42672	0.264913	-0.00861896	-0.00357731	0.000727222	0
4232.797731293	3557.782397715	0.0120748	0.410685	0.274836	-0.00909186	-0.0033165	0.000804615	0
4239.23861768	3546.656461777	0.00273806	0.332404	0.224007	-0.00863229	-0.00322978	0.000730246	0
4238.268525161	3554.089869571	0.000367804	0.338923	0.20916	-0.0081279	-0.00306438	0.000841017	0
4246.24440148	3556.461129202	-0.00131028	0.332414	0.266647	-0.00817975	-0.00353293	0.000725979	0
4228.618084374	3551.324926891	0.00696056	0.336384	0.233986	-0.00750455	-0.0029183	0.000633707	0
4228.463661483	3555.765122002	0.000857977	0.383958	0.241309	-0.00787302	-0.00356854	0.000693138	0
4225.061078469	3550.979086385	0.00800792	0.423064	0.227443	-0.00819383	-0.00336429	0.000504426	0
4246.111096249	3552.707525472	-0.000593022	0.409742	0.258999	-0.00903864	-0.00316043	0.000738182	0
4239.972456375	3554.317630611	-0.00317295	0.334748	0.199654	-0.00831182	-0.0031976	0.000697678	0
4232.78981217	3555.126373164	0.0106198	0.334564	0.193892	-0.00749663	-0.003122	0.000826151	0
4243.092590682	3561.583080543	-0.0013942	0.322167	0.241336	-0.00789341	-0.00354751	0.00068166	0
4237.074387464	3559.804254097	0.00423052	0.317897	0.214806	-0.00727981	-0.00302863	0.000640212	0
4230.862825669	3556.265432845	0.000338252	0.351053	0.23553	-0.00740153	-0.00364844	0.000763056	0
4231.231394834	3551.56515753	0.0136328	0.401297	0.210821	-0.00729154	-0.00300317	0.000474259	0
4239.284812562	3559.509564394	0.00606383	0.396882	0.235476	-0.00841528	-0.00352521	0.000436102	0
4234.671923643	3559.496585832	0.00556983	0.394528	0.2245	-0.00858827	-0.00346605	0.000639498	0
4242.0743235	3560.574569927	0.00938287	0.351974	0.222954	-0.00806885	-0.00339376	0.000715856	0
4234.406633036	3560.394905911	0.00453967	0.350028	0.215761	-0.00785042	-0.00365988	0.000705709	0
4234.809518399	3561.323763784	0.00545801	0.319644	0.201911	-0.00740837	-0.00333039	0.000648388	0
4245.7478065	3559.398864894	-0.00104923	0.329315	0.254188	-0.00784604	-0.00355297	0.000712819	0
4233.127034808	3561.607001814	0.00633661	0.33481	0.218087	-0.00739118	-0.00296167	0.000718568	0
4235.624198137	3552.356849815	0.00981642	0.376252	0.248091	-0.00806366	-0.00368474	0.000657385	0
4228.354773547	3555.079803029	0.00740637	0.404405	0.228902	-0.00837032	-0.0036215	0.000653465	0
4241.139867033	3554.606212755	-0.00105873	0.39648	0.228887	-0.00848428	-0.00353515	0.000738744	0
4239.553402804	3549.876163092	-0.00570035	0.359112	0.18596	-0.00759906	-0.00368082	0.000606994	0
4242.248874161	3547.13615961	0.00923321	0.353333	0.198932	-0.00760182	-0.00316469	0.000794197	0
