4660.257465094	3584.957331606	-0.0157857	0.365159	-0.0145859	-0.0041225	-0.00151279	0.000993989	1
4519.457232733	3575.40176488	-0.0141771	0.361919	0.0174439	-0.00370498	-0.00155521	0.00105392	1
4429.3336374	3581.920488965	-0.00480852	0.341707	-0.0224115	-0.0035841	-0.00124451	0.00110142	1
4381.074778175	3584.329378731	-0.00401587	0.311413	0.0321632	-0.00240714	-0.00134834	0.00108103	1
4333.374334278	3579.772681681	0.002024	0.365045	0.0506434	-0.00360803	-0.0009058	0.0011757	1
4329.66595696	3582.110698757	0.00394223	0.309247	0.130678	-0.00325297	-0.000194781	0.00134538	1
4289.47611002	3591.345514449	-0.00421077	0.347259	0.196922	-0.00361164	7.48413e-05	0.00162823	0
4268.161057979	3565.454574432	-0.0372418	0.349544	0.243088	-0.00427492	-0.000255366	0.000597018	0
4225.619800808	3568.576360076	-0.0470459	0.458577	0.140013	-0.00396827	-0.000509733	0.000731611	0
4228.755490203	3565.355039993	-0.0537748	0.410865	0.127879	-0.00382431	-0.000343657	0.000673431	0
4201.766724341	3565.981168939	-0.0531232	0.381566	0.129288	-0.00417308	-0.000649116	0.000660925	0
4200.419034441	3566.506460639	-0.0520097	0.363558	0.156841	-0.00379454	-0.00083004	0.000630405	0
4205.56537583	3567.004132835	-0.0437858	0.352328	0.179674	-0.00369515	-0.00059254	0.000549541	0
4189.633590276	3556.621544355	-0.0490686	0.391887	0.15493	-0.00349754	-0.000214823	0.000693122	0
4190.077824834	3554.07273314	-0.0555156	0.44092	0.116358	-0.00345441	-0.000214676	0.00063798	0
4202.077153309	3560.658682055	-0.0524159	0.457186	0.110476	-0.00425154	-0.000103714	0.0004073	0
4190.365774464	3555.580601725	-0.0500545	0.399761	0.123321	-0.00393477	-0.000354084	0.000779821	0
4205.301689615	3558.263080918	-0.0513196	0.335648	0.110859	-0.00334046	-0.000292394	0.000534411	0
4199.008901932	3562.98314994	-0.0480478	0.345509	0.165255	-0.00333974	-0.000433344	0.000798374	0
4204.913831812	3556.607213481	-0.0423491	0.356519	0.168405	-0.00314927	-0.00019157	0.000714778	0
4191.947178127	3559.695126148	-0.0361039	0.39294	0.188082	-0.00347813	-0.000160021	0.000606625	0
4193.244557125	3557.532206306	-0.0338038	0.44409	0.146952	-0.00393652	-0.000252874	0.00080161	0
4194.488413888	3560.20530529	-0.0383338	0.46296	0.147313	-0.00424702	-0.000255962	0.000676285	0
4202.540299057	3566.231047282	-0.0376502	0.454061	0.124422	-0.00430082	-0.000460741	0.000747497	0
4186.859354382	3565.048619834	-0.0352498	0.363069	0.129681	-0.0037811	-0.00042289	0.000840592	0
4196.363476219	3568.156335165	-0.0402113	0.345881	0.131264	-0.00345379	-0.000422392	0.000830062	0
4194.028122659	3571.435760432	-0.0294318	0.332326	0.160864	-0.00347733	-0.000436888	0.000888868	0
4195.90247136	3566.146885963	-0.034932	0.342919	0.151628	-0.00367417	-0.000147081	0.000767659	0
4182.074466492	3568.539881486	-0.0316251	0.416866	0.156162	-0.00411164	-0.000286729	0.000697164	0
4192.099538092	3566.703445027	-0.0378456	0.433977	0.143074	-0.00475195	-0.000217273	0.000524841	0
4194.658971413	3575.187062321	-0.0478361	0.430901	0.155472	-0.00505409	0.000326146	0.000614074	0
4187.20974662	3564.595243069	-0.0416942	0.402392	0.163746	-0.00467999	0.000241078	0.000659796	0
4194.675741713	3573.569757964	-0.0443649	0.354961	0.166198	-0.00457711	8.23296e-05	0.000281741	0
4211.010728111	3577.557128444	-0.0470581	0.361498	0.241011	-0.00520348	0.000308336	-0.000257905	0
4193.110394721	3567.443960409	-0.0498152	0.385641	0.223096	-0.00480323	0.000686392	0.000144898	0
4188.582413563	3572.824031354	-0.0549041	0.410248	0.241466	-0.00587424	0.000437189	6.13651e-05	0
4189.538677511	3566.507763446	-0.0594058	0.433842	0.227753	-0.00582418	0.000236844	-2.4428e-05	0
4195.766168066	3563.80365766	-0.0621593	0.390807	0.188635	-0.00461777	-0.000121074	-8.08524e-05	0
4201.174411597	3576.410137341	-0.068252	0.420472	0.182907	-0.00512074	0.000334866	-0.000207554	0
4192.16554885	3565.723734316	-0.0684409	0.365932	0.189113	-0.00381426	-0.000376448	8.56065e-05	0
4200.780487941	3565.665629133	-0.0592753	0.365588	0.176481	-0.00323657	0.000140358	-0.000191351	0
4194.349612889	3569.582648046	-0.0658825	0.400599	0.218624	-0.00365791	-0.000103682	-0.000357448	0
4196.572569754	3559.871265627	-0.0556979	0.466022	0.194015	-0.0043342	-0.000106699	-6.58182e-05	0
4201.876980147	3566.609642937	-0.0543629	0.470243	0.179593	-0.00421025	4.16493e-06	-0.000100226	0
4203.11655513	3560.405155852	-0.0667961	0.44138	0.160366	-0.00409593	-0.00054902	2.01585e-05	0
4204.861380021	3572.984797713	-0.0492775	0.3553	0.13186	-0.00309439	-0.000579707	0.000372916	0
4202.659475236	3563.159810542	-0.0490302	0.380789	0.176619	-0.00319452	-0.000228479	0.000469211	0
4204.340073443	3566.355595612	-0.0521357	0.342971	0.179695	-0.00279872	-1.87692e-05	0.00046143	0
4187.179774168	3563.993085768	-0.0534875	0.381382	0.208771	-0.00296621	-7.67635e-05	0.000254229	0
4184.292071133	3558.098406139	-0.0551861	0.439363	0.171751	-0.00314153	-0.000247559	0.000353666	0
4183.39503846	3559.155764135	-0.0625839	0.464803	0.161947	-0.00377024	-0.000109168	0.000248579	0
4182.773110078	3568.589127583	-0.0597548	0.43351	0.14238	-0.00320055	-0.00033687	0.000328377	0
4180.777801124	3565.978302764	-0.061314	0.386264	0.158992	-0.00288004	-0.000278888	0.000194406	0
4187.310011608	3567.655536233	-0.0608163	0.380917	0.141552	-0.00289147	-0.000479633	0.000277526	0
4174.691252457	3567.291792576	-0.0498117	0.355194	0.158371	-0.00254496	-0.000503067	0.000206806	0
4177.271737857	3566.105196146	-0.0513332	0.349796	0.14845	-0.00238893	-0.000415356	0.000232863	0
4187.815975145	3568.102398964	-0.0607563	0.365496	0.17127	-0.00250162	-0.000340728	0.000187293	0
4181.110709431	3565.489229093	-0.0478205	0.374777	0.148447	-0.00250023	-0.00029446	0.000294905	0
4179.962479064	3567.472361598	-0.0540607	0.428347	0.167662	-0.00277302	-0.000650139	0.000137799	0
4176.972726966	3567.471058791	-0.0521544	0.435769	0.141541	-0.00309953	-0.000391237	0.000497399	0
4184.38198849	3561.237909956	-0.0572183	0.413959	0.16343	-0.00289352	-0.000701813	0.000371025	0
4178.613005089	3565.942605858	-0.050918	0.371733	0.1441	-0.00237361	-0.000541539	0.00035119	0
4182.296405364	3565.106203895	-0.046719	0.372684	0.166654	-0.00232879	-0.000555581	0.000333831	0
4177.24140859	3566.785521855	-0.034119	0.357653	0.160646	-0.00254938	-0.000503056	7.76036e-05	0
4177.16576383	3564.322435326	-0.0402214	0.390261	0.163503	-0.00205352	-0.000504397	0.000216994	0
4177.095114479	3565.176816023	-0.0419079	0.422214	0.15688	-0.0029793	-0.000469753	-0.000186404	0
4186.031900615	3563.687707855	-0.025569	0.464712	0.121353	-0.00178721	-0.000738386	0.000213027	0
4188.156376566	3561.760335481	-0.0350124	0.460261	0.153415	-0.00353066	-0.00100149	0.000227172	0
4194.51838634	3563.931593287	-0.0348702	0.384515	0.129953	-0.00284741	-0.00111546	0.000222509	0
4185.979448824	3569.684266976	-0.0335852	0.380246	0.15428	-0.00259852	-0.000914664	0.000219818	0
4187.847374857	3566.200040481	-0.0227217	0.365692	0.133514	-0.00252984	-0.000753073	0.000153422	0
4184.767348588	3570.500084591	-0.0297379	0.366816	0.155383	-0.00286489	-0.000881131	-0.000295702	0
4182.979705909	3561.618329541	-0.0262335	0.398284	0.131278	-0.0022602	-0.000952504	-0.000142635	0
4188.058252466	3572.756285401	-0.0256465	0.401579	0.148137	-0.00284443	-0.000783524	-0.000211076	0
4189.412365035	3572.937636107	-0.0298738	0.467162	0.146635	-0.00397405	-0.000543506	-0.000197296	0
4195.329069806	3571.288543264	-0.0468895	0.409348	0.157959	-0.00365272	-0.000711652	4.71658e-05	0
4186.072577514	3575.849930418	-0.0406642	0.395169	0.142542	-0.00342882	-0.000212485	3.46158e-06	0
4192.027461481	3571.035277623	-0.0507858	0.381132	0.173894	-0.00343082	-0.000589889	-0.000114383	0
4194.61151503	3577.158990687	-0.039468	0.348883	0.104092	-0.00146649	-0.000847754	-3.52683e-06	0
4193.867912766	3578.447727169	-0.0330574	0.378315	0.147248	-0.00239325	-0.00105939	9.44552e-05	0
4197.284415491	3574.350399796	-0.0347054	0.409194	0.147524	-0.00314259	-0.00122463	2.52987e-05	0
4199.753931456	3571.69788516	-0.0280609	0.460857	0.134329	-0.00359115	-0.00102085	8.83321e-05	0
4192.428521435	3569.105039074	-0.0433818	0.469865	0.155381	-0.00415305	-0.00127383	0.00021586	0
4219.967495882	3576.995358153	-0.0390813	0.380946	0.11146	-0.00317523	-0.00124152	0.00031663	0
4199.621553126	3569.008631371	-0.0311124	0.383114	0.129591	-0.00264764	-0.00136224	0.000241061	0
4199.535917548	3567.334264077	-0.0287499	0.370416	0.114183	-0.00279877	-0.00124605	0.000140965	0
4197.784313175	3567.959090217	-0.0295881	0.369061	0.135129	-0.00218496	-0.00133401	0.000313159	0
4189.115495033	3567.03566076	-0.0256434	0.405293	0.132969	-0.00255431	-0.00137847	0.000114332	0
4196.83340145	3570.732244762	-0.025202	0.418749	0.112676	-0.00142893	-0.00159468	-4.15426e-05	0
4195.378667078	3567.699310541	-0.0253767	0.486518	0.0965855	-0.00301629	-0.00180617	0.000118268	0
4198.970009107	3569.527669599	-0.0310812	0.467145	0.11365	-0.00358771	-0.00155615	-6.24027e-05	0
4196.268563454	3562.768968503	-0.0210038	0.443214	0.0942784	-0.00358656	-0.00127068	2.00172e-05	0
4189.597195156	3562.994093517	-0.0274903	0.382838	0.0904972	-0.00269617	-0.00153157	0.000363902	0
4199.41460048	3569.422923932	-0.0316859	0.3202	0.101219	-0.00258762	-0.00161996	0.000132265	0
4192.394267204	3567.370742667	-0.0154023	0.34227	0.116157	-0.00264701	-0.00128356	0.00049377	0
4201.555133102	3570.58997826	-0.022858	0.373653	0.136954	-0.0021327	-0.00150982	0.000336311	0
4191.327390635	3564.392005209	-0.0237885	0.380229	0.13077	-0.00229109	-0.0012751	0.000192271	0
4185.238344264	3564.180689947	-0.0272624	0.457191	0.143728	-0.00282333	-0.00159397	0.000115636	0
4200.878255225	3570.682216981	-0.0296746	0.455277	0.117929	-0.0031871	-0.00156973	0.000215409	0
4190.981993806	3571.996227916	-0.0335543	0.465832	0.131817	-0.00376256	-0.00165533	0.000226033	0
4191.4055331	3572.858425453	-0.0203364	0.408281	0.0889482	-0.00316508	-0.00123091	0.000558449	0
4193.533220384	3572.521259055	-0.030986	0.362422	0.12042	-0.00264465	-0.00145788	0.000362861	0
4189.149392449	3579.782583013	-0.0177795	0.370023	0.103839	-0.00237348	-0.00112824	0.00050342	0
4201.159782186	3572.816214513	-0.0133368	0.344831	0.132926	-0.00194721	-0.00124671	0.000617117	0
4190.030725267	3568.71888714	-0.0146081	0.391667	0.119362	-0.00279151	-0.00121229	0.000565619	0
4195.118192197	3567.766795933	-0.0279384	0.413398	0.127821	-0.00322706	-0.00149293	0.000570844	0
4184.287075725	3567.300912223	-0.0327162	0.413314	0.115156	-0.00351979	-0.000933131	0.000479645	0
4203.913322815	3574.273013072	-0.0329434	0.39635	0.125272	-0.00304284	-0.000948223	0.000588269	0
4193.872194545	3562.354154819	-0.0304517	0.377167	0.104043	-0.00308619	-0.00124455	0.000407732	0
4221.504297682	3571.887052706	-0.00822499	0.453281	0.274296	-0.00467486	-0.00143027	0.000328041	0
4227.430993271	3579.175996168	0.0211771	0.411753	0.553843	-0.00701849	6.84199e-05	0.000117189	0
4183.325816368	3563.055585998	0.0171712	0.418062	0.557466	-0.00599112	-0.000793084	-0.000393881	0
4202.817544239	3567.255835108	0.0308375	0.467133	0.539023	-0.00530358	-0.0006355	-0.00049333	0
4197.244809037	3572.457682083	0.0459081	0.448094	0.58293	-0.00602098	-0.000687157	-0.000386744	0
4206.885947798	3580.540556006	0.0282666	0.458892	0.329044	-0.00570236	9.5556e-05	-0.000746399	0
4194.193327961	3566.486657976	0.0221616	0.483429	0.267698	-0.0063367	-5.02206e-05	-0.000802592	0
4207.9224951	3572.843573456	0.0100919	0.43608	0.232426	-0.00576357	-0.000303976	-0.000188947	0
4198.322746868	3569.061525327	9.70906e-05	0.455123	0.162805	-0.00527826	-0.000795824	-0.000117344	0
4184.509728226	3570.581379735	0.00322753	0.412712	0.143311	-0.00468475	-0.00085559	-0.000240476	0
4178.049237538	3569.322086686	0.00853531	0.439788	0.184698	-0.00509399	-0.00107291	-0.000342016	0
4174.312671842	3567.438488621	0.0221532	0.42729	0.145468	-0.0040566	-0.000877705	-0.000142342	0
4171.946989015	3563.112388374	0.01011	0.445487	0.177039	-0.0049027	-0.000798983	-0.000646111	0
4172.689877649	3562.502153671	0.00440393	0.486094	0.152884	-0.00477561	-0.000899722	-0.000157603	0
4181.334075562	3572.755503717	0.00939549	0.495708	0.147885	-0.00519962	-0.000572853	-0.000395423	0
4177.695633966	3569.919553883	0.00155901	0.477389	0.131673	-0.00538676	-0.000978369	-0.000186226	0
4179.801198726	3576.019816424	0.000794865	0.428526	0.140752	-0.00491812	-0.00105106	-0.000164155	0
4181.541385023	3573.797749153	0.00457364	0.383297	0.137509	-0.00509775	-0.000792183	-0.000286544	0
4185.161272244	3575.434074489	0.0169654	0.390807	0.160106	-0.00457832	-0.0005457	-2.03379e-05	0
4176.611273466	3563.525378128	0.01115	0.414793	0.172604	-0.00458639	-0.00101057	-3.50149e-05	0
4190.037861565	3560.799124627	0.0165137	0.403722	0.157382	-0.00412961	-0.000909944	-7.8528e-05	0
4185.329332065	3566.224272687	0.0114989	0.461849	0.190102	-0.00425285	-0.000831976	-5.59017e-05	0
4194.986527497	3561.444535114	0.00917937	0.460645	0.153763	-0.00482293	-0.000772154	5.70875e-05	0
4189.793443354	3566.121872073	0.0035131	0.493503	0.154578	-0.00485465	-0.000934483	-0.000126012	0
4185.059579996	3566.511671866	0.00996797	0.46892	0.143623	-0.00508073	-0.00113403	-0.000354741	0
4183.122788686	3565.80893788	0.00501741	0.409575	0.134913	-0.00475448	-0.000790197	-0.000279912	0
4181.995967213	3566.706311202	0.0109119	0.398054	0.132996	-0.00437135	-0.000669788	-0.000269453	0
4179.194256571	3568.170405479	0.00601605	0.397288	0.157297	-0.00419978	-0.00114571	-0.000245953	0
4184.826223048	3563.044902982	0.00192273	0.444906	0.136949	-0.00468902	-0.00118826	-0.000248452	0
4194.51838634	3564.778157143	0.00773163	0.457519	0.142833	-0.00504106	-0.000889859	-0.000408401	0
4198.854044263	3570.009708113	-0.00167987	0.449995	0.146299	-0.00529022	-0.00121807	-1.68055e-05	0
4197.589849051	3563.096754693	-0.00338339	0.423706	0.133702	-0.00497632	-0.00122409	-0.000256253	0
4190.314749932	3571.506633122	0.000458123	0.439768	0.173018	-0.00527514	-0.00151168	-0.000294693	0
4201.323917042	3568.718626579	0.00683546	0.428828	0.178707	-0.00500481	-0.00100595	-0.000365671	0
4205.151113724	3573.227119777	0.0159287	0.430692	0.197232	-0.00432125	-0.0011816	-0.000161333	0
4187.554429819	3568.052110622	0.0172275	0.448208	0.187793	-0.00497891	-0.000592689	-0.000135349	0
4183.914917778	3565.352955502	0.00890226	0.483327	0.164185	-0.00476111	-0.000914153	-0.000560395	0
4191.010895814	3566.310779058	0.00411746	0.501707	0.129525	-0.00464149	-0.00103564	-0.000699614	0
4198.640312134	3566.345433719	-0.0001443	0.465224	0.130421	-0.00494185	-0.000961446	-0.000699614	0
4198.055135688	3569.856498034	0.00181133	0.4341	0.0966611	-0.00469272	-0.00095172	-0.000501794	0
4201.360668978	3561.374444108	0.0043277	0.403109	0.140293	-0.00429162	-0.000913004	-0.000327249	0
4195.500340961	3570.295804486	0.00922556	0.409217	0.126428	-0.0037135	-0.000743366	-0.000251113	0
4198.062628801	3568.187081406	0.0101568	0.430358	0.165847	-0.00393229	-0.00076009	-0.000231668	0
4193.49432756	3561.193614525	0.00928549	0.478991	0.152955	-0.0046767	-0.000499854	-9.53039e-05	0
4206.901647653	3562.463851151	0.0103207	0.500006	0.140177	-0.00480056	-0.000419319	-0.000393541	0
4200.569967146	3561.322592398	0.000963126	0.483759	0.156296	-0.00508853	-0.00071402	-0.000257845	0
4204.385388936	3564.419103591	0.00912662	0.434161	0.111055	-0.00490912	-0.000917779	3.66302e-06	0
4203.11798239	3568.106046823	0.00679273	0.408928	0.125831	-0.00466371	-0.000728355	-0.000341585	0
4203.399509351	3570.870863405	0.0111897	0.428592	0.112947	-0.00471172	-0.000604424	-0.000362904	0
4197.551669856	3569.039898734	0.00871524	0.411197	0.126152	-0.00437977	-0.000567043	-0.000643656	0
4193.587813065	3566.992407574	0.00153739	0.438326	0.121284	-0.00539987	-0.000327891	-0.000643656	0
4204.42713628	3574.322519731	0.000730588	0.459096	0.150285	-0.00513213	-0.000958914	-0.000643656	0
4196.299963166	3571.128037467	-0.00863475	0.424353	0.151534	-0.00592693	-0.00106118	-0.000643656	0
4201.509817609	3574.294639665	0.00107607	0.455415	0.109995	-0.00437506	-0.000839467	-0.000201709	0
4199.865614522	3582.810827129	-0.00525239	0.456085	0.128973	-0.00461228	-0.00100934	-0.000439251	0
4205.465824472	3579.710407516	-0.00602968	0.419817	0.139435	-0.00436185	-0.00136041	-0.000145002	0
4205.768403512	3574.658904445	-0.0047252	0.454255	0.136103	-0.00397367	-0.00167143	-0.000615776	0
4209.821820844	3576.059682312	-0.00539673	0.474479	0.113316	-0.00457262	-0.00129939	-0.000481568	0
4215.499459629	3574.403814875	-0.00515591	0.489165	0.116336	-0.005073	-0.00130961	-0.000490966	0
4209.258766923	3575.607608354	-0.00505067	0.470749	0.117268	-0.00507974	-0.00160893	-0.000490966	0
4202.004006253	3573.465272859	-0.00402131	0.423537	0.114959	-0.00480771	-0.00108203	-0.000490966	0
4198.950384288	3575.35564552	-0.0046926	0.417359	0.102117	-0.00500244	-0.00139628	-0.000705084	0
4199.352157872	3569.532099142	-0.000192611	0.388915	0.130038	-0.00413929	-0.00131759	-0.000554465	0
4187.296809457	3571.505590876	0.00375061	0.429419	0.1295	-0.00457652	-0.00115877	-0.000754988	0
4197.066758399	3568.938279804	0.00056168	0.457809	0.149658	-0.00433555	-0.00136213	-0.000238586	0
4193.587813065	3567.922351065	-0.00714005	0.473805	0.139386	-0.00483064	-0.00129023	-0.000631012	0
4203.349198449	3567.805619576	0.00221364	0.485329	0.131344	-0.00498731	-0.00105184	-0.0003961	0
4190.281209331	3564.421969765	-0.0102728	0.493077	0.152676	-0.00545053	-0.00135369	-0.000587653	0
4188.964562328	3566.373053223	-0.0016213	0.421393	0.128835	-0.00515677	-0.00139945	-0.000510576	0
4190.012170892	3568.267334304	-0.000843612	0.410237	0.129104	-0.00499224	-0.00116646	-0.000513506	0
4181.629875119	3564.06812744	-0.00351439	0.415744	0.124716	-0.00481217	-0.00140435	-0.000608216	0
4183.82999583	3570.17777019	-0.00152254	0.408868	0.134023	-0.00445633	-0.0012003	-0.000540408	0
4178.506317432	3568.326742294	0.00656923	0.437352	0.122255	-0.00457727	-0.00148086	-0.000372822	0
4185.186962918	3563.932635533	-0.00283391	0.455541	0.133086	-0.00480198	-0.00136821	-0.000621674	0
4181.330150598	3560.823877956	0.00328961	0.479098	0.120298	-0.0051974	-0.00119202	-0.000610752	0
4190.344008754	3565.0879646	-0.00145117	0.470724	0.145298	-0.00540681	-0.00119038	-0.000547531	0
4187.68395363	3565.51554579	-0.000673782	0.414591	0.113292	-0.00585705	-0.000991627	-0.000400998	0
4188.756896052	3569.172524466	0.00291607	0.425697	0.125098	-0.00551389	-0.000780963	-0.000508197	0
4185.979092009	3568.722013876	0.000578005	0.432344	0.138015	-0.00511466	-0.00109532	-0.000475418	0
4193.868269581	3564.077247087	0.00276929	0.385441	0.119431	-0.0047563	-0.00118583	-0.000226618	0
4187.85629523	3566.917105341	-0.00235128	0.429664	0.154299	-0.00543536	-0.00139558	-0.000469827	0
4194.230436711	3562.742651805	0.00169402	0.453268	0.118764	-0.0052852	-0.00104022	-0.000487804	0
4192.900587556	3563.536842828	-0.00104912	0.489471	0.132857	-0.00524256	-0.00127312	-0.000619018	0
4194.746391065	3566.408229007	3.45212e-05	0.464459	0.12815	-0.00562638	-0.00112099	-0.000610448	0
4199.321114975	3570.247861196	-0.00914325	0.422997	0.115954	-0.00534467	-0.00127723	-0.000283094	0
4207.007978495	3571.199431279	-0.00349877	0.433749	0.106324	-0.00493243	-0.00130587	-0.000252533	0
4208.762437388	3576.5021155	-0.00303398	0.420682	0.127008	-0.00462923	-0.00111756	-0.000320094	0
4196.026286133	3566.478841135	0.000615754	0.443829	0.113163	-0.00495796	-0.00115047	-0.000516964	0
4201.584748739	3574.921029173	-0.0136984	0.480611	0.104061	-0.00457266	-0.00150727	-0.00061714	0
4198.149691638	3572.929037582	-0.0127027	0.465212	0.0863022	-0.00517929	-0.0012938	-0.00081821	0
4200.868621222	3571.00583419	-0.00347609	0.459882	0.0966447	-0.0046788	-0.00111759	-0.000451946	0
4203.125475503	3575.334800611	-0.011964	0.438147	0.0882428	-0.00478632	-0.00134491	-0.000541756	0
4207.964956073	3570.856793092	-0.0132321	0.386606	0.0937779	-0.00432808	-0.00144543	-0.00029838	0
4203.106207498	3571.602519702	-0.0122341	0.431268	0.124808	-0.0042399	-0.00144018	-0.00063506	0
4194.50090241	3573.516342885	-0.0131775	0.476386	0.0941236	-0.00437146	-0.00139857	-0.000507606	0
4198.307760642	3564.949345956	-0.016313	0.471995	0.097641	-0.00457831	-0.00136915	-0.000782592	0
4205.457260914	3572.731010949	-0.0193129	0.503949	0.0806806	-0.0045337	-0.00163719	-0.000692959	0
4201.818462502	3569.445592771	-0.0180513	0.455555	0.088262	-0.00490896	-0.00152694	-0.00069296	0
4199.858478223	3569.397910042	-0.0085811	0.451851	0.073635	-0.00458956	-0.00132329	-0.000216686	0
4209.162783713	3569.931279144	-0.00966612	0.418872	0.096718	-0.00449123	-0.00140829	-0.000504206	0
4204.01180373	3566.956189545	-0.00184774	0.427078	0.0942608	-0.0048174	-0.00137719	-0.00038217	0
4207.672011036	3567.011167992	-0.0121421	0.401954	0.132341	-0.00446025	-0.00156024	-0.000306256	0
4204.545242014	3568.075300583	0.00682573	0.449234	0.105329	-0.00478415	-0.00136325	-0.000379971	0
4205.181799806	3559.668027767	-0.00487716	0.469718	0.122756	-0.00493901	-0.0014264	-0.000405985	0
4199.692202477	3566.74435316	-0.00850252	0.497329	0.0681485	-0.00389353	-0.00180322	-0.000866261	0
4202.061453453	3566.750606633	0.00345583	0.465975	0.109481	-0.00485841	-0.00121273	-0.00035232	0
4199.829933031	3562.564427836	-0.00166778	0.446655	0.106556	-0.00533027	-0.00117367	-0.00039343	0
4204.599121065	3566.139069123	0.00265992	0.427842	0.117763	-0.00477289	-0.00108865	-0.000314654	0
4196.965422965	3566.334490142	0.00421399	0.448685	0.119784	-0.00393938	-0.000857599	-0.000350098	0
4199.115232774	3565.857141732	0.00488868	0.438752	0.104656	-0.00392404	-0.000857599	-0.000338405	0
4191.439787331	3566.440799177	-0.00397627	0.507945	0.111852	-0.0043855	-0.00129485	-0.000805301	0
4198.926477689	3567.75845797	-0.0020505	0.488746	0.106613	-0.00486519	-0.00137394	-0.000448095	0
4197.172375611	3567.439791428	0.00118353	0.456754	0.103999	-0.00536702	-0.000950112	-0.000567914	0
4192.65723979	3563.103268727	-0.00363626	0.443478	0.0612568	-0.00541864	-0.00112721	-0.000484078	0
4189.534038918	3569.351008997	-0.00407678	0.42236	0.0966732	-0.00470934	-0.00109765	-0.00033422	0
4191.449778148	3566.682339556	0.00272727	0.430599	0.0932255	-0.00494123	-0.000873187	-0.000398089	0
4200.640973312	3569.557634155	-0.005206	0.436141	0.143084	-0.00456481	-0.00129948	-0.000380403	0
4197.788594954	3568.115427032	-0.00322147	0.458367	0.0944464	-0.0042286	-0.00130654	-0.000624683	0
4198.304549308	3567.565382003	-0.00284345	0.503698	0.102654	-0.00427677	-0.00150698	-0.000437932	0
4207.518223811	3571.460513761	-0.0154691	0.481696	0.10229	-0.00513077	-0.00150644	-0.000202734	0
4204.980556199	3565.114020735	-0.00598569	0.436717	0.10758	-0.00532676	-0.00123072	-9.34418e-05	0
4202.108909836	3568.514607034	-0.00414047	0.437109	0.121779	-0.00524705	-0.00134249	-0.000252138	0
4202.792210381	3570.334367567	0.00094127	0.425977	0.0943589	-0.00470808	-0.00117603	-0.000429771	0
4213.884158549	3572.47435801	-0.00611374	0.40861	0.11554	-0.00438898	-0.00109046	-0.00070277	0
4183.707965132	3565.667713624	-0.0032468	0.45874	0.100421	-0.00483432	-0.00109047	-0.000848444	0
4197.220188808	3573.276105312	-0.00449401	0.483755	0.0903871	-0.00488205	-0.00148513	-0.00070277	0
4196.671764298	3574.299590331	-0.000222256	0.4914	0.0985283	-0.00512588	-0.00123513	-0.00070277	0
4208.284662229	3574.699812579	-0.00664721	0.43438	0.10278	-0.00497309	-0.00114077	-0.000339636	0
4198.121146446	3571.44305615	-0.00273304	0.435836	0.0828483	-0.00474584	-0.00119708	-0.000526596	0
4190.228400725	3572.465759485	0.00394986	0.449016	0.103387	-0.00437669	-0.000992438	-0.00030928	0
4197.049274468	3572.143705645	-0.00919305	0.431374	0.125481	-0.00547974	-0.00132667	-0.00070277	0
4200.690213769	3575.195921407	-0.00774536	0.454092	0.0737019	-0.00337101	-0.00129132	-0.000516403	0
4194.427041724	3571.479795302	-0.00745645	0.506583	0.100407	-0.00472335	-0.00160533	-0.000600257	0
4209.38436577	3568.661824202	-0.00980072	0.46827	0.104949	-0.00500125	-0.00139888	-0.000262677	0
4197.793233547	3570.907341996	-0.012698	0.461203	0.104909	-0.00497879	-0.0014805	-0.000421749	0
4195.900687286	3574.784495021	-0.0118738	0.452189	0.0495315	-0.00389214	-0.00194986	-0.000526939	0
4202.504260752	3572.787031641	-0.00660204	0.42539	0.082338	-0.00404237	-0.00148344	-0.00044625	0
4196.681041485	3573.004079253	-0.0100526	0.432722	0.0801786	-0.00388239	-0.00145261	-0.000434101	0
4199.231911248	3576.412221831	-0.00896253	0.427049	0.106943	-0.00347568	-0.00166692	-0.000319844	0
4193.216725563	3566.066111942	-0.00113899	0.45721	0.0874989	-0.00420445	-0.00129834	-0.000582905	0
4199.051719721	3566.66774812	-0.00827119	0.483128	0.111926	-0.00428111	-0.00141429	-0.000469793	0
4193.924289521	3560.046102299	-0.00760456	0.480592	0.0945594	-0.00459801	-0.001689	-0.000674406	0
4186.957478481	3567.26573644	-0.0065983	0.463767	0.11363	-0.00455376	-0.00103897	-0.000222746	0
4189.473737199	3566.298532674	-0.0116346	0.44605	0.0870861	-0.00438983	-0.00180669	-6.63477e-05	0
4184.584302541	3564.397476998	-0.00769144	0.417425	0.0741926	-0.00369	-0.00147971	-0.000194168	0
4179.141447965	3564.676017091	-0.00315018	0.434956	0.121238	-0.00407047	-0.0014026	-0.000139231	0
4175.790955997	3565.052007132	0.00452385	0.409378	0.0957987	-0.00369566	-0.00153074	-0.000230222	0
4179.802982801	3568.061751392	-0.00107802	0.448818	0.123486	-0.00427275	-0.001713	-0.00054119	0
4171.387503242	3562.312986124	-0.00287064	0.501995	0.0850942	-0.00365835	-0.0016769	-7.68369e-05	0
4184.957887748	3563.69813031	-0.00752861	0.488026	0.103633	-0.00470926	-0.00186983	-0.000854256	0
4182.796659862	3567.062759141	-0.00355628	0.494306	0.0912081	-0.00467637	-0.00159676	-0.000469651	0
4185.870977092	3568.554212361	-0.0141326	0.443557	0.0844711	-0.00422942	-0.00176651	-0.000454338	0
4189.78951839	3570.603788012	-0.0136382	0.426339	0.0680161	-0.00457808	-0.0017391	-0.000582656	0
4196.293540497	3569.822364496	-0.0123779	0.399138	0.0810715	-0.00254088	-0.00207796	-0.000418723	0
4185.469203508	3571.048826814	-0.00068194	0.422266	0.0917826	-0.00329384	-0.00156055	-0.000439387	0
4192.754293445	3566.983287926	0.0023505	0.464889	0.0928807	-0.00363402	-0.00128143	-0.000449442	0
4191.401964951	3560.342100003	-0.00757568	0.512889	0.0761098	-0.00419846	-0.0013835	-0.000678313	0
4202.792924011	3570.421655622	0.00315097	0.506538	0.0928024	-0.00457718	-0.00124508	-0.000347102	0
4187.210103435	3567.986709721	-0.0089245	0.463109	0.105748	-0.00499343	-0.00152784	-0.000456809	0
4192.285795473	3569.866399366	-0.00104075	0.420151	0.0729706	-0.00418685	-0.00122743	-0.000115786	0
4198.509361064	3574.17660537	-0.00238054	0.404485	0.0948735	-0.00371902	-0.00140293	-0.000299181	0
4198.284924488	3571.980073112	0.00131819	0.439615	0.080921	-0.0039392	-0.0014397	-0.000425931	0
4190.668353504	3574.27640037	0.00251712	0.446605	0.0993275	-0.00385672	-0.00149698	-0.000531559	0
4193.715552801	3568.610233053	0.00641606	0.492453	0.0722544	-0.00435657	-0.00135474	-0.000202061	0
4202.767590152	3562.570681308	-0.00337353	0.49914	0.0932631	-0.00430534	-0.00112205	-1.48891e-05	0
4204.918827221	3568.543008222	-0.00176878	0.455048	0.0876999	-0.00498184	-0.00106872	-0.000542703	0
4200.97388162	3573.356358211	-0.0032115	0.439306	0.0740422	-0.00395534	-0.00100403	-0.000195058	0
4209.346186575	3573.519730183	-0.0014009	0.438391	0.0953358	-0.00438168	-0.000979106	-0.000147555	0
4197.600196683	3573.038733914	0.000250901	0.393768	0.0913666	-0.00395489	-0.00100358	-5.42139e-05	0
4197.038213206	3576.082611712	-0.00226964	0.451583	0.112693	-0.00420316	-0.00114391	-0.000309643	0
4194.795988337	3571.033974816	-0.00639633	0.448719	0.0953595	-0.0038712	-0.00106183	-0.000211667	0
4186.524662	3564.491018526	-0.0117181	0.494193	0.11258	-0.00446786	-0.00149779	-0.000546081	0
4192.965884684	3571.414654962	-0.00864073	0.486393	0.0909577	-0.00485533	-0.0012881	-0.000359803	0
4192.502382121	3563.524335883	-0.0174734	0.431361	0.100826	-0.00540734	-0.00128457	-0.000565504	0
4197.143473604	3568.064617567	-0.0178094	0.436337	0.07011	-0.00488865	-0.00142105	-0.000371311	0
4194.837735681	3565.05930285	-0.0194188	0.392338	0.100565	-0.00382427	-0.00153581	-0.000394499	0
4192.652601196	3564.408160013	-0.0131315	0.408254	0.0874122	-0.00388256	-0.00136208	-0.000326911	0
4195.607742248	3569.811942042	-0.00799788	0.425581	0.113143	-0.00346689	-0.00146631	-0.000318306	0
4195.122117161	3563.998036434	-0.0111312	0.470976	0.0978934	-0.00462548	-0.00159257	-0.000454043	0
4207.341957247	3566.013478547	-0.00510357	0.500087	0.100385	-0.00459228	-0.000980896	-0.000292545	0
4201.207595383	3563.165021769	-0.0089637	0.49138	0.0938767	-0.00475509	-0.00161279	-0.000280563	0
4204.929888483	3565.975436589	-0.0100406	0.425323	0.0668002	-0.00413394	-0.00152724	-7.86232e-05	0
4203.286399026	3568.828322911	-0.0105028	0.399959	0.0802848	-0.00387226	-0.00155248	-0.000345792	0
4199.49238613	3562.498245251	-0.00679216	0.405904	0.0741062	-0.00367089	-0.00144746	-0.000358492	0
4194.7663727	3570.088658205	-0.00782496	0.401837	0.0918271	-0.00348589	-0.00147102	-0.000438572	0
4191.648880866	3571.265353303	-0.00571578	0.439408	0.0903694	-0.00374088	-0.00106661	-0.000307314	0
4197.967359222	3569.284305289	-0.00122994	0.478741	0.0915658	-0.00388456	-0.00141874	-0.000421651	0
4198.433359489	3569.613394286	-0.000936385	0.490616	0.0894136	-0.0044501	-0.0012753	-0.000527159	0
4194.033831698	3564.886550669	0.00800201	0.467373	0.129463	-0.00498543	-0.000906892	-0.000294888	0
4203.850523392	3574.32616759	-0.00139838	0.442218	0.0893975	-0.00458776	-0.000952621	-0.000228532	0
4193.39763072	3577.458115127	0.0086779	0.430883	0.0902556	-0.00404454	-0.000590055	-0.000359159	0
4200.30628093	3574.360561689	-0.00330641	0.437021	0.0955346	-0.00398009	-0.00108213	-0.000414546	0
4192.293645401	3574.148464743	0.00372837	0.405883	0.0822479	-0.00371385	-0.000716134	-0.000501901	0
4187.769946022	3566.919450393	-0.00755055	0.47666	0.104495	-0.00452673	-0.00107019	-0.000452483	0
4197.515988365	3573.972064703	-0.0127783	0.469717	0.0853663	-0.00474832	-0.00145866	-0.000270228	0
4194.552640571	3567.723021625	-0.0107614	0.470334	0.096435	-0.00502053	-0.00112462	-0.000760175	0
4194.810260933	3567.079695629	-0.015731	0.450187	0.0543949	-0.00450522	-0.00136344	-0.000468295	0
4196.26535212	3567.068752052	-0.0124713	0.409941	0.0747767	-0.00355922	-0.00136962	-0.000265047	0
4193.461500588	3570.573562895	-0.00585909	0.42822	0.0761919	-0.00340431	-0.00123084	-0.000267711	0
4199.894873344	3568.05940634	-0.00682187	0.414284	0.0875478	-0.00316258	-0.00128476	-0.000257984	0
4186.141799606	3562.310119949	-0.00486675	0.455735	0.0663995	-0.0037334	-0.00122433	-0.000496512	0
4189.121204071	3564.824797627	-0.00855766	0.504868	0.0845553	-0.00389292	-0.00134523	-0.000542023	0
4200.248120101	3564.665073514	-0.0026572	0.486066	0.0836711	-0.00432864	-0.000958786	-0.00039372	0
4194.998659203	3563.365914577	-0.00602111	0.472807	0.0826126	-0.00426402	-0.000806972	-0.000542022	0
4190.466396267	3563.821115271	-0.0109083	0.460507	0.0818496	-0.00432217	-0.00148437	-0.000250879	0
4192.80995657	3564.040507936	-0.0129696	0.414337	0.076872	-0.00379877	-0.00150871	3.85356e-05	0
4198.382334957	3561.987544987	-0.0133657	0.430787	0.0909895	-0.00380624	-0.00185409	-1.44427e-05	0
4193.564263281	3560.034116477	-0.0113105	0.408342	0.0802188	-0.00336488	-0.00169813	-0.000158694	0
4191.147199108	3563.665299578	-0.012873	0.457927	0.0909312	-0.00357739	-0.00181299	-0.000357439	0
4188.148883452	3567.929386222	-0.00534855	0.497207	0.0742807	-0.0039073	-0.00164862	-0.000275867	0
4202.673034202	3564.34223799	-0.00461483	0.480381	0.110966	-0.00456969	-0.00161596	-0.000503797	0
4196.596476353	3563.468575752	-0.00608895	0.481585	0.0792127	-0.0047287	-0.00164858	-0.000503797	0
4200.034744787	3572.567638977	-0.0137597	0.430926	0.0779171	-0.00400625	-0.0016114	-0.000503798	0
4190.154183224	3570.230143023	-0.00308015	0.412685	0.0603029	-0.0038291	-0.00148438	-0.000265273	0
4197.326162835	3571.343782272	-0.00335143	0.41346	0.0985769	-0.00397941	-0.0016262	-8.40526e-05	0
4189.77132083	3567.486953034	-0.00094406	0.428231	0.0815809	-0.00428921	-0.00159814	-0.000299687	0
4187.53266411	3570.69159719	0.00666457	0.470149	0.0947478	-0.00414753	-0.00163981	-0.000136503	0
4198.959661475	3567.626613922	-0.00386211	0.477021	0.0920296	-0.0047548	-0.00159733	-0.000529884	0
4193.538929423	3565.001197667	0.00167811	0.480591	0.0945331	-0.00474455	-0.0013861	-0.000216451	0
4193.235993568	3571.083481475	-0.00216846	0.468285	0.0982047	-0.00489552	-0.0016703	-0.000103407	0
4194.381726231	3562.885699992	-0.00507283	0.428314	0.0690116	-0.00440426	-0.00146676	-5.9054e-05	0
4196.494784104	3567.126336113	-0.00636776	0.427215	0.0875367	-0.00393235	-0.0016856	-0.000223836	0
4183.379338604	3568.31449591	-0.00262188	0.449732	0.0711841	-0.00403942	-0.0012551	2.3982e-05	0
4192.022109257	3565.624199877	-0.00525237	0.430749	0.0842809	-0.00365726	-0.00169256	-0.000272566	0
4187.716780601	3566.343870351	0.000981275	0.46274	0.0859769	-0.00473217	-0.00165675	-0.000260202	0
4190.840338289	3563.61761685	0.00216911	0.450373	0.0740081	-0.00323753	-0.00167378	-0.000296487	0
4187.366031549	3564.45349769	-0.00583963	0.502318	0.0819502	-0.0043103	-0.00158843	-0.000354781	0
4202.719063325	3560.068250015	-0.000261215	0.47638	0.0847649	-0.00437335	-0.00199165	-0.00035191	0
4194.129101277	3564.463920144	-0.00496979	0.488922	0.0612587	-0.00422444	-0.00171041	-0.000298682	0
4204.96021775	3565.400117108	-0.0127431	0.447565	0.0584322	-0.0040007	-0.0015155	-0.000335111	0
4214.79118204	3566.934562952	-0.0207693	0.424202	-0.0304904	-0.0036771	-0.00182916	-0.000328113	0
4201.802049017	3561.17146681	-0.0155764	0.464547	0.0273128	-0.00302616	-0.00190914	-0.000162927	0
4213.669712791	3575.310307843	-0.00699675	0.426037	0.0771442	-0.00387207	-0.00136992	-0.000586352	0
4218.482789058	3565.697417619	-0.00352273	0.44299	0.123827	-0.00408628	-0.00159828	-0.000485202	0
4201.471638414	3563.333344407	0.00158307	0.466426	0.115942	-0.00440516	-0.00162288	-0.000383875	0
4231.399131841	3570.989158263	0.0174848	0.478366	0.214592	-0.00538706	-0.000817877	-0.00063613	0
4214.900724217	3575.254547713	0.0239691	0.462774	0.281975	-0.00512143	-0.000529862	-0.000189973	0
4228.51678103	3581.905376406	0.0185925	0.425809	0.40623	-0.00458627	-0.000609053	-0.000309385	0
4199.217995467	3563.660088351	0.00352352	0.349531	0.457852	-0.00271008	-0.00039205	-0.00113915	0
4188.972055441	3561.897911879	0.0116961	0.371553	0.444449	-0.00286655	-0.00048702	-0.00118394	0
4188.389733514	3562.2929229	-0.00667012	0.384814	0.469261	-0.00351071	-0.000683493	-0.00129655	0
4179.282033038	3562.974290854	-0.0022699	0.419689	0.473333	-0.00306	0.0007894	-0.00190936	0
4180.513758093	3565.637749067	0.00170047	0.448734	0.490832	-0.00323654	0.000774315	-0.00195965	0
4166.046697729	3557.684374139	-0.00472047	0.47438	0.46275	-0.00334761	0.00049003	-0.00248654	0
4191.542193209	3568.753281239	0.00821391	0.515633	0.45995	-0.00307944	0.000546721	-0.00226602	0
4190.542041027	3567.294658751	0.011078	0.509931	0.470574	-0.00410905	0.000231025	-0.00207222	0
4197.083171884	3572.600209146	0.00321184	0.46109	0.460974	-0.00481804	7.98142e-05	-0.00198814	0
4178.519876399	3566.917105341	0.0109066	0.445761	0.454313	-0.0050149	-8.59061e-05	-0.00226108	0
4188.772239093	3575.476806552	0.0223986	0.405517	0.40543	-0.0040374	4.72503e-05	-0.00221089	0
4188.784727615	3567.359017406	0.0245359	0.384913	0.412381	-0.00371641	0.000138449	-0.00201265	0
4188.282689042	3566.311821304	0.028142	0.413628	0.397288	-0.00367493	0.000116668	-0.00210954	0
4193.358737895	3565.526749928	0.0319975	0.433045	0.408148	-0.00391493	2.00321e-05	-0.00172464	0
4184.049080182	3565.672924851	0.0355428	0.474904	0.368588	-0.00409232	0.000361298	-0.00197787	0
4183.575943617	3572.59135006	0.0247734	0.49564	0.396555	-0.00396257	1.72189e-05	-0.00190119	0
4189.176510382	3564.992078019	0.02776	0.512611	0.363325	-0.00440015	0.000105494	-0.00212146	0
4178.100975699	3572.528815334	0.0218443	0.509058	0.380235	-0.00428832	1.98185e-06	-0.00212146	0
4179.650979651	3568.368432112	0.0174777	0.486433	0.357268	-0.00460778	-8.0329e-05	-0.00190408	0
4181.044341859	3573.970761896	0.0224328	0.441565	0.312216	-0.00335584	-0.000170647	-0.00152432	0
4161.678926464	3569.83461088	0.0176643	0.453444	0.303626	-0.00396958	-0.000387217	-0.00152432	0
4157.616588759	3571.901904704	0.0198874	0.409504	0.298911	-0.00313558	-0.000464666	-0.0013976	0
4159.391386102	3561.82912368	0.0217764	0.421054	0.334638	-0.00365464	-0.00047185	-0.00163176	0
4144.982486567	3557.584318578	0.0246345	0.463658	0.31754	-0.00359593	-0.000734405	-0.00160729	0
4155.580602905	3565.555672239	0.0237194	0.481202	0.346452	-0.0044102	-0.000686212	-0.00143723	0
4149.963622655	3562.423203579	0.0185877	0.502828	0.31027	-0.00446835	-0.000844385	-0.00193587	0
4161.265021173	3561.70249086	0.0246996	0.474751	0.342413	-0.00487005	-0.000477161	-0.00184123	0
4151.451183998	3560.880419771	0.0210432	0.460985	0.300363	-0.00448671	-0.000517328	-0.0015656	0
4155.248051413	3559.545042805	0.0285845	0.451733	0.342278	-0.00424603	-0.000413396	-0.00152901	0
4146.551758523	3564.425878186	0.032517	0.433883	0.327067	-0.00479332	-0.000165912	-0.0016709	0
4158.464380976	3560.387958802	0.0307507	0.456646	0.360085	-0.00434025	-2.17721e-05	-0.00142183	0
4155.564546235	3556.510284655	0.025407	0.43636	0.364192	-0.00534008	0.000370363	-0.00193587	0
4153.96779953	3561.137333272	0.0309132	0.478142	0.376776	-0.00486205	0.000492095	-0.0014728	0
4150.106705432	3556.845366563	0.0140558	0.46769	0.382436	-0.00521053	-9.60524e-05	-0.00156349	0
4163.956476009	3560.314741061	0.0121039	0.441035	0.357469	-0.00481886	-0.000140199	-0.00124761	0
4149.373093985	3558.783421953	0.0132261	0.449187	0.322117	-0.0033533	-0.000576866	-0.00143136	0
4161.31426163	3551.654984288	0.00658464	0.449628	0.29825	-0.00384782	-0.000630945	-0.0012462	0
4155.167411244	3561.761117165	0.0045791	0.445214	0.305593	-0.00347403	-0.000629137	-0.00142569	0
4164.932721592	3560.40671922	0.00678295	0.491014	0.297449	-0.00431491	-0.000822346	-0.00141655	0
4167.357635693	3554.554250532	0.00855059	0.478404	0.349733	-0.00490456	-0.000589578	-0.00159597	0
4173.982618054	3553.952874914	0.00405315	0.465056	0.334208	-0.00509196	-0.000741131	-0.00184427	0
4174.346212443	3557.568945457	0.0123733	0.467852	0.287241	-0.00357291	-0.000379137	-0.00141464	0
4176.851409898	3562.100889178	0.00403373	0.45326	0.28152	-0.00440502	-0.000593351	-0.00147597	0
4178.376436806	3568.438001995	0.00928396	0.422553	0.267125	-0.00305552	-0.000538783	-0.00131716	0
4178.929143096	3566.994752626	-0.00336245	0.456813	0.283852	-0.00369689	-0.00110876	-0.0015787	0
4183.626611334	3569.471127784	0.00737145	0.431307	0.264374	-0.0029936	-0.000838407	-0.00129033	0
4169.6294762	3567.600818348	0.00240233	0.476953	0.269973	-0.00305722	-0.00107398	-0.00161679	0
4178.0602988	3563.86124172	0.002526	0.483551	0.269436	-0.00377857	-0.00106627	-0.00153629	0
4187.316791092	3567.666219249	0.00387598	0.502053	0.253849	-0.00322788	-0.00121065	-0.00144959	0
4174.159241432	3563.855769932	-0.000633302	0.497425	0.278103	-0.00438684	-0.00118418	-0.0013881	0
4176.211640772	3565.491053022	0.00486662	0.44982	0.287014	-0.00423078	-0.000827701	-0.00166757	0
4177.664947884	3567.61853652	0.00365586	0.435612	0.243586	-0.00364682	-0.000831347	-0.00137477	0
4185.510237222	3569.240791542	0.0113021	0.420793	0.284307	-0.00336681	-0.000773705	-0.00127585	0
4177.7156156	3569.403381831	0.0116862	0.417776	0.265842	-0.00332676	-0.000686214	-0.00142039	0
4173.552656092	3571.921707367	0.00748722	0.433623	0.293839	-0.00297811	-0.000879905	-0.0013961	0
4167.240243589	3566.76728256	0.0174824	0.467399	0.2722	-0.00400107	-0.000737133	-0.0015858	0
4179.422618111	3564.516553539	0.0135779	0.504095	0.29396	-0.00374198	-0.000603637	-0.00135266	0
4182.531903202	3563.802094292	0.00206755	0.487142	0.288806	-0.00437848	-0.00095534	-0.00121194	0
4182.379186422	3560.804075293	-0.00178101	0.471726	0.280776	-0.00442514	-0.000662229	-0.00134743	0
4175.370628038	3560.746491233	-0.00022541	0.478444	0.270976	-0.00390604	-0.000924209	-0.00122256	0
4177.785194507	3559.867617768	0.00451113	0.408716	0.264269	-0.00300971	-0.000921686	-0.00111865	0
4174.724793058	3565.100210983	0.00610211	0.427518	0.290026	-0.00311702	-0.000903651	-0.00115273	0
4166.393165002	3560.055221947	0.00917058	0.438705	0.262794	-0.00298253	-0.000690656	-0.00120159	0
4160.999194068	3559.321481159	0.00460811	0.460846	0.283779	-0.00341379	-0.000768448	-0.00165735	0
4156.025194278	3556.343525385	-0.00294118	0.480298	0.292209	-0.00451471	-0.00104982	-0.00121767	0
4171.875982848	3559.670893942	-0.00115495	0.463866	0.293693	-0.00402633	-0.00109354	-0.00151107	0
4169.862833149	3556.989456995	-0.00273895	0.469475	0.270803	-0.00459953	-0.000696325	-0.00137799	0
4177.752724351	3557.938160903	0.00194571	0.446394	0.246916	-0.00221845	-0.00110109	-0.00130035	0
4175.080537519	3559.320438914	-0.00386165	0.440289	0.235672	-0.00325115	-0.000592777	-0.00113603	0
4176.646598142	3560.003370236	-0.0146623	0.452002	0.241575	-0.00327425	-0.000960501	-0.00133495	0
4176.893870872	3559.288129305	-0.0105732	0.473755	0.23591	-0.00386547	-0.000616873	-0.00126802	0
4187.64541762	3558.066096531	0.00309472	0.497445	0.263884	-0.00323066	-0.00107424	-0.00126313	0
4184.744869249	3556.719515426	0.00801541	0.471055	0.294985	-0.00496705	-0.000723861	-0.00126313	0
4183.831066275	3557.197906082	0.00907974	0.457108	0.290652	-0.00451527	-0.000387938	-0.00126313	0
4192.857769767	3558.796450021	0.00659348	0.441449	0.261187	-0.00392059	-0.000427072	-0.00134646	0
4194.844158349	3563.128282617	0.00699458	0.415667	0.240978	-0.00218691	-0.000733567	-0.00131233	0
4188.381526771	3563.564722894	0.00574026	0.461194	0.308787	-0.00355623	-0.000717113	-0.0015857	0
4186.967826114	3560.860617108	0.0123624	0.457548	0.283032	-0.00327482	-0.00063163	-0.00139465	0
4181.919965638	3560.457007563	0.00838778	0.482456	0.273245	-0.00315826	-0.000778796	-0.0015064	0
4190.279425256	3566.165906943	0.00593951	0.5197	0.277527	-0.00375088	-0.000707558	-0.0014681	0
4199.254390588	3560.737632147	0.0126257	0.509519	0.286506	-0.00421345	-0.00035388	-0.00153819	0
4186.361240773	3571.076185757	0.00916407	0.50294	0.270828	-0.00440345	-0.000781712	-0.00117673	0
4196.370255702	3564.914170173	0.00608007	0.445556	0.263528	-0.00368971	-0.000390675	-0.00130287	0
4192.10667439	3573.721404675	0.0157108	0.433027	0.244309	-0.00389146	-5.25622e-05	-0.0010836	0
4193.919650928	3568.984659726	0.0149405	0.414575	0.268438	-0.00309516	-2.32445e-05	-0.000997841	0
4189.648576503	3572.004305318	0.00650893	0.418273	0.254817	-0.00323522	-0.0001133	-0.00125879	0
4191.547545432	3573.000691956	0.0101389	0.464307	0.306261	-0.00356294	-9.48908e-05	-0.0011757	0
4218.974123184	3584.864571762	-0.0221287	0.491141	0.337181	-0.0032906	-0.000590753	-0.00134366	0
4209.059664205	3576.373398189	-0.00837741	0.475515	0.331807	-0.00439136	-1.90263e-05	-0.00121542	0
4192.151276253	3573.899368083	-0.00665673	0.498331	0.341982	-0.00439206	-0.000155105	-0.00111081	0
4192.532354573	3569.876561259	-0.00292517	0.449589	0.296968	-0.0034357	0.000345441	-0.00116185	0
4199.945184246	3567.628958974	-0.00800679	0.456288	0.264456	-0.00331263	9.78677e-05	-0.00163541	0
4216.466071209	3583.151901948	-0.0121937	0.473346	0.158423	-0.00291033	-0.000304825	-0.00124541	0
4205.257444566	3572.730229265	-0.0119366	0.459887	0.134376	-0.00270798	-0.000657721	-0.000880171	0
4196.587912795	3568.995342742	-0.00992438	0.486776	0.106422	-0.00288866	-0.00058284	-0.000863307	0
4199.386412103	3568.686056409	-0.0142442	0.492151	0.188574	-0.00332667	-0.000369207	-0.00108487	0
4217.683523669	3570.418789447	0.00878306	0.459976	0.227956	-0.00372728	-3.16656e-05	-0.00121776	0
4196.179359727	3559.276925167	0.00926557	0.451813	0.247791	-0.0037335	0.000189251	-0.00102453	0
4200.713406738	3562.041481188	-0.000904525	0.432249	0.209554	-0.00326163	0.000133241	-0.00119465	0
4194.93728704	3557.811267521	0.00788956	0.420525	0.212048	-0.00291659	0.000122153	-0.00102482	0
4189.927962574	3561.376268038	0.00525154	0.45228	0.235003	-0.00315418	0.000152674	-0.00117519	0
4188.400794776	3557.318545991	0.00641964	0.443081	0.218253	-0.00280759	0.000120395	-0.000964788	0
4189.0309299	3553.407780551	0.00362577	0.502612	0.222729	-0.00351974	-0.00016167	-0.00123858	0
4192.840642652	3560.593541715	0.00660601	0.511039	0.200931	-0.00382034	-0.000148617	-0.0009506	0
4200.286656111	3555.196273721	0.00349057	0.505543	0.238597	-0.00421518	-0.000140041	-0.00119692	0
4185.932706071	3560.497134012	0.0058072	0.478314	0.234254	-0.00449124	-0.000101644	-0.00127349	0
4195.809699485	3553.354626034	0.00767848	0.44264	0.216354	-0.00360507	4.80434e-05	-0.0011032	0
4188.095718031	3558.438178152	0.00306158	0.434289	0.177339	-0.0034295	7.6508e-05	-0.0011032	0
4189.774888979	3561.994580143	-0.00357964	0.419142	0.208971	-0.00294293	-5.68238e-05	-0.000911335	0
4187.174065129	3563.813037869	-0.00199939	0.424976	0.197457	-0.00328722	0.000220574	-0.000770055	0
4199.090255731	3561.462774409	-0.00973963	0.44304	0.204497	-0.00208626	-0.000440836	-0.000982752	0
4185.610145396	3562.699919743	-0.000343255	0.485313	0.206222	-0.00337977	0.000213417	-0.00104801	0
4192.873826438	3562.977157029	0.00510274	0.498265	0.244277	-0.00375622	5.37897e-05	-0.00101636	0
4193.319488256	3557.529340131	-0.00464684	0.484241	0.248516	-0.00425056	-4.13223e-05	-0.000981337	0
4209.865352263	3562.182184322	0.00491643	0.447415	0.210733	-0.00312424	8.42258e-05	-0.000998774	0
4197.348998989	3561.041967814	0.013011	0.458366	0.222	-0.00267539	-1.24383e-05	-0.000843261	0
4196.743484094	3564.374026475	0.0126016	0.41302	0.221114	-0.00238808	1.93403e-05	-0.000988245	0
4194.00635695	3558.75033066	0.00991545	0.433508	0.212591	-0.00174296	-0.000152422	-0.00110788	0
4193.699852945	3563.270288558	0.0187679	0.466496	0.200469	-0.00256158	-0.000232424	-0.000964791	0
4197.037499576	3563.511047254	0.0158394	0.477514	0.206808	-0.002548	-0.000303369	-0.00111878	0
4199.001408819	3560.725385763	0.0178521	0.513555	0.219504	-0.0036394	-0.000323197	-0.00143222	0
4205.005890058	3569.579260748	0.0140507	0.48111	0.240503	-0.00370981	0.000130313	-0.000945875	0
4200.763360825	3561.915630051	0.0141501	0.450601	0.186148	-0.00296924	-9.83443e-05	-0.00105589	0
4187.098063554	3566.150273261	0.0146821	0.439843	0.199059	-0.00254886	-0.000225002	-0.00104474	0
4197.097087666	3572.615582267	0.0170206	0.417884	0.182487	-0.00239329	5.53749e-05	-0.000949737	0
4188.816484142	3569.971145032	0.0167056	0.429982	0.217977	-0.00221301	-0.000279365	-0.000907653	0
4186.328056987	3568.963554256	0.0118306	0.443538	0.202407	-0.00239604	-0.000263815	-0.000922878	0
4182.603622998	3564.987909038	0.0167953	0.490907	0.207831	-0.00231798	-0.000325151	-0.00103153	0
4194.63328074	3566.10988625	0.0100898	0.491239	0.215408	-0.00284586	-0.000157929	-0.00112719	0
4194.93443252	3572.800059709	0.0200236	0.49815	0.23297	-0.00339989	5.04279e-05	-0.000973567	0
4188.840747555	3566.112752425	0.00673537	0.479358	0.218044	-0.00328024	-0.000254608	-0.000950941	0
4190.98734603	3565.835254578	0.0158982	0.429845	0.206376	-0.00236196	-8.61174e-05	-0.00091525	0
4180.918386197	3564.998070931	0.00662718	0.437615	0.228503	-0.00256463	-0.000250302	-0.000998791	0
4195.214175407	3566.556748981	0.00862373	0.402859	0.211817	-0.00216219	-0.000383752	-0.00080136	0
4195.950641373	3568.230855714	0.010625	0.421368	0.263963	-0.00280685	-0.000591614	-0.00106697	0
4190.066049943	3569.947955071	0.0111129	0.447136	0.238338	-0.00245908	-0.000482705	-0.000987562	0
4184.701337831	3559.04163826	0.00587079	0.487287	0.252325	-0.00302173	-0.000469241	-0.00120572	0
4183.840700277	3557.167159841	0.0105334	0.515032	0.231491	-0.00401296	1.60751e-05	-0.0014047	0
4188.84039074	3554.942747518	0.0190798	0.494292	0.233016	-0.00329273	1.86318e-05	-0.00106382	0
4185.452433208	3554.97766274	0.00845605	0.484363	0.196983	-0.00380275	2.12607e-05	-0.00110592	0
4194.332842589	3560.468211701	0.0222273	0.448044	0.247458	-0.0029817	0.00050016	-0.00117352	0
4216.070006664	3574.107035487	0.0245782	0.389591	0.255174	-0.00306386	0.000679476	-0.000849246	0
4212.550027616	3578.107434034	-0.00387781	0.424363	0.208015	-0.0022612	-0.000362538	-0.00122642	0
4185.001062352	3551.909552736	0.0122994	0.522229	0.203205	-0.00349375	0.000228364	-0.00103024	0
4181.998821732	3549.043117223	0.00919531	0.5299	0.231288	-0.0036883	0.000309045	-0.00120687	0
4192.20123034	3551.875679759	-0.00470469	0.502976	0.218686	-0.00391318	0.000282078	-0.00163635	0
4202.092139535	3559.488761552	-0.00207291	0.436603	0.183776	-0.00287883	0.000336812	-0.00127633	0
4191.659228498	3560.313959376	-0.00641874	0.438426	0.181773	-0.00276274	-2.14809e-05	-0.00129637	0
4197.93595951	3564.167140756	0.00491582	0.430959	0.158227	-0.00269866	7.88193e-05	-0.00108293	0
4193.159278363	3556.90607736	-0.00197624	0.42905	0.142243	-0.00177192	-0.000167901	-0.00117896	0
4195.271979421	3568.058103533	-0.000285855	0.485462	0.134623	-0.00250464	-0.000206424	-0.000904093	0
4208.088770846	3562.614455617	0.00610171	0.502288	0.153403	-0.00294102	5.59084e-05	-0.00120266	0
4214.446498841	3572.642159525	0.0104341	0.5096	0.185649	-0.00378583	0.000240857	-0.0010352	0
4216.968466597	3577.440136393	0.00640102	0.481377	0.243203	-0.00440554	0.000605778	-0.00117916	0
4204.442836136	3567.267039247	0.00830309	0.466035	0.202681	-0.00418558	0.00068114	-0.00109798	0
4198.624255464	3572.344337892	-0.00204704	0.449399	0.223308	-0.00346783	0.000522302	-0.00113757	0
4193.862917358	3572.555653154	0.000455559	0.444308	0.213448	-0.00509909	0.000586007	-0.00140131	0
4212.864381548	3572.166635045	0.0102813	0.495531	0.223876	-0.00309693	7.78229e-05	-0.00105976	0
4215.21151	3572.471491835	0.00569773	0.459714	0.279402	-0.00495746	0.000362026	-0.00120243	0
4212.338436376	3573.02648753	0.009432	0.436667	0.232835	-0.0037007	0.000460555	-0.00141522	0
4196.929741475	3569.220728318	-0.00139123	0.474935	0.217771	-0.00361032	0.000212771	-0.00142697	0
4204.412150054	3563.234852213	-0.000506437	0.417886	0.179666	-0.00220406	-0.000144328	-0.00109403	0
4188.455030642	3560.133129793	-0.00275208	0.485121	0.209907	-0.0026525	-0.000214514	-0.00114153	0
4198.830494479	3563.000086428	0.0025949	0.504455	0.189655	-0.00303408	-1.94182e-05	-0.00106745	0
4193.976741313	3563.999599802	0.0027198	0.530447	0.201949	-0.0035862	-0.000268719	-0.00121588	0
4193.817601864	3556.666882032	0.00330601	0.515628	0.196962	-0.00393874	-0.000226472	-0.00110439	0
4195.706936792	3562.871108556	-0.00350267	0.479127	0.207701	-0.00394671	-9.67542e-05	-0.00119261	0
4198.742361197	3556.721599917	0.00904941	0.439451	0.171985	-0.00366111	0.000127916	-0.00126747	0
4194.78528389	3561.609991577	0.0139243	0.421442	0.214377	-0.00301782	0.000527447	-0.00090116	0
4200.763360825	3569.575612889	-0.000158573	0.396589	0.234617	-0.00326854	0.00127901	-0.00118774	0
4188.834681702	3567.968209864	0.00341394	0.438626	0.255646	-0.00319454	0.00177876	-0.00144655	0
4187.623651911	3567.895773806	-0.00216572	0.483109	0.27038	-0.00427242	0.00159641	-0.00165652	0
4191.655303534	3556.855007333	-0.00413853	0.469947	0.269055	-0.00439447	0.00121822	-0.0014216	0
4190.600915487	3557.556177951	-0.017202	0.493825	0.268278	-0.00462917	0.000439565	-0.00165053	0
4191.424801105	3559.112250388	-0.0175158	0.457646	0.208586	-0.00346577	0.000381841	-0.0012929	0
4188.989539371	3565.646087031	-0.00811874	0.433093	0.213349	-0.0027208	0.000209921	-0.00120346	0
4190.03964564	3563.261950594	-0.00559268	0.446386	0.203532	-0.00257516	0.000105739	-0.00100286	0
4197.828201408	3565.85297275	-0.0131739	0.445005	0.214049	-0.0024984	-0.000145431	-0.00112389	0
4188.862870079	3563.033177721	0.000877207	0.494204	0.209619	-0.00316898	0.00017764	-0.00133504	0
4204.3318667	3565.269836428	-0.00211829	0.497132	0.248398	-0.00353412	0.000197073	-0.00138576	0
4200.166766302	3558.185954756	0.00356651	0.468512	0.252226	-0.00419298	0.000259011	-0.00123229	0
4204.94130656	3562.229085367	0.00287935	0.46885	0.216177	-0.00340288	0.000697723	-0.00101129	0
4192.267597913	3561.677998092	0.00145722	0.460794	0.232159	-0.00288919	0.000207927	-0.00118506	0
4191.343090491	3558.18673644	-0.00196505	0.415122	0.222956	-0.00230265	0.000134353	-0.00108638	0
4189.525832175	3557.799281699	-0.00288548	0.4404	0.220628	-0.00238708	-0.000179319	-0.00140479	0
4180.337848345	3560.133650916	0.00420386	0.471115	0.201151	-0.00165847	4.54638e-05	-0.000893312	0
4193.935707598	3563.824242007	0.00449385	0.481465	0.233214	-0.00256906	4.8267e-06	-0.000943941	0
4183.278359985	3567.540889235	-0.00341485	0.498032	0.234928	-0.00422687	0.000102089	-0.00117501	0
4184.750221473	3566.287589097	-0.00499655	0.464136	0.255728	-0.00422802	0.000320121	-0.000943941	0
4186.352320401	3564.507433891	-0.00736238	0.449345	0.212243	-0.00372199	0.000329677	-0.00133354	0
4181.256289913	3561.89426402	0.00586615	0.44056	0.241192	-0.00324892	0.000311129	-0.00130454	0
4179.972469881	3568.26655262	-0.00174654	0.437771	0.238569	-0.00334584	0.000189507	-0.00102099	0
4179.567128148	3569.959419771	0.00130829	0.438179	0.211353	-0.00159932	-4.48236e-05	-0.00107963	0
4176.42465927	3565.534306208	0.00727455	0.484042	0.251706	-0.003372	0.000140683	-0.00143253	0
4186.735182795	3568.455980728	0.00508619	0.487595	0.205517	-0.00208061	-1.41481e-05	-0.0012886	0
4183.988778463	3563.105092656	0.00969501	0.524328	0.263074	-0.00387114	0.000349299	-0.00129158	0
4192.009977551	3562.131374857	0.0110205	0.491615	0.254747	-0.00445686	0.000336224	-0.00123727	0
4177.950399809	3560.397339011	0.0144505	0.448023	0.238717	-0.0040531	0.000512845	-0.00127633	0
4183.991632982	3568.387974214	0.0176923	0.451338	0.207814	-0.00366664	0.000881802	-0.0011048	0
4192.749298036	3568.976842886	0.00640896	0.413428	0.224699	-0.00295323	0.000542562	-0.00102769	0
4188.283402672	3565.917852529	0.00205094	0.413607	0.232437	-0.00285538	0.000467625	-0.00124757	0
4189.584349819	3568.219651576	0.0120938	0.48077	0.227601	-0.0031798	0.000837172	-0.00107944	0
4196.282479235	3563.655398247	0.010787	0.520793	0.251732	-0.00378283	0.000660119	-0.00121163	0
4204.252296976	3561.000799119	0.0133062	0.500384	0.268621	-0.00457779	0.000641746	-0.00110525	0
4190.249809619	3557.476706736	0.0104024	0.484868	0.262741	-0.00461651	0.000654542	-0.00125196	0
4199.170539085	3568.257172411	-0.00620532	0.470608	0.208133	-0.00401049	-0.00018489	-0.000802177	0
4196.917252953	3569.528451283	-0.000978659	0.434341	0.195114	-0.00324693	2.14193e-05	-0.000816666	0
4193.108253831	3566.831380654	0.0113299	0.43765	0.192391	-0.00320765	0.000456091	-0.00118736	0
4190.957016763	3564.522285889	0.0193683	0.452209	0.227429	-0.00272397	0.000708413	-0.000908529	0
4185.840291011	3563.022234144	0.00942432	0.47161	0.214301	-0.00281792	0.000582872	-0.00120517	0
4197.659071143	3569.681661362	0.0112752	0.499204	0.215941	-0.00311053	0.000756231	-0.00114716	0
4191.197866824	3569.117546019	0.0104256	0.511863	0.251818	-0.00389201	0.000836701	-0.00115201	0
4195.480359327	3569.329903527	0.0103228	0.47067	0.225695	-0.00455147	0.00100304	-0.0011837	0
4180.16514993	3568.259778025	0.00191443	0.453055	0.216002	-0.0035135	0.00092481	-0.0012875	0
4188.078234101	3571.921446806	0.00957065	0.45235	0.190502	-0.00326428	0.000898973	-0.0011638	0
4190.459616784	3563.594166327	-0.000848857	0.421046	0.215086	-0.00267155	0.000446069	-0.00123521	0
4180.890197819	3571.400584649	0.00873651	0.433113	0.211142	-0.00276884	0.000493126	-0.00139394	0
4186.750169021	3566.016865845	0.00535419	0.479815	0.22577	-0.00293375	0.000616565	-0.00116971	0
4192.318265629	3570.77393458	0.00493516	0.479669	0.252482	-0.00444192	0.000645553	-0.00137073	0
4196.541526857	3563.885734488	0.00792067	0.481385	0.260527	-0.00460358	0.000698403	-0.00119094	0
4178.301862491	3560.959109302	0.00983317	0.490014	0.253597	-0.00429951	0.000655444	-0.00126541	0
4184.826579863	3569.309579741	0.0161989	0.440648	0.20402	-0.00336045	0.000709914	-0.00117338	0
4187.002437159	3562.87579866	0.0114632	0.433447	0.223221	-0.00308862	0.000633179	-0.00150284	0
4174.846823756	3557.935815851	0.0131221	0.458828	0.208273	-0.00336915	0.000302426	-0.00135896	0
4178.55198974	3568.06904711	0.0126865	0.445577	0.197477	-0.0021659	0.000444768	-0.00123499	0
4167.715521044	3562.707736583	0.0245619	0.488411	0.188833	-0.00318503	0.000284592	-0.00124539	0
4178.641907096	3561.476844723	0.0146289	0.506762	0.22006	-0.00346224	0.000414833	-0.00136216	0
4184.163617767	3563.683278312	0.0252065	0.494372	0.229321	-0.00422279	0.000446546	-0.00140353	0
4184.234980748	3560.687864927	0.0207694	0.492422	0.257528	-0.00391797	0.000588753	-0.00122716	0
4181.624166081	3558.851167906	0.0109982	0.457145	0.205445	-0.00344127	0.000463328	-0.0012947	0
4184.449069692	3561.080270334	0.0190065	0.438309	0.210735	-0.00286817	0.000354262	-0.00121035	0
4181.605254891	3566.269610364	0.0148445	0.446955	0.225952	-0.00286831	0.000145973	-0.0012205	0
4177.69741804	3564.085585051	0.0154235	0.42315	0.197997	-0.002496	-2.60542e-05	-0.00118383	0
4174.009379172	3565.579643884	0.0199865	0.476113	0.208544	-0.00290274	-0.000100073	-0.00168275	0
4171.12845562	3562.718940722	0.0218666	0.51396	0.197085	-0.00324179	6.89429e-06	-0.0014399	0
4183.953810602	3573.045247948	0.0216047	0.489907	0.229014	-0.00384107	0.000409926	-0.00153097	0
4189.293545671	3565.757346731	0.0197969	0.500535	0.236425	-0.00429726	0.00049016	-0.00145726	0
4181.329080154	3571.562132691	0.0250148	0.465256	0.236877	-0.00392043	0.000789433	-0.00145275	0
4185.641545108	3563.104310972	0.0211022	0.442811	0.213534	-0.00357953	0.000550709	-0.00159555	0
4178.508101507	3565.439461873	0.0272934	0.427308	0.211446	-0.00280213	0.000475152	-0.00142231	0
4180.930517904	3563.995691382	0.0232254	0.452458	0.228266	-0.00302918	0.000322471	-0.00143422	0
4173.207616078	3567.424157746	0.0181928	0.446344	0.208485	-0.00284754	0.000204929	-0.00138299	0
4181.55066221	3561.786391617	0.0160608	0.492318	0.224656	-0.00409725	0.000282899	-0.00173263	0
4180.484499271	3561.184234316	0.0165607	0.528658	0.17135	-0.0031755	-0.000169993	-0.00150365	0
4185.977307934	3565.572087605	0.0178783	0.510799	0.220002	-0.0038633	0.000202244	-0.00141617	0
4189.925821684	3561.325198011	0.0224077	0.472263	0.179315	-0.00381055	0.000450191	-0.00150543	0
4184.214999114	3563.108740515	0.0229501	0.446389	0.198576	-0.00319793	0.000518832	-0.00128402	0
4187.095922665	3571.598611282	0.0204445	0.438389	0.198297	-0.00332911	0.000222714	-0.00142833	0
4192.282584139	3571.24164222	0.0190776	0.460343	0.210382	-0.00353143	0.000496246	-0.00150714	0
4187.66290155	3560.221981217	0.0152901	0.50875	0.230684	-0.00419203	0.000537996	-0.00138691	0
4196.302104055	3557.991575982	0.0126572	0.466542	0.235477	-0.00467319	6.91129e-05	-0.00146944	0
4185.474198917	3561.157396496	0.0176424	0.448983	0.209349	-0.00362067	0.000300086	-0.00148899	0
4183.285139468	3563.434442214	0.00891642	0.467733	0.180611	-0.00366728	0.000149939	-0.00146652	0
4188.127117743	3557.917055433	0.0168109	0.44565	0.199953	-0.00308009	0.00011072	-0.00135536	0
4186.028332466	3558.941843259	0.00667493	0.460149	0.161745	-0.00328911	0.000251139	-0.00111571	0
4191.040511451	3562.064410588	-0.00237077	0.502472	0.145903	-0.00277518	-0.000288376	-0.000857323	0
4195.285895203	3558.435051415	0.00517047	0.511022	0.155932	-0.00385555	9.66651e-05	-0.00121177	0
4200.226711206	3561.6105127	0.00723664	0.501892	0.17494	-0.0038495	0.000552425	-0.00115315	0
4186.052239065	3562.099586371	0.0022472	0.496447	0.191233	-0.00399467	-2.84272e-06	-0.00112806	0
4194.440957505	3563.771608613	0.00630428	0.438804	0.149963	-0.00382929	-5.12007e-05	-0.0010606	0
4190.841408733	3565.970225362	0.0068332	0.418943	0.160417	-0.00316776	0.000156108	-0.00114974	0
4189.926892129	3566.815746972	0.00348492	0.442414	0.137945	-0.00306575	-0.000415539	-0.00131764	0
4186.309145797	3562.084994935	0.00501976	0.428276	0.156046	-0.00282982	-0.000450827	-0.00117594	0
4189.457323713	3560.608393712	0.00683771	0.479697	0.114083	-0.00323114	-0.000466984	-0.0011816	0
4196.951863999	3569.17330615	0.0110518	0.509114	0.161642	-0.00352991	-0.000252024	-0.0013191	0
4196.211116254	3568.052110622	0.00552365	0.484083	0.140149	-0.00430653	-0.000186023	-0.00129273	0
4194.439887061	3565.8816345	0.00612679	0.489801	0.157253	-0.00373273	-0.000122124	-0.00105965	0
4195.384019302	3568.264468129	-0.000151774	0.47023	0.135144	-0.00362767	-0.00036086	-0.00110688	0
4188.947435212	3564.051712074	0.00148762	0.427859	0.139682	-0.00281445	-0.00030737	-0.00111942	0
4181.300178146	3563.573321419	-0.000302198	0.448278	0.164475	-0.0030928	-0.000456267	-0.00122833	0
4180.121618512	3563.196549693	0.00697539	0.427012	0.143164	-0.00261527	-0.000474356	-0.00105903	0
4174.94459104	3564.26563295	0.00819296	0.477907	0.154413	-0.00313653	-0.000416443	-0.00133807	0
4184.035164401	3564.282308877	0.00842453	0.503134	0.14977	-0.00396095	-0.000345474	-0.00123847	0
4190.376835726	3564.895409755	0.0124849	0.482189	0.173363	-0.00413723	-0.000227118	-0.00156091	0
4177.66030929	3562.650934207	0.0108422	0.477382	0.137418	-0.00412283	-0.000129916	-0.00113931	0
4180.707508587	3558.5356281	0.00448059	0.456889	0.157492	-0.00340246	-0.000191369	-0.00110559	0
4185.660456298	3565.18385118	0.0159243	0.454627	0.148846	-0.00375101	1.17925e-05	-0.0012414	0
4185.837793306	3561.768152322	0.0187297	0.457039	0.164408	-0.00299703	2.23747e-05	-0.00102518	0
4180.017071744	3561.08912942	0.00853071	0.487108	0.150494	-0.00333159	-0.000108523	-0.00118399	0
4190.852469995	3560.341057758	0.0165746	0.503691	0.17937	-0.00374986	0.000109563	-0.00109839	0
4194.619364958	3558.546832238	0.00513244	0.511151	0.19692	-0.00415836	-7.22543e-05	-0.0013715	0
4195.121046716	3556.745832124	0.0117655	0.447872	0.172193	-0.00397733	-0.000194347	-0.00114384	0
4182.698535763	3557.443876005	0.00999242	0.456662	0.161291	-0.00406747	-0.000150591	-0.0013715	0
4189.219684985	3559.27953078	0.0150225	0.459292	0.144668	-0.00367182	-0.000171154	-0.0013715	0
4193.51252512	3560.70375917	0.016391	0.437695	0.178344	-0.00308947	0.000263992	-0.0013715	0
4189.364195022	3560.996369576	0.00638967	0.462049	0.159309	-0.00354405	0.000321303	-0.0013715	0
4188.038984461	3560.955722004	0.00547299	0.492113	0.178211	-0.00378373	0.00031064	-0.0013715	0
4196.971132004	3565.142682485	0.000945534	0.503282	0.170525	-0.0044233	0.000321582	-0.0013715	0
4198.310971976	3565.76099459	-0.00411952	0.489236	0.187729	-0.00427686	4.72553e-06	-0.00142317	0
4192.075988308	3562.756200996	-0.00124626	0.464013	0.160953	-0.00346676	-1.30362e-06	-0.00117038	0
4198.995342966	3566.373053223	0.00397813	0.457141	0.16294	-0.00350172	0.000287958	-0.00130433	0
4199.847416961	3564.078810455	-5.00121e-05	0.449868	0.202277	-0.00333647	-4.7026e-06	-0.0016138	0
4192.761072928	3565.239350749	0.00731341	0.43187	0.183548	-0.00319732	2.30828e-06	-0.00141881	0
4196.267849824	3565.340969679	0.0162602	0.4758	0.187192	-0.00315399	-5.18739e-05	-0.0013738	0
4196.333503767	3565.322469823	0.0132161	0.503923	0.187262	-0.00405761	-2.94909e-05	-0.00139742	0
4216.682657857	3567.418425396	0.0125027	0.49328	0.207573	-0.00457634	0.000117359	-0.00133861	0
4204.026433141	3561.434894344	0.0137323	0.469557	0.180807	-0.00493848	0.000383485	-0.00144209	0
4204.742917472	3563.307548832	0.00812291	0.478024	0.175612	-0.00365605	0.000119924	-0.00122123	0
4202.488204081	3566.110407373	0.0148407	0.445291	0.17656	-0.00353548	0.000149844	-0.00131439	0
4195.407925901	3572.06788229	0.0189388	0.448257	0.180809	-0.00319897	0.000295756	-0.0012755	0
4196.349560438	3568.399699475	0.0184623	0.478887	0.181084	-0.00336058	0.000109021	-0.00118001	0
4198.600348865	3568.423149997	0.0143732	0.489698	0.178732	-0.00357099	0.000274744	-0.00138399	0
4195.607742248	3563.564983455	0.00783686	0.496901	0.218135	-0.00428017	0.000100828	-0.00155869	0
4195.397578268	3563.878959893	0.00985681	0.472922	0.193752	-0.00456139	5.28328e-05	-0.0013348	0
4190.107797287	3566.780050066	0.00547784	0.465544	0.181146	-0.00427222	0.000229605	-0.00141986	0
4192.579810955	3571.242945026	0.00675189	0.458494	0.134007	-0.00258802	9.79398e-05	-0.00110622	0
4190.913128529	3567.537762499	1.40724e-06	0.450315	0.17473	-0.00279639	-0.000276742	-0.00116215	0
4192.280443249	3566.308694567	0.0120505	0.451502	0.144765	-0.00343221	3.58636e-05	-0.00128714	0
4184.563607277	3562.439358383	0.00781017	0.507164	0.188603	-0.00347124	6.9271e-05	-0.00138073	0
4208.345677578	3564.290386279	0.0115778	0.497668	0.198148	-0.00408884	-0.000164491	-0.00173242	0
4215.875899355	3562.249669714	0.00970697	0.488573	0.204472	-0.004439	0.000107752	-0.00108642	0
4192.344669932	3559.817068864	0.0112099	0.48965	0.202029	-0.00413769	0.000112985	-0.00138068	0
4205.030867101	3559.681055835	0.00937975	0.451773	0.168704	-0.00351873	-1.92528e-06	-0.00141126	0
4201.714629365	3562.886481676	0.0156531	0.437038	0.180839	-0.00297677	-0.000183378	-0.00141385	0
4185.784627885	3566.924661621	0.0122029	0.471387	0.170242	-0.00304743	-4.03817e-05	-0.00130983	0
4192.062786157	3560.901525241	0.0123541	0.473334	0.173907	-0.00287083	-0.000213398	-0.00140867	0
4190.376835726	3564.808642823	0.0160747	0.506403	0.179942	-0.00392269	8.18219e-05	-0.00143438	0
4194.810260933	3561.244163429	0.00871144	0.510588	0.204069	-0.00391435	0.000165279	-0.00146598	0
4196.210045809	3557.990012614	0.0111931	0.484819	0.178339	-0.00409344	2.99823e-05	-0.00156359	0
4199.150200635	3570.193664433	0.00811891	0.453258	0.157559	-0.00303636	0.000164282	-0.00113746	0
4197.190929986	3558.862372044	0.00624057	0.446791	0.1691	-0.00275942	-0.00026172	-0.00127363	0
4191.976436949	3572.47253408	0.0089606	0.420478	0.155397	-0.00230614	-0.000264823	-0.0010914	0
4187.441676309	3568.148257763	0.00355252	0.435477	0.166652	-0.00255132	-0.00046445	-0.001345	0
4181.000453625	3566.80376115	0.00750394	0.504818	0.166532	-0.0034227	-0.000449	-0.00135899	0
4194.470573142	3569.993032186	0.00854584	0.485719	0.194298	-0.00419313	-9.23528e-05	-0.00150374	0
4189.48693935	3565.609347879	0.00917844	0.487698	0.176083	-0.00426408	3.80919e-05	-0.00129304	0
4188.087868104	3567.677423387	0.00437277	0.469769	0.175676	-0.00341353	-0.000128812	-0.00131955	0
4197.443554939	3560.27435405	0.00287068	0.457904	0.156304	-0.00345611	-0.000208151	-0.000903363	0
4188.438260341	3569.701985148	0.00960023	0.447854	0.176897	-0.00292216	0.000170465	-0.00109657	0
4194.059165556	3565.276089901	0.00321974	0.460766	0.174984	-0.00343126	-0.000230341	-0.00118627	0
4191.229623351	3561.231395922	0.00641782	0.443421	0.153548	-0.00235612	-8.904e-05	-0.000875204	0
4189.907980939	3567.893689315	0.0110747	0.509304	0.188991	-0.00373427	-0.000284017	-0.00129199	0
4200.757294972	3562.079002024	0.0124568	0.48819	0.193944	-0.00389122	-4.28794e-05	-0.00142159	0
4193.058656559	3554.981831722	0.0116028	0.491682	0.211135	-0.00426294	-0.000201833	-0.00150118	0
4195.27554757	3560.697766259	0.0110727	0.470277	0.169661	-0.00384548	5.92162e-05	-0.00141536	0
4192.214075677	3556.035281297	0.0171933	0.450867	0.169574	-0.00327721	0.000265003	-0.00136252	0
4195.335492475	3563.617095727	0.016221	0.455642	0.145676	-0.00297458	-0.000115857	-0.00125373	0
4191.543263653	3558.324573399	0.0125714	0.448972	0.168435	-0.00271033	-0.000147455	-0.00120934	0
4181.052905416	3555.476898304	0.0210297	0.482547	0.136808	-0.00274064	7.88849e-05	-0.00126922	0
4188.914608241	3559.4405577	0.0228868	0.512122	0.174252	-0.00305906	2.76626e-05	-0.00116315	0
4192.148421734	3559.273016746	0.0172954	0.491872	0.192619	-0.00408617	0.00023858	-0.00155751	0
4199.331462607	3564.313055117	0.0188571	0.481952	0.177729	-0.00320213	0.000123575	-0.000983289	0
4184.909004106	3559.870223382	0.0162721	0.483954	0.182529	-0.00368574	0.00017151	-0.00125574	0
4188.704444261	3561.043270621	0.0319977	0.43723	0.154288	-0.00319793	0.000446895	-0.00113015	0
4199.767490422	3561.493260088	0.022409	0.419332	0.183122	-0.00294976	0.000180944	-0.00118536	0
4187.016709756	3567.157864037	0.0185545	0.467537	0.175217	-0.00347593	2.66784e-05	-0.00113113	0
4187.544795817	3561.250677463	0.0190496	0.496305	0.184813	-0.00390362	0.00042135	-0.00135944	0
4191.922914713	3564.582736124	0.0133714	0.500755	0.164637	-0.00429946	0.000202706	-0.00112479	0
4195.831465194	3568.334819696	0.00884502	0.487466	0.191596	-0.0041195	0.000299893	-0.00139135	0
4188.350127059	3565.684128989	0.00621332	0.461503	0.166012	-0.00403326	0.000584264	-0.00130592	0
4189.080527172	3563.951656512	0.0069911	0.464442	0.179573	-0.00388151	-1.32154e-05	-0.00122464	0
4199.563749111	3574.416842943	0.00450999	0.448376	0.149667	-0.00277771	-0.000159943	-0.000927973	0
4190.47388938	3572.119473439	0.0124568	0.465256	0.171085	-0.00331007	-2.64436e-05	-0.00114428	0
4197.952016181	3568.183172985	0.021777	0.505205	0.205306	-0.00413619	0.000102689	-0.00172389	0
4211.885638261	3566.597396553	0.0121253	0.484082	0.195792	-0.00462938	-5.47525e-05	-0.00138724	0
4202.327280558	3564.627031555	0.0177105	0.471225	0.19774	-0.00458253	-0.000177691	-0.00169514	0
4208.194031243	3569.546690578	0.0109471	0.462104	0.144955	-0.00402302	-6.96112e-05	-0.00158778	0
4197.240527258	3563.965205703	0.0202286	0.468856	0.147643	-0.00319776	-0.000243635	-0.00151562	0
4196.507629441	3561.27881809	0.00925898	0.490915	0.111834	-0.00395677	-0.00013561	-0.00172913	0
4200.193170605	3564.686439545	-0.00637227	0.503912	0.101197	-0.00356917	-0.00078366	-0.00119979	0
4195.50533637	3566.409010691	-0.00657221	0.500672	0.0965204	-0.00364651	-0.000747253	-0.00133526	0
4193.8711241	3562.65536375	0.00574487	0.520319	0.104511	-0.00356307	-0.000736456	-0.00145483	0
4202.158150293	3564.233583903	0.00391083	0.50451	0.10787	-0.00407605	-0.0006668	-0.00145483	0
4205.805869077	3560.057045876	0.0028105	0.500593	0.143172	-0.00423276	-0.000247198	-0.00133983	0
4189.590415673	3560.93201092	0.00223945	0.459536	0.146764	-0.00474444	-0.000465963	-0.00155651	0
4193.589953954	3567.168286491	0.00957182	0.449613	0.0836291	-0.00271825	-0.000202928	-0.00132201	0
4196.523329297	3565.716438598	0.0143954	0.428433	0.130838	-0.00282741	-0.000272574	-0.00134775	0
4187.084504588	3566.248504893	0.0191689	0.458695	0.119819	-0.00361504	-0.00019553	-0.00130935	0
4187.187624096	3562.865636767	0.0174867	0.466143	0.137044	-0.00334134	-0.000293463	-0.00134495	0
4180.341416494	3559.993729466	0.0160964	0.504758	0.118804	-0.00402507	-0.000304724	-0.00118385	0
4185.700062752	3562.218141789	0.0140015	0.526596	0.150523	-0.00398322	-0.000168206	-0.00159843	0
4187.657549327	3559.050236784	0.0199317	0.49772	0.142663	-0.00460619	-0.000116996	-0.0014318	0
4197.26907245	3563.681454383	0.0174904	0.486566	0.148202	-0.00417533	5.39554e-05	-0.00141656	0
4199.925916241	3561.317902293	0.00624843	0.458335	0.124099	-0.00437425	1.22871e-05	-0.00113614	0
4188.533173106	3567.337651375	0.0131393	0.438964	0.122383	-0.00335085	2.18055e-05	-0.00117067	0
4184.594293359	3567.558346846	0.00639517	0.465995	0.14485	-0.00423945	-5.49224e-05	-0.0012244	0
4190.084604318	3564.128056552	0.0133093	0.450991	0.101452	-0.00274078	-0.000261002	-0.00106131	0
4191.850481288	3564.177823772	0.0060981	0.487581	0.167919	-0.00407946	-0.00035486	-0.00156071	0
4202.781149119	3560.978390842	0.0169202	0.493099	0.182361	-0.00507125	-0.000363924	-0.0016426	0
4198.902214275	3567.934076326	0.00987499	0.463749	0.21743	-0.00574769	-0.000188872	-0.00159223	0
4184.069418632	3559.308713653	0.0202054	0.481128	0.13064	-0.00479035	9.59111e-06	-0.00140922	0
4184.633899813	3557.420425483	0.0142683	0.482961	0.142914	-0.0043075	-7.06307e-05	-0.00159603	0
4189.110499624	3562.697314129	0.0113906	0.47224	0.134629	-0.00428187	-0.00019889	-0.00144485	0
4187.212244324	3561.514365558	0.00977395	0.484064	0.143872	-0.00390479	-0.000158872	-0.00136562	0
4192.310772516	3566.520791514	0.00492185	0.499839	0.139011	-0.00370644	-0.000288746	-0.00140624	0
4197.476738726	3567.254011179	0.0113201	0.51591	0.126617	-0.00374323	-0.000114301	-0.00148841	0
4196.106569487	3560.402289677	0.0114268	0.520867	0.158721	-0.00422889	-0.000308258	-0.00162758	0
4203.320653257	3572.245064014	0.0139746	0.476457	0.137623	-0.0046867	-0.00023954	-0.0017723	0
4196.898341763	3570.274699016	0.0126898	0.462171	0.129298	-0.00409692	-8.80485e-05	-0.0017723	0
4198.616048721	3572.149959118	0.0151758	0.44423	0.111641	-0.00388611	-0.000122849	-0.0017723	0
4198.427293635	3571.961573255	0.030076	0.442453	0.130633	-0.00324027	0.000298453	-0.00138633	0
4196.271061158	3567.301693907	0.0205329	0.443797	0.14724	-0.00354404	-2.63307e-05	-0.00151109	0
4194.906600958	3571.601738018	0.0293125	0.478143	0.127767	-0.00269349	0.000166939	-0.00107109	0
4187.403140299	3569.290298201	0.0234598	0.514561	0.143962	-0.00350685	-7.04621e-05	-0.00144417	0
4202.715851991	3571.219755065	0.0212494	0.519032	0.13751	-0.00377331	-0.000228127	-0.00133538	0
4197.264790672	3568.837963681	0.0136631	0.528872	0.152367	-0.00407308	-2.64894e-05	-0.00155982	0
4195.715857165	3568.765006501	0.0132541	0.494197	0.133453	-0.0043086	-0.000258555	-0.00151875	0
4187.136956379	3573.221126865	0.0135997	0.45929	0.120057	-0.00333368	0.000167603	-0.00155691	0
4188.563145558	3570.97326402	0.0156657	0.427371	0.10825	-0.00316564	-0.000170565	-0.00148417	0
4183.781825818	3566.607297885	0.0219063	0.424778	0.149499	-0.00299595	3.65318e-05	-0.00131537	0
4179.557494145	3568.948441697	0.0155423	0.434197	0.147511	-0.00338403	-0.000184545	-0.0014538	0
4175.187581991	3562.796588007	0.0242857	0.493156	0.151308	-0.00354781	1.70117e-05	-0.00129603	0
4180.462733562	3562.734053281	0.0102249	0.498148	0.144678	-0.00406799	-0.000279621	-0.00146287	0
4186.959262556	3556.412574145	0.0195942	0.490284	0.146094	-0.00442911	-0.00014778	-0.001303	0
4171.634775972	3555.214773577	0.0204508	0.504494	0.144204	-0.00383681	-0.000315148	-0.00156483	0
4178.525942252	3564.416237416	0.030072	0.485017	0.117694	-0.00398111	0.000100796	-0.00137482	0
4180.729274297	3558.673465059	0.0214292	0.459007	0.139485	-0.00337369	-6.00059e-05	-0.00148077	0
4178.018551456	3555.709319037	0.0247329	0.460398	0.116885	-0.00352663	-0.000128573	-0.00144506	0
4174.482158922	3551.939777853	0.02249	0.481534	0.138034	-0.00352957	1.43846e-05	-0.00147438	0
4175.246099636	3557.436319726	0.0281527	0.498233	0.119877	-0.00416735	0.000166412	-0.00137923	0
4190.072472611	3557.862858671	0.0176008	0.474867	0.164445	-0.0045702	-3.42901e-07	-0.0016935	0
4186.735182795	3545.833001278	0.0169485	0.467137	0.139629	-0.00450362	0.000360116	-0.00132554	0
4188.095004402	3562.414865616	0.0370038	0.478476	0.123443	-0.00415214	0.000885639	-0.00136814	0
4179.427613519	3558.205757419	0.0382281	0.480013	0.108985	-0.00403074	0.000565282	-0.00130722	0
4194.608303696	3558.172926688	0.0321768	0.444123	0.123446	-0.00322808	0.000204888	-0.00115409	0
4191.598569964	3563.096494131	0.0248416	0.48884	0.15808	-0.00353368	-2.80421e-05	-0.0015626	0
4199.933052539	3562.889608412	0.0112314	0.483849	0.160435	-0.00356629	0.000300117	-0.00110989	0
4214.622765405	3571.68068811	0.00483898	0.503197	0.221752	-0.00389525	-9.43024e-05	-0.00129089	0
4190.477100714	3566.868380367	0.0017148	0.490561	0.208259	-0.00457023	4.3161e-05	-0.00142711	0
4184.655665523	3562.918791284	0.00889201	0.474637	0.195974	-0.00450698	0.000306336	-0.00142711	0
4185.791407368	3566.82877504	0.00791076	0.492977	0.15373	-0.00396832	0.000298029	-0.00124181	0
4181.02186252	3563.615271797	0.00706773	0.449943	0.161024	-0.00382821	0.000124474	-0.00116866	0
4185.090622893	3569.179559623	0.00934804	0.447501	0.145065	-0.00334771	0.000123327	-0.00142712	0
4188.985614407	3572.354760346	0.00788529	0.4587	0.15706	-0.00289784	3.66024e-05	-0.00119934	0
4178.542355738	3562.739525069	0.00438038	0.470868	0.123472	-0.00359379	-2.52642e-05	-0.00140617	0
4184.45477873	3567.159166844	0.0119002	0.512601	0.141423	-0.00371422	0.000163678	-0.00107451	0
4196.926530141	3569.20014397	0.0115395	0.506582	0.131149	-0.00421802	-0.000152888	-0.00138729	0
4200.358019092	3565.646087031	0.00740155	0.471391	0.157039	-0.00472534	0.000323612	-0.00134647	0
4185.02568258	3564.174175913	0.00373278	0.483287	0.152267	-0.00404786	-4.98367e-05	-0.00122949	0
4184.291000689	3562.309859388	0.00448202	0.437829	0.106687	-0.00356161	-0.000240774	-0.00126665	0
4191.828715578	3567.914273663	0.000105645	0.417499	0.116349	-0.00316179	-0.000471482	-0.000991445	0
4182.129772803	3563.123592513	0.00372356	0.454167	0.0875559	-0.00308183	-0.000530826	-0.000758969	0
4193.629560409	3563.731221602	0.00165471	0.464489	0.11086	-0.00300102	-0.000347435	-0.00101295	0
4183.780041743	3570.099601782	0.00293321	0.521394	0.0822597	-0.00321433	-0.000490117	-0.000957104	0
4200.225640762	3568.311629736	-0.0026263	0.499897	0.125905	-0.00427291	-0.000235925	-0.00136903	0
4194.923371258	3560.337409899	-0.00061598	0.487431	0.120522	-0.00457555	-0.000266769	-0.00136903	0
4194.887332953	3564.191633524	0.00742482	0.477261	0.115095	-0.00407889	0.000156434	-0.000982604	0
4194.622933107	3563.580356575	0.00410237	0.458646	0.108939	-0.00393517	-0.000226432	-0.00104573	0
4197.644798546	3571.447485693	0.00705384	0.434646	0.119706	-0.00322666	-6.45149e-05	-0.000981541	0
4204.63730026	3567.572938282	0.00777594	0.458136	0.120506	-0.00361959	-0.000171245	-0.00110389	0
4196.253220413	3562.222310771	0.0159946	0.461551	0.11491	-0.0031709	-0.000259951	-0.000881794	0
4186.559986676	3560.555760318	0.0149565	0.519379	0.147607	-0.00384325	-0.000214694	-0.00112642	0
4189.475521273	3557.124427779	0.00993474	0.498176	0.129471	-0.00431865	-0.000376415	-0.00140104	0
4194.367453635	3561.591752282	0.0112366	0.496453	0.127874	-0.00446345	-0.00017564	-0.00115845	0
4183.427508616	3559.950736842	0.0100906	0.478096	0.109577	-0.0047168	-0.000241338	-0.00121698	0
4179.179270345	3559.415283249	0.00965185	0.462162	0.115596	-0.00415162	-0.000124683	-0.00121698	0
4183.039293998	3556.150970541	0.00340788	0.456372	0.0956195	-0.0038735	0.000202928	-0.000934083	0
4185.669733485	3557.190870925	0.00346719	0.456631	0.127943	-0.00359587	-0.000286991	-0.000975151	0
4182.792378083	3562.356499871	0.00110665	0.500078	0.0920556	-0.00372805	-0.00021272	-0.00124181	0
4194.63042622	3556.642128703	0.0135713	0.49833	0.138562	-0.00420718	-4.46697e-05	-0.00132441	0
4204.12312998	3555.680396726	0.00416634	0.506933	0.156363	-0.00427845	4.15373e-05	-0.0013208	0
4223.652680232	3561.43984501	0.00174871	0.477438	0.172683	-0.00416862	3.56502e-05	-0.00128239	0
4202.964908795	3554.529757764	-0.00517228	0.481271	0.142629	-0.00411917	2.47871e-05	-0.00150701	0
4209.090707102	3561.503421981	0.00877407	0.468116	0.106504	-0.00351447	0.000514149	-0.00170809	0
4203.845171168	3556.245293753	0.0174783	0.448845	0.11232	-0.00193656	0.000366875	-0.00157953	0
4201.38850054	3561.794729581	0.0223112	0.474385	0.128655	-0.00287233	0.000647943	-0.00143772	0
4200.146784668	3563.672334735	0.0204718	0.486288	0.154183	-0.00304527	0.00045934	-0.00142744	0
4199.172679974	3560.675879104	0.0274892	0.5174	0.137942	-0.00340259	0.000885774	-0.00124896	0
4213.447417104	3565.63436177	0.023407	0.533662	0.15778	-0.00331462	0.00115712	-0.00154594	0
4205.588211984	3565.253160501	0.0153609	0.52732	0.142091	-0.00331127	0.000986151	-0.00142687	0
4204.57771217	3570.74136441	0.0127072	0.45467	0.116115	-0.00299179	0.0007177	-0.00144805	0
4208.866270526	3573.267246226	0.00891757	0.492904	0.0976777	-0.00266084	0.00073637	-0.0017702	0
4228.974574555	3588.997856603	0.0197502	0.492566	0.200023	-0.00439175	0.000738148	-0.00145382	0
4221.696264102	3587.266426371	0.0140335	0.377846	0.344319	-0.00542477	0.000452098	-0.00203372	0
4204.001812912	3578.091800353	0.0441599	0.481489	0.307552	-0.00648418	0.000977905	-0.00172098	0
4221.822219764	3581.598695686	0.0463982	0.507164	0.385792	-0.00568691	0.00090833	-0.000788436	0
4212.013377997	3576.640734143	0.0376378	0.487205	0.422598	-0.00589501	8.28778e-06	-0.000788436	0
4192.394624019	3573.01111441	0.0486289	0.477166	0.428354	-0.00624463	-4.70117e-05	-0.000714362	0
4193.153212509	3570.925581291	0.0418595	0.525453	0.392835	-0.0058645	0.000285793	-0.000704621	0
4194.36495593	3576.368186962	0.0457764	0.506898	0.376815	-0.00622825	0.0002766	-0.000788436	0
4212.046918598	3575.286075637	0.0459314	0.487663	0.30202	-0.00541387	0.000447129	-0.000788436	0
4203.767742334	3570.691076068	0.0370623	0.504539	0.249356	-0.00502712	0.000450377	-0.000788436	0
4184.091897971	3566.093210323	0.0441816	0.481277	0.2346	-0.00444743	0.000685306	-0.000662813	0
4182.151181697	3566.737578565	0.0460809	0.481993	0.258359	-0.00478839	0.000687536	-0.00119236	0
4171.9466322	3564.587165667	0.0452289	0.495043	0.236031	-0.00447203	0.000311261	-0.000908014	0
4177.394839	3562.777567028	0.0465205	0.51776	0.265376	-0.00460607	0.000536325	-0.00127188	0
4176.241970039	3559.438212648	0.0461981	0.517136	0.259773	-0.00485868	0.000211847	-0.00116066	0
4183.467471885	3563.416202919	0.0427358	0.490906	0.314526	-0.00532246	9.0827e-05	-0.00127188	0
4175.669282114	3554.158197266	0.038851	0.461566	0.282114	-0.00526176	-7.45357e-05	-0.00127188	0
4174.003670133	3566.04266142	0.0436256	0.465444	0.293782	-0.0050381	0.000167915	-0.00127188	0
4185.613713545	3557.132765742	0.0435531	0.475957	0.304653	-0.00525494	0.000103325	-0.00120178	0
4183.235542197	3560.945560111	0.0467216	0.439554	0.318925	-0.00534977	-0.000366463	-0.00127188	0
4173.516617786	3552.292838495	0.0415149	0.485969	0.330511	-0.00500538	-0.000505404	-0.00127188	0
4183.428579061	3554.806734489	0.0408634	0.476162	0.308374	-0.005182	-0.00037791	-0.00127188	0
4173.874503137	3546.653508998	0.0395713	0.516567	0.29	-0.00472179	2.97758e-05	-0.00117714	0
4193.703777909	3557.183054084	0.0471731	0.534717	0.239346	-0.00432465	0.000296345	-0.00122444	0
4185.42281757	3552.242810714	0.0424073	0.505585	0.286062	-0.00516148	-0.000482344	-0.00110685	0
4187.11447704	3554.07846549	0.041855	0.488023	0.247643	-0.00462597	-0.000365581	-0.00111699	0
4185.183751583	3551.245642392	0.0401561	0.473415	0.261259	-0.00467543	-0.000282742	-0.000889596	0
4194.566913167	3557.198427205	0.0414332	0.46205	0.241058	-0.00495545	-5.52915e-07	-0.00109785	0
4194.292879319	3554.294991979	0.035234	0.462038	0.306393	-0.00497941	-0.000425805	-0.0011323	0
4182.743494441	3554.986782388	0.0430588	0.472225	0.2673	-0.00497198	-0.000544452	-0.00133669	0
4195.908894029	3551.047876321	0.033791	0.522648	0.297286	-0.0048993	-0.000801817	-0.00111994	0
4197.390032704	3549.366213309	0.028291	0.523454	0.2779	-0.00520564	-0.000438389	-0.00135927	0
4204.084237155	3557.716162625	0.0339905	0.53026	0.246616	-0.00527195	5.70671e-05	-0.00115512	0
4197.795017622	3558.756844694	0.0355762	0.511456	0.23899	-0.00539106	-0.000491914	-0.00116316	0
4197.206273027	3564.76591076	0.0383171	0.480041	0.202359	-0.00429603	-0.000211137	-0.000880843	0
4201.893036818	3565.147372589	0.0348421	0.467018	0.242458	-0.00484194	-0.000466794	-0.0010752	0
4197.027865574	3565.173428725	0.0344187	0.474819	0.220669	-0.00491087	-0.000195649	-0.00107954	0
4208.79455073	3565.049922641	0.0333389	0.476409	0.239229	-0.00472372	-0.000165786	-0.00126567	0
4200.701275031	3563.036043896	0.0288889	0.519437	0.183065	-0.00437044	-0.000345992	-0.00102322	0
4204.281198984	3565.730508911	0.0367002	0.526364	0.214058	-0.00481611	-3.43352e-05	-0.00133669	0
4199.123796332	3571.727068032	0.0401571	0.517246	0.190361	-0.00496994	-1.8801e-05	-0.00120137	0
4201.879477851	3573.03039595	0.0441594	0.484731	0.199784	-0.00513565	0.0004263	-0.00128294	0
4203.677111348	3572.335218244	0.0415626	0.454201	0.154489	-0.00525539	0.00030526	-0.00133669	0
4197.680123222	3571.060552075	0.0390277	0.462249	0.191015	-0.00489419	0.000349073	-0.000970776	0
4209.747603344	3572.11009323	0.0421153	0.466104	0.17413	-0.00485275	0.000140855	-0.00108834	0
4204.993401536	3569.054490171	0.0415798	0.474651	0.190795	-0.00430918	0.000282389	-0.000982712	0
4196.213613958	3560.815279432	0.0369957	0.492994	0.170507	-0.00445492	0.000163728	-0.00105652	0
4215.996145978	3567.218835395	0.0413559	0.506785	0.181295	-0.00434268	0.000346533	-0.00103959	0
4208.036319055	3563.640546249	0.0365475	0.545164	0.191348	-0.00432181	0.000120792	-0.0011962	0
4201.542287765	3557.099153327	0.0376462	0.484176	0.202332	-0.00515681	6.49761e-06	-0.00102023	0
4199.165900491	3558.410558648	0.043471	0.457024	0.193713	-0.00513712	0.000305645	-0.00110417	0
4203.861941469	3566.545544843	0.0496267	0.466769	0.18235	-0.00503783	5.20878e-05	-0.00101738	0
4208.278953191	3563.160071103	0.0470962	0.449174	0.210353	-0.0050202	0.000292357	-0.00110922	0
4197.786810879	3561.59722407	0.0465121	0.476366	0.177999	-0.00463409	0.000417472	-0.000878422	0
4199.599787417	3561.825996944	0.0430692	0.51804	0.213161	-0.00443268	0.000122389	-0.00103803	0
4212.979632763	3551.960622762	0.0427561	0.499401	0.223476	-0.0051087	0.000465883	-0.00107535	0
4208.084132252	3561.044573428	0.043993	0.492628	0.235642	-0.00519778	0.000593566	-0.000932459	0
4208.205806135	3555.684565708	0.0311385	0.490254	0.218209	-0.00486693	9.97472e-05	-0.00132972	0
4210.981112474	3554.035472865	0.0359157	0.484906	0.193703	-0.00379979	0.000176964	-0.000835652	0
4206.620120693	3558.551782904	0.0370028	0.487709	0.208043	-0.00441532	-1.55119e-05	-0.000851321	0
4219.100435661	3563.229119863	0.0424274	0.474493	0.179138	-0.00409975	-0.000128786	-0.000595047	0
4200.973524805	3564.606968331	0.0343542	0.514598	0.21497	-0.0043629	-0.00015409	-0.0012601	0
4222.19865949	3559.874392363	0.0368965	0.500641	0.218653	-0.00500743	0.000110378	-0.00100341	0
