4105.640586057	3058.888159768	-0.0131842	0.0907602	-0.0605651	-0.0017836	-0.000991083	0.00147454	1
3999.669279293	3055.62994956	0.00231108	0.0837423	-0.0402462	-0.00194466	-0.000987069	0.00137244	1
3935.8863678	3054.229817056	-0.00396087	0.0753263	-0.0444118	-0.00193569	-0.00114497	0.00105784	1
3870.822061466	3050.280780048	0.00179462	0.141408	-0.0348139	-0.00193774	-0.00115282	0.00135639	1
3846.510128622	3055.859277523	0.00512622	0.158643	-0.0298822	-0.00248445	-0.00108651	0.00129447	1
3820.492627943	3052.381689532	0.00860727	0.164812	-0.0542074	-0.00242494	-0.000935219	0.00134181	1
3800.688233865	3057.934600829	0.000428553	0.160171	-0.0744424	-0.00216091	-0.00105408	0.00105784	0
3786.966611295	3057.797430488	0.00472106	0.0994571	-0.0772754	-0.00257564	-0.00106632	0.00124986	0
3773.675234678	3055.358214876	-0.0194051	0.0583511	-0.0852027	-0.00202511	-0.00112099	0.00115263	0
3774.604864914	3058.425713297	0.00347237	0.0997344	-0.0487349	-0.0017627	-0.000962177	0.00115992	0
3768.522560557	3057.086940237	-0.00659836	0.0870684	-0.0824236	-0.00201448	-0.00114345	0.00115249	0
3769.042966629	3051.170373543	0.00363143	0.21579	-0.048125	-0.00169421	-0.00108722	0.00105784	0
3770.336507394	3053.772819492	-0.00406072	0.194545	-0.0721246	-0.00200774	-0.000689341	0.00132287	0
3762.951319255	3057.216766398	0.00264357	0.213547	-0.0743761	-0.00263692	-0.000809644	0.00133883	0
3773.544899584	3059.329758244	-0.00255282	0.11162	-0.13342	-0.0028692	-0.000965115	0.00131616	0
3757.273567553	3063.889072972	-0.00309457	0.0769465	-0.103977	-0.00226913	-0.00111549	0.00105784	0
3759.127689365	3060.762347288	0.0102536	0.0839087	-0.122096	-0.00253654	-0.000938412	0.00098361	0
3757.06802117	3060.450101156	-0.00607749	0.0724073	-0.0811811	-0.00189042	-0.00116921	0.00111021	0
3751.529480428	3053.842233845	0.0050079	0.180591	-0.0996682	-0.00278263	-0.000919174	0.00130533	0
3756.22761675	3055.828479347	0.0142197	0.198128	-0.0614752	-0.00242999	-0.000971332	0.000940418	0
3745.434095847	3049.703432685	0.0122149	0.185009	-0.0921778	-0.00289982	-0.000635539	0.00124038	0
3755.158775555	3056.862113546	-0.00484587	0.14714	-0.101937	-0.00222548	-0.00101006	0.00108465	0
3750.026656072	3051.0358092	0.00387041	0.114047	-0.0632737	-0.00200655	-0.000781071	0.00109587	0
3752.99773562	3051.457270406	0.0141479	0.0603222	-0.102995	-0.00215007	-0.000666117	0.00131924	0
3759.521964701	3053.767844402	0.0395684	0.110843	-0.0558435	-0.0017304	-0.000563051	0.00138222	0
3757.715492279	3057.850971934	0.00991889	0.157294	-0.09334	-0.00235	-0.00105329	0.0013549	0
3756.946094792	3050.053821175	0.0182771	0.182086	-0.0616789	-0.00224087	-0.00112006	0.00117239	0
3744.954799052	3040.490039607	0.0246592	0.217879	-0.120467	-0.00319601	-0.000931301	0.00132581	0
3743.399186648	3046.984664391	0.0205483	0.11338	-0.126063	-0.0024797	-0.00076824	0.00111025	0
3743.237552446	3044.251918462	0.0318	0.117959	-0.105887	-0.00251841	-0.000692958	0.00127245	0
3751.409889805	3052.800307829	0.0132102	0.101	-0.0755802	-0.00166084	-0.00102861	0.000998855	0
3749.142339471	3046.83233187	0.0105008	0.0925078	-0.0410197	-0.00176922	-0.00102861	0.00109424	0
3745.636372175	3049.680689416	0.0109472	0.108974	-0.0669299	-0.00192916	-0.0010246	0.00107774	0
3731.977814972	3050.50039474	0.0199532	0.192311	-0.0383723	-0.00215595	-0.000815829	0.00121481	0
3733.571266598	3045.50350899	0.0199774	0.231163	-0.0686407	-0.00259408	-0.000770589	0.00131807	0
3738.589868418	3050.945073033	0.0152381	0.191862	-0.0706178	-0.00210295	-0.000997887	0.00109046	0
3734.056169203	3047.102171281	0.0202255	0.128638	-0.0783709	-0.00214559	-0.000876149	0.00134632	0
3742.011748557	3054.285964501	0.00640072	0.0779265	-0.0879253	-0.00178901	-0.00120401	0.00135467	0
3748.152913924	3060.402956255	0.0132815	0.0997336	-0.0622636	-0.00162586	-0.00102021	0.00120859	0
3739.432141441	3055.066106013	0.0135984	0.109019	-0.10313	-0.00198369	-0.000829743	0.00118219	0
3740.157626745	3054.782052059	0.00280143	0.155718	-0.0710632	-0.00193941	-0.00103165	0.00107547	0
3724.617385829	3061.944049646	0.00646902	0.179634	-0.0921201	-0.00243463	-0.00118799	0.000733197	0
3757.821535527	3063.69196464	-0.00649675	0.17454	-0.0912572	-0.00177854	-0.00110697	0.000961799	0
3754.01005156	3062.109649074	0.00185564	0.106147	-0.0824459	-0.00203864	-0.00108507	0.000919257	0
3759.560271073	3064.934315715	0.00769005	0.0907286	-0.0926737	-0.00204808	-0.00112135	0.001063	0
3754.586515736	3069.28680884	0.00807802	0.147467	-0.0595298	-0.00165238	-0.00109737	0.00125626	0
3755.801575155	3062.234263236	0.011173	0.157289	-0.119014	-0.00254466	-0.00118816	0.00107326	0
3759.003427233	3065.303183111	0.0140348	0.202327	-0.0716718	-0.00194373	-0.00103519	0.00105386	0
3751.997098451	3061.371203555	0.0258349	0.242266	-0.103342	-0.00294664	-0.00061851	0.00118839	0
3769.65446712	3065.626563968	0.0140302	0.171386	-0.0984085	-0.00239906	-0.00104087	0.000895231	0
3763.18442754	3062.530399552	0.0140353	0.0861318	-0.10908	-0.00212277	-0.00103131	0.000998646	0
3761.873602192	3065.925780103	-0.000454405	0.0825433	-0.0998931	-0.00178898	-0.00120075	0.000921482	0
3765.20345361	3063.886703882	0.00532759	0.113061	-0.0629736	-0.00150716	-0.00112176	0.000918211	0
3770.066961341	3059.466217858	0.0085754	0.0870562	-0.10694	-0.0017252	-0.00125513	0.000962092	0
3740.498179731	3059.96112087	0.001027	0.200581	-0.0532957	-0.00178448	-0.00117507	0.000981369	0
3750.955819157	3047.729269545	0.0173575	0.24981	-0.0605376	-0.00224482	-0.00102233	0.00122585	0
3761.35272897	3058.143554614	0.0060141	0.178911	-0.071275	-0.00208575	-0.00105919	0.00107729	0
3753.520010295	3061.082411419	0.00170447	0.163286	-0.134367	-0.0026583	-0.000686934	0.000942798	0
3739.697483136	3058.59747236	-0.00148868	0.0744023	-0.112763	-0.00167817	-0.000941456	0.000697788	0
3745.53733619	3058.6325349	0.0112487	0.0674681	-0.0608895	-0.00158025	-0.000748625	0.000885078	0
3759.66584717	3049.298792022	0.00672446	0.146961	-0.0784024	-0.00189292	-0.00126998	0.000651337	0
3732.023128607	3051.495175855	0.0156035	0.23304	-0.0611701	-0.00165957	-0.000988192	0.000832321	0
3749.625840624	3048.578351592	0.0104392	0.166456	-0.182086	-0.0026654	-0.00094002	0.00103545	0
3747.420421356	3048.354235627	0.00259457	0.111428	-0.139214	-0.00213448	-0.000842486	0.000644373	0
3752.323636911	3047.950068783	0.0103139	0.0933274	-0.0859375	-0.00213448	-0.00117476	0.000828007	0
3751.56264814	3057.538015074	-0.00079282	0.115829	-0.0883011	-0.00174255	-0.00140541	0.000755517	0
3746.857504555	3047.76812263	-0.00271896	0.175085	-0.0606957	-0.0018443	-0.00121913	0.000682844	0
3765.033877843	3051.138864639	0.00706666	0.204021	-0.0935795	-0.0023276	-0.00113158	0.000999455	0
3750.481661022	3056.56574032	0.0148166	0.24638	-0.073311	-0.00228243	-0.00107181	0.00106734	0
3754.421144327	3059.29066825	0.0379208	0.164898	-0.143699	-0.00297972	-0.00130274	0.00120141	0
3758.545619379	3057.187863494	0.0461663	0.0854876	-0.0917006	-0.00236993	-0.00102912	0.00114866	0
3745.342067125	3061.065827785	0.021163	0.1079	-0.110416	-0.00253771	-0.00132027	0.00100158	0
3745.260782874	3049.08415242	0.00744053	0.0811563	-0.0737213	-0.00219063	-0.00136775	0.000750163	0
3745.47847518	3061.67278878	-0.00360725	0.0994516	-0.0982196	-0.00246504	-0.00130414	0.000818832	0
3753.82786272	3058.30465277	-0.00521422	0.1924	-0.054536	-0.00251838	-0.00135713	0.000739894	0
3743.908381099	3056.774457196	-0.00376122	0.19139	-0.0738708	-0.00298341	-0.00118784	0.00108921	0
3758.56804262	3061.757128403	-0.00112552	0.155511	-0.108371	-0.0027063	-0.00131967	0.000874067	0
3749.38292217	3061.521877713	-0.0023062	0.112434	-0.10393	-0.00278458	-0.00120306	0.000879835	0
3753.674170083	3057.198998219	0.00349902	0.109543	-0.0760583	-0.00193501	-0.000994901	0.000845075	0
3743.613608898	3054.750069336	0.00470748	0.141925	-0.0684791	-0.00225738	-0.00136811	0.000885842	0
3748.435073051	3056.386400167	-0.00276232	0.182231	-0.06988	-0.00202964	-0.00102284	0.000829381	0
3740.743433939	3052.492562969	0.020351	0.238613	-0.0506903	-0.00256055	-0.00137461	0.00115266	0
3773.529483606	3059.586093839	0.0100883	0.155454	-0.115857	-0.00298388	-0.00117391	0.00125355	0
3731.209351788	3056.198294379	0.00241171	0.140635	-0.0770761	-0.00233755	-0.00136298	0.001199	0
3747.114437535	3055.761197175	0.0123357	0.0843092	-0.126218	-0.00293197	-0.0014011	0.00101161	0
3753.084625682	3050.106178076	0.0059506	0.069595	-0.0519051	-0.00212823	-0.00128234	0.000941606	0
3744.726829427	3058.563357457	0.0150126	0.109831	-0.065803	-0.00220761	-0.000924618	0.0012508	0
3746.133420703	3050.992691753	0.00966078	0.170736	-0.0474996	-0.00206867	-0.00125353	0.000972458	0
3743.012852876	3049.100262236	0.0117024	0.177633	-0.0728633	-0.00241743	-0.00126172	0.00116879	0
3750.85024306	3048.26349946	0.011611	0.256439	-0.0574826	-0.00218671	-0.00126172	0.00142363	0
3749.083478461	3054.850992593	0.00695548	0.179181	-0.0848745	-0.00248258	-0.000998307	0.00141625	0
3748.025381736	3053.342592651	-0.00331738	0.132726	-0.073603	-0.00191816	-0.00126172	0.00112998	0
3748.085177047	3056.77587865	0.00332687	0.0936589	-0.0545639	-0.00193616	-0.00126172	0.00110996	0
3757.376340745	3053.586135158	0.000328661	0.044663	-0.0692381	-0.00198911	-0.00126172	0.00107968	0
3754.880353635	3056.496562877	0.000460497	0.129271	-0.0365775	-0.00151271	-0.00126172	0.00112625	0
3754.517844558	3051.155685181	0.00946792	0.108931	-0.0893871	-0.00211083	-0.00126172	0.00120089	0
3743.243158256	3049.966164825	0.0123642	0.19354	-0.0388612	-0.00191981	-0.00109109	0.00129219	0
3748.93819454	3044.914316175	0.0240251	0.237213	-0.0743406	-0.00266683	-0.00120085	0.00140983	0
3752.037273426	3051.239314077	0.0156862	0.208804	-0.0547898	-0.00240136	-0.00102343	0.00127203	0
3742.317265228	3057.853814842	0.0229302	0.191465	-0.125505	-0.00302288	-0.000857906	0.00166424	0
3749.01854449	3053.029161974	0.0131897	0.0993683	-0.0904786	-0.00211028	-0.00117283	0.00107257	0
3743.852322994	3056.820654461	0.00468837	0.0821098	-0.0559795	-0.00210347	-0.00120245	0.00128354	0
3735.161915318	3057.479735447	-0.00486036	0.0952405	-0.0481299	-0.00164236	-0.00120312	0.00120764	0
3731.634926232	3052.165865384	0.0163341	0.12367	-0.0477831	-0.00193553	-0.0011025	0.00135131	0
3736.068655161	3056.929869535	0.0103578	0.179582	-0.047517	-0.00217378	-0.00112244	0.00129324	0
3733.040583207	3057.376916918	0.00902384	0.238548	-0.0229274	-0.00231961	-0.00156562	0.00122111	0
3764.113590625	3057.478550902	-0.0120507	0.119481	-0.0987843	-0.00232859	-0.00163036	0.00124977	0
3748.485992496	3055.630423378	-0.00865335	0.125815	-0.0471434	-0.0018388	-0.00140111	0.0010037	0
3746.424922847	3059.282139524	-0.0110431	0.113478	-0.0938948	-0.00187473	-0.00143015	0.00118735	0
3747.20833486	3055.362479239	-0.00939142	0.121838	-0.0475985	-0.00183629	-0.00162376	0.00108817	0
3741.11341743	3059.259870073	-0.00774811	0.198356	-0.0764932	-0.00285822	-0.00138849	0.00124609	0
3751.203409119	3059.08052992	-0.00219301	0.170499	-0.0612895	-0.00258906	-0.0015818	0.00133248	0
3759.342578767	3061.329033744	-0.00771019	0.1079	-0.100964	-0.00222541	-0.0012309	0.00115713	0
3746.371667648	3056.889594996	-0.00990135	0.104494	-0.0535883	-0.0018039	-0.00161378	0.00105892	0
3752.908976954	3059.832479255	-0.00233393	0.0938879	-0.0603935	-0.0020619	-0.00145723	0.00115696	0
3747.221415085	3059.780596172	-0.00206715	0.108695	-0.0475424	-0.00196001	-0.00145989	0.00103124	0
3743.426281398	3057.388288553	0.0129802	0.173986	-0.0407081	-0.00249675	-0.00161378	0.00131682	0
3765.945756346	3055.85761916	0.00577634	0.221906	-0.0386284	-0.00252209	-0.00129863	0.00113947	0
3738.726276473	3050.399234575	0.00647624	0.238468	-0.0523227	-0.00260756	-0.00124691	0.00155073	0
3780.114909452	3058.417658389	0.00828213	0.152823	-0.114687	-0.00317858	-0.00126232	0.00133741	0
3739.350857189	3053.45796736	0.00547352	0.148114	-0.112645	-0.00250873	-0.00118779	0.00111101	0
3752.082587061	3059.516205669	0.00733198	0.0913468	-0.129284	-0.00305356	-0.00114829	0.00115745	0
3767.37243511	3056.283581638	0.00112041	0.0534273	-0.0626988	-0.00228353	-0.00129242	0.000939852	0
3760.126925081	3059.906868697	-0.00725033	0.0843774	-0.105397	-0.00262898	-0.00119285	0.000943918	0
3764.140218224	3062.615212993	-0.00647127	0.123564	-0.0503677	-0.00201379	-0.00142688	0.000864635	0
3754.928470175	3057.488737991	0.00338798	0.192128	-0.0911143	-0.00239054	-0.00102481	0.00084536	0
3753.174318649	3060.328092994	0.0115021	0.258614	-0.0577635	-0.00233691	-0.00102034	0.000838092	0
3759.491132744	3050.10001844	0.000346945	0.22106	-0.0951389	-0.0026028	-0.00105421	0.00100911	0
3744.034511834	3057.412690185	-0.00221188	0.189158	-0.0692755	-0.00235379	-0.00131631	0.00125635	0
3761.093460236	3054.054978174	0.00592974	0.0822128	-0.129904	-0.00327309	-0.00122789	0.00119875	0
3748.142169454	3055.326232154	0.00517479	0.037889	-0.059341	-0.00204946	-0.00107794	0.000866524	0
3751.353364549	3057.180045495	0.0137172	0.0766576	-0.0684422	-0.00268827	-0.00109935	0.00100357	0
3754.039949216	3058.258929323	0.000729626	0.0571716	-0.0379704	-0.00190452	-0.00132908	0.000838665	0
3739.802592082	3048.804362828	0.000111094	0.0140856	-0.0243849	-0.0016149	-0.000961369	0.00117362	0
3743.028268855	3046.425322116	0.000703332	0.128487	-0.0226299	-0.000713044	-0.000711369	0.00103159	0
3738.469343493	3061.857340932	0.0212863	0.236162	-0.0624617	-0.00167659	-0.000961369	0.00132749	0
3748.262227228	3059.790546352	0.00449132	0.231808	-0.0655587	-0.00173357	-0.00135289	0.00129198	0
3759.960619371	3068.972904345	0.018526	0.232357	-0.0478839	-0.00209347	-0.000930341	0.00136059	0
3753.403222577	3068.717753294	0.00912347	0.174596	-0.0827563	-0.00299284	-0.000995572	0.00129631	0
3770.064158435	3064.929103716	0.000179694	0.0971214	-0.10792	-0.00242127	-0.00108729	0.0011718	0
3767.414478688	3066.149422249	0.00485274	0.0467057	-0.142658	-0.00293007	-0.00102551	0.0011519	0
3779.615525169	3067.198929354	0.000202722	0.0181679	-0.104164	-0.00213172	-0.00107589	0.000937068	0
3775.284569433	3065.881951928	0.00422406	0.0394714	-0.0907053	-0.00155983	-0.000499305	0.000993999	0
3765.9480921	3068.101789756	-0.00799473	0.141289	-0.0919698	-0.00212061	-0.00112832	0.00111159	0
3754.386108012	3062.665674622	0.00278663	0.290701	-0.0658368	-0.00218676	-0.000986134	0.0010274	0
3754.953696322	3061.359595011	0.0107325	0.273655	-0.0749313	-0.00271103	-0.000875928	0.00120991	0
3750.840432892	3060.984331071	0.00986493	0.186398	-0.104128	-0.00240778	-0.000697189	0.000939174	0
3738.783268879	3061.438485726	0.0196892	0.152524	-0.070465	-0.00286522	-0.000893687	0.000988412	0
3767.293953763	3064.360758897	0.0155548	0.0990887	-0.0237552	-0.00197885	-0.000902174	0.00095738	0
3744.812318036	3057.984114822	0.0201858	0.115677	-0.0324259	-0.00260046	-0.000812361	0.000988534	0
3756.944226188	3055.71499991	0.0230164	0.120519	-0.00743482	-0.00213345	-0.000891613	0.000741092	0
3767.975059735	3052.794385102	0.0176809	0.143139	-0.029308	-0.00234025	-0.000694576	0.000696183	0
3743.482806654	3052.326489722	0.0134038	0.200301	-0.0317228	-0.00279609	-0.00045731	0.00119296	0
3762.174914505	3049.601087974	0.00654852	0.229992	-0.0159324	-0.00276325	-0.000812784	0.00118614	0
3759.833087182	3051.241683168	0.00968286	0.145064	-0.0944725	-0.00313602	-0.000943327	0.00129627	0
3745.721393634	3050.881818316	0.0147937	0.110439	-0.0549737	-0.00238224	-0.000855337	0.00112042	0
3752.132105054	3049.647759058	0.00615463	0.121333	-0.0505248	-0.0025125	-0.00109804	0.000785538	0
3755.468029432	3047.201199265	0.0119332	0.109958	-0.0186451	-0.00211509	-0.000990148	0.000740629	0
3747.02614602	3045.259255756	0.00705755	0.141104	-0.0396386	-0.00227146	-0.00113135	0.000900968	0
3728.532110139	3046.573627184	0.00491981	0.225991	-0.0211306	-0.00271839	-0.00154785	0.000988914	0
3748.475715176	3047.856489707	0.00230884	0.256045	-0.0301796	-0.00241775	-0.00154785	0.000982589	0
3733.158772377	3048.692067937	0.0077972	0.200199	-0.116417	-0.0032488	-0.00130671	0.00131364	0
3761.313955447	3053.4930299	0.00682052	0.133465	-0.0571399	-0.00197767	-0.00102963	0.000990346	0
3744.545107737	3053.290235751	-0.000888414	0.0854649	-0.0725405	-0.00258662	-0.00153579	0.000951337	0
3754.218868	3056.912101356	0.00205019	0.0946126	-0.0190514	-0.00222418	-0.00124363	0.00105855	0
3761.037402131	3058.093803713	-0.00563004	0.166118	-0.029086	-0.00257515	-0.00148961	0.00109784	0
3751.148752467	3060.20632174	-0.00251756	0.216894	-0.0326013	-0.00301609	-0.00106806	0.00150561	0
3758.227956785	3059.354159876	-0.00629646	0.235436	-0.0346838	-0.00283153	-0.00121023	0.00106807	0
3763.14705547	3063.750954994	-0.00180776	0.17113	-0.102764	-0.00343007	-0.00143945	0.00123369	0
3746.915431263	3064.811833735	2.3673e-05	0.13255	-0.0553775	-0.00274725	-0.00128017	0.000912887	0
3768.314678419	3062.43587284	0.0029571	0.146037	-0.0376015	-0.00240606	-0.00143921	0.000617656	0
3755.46662798	3063.515941214	-0.00735593	0.137543	-0.0393454	-0.00298787	-0.00128827	0.000964147	0
3760.421230131	3060.085024305	-0.00851801	0.238012	-0.0210379	-0.00272242	-0.00132082	0.00106738	0
3769.524132027	3067.964382505	0.00121604	0.212603	-0.0406507	-0.00279177	-0.0012899	0.000942263	0
3747.665675564	3068.285631181	-0.0036235	0.215581	-0.0533125	-0.00300436	-0.00118528	0.00122081	0
3750.384960791	3051.088639919	0.00281384	0.129169	-0.0514391	-0.00281493	-0.00103966	0.000916565	0
3746.113800366	3069.319739199	0.00857429	0.123506	-0.0551098	-0.0035034	-0.000862642	0.000801707	0
3747.949236143	3058.462671109	-0.0109582	0.134831	-0.0278564	-0.00225711	-0.00126397	0.000568685	0
3757.229188221	3055.673777735	-0.00444934	0.117565	-0.0233047	-0.00265406	-0.00139392	0.000648898	0
3748.093585763	3052.089106851	0.00340122	0.170453	-0.0205123	-0.0026266	-0.00113376	0.000786322	0
3751.131000734	3049.576212524	-0.0101377	0.163463	-0.00877977	-0.00226528	-0.00143876	0.000574095	0
3748.498138418	3054.099517076	-0.0175903	0.196897	-0.0424305	-0.00307434	-0.00160253	0.000712042	0
3746.345040048	3052.235990464	-0.00895211	0.218515	0.00393344	-0.0030527	-0.00120108	0.000878576	0
3754.781784801	3053.084598692	-0.0118175	0.208957	-0.0328853	-0.00285348	-0.00118395	0.000804099	0
3747.024277416	3060.192107197	0.00743304	0.13954	-0.0603379	-0.00294929	-0.000624013	0.00091183	0
3752.554876593	3056.275289821	-0.0121924	0.0961357	-0.029143	-0.00266183	-0.00140141	0.000608319	0
3744.503998461	3055.33215488	-0.0139642	0.0877525	-0.0615398	-0.00290767	-0.00117661	0.000637844	0
3754.636033729	3051.600600383	-0.0127752	0.160517	-0.0200601	-0.00274349	-0.00124962	0.000799494	0
3743.743943992	3044.334599722	-0.00788329	0.194925	-0.0136507	-0.00321299	-0.000880962	0.000902522	0
3749.171769976	3049.221322762	-0.000725901	0.2291	-0.0246778	-0.00305628	-0.00079109	0.00101435	0
3748.731246704	3050.318448587	0.00452546	0.156954	-0.0458051	-0.00267532	-0.000957315	0.000635276	0
3757.189013246	3059.978889049	7.42999e-05	0.13425	-0.0299446	-0.00293596	-0.00103347	0.000882664	0
3760.925753073	3056.310352361	0.00286847	0.137661	-0.00892521	-0.00295426	-0.00117995	0.000553496	0
3773.245923026	3054.949546759	-0.0103903	0.15507	-0.0336731	-0.0024719	-0.00107466	0.000893938	0
3761.531647754	3055.623789925	-0.00545843	0.208747	-0.0286127	-0.00313144	-0.000947638	0.000909568	0
3757.875257877	3057.855236297	-0.0161463	0.24739	0.00213976	-0.00338432	-0.000743494	0.00103279	0
3770.068362793	3056.741053019	-0.0153407	0.213403	-0.0401806	-0.00355477	-0.000806936	0.00108487	0
3751.864894755	3063.920344967	-0.0157406	0.15207	-0.0538153	-0.00311059	-0.000869572	0.000789525	0
3755.5310948	3060.517857145	-0.0136259	0.120867	-0.0420031	-0.00289957	-0.00122224	0.000676829	0
3744.89453659	3063.620655015	-0.00352045	0.10589	-0.0260861	-0.00261543	-0.00118918	0.000684853	0
3756.309368153	3058.495601467	-0.00700308	0.139384	0.00605302	-0.00275243	-0.00122115	0.000655434	0
3758.74976431	3057.937680647	-0.0156493	0.184606	-0.0332	-0.00303329	-0.00109302	0.00072262	0
3743.880352046	3056.181947654	-0.0142088	0.246037	0.00649816	-0.00341123	-0.000714534	0.000846605	0
3757.398763987	3053.791298398	-0.0216399	0.240141	-0.0130214	-0.00334842	-0.000959157	0.000872868	0
3752.5852414	3058.470726017	-0.0206959	0.177433	-0.0633501	-0.00368669	-0.000828192	0.000980997	0
3754.216065095	3050.855047593	-0.0172481	0.14664	-0.0356008	-0.00268775	-0.00110914	0.000661162	0
3763.001771549	3058.134315161	-0.00981936	0.10564	-0.0389673	-0.00287782	-0.00100767	0.000580942	0
3752.127900696	3056.939108988	-0.0118497	0.148896	0.00429581	-0.00289366	-0.000983731	0.000540448	0
3755.150366839	3048.398774529	-0.0213083	0.17491	-0.00987634	-0.00299863	-0.000968573	0.000603249	0
3751.045044974	3047.438819046	-0.00622254	0.223255	-0.0234578	-0.00378633	-0.000753236	0.000943114	0
3751.32159829	3055.035781655	-0.00214488	0.172712	-0.0543377	-0.00291645	-0.000907844	0.000544861	0
3759.257090157	3051.265610982	-0.00217829	0.147678	-0.0449779	-0.0031707	-0.00100018	0.000576397	0
3749.646395262	3059.497963671	-0.00589444	0.153149	0.00215045	-0.00317709	-0.00100511	0.000312474	0
3749.775328903	3054.272460685	-0.00930481	0.16319	-0.0100753	-0.00301353	-0.00090173	0.00035592	0
3741.572159586	3056.94858535	-0.0146786	0.191145	-0.0175996	-0.0037666	-0.000873878	0.000672825	0
3757.69493764	3050.718587978	-0.0129463	0.209052	-0.00357773	-0.00341831	-0.000839101	0.000549428	0
3765.365087811	3055.506519943	-0.00393191	0.168814	-0.0953182	-0.00362646	-0.00070356	0.000804135	0
3754.734135412	3062.983369662	-0.00807448	0.161333	-0.056805	-0.00291101	-0.000890785	0.000423058	0
3759.748532875	3056.038380768	-0.0210299	0.10603	-0.0235365	-0.00281302	-0.00112863	0.000391595	0
3757.376807896	3063.239942167	-0.00824731	0.154655	-0.0415727	-0.00274574	-0.000843046	0.000537565	0
3753.476565264	3055.346606332	-0.00995224	0.227551	-0.00225949	-0.00317373	-0.000920614	0.000533612	0
3740.177714233	3048.416305799	0.00396285	0.214648	-0.0310771	-0.00421335	-0.000865572	0.000677514	0
3750.418595654	3053.931548558	-0.0011782	0.144943	0.0131321	-0.00368502	-0.000778305	0.000768789	0
3753.343427265	3062.095434531	-0.000474697	0.142935	0.0298914	-0.00348573	-0.00100116	0.000575611	0
3752.110616113	3061.585369339	0.00161613	0.112826	0.0606506	-0.00337127	-0.00102845	0.000504676	0
3763.301215258	3052.883462906	0.00417124	0.176062	0.0607784	-0.00339788	-0.000905256	0.000470648	0
3743.778046005	3057.112289506	0.00473922	0.190011	0.0296343	-0.00375863	-0.00100797	0.000468928	0
3761.927324543	3050.969948484	-0.00870931	0.226358	0.0529361	-0.00337797	-0.000732785	0.000667337	0
3759.694810524	3055.328364335	0.000886028	0.230399	0.0423001	-0.00376309	-0.00080422	0.000716241	0
3752.302147971	3057.435433454	0.00821544	0.204996	-0.00307855	-0.00376028	-0.000772255	0.000818751	0
3753.042114953	3060.007791954	0.00560755	0.184709	0.0285811	-0.00344602	-0.00104825	0.000606184	0
3754.297349346	3057.484947446	-0.00839972	0.13486	0.00600607	-0.00366591	-0.000868239	0.000570273	0
3759.473381011	3064.722282112	-0.00661542	0.125071	0.0515933	-0.00333355	-0.000824239	0.000435122	0
3756.059909587	3056.788197921	-0.0113845	0.176355	0.0535707	-0.00340826	-0.000908803	0.000356854	0
3756.824168414	3060.781773831	0.000764305	0.198889	0.0259706	-0.00375325	-0.000780872	0.000539805	0
3759.067426903	3052.823998734	-0.0121461	0.242966	0.0580143	-0.00354621	-0.00101267	0.000526811	0
3765.511773185	3062.461932836	-0.00868197	0.188631	0.00641028	-0.00342627	-0.000808001	0.000540962	0
3761.308349637	3064.73531211	-0.00984458	0.181732	0.0141502	-0.0033517	-0.000742715	0.000577753	0
3769.637182538	3054.256587779	-0.0313207	0.172944	-0.000275575	-0.00335865	-0.00137789	0.000365668	0
3754.096941622	3050.614347995	-0.0273364	0.155546	-0.00717893	-0.00357959	-0.00126659	0.000372355	0
3768.828077227	3057.753128495	-0.0321154	0.177099	-0.000329659	-0.00292407	-0.00115794	0.000279023	0
3748.206169123	3050.684946893	-0.0385547	0.204399	0.0178601	-0.00335917	-0.00122263	0.000141346	0
3749.46280497	3055.632081741	-0.0199076	0.171587	0.00182858	-0.00357049	-0.00102713	0.00035723	0
3763.031669205	3055.083163465	-0.0243345	0.136992	0.034642	-0.00352866	-0.00115155	0.000198308	0
3754.29407929	3048.096478578	-0.0279988	0.14219	-0.00432628	-0.00396337	-0.000964261	0.000212099	0
3760.652936963	3054.340927402	-0.0212684	0.189984	0.0458359	-0.00344152	-0.00097201	0.000307123	0
3757.706149261	3049.529304531	-0.0329291	0.223763	0.0125679	-0.00340367	-0.000951923	0.000584213	0
3751.572458309	3057.443725271	-0.0185496	0.227751	-0.00375341	-0.00343257	-0.00121096	0.000578263	0
3756.865277691	3054.258009233	-0.0252664	0.158784	-0.0026414	-0.00223557	-0.00104438	0.000253782	0
3748.017440171	3059.785808171	-0.0195571	0.150844	0.0156054	-0.00314614	-0.00121941	0.000620815	0
3761.804931014	3054.828012415	-0.0335094	0.164823	0.038541	-0.00316352	-0.00113279	0.000201258	0
3769.380249558	3054.571203001	-0.0320484	0.154752	0.00169839	-0.00329429	-0.0012085	0.000241761	0
3746.20162473	3058.067269899	-0.0205083	0.205878	0.0407659	-0.00337952	-0.00123717	0.000269014	0
3768.576282907	3054.407025027	-0.0289111	0.192479	0.0491242	-0.00359405	-0.000995011	0.000405514	0
3758.909529908	3053.030583428	-0.0198202	0.201994	0.0157657	-0.00395732	-0.00110435	0.000500234	0
3753.295310725	3052.989835071	-0.0326135	0.164163	-0.00774342	-0.00367254	-0.000953701	0.000358022	0
3750.575558347	3054.383571031	-0.0411204	0.157546	0.00216757	-0.00328375	-0.0014353	3.36687e-05	0
3745.954034768	3058.949045395	-0.0267481	0.149306	0.0398433	-0.003573	-0.0014289	9.40345e-05	0
3750.805863727	3051.432631865	-0.037252	0.137741	0.0466367	-0.00343538	-0.00140126	-0.000162832	0
3750.030393279	3050.471491836	-0.0288084	0.200559	-0.00915429	-0.00395576	-0.00114125	0.000413692	0
3763.226938269	3057.120818232	-0.0306429	0.216082	0.0344565	-0.00375589	-0.00135283	0.000110066	0
3750.327968385	3053.622145334	-0.0370479	0.177027	0.0159567	-0.00370393	-0.00150905	-0.000153677	0
3740.6420622	3057.777056309	-0.0175264	0.153958	0.0316526	-0.00388316	-0.00138101	4.93662e-05	0
3772.799326792	3056.540391051	-0.0254022	0.130518	0.0433817	-0.00385044	-0.0014543	-4.15257e-05	0
3758.945967676	3059.469060767	-0.0197447	0.16038	0.00295673	-0.00385747	-0.00122935	0.000235973	0
3750.890885186	3058.707871979	-0.0233962	0.195236	0.0636757	-0.00446054	-0.00101579	0.00044766	0
3762.033834942	3047.093405646	-0.0367129	0.240244	0.0341766	-0.00437676	-0.00127529	0.000515878	0
3765.10161472	3063.692912276	-0.0326565	0.182991	-0.0123602	-0.00468053	-0.00096499	0.00060287	0
3759.753204383	3058.973447028	-0.02583	0.1756	0.00387552	-0.00422272	-0.00128318	0.000284872	0
3762.842473101	3055.401332324	-0.0234632	0.115139	-0.0125814	-0.00431395	-0.00130668	0.000199778	0
3756.131850822	3058.964918302	-0.0340591	0.138945	0.0292454	-0.00361706	-0.00122603	6.10802e-05	0
3767.929278949	3054.134105798	-0.0414746	0.195675	0.0205356	-0.004142	-0.00134881	-5.69274e-05	0
3769.423227439	3057.391605279	-0.0367737	0.218955	0.0109317	-0.00428356	-0.00139603	-0.000109504	0
3753.200479098	3052.600356588	-0.031707	0.237581	0.00945155	-0.00441976	-0.00117532	9.63994e-05	0
3776.395921358	3056.394455075	-0.0397664	0.228543	0.00796009	-0.00421771	-0.00136791	0.000185777	0
3750.824549762	3058.831775414	-0.0398369	0.154929	0.000814577	-0.00439858	-0.00125204	5.83076e-05	0
3756.696169075	3058.236186054	-0.0299371	0.158766	0.0119299	-0.00405146	-0.00115763	7.77014e-06	0
3760.002662949	3060.661187123	-0.0556874	0.141177	-0.00218066	-0.00403441	-0.00167485	-0.000143792	0
3761.896492585	3054.617400267	-0.0334829	0.180689	0.0143502	-0.00439115	-0.00144294	-3.66775e-05	0
3756.842387298	3053.270098481	-0.0252893	0.215464	0.0487477	-0.00396842	-0.000995414	0.000202829	0
3739.68860727	3047.415838868	-0.0101227	0.221566	0.000199987	-0.00505006	-0.00131575	0.000551282	0
3756.903116912	3047.275351799	-0.00153292	0.161495	0.0138716	-0.00393668	-0.00103546	0.000495468	0
3751.380926451	3059.808077622	-0.000197301	0.153993	0.0252477	-0.00436125	-0.0012733	0.000505105	0
3760.734221215	3059.755720721	-0.0022704	0.108519	0.0550804	-0.00384265	-0.00102005	0.000358529	0
3759.744328517	3053.14287832	0.00256087	0.159367	0.0714409	-0.00439379	-0.00129814	0.000362557	0
3746.189011657	3052.652476579	0.00186021	0.205055	0.0337847	-0.00434993	-0.00103507	0.000509801	0
3761.020117549	3053.006655614	0.00377371	0.265317	0.068115	-0.00424479	-0.00100469	0.000431846	0
3771.289962324	3054.597736815	0.00222028	0.244419	0.0495439	-0.00446158	-0.000892937	0.000670692	0
3752.540394916	3055.768067538	0.00959182	0.221667	0.00977233	-0.00417984	-0.00086548	0.000636802	0
3763.311025426	3054.077958352	-0.00359302	0.16158	0.0405129	-0.0039028	-0.000918157	0.000249562	0
3768.459028038	3060.227169737	-0.00134357	0.141217	0.0196386	-0.00421324	-0.000958762	0.000258754	0
3754.253904315	3063.220278715	0.00769823	0.130534	0.0612848	-0.00400211	-0.000643711	0.000175084	0
3765.843917456	3063.32404488	0.000240281	0.184814	0.0583851	-0.00392933	-0.000648584	0.000212307	0
3756.638242367	3057.792929216	-0.00158352	0.207843	0.0385668	-0.00433915	-0.000811014	0.000472421	0
3773.725686972	3062.320498131	0.00158919	0.21587	0.0354962	-0.00430364	-0.000791768	0.000358851	0
3765.813552649	3058.550564368	-0.00411613	0.203246	0.0270554	-0.00409055	-0.000752065	0.000131411	0
3753.519543144	3066.430633295	-0.0057431	0.183665	0.0161078	-0.00398566	-0.000739086	0.000282421	0
3767.45839087	3063.091637099	-0.0096385	0.172785	0.0611226	-0.00397178	-0.000782983	0.000256518	0
3767.540609424	3062.077192534	-0.013389	0.181706	0.0320661	-0.00389217	-0.000889885	0.000238791	0
3759.149178305	3061.222187761	-0.00126964	0.188172	0.056724	-0.00372388	-0.000632028	7.50975e-05	0
3765.743012867	3060.588692952	-0.00378949	0.225212	0.0699478	-0.00414521	-0.000638834	0.000156129	0
3767.609747753	3061.259619391	-0.000121077	0.222546	0.072896	-0.00485108	-0.000427414	0.000438273	0
3769.60588343	3059.510046033	-0.00902373	0.184037	0.0538913	-0.00430847	-0.0005982	0.000261694	0
3759.037062096	3062.381857576	-0.000667863	0.145124	0.0206899	-0.00424122	-0.00084236	0.000184298	0
3762.79902807	3058.928197398	-0.00441514	0.121954	0.0527855	-0.00349117	-0.000866581	7.24936e-05	0
3768.148839859	3052.613623495	-0.00681423	0.157	0.0615218	-0.00368419	-0.000901717	-0.000123728	0
3754.105350338	3055.368875783	-0.00529828	0.171954	0.0535119	-0.0039098	-0.000675269	0.000321007	0
3764.795630898	3052.531179144	-0.00937095	0.245484	0.0863486	-0.00380425	-0.000574292	0.000265664	0
3764.541033673	3051.280062434	-0.00525384	0.237847	0.0290441	-0.00440508	-0.000542009	0.000368887	0
3753.814782495	3056.231461646	-0.00889879	0.202139	0.0415649	-0.00416915	-0.000897699	0.000472265	0
3779.207235307	3050.136502435	-0.00696413	0.158991	0.0129805	-0.0034975	-0.000924989	0.000469129	0
3761.721778159	3058.181223154	-0.0166254	0.148688	0.0175025	-0.00401847	-0.00114027	0.000312745	0
3754.036212009	3050.43287566	-0.00166754	0.175737	0.0571997	-0.00377404	-0.000987221	0.000189026	0
3746.726702311	3046.27678014	-0.0038947	0.205806	0.0441285	-0.00413556	-0.000790242	0.000317335	0
3745.622357649	3050.779947423	0.0120749	0.250462	0.0671747	-0.00427714	-0.000668844	0.000358575	0
3751.988689736	3047.464642133	-0.0114295	0.162089	0.0192702	-0.00388242	-0.000979521	0.000393699	0
3749.153083941	3047.544480484	-0.00292743	0.14758	0.052254	-0.00407335	-0.00103484	0.000106041	0
3769.366702183	3052.66977094	-0.00374027	0.133496	0.0593911	-0.0035348	-0.00106186	0.00010964	0
3738.37124181	3047.972338234	0.000731815	0.168033	0.0234992	-0.00420216	-0.00107478	0.000140186	0
3757.242735596	3047.041759473	0.0139048	0.194025	0.0662035	-0.00419377	-0.000725037	0.000103165	0
3751.785011955	3045.262809392	0.00731074	0.226551	0.0692619	-0.00439156	-0.000955844	8.30225e-05	0
3745.735875311	3046.264460869	0.0219113	0.222271	0.0481654	-0.00424927	-0.000936532	0.000143604	0
3759.438344695	3046.402578847	0.00188446	0.182364	0.044016	-0.00341567	-0.00106351	2.56152e-05	0
3745.090739956	3049.041271882	-0.00102881	0.157058	0.024231	-0.00456265	-0.00101148	7.52761e-05	0
3754.814952513	3056.724943204	0.00185067	0.156752	0.0653109	-0.00383322	-0.000984369	3.9352e-05	0
3757.92524302	3047.178219087	-0.00538673	0.168879	0.064411	-0.00393225	-0.00103423	0.000156801	0
3748.293526336	3055.501544853	0.000754836	0.236161	0.0805117	-0.00455688	-0.000993264	0.000234451	0
3767.556959704	3052.584483681	0.00130455	0.234904	0.0906187	-0.00456175	-0.000939015	0.000242103	0
3737.855974398	3058.719954341	0.00285646	0.192698	0.0194494	-0.0047534	-0.000861813	0.000235371	0
3754.897171066	3053.188601767	0.000119898	0.149494	0.0475155	-0.00404549	-0.00107907	9.65804e-05	0
3749.742161191	3051.482145857	0.00198609	0.125421	0.02171	-0.00452039	-0.00106172	0.000212189	0
3757.939257546	3055.265109618	-0.00653577	0.142422	0.0567745	-0.00385602	-0.000901748	2.93092e-05	0
3749.345550101	3050.215866967	-0.0145229	0.185439	0.0537007	-0.00402786	-0.00113889	0.000121105	0
3742.713409167	3052.380268077	-0.00689521	0.256965	0.0874866	-0.00448436	-0.00115897	0.000181576	0
3763.817416972	3058.999033205	0.00359632	0.216842	0.0378544	-0.00462486	-0.00044832	0.000320145	0
3755.327884171	3060.687010209	-0.00414939	0.224677	0.000919404	-0.00478676	-0.000720073	0.000253727	0
3767.091210284	3057.570708524	-0.00929884	0.142077	0.0233468	-0.00412067	-0.000982019	-8.32659e-05	0
3769.004193106	3058.020361907	-0.00994504	0.135905	0.0283691	-0.00369739	-0.000680703	1.10439e-05	0
3756.73634405	3058.674704712	-0.00526826	0.209798	0.0966414	-0.0045525	-0.000968687	0.000402622	0
3757.261421631	3058.093566804	0.00523487	0.177009	0.088293	-0.00486499	-0.000741297	0.000287607	0
3752.466585078	3056.997388615	-0.00193783	0.166293	0.0510639	-0.00524619	-0.000728959	0.000305927	0
3743.733666672	3057.017052066	-0.000725893	0.152053	0.058617	-0.00432821	-0.000846864	0.000289376	0
3745.157542531	3056.063966945	0.00172536	0.145081	0.0782283	-0.00449308	-0.000446289	0.00020967	0
3761.560611108	3052.971593074	-0.00731825	0.139028	0.0825398	-0.00400106	-0.000840153	-8.10993e-05	0
3747.870287646	3054.452274657	-0.00369229	0.205646	0.0757088	-0.0044725	-0.00086776	0.000105808	0
3764.551778143	3053.777794582	-0.00421981	0.271763	0.102283	-0.00472732	-0.000846324	0.000139067	0
3764.361647738	3054.396837938	-0.0177285	0.262503	0.0796149	-0.00473094	-0.000705899	0.000158661	0
3766.581081532	3057.738440133	-0.00141538	0.224955	0.0323657	-0.00428782	-0.000680168	0.000140581	0
3761.516231775	3054.604607178	-0.0102668	0.153902	0.0618704	-0.00474233	-0.000571167	5.43348e-05	0
3761.324232767	3055.605074109	-0.00268386	0.131804	0.0582537	-0.00465425	-0.000651754	0.000129625	0
3761.886215266	3053.415086822	-0.0020348	0.128415	0.0811373	-0.00442647	-0.000528478	-0.000143873	0
3769.162090101	3054.150926341	-0.00502747	0.157618	0.0826847	-0.0044284	-0.000604068	-4.7767e-05	0
3746.758001419	3054.288570501	-0.00254372	0.199493	0.0855365	-0.0052784	-0.000694988	4.19727e-05	0
3762.651408395	3051.892235428	-0.00348598	0.213786	0.0943744	-0.00495356	-0.000634469	0.000141998	0
3755.334424283	3048.853876821	-0.000534382	0.187228	0.0366583	-0.00546646	-0.000716123	0.000273219	0
3761.077577106	3053.396844825	-0.00673201	0.160347	0.0723467	-0.0041831	-0.000646608	-3.27573e-05	0
3754.407596952	3049.371523102	-0.00847268	0.164544	0.0687549	-0.00400442	-0.000847086	-1.66514e-05	0
3761.442889088	3057.999040092	-0.00564684	0.216542	0.0898908	-0.00453301	-0.000870561	0.000161134	0
3760.784673509	3044.251444644	-0.0087005	0.213298	0.110168	-0.00475426	-0.000924195	0.000127182	0
3747.022875964	3050.37293767	-0.00579756	0.230813	0.0712521	-0.00560644	-0.00051641	0.000328261	0
3754.100211678	3056.595590861	-0.0193398	0.187284	0.066049	-0.00469021	-0.000643252	4.99392e-05	0
3739.971233547	3052.947428351	-0.0107464	0.14139	0.0318331	-0.00515944	-0.000630816	-9.58618e-05	0
3760.893986813	3057.84433848	-0.00732664	0.133682	0.0860485	-0.00452424	-0.000691845	-2.08172e-05	0
3768.16005148	3057.972980096	-0.0169467	0.123314	0.0659715	-0.00454138	-0.000818119	-0.000119207	0
3761.065431183	3060.742210019	-0.015961	0.208457	0.0996238	-0.00471402	-0.000821161	-0.000109228	0
3773.618709422	3059.714972364	0.00317058	0.213578	0.0613806	-0.0048315	-0.000122895	5.07609e-05	0
3759.673321584	3059.665221463	-0.00835796	0.232309	0.0536819	-0.00505655	-0.000618136	0.000185112	0
3766.159244294	3060.723731113	-0.00586373	0.182864	0.0703734	-0.00443702	-0.000695805	3.6625e-05	0
3764.474698249	3057.913279015	-0.0060187	0.154572	0.0608231	-0.00449392	-0.000547776	2.45142e-06	0
3749.295564957	3063.999946409	0.000826781	0.223685	0.102684	-0.00486769	-0.000812842	0.000195927	0
3762.645802584	3059.123884276	-0.00148436	0.212251	0.092571	-0.00498168	-0.000621011	0.000287741	0
3758.656334135	3057.68916305	0.00472297	0.204745	0.0578524	-0.00550958	-0.000677079	0.00060074	0
3750.839965741	3055.865437159	-9.82267e-05	0.176212	0.048772	-0.00501244	-0.000930888	0.000482033	0
3748.813932408	3063.031225291	0.00757299	0.130462	0.0328866	-0.00511311	-0.000670662	0.000344246	0
3765.645378335	3054.562437366	-0.00416855	0.165773	0.077734	-0.00428209	-0.00090367	0.000246552	0
3753.223836642	3055.398015597	0.00209809	0.137556	0.060911	-0.00516178	-0.000859058	0.000223071	0
3770.721439713	3052.525493327	-0.00308326	0.204327	0.0901754	-0.00445668	-0.000747989	0.000183087	0
3767.29255231	3052.975620528	-0.0125454	0.243631	0.0995696	-0.00506531	-0.000553197	0.000290123	0
3758.505911554	3051.177954632	-0.00258045	0.259395	0.0939583	-0.00521949	-0.000674669	0.000503126	0
3770.792913796	3048.004320956	-0.00675244	0.178581	0.0546992	-0.00457877	-0.000703068	0.000139795	0
3760.443186222	3048.961433531	0.00319078	0.18687	0.0507681	-0.00475993	-0.000592684	0.000158363	0
3766.401695597	3052.704122753	-0.00961732	0.146306	0.0892739	-0.00458864	-0.000776602	1.32024e-05	0
3750.155589713	3053.527618622	-0.00791305	0.147474	0.0466008	-0.00520451	-0.00075237	5.9818e-05	0
3772.660582983	3053.856448388	-0.00797671	0.181933	0.090508	-0.00444821	-0.000956619	2.69078e-05	0
3760.265201739	3051.213017172	-0.0162711	0.200048	0.101111	-0.00473981	-0.000570323	0.000196734	0
3741.275985933	3053.404425914	-0.00947125	0.218303	0.0844988	-0.00528513	-0.000577151	0.000207007	0
3764.553179596	3051.799367079	-0.00841606	0.173221	0.0693324	-0.00439875	-0.00053603	-7.13026e-05	0
3751.65374256	3057.007575704	-0.00954771	0.185502	0.0395431	-0.0049994	-0.000611947	0.000157667	0
3757.703813507	3057.6642876	-0.0049841	0.173831	0.0872764	-0.00462193	-0.00073315	-0.000167358	0
3764.983425549	3055.583752295	-0.00692525	0.152738	0.0702657	-0.00451034	-0.000962924	-7.82975e-05	0
3746.67811862	3057.387340917	-0.00582003	0.221959	0.0977115	-0.00480172	-0.000827162	3.33553e-05	0
3774.239085781	3052.861904182	-0.0153188	0.208323	0.10399	-0.00476051	-0.000478141	-1.08324e-05	0
3762.869567852	3056.87348518	-0.00255532	0.19544	0.0874249	-0.00525711	-0.000405673	0.000196686	0
3768.78136214	3050.43287566	-0.00290873	0.171666	0.0461106	-0.00461446	-0.000737234	2.28405e-05	0
3770.281383591	3051.75151145	-0.0125418	0.140611	0.0431456	-0.004936	-0.000515982	6.9506e-05	0
3763.547403768	3056.993361161	-0.00161339	0.139279	0.0748052	-0.00407721	-0.000592116	-0.000108074	0
3764.98949851	3049.348542924	-0.0183384	0.161181	0.0952314	-0.00437852	-0.000873695	-0.000182046	0
3750.377486377	3060.116059391	-0.00141048	0.231031	0.0933499	-0.00499166	-0.000322342	9.68856e-05	0
3766.723095397	3054.615741903	-0.00520991	0.246681	0.112298	-0.00505871	-0.000665558	6.70878e-06	0
3750.262100112	3055.59986211	0.000228519	0.21185	0.048335	-0.00560726	-0.000441736	0.000126509	0
3766.775416295	3057.913279015	-0.00799374	0.163426	0.0732515	-0.00471283	-0.000697643	-0.000101331	0
3759.270170381	3056.19782056	-0.0101029	0.154976	0.0801096	-0.00454812	-0.000793809	4.7251e-05	0
3752.276921824	3059.424048047	-0.0061208	0.155967	0.0743849	-0.005009	-0.000706467	-9.1145e-05	0
3764.479836909	3056.68585321	-0.00763468	0.168561	0.107269	-0.00463189	-0.000801241	-0.000104753	0
3758.258321592	3056.18289529	-0.0169908	0.199252	0.0684949	-0.004597	-0.000550324	-0.000104698	0
3760.687038977	3061.860657659	-0.0163997	0.246091	0.110975	-0.0047026	-0.000604215	2.13995e-06	0
3757.951403469	3047.317995429	-0.0115768	0.218493	0.112145	-0.00537696	-0.00049303	-0.000133247	0
3766.34984185	3058.483756015	-0.00579922	0.201838	0.0751705	-0.00540958	-0.000211678	-7.97119e-06	0
3748.923712863	3054.342585765	-0.0100528	0.164801	0.077519	-0.0049049	-0.00054356	-0.000144934	0
3748.127687777	3061.776081127	-0.0136194	0.113294	0.0461064	-0.00512281	-0.000420726	-6.02594e-05	0
3768.110533488	3057.519536168	-0.00499839	0.136886	0.0909246	-0.00441415	-0.000556802	-0.000208087	0
3779.05914848	3052.158284294	-0.0200199	0.144572	0.0876938	-0.00480504	-0.000530656	-0.000305776	0
3758.192453319	3061.634646422	0.000192088	0.188921	0.0644566	-0.00523056	-0.000403989	-4.57301e-05	0
3756.76857746	3051.605812382	-0.0165269	0.228968	0.108295	-0.00477151	-0.000629834	-3.99418e-05	0
3764.302319577	3049.904331562	-0.00997291	0.238152	0.1257	-0.00508048	-0.000685696	-1.06543e-06	0
3758.577385638	3052.376003714	-0.00478409	0.24245	0.0952632	-0.00519075	-0.000744052	-5.04322e-05	0
3772.019651987	3052.678536575	-0.0145962	0.172466	0.0984842	-0.00468719	-0.000382323	-0.000109436	0
3745.202856166	3054.869945317	-0.015305	0.159258	0.0553274	-0.00506653	-0.000698641	-2.48691e-05	0
3770.412185835	3055.464350132	-0.00921912	0.122853	0.0936383	-0.00456999	-0.000599616	-0.000112465	0
3760.72067384	3054.912352038	-0.0163307	0.126354	0.0984924	-0.00435977	-0.000942457	-0.000152338	0
3753.695659023	3054.375042305	-0.00271084	0.204464	0.0998632	-0.00511826	-0.000767318	0.000114805	0
3771.644062685	3056.832973732	-0.00357882	0.198761	0.0974188	-0.00493747	-0.000549887	0.000139032	0
3766.486717056	3056.009004045	-0.00214171	0.219058	0.0331622	-0.00520703	-0.000898369	-6.88597e-07	0
3758.674085868	3055.929876421	-0.000443744	0.145852	0.0821755	-0.00418239	-0.000713507	3.21127e-05	0
3750.550799351	3050.036526814	-0.0131238	0.181799	0.0814379	-0.00402119	-0.000701543	-0.000286774	0
3749.080675556	3052.789646921	-0.00373475	0.210493	0.0855157	-0.00478154	-0.000888805	-4.11241e-05	0
3764.072481348	3054.059242537	-0.0229551	0.218327	0.124146	-0.00513185	-0.000684023	-7.85199e-05	0
3749.191390313	3046.678104076	-0.0240795	0.219684	0.0743784	-0.00569776	-0.000572634	0.000214252	0
3765.356679096	3051.911425061	-0.0194276	0.163011	0.0821286	-0.00496895	-0.000431005	1.04281e-05	0
3755.913224213	3055.266057254	-0.0143171	0.134542	0.0656907	-0.00476179	-0.000792983	-7.55169e-05	0
3767.66720731	3059.654086737	-0.0146364	0.123421	0.104973	-0.00457314	-0.000574534	-0.000203789	0
3759.739189857	3053.250908848	-0.0168071	0.163766	0.109195	-0.00456447	-0.000808955	-0.000276527	0
3761.789515035	3055.283825433	-0.02756	0.220986	0.10507	-0.00556144	-0.000629374	-0.000150301	0
3766.450746439	3057.524274349	-0.0337921	0.290177	0.101533	-0.00465237	-0.000512223	-4.48401e-05	0
3748.61679474	3058.427845478	-0.0293046	0.253319	0.028079	-0.00504126	-0.000518232	0.000200155	0
3757.538442098	3063.125278185	-0.0312176	0.176221	0.0469768	-0.00453342	-0.000885229	-0.000321654	0
3762.695320577	3058.843620866	-0.0233728	0.173318	0.0608915	-0.00475029	-0.00074978	-0.000202303	0
3760.018078928	3062.227629782	-0.0199514	0.154119	0.0963828	-0.00430212	-0.000533502	-0.000582975	0
3779.272169278	3055.398252506	-0.0301818	0.178634	0.108314	-0.00472319	-0.000848924	-0.000226761	0
3752.834232814	3054.202809424	-0.0327675	0.234623	0.0843393	-0.00472257	-0.000533118	-2.07168e-05	0
3766.19428061	3056.173182019	-0.0329154	0.237574	0.122388	-0.00553845	-0.000876508	-0.000211668	0
3762.41876726	3057.52403744	-0.0297346	0.211974	0.0628849	-0.00564749	-0.000554462	-0.000114619	0
3759.934926073	3055.269137072	-0.0350296	0.158725	0.0494589	-0.00441794	-0.000559053	-7.63047e-05	0
3749.462337819	3053.621197698	-0.0320202	0.17958	0.0543213	-0.00390833	-0.000797467	-0.000141755	0
3756.175295853	3055.832743709	-0.0199771	0.161052	0.100913	-0.00448448	-0.000868916	-0.000188676	0
3772.217723956	3052.590406407	-0.0258047	0.157267	0.112972	-0.0046383	-0.000871424	-0.000377441	0
3753.216829379	3050.932753762	-0.0237516	0.221218	0.0998243	-0.00541369	-0.000596479	-9.22802e-05	0
3761.848843196	3052.590880226	-0.0347763	0.219443	0.11627	-0.00520112	-0.00058797	-0.000169684	0
3763.648775507	3052.616466403	-0.0347633	0.19419	0.0534993	-0.00520551	-0.000680895	-0.000181146	0
3744.778683174	3053.063750696	-0.0222915	0.197477	0.0927402	-0.00487844	-0.000502343	-0.000172375	0
3759.31781977	3050.047187721	-0.0332756	0.130784	0.105018	-0.00471272	-0.000785034	-0.000330692	0
3737.185612896	3059.052574651	-0.0116065	0.150467	0.0705409	-0.00529	-0.000522995	-0.000302542	0
3748.277176056	3056.55815923	-0.0147316	0.172874	0.107611	-0.00453626	-0.000867895	-0.0004425	0
3748.748531286	3049.930865376	-0.0185802	0.164402	0.0911191	-0.00441457	-0.000556857	-0.000246417	0
3745.562095186	3055.070133467	-0.0242423	0.23392	0.125466	-0.00510834	-0.000894758	-0.000118583	0
3752.622613469	3047.012145841	-0.0265238	0.205442	0.130549	-0.00533841	-0.000648378	-0.000190842	0
3754.700500549	3057.203262582	-0.0228928	0.186069	0.0561788	-0.00560144	-0.000570023	-0.000124988	0
3755.164381365	3054.124629436	-0.020411	0.155862	0.0864501	-0.00497645	-0.000571453	-0.000370841	0
3743.823826791	3055.889838791	-0.000542456	0.124513	0.0307185	-0.00531158	-0.000264767	-7.03208e-05	0
3761.434013222	3058.216996421	-0.0167299	0.144158	0.097216	-0.00441682	-0.000609811	-0.000195151	0
3746.889270814	3054.036262359	-0.0294469	0.160662	0.0884896	-0.00421274	-0.000874131	-0.000440599	0
3745.960107729	3055.938642056	-0.0130243	0.241074	0.125889	-0.00548556	-0.000807861	-2.83126e-05	0
3753.694724721	3054.620953902	-0.0224503	0.216388	0.0983856	-0.00553069	-0.000736448	-7.90771e-05	0
3754.62061775	3060.212718285	-0.0198244	0.186287	0.0546315	-0.00557737	-0.000517827	-0.000119096	0
3758.715195145	3056.017532771	-0.0265021	0.173338	0.0689389	-0.00478011	-0.000726961	-0.000113572	0
3749.266601603	3055.44729268	-0.0266343	0.119915	0.0634265	-0.00546577	-0.000634176	-0.00028823	0
3772.971705464	3061.092835417	-0.0208375	0.126121	0.102933	-0.00481396	-0.000612627	-0.00028576	0
3763.334850121	3060.209875376	-0.0281487	0.173401	0.100428	-0.00487193	-0.000845232	-0.00016322	0
3756.691964717	3059.292563522	-0.0193894	0.227367	0.0960203	-0.0052583	-0.000702302	-0.000208295	0
3768.989711429	3058.467883108	-0.0215018	0.241104	0.100367	-0.00526464	-0.00046229	-0.000190743	0
3760.723009594	3064.103001847	-0.0217869	0.196958	0.065604	-0.00553764	-0.00048838	-0.000102756	0
3767.670477366	3058.787947239	-0.0269564	0.145232	0.0634162	-0.00487101	-0.00083453	-0.000324367	0
3767.529397803	3057.55673089	-0.030196	0.127681	0.071522	-0.00465031	-0.000645818	-0.000420358	0
3753.72649098	3055.385222508	-0.0247623	0.171684	0.0960536	-0.00477572	-0.00097566	-0.000105188	0
3762.587408725	3055.045021108	-0.035549	0.205138	0.115641	-0.0050302	-0.000577472	-0.000183512	0
3743.496354029	3053.018027249	-0.0271928	0.215649	0.0959105	-0.00568715	-0.000589009	-6.47693e-05	0
3761.67926743	3054.436164841	-0.0329536	0.16049	0.0688518	-0.00520651	-0.000746074	-0.000430724	0
3742.022025876	3052.713599115	-0.0240393	0.156921	0.0580741	-0.00531972	-0.000866156	-0.000315011	0
3771.444122112	3051.988894321	-0.0190091	0.120063	0.0864405	-0.00486644	-0.000179152	-0.000472398	0
3751.802296538	3050.993876298	-0.0156687	0.150209	0.0829392	-0.00497271	-0.000554127	-1.39752e-05	0
3752.162002709	3057.464573268	-0.0182017	0.220629	0.105606	-0.00538047	-0.00110356	-4.33984e-05	0
3757.261888782	3049.488082356	-0.0232043	0.223701	0.102843	-0.00527835	-0.000665226	-0.000362629	0
3756.761570197	3051.660538374	-0.0154893	0.228931	0.0632994	-0.00582117	-0.000688739	-0.000101934	0
3747.020073059	3047.718845547	-0.0181826	0.168491	0.073321	-0.00504644	-0.000905355	-0.00033521	0
3753.690987514	3054.551065732	-0.0218353	0.10508	0.0789141	-0.004946	-0.000634682	-0.000104881	0
3761.06916839	3051.34379097	-0.0155484	0.103244	0.0947446	-0.00458506	-0.000826017	-0.00030778	0
3747.362494648	3057.343275833	-0.0141701	0.1431	0.0875347	-0.0047017	-0.00107849	-0.000301251	0
3766.209229438	3055.556270844	-0.016306	0.197598	0.102766	-0.0047017	-0.000764334	-0.000440947	0
3763.068574124	3048.346891447	-0.0154533	0.220409	0.0747766	-0.00498256	-0.000864633	-0.000337797	0
3763.403054148	3056.272683821	-0.0241081	0.278588	0.092455	-0.00541222	-0.000718648	-0.000291365	0
3776.784590883	3057.052351515	-0.027991	0.239166	0.0550948	-0.0052535	-0.00050096	-0.000314414	0
3757.695404791	3058.821825234	-0.021696	0.186417	0.0400156	-0.00505647	-0.000683451	-0.000324985	0
3760.367040629	3057.216766398	-0.0225111	0.172898	0.0735192	-0.00477201	-0.000713134	-0.000441876	0
3764.991367114	3065.772973763	-0.0325491	0.122973	0.0659892	-0.00503569	-0.0008276	-0.000432528	0
3771.558106925	3060.951400713	-0.0269231	0.0585342	0.103682	-0.00409293	-0.000762665	-0.000750308	0
3752.733328226	3049.250225667	-0.0253686	0.0490433	0.121276	-0.0028665	-0.000827324	-0.000109126	0
3744.880054913	3055.480223038	-0.0174907	0.228267	0.0895727	-0.00355003	-0.000893391	8.24307e-05	0
3760.475419632	3059.902130516	-0.0260536	0.223965	0.0919622	-0.00414361	-0.00124218	4.58742e-05	0
3753.599425943	3055.32717979	-0.0268112	0.213631	0.0979547	-0.00399076	-0.00119193	-0.000177394	0
3764.072948499	3057.490633264	-0.0227988	0.186616	0.101061	-0.00444227	-0.00146305	-8.11912e-05	0
3766.25874743	3058.47499038	-0.0253066	0.2016	0.107793	-0.00469227	-0.000992903	-0.000168612	0
3764.260275999	3062.556222639	-0.0250222	0.160541	0.0433843	-0.00485505	-0.00108666	-0.000123021	0
3774.207786672	3059.091664645	-0.0338203	0.0852462	0.0815263	-0.00425628	-0.000952495	-0.000233352	0
3793.33200908	3062.390386302	-0.0391008	0.114654	0.0605896	-0.00464025	-0.00103458	-9.93861e-05	0
3762.664021468	3058.192831697	-0.0365528	0.136111	0.0858132	-0.00427685	-0.000812456	-0.000265751	0
3773.736898593	3055.823030438	-0.026108	0.194735	0.0877335	-0.00422077	-0.000921704	-0.000191682	0
3768.183876175	3058.514554192	-0.0273233	0.181043	0.0574226	-0.00402476	-0.000855461	-0.000329093	0
3770.138435424	3054.347797764	-0.0302887	0.218522	0.079881	-0.00408262	-0.00100112	-0.000339164	0
3773.964401068	3051.385250054	-0.0330136	0.223483	0.0587196	-0.00499092	-0.00106495	0.00032865	0
3759.912969982	3054.368408852	-0.0283769	0.234103	0.10509	-0.00500971	-0.00099954	-7.44427e-05	0
3752.859926112	3051.224862625	-0.0288065	0.218121	0.0847767	-0.00508751	-0.000824032	-0.000112537	0
3748.587831386	3047.270613618	-0.0264257	0.136175	0.0710832	-0.00488535	-0.000933933	-0.000135044	0
3745.159411134	3044.45518643	-0.0351937	0.0631793	0.0887892	-0.00414028	-0.00107886	-0.000134668	0
3743.080589753	3049.575501797	-0.0307623	0.105222	0.0946375	-0.00449945	-0.000790986	-0.000152746	0
3757.810323906	3039.948939329	-0.0334434	0.131054	0.0913359	-0.0037908	-0.00103874	-0.000327408	0
3735.676248428	3045.602536975	-0.0197647	0.220176	0.111355	-0.00519529	-0.000805566	5.02839e-05	0
3743.185698699	3044.598279498	-0.0172712	0.248748	0.11725	-0.00525623	-0.000570042	-7.93043e-05	0
3745.257512818	3052.118246664	-0.0221349	0.212239	0.0490879	-0.00507185	-0.000681707	-3.55465e-05	0
3757.196020509	3051.306596248	-0.0292437	0.180084	0.0682786	-0.00466691	-0.000808608	-0.00015363	0
3744.556786509	3051.713369093	-0.0267995	0.109649	0.0472247	-0.0042439	-0.000808859	-0.000263791	0
3762.908808525	3055.147365819	-0.0194465	0.108533	0.0804453	-0.00437248	-0.000661234	-8.71765e-05	0
3757.107261843	3050.456329656	-0.0239516	0.20037	0.104118	-0.00467503	-0.000648981	-0.000202475	0
3746.656162529	3053.612195154	-0.0281256	0.217212	0.0606841	-0.00540496	-0.000722781	0.000109826	0
3754.212327888	3055.402990687	-0.0264465	0.209315	0.0625191	-0.0048811	-0.000680352	-0.000216876	0
3745.789597661	3056.502722512	-0.0199734	0.127823	0.015012	-0.00541406	-0.000821744	-9.72801e-05	0
3759.045470812	3058.949993031	-0.0351755	0.0908841	0.0723958	-0.00466824	-0.00083456	-0.000409265	0
3761.775500509	3059.571168569	-0.0357824	0.109611	0.0512501	-0.00449866	-0.00096036	-0.000460724	0
3751.466415061	3067.063417376	-0.027602	0.207096	0.106942	-0.00510011	-0.000704466	-0.000391111	0
3766.659095728	3056.157309112	-0.0398599	0.210059	0.0889964	-0.0050431	-0.000855785	-0.000526654	0
3756.311236757	3066.894975039	-0.0364829	0.161899	-0.0154337	-0.0052233	-0.000379686	0.000123585	0
3756.772314667	3064.052777128	-0.0349483	0.159478	0.0621465	-0.00465833	-0.000904608	-0.000248371	0
3751.467349362	3060.762347288	-0.0252975	0.115097	0.0488995	-0.00500599	-0.00077619	-8.08346e-05	0
3766.003683054	3059.677066916	-0.014113	0.116318	0.0878349	-0.00440833	-0.000769665	-0.000446724	0
3753.303719441	3058.089776259	-0.00782554	0.179425	0.0839239	-0.0052204	-0.000778515	-0.000226118	0
3755.826334151	3060.275025366	-0.0163356	0.22293	0.116951	-0.00527395	-0.000676722	-0.000216969	0
3762.812108295	3060.768270015	-0.0194011	0.17657	0.0735749	-0.00515779	-0.000736484	-0.000199078	0
3758.606816143	3056.879407906	-0.0275288	0.159865	0.0732971	-0.00497037	-0.000965335	0.000143956	0
3765.599130398	3054.843885321	-0.0325765	0.107409	0.0797271	-0.00460357	-0.000822416	-0.000453031	0
3762.784079242	3060.227169737	-0.0284547	0.120054	0.0580858	-0.00523605	-0.000965263	-0.000380364	0
3772.721779748	3053.853605479	-0.0287601	0.162497	0.0947154	-0.00466706	-0.000702025	-0.000496036	0
3783.845109166	3051.273902799	-0.0266581	0.17388	0.0830162	-0.00439626	-0.000871608	-0.000429523	0
3760.29229649	3057.239272758	-0.0299295	0.241637	0.0894592	-0.00532656	-0.000573549	-0.000189317	0
3772.41766453	3055.360820876	-0.0284085	0.251803	0.0768918	-0.00513273	-0.000620519	-0.000289656	0
3760.332004314	3061.86278984	-0.0182227	0.194445	0.0461962	-0.00551493	-0.000556661	-0.000207974	0
3767.481281263	3057.848839752	-0.022596	0.125584	0.0565648	-0.00490877	-0.000745737	-0.000472921	0
3774.04615247	3057.732991225	-0.0214406	0.116424	0.0768342	-0.00451304	-0.000569552	-0.000552641	0
3755.765604538	3052.564109503	-0.0146821	0.155504	0.0843672	-0.00444879	-0.000725867	-0.000364803	0
3755.559123852	3048.69396321	-0.0289446	0.190691	0.0899842	-0.00454928	-0.000727723	-0.000419125	0
3746.809388015	3050.854099957	-0.016575	0.203804	0.1007	-0.005519	-0.000581405	-0.000311267	0
3760.959855086	3051.327681154	-0.0219986	0.16374	0.0640346	-0.00508894	-0.000487757	-0.00031648	0
3753.583542814	3053.589925703	-0.0274988	0.1744	0.0604703	-0.00507051	-0.000631735	-0.000257898	0
3753.134143674	3056.466238518	-0.0130631	0.158246	0.097246	-0.00470487	-0.000824004	-0.000412812	0
3752.383899374	3054.312498315	-0.0105703	0.154155	0.0950008	-0.00480549	-0.000790232	-0.000438233	0
3739.009837052	3059.248972257	0.000215194	0.21308	0.0960724	-0.00580115	-0.000637045	-0.00024384	0
3745.413541209	3053.671896235	-0.0146438	0.235136	0.129022	-0.00541237	-0.000605798	-0.000358331	0
3731.338752579	3058.5173971	-0.010655	0.155139	0.0451741	-0.00595022	-0.000689876	-0.000349429	0
3758.21440941	3059.875833611	-0.0166011	0.107691	0.0849003	-0.00502873	-0.000728619	-0.000399016	0
3752.098937342	3055.978916595	-0.021887	0.110104	0.0852481	-0.00475282	-0.000837762	-0.000502433	0
3748.564473842	3056.65837176	0.000855632	0.163208	0.0895163	-0.00513685	-0.000567028	-0.000323636	0
3765.648648391	3058.788421057	-0.00512319	0.208477	0.0972226	-0.00495737	-0.000439783	-0.000255417	0
3763.078384292	3058.016571362	-0.0224355	0.217028	0.0711075	-0.00611679	-0.000715207	-0.000378886	0
3756.797073664	3058.509342192	-0.0165454	0.191169	0.0336416	-0.00487674	-0.000407236	-0.000547631	0
3752.73519683	3056.770429742	-0.0224271	0.161449	0.0795061	-0.00478569	-0.000809828	-0.000399689	0
3754.209992133	3060.633231854	-0.00150331	0.154306	0.105319	-0.0053478	-0.000756232	-0.000276859	0
3769.783400761	3053.22532267	-0.0216715	0.179759	0.10042	-0.00492121	-0.000818203	-0.000373473	0
3743.80747651	3050.994350116	-0.00907746	0.224847	0.0857091	-0.00651113	-0.000583767	-0.000144718	0
3768.466035301	3058.257034051	-0.0173892	0.180568	0.0751305	-0.00595583	-0.00059216	-0.000439214	0
3766.257345977	3064.899253175	-0.0254511	0.160396	0.0576164	-0.00592923	-0.00060587	-0.0004244	0
3749.315652445	3063.623734833	-0.00962829	0.146632	0.0925162	-0.00465103	-0.000598388	-0.000172591	0
3776.999947436	3055.669750281	-0.022239	0.136632	0.104369	-0.00527158	-0.000536034	-0.00064471	0
3752.471256587	3055.432604319	-0.0197209	0.164144	0.069564	-0.00591776	-0.000684087	-0.000372739	0
3750.406449731	3057.87940102	-0.0026044	0.204168	0.0965811	-0.00528621	-0.000555526	-0.000571933	0
3775.811982767	3053.935339102	-0.0267838	0.206841	0.0821423	-0.00547539	-0.000751062	-0.000662569	0
3747.469939349	3058.8602045	-0.0118335	0.168177	0.0705093	-0.00549079	-0.000727028	-0.000424375	0
3765.520181901	3054.513397192	-0.0159216	0.168941	0.0880105	-0.00505107	-0.000283056	-0.000429418	0
3752.552540839	3055.407491959	-0.00336849	0.154885	0.0424972	-0.00590455	-4.91837e-05	-0.000193811	0
3758.337270089	3055.583752295	-0.0155767	0.155883	0.0945863	-0.0052578	-0.000768257	-0.000328068	0
3750.16446558	3051.956200872	-0.0180283	0.195383	0.102302	-0.00528816	-0.0010775	-0.000523277	0
3752.117623376	3048.766220471	-0.00341855	0.21347	0.122839	-0.0057653	-0.001062	-0.000490159	0
3757.871987821	3049.566973071	-0.019256	0.144399	0.0866252	-0.00486352	-0.00112846	-0.000454368	0
3739.135500637	3056.529493235	-0.00925222	0.135171	0.0771967	-0.00528412	-0.00115395	-0.000390444	0
3763.547403768	3047.211386355	-0.0084638	0.137631	0.117638	-0.00542006	-0.00105356	-0.000496242	0
3754.11189045	3053.087915419	0.00571699	0.177388	0.0737801	-0.00595144	-0.000752657	-0.000313527	0
3759.49954146	3054.606976268	0.00372542	0.21537	0.103099	-0.00549955	-0.000760603	-0.000215299	0
3773.492578687	3056.702436844	0.00508135	0.205682	0.0609877	-0.00644932	-0.000854937	-0.000181492	0
3768.523027708	3062.961574029	0.000582685	0.185021	0.0513361	-0.00505746	-0.000634185	-0.000324155	0
3769.156484291	3061.187125221	-0.00365143	0.138194	0.0793237	-0.00538315	-0.000716804	-0.000472625	0
3751.981215322	3060.078627761	0.00214602	0.131432	0.0721506	-0.00597674	-0.0011156	-0.000186058	0
3777.164851693	3056.837001186	-0.00625471	0.214045	0.107977	-0.00572887	-0.000945331	-0.000112094	0
3772.670860302	3064.57776759	-0.003908	0.213497	0.087107	-0.0059088	-0.00073097	-0.000428579	0
3763.525447677	3064.397005982	-0.0124426	0.181329	0.0552765	-0.00602756	-0.000787341	-0.000445582	0
3768.415583007	3063.758062266	-0.0151169	0.13171	0.063702	-0.00522356	-0.000838912	-0.00076652	0
3764.761061734	3063.532761756	0.0149573	0.129581	0.0456458	-0.00607135	-0.000227869	-0.00036986	0
3766.499330129	3060.623518583	-0.0104765	0.179754	0.0924392	-0.0052852	-0.00102169	-0.000585742	0
3762.897596904	3057.696507231	-0.0131001	0.171996	0.0611156	-0.00604577	-0.00122182	-0.000261594	0
3759.272973287	3060.115111755	-0.000789208	0.241447	0.104517	-0.00587268	-0.000828871	-0.000234375	0
3747.944564635	3055.419337412	0.00112702	0.218243	0.0930656	-0.0064338	-0.000640073	-0.000312202	0
3745.704109051	3059.078160829	0.00181723	0.142579	0.0767179	-0.00639754	-0.000907041	-0.000168002	0
3754.549143666	3065.459069268	-0.00248601	0.121438	0.1191	-0.00541	-0.000694829	-0.000341976	0
3745.486416745	3062.561671547	0.00340821	0.11377	0.110238	-0.00643278	-0.000761633	-0.000485205	0
3766.578278627	3056.366262897	0.00115925	0.168321	0.128162	-0.00595728	-0.000816049	-0.000485205	0
3760.605754725	3052.470293518	0.00227402	0.203304	0.144207	-0.00636607	-0.000772131	-0.000323261	0
3751.231438172	3053.699614595	0.00137951	0.239084	0.118472	-0.00618085	-0.000637782	-0.000351349	0
3753.128070713	3050.221315876	-0.00612889	0.146062	0.113998	-0.00575549	-0.000694105	-0.000614172	0
3753.760125843	3055.776833173	-0.000315559	0.155045	0.0947585	-0.0057816	-0.000466923	-0.00037068	0
3766.784292161	3054.068955808	-0.000149755	0.170849	0.142395	-0.00613507	-0.000840656	-0.000564675	0
3758.015403139	3051.31607261	-0.00830669	0.165175	0.121024	-0.00614976	-0.000739814	-0.000541241	0
3747.581121256	3052.223197375	0.00360252	0.233008	0.143011	-0.00670701	-0.000669943	-0.000323965	0
3775.166847413	3051.295698432	-0.000394302	0.201159	0.140913	-0.00631404	-0.000601006	-0.000576758	0
3773.154361455	3055.010432386	-0.0133064	0.189035	0.0647668	-0.00650836	-0.000462406	-0.000580504	0
3762.832195782	3055.451793952	-0.00411465	0.125455	0.0962666	-0.0059667	-0.000510999	-0.000549528	0
3767.869016487	3050.32768804	-0.020465	0.129619	0.12592	-0.00594865	-0.000592109	-0.00061637	0
3747.089678539	3057.547017618	-0.0016931	0.158176	0.114867	-0.00646292	-0.000629509	-0.000452484	0
3757.126415029	3054.577362637	-0.0174705	0.237618	0.155973	-0.00646953	-0.00064756	-0.000391764	0
3763.327375707	3056.370053442	-0.0145478	0.229124	0.106335	-0.00718573	-0.00060517	-0.0003047	0
3761.48119546	3057.242589485	-0.0156537	0.153015	0.104328	-0.00583122	-0.000497738	-0.00071209	0
3747.541413432	3055.914714242	-0.0232957	0.156049	0.116659	-0.00594897	-0.000715875	-0.000740804	0
3746.117537573	3060.973196346	-0.00642644	0.173755	0.135778	-0.00574387	-0.000650913	-0.000614538	0
3764.508800263	3054.300889772	-0.0201158	0.150408	0.140041	-0.00585992	-0.000595713	-0.000879749	0
3754.739274071	3061.412662639	0.00300052	0.200594	0.113529	-0.00683036	-7.53732e-05	-0.000386483	0
3765.699567836	3057.683714142	0.0169623	0.227349	0.12444	-0.00617678	-0.000337791	-0.000333224	0
3772.813341318	3056.337833811	-0.00892958	0.123149	0.0874959	-0.00630013	-0.000829112	-0.000435568	0
3758.322788412	3062.373802668	-0.00695449	0.142103	0.127509	-0.00553721	-0.000260336	-0.000710403	0
3763.499287228	3051.262531164	-0.00612696	0.158377	0.131338	-0.00576598	-0.000680113	-0.000630315	0
3755.603036034	3058.667123622	0.00208073	0.194183	0.101464	-0.0067256	-0.00073693	-0.00044291	0
3761.619939269	3054.523347372	-0.00177185	0.235967	0.138563	-0.00634544	-0.000524598	-0.000771274	0
3767.430361818	3057.238562031	-0.00370449	0.187534	0.0640533	-0.00661502	-0.000489566	-0.000786834	0
3761.456436463	3056.22056383	0.00124599	0.13491	0.105448	-0.00581415	-0.000559188	-0.000741572	0
3768.314678419	3055.439474681	-0.00861823	0.152981	0.126104	-0.00563753	-0.00071105	-0.001001	0
3757.473040976	3062.26079705	-0.004569	0.180933	0.112285	-0.00612153	-0.000490128	-0.000633249	0
3763.439491916	3054.355141945	-0.00510915	0.24071	0.13825	-0.00617465	-0.000437182	-0.000944888	0
3762.923757353	3056.569057047	0.00420046	0.246588	0.108414	-0.00685209	-0.000403484	-0.000681477	0
3743.623886217	3064.606196676	-0.00240366	0.211457	0.110465	-0.00666777	-0.000264565	-0.000810017	0
3763.681008917	3051.08603392	0.00022335	0.148823	0.119515	-0.00586733	-0.000691456	-0.000830762	0
3773.563118468	3053.939366556	0.00951738	0.146936	0.103714	-0.00669067	-0.00033415	-0.000530412	0
3758.369036349	3054.853124775	-0.00231567	0.167378	0.130413	-0.00589625	-0.000446709	-0.000854988	0
3757.209567884	3051.981550141	-0.0109823	0.181479	0.145167	-0.00623845	-0.000713019	-0.000644508	0
3759.451892071	3053.011630704	0.00465179	0.18251	0.122551	-0.00625781	-0.000733525	-0.000545873	0
3764.300450974	3055.676383734	-0.00670761	0.151906	0.124894	-0.00576113	-0.000510724	-0.000426479	0
3749.578658386	3059.262239163	0.00703587	0.166949	0.123819	-0.00687807	-0.000603845	-0.000445389	0
3769.420424533	3058.033628814	0.0111601	0.153826	0.141768	-0.00587251	-0.000536324	-0.000508222	0
3753.188800327	3046.670996804	0.000543016	0.214612	0.148895	-0.00653589	-0.000773687	-0.000771904	0
3758.81936979	3054.248295962	0.0212376	0.231969	0.141745	-0.00655498	-0.000520755	-0.000579208	0
3763.984656984	3058.724929431	-0.000453976	0.151876	0.130018	-0.00584813	-0.000713155	-0.000549712	0
3752.38203077	3055.839377163	0.00111711	0.143518	0.12923	-0.00610538	-0.00079152	-0.000435441	0
3781.718638396	3061.303210657	-0.00723141	0.148524	0.143637	-0.00585464	-0.000723797	-0.00068335	0
3772.489138613	3058.842436321	0.0047921	0.163243	0.10141	-0.00599652	-0.000615323	-0.000509708	0
3780.591403341	3058.887212132	-0.00177268	0.208426	0.138609	-0.00613045	-0.000455749	-0.000555384	0
3769.551693929	3059.977467595	0.00228075	0.268529	0.133487	-0.00702685	-0.000376631	-0.000627078	0
3775.678377618	3065.365490192	0.00865319	0.210839	0.0869233	-0.00658802	-0.00059127	-0.000541699	0
3763.691753387	3061.423086638	-0.00616786	0.191638	0.0871968	-0.00619842	-0.000439658	-0.000867226	0
3765.932676121	3062.995688933	-0.00514091	0.124499	0.0879567	-0.00602151	-0.000514122	-0.000713842	0
3763.08258865	3062.660699532	0.0083947	0.13548	0.126723	-0.00576489	-0.00058495	-0.00104836	0
3784.30244987	3058.170088428	0.00123195	0.188889	0.138471	-0.00615139	-0.000610902	-0.000825478	0
3772.252760272	3064.926023898	0.00699652	0.226137	0.137515	-0.00687288	-0.000214541	-0.000695669	0
3760.058253903	3058.327159131	-0.00925461	0.232351	0.142161	-0.00712099	-0.000501509	-0.000736525	0
3772.338248881	3065.015812429	0.0107753	0.154189	0.0745126	-0.00687832	-0.000552216	-0.000748549	0
3759.32856424	3065.980269185	-0.00174192	0.15121	0.125577	-0.00629277	-0.000690698	-0.000825193	0
3763.90243843	3057.581369431	-0.00933025	0.138783	0.137482	-0.00603955	-0.000733567	-0.000740183	0
3754.987331185	3058.214390421	-0.00240786	0.185616	0.12102	-0.00668809	-0.000643465	-0.000876423	0
3755.345168753	3056.647473943	0.00574524	0.251346	0.151934	-0.00718665	-0.00043925	-0.000845328	0
3746.573943976	3052.416515162	0.00873058	0.215282	0.124596	-0.00788697	-0.000118447	-0.000748969	0
3755.594627319	3049.876139385	-0.000418409	0.154605	0.10599	-0.00674825	-0.000436901	-0.000844357	0
3760.927154525	3055.293538704	-0.000228979	0.148944	0.100051	-0.00673439	-0.000385615	-0.000843515	0
3759.802722376	3053.062092332	9.01681e-05	0.120785	0.147362	-0.0063369	-0.000613333	-0.000833485	0
3769.074265737	3048.930161536	0.00134601	0.147003	0.153407	-0.00619746	-0.000645925	-0.0010484	0
3755.524087537	3055.709077184	0.00733819	0.219173	0.118644	-0.00684947	-0.000604585	-0.0007027	0
3766.622190809	3052.027984315	0.0106296	0.258789	0.151477	-0.00686194	-0.000728577	-0.00065476	0
3770.375280916	3052.544446051	0.0179584	0.251497	0.132799	-0.00731893	-0.000299367	-0.000552909	0
3754.606603224	3054.257535415	0.0115884	0.212177	0.140489	-0.00703603	-0.000124675	-0.000681688	0
3767.97272398	3053.995040184	0.0015621	0.148434	0.146779	-0.00635536	-0.000522487	-0.000671834	0
3758.663808549	3051.738244543	0.000567625	0.149076	0.113144	-0.00698885	-0.000598088	-0.000477294	0
3773.661687302	3059.793863079	0.00197959	0.133627	0.15202	-0.00601149	-0.000467939	-0.000831992	0
3762.819115558	3052.083184125	-0.00140592	0.133882	0.150503	-0.00637509	-0.00067264	-0.000879651	0
3757.811725358	3055.744850451	-0.00203561	0.223123	0.162348	-0.00729084	-0.000731883	-0.00074112	0
3782.476824262	3054.978212755	0.00194463	0.242038	0.155983	-0.00668985	-0.000491767	-0.000510905	0
3765.307161103	3056.179341654	0.010993	0.216616	0.0863151	-0.0072053	-0.00057462	-0.000393313	0
3771.948177903	3053.901934926	0.00786187	0.147232	0.116626	-0.00653255	-0.000418312	-0.000744715	0
3758.250380027	3055.855960797	0.00095082	0.162569	0.116065	-0.00661488	-0.000508247	-0.000795706	0
3764.501793	3059.531841666	-0.00214566	0.208415	0.147878	-0.00625162	-0.000306178	-0.000921345	0
3774.347464783	3057.226716578	0.0039667	0.212763	0.176418	-0.00740578	-0.00041827	-0.000765232	0
3750.887147979	3058.443244567	-0.00465106	0.225253	0.140469	-0.00779679	-0.000299512	-0.000654047	0
3766.977225472	3061.714721682	0.00668747	0.180714	0.0965409	-0.00720702	-0.000424916	-0.000564418	0
3754.71731798	3058.675415439	-0.00463351	0.134987	0.0901343	-0.00705379	-0.000363013	-0.0006882	0
3769.400804197	3059.374060237	-0.00976744	0.123684	0.128555	-0.00625453	-0.000624451	-0.000894317	0
3754.538399196	3054.288333592	-0.0117293	0.190578	0.131045	-0.00632348	-0.000713814	-0.00092656	0
3758.938493262	3056.534468325	-0.00405562	0.26909	0.13561	-0.00725694	-0.000384984	-0.000697386	0
3774.519376304	3054.920880764	-0.0100127	0.233753	0.156973	-0.00776301	-0.000433142	-0.000447005	0
3750.064028142	3062.367169215	-4.34514e-05	0.197416	0.0962024	-0.00775541	-0.000156597	-0.000626047	0
3768.313744117	3057.590845793	-0.0018204	0.168466	0.122413	-0.00621182	-0.00025087	-0.00085203	0
3762.000200079	3060.044039039	-0.006257	0.124097	0.105953	-0.00741631	-0.000518481	-0.000878338	0
3750.433544482	3059.479010947	-0.00757415	0.172058	0.144583	-0.00674843	-0.000240266	-0.000874644	0
3775.741910137	3054.058768719	-0.0094952	0.25084	0.171468	-0.0076208	-0.000103057	-0.000778305	0
3764.136948168	3059.076739375	-0.00915991	0.243442	0.12396	-0.00773914	-0.000174311	-0.000582367	0
3769.533007894	3059.392302234	-0.0160814	0.227788	0.0886324	-0.00686032	-0.000465711	-0.00092753	0
3758.757705875	3056.024403134	-0.000239703	0.159141	0.100113	-0.00770275	-0.0004061	-0.000964701	0
3769.180308985	3056.773746469	-0.00791328	0.14345	0.140308	-0.00663462	-0.000418214	-0.000973582	0
3757.923374417	3056.179341654	-0.0135664	0.177697	0.140906	-0.00633163	-0.000627751	-0.00100227	0
3756.692899019	3054.608397723	-0.00440397	0.234059	0.149776	-0.00735587	-0.000296194	-0.000747724	0
3768.512750389	3053.886535838	-0.0109954	0.231726	0.162568	-0.00746461	-0.000291717	-0.00102231	0
3764.059868274	3058.620452538	-0.00482141	0.190752	0.102418	-0.00759385	-0.000604737	-0.000951041	0
3774.228341311	3051.900527245	-0.0144644	0.15045	0.114134	-0.00647618	-0.00072405	-0.000807155	0
3760.79074647	3055.850511888	-0.00981746	0.150077	0.104381	-0.00670659	-0.000639278	-0.000607061	0
3761.420465846	3057.398712551	-0.00561132	0.172022	0.144353	-0.00672924	-0.000838182	-0.000701478	0
3768.814062701	3049.928022468	0.00423303	0.19771	0.15326	-0.00676326	-0.000812204	-0.00104153	0
3751.416429917	3055.729214453	-0.000475594	0.235456	0.109254	-0.00756611	-0.00030497	-0.000926314	0
3757.609449031	3059.081714465	-0.00567542	0.187562	0.10198	-0.00757022	-0.000451812	-0.000792566	0
3755.635269444	3057.916595741	-0.00133279	0.157412	0.0879147	-0.0069123	-0.000551135	-0.00087891	0
3755.570802624	3061.101127234	-0.00578775	0.15057	0.127135	-0.0064971	-0.000707892	-0.00100768	0
3757.940191848	3058.393967484	-0.000739353	0.155856	0.107514	-0.00728541	-0.00093671	-0.000700553	0
3774.076050126	3060.691037663	0.00194073	0.218182	0.146738	-0.00724205	-0.000673947	-0.000784547	0
3768.95794517	3057.832019209	0.00147624	0.282227	0.131639	-0.00768807	-0.000498909	-0.000762729	0
3771.222225448	3064.750000472	0.00688725	0.2251	0.0767287	-0.00706155	-0.000804766	-0.000638483	0
3758.289620701	3061.788637307	-0.000582598	0.199984	0.0886665	-0.0067786	-0.000882393	-0.000876566	0
3766.379272355	3063.251313801	0.00908768	0.140993	0.0963137	-0.00728716	-0.000736561	-0.000566337	0
3774.425946129	3058.830590869	-0.00492877	0.13695	0.120079	-0.0065498	-0.000720231	-0.000915133	0
3771.219422542	3058.068928263	-0.0135396	0.164992	0.121172	-0.0067642	-0.000724471	-0.000876625	0
3764.429851765	3057.290682023	-0.003244	0.20498	0.118015	-0.00722804	-0.000718651	-0.000792079	0
3763.835168705	3058.350139309	0.004175	0.269371	0.141652	-0.00723557	-0.000730498	-0.000836509	0
3758.2088036	3058.550564368	0.00201464	0.221681	0.0992843	-0.00741971	-0.000529719	-0.000739089	0
3755.133082257	3054.70908407	-0.00132084	0.15422	0.0998539	-0.0071924	-0.000719816	-0.000984772	0
3759.862050536	3057.75668213	-0.0149917	0.167854	0.114543	-0.00665844	-0.000778351	-0.000821862	0
3752.238615452	3057.353699831	0.00429998	0.164537	0.11887	-0.00643641	-0.000813915	-0.000799588	0
3762.711203706	3051.495175855	-0.00656474	0.149284	0.137457	-0.00628813	-0.000549691	-0.000936849	0
3755.817925435	3057.296130931	-0.00820755	0.21531	0.128597	-0.00754813	-0.000521956	-0.000994214	0
3764.555982501	3061.643175148	-0.00395454	0.204353	0.174113	-0.00751919	-0.000389002	-0.000915546	0
3751.944310403	3055.353476695	-0.00213951	0.213764	0.136234	-0.00733203	-0.000590894	-0.00111164	0
3763.44136052	3058.781313786	0.00352759	0.178152	0.132617	-0.00687734	-0.000317772	-0.000913051	0
3765.38050379	3055.221281443	0.0267557	0.109506	0.137922	-0.00704962	6.71941e-05	-0.000543696	0
3753.252799996	3061.569733342	-0.00779709	0.150157	0.122573	-0.00752578	-0.000504913	-0.00083417	0
3757.867316312	3051.024437566	0.000592474	0.219692	0.152369	-0.00715882	-0.000412405	-0.000916163	0
3759.965290879	3052.515543147	0.0019013	0.242746	0.129784	-0.00755589	-0.000384624	-0.000642031	0
3766.984232735	3055.830848437	0.000878422	0.187239	0.105194	-0.00689286	-0.00035054	-0.000795211	0
3751.927492971	3054.332635585	-0.0110548	0.169836	0.116226	-0.00748687	-0.00056266	-0.000843104	0
3767.354216225	3060.5192786	0.00599981	0.1299	0.134786	-0.00655549	-6.61786e-05	-0.00103297	0
3763.241419946	3052.44707643	-0.00815095	0.15279	0.137993	-0.00697029	-0.00038523	-0.0011676	0
3761.69561771	3059.61594438	-0.0193703	0.205921	0.137	-0.00781773	-0.000287193	-0.000948359	0
3770.196362132	3061.050902515	-0.0239657	0.259374	0.163668	-0.00804016	-0.000263737	-0.000657378	0
3759.741992762	3059.52591894	-0.00592066	0.207923	0.0907185	-0.00829847	-3.86313e-05	-0.000799458	0
3770.385558235	3057.662629236	-0.00582555	0.145479	0.1117	-0.00757429	-5.23308e-05	-0.00122321	0
3772.907238644	3059.126490276	-0.0112318	0.157254	0.108668	-0.00710953	-0.000116908	-0.00111508	0
3771.639858327	3061.745756768	-0.0159558	0.178931	0.131862	-0.00670812	-0.00039839	-0.0010595	0
3773.956459503	3058.823009779	-0.0242795	0.210889	0.167362	-0.00791298	-5.16883e-05	-0.00119274	0
3767.348143264	3058.168193156	-0.0238702	0.214975	0.147883	-0.0084496	9.3483e-05	-0.000920831	0
3775.537298055	3057.935785375	-0.0118402	0.159375	0.103776	-0.00761609	-0.000158676	-0.00102839	0
3771.312385566	3059.221964624	-0.0141783	0.157519	0.095148	-0.00731374	-0.000319737	-0.000840967	0
3762.436051843	3061.403186277	-0.00980559	0.131426	0.145731	-0.00708722	-0.000261328	-0.00127489	0
3766.053201046	3059.203959536	-0.0190389	0.195402	0.159503	-0.00729639	-0.000266765	-0.00124564	0
3763.280193469	3062.312443223	-0.0149797	0.222845	0.163171	-0.00803174	-0.000366445	-0.00108439	0
3777.615185134	3058.450114929	-0.0120333	0.225395	0.140082	-0.00791133	-0.000276237	-0.00111435	0
3752.370819149	3055.779676082	-0.00513944	0.177846	0.111666	-0.00800725	-0.000363046	-0.00118577	0
3769.895984121	3055.591570293	-0.0139253	0.137914	0.132252	-0.00680314	-0.000529207	-0.00110706	0
3775.680246221	3056.712150115	-0.0102308	0.136878	0.0901666	-0.00748839	0.000154689	-0.000757158	0
3751.587407136	3056.885804451	-0.0113113	0.20714	0.139924	-0.0071335	-0.000569436	-0.0012765	0
3761.963762311	3048.796307921	-0.0186059	0.239203	0.143537	-0.0075994	-0.00051141	-0.00129786	0
3763.440893369	3057.205157855	-0.00846959	0.246377	0.122634	-0.00815824	-0.000244977	-0.000820257	0
3759.304272395	3054.112310165	-0.0193183	0.1954	0.0935374	-0.00777917	-0.000592811	-0.000811495	0
3745.720459332	3056.083393488	-0.00397793	0.123877	0.110004	-0.00795685	-0.000373958	-0.000973209	0
3768.038125102	3057.71166941	-0.0154018	0.141429	0.139027	-0.00707638	-0.00048732	-0.000930299	0
3739.532578878	3056.369342715	-0.0146193	0.150295	0.131059	-0.00764658	-0.000411447	-0.000928047	0
3771.890251195	3055.44989868	-0.0255995	0.251492	0.164634	-0.00765274	-0.000474702	-0.000968509	0
3766.282572125	3059.964200688	-0.0189462	0.227585	0.128151	-0.00827685	-0.000106857	-0.000753682	0
3749.977605231	3064.423539796	-0.0171522	0.203887	0.112073	-0.00729788	-0.000253455	-0.00104796	0
3756.127646464	3062.468803198	-0.0126243	0.14406	0.119135	-0.00690868	-0.000400246	-0.00133629	0
3753.748914222	3063.728211725	-0.00754008	0.177027	0.090047	-0.00655057	-0.000435793	-0.00112896	0
3770.922314588	3069.340113377	-0.0151802	0.209462	0.154285	-0.00738746	-0.000490086	-0.00124482	0
3767.568638476	3055.884389883	-0.0142313	0.214714	0.130585	-0.00767943	-3.23293e-05	-0.00110477	0
3764.644741166	3066.477778197	-0.0158151	0.242319	0.131951	-0.00796047	-0.000143719	-0.00106778	0
3776.132915417	3066.189459879	-0.0182372	0.139851	0.0933362	-0.00705191	-0.000116259	-0.00124821	0
3758.87869795	3069.570625886	-0.0095406	0.148266	0.0865963	-0.0070687	-0.000125363	-0.0009815	0
3769.952042226	3066.661382713	-0.00856658	0.157678	0.141604	-0.00688372	-0.000382444	-0.00120695	0
3773.788285189	3058.555539458	-0.0171446	0.157629	0.132821	-0.00723835	-0.000247253	-0.00122186	0
3758.3695035	3062.854728046	-0.0180062	0.22337	0.130039	-0.00786834	-0.000232988	-0.000917375	0
3777.841286156	3064.170757837	-0.0179373	0.237152	0.13708	-0.00798735	-5.99455e-05	-0.00096414	0
3763.542265108	3064.327354721	-0.0185221	0.189794	0.0994523	-0.00778978	-0.000232339	-0.000981843	0
3761.199503484	3056.473345789	-0.0139404	0.129057	0.112975	-0.00731939	-0.000265102	-0.00127062	0
3764.734901285	3057.305607293	-0.00720602	0.152782	0.109021	-0.00732071	-0.000137658	-0.000895712	0
3752.81554678	3059.743875269	-0.00403477	0.189158	0.150442	-0.00702724	-0.000449917	-0.000999515	0
3757.040459268	3054.682550256	-0.010135	0.189827	0.158293	-0.00733161	-0.0005197	-0.00115152	0
3746.769680191	3052.809310373	-0.00249144	0.16511	0.124016	-0.00744574	-0.0002559	-0.000953364	0
3751.888252298	3052.950745077	-0.0297964	0.163392	0.138133	-0.00679348	-0.000242075	-0.000947513	0
3751.106708889	3058.803820146	0.00666046	0.143913	0.0955599	-0.00731378	-3.85067e-06	-0.000692314	0
3772.088323165	3053.473366449	-0.0102536	0.155386	0.130952	-0.00700978	-0.000281266	-0.00102012	0
3760.416558622	3049.127269868	-0.0133798	0.184918	0.121991	-0.00751316	-0.000198684	-0.000870871	0
3753.45320772	3054.567886274	-0.00680451	0.222641	0.135055	-0.00736893	-0.000757522	-0.000939088	0
3765.131979526	3050.240979327	-0.0187202	0.152738	0.101736	-0.00629275	-0.000694496	-0.00107226	0
3757.972425258	3058.68512871	-0.0204567	0.138398	0.120483	-0.00719902	-0.000658319	-0.00124624	0
3758.177971642	3055.556744663	-0.0275182	0.213383	0.137627	-0.00685083	-0.000646379	-0.00103281	0
3761.63115089	3054.494207559	-0.00988393	0.229121	0.117507	-0.00806232	-0.000264695	-0.000802686	0
3770.157121459	3054.779919877	-0.00775468	0.156507	0.0972057	-0.00690654	-0.000540684	-0.000913999	0
3753.161705576	3053.602955701	-0.00922167	0.122852	0.081858	-0.00711314	-0.000404426	-0.000682897	0
3759.621934988	3058.515264919	-0.00425921	0.138962	0.137949	-0.00681264	-0.000600419	-0.000962736	0
3742.467687809	3057.204920946	0.0029125	0.14751	0.122387	-0.00762136	-0.000472108	-0.000915697	0
3766.63340243	3061.694110594	-0.00892544	0.21887	0.140564	-0.0076988	-0.000668384	-0.00103788	0
3780.933824931	3057.51669326	-0.00228555	0.231959	0.149192	-0.0079245	-0.000453189	-0.000913366	0
3770.086114526	3063.401040323	-0.0101174	0.211372	0.0855413	-0.00727246	-0.000275949	-0.00102117	0
3768.405305688	3063.618996652	-0.0212618	0.176539	0.113291	-0.00721845	-3.89261e-05	-0.00119696	0
3764.707339383	3064.729389384	-0.0145603	0.130767	0.102881	-0.00756188	-8.88448e-05	-0.00103064	0
3773.608432103	3065.534643256	0.00570569	0.133926	0.0998264	-0.0068097	0.000314459	-0.000928741	0
3766.260148883	3059.111565006	-0.0269258	0.201069	0.0983026	-0.00705918	-0.000542143	-0.0010841	0
3748.53130613	3062.783418421	-0.0153949	0.222846	0.129254	-0.00774832	-0.000507775	-0.000986615	0
3766.381140959	3054.405129755	-0.0254357	0.234962	0.145286	-0.00798645	-0.000179405	-0.00122073	0
3753.946986192	3058.846463775	-0.0121969	0.185488	0.0783686	-0.00758022	-0.000381053	-0.000844594	0
3755.826801302	3061.142823228	-0.0221209	0.12816	0.128951	-0.00730126	-0.000621512	-0.00120285	0
3755.241461259	3056.854532456	-0.00913123	0.117249	0.124817	-0.00688909	-0.000269579	-0.000946775	0
3773.884051118	3053.767133675	-0.0148866	0.137211	0.143302	-0.00715313	-0.000223719	-0.00117787	0
3745.908721134	3060.31150936	-0.014022	0.1887	0.109167	-0.00788577	-3.55947e-05	-0.00106891	0
3764.558318255	3056.151386386	-0.024343	0.255472	0.143774	-0.00764765	-0.000222355	-0.000923253	0
3773.30665264	3050.575968728	-0.0231106	0.220838	0.104969	-0.00841905	3.90253e-07	-0.000693178	0
3767.067852741	3054.70410898	-0.0145993	0.177448	0.0980868	-0.00777673	-0.000237292	-0.00116816	0
3765.18196467	3055.719738091	-0.0225799	0.16491	0.103336	-0.00720705	-0.000130576	-0.00135522	0
3769.267666198	3061.669472053	-0.0243165	0.148846	0.137385	-0.00708845	-0.00039428	-0.00111977	0
3777.577345914	3053.994566366	-0.0242606	0.144456	0.134572	-0.00693301	-0.00018014	-0.00129616	0
3753.636330862	3055.677805189	-0.0154088	0.198209	0.124091	-0.00794043	-6.05553e-05	-0.00102602	0
3765.842516003	3058.659779441	-0.0305615	0.231098	0.143057	-0.00797575	-0.00019992	-0.00114045	0
3765.638371072	3052.96519653	-0.0319453	0.214718	0.10655	-0.00787556	0.000125094	-0.000815504	0
3750.863323284	3058.435189659	-0.0228544	0.184765	0.12198	-0.00752937	-0.000254205	-0.000836301	0
3766.107390547	3053.689427505	-0.0343786	0.116096	0.120468	-0.00713336	-0.000119432	-0.00129335	0
3749.569782519	3059.36316242	-0.0334366	0.144341	0.113149	-0.00738118	-0.000209059	-0.00116076	0
3771.966396787	3052.17202502	-0.0334122	0.230171	0.171694	-0.00819581	-0.000199032	-0.00121158	0
3744.048993511	3056.23051401	-0.0281851	0.236081	0.145945	-0.0089411	-2.45986e-05	-0.000944941	0
3757.477245334	3050.136502435	-0.0241996	0.143171	0.115683	-0.0081557	-5.32775e-05	-0.00151866	0
3748.281380414	3048.088897488	-0.0242968	0.158369	0.125232	-0.0081162	4.55512e-05	-0.00139897	0
3752.813211025	3049.090785874	-0.028835	0.139059	0.15468	-0.00781531	-6.36291e-05	-0.00162337	0
3760.502047231	3047.147184001	-0.03229	0.17777	0.148268	-0.00802863	4.69416e-06	-0.00187758	0
3751.083818496	3055.874439703	-0.0270384	0.231683	0.15392	-0.00869543	0.000444309	-0.00122872	0
3759.96575803	3057.068935149	-0.0356119	0.268602	0.145558	-0.00850204	0.000204802	-0.00122733	0
3746.697271806	3056.732287384	-0.0333721	0.1679	0.0921185	-0.00892454	0.000300951	-0.00154767	0
3780.546089707	3055.2672418	-0.0341415	0.132456	0.133626	-0.00768937	0.000374922	-0.00160813	0
3755.99170556	3053.159935771	-0.0269232	0.125872	0.110352	-0.00825781	0.000256225	-0.00124496	0
3760.493171365	3056.557922321	-0.0307456	0.183231	0.149016	-0.00843792	0.000416473	-0.00154093	0
3765.039483654	3052.897203631	-0.018038	0.239771	0.143179	-0.00898633	0.000409313	-0.00113622	0
3758.794143643	3059.673987098	-0.00644744	0.189851	0.132861	-0.00846549	0.00043491	-0.00149472	0
3752.852451699	3058.795528329	-0.0209766	0.173285	0.0995797	-0.00812368	0.000413661	-0.00126112	0
3761.204174992	3067.832424163	-0.0226271	0.127259	0.129575	-0.00712849	0.000355826	-0.00146232	0
3759.568679789	3056.02274477	-0.0268665	0.174156	0.117646	-0.00811256	0.000415677	-0.00171097	0
3759.186550375	3069.064825057	-0.0195471	0.237665	0.153981	-0.00817752	0.000237819	-0.00172221	0
3770.177676097	3063.84216498	-0.0396318	0.27238	0.13126	-0.00860245	0.000563739	-0.00156474	0
3763.252631567	3070.993027841	-0.0336553	0.212922	0.10703	-0.00780291	0.000282483	-0.00138279	0
3768.934120475	3062.926037671	-0.032733	0.155232	0.0898115	-0.0079087	6.56889e-05	-0.00142569	0
3747.849733008	3073.970500822	-0.0258049	0.147329	0.123747	-0.00727917	0.000195227	-0.00147036	0
3777.721228382	3065.313844018	-0.02018	0.161567	0.10922	-0.00728199	7.50544e-05	-0.001418	0
3767.327121475	3068.808015644	-0.0226228	0.162831	0.113923	-0.0079527	1.49749e-05	-0.001571	0
3790.761744981	3062.309363406	-0.0360007	0.223349	0.113679	-0.00839087	0.000186654	-0.00164833	0
3765.369292169	3063.956592052	-0.0405901	0.238261	0.110397	-0.00817036	-7.87849e-05	-0.00148188	0
3778.826974497	3062.27832832	-0.0401863	0.201211	0.079753	-0.00798866	1.8133e-05	-0.00160968	0
3763.162004298	3060.808544554	-0.0449822	0.139539	0.0911539	-0.00752117	-2.04013e-05	-0.00151966	0
3760.315654033	3059.341129878	-0.0320655	0.153548	0.125456	-0.00794015	-0.000229784	-0.0017192	0
3757.740718426	3054.268196322	-0.0304326	0.158425	0.130494	-0.00769336	-5.92727e-05	-0.00151088	0
3753.487309734	3057.988379184	-0.0201483	0.249495	0.158003	-0.00829608	0.000344249	-0.00130066	0
3771.639391177	3051.131757367	-0.0273136	0.204829	0.0997888	-0.00780163	0.000404588	-0.00127371	0
3753.691454665	3056.435914159	-0.0176383	0.179858	0.117704	-0.0077244	0.000199761	-0.00157997	0
3754.365086223	3055.76498772	-0.0281824	0.144345	0.10704	-0.0076429	0.000271352	-0.001721	0
3765.009118847	3059.171976814	-0.0193988	0.17034	0.142222	-0.00785183	0.000194724	-0.00163039	0
3760.859417649	3054.921591491	-0.0284043	0.255731	0.130189	-0.0084934	0.000529337	-0.001378	0
3768.167993045	3059.43826259	-0.0261473	0.275038	0.116425	-0.00830092	0.000162386	-0.00162443	0
3761.24014561	3056.229092555	-0.022266	0.157175	0.0840654	-0.00818862	0.00036884	-0.00162443	0
3756.278536196	3063.884334791	-0.0158539	0.163989	0.106932	-0.00843828	0.000223567	-0.00145702	0
3779.677656235	3060.058253582	-0.0261313	0.147581	0.116822	-0.00817281	0.000296914	-0.00161434	0
3776.580445952	3060.65194767	-0.0388519	0.1515	0.118346	-0.00743877	0.000389138	-0.00168269	0
3762.419701562	3060.32904063	-0.0347708	0.240408	0.116767	-0.00864808	0.00017656	-0.00155844	0
3771.824382922	3059.426180228	-0.0343505	0.217149	0.141738	-0.00876217	0.000288633	-0.00170868	0
3758.612889104	3059.063946286	-0.0319684	0.208181	0.109619	-0.00858319	0.000356085	-0.00164383	0
3767.309369742	3059.068684467	-0.0404651	0.152503	0.115832	-0.0080841	0.000253011	-0.00184019	0
3752.132572204	3051.465088405	-0.0290854	0.142692	0.111521	-0.00834459	0.00030985	-0.00188248	0
3742.674635645	3060.043565221	-0.0115875	0.192329	0.111547	-0.00831718	0.000420576	-0.00154789	0
3752.046149293	3055.858329887	-0.0378159	0.219558	0.160176	-0.00861572	-7.62874e-05	-0.00171365	0
3735.901882299	3054.512449556	-0.0208783	0.244647	0.122013	-0.00940301	0.000182651	-0.00156208	0
3748.555597976	3052.553922413	-0.0314013	0.165341	0.114752	-0.00816196	9.77396e-05	-0.00195225	0
3744.400758118	3052.253758643	-0.0280412	0.115681	0.119221	-0.00876765	7.56045e-05	-0.00146536	0
3757.061013907	3056.84600373	-0.0333705	0.123381	0.143404	-0.00804727	0.000317063	-0.00195225	0
3732.682745639	3051.624765107	-0.0245296	0.144815	0.13639	-0.00865652	0.000496467	-0.00143558	0
