4671.247847562	3691.66816793	-0.0211166	0.0474832	-0.105129	-0.00223542	-0.00147249	0.000545824	1
4555.766266445	3684.711450275	-0.0310445	0.0848387	-0.057283	-0.00187225	-0.00101934	0.000368906	1
4446.524594977	3676.311379122	-0.0120117	0.145731	-0.0996673	-0.00224625	-0.000830112	0.000670686	1
4396.466909437	3678.8570977	-0.015622	0.124175	-0.0831824	-0.00201503	-0.00114401	0.000512113	1
4364.383854576	3678.515186029	-0.0152743	0.0504149	-0.0740872	-0.00185208	-0.00105929	0.000609902	1
4332.14336022	3673.046138055	-0.0292255	0.0548906	-0.0788463	-0.00166285	-0.00140713	0.000684242	1
4315.399987129	3680.397700601	-0.0142637	0.0987311	-0.0564316	-0.00172389	-0.00102274	0.00103978	0
4308.028589242	3683.529377613	-0.0212469	0.129293	-0.0306353	-0.00229881	-0.00119584	0.00103978	0
4305.967458273	3679.77881278	-0.014666	0.179408	-0.0264782	-0.00208066	-0.00114379	0.00117548	0
4308.981876733	3677.866446334	-0.0259436	0.167771	-0.0668724	-0.00188861	-0.0013631	0.00103978	0
4282.904014032	3689.292020307	-0.00940486	0.164818	-0.0670083	-0.00156542	-0.00139833	0.00122629	0
4285.217740235	3682.109720965	-0.0265142	0.0777451	-0.128771	-0.00234166	-0.00172517	0.00103978	0
4271.842303591	3679.098990205	-0.0151305	0.0507674	-0.119801	-0.00161549	-0.00129765	0.00103978	0
4271.845763799	3676.281834999	-0.0153766	0.157334	-0.128298	-0.00307982	-0.00143054	0.00140055	0
4270.173329605	3681.813048732	-0.0107808	0.146568	-0.0666872	-0.00164128	-0.00120039	0.00128512	0
4256.190626338	3673.337886267	-0.0107621	0.252132	-0.110377	-0.00225685	-0.00100901	0.00142618	0
4281.177369902	3679.76927249	-0.0145191	0.170556	-0.116326	-0.00185759	-0.0010939	0.00112017	0
4274.807702427	3676.316303143	-0.0113569	0.166042	-0.201434	-0.00241984	-0.00132894	0.00103978	0
4270.72580959	3675.747271028	-0.0103657	0.124765	-0.144316	-0.00221758	-0.00125359	0.000844061	0
4265.602970643	3675.091145302	-0.00757991	0.109985	-0.15527	-0.00270276	-0.000926184	0.00103978	0
4280.850380182	3687.013122088	-0.014042	0.132335	-0.13433	-0.0024769	-0.00109394	0.000980037	0
4269.154298149	3679.479370785	-0.0145168	0.176536	-0.133126	-0.00241041	-0.0012633	0.00103978	0
4263.59604961	3675.873756804	-0.0325026	0.23077	-0.114014	-0.00206246	-0.00156139	0.00103978	0
4256.594894051	3670.429021181	-0.0313153	0.223047	-0.0944091	-0.00186383	-0.00144895	0.00103978	0
4266.083362948	3673.186164887	-0.0371289	0.164206	-0.171494	-0.00257431	-0.00141903	0.00103978	0
4258.554525566	3675.823901097	-0.0359683	0.127024	-0.14151	-0.00142776	-0.00119027	0.000561352	0
4272.004933398	3679.788045318	-0.0339511	0.129362	-0.193005	-0.00255363	-0.00135809	0.00103978	0
4284.699285635	3685.202929067	-0.034761	0.0936889	-0.16572	-0.00214474	-0.00135889	0.00103978	0
4262.130651235	3674.136500835	-0.0350611	0.172696	-0.233538	-0.00312639	-0.00139884	0.00103978	0
4269.927654789	3674.491030309	-0.0269826	0.214291	-0.144949	-0.00147294	-0.00130204	0.000816429	0
4275.301358866	3674.69599266	-0.0268059	0.232107	-0.152915	-0.00259898	-0.0011121	0.00103978	0
4267.042417453	3681.973079397	-0.0277015	0.205819	-0.134636	-0.00203552	-0.0012628	0.000443609	0
4254.755793139	3684.608969099	-0.013112	0.168785	-0.165616	-0.00227474	-0.000930097	0.000607158	0
4264.063754483	3681.071060399	-0.0248057	0.144286	-0.154296	-0.00180923	-0.0011826	0.000865176	0
4258.329612002	3677.46359991	-0.0134173	0.135225	-0.150179	-0.00257083	-0.00109996	0.00103978	0
4271.515890572	3675.714957144	-0.0336882	0.164555	-0.144221	-0.00202862	-0.00111753	0.00103978	0
4257.951872555	3674.949887465	-0.0157269	0.188796	-0.140494	-0.0024774	-0.000910311	0.000591499	0
4255.161214256	3669.465451927	-0.032638	0.234119	-0.132224	-0.00244913	-0.000923998	0.000591499	0
4253.161790342	3673.925075707	-0.0301012	0.197014	-0.105097	-0.00204357	-0.00129307	0.0005915	0
4248.003772606	3677.991393353	-0.0373546	0.164033	-0.19012	-0.00304958	-0.00114601	0.000852382	0
4256.986474334	3671.556314115	-0.0281586	0.118995	-0.151853	-0.00190284	-0.00100773	0.000708498	0
4262.602393018	3677.466677422	-0.0266638	0.196834	-0.216067	-0.00292429	-0.00119996	0.0012206	0
4257.825574938	3679.710184244	-0.019778	0.178063	-0.12724	-0.00245878	-0.00129882	0.00112903	0
4240.621417392	3675.807590279	-0.027888	0.245411	-0.162607	-0.00321609	-0.00116278	0.00126641	0
4251.271363001	3670.260681231	-0.0235116	0.188059	-0.123573	-0.00287597	-0.00113827	0.000942785	0
4248.586817768	3678.177890628	-0.0280484	0.205443	-0.205731	-0.0029838	-0.00118419	0.00100124	0
4246.65775143	3675.739577246	-0.0288286	0.145931	-0.154974	-0.00223516	-0.00138294	0.000679921	0
4256.240222662	3677.302645991	-0.0279561	0.147195	-0.168909	-0.00283561	-0.00140734	0.000850211	0
4253.132378568	3677.349116434	-0.0418239	0.233257	-0.102729	-0.0026158	-0.00143323	0.000651528	0
4267.008968769	3670.259450226	-0.0297702	0.200317	-0.129368	-0.00355528	-0.0013358	0.000621426	0
4263.546453285	3681.31910793	-0.0430799	0.201601	-0.106305	-0.00294887	-0.00181181	0.000570809	0
4255.389588029	3673.144310713	-0.0378136	0.160623	-0.127251	-0.00304369	-0.00164278	0.000446816	0
4259.300777238	3669.90184324	-0.0622529	0.139425	-0.131159	-0.00230821	-0.00131221	0.000354711	0
4255.289818678	3674.109418723	-0.0624376	0.192394	-0.0835402	-0.00275367	-0.00139802	0.000546711	0
4274.610470533	3671.633867437	-0.0624378	0.210843	-0.0738874	-0.00266481	-0.0013623	0.000323525	0
4242.192928833	3666.540276023	-0.0508118	0.26859	-0.0494817	-0.00307879	-0.0011002	0.000543286	0
4271.6070094	3673.761044275	-0.0511692	0.244637	-0.125571	-0.00256263	-0.00130979	0.000325716	0
4265.604124046	3675.048983377	-0.0443056	0.2212	-0.110977	-0.0025178	-0.0013517	0.000446148	0
4260.38612936	3681.920146177	-0.0452993	0.159049	-0.175947	-0.00292291	-0.00153944	0.00085021	0
4257.132379799	3673.263718209	-0.0366443	0.103916	-0.123695	-0.00242406	-0.00138831	0.000850211	0
4265.135842471	3677.795355788	-0.0356436	0.200424	-0.135204	-0.00395486	-0.00130577	0.0012936	0
4258.936301924	3672.604822721	-0.0302847	0.188066	-0.100113	-0.00298713	-0.00159436	0.0011858	0
4272.274829675	3670.07756922	-0.0330603	0.30741	-0.117288	-0.00430982	-0.00139429	0.00126258	0
4246.467439953	3671.450139923	-0.0344378	0.277023	-0.104675	-0.00335159	-0.00107487	0.00115509	0
4236.365360718	3665.349894077	-0.0343942	0.307066	-0.163093	-0.00422302	-0.00132513	0.00138273	0
4259.662369044	3671.302111558	-0.0488688	0.198309	-0.138446	-0.00362438	-0.00120853	0.00098956	0
4272.958220889	3677.780891478	-0.0489552	0.168713	-0.141572	-0.00373678	-0.00123633	0.000751183	0
4259.017616827	3678.044634324	-0.0689768	0.141598	-0.136331	-0.00365464	-0.00128724	0.000881351	0
4281.76272187	3691.333334539	-0.0454651	0.23075	-0.0517896	-0.00450545	-0.000866269	0.00083992	0
4272.578751337	3687.193464338	-0.0675641	0.159718	0.0125994	-0.00393901	-0.000742623	0.000323757	0
4245.144486835	3672.157352362	-0.0401485	0.0919379	-0.0499968	-0.00151466	-0.00081932	0.0007442	0
4256.22349832	3677.124150249	-0.0216088	0.314107	-0.100029	-0.00292103	-0.000876178	0.00153222	0
4252.062020683	3676.076872648	-0.0229558	0.235873	-0.0802937	-0.00275101	-0.00123099	0.00109757	0
4260.636994489	3683.078829741	-0.0343087	0.255719	-0.169674	-0.00347656	-0.00143884	0.00144211	0
4271.123156887	3687.044512719	-0.0287196	0.202277	-0.108968	-0.00288304	-0.00130889	0.00125179	0
4268.187746525	3678.557347954	-0.0289004	0.217804	-0.113456	-0.00312569	-0.00111769	0.00120866	0
4270.902856935	3683.40812361	-0.0350066	0.229929	-0.160348	-0.00320466	-0.00136969	0.00128533	0
4275.581635768	3682.511644135	-0.0319734	0.184602	-0.137447	-0.00274128	-0.00153329	0.00128718	0
4281.89824671	3671.97147059	-0.0413494	0.14864	-0.209864	-0.0035553	-0.0015082	0.00153222	0
4289.585100288	3687.267016893	-0.0270888	0.12122	-0.161508	-0.00286493	-0.00168531	0.00153222	0
4284.263876043	3673.765045042	-0.0233914	0.206092	-0.170283	-0.00275958	-0.00140284	0.00153222	0
4276.251762849	3683.026819775	-0.0321946	0.247489	-0.16205	-0.00358849	-0.00128043	0.00153222	0
4268.99109164	3671.732347846	-0.0354995	0.304319	-0.122074	-0.00350861	-0.00113775	0.00153222	0
4265.153143515	3674.501493852	-0.0213242	0.315493	-0.120829	-0.00393726	-0.000703217	0.00136193	0
4264.968599052	3672.481106707	-0.0374665	0.259864	-0.166871	-0.00363211	-0.00129792	0.00110215	0
4246.389008556	3670.590282851	-0.0303719	0.19863	-0.187352	-0.00403506	-0.000998715	0.00112455	0
4235.965706615	3672.884568634	-0.0406431	0.181459	-0.139566	-0.00355045	-0.00129873	0.000969999	0
4245.108154644	3667.827599622	-0.0397543	0.183862	-0.206186	-0.00426206	-0.00103917	0.000972398	0
4239.157749121	3665.453298506	-0.0393848	0.258955	-0.132339	-0.00364488	-0.00126751	0.000988345	0
4249.19350769	3664.230602676	-0.0345898	0.29452	-0.15819	-0.00420586	-0.000922671	0.00106609	0
4257.503775531	3664.097961875	-0.0140586	0.195234	-0.136014	-0.00344479	-0.00114235	0.00100884	0
4253.370556265	3681.568694217	-0.0189034	0.176519	-0.14487	-0.00356997	-0.00119718	0.00141564	0
4274.547610075	3673.76935356	-0.00426074	0.122657	-0.110261	-0.00311229	-0.000746683	0.00159306	0
4249.866518277	3671.297187538	0.00473648	0.178082	-0.109417	-0.00343815	-0.00117193	0.00158471	0
4280.064912812	3688.267516301	0.00785719	0.207161	0.0141849	-0.00344077	-0.00093443	0.00154563	0
4229.372855681	3663.913003356	0.0117059	0.282745	0.00145455	-0.00444597	-0.00102018	0.00201372	0
4250.819805768	3665.098461282	0.0168199	0.184965	-0.0209918	-0.00354087	-0.00122303	0.00138241	0
4240.136988177	3665.013214178	0.0126077	0.208079	-0.0468785	-0.00398196	-0.00115067	0.00139776	0
4275.339421161	3676.059638576	0.00250506	0.161326	-0.0143632	-0.00335927	-0.00142128	0.00103738	0
4233.282314786	3666.710770231	-0.00852998	0.250358	-0.00530604	-0.00395773	-0.00130419	0.00140812	0
4255.828457829	3676.67421788	-0.00141695	0.317267	0.024925	-0.00346821	-0.00135176	0.00103312	0
4239.969168056	3666.762472446	-0.0154305	0.359986	0.00982574	-0.00460304	-0.00113	0.00132359	0
4266.037226832	3682.664904271	0.0029083	0.282636	-0.0109975	-0.0036873	-0.00113	0.00106507	0
4262.50377707	3676.628978442	-0.0063034	0.223834	-0.029961	-0.00350142	-0.00121308	0.00117474	0
4270.209661796	3689.741952677	-0.00411486	0.184757	0.000657339	-0.00333747	-0.00133298	0.00137822	0
4276.759836823	3677.848289008	-0.0109891	0.224894	-0.0140219	-0.00357645	-0.00126178	0.00157436	0
4269.151414642	3682.714759979	-0.00557108	0.267259	-0.0477536	-0.00444068	-0.00109352	0.00159624	0
4264.143339282	3675.657407655	-0.0104624	0.350913	0.0145812	-0.00373236	-0.00102646	0.00146995	0
4262.793857898	3679.969310821	0.00355259	0.259038	-0.0773107	-0.00433921	-0.000872269	0.00124554	0
4258.149681151	3682.559653334	-0.00466297	0.231792	-0.060572	-0.0036962	-0.00124087	0.00104953	0
4264.702739685	3682.090332634	0.000336278	0.178851	-0.0692867	-0.00403562	-0.00108457	0.00104953	0
4281.0966317	3686.086482988	-0.00214577	0.218307	-0.00216922	-0.00421145	-0.00130528	0.00104953	0
4256.579323112	3680.476177177	-0.00464411	0.293013	-0.0229462	-0.00464438	-0.00122061	0.00130542	0
4253.657753585	3673.123075875	-0.00197761	0.333298	-0.00537167	-0.00404113	-0.00110926	0.00104953	0
4245.848062599	3679.374119848	0.00205331	0.36042	-0.028496	-0.00477141	-0.00107954	0.00129783	0
4256.736762607	3687.662169535	0.015229	0.2331	-0.0153155	-0.00404172	-0.00130299	0.000848013	0
4262.638148507	3675.925151267	0.00426059	0.230064	-0.0140199	-0.00426756	-0.0014033	0.000975205	0
4266.147376808	3693.069051751	0.0112578	0.213567	0.0337379	-0.00395226	-0.00139054	0.00104953	0
4271.13642102	3677.689181597	-0.00458084	0.269018	0.0142782	-0.00368333	-0.00160118	0.000877529	0
4264.736765071	3672.220749125	-0.00535849	0.321772	-0.0220853	-0.00394002	-0.00112093	0.00104953	0
4284.491096413	3689.469592795	0.0066855	0.224451	-0.0670135	-0.00347373	-0.00148342	0.00076872	0
4257.603544881	3677.72118773	0.000764707	0.212157	-0.113533	-0.00384751	-0.00137143	0.000883436	0
4262.401124213	3677.533767201	-0.00689414	0.176011	-0.0548002	-0.00336323	-0.00155166	0.0006284	0
4260.907467467	3675.840211914	-0.00702386	0.220109	-0.0275164	-0.00293514	-0.00165236	0.00104953	0
4262.33595695	3678.331458516	0.0144622	0.231102	-0.0248799	-0.0039521	-0.00129332	0.000808834	0
4248.227532767	3668.485879607	-0.00678382	0.332047	0.0153469	-0.00350625	-0.00143406	0.000567006	0
4244.725224883	3672.115190437	0.00147688	0.359122	-0.0262782	-0.00411235	-0.00134616	0.000745227	0
4257.101237921	3679.529226492	0.00326886	0.276327	-0.087421	-0.00330688	-0.00141555	0.000633967	0
4233.432257162	3671.412286516	0.00855389	0.214972	-0.0833382	-0.00415592	-0.00138912	0.000853396	0
4241.206192658	3673.582240782	0.00850817	0.159147	-0.029445	-0.00329065	-0.00137935	0.000678549	0
4245.334798312	3674.6092068	-0.00758336	0.191636	-0.0368407	-0.00346143	-0.00152768	0.000701725	0
4240.479548836	3677.096144883	0.00861152	0.259467	0.000460306	-0.00395509	-0.00138139	0.000871016	0
4245.627185946	3676.028555697	-0.00781417	0.282605	0.0158333	-0.00376839	-0.00124198	0.000629093	0
4249.236183597	3668.936427479	-0.00520994	0.305221	-0.0479881	-0.00490398	-0.00123515	0.000713664	0
4247.109885364	3676.427401354	-0.00533095	0.226055	-0.049873	-0.00341237	-0.00123965	0.000397017	0
4232.495694013	3673.369276898	0.0134025	0.21081	-0.0705053	-0.00424615	-0.00123185	0.000629093	0
4258.936301924	3685.419893719	0.0112733	0.184223	-0.0453358	-0.00215154	-0.00123856	0.000629093	0
4250.849794243	3678.83555511	0.00590609	0.223898	-0.0229772	-0.00309941	-0.0015255	0.000441254	0
4237.252904244	3677.462984407	0.000887924	0.297734	-0.0192765	-0.00373581	-0.00117978	0.000711019	0
4238.711958903	3668.724386848	-0.00383942	0.310894	0.0232631	-0.00366826	-0.00145146	0.000482036	0
4240.874012625	3678.932496763	0.00835534	0.259612	-0.0492351	-0.00385369	-0.00114684	0.000629093	0
4240.957057633	3677.585777167	-0.0051984	0.220773	-0.0126077	-0.00313117	-0.00123112	0.000629093	0
4250.15083209	3680.480793446	0.00361524	0.174722	-0.0586034	-0.00413843	-0.000835478	0.000629093	0
4256.660061315	3683.227165858	-0.00587142	0.210519	-0.00808332	-0.003174	-0.00123669	0.000335336	0
4245.320957478	3676.301531081	-0.00907029	0.298355	-0.015495	-0.00325711	-0.000794497	0.000266907	0
4240.551636517	3674.929883632	-0.00364021	0.363865	-0.00265439	-0.00425172	-0.00107584	0.000355103	0
4256.900545818	3677.640249144	-0.0110514	0.289686	-0.0324511	-0.00352999	-0.00115608	0.000629093	0
4235.055095032	3679.351346253	-0.00219189	0.266947	-0.0419874	-0.00409181	-0.00112351	0.000629093	0
4268.007815674	3678.665060902	-0.0160756	0.230125	0.00834432	-0.00338429	-0.00138864	0.000629093	0
4246.722341992	3677.25186703	-0.0149722	0.226266	-0.0540228	-0.00474266	-0.00136095	0.000629093	0
4245.978397126	3679.025437649	0.00593337	0.243066	-0.0155605	-0.00384803	-0.00167274	0.000740012	0
4238.315188308	3670.504112493	0.0054717	0.334828	0.0110648	-0.00407797	-0.00142345	0.00084534	0
4254.416115987	3678.479486881	0.0155008	0.323576	0.0143794	-0.0046019	-0.00168294	0.000900978	0
4242.201579354	3677.68518083	0.00127801	0.275239	0.0137942	-0.0033264	-0.00155993	0.000912339	0
4235.669858773	3677.238633725	0.00773204	0.225395	-0.0135641	-0.00349003	-0.00150677	0.00101365	0
4245.947255248	3676.61174437	-0.0151227	0.167365	-0.0250281	-0.00298538	-0.00152045	0.000915965	0
4242.348638223	3679.499990121	-0.0020796	0.193058	-0.00409324	-0.00348682	-0.00115561	0.000952943	0
4269.213121697	3681.128917639	-0.00104758	0.187176	-0.00420509	-0.00321588	-0.00159203	0.000936933	0
4251.855561566	3675.357042407	-0.00195736	0.237754	-0.0417812	-0.00409601	-0.00135401	0.000936932	0
4264.657180271	3679.743729134	-0.0112181	0.306906	-0.0230294	-0.00362031	-0.00152349	0.000936933	0
4257.493971606	3672.270604833	-0.00371176	0.374951	-0.0184918	-0.00395061	-0.00134744	0.00071072	0
4260.863638157	3686.816469021	-0.000396097	0.327428	0.00952806	-0.00390958	-0.00167029	0.000533154	0
4255.688896079	3680.020705285	-0.00662536	0.226734	-0.0229413	-0.00367102	-0.00122339	0.000514966	0
4262.784630675	3690.880016906	-0.00823295	0.214268	0.0135742	-0.0034744	-0.00109532	0.000661209	0
4269.078173558	3687.392271664	0.00324968	0.16903	0.010595	-0.00368977	-0.00141671	0.000670059	0
4267.448991973	3684.800082643	0.000806465	0.193901	-0.0187712	-0.0043071	-0.00143095	0.000936932	0
4258.158331672	3681.549305886	0.00359026	0.274717	-0.00566894	-0.00407386	-0.00162221	0.000673124	0
4253.278860735	3677.299876229	0.0047123	0.348612	-0.0228804	-0.00433155	-0.00129883	0.000936932	0
4252.25982928	3681.789659635	0.0039698	0.335496	-0.00703231	-0.00426302	-0.00154149	0.000936932	0
4231.075278351	3679.479370785	0.00483637	0.311789	-0.0498572	-0.00467968	-0.00127182	0.000936932	0
4255.959945759	3683.220703081	-0.00216771	0.200746	0.00110137	-0.00415221	-0.00139522	0.000609569	0
4257.706197739	3678.120956641	-0.00808973	0.200562	-0.017636	-0.0040669	-0.00132046	0.000609198	0
4262.039532406	3679.241171296	0.00438223	0.225778	0.0321455	-0.00383273	-0.00141791	0.000936932	0
4262.487052728	3674.806167618	-0.00257213	0.261402	0.0174566	-0.00424351	-0.00161415	0.000649734	0
4259.051642213	3677.404203913	0.0211643	0.323979	-0.0150611	-0.00494199	-0.0013082	0.000936932	0
4252.887857155	3674.586740956	0.0167453	0.291711	0.00941471	-0.0043479	-0.00124217	0.000335845	0
4260.706775364	3673.746272214	0.0159465	0.252952	-0.0776584	-0.00433284	-0.0012938	0.000936933	0
4266.469752917	3677.961541479	0.00578658	0.201435	-0.00111075	-0.0036027	-0.00152018	0.000620261	0
4257.363060378	3673.978008927	0.00795851	0.197357	-0.0186461	-0.00427718	-0.00132101	0.000767141	0
4264.769637053	3679.128842079	0.0125248	0.230914	0.0230068	-0.00357153	-0.00147787	0.000686479	0
4253.843451451	3669.631945369	0.0127579	0.284865	0.0214094	-0.00363473	-0.00140867	0.000740872	0
4240.370552262	3670.085263002	0.0132321	0.374533	-0.030725	-0.00489324	-0.0013037	0.000936932	0
4245.823841139	3669.475299968	-0.00111914	0.372597	0.0130837	-0.00426362	-0.00130337	0.000936932	0
4237.795580305	3680.252134246	0.0105745	0.312479	-0.05092	-0.00484039	-0.00138131	0.000936932	0
4248.41611414	3678.895874361	0.0104606	0.206255	-0.0064055	-0.00386688	-0.00141846	0.000521834	0
4259.388435857	3677.178314474	0.00127402	0.205513	0.0196768	-0.00362996	-0.00162205	0.00051305	0
4240.888430161	3685.86059355	0.0123096	0.194066	0.0238267	-0.00369858	-0.00132976	0.00051305	0
4267.83076833	3672.163507388	-0.00387538	0.180327	0.031665	-0.003243	-0.00151288	0.00051305	0
4239.769052654	3667.168704134	0.00768521	0.317764	-0.0263099	-0.00452471	-0.00111762	0.00051305	0
4240.877472834	3672.137964031	0.00265264	0.32685	0.0339953	-0.00416051	-0.001373	0.00051305	0
4236.021069954	3671.688954916	0.00200617	0.367893	-0.000130654	-0.00485642	-0.00138569	0.000846634	0
4249.048178925	3680.054557925	0.010353	0.274625	0.00897789	-0.00398154	-0.00147657	0.00051305	0
4234.992811276	3672.764545635	0.00317278	0.248536	0.00897109	-0.00401481	-0.00130775	0.000706848	0
4252.135838469	3685.919989546	0.0135737	0.200602	0.0304215	-0.00396471	-0.00133744	0.000677376	0
4251.620844077	3683.252401462	0.010199	0.187583	0.0336906	-0.00373137	-0.00152164	0.00051305	0
4249.84345022	3675.946078354	0.0143251	0.309314	-0.0235016	-0.00481351	-0.00133219	0.000725162	0
4254.568941871	3675.635557314	-0.00500369	0.333821	0.0293453	-0.00411181	-0.00159315	0.000486812	0
4239.687161049	3677.986161581	0.0049385	0.276252	-0.0445003	-0.0048618	-0.00124487	0.000625336	0
4253.327303657	3685.259863054	0.0098369	0.206186	0.00174777	-0.00387457	-0.00126405	0.000605074	0
4257.685436486	3674.568583631	0.00492408	0.227187	0.00134951	-0.0040409	-0.00122686	0.000501935	0
4247.563749402	3681.365578373	0.00411226	0.256242	0.0351725	-0.00404226	-0.0015069	0.000698875	0
4260.415541133	3679.672638588	0.0162205	0.306004	0.0193509	-0.0038402	-0.00111316	0.000686425	0
4256.15948446	3674.446714124	0.0319164	0.314519	-0.039836	-0.0050689	-0.00138922	0.000910859	0
4253.711963521	3676.087336191	0.00998926	0.253981	0.0231322	-0.0037754	-0.00166878	0.000528259	0
4248.512423281	3674.941270429	0.0216026	0.250214	-0.0180967	-0.00450132	-0.00132549	0.00110354	0
4255.848065679	3683.515221055	0.0310855	0.299706	0.0344118	-0.00414903	-0.00141545	0.000726279	0
4250.747718087	3671.127308832	0.017393	0.356115	0.03505	-0.00459783	-0.00113089	0.000937624	0
4246.468016654	3672.47464393	0.0221412	0.334681	0.0207406	-0.00459783	-0.00153823	0.000805962	0
4253.559137638	3673.48529913	0.0100313	0.221615	0.0188889	-0.0038532	-0.00166569	0.000587048	0
4239.876895824	3672.751620081	0.0238461	0.223146	0.0312809	-0.00410765	-0.00141019	0.000674962	0
4266.377480685	3671.339349463	0.0210055	0.218069	0.0288153	-0.00368215	-0.00160694	0.000331824	0
4251.022804677	3672.026250317	0.0311952	0.287761	-0.022188	-0.0047251	-0.00142897	0.000574729	0
4251.065480584	3669.891379697	0.0175561	0.349327	0.0171179	-0.00406306	-0.00157363	0.000425158	0
4241.608153566	3669.032753629	0.0120305	0.437369	0.0167676	-0.00463949	-0.00143681	0.000574729	0
4243.080472359	3672.615901767	0.0314952	0.370516	-0.0212376	-0.0047797	-0.00144606	0.000650382	0
4248.744833964	3668.501882673	0.017137	0.252532	0.00558929	-0.00385383	-0.00162089	0.000450645	0
4242.111613929	3672.672835754	0.0293669	0.236409	0.010092	-0.00418646	-0.00119266	0.00050515	0
4259.988205362	3668.380628669	0.0266975	0.201874	0.0296898	-0.00369143	-0.00128919	0.000574729	0
4234.622568947	3671.090994181	0.0205584	0.284478	-0.0360237	-0.00472236	-0.00103816	0.000574728	0
4261.08797502	3671.607400827	0.0118761	0.32447	-0.0116282	-0.00367995	-0.00147214	0.000261823	0
4238.598925419	3670.095111043	0.0125137	0.398552	-0.0109123	-0.00504639	-0.00132437	0.000574729	0
4237.972627649	3672.268450574	0.0120029	0.318745	-0.00805138	-0.00381674	-0.00145205	0.000392551	0
4236.931681538	3675.600473668	0.0124903	0.251198	0.00259344	-0.00414657	-0.00133346	0.000574729	0
4246.968016808	3676.700992241	0.0213738	0.232829	0.0450834	-0.0042462	-0.00134748	0.000668056	0
4247.912077076	3675.383509017	0.0121159	0.218867	0.0277867	-0.00394327	-0.00144296	0.000574729	0
4262.363061918	3675.139154502	0.0318578	0.257823	0.023838	-0.00410757	-0.00136782	0.000724568	0
4260.300200844	3672.672835754	0.0197913	0.268108	0.0405474	-0.00391931	-0.00145195	0.000638463	0
4247.775398833	3673.760736524	0.0033284	0.395164	-0.0307371	-0.00507511	-0.00161161	0.00112371	0
4252.459944681	3676.71761081	0.0125095	0.396041	0.00986632	-0.00456074	-0.00152099	0.00117478	0
4238.657748967	3673.565006711	0.0287369	0.324635	-0.0511389	-0.00569704	-0.00140573	0.00104307	0
4260.074710579	3673.678566933	0.0259456	0.243385	-0.034563	-0.00414897	-0.00153327	0.000653077	0
4263.46456168	3679.279640205	0.0232825	0.233609	-0.0516348	-0.00431993	-0.00112112	0.000876253	0
4279.369987569	3683.31672148	0.0142206	0.190867	0.000952922	-0.00416194	-0.00133636	0.000508719	0
4249.231569985	3669.430368281	0.0116764	0.243447	-0.0148649	-0.00515093	-0.00148007	0.000876253	0
4264.722347534	3682.064789278	0.0126902	0.33216	0.0165141	-0.00444976	-0.00127108	0.000533455	0
4235.140446846	3667.477994169	0.011615	0.417222	0.00799483	-0.00545973	-0.000888573	0.000876253	0
4252.101813083	3678.766311073	0.0143951	0.326103	-0.0134336	-0.00439601	-0.00110952	0.000600547	0
4242.220610502	3676.589894029	0.0142504	0.324733	-0.0267149	-0.00492325	-0.00120954	0.000876253	0
4276.718314319	3682.532878973	0.0178585	0.252609	0.0117278	-0.00389153	-0.001297	0.000876253	0
4255.341145107	3671.562776891	0.0164833	0.297931	0.00667314	-0.00401379	-0.00137816	0.000876252	0
4248.668709373	3674.817246664	0.0207945	0.348848	0.0230645	-0.00443834	-0.00127883	0.000876253	0
4264.903431789	3669.325117344	0.01857	0.367412	0.0208312	-0.00425298	-0.00133883	0.000988708	0
4260.336533035	3675.276103821	0.014044	0.340179	-0.0423599	-0.00468469	-0.00115625	0.000876252	0
4259.162945592	3670.81401803	0.0123017	0.281762	-0.0146448	-0.00384202	-0.00141625	0.000876252	0
4255.921883464	3674.937885165	0.0180739	0.26815	-0.0337272	-0.00446253	-0.00163028	0.000876252	0
4271.41554452	3675.722958677	0.00753868	0.23767	0.00793876	-0.00373179	-0.00176837	0.000876252	0
4265.804816149	3676.423092836	0.0145217	0.285824	-0.0198673	-0.00488991	-0.00138069	0.000960548	0
4267.682556058	3673.509919232	0.00786916	0.313968	0.0152816	-0.0040677	-0.00165925	0.000876252	0
4250.071823992	3666.379937606	0.00860997	0.405782	0.015522	-0.00494036	-0.00141378	0.000876252	0
4239.701578585	3669.206940853	0.00819445	0.433029	0.0336541	-0.00508278	-0.00158694	0.00112779	0
4257.250026895	3675.692491301	0.00109437	0.364294	-0.0302972	-0.00468081	-0.00151725	0.000876252	0
4253.51588503	3668.787168109	0.00796815	0.303976	0.0104865	-0.00449274	-0.00164832	0.000992108	0
4265.257526477	3675.241020175	0.0078018	0.216062	0.0105128	-0.00395421	-0.00166035	0.000707674	0
4261.473788287	3678.457021037	0.00192882	0.234427	0.0413068	-0.00443338	-0.00173462	0.000932092	0
4259.240223586	3671.900072293	0.00120453	0.239846	0.0374129	-0.00432778	-0.00181056	0.000876252	0
4242.94552422	3671.519691712	2.04717e-05	0.383987	-0.0340584	-0.00557942	-0.00148529	0.000876252	0
4261.086821617	3669.110614703	-0.00108594	0.427185	0.0200274	-0.00482696	-0.00166291	0.000984832	0
4247.767901714	3680.982120279	0.00588544	0.338401	-0.0636848	-0.00529554	-0.00179903	0.0010682	0
4264.291551554	3676.143962427	0.00503824	0.300186	-0.00174419	-0.0039323	-0.00175563	0.000876251	0
4253.852678674	3679.479986288	0.0059165	0.271453	-0.0468707	-0.0048768	-0.00168164	0.000876252	0
4262.976095555	3677.528843181	-0.00310242	0.338251	0.00122467	-0.00406636	-0.00182794	0.000876251	0
4234.749443265	3671.07868413	0.00717196	0.406201	-0.00788468	-0.00557146	-0.00180463	0.00106041	0
4259.376325127	3676.468947777	0.0186207	0.315543	0.00614571	-0.00404097	-0.00203863	0.000876251	0
4247.988778368	3674.700916681	0.0127551	0.307952	-0.0229106	-0.00457116	-0.00197915	0.000817485	0
4260.073557176	3682.896640984	0.0138051	0.208702	0.00602823	-0.00401385	-0.00184425	0.000414243	0
4259.06663645	3672.865795806	0.00657225	0.263731	0.0154697	-0.00418666	-0.00171058	0.000627178	0
4245.575859517	3679.872984671	0.0176337	0.292509	0.0163282	-0.00404942	-0.00197391	0.000876251	0
4253.658906988	3671.625558152	0.0176641	0.352641	0.0189307	-0.00363639	-0.00195939	0.000876251	0
4247.760404595	3672.492493504	0.0185672	0.452998	-0.0501379	-0.00529623	-0.00168537	0.000876251	0
4247.791546474	3672.289377661	0.015974	0.381415	-0.0210494	-0.00438051	-0.00180578	0.000876251	0
4244.304232828	3677.360503231	0.0292959	0.336223	-0.065647	-0.00487971	-0.00158235	0.00112014	0
4253.522805447	3675.798049989	0.0160644	0.263524	0.00483756	-0.00414543	-0.00173635	0.000876251	0
4236.450712532	3671.479991797	0.0206473	0.242704	-0.0616126	-0.00465118	-0.0016671	0.000876251	0
4265.40227854	3678.140960474	0.0111448	0.236891	0.00840953	-0.00375456	-0.00198677	0.000876251	0
4248.862481059	3663.386133167	0.0133936	0.329469	0.00471333	-0.00436201	-0.00169346	0.000876251	0
4247.018189834	3674.829248964	0.0145502	0.370075	0.0319239	-0.00450758	-0.0017201	0.000876251	0
4236.34632957	3668.672992384	0.0171401	0.412751	0.00106465	-0.00488352	-0.00180087	0.00130277	0
4247.896506137	3669.191245538	0.0153605	0.358514	0.0301928	-0.00444132	-0.00184032	0.00139606	0
4254.474939535	3669.409748946	0.0119802	0.259981	-0.00362846	-0.00437145	-0.00180511	0.00113016	0
4252.05683037	3679.609857328	0.0213696	0.264443	0.0294113	-0.00420338	-0.00167725	0.00106004	0
4267.825578017	3674.122959779	0.0125134	0.222299	0.0178633	-0.00410745	-0.00159674	0.00087625	0
4254.851525579	3672.273066843	0.0169459	0.309677	0.016061	-0.00475928	-0.00152154	0.000984914	0
4259.561446291	3669.355892472	0.0119186	0.378178	0.0335102	-0.00448793	-0.00178858	0.000876251	0
4256.209080784	3669.635022882	0.0129463	0.402502	-0.03815	-0.00556549	-0.00150278	0.00115869	0
4253.857868987	3678.929111499	0.0110164	0.325514	-0.0128245	-0.0043222	-0.00208147	0.000876251	0
4250.320382316	3675.815591812	0.0121218	0.26711	-0.0686559	-0.00463913	-0.00173597	0.00087625	0
4269.180249714	3682.379618836	0.0173982	0.232728	0.00277435	-0.00371867	-0.0018144	0.000876251	0
4250.100659065	3678.317609708	0.0130408	0.235487	-0.0663732	-0.00459717	-0.00192189	0.00153251	0
4266.458795589	3680.305375217	0.0179447	0.290382	-0.0127793	-0.00339811	-0.00190071	0.00118599	0
4263.307698887	3667.065915207	0.00973832	0.381129	-0.00876572	-0.0042334	-0.00193693	0.00117271	0
4257.922460781	3672.851946998	0.0168663	0.422806	-0.0132948	-0.00502489	-0.00176591	0.00149821	0
4255.309426528	3671.336579702	0.0107024	0.354334	-0.0337531	-0.00385084	-0.00190815	0.00108487	0
4251.746564992	3675.267486785	0.0087744	0.291179	-0.00364163	-0.00406664	-0.00170636	0.00087625	0
4277.658914378	3674.694453904	-0.00623966	0.236818	-0.0036535	-0.00333631	-0.00198468	0.00087625	0
4262.472058491	3678.717994122	-0.000893389	0.287329	-0.0341084	-0.00451956	-0.00172559	0.0012481	0
4275.915545906	3680.189352985	0.00387583	0.279908	0.0157329	-0.00384006	-0.00206544	0.00087625	0
4264.811736259	3671.881299465	0.00804346	0.305909	-0.0517146	-0.00538153	-0.00164877	0.00123828	0
4272.600089291	3677.273101868	0.00316308	0.369558	-0.013464	-0.00433914	-0.00177393	0.00140164	0
4249.735030348	3668.906883356	-2.47114e-06	0.441751	-0.0389331	-0.00546196	-0.00180494	0.00150779	0
4269.886132285	3672.577740609	0.0193266	0.326931	-0.0375891	-0.0041783	-0.00191042	0.00116297	0
4256.237339155	3674.539347259	0.012849	0.338631	-0.0799766	-0.0043923	-0.00180257	0.0013669	0
4277.427657098	3681.517299753	0.0220229	0.2182	-0.0248965	-0.0035189	-0.00183639	0.00112465	0
4257.390742047	3669.988629101	0.0171695	0.262909	-0.0245829	-0.00401245	-0.00165513	0.00116648	0
4251.799044824	3680.828552391	0.0177185	0.30017	0.00934929	-0.003903	-0.00209021	0.00129722	0
4256.262137317	3670.723539154	0.0129988	0.371429	0.00801042	-0.00398233	-0.00203981	0.000876249	0
4251.655446164	3676.00270459	0.0252044	0.453725	-0.0449932	-0.00492631	-0.00170542	0.00127747	0
4253.484743152	3675.565390023	0.00783051	0.429766	-0.0454803	-0.00410399	-0.00209968	0.00119939	0
4240.787507408	3678.413628107	0.0180456	0.319886	-0.0981949	-0.00483893	-0.00199815	0.00116883	0
4259.516463579	3679.561232625	0.00840202	0.268947	-0.0144379	-0.00451187	-0.00188781	0.000895504	0
4252.36363554	3677.82951618	0.0185705	0.230804	-0.0764934	-0.00484006	-0.00157695	0.00122223	0
4264.440340527	3682.458710915	0.0229266	0.295301	-0.0026698	-0.00400357	-0.00185974	0.000788996	0
4254.174478081	3667.4733779	0.0136368	0.373734	-0.0136286	-0.00420208	-0.00173147	0.000992273	0
4248.251754228	3671.686492906	0.0189536	0.439137	0.00388291	-0.00538715	-0.00171711	0.00122223	0
4265.304239294	3672.666680728	0.0125677	0.335713	-0.0340545	-0.0040599	-0.00209817	0.00107422	0
4243.87459025	3678.34684608	0.0137407	0.328112	-0.0289833	-0.00434806	-0.00175564	0.00122223	0
4265.202163138	3671.812978681	0.0128752	0.270332	-0.00222257	-0.00388318	-0.00198352	0.000994855	0
4249.176206646	3670.367470925	0.0180056	0.318575	-0.0733235	-0.00465101	-0.00177371	0.00136145	0
4266.79385913	3667.768819127	0.0131628	0.326406	-0.0213053	-0.0040119	-0.00192871	0.00122223	0
4248.482434806	3659.547551468	0.0126247	0.38453	-0.0419039	-0.00476619	-0.00209948	0.00116764	0
4244.329607691	3663.53847005	0.0153189	0.462419	0.00300949	-0.00518135	-0.00198691	0.00111281	0
4242.660633706	3667.868838293	0.0203613	0.358274	-0.0427956	-0.0044228	-0.00202836	0.00122223	0
4242.965708771	3668.193515892	0.0248717	0.328481	-0.0355333	-0.0043145	-0.00215721	0.00107464	0
4253.338260984	3660.647146786	0.0196887	0.241985	-0.0291571	-0.00366039	-0.00207894	0.000995764	0
4250.295584153	3667.583860609	0.0263149	0.280555	-0.0300868	-0.00473915	-0.00197614	0.00137606	0
4280.348073222	3672.786395976	0.0182025	0.288465	-0.0274829	-0.00351727	-0.00214341	0.00115296	0
4246.269054655	3666.919733349	0.0269742	0.375722	-0.0506687	-0.00527182	-0.00203666	0.00122223	0
4262.421885465	3667.345045617	0.0178155	0.398779	-0.0383075	-0.00436939	-0.00198266	0.00115603	0
4239.146215092	3668.700382248	0.0207315	0.468749	-0.0434884	-0.0048699	-0.00190621	0.00105782	0
4248.174476234	3677.965234494	0.0258291	0.375319	-0.0177829	-0.00402901	-0.00193582	0.000888539	0
4259.109889059	3675.41305314	0.0140876	0.30107	-0.0321472	-0.00371897	-0.00218685	0.00086699	0
4241.326146559	3676.198434403	0.0130707	0.281713	-0.00414621	-0.00395145	-0.00211399	0.00088814	0
4271.757528478	3679.868368402	-0.00110476	0.243229	-0.00155322	-0.00372737	-0.00202641	0.000972961	0
4260.592588477	3676.948116518	0.00570452	0.336448	-0.0817866	-0.00468998	-0.00190338	0.000984479	0
4256.605274678	3682.795698565	0.0125217	0.382788	-0.0168259	-0.0042339	-0.0024274	0.00108091	0
4261.583361562	3671.593552019	0.0214419	0.394406	-0.0454889	-0.00539312	-0.00201435	0.00128279	0
4262.672173893	3679.640324704	0.0153249	0.3564	-0.0619833	-0.0045155	-0.00201695	0.00122223	0
4256.82153772	3675.345040107	0.0170558	0.365934	-0.0878963	-0.00509251	-0.00199584	0.00122223	0
4270.339996323	3680.22412888	0.0163275	0.260557	-0.0312243	-0.00414492	-0.00181484	0.00104758	0
4252.237337923	3675.587548115	0.0224005	0.273848	-0.0435533	-0.00409504	-0.0019482	0.00122223	0
4253.712540223	3680.213665336	0.0158027	0.307535	-0.000167505	-0.00427985	-0.00192477	0.00141671	0
4258.641607484	3677.198010556	0.021865	0.329364	-0.006463	-0.0039246	-0.00210408	0.00122223	0
4259.639877688	3667.058529176	0.0228454	0.438057	-0.0550539	-0.00532839	-0.00182508	0.00135452	0
4254.127188563	3674.119882266	0.021166	0.419871	-0.0338205	-0.00446587	-0.00233523	0.00122223	0
4253.789818217	3670.333618284	0.0250697	0.348274	-0.0897261	-0.00502823	-0.00191585	0.00129402	0
4259.133533818	3675.973160467	0.0184061	0.284376	-0.0194624	-0.00385082	-0.00218658	0.00116924	0
4242.795581844	3672.835943932	0.0230381	0.283884	-0.0997644	-0.00483761	-0.00197789	0.00133591	0
4262.992243195	3674.01493908	0.0133514	0.326298	-0.0559942	-0.00397761	-0.00224727	0.00116397	0
4257.212541301	3664.064416985	0.0139154	0.363464	-0.0565931	-0.00447752	-0.0020756	0.00122223	0
4255.793279041	3674.405475453	0.0253551	0.364984	-0.0330028	-0.00497331	-0.00206894	0.00136063	0
4257.003775377	3670.090494774	0.0275982	0.281554	-0.0530789	-0.00417758	-0.00199221	0.00122223	0
4255.851525887	3671.022673397	0.0357429	0.311649	-0.0672116	-0.00444114	-0.0016445	0.00143393	0
4257.536070812	3669.936311383	0.0296409	0.299051	-0.0139725	-0.00399892	-0.00219859	0.00122223	0
4243.338257905	3660.468958796	0.029857	0.406964	-0.0716739	-0.00551279	-0.00219944	0.00159946	0
4249.820958863	3666.538429515	0.0294471	0.390988	-0.0446049	-0.00415962	-0.00226955	0.0013378	0
4243.319226757	3661.412831968	0.0254087	0.440439	-0.0596626	-0.0045506	-0.00206249	0.00122223	0
4232.538946621	3666.173436498	0.0297768	0.384298	-0.033511	-0.00420007	-0.00217086	0.00135526	0
4242.805385769	3666.691997403	0.0205506	0.256864	-0.0398899	-0.00358926	-0.00253212	0.00105194	0
4242.549907028	3671.277799207	0.0295396	0.285157	-0.0297256	-0.00413469	-0.00214953	0.00122223	0
4247.038951086	3670.994052528	0.0251774	0.281246	-0.0199422	-0.00369235	-0.00231281	0.00105194	0
4230.485889473	3663.98378615	0.0280289	0.372602	-0.0886644	-0.00488459	-0.00262606	0.00122223	0
4245.755790368	3664.624832064	0.0255558	0.397497	-0.0487291	-0.00426241	-0.00235046	0.00122223	0
4246.794429673	3664.735930276	0.0249043	0.434713	-0.0669117	-0.0052356	-0.00252493	0.00122223	0
4256.72176837	3672.612516503	0.0385477	0.326758	-0.0487001	-0.00426829	-0.00232752	0.00109943	0
4233.723491392	3673.186164887	0.0244626	0.296476	-0.0489892	-0.00370558	-0.00249272	0.00127411	0
4255.437454249	3677.764272909	0.0437549	0.289953	-0.0238312	-0.00402874	-0.00225886	0.00129756	0
4252.181397883	3672.219210369	0.0319993	0.278719	-0.0345212	-0.00409959	-0.00241879	0.00122223	0
4252.459944681	3671.01374861	0.0343357	0.389717	-0.111901	-0.00514573	-0.00225432	0.00128657	0
4240.542409293	3674.373777071	0.0268473	0.428384	-0.0468656	-0.00480133	-0.00245217	0.00115862	0
4250.366518431	3674.749541383	0.035249	0.337299	-0.132595	-0.00473715	-0.00197911	0.00122223	0
4251.984165988	3681.817665001	0.0336527	0.25397	-0.0810316	-0.00373767	-0.00240934	0.000793222	0
4242.747138923	3677.150924611	0.0480217	0.144468	-0.0881788	-0.0030148	-0.00203805	0.00109075	0
4240.951290619	3672.784549468	0.0515316	0.214936	-0.0622368	-0.00213102	-0.00203805	0.00122223	0
4227.644481447	3678.848788415	0.0525876	0.387996	-0.0968615	-0.00355463	-0.00197943	0.00180198	0
4268.211391285	3687.929297645	0.0482741	0.336029	-0.0954938	-0.00304858	-0.00244745	0.00180886	0
4259.880938893	3691.988844763	0.0574962	0.290728	-0.0376414	-0.00366905	-0.00210505	0.00184551	0
4283.936886323	3687.404581715	0.0451351	0.32933	-0.0623061	-0.00410877	-0.00241698	0.00179407	0
4268.988208133	3684.670519355	0.0554458	0.377158	-0.118176	-0.00507483	-0.00175002	0.00174211	0
4283.322122581	3683.980848739	0.0677757	0.29829	-0.100282	-0.0046433	-0.00199646	0.0010476	0
4248.036644588	3673.177547851	0.0651679	0.352996	-0.1042	-0.00439988	-0.00195189	0.0012985	0
4278.386711603	3676.685296926	0.0646626	0.230592	-0.0570929	-0.00388559	-0.00200167	0.000692008	0
4265.112774414	3670.042793326	0.0465218	0.226133	-0.0620188	-0.00401443	-0.00189432	0.00121238	0
4252.649679457	3679.9763891	0.0461297	0.257573	-0.0308274	-0.00433492	-0.00203491	0.0012985	0
4255.4178464	3672.306303981	0.0452218	0.256558	-0.017786	-0.00400885	-0.00231846	0.0012985	0
4249.119689904	3669.786128759	0.0253407	0.32841	-0.0697108	-0.0050623	-0.00225885	0.0012985	0
4257.759830973	3667.506615038	0.0410503	0.398173	-0.0348102	-0.00473502	-0.00218404	0.0012985	0
4247.115652378	3660.267997211	0.0428503	0.492993	-0.0456329	-0.00506896	-0.00233922	0.0012985	0
4238.930528751	3668.545583355	0.0428321	0.438145	-0.0595643	-0.00529155	-0.00236537	0.0012985	0
4257.71081135	3666.239910775	0.0351627	0.34037	-0.0666298	-0.00395551	-0.0024321	0.0012985	0
4240.361325039	3664.114888195	0.0425698	0.284768	-0.0698402	-0.00484368	-0.00234441	0.0012985	0
4265.812889969	3664.721773717	0.0278285	0.225389	-0.0553296	-0.00410478	-0.00254673	0.00098074	0
4244.44091107	3663.294731037	0.0197716	0.248005	-0.112535	-0.00458774	-0.00207091	0.0012985	0
4265.597203628	3667.957470661	0.0291044	0.229464	-0.0560322	-0.00383641	-0.00246932	0.0012985	0
4240.635834928	3654.61429847	0.0235233	0.315055	-0.0646192	-0.00422527	-0.00271176	0.0012985	0
4233.636409474	3661.902156501	0.0268176	0.436481	-0.0296201	-0.00465977	-0.00243172	0.0012985	0
4243.4956974	3666.203596124	0.0186249	0.419904	-0.0394108	-0.00424424	-0.00273324	0.000870488	0
4239.222339683	3659.667882218	0.0296472	0.454918	-0.0568613	-0.00557274	-0.00229755	0.00108352	0
4254.36536626	3670.547505423	0.0233547	0.343167	-0.0390616	-0.00406673	-0.0027116	0.000896027	0
4249.186010571	3669.956930719	0.0225351	0.301649	-0.072881	-0.00434828	-0.00230206	0.000762672	0
4258.691203809	3677.27833364	0.00800072	0.261581	-0.0570816	-0.0037297	-0.00279109	0.000821785	0
4259.962830498	3673.348657562	0.00843169	0.280091	-0.110298	-0.00411276	-0.00268278	0.0010218	0
4251.991086406	3680.032092082	0.030301	0.359822	-0.0497586	-0.00450327	-0.00277213	0.000688976	0
4245.717151371	3673.478836353	0.00677698	0.401417	-0.043233	-0.00426791	-0.00315237	0.000743557	0
4256.064905422	3677.573159365	0.00882735	0.430933	-0.0723305	-0.00542605	-0.00256223	0.00103867	0
4258.564329491	3675.686028524	0.00687518	0.347447	-0.0435145	-0.00430469	-0.00313208	0.000743557	0
4247.616229234	3680.324763548	0.0174525	0.35194	-0.114149	-0.00566525	-0.00287604	0.000931371	0
4265.271944013	3685.689483839	0.0111838	0.298873	-0.0422594	-0.00437418	-0.0028253	0.000915816	0
4259.846336806	3676.437557146	0.0240511	0.304884	-0.0940851	-0.00433386	-0.00290766	0.00121258	0
4237.525684028	3674.054946747	0.00919419	0.472775	-0.029936	-0.00492948	-0.00276619	0.00121992	0
4244.014152	3673.74288695	0.00274633	0.468546	-0.0546822	-0.0048007	-0.00271563	0.00098373	0
4251.602966332	3678.170196846	0.00867396	0.45964	-0.0861186	-0.00542386	-0.00255962	0.00100419	0
4254.670441325	3679.35780903	0.0151072	0.347079	-0.049323	-0.00489503	-0.00277577	0.000844132	0
4247.430531368	3675.558311743	0.0154591	0.323714	-0.136897	-0.00582937	-0.00269841	0.00101131	0
4269.533191	3675.87775757	0.0150827	0.251466	-0.0718013	-0.00461775	-0.00281547	0.00101131	0
4265.155450321	3675.281027841	0.0228235	0.298509	-0.0731957	-0.00480475	-0.00297761	0.00131651	0
4241.012997674	3670.145274502	0.0287769	0.413316	-0.0824017	-0.00609975	-0.00308629	0.00145913	0
4270.305394236	3668.12088659	0.0133548	0.454609	-0.0399401	-0.00520436	-0.00339157	0.00118824	0
4226.567779846	3668.862874923	0.0281016	0.446987	-0.141617	-0.00649076	-0.003346	0.00166275	0
4258.486474795	3669.824905421	0.029088	0.322593	-0.0788274	-0.00501889	-0.00319717	0.00136415	0
4249.040105105	3665.323427467	0.0214062	0.340927	-0.0837013	-0.00505034	-0.0033034	0.00143631	0
4253.862482599	3674.093107905	0.0286795	0.339917	-0.0406709	-0.00540114	-0.00309518	0.0013548	0
4257.043567777	3663.545240578	0.0147674	0.35598	-0.0298915	-0.00483548	-0.00357187	0.00107324	0
4242.993967142	3663.505232912	0.0203875	0.431388	-0.104048	-0.00637866	-0.00336992	0.00120854	0
4260.554526182	3667.077302004	0.0118669	0.365518	-0.0643497	-0.00473752	-0.0034866	0.00118328	0
4257.397662465	3663.449222179	0.0134505	0.321257	-0.114923	-0.00543503	-0.00344118	0.00125891	0
4267.839995553	3667.456759331	0.0289034	0.288475	-0.0744112	-0.0046827	-0.00333659	0.00125891	0
4273.686018114	3665.496383685	0.0192031	0.30302	-0.0585736	-0.00433756	-0.00373773	0.00112268	0
4248.378051844	3666.201441865	0.0174471	0.44112	-0.072652	-0.00558674	-0.00343393	0.00104521	0
4260.797317491	3666.218983688	0.021999	0.458354	-0.0486554	-0.00519102	-0.00374021	0.00108862	0
4237.564323025	3675.658946411	0.0221777	0.41533	-0.149638	-0.00650015	-0.00371922	0.00132325	0
4256.275978152	3675.081912764	0.023094	0.31694	-0.0880824	-0.00498527	-0.00335595	0.000898457	0
4247.356713583	3670.645985832	0.0225778	0.321067	-0.0911959	-0.00500065	-0.00354113	0.000987919	0
4245.809423603	3682.533802227	0.024475	0.358486	-0.0285091	-0.00541623	-0.00297821	0.00125891	0
4250.145641777	3676.920111151	0.00900691	0.395347	-0.0392897	-0.00452347	-0.00336797	0.000801814	0
4249.128917128	3672.399244867	0.0131312	0.418681	-0.118928	-0.00611365	-0.00351302	0.00096732	0
4249.695237948	3678.572735518	0.0191093	0.359749	-0.075351	-0.00519939	-0.00377097	0.0010314	0
4238.619686671	3674.926190617	0.0234978	0.286521	-0.105595	-0.00568607	-0.00363003	0.00109087	0
4262.487052728	3684.157805724	0.028389	0.254871	-0.043364	-0.00479464	-0.00333745	0.00125891	0
4265.137572576	3675.443828267	0.0266145	0.297392	-0.0397856	-0.00469821	-0.0035069	0.00118149	0
4238.898810171	3669.249718281	0.0354548	0.403811	-0.0902716	-0.0062339	-0.00366705	0.00125891	0
4242.923032864	3670.092341282	0.0239253	0.459602	-0.0417273	-0.00573277	-0.0034873	0.00125891	0
4238.660632474	3675.600165917	0.0247298	0.451603	-0.0982238	-0.00637086	-0.00333021	0.00107466	0
4257.078746565	3678.449942758	0.0198246	0.346195	-0.0794534	-0.00525724	-0.00338517	0.000856869	0
4255.042413758	3676.977352889	0.0198551	0.311252	-0.0651031	-0.00509204	-0.00338817	0.000956938	0
4251.758675723	3679.388584158	0.0280617	0.280222	-0.0260116	-0.00485186	-0.00335334	0.0010955	0
4260.108159262	3674.258062591	0.0340588	0.23664	-0.00953862	-0.00451613	-0.00339686	0.00125891	0
4224.696960355	3666.644603706	0.0340551	0.390012	-0.0977453	-0.00596878	-0.00362531	0.00125891	0
4252.143912289	3666.090035902	0.0321666	0.422931	-0.0593892	-0.00501378	-0.00345648	0.00142826	0
4248.576437142	3670.579511556	0.0374487	0.430281	-0.0839902	-0.00553242	-0.00374763	0.00144419	0
4256.677362358	3672.045330896	0.0372016	0.362029	-0.0502936	-0.0048892	-0.00338459	0.00125891	0
4246.256943925	3673.547464888	0.0280485	0.27306	-0.0538117	-0.00486599	-0.00367575	0.00125891	0
4254.834801237	3670.615518456	0.0354225	0.283141	-0.0777276	-0.00557925	-0.00346526	0.00125891	0
4261.992819589	3677.218014389	0.0343534	0.323722	-0.037088	-0.00432282	-0.00379584	0.0011741	0
4257.259254118	3667.271493061	0.0341643	0.381757	-0.074891	-0.00566335	-0.003857	0.00119276	0
4245.463402735	3669.875068879	0.0352154	0.426109	-0.0442299	-0.005516	-0.00349982	0.00108862	0
4245.124878986	3673.853369659	0.0268058	0.443569	-0.0388099	-0.00555024	-0.00375935	0.00118212	0
4248.817498347	3677.60085698	0.0388458	0.365477	-0.0632708	-0.00543642	-0.00339273	0.00125891	0
4262.800201614	3675.445982526	0.0299427	0.271122	-0.0391817	-0.00474748	-0.0036293	0.000838542	0
4256.523959774	3675.091145302	0.0345475	0.287055	-0.0817841	-0.00533245	-0.00341674	0.00123152	0
4267.669868626	3676.150732955	0.0231982	0.295994	-0.0460332	-0.00426619	-0.0036293	0.000838542	0
4267.745993217	3669.039216406	0.0255212	0.355817	-0.0672534	-0.00551774	-0.00353977	0.000907986	0
4251.223496781	3671.309497589	0.0242401	0.463223	-0.0447466	-0.00588425	-0.0032892	0.000778521	0
4260.03953179	3675.394588063	0.0290335	0.43615	-0.0514347	-0.0052571	-0.00371738	0.000838542	0
4256.361906667	3675.78143142	0.0232598	0.377022	-0.0806501	-0.00557528	-0.00363142	0.000925341	0
4265.940340989	3676.173506549	0.0227599	0.310234	-0.0538475	-0.00449644	-0.00377028	0.000691726	0
4249.081627609	3680.847940722	0.0320407	0.303667	-0.112449	-0.00600226	-0.00341751	0.00124857	0
4262.869405787	3678.754308773	0.0237661	0.331029	-0.0359761	-0.0049813	-0.00374066	0.00102913	0
4263.567791239	3674.948040957	0.0235141	0.421312	-0.0666112	-0.00575796	-0.00382611	0.00107052	0
4251.542989382	3668.298459078	0.0301083	0.460393	-0.0366114	-0.00617843	-0.0033635	0.00122386	0
4268.276558548	3674.297147003	0.0228739	0.338135	-0.0466148	-0.0054063	-0.00403412	0.00107044	0
4252.17620757	3674.559966595	0.0243879	0.370562	-0.0909658	-0.00611273	-0.0038605	0.00126179	0
4260.391896374	3677.896298208	0.0182906	0.295013	-0.0298994	-0.00523779	-0.0040467	0.00101939	0
4264.190628801	3672.984280048	0.0151652	0.297941	-0.065707	-0.00531369	-0.00408613	0.00101939	0
4243.553944246	3672.424172721	0.0336245	0.422432	-0.0109032	-0.00578354	-0.00384609	0.00101939	0
4263.805968936	3670.811248269	0.0164967	0.468661	-0.0213305	-0.00563291	-0.00372853	0.0012069	0
4265.561448139	3671.312267351	0.0445456	0.463355	-0.103435	-0.00675014	-0.00389593	0.00131049	0
4253.748295713	3672.502033794	0.0367206	0.389875	-0.0674481	-0.00610018	-0.00403703	0.00125474	0
4257.665251936	3671.788358579	0.0283801	0.319442	-0.097263	-0.00641723	-0.00415624	0.00143003	0
4261.728113625	3674.398397174	0.0408307	0.275989	-0.0461311	-0.00523009	-0.00382376	0.00101939	0
4264.774827366	3670.724462408	0.0372015	0.339109	-0.0218804	-0.00542462	-0.00389946	0.0011281	0
4248.234453184	3671.064527571	0.0376383	0.441484	-0.0692274	-0.00659658	-0.00378249	0.00121841	0
4260.623730355	3672.22905841	0.0319464	0.480915	-0.0354686	-0.00596016	-0.00413792	0.00119867	0
4251.464557985	3667.884841359	0.0358119	0.441883	-0.0890317	-0.00669324	-0.00432107	0.00101939	0
4255.675631946	3676.669601611	0.0364514	0.337805	-0.0560407	-0.0059414	-0.00411792	0.00101939	0
4256.699853715	3676.375391388	0.0359359	0.344948	-0.0457063	-0.00562804	-0.00432107	0.00128706	0
4239.112766408	3681.085524709	0.0379069	0.325081	-0.0366891	-0.00553667	-0.00366339	0.00101939	0
4268.427654327	3674.963428521	0.0360052	0.396883	-0.0153528	-0.00580037	-0.0042594	0.00101939	0
4249.178513452	3674.054638995	0.0356774	0.46149	-0.0935679	-0.00701945	-0.00440416	0.00124624	0
4264.76848365	3676.979199397	0.0361043	0.360381	-0.0875154	-0.00497889	-0.00426688	0.00128808	0
4247.030877266	3673.033212501	0.0353378	0.350041	-0.0512565	-0.00548911	-0.00452105	0.00134329	0
4249.837106504	3680.938419598	0.0372144	0.317275	-0.0401772	-0.0051119	-0.00394776	0.00142054	0
4261.211389129	3676.4264781	0.0362831	0.303854	-0.0380874	-0.00393938	-0.00418372	0.00101939	0
4250.267902484	3669.852603036	0.0367516	0.435676	-0.0919885	-0.00557267	-0.00404041	0.00101939	0
4252.057407072	3674.587356459	0.0367611	0.452844	-0.0642003	-0.00543644	-0.0040871	0.00135645	0
4250.087971633	3669.370356782	0.0497731	0.455615	-0.0560512	-0.00534423	-0.00387188	0.00123403	0
4230.534909096	3678.314224444	0.038179	0.357677	-0.0714079	-0.00576319	-0.00359355	0.00101939	0
4250.078167708	3674.010630562	0.0367659	0.282343	-0.0594973	-0.00512468	-0.00402998	0.00101939	0
4248.677936597	3670.608132425	0.0366421	0.286034	-0.110455	-0.0062648	-0.00407261	0.00101939	0
4262.046452823	3675.651868132	0.0372965	0.272143	-0.0472929	-0.00478759	-0.00386079	0.00101939	0
4247.984741458	3671.986242651	0.0362322	0.333647	-0.0334735	-0.00465479	-0.00419262	0.00101939	0
4240.125454148	3668.668068364	0.0370718	0.406965	-0.0282651	-0.0055686	-0.00399461	0.00138243	0
4254.443220955	3667.038217592	0.0365808	0.472072	-0.0276737	-0.00507654	-0.00408164	0.00101939	0
4236.56547612	3671.06914384	0.0366478	0.499721	-0.12123	-0.00697553	-0.0040695	0.00101939	0
4248.597198394	3673.975239165	0.0335578	0.405877	-0.0875443	-0.00582845	-0.00424854	0.00101939	0
4241.8607488	3669.7959768	0.048206	0.375225	-0.0929732	-0.00642708	-0.00392814	0.00133337	0
4250.260405365	3680.365694468	0.043336	0.254744	-0.0593778	-0.00538506	-0.00396349	0.00101939	0
4262.582785169	3675.246559698	0.0454003	0.264801	-0.0421853	-0.00524663	-0.00378581	0.00101939	0
4258.147374345	3679.657251024	0.0523015	0.286754	-0.0710808	-0.00582315	-0.00378581	0.00101939	0
4263.275980307	3676.90041507	0.0363228	0.314106	-0.0153303	-0.00505817	-0.00415679	0.00101939	0
4247.77424543	3671.364892819	0.0336139	0.419407	-0.0645082	-0.00634528	-0.00421346	0.00101939	0
4241.259825893	3680.242901708	0.0343165	0.496914	-0.0385611	-0.00565591	-0.0040617	0.000737614	0
4248.992238885	3677.350039688	0.0197127	0.50643	-0.0641513	-0.00557292	-0.00420932	0.00101939	0
4242.538949701	3678.48656516	0.0397241	0.436393	-0.0984214	-0.00667398	-0.00403048	0.00101939	0
4246.136413323	3681.179388849	0.0224598	0.340392	-0.0528824	-0.00558364	-0.00424069	0.000653229	0
4253.925919758	3681.007355884	0.0396084	0.275022	-0.115694	-0.00653432	-0.00401155	0.000598671	0
4258.035494264	3680.887332885	0.0355567	0.22906	-0.0374577	-0.00526658	-0.00404175	0.000380738	0
4249.405733822	3678.004934409	0.0324901	0.310344	-0.0281104	-0.00526377	-0.00403025	0.000382423	0
4245.585663441	3673.354197085	0.0290479	0.420422	-0.0539856	-0.00627324	-0.00360315	0.000571223	0
4249.667556278	3673.981701942	0.0364245	0.458408	-0.00360178	-0.00595004	-0.00374424	0.000571223	0
4243.859019311	3669.520231655	0.0401857	0.421658	-0.117263	-0.00664109	-0.00379956	0.000430779	0
4268.154874543	3679.626168145	0.0319287	0.341295	-0.0596203	-0.00523883	-0.00416892	0.000286887	0
4255.325574168	3667.389977303	0.0301917	0.328872	-0.0831273	-0.0055973	-0.00409689	0.000571223	0
4255.367673374	3673.82228678	0.0313554	0.327578	-0.0348388	-0.00520094	-0.00401449	0.000571223	0
4262.901124367	3668.488649368	0.018414	0.452183	-0.0380595	-0.00544086	-0.0040524	0.000746498	0
4249.777129553	3670.439176973	0.0408711	0.456282	-0.0831434	-0.00661159	-0.00390417	0.000988842	0
4252.134685066	3674.537193	0.0248002	0.438744	-0.0797239	-0.00572815	-0.00400988	0.000705566	0
4245.86017333	3668.341544257	0.0344814	0.326973	-0.138517	-0.00584954	-0.00411287	0.000763559	0
4272.004356697	3676.461253995	0.0330827	0.2665	-0.0661105	-0.00502757	-0.00413358	0.000520227	0
4269.147377732	3667.396132329	0.0262727	0.243367	-0.0711928	-0.00524046	-0.00428394	0.000833378	0
4259.793280273	3672.800552534	0.027537	0.345664	-0.0393972	-0.00486466	-0.00387911	0.000833379	0
4268.090860682	3671.38428115	0.0348784	0.320548	-0.0489203	-0.00476312	-0.0044345	0.000707092	0
4260.194664479	3666.889881475	0.0338395	0.475745	-0.116555	-0.00622308	-0.00438682	0.000746267	0
4264.361332429	3670.688455509	0.0384404	0.496727	-0.0752171	-0.00526843	-0.00424081	0.000833379	0
4256.310003537	3669.800593069	0.0462421	0.498768	-0.0782195	-0.00548722	-0.00446793	0.000833379	0
4237.034911097	3680.963655203	0.0389445	0.425226	-0.078366	-0.00578688	-0.00447953	0.000959146	0
4261.705045567	3680.733149495	0.0340003	0.287032	-0.0578415	-0.00499401	-0.00436141	0.000469002	0
4257.402276076	3680.050557159	0.0230232	0.30807	-0.137072	-0.0060547	-0.00413559	0.000502447	0
4271.83826668	3680.631283822	0.025143	0.315255	-0.0589277	-0.00538229	-0.00440273	0.000408745	0
4265.156027022	3672.038252617	0.0228655	0.390381	-0.0747171	-0.0056674	-0.00417087	0.000375909	0
4256.68601288	3672.337079109	0.0307463	0.449604	-0.0508237	-0.00564874	-0.00399155	0.000375909	0
4253.191202115	3670.511806275	0.0234471	0.358488	-0.0884726	-0.0046258	-0.00399224	0.000375909	0
4255.831341337	3676.553579379	0.0397447	0.323321	-0.0798485	-0.00547061	-0.00445775	0.00082798	0
4279.010702568	3679.813588674	0.0365953	0.321346	-0.0421412	-0.00482792	-0.00418867	0.000375909	0
4261.64622202	3670.420711896	0.0414806	0.363613	-0.105514	-0.00560054	-0.00449554	0.00085907	0
4257.05683191	3677.772582194	0.0664305	0.477627	-0.0333108	-0.00589316	-0.00438721	0.00127984	0
4261.106429466	3671.232252018	0.0615089	0.477617	-0.048788	-0.00572357	-0.00447794	0.000867185	0
4256.472633345	3672.374932516	0.0646917	0.466422	-0.125451	-0.00645032	-0.00447794	0.00097123	0
4253.592009621	3675.223786103	0.0598008	0.366287	-0.0809008	-0.00531917	-0.00461141	0.000958151	0
4244.080472667	3678.861098466	0.0610512	0.306555	-0.137564	-0.00529246	-0.00430901	0.00127984	0
4275.571255142	3682.924030848	0.0609789	0.252674	-0.0708512	-0.00458315	-0.00438184	0.00102973	0
4259.256947928	3675.163159101	0.0580066	0.314726	-0.0588179	-0.00482816	-0.00442915	0.000874055	0
4233.248866102	3669.250641534	0.0489942	0.454456	-0.118229	-0.00625023	-0.00437484	0.00146449	0
4247.079896889	3680.789467979	0.0596896	0.465941	-0.076143	-0.00587877	-0.00489012	0.00129651	0
4252.676784425	3671.710497505	0.06945	0.438728	-0.130358	-0.00662625	-0.00456565	0.00126963	0
4251.210232647	3671.597245035	0.0688313	0.370288	-0.105226	-0.00531879	-0.00471885	0.00107942	0
4245.662941435	3668.473569556	0.0526841	0.352604	-0.0912423	-0.00502951	-0.00449346	0.00118063	0
4244.136412707	3674.71999726	0.0651003	0.338234	-0.0625276	-0.00537147	-0.00460527	0.0011995	0
4254.391894527	3672.845484221	0.0497088	0.386381	-0.046679	-0.00494007	-0.00470121	0.00111868	0
4236.832488889	3665.087997738	0.0597225	0.44241	-0.105628	-0.00667926	-0.00475619	0.0010954	0
4260.356717586	3672.764853386	0.0653508	0.34181	-0.0897498	-0.00539305	-0.004718	0.00122904	0
4249.840566712	3669.492226288	0.0563193	0.375046	-0.0760805	-0.00535849	-0.00464999	0.00113966	0
4245.925917295	3671.053140774	0.0696117	0.34848	-0.0469081	-0.00520336	-0.00412866	0.00136995	0
4253.275400527	3669.389437361	0.0592414	0.362417	-0.0329075	-0.00467718	-0.00454079	0.00122157	0
4247.013576222	3674.170353476	0.0593224	0.456451	-0.0978208	-0.0067179	-0.004584	0.00146333	0
4250.853831153	3676.144270178	0.0667358	0.346133	-0.0790679	-0.00494136	-0.0046554	0.00114975	0
4256.923037174	3671.213171439	0.0680346	0.361789	-0.0599991	-0.00486525	-0.00457396	0.00127511	0
4246.799619986	3670.853717945	0.0756017	0.380145	-0.0271774	-0.00540147	-0.00455851	0.00141358	0
4251.35498471	3675.244097688	0.0604343	0.414539	-0.0192125	-0.00501537	-0.0047625	0.00136635	0
4246.719458485	3669.380204823	0.0632802	0.47238	-0.130691	-0.00633547	-0.00468423	0.001496	0
4259.748874261	3670.605054912	0.0583347	0.350285	-0.0884617	-0.00467239	-0.00459939	0.00123914	0
4242.420725904	3665.804134964	0.0536546	0.340268	-0.103023	-0.00529795	-0.00478935	0.000768452	0
4265.660640788	3683.662018414	0.0591788	0.29246	-0.0569467	-0.00480705	-0.00427953	0.000768452	0
4257.205044182	3667.345045617	0.0554516	0.340301	-0.0514464	-0.00473511	-0.00455162	0.000847484	0
4243.000887559	3673.77181557	0.0607129	0.452565	-0.0844891	-0.0062443	-0.00438221	0.000768452	0
4249.501466262	3671.308882087	0.0569373	0.500178	-0.0454957	-0.00532416	-0.00454431	0.000768452	0
4237.949559591	3671.487070077	0.0664548	0.442937	-0.126466	-0.00637218	-0.00450911	0.000768452	0
4259.123153192	3673.99555075	0.0492283	0.325114	-0.102332	-0.00509103	-0.00466422	0.000768452	0
4236.002038807	3671.828058494	0.0568643	0.33149	-0.0856194	-0.00525153	-0.00455345	0.000768452	0
4263.893050855	3678.667215161	0.0618083	0.326353	-0.0515517	-0.00492835	-0.00447678	0.000768452	0
4247.062595845	3670.459796309	0.0549273	0.439332	-0.0598493	-0.00528025	-0.00434482	0.00103698	0
4250.941489773	3674.51534266	0.0663761	0.461365	-0.142824	-0.00663118	-0.00427689	0.000860372	0
4241.607576865	3670.424404911	0.0576547	0.384998	-0.118714	-0.00558052	-0.00480348	0.000985483	0
4245.227531843	3673.974931414	0.0574053	0.35145	-0.162072	-0.00547074	-0.00495607	0.00130321	0
4256.322690969	3677.6177833	0.0732209	0.324669	-0.0803691	-0.00498124	-0.00477312	0.00102122	0
4251.828456598	3671.612017096	0.063242	0.3219	-0.100751	-0.00542356	-0.00469793	0.00102122	0
4238.093158251	3671.018980382	0.0819149	0.425197	-0.0625458	-0.00486021	-0.00451603	0.0011415	0
4257.620269223	3670.294841623	0.064275	0.486505	-0.0746297	-0.00535358	-0.00470059	0.00102122	0
4234.980123844	3675.780508166	0.0733576	0.434886	-0.10649	-0.00580887	-0.00457614	0.00102122	0
4256.042414066	3672.591589416	0.0539276	0.361986	-0.0866944	-0.00485588	-0.00486111	0.000855366	0
4241.511844425	3683.433051463	0.0747456	0.333656	-0.130761	-0.00558969	-0.00447511	0.00109988	0
4272.511277268	3680.193353752	0.0591033	0.302375	-0.0694175	-0.00455416	-0.00452834	0.00102122	0
4274.45764465	3672.935347595	0.0584535	0.303831	-0.102511	-0.0050052	-0.0047324	0.00102122	0
4241.109883517	3673.814285247	0.0727329	0.453197	-0.0607804	-0.0053238	-0.0045862	0.00102122	0
4260.861331351	3673.388049726	0.0770182	0.448922	-0.0796249	-0.00525364	-0.00469625	0.00102122	0
4252.863058992	3677.550078019	0.0811636	0.454849	-0.121119	-0.0059255	-0.00452972	0.00102122	0
4265.416696076	3679.918224109	0.0691529	0.387572	-0.0937502	-0.0050701	-0.00482857	0.000834369	0
4252.600083133	3675.205936529	0.0751669	0.340301	-0.161508	-0.00577596	-0.00487013	0.00102122	0
4265.31058301	3682.209432379	0.0580678	0.295762	-0.0848089	-0.00466939	-0.00452789	0.00102122	0
4276.769640748	3669.97170278	0.0614761	0.307513	-0.10383	-0.00523905	-0.00477362	0.000840816	0
4244.174475002	3672.757467355	0.0633401	0.474885	-0.0685685	-0.00588269	-0.00451309	0.000799571	0
4247.541258046	3670.348698097	0.0535317	0.455877	-0.0672149	-0.00582684	-0.00472304	0.00102122	0
4254.250602672	3668.628060698	0.0741975	0.419956	-0.0813628	-0.00624341	-0.00465414	0.00102122	0
4257.369404094	3671.311344097	0.0716798	0.343793	-0.0669925	-0.00517969	-0.00495154	0.000960697	0
4250.076437604	3673.252946914	0.0709487	0.318781	-0.0669763	-0.00533321	-0.00456392	0.00102122	0
4269.695244106	3673.093224001	0.0792509	0.319931	-0.047827	-0.00463247	-0.00442941	0.00102122	0
4247.049331712	3676.661292326	0.077183	0.399444	-0.101836	-0.00610887	-0.00484511	0.00102122	0
4254.875170339	3671.61540236	0.0680824	0.459608	-0.073867	-0.00569328	-0.00460762	0.00102122	0
4251.498006669	3668.498497409	0.0740131	0.485701	-0.0781545	-0.0059864	-0.00495229	0.00102122	0
4252.412655163	3671.706188987	0.07894	0.431083	-0.0819489	-0.00576188	-0.00485491	0.00109825	0
4260.747144465	3672.522037627	0.070307	0.311094	-0.0680453	-0.00478927	-0.00447695	0.00102122	0
4254.676785041	3676.321227163	0.0787462	0.323795	-0.0653157	-0.00466721	-0.00443059	0.00102122	0
4273.923042409	3670.043101077	0.0799031	0.300533	-0.0584674	-0.0042395	-0.00478953	0.00113184	0
4240.11853373	3672.730077492	0.0792593	0.4186	-0.0875254	-0.00626248	-0.00487202	0.00122308	0
4251.157176114	3671.700649464	0.085359	0.428084	-0.0674324	-0.00530804	-0.00459489	0.00119497	0
4244.177935211	3670.444408745	0.0688763	0.470811	-0.0650378	-0.00589175	-0.0049629	0.00121327	0
4243.244832271	3675.114226648	0.0766378	0.411816	-0.0562681	-0.00537207	-0.00471848	0.00107275	0
4259.02280714	3671.546158322	0.0688231	0.314425	-0.0631215	-0.00476814	-0.00496761	0.00115769	0
4272.22869356	3679.856366102	0.0763904	0.315276	-0.0697881	-0.00502091	-0.00492813	0.00121348	0
4277.661221184	3672.247831238	0.0685009	0.391612	-0.0467754	-0.00481672	-0.00482079	0.00108078	0
4257.971480404	3672.80916957	0.0779839	0.456024	-0.117895	-0.00655775	-0.00515836	0.00102122	0
4266.046454055	3679.918839611	0.0785492	0.347492	-0.102577	-0.00545468	-0.00497977	0.00102122	0
4251.064327181	3676.414168049	0.0743422	0.354037	-0.120566	-0.0058922	-0.00530192	0.00117708	0
4270.455336612	3677.53592146	0.0792827	0.27509	-0.0607973	-0.00492078	-0.00474339	0.00102122	0
4264.309429299	3678.59489361	0.0794872	0.426781	-0.0364468	-0.00505817	-0.00470537	0.0011982	0
4257.888435396	3672.505111307	0.0790163	0.479397	-0.092639	-0.00590912	-0.00487816	0.00129851	0
4269.049338486	3673.068603898	0.0726101	0.479898	-0.0561201	-0.00542831	-0.00500688	0.00122764	0
4246.154867769	3676.475718305	0.0791451	0.405872	-0.133604	-0.00598777	-0.00484696	0.00129611	0
4262.669290386	3675.959311659	0.0783723	0.330319	-0.0602845	-0.00436625	-0.00505946	0.00107642	0
4243.634105747	3677.517456383	0.0774756	0.320758	-0.11114	-0.00591896	-0.00534231	0.00102122	0
4256.90919634	3673.142464205	0.0784727	0.384035	-0.0786669	-0.00485925	-0.00502209	0.00102122	0
4255.132955885	3668.512961719	0.0784236	0.486846	-0.0643784	-0.00580575	-0.00503755	0.00102122	0
4237.428221483	3672.934732092	0.0791331	0.410844	-0.0866966	-0.00630455	-0.00481266	0.000946103	0
4260.229843268	3669.454680632	0.0779953	0.342599	-0.0765998	-0.00517806	-0.00517907	0.00102122	0
4240.463401195	3672.506342312	0.0787323	0.380119	-0.108775	-0.00634238	-0.00496013	0.00102122	0
4258.688320302	3674.829864466	0.0609552	0.346111	-0.0717054	-0.00491986	-0.00522767	0.00102122	0
4248.077013689	3666.866800129	0.0752598	0.406079	-0.0802631	-0.00590819	-0.00536998	0.00102122	0
4249.990509088	3666.091574658	0.0934303	0.491197	-0.0442142	-0.00585152	-0.00495665	0.00102122	0
4237.92533813	3666.451335903	0.0922315	0.472311	-0.0646447	-0.00591002	-0.0053682	0.00117979	0
4241.388430315	3664.422639474	0.0747474	0.417827	-0.0668745	-0.00583588	-0.00535661	0.00111405	0
4255.495124393	3666.254375085	0.0734179	0.288843	-0.060136	-0.00478796	-0.00496226	0.00102122	0
4241.492813277	3670.469952101	0.0704526	0.32662	-0.0744511	-0.00530551	-0.00479276	0.00096804	0
4260.969174522	3671.417210537	0.0746527	0.313872	-0.0616476	-0.00443142	-0.00497491	0.000728666	0
4258.259831127	3664.578669372	0.0686577	0.376987	-0.102984	-0.00594403	-0.00534174	0.000871905	0
4245.224648336	3667.333658819	0.069925	0.474432	-0.0822311	-0.00547004	-0.0049757	0.0010783	0
4233.715417572	3665.045220311	0.0690957	0.507965	-0.0891251	-0.00563656	-0.00491074	0.00102122	0
4241.341140797	3673.252946914	0.0811566	0.438394	-0.0727768	-0.00477083	-0.00517079	0.00143508	0
4238.330182545	3672.300764458	0.0902915	0.328267	-0.0864898	-0.00452967	-0.00492812	0.00133346	0
4255.909772733	3679.440901875	0.0871315	0.329954	-0.0467135	-0.00505949	-0.0046966	0.00115313	0
4262.193511692	3681.50221994	0.0688993	0.263226	-0.0454272	-0.004438	-0.00473345	0.00102122	0
4259.771942319	3683.982695247	0.0917508	0.332185	-0.0815103	-0.00555877	-0.00473942	0.00116337	0
4261.898817253	3680.350614655	0.076348	0.428412	-0.0238374	-0.00575392	-0.00507333	0.00144088	0
4255.801352861	3675.67310297	0.0958737	0.467125	-0.0609931	-0.00637406	-0.00495188	0.00172777	0
4259.664099149	3678.095105534	0.0916794	0.473458	-0.0512353	-0.00611142	-0.00490989	0.00215892	0
4252.599506431	3682.723684766	0.0919801	0.445541	-0.0864607	-0.00550686	-0.004753	0.00164739	0
4232.477816268	3677.507916094	0.0878966	0.224784	-0.0255218	-0.00334887	-0.00392854	0.00105867	0
4232.943214335	3673.706572299	0.0726097	0.233102	-0.0831871	-0.00346646	-0.00359566	0.00102721	0
4234.169858312	3672.577740609	0.0891677	0.463128	-0.0748642	-0.003929	-0.00398213	0.00167612	0
4246.607001703	3677.51653313	0.069014	0.380285	-0.104407	-0.00502525	-0.00476802	0.00127514	0
4262.91035159	3677.461753402	0.0690556	0.293394	-0.094294	-0.00458154	-0.00440499	0.000878287	0
4260.473787979	3685.077674297	0.056552	0.373758	-0.115015	-0.00540794	-0.00503435	0.00109865	0
4269.917850864	3680.468483395	0.0658547	0.451218	-0.0751344	-0.00545716	-0.0046962	0.000853259	0
4262.373442544	3671.954852021	0.0841765	0.455495	-0.127573	-0.00627315	-0.00432873	0.00108698	0
4274.499167154	3680.921801029	0.0489842	0.379724	-0.110545	-0.00493309	-0.00470469	0.000649787	0
4263.33307375	3677.127535513	0.0720399	0.323469	-0.158595	-0.00553797	-0.00471636	0.00119193	0
4275.068371481	3681.446209208	0.0436527	0.332633	-0.101626	-0.00478783	-0.00476484	0.000781949	0
4287.245999222	3673.316035926	0.0542413	0.361662	-0.137681	-0.00488605	-0.0048948	0.00108966	0
4249.329609231	3675.874372306	0.0729314	0.502069	-0.104372	-0.00588249	-0.00510331	0.00158441	0
4262.236187599	3672.252139756	0.0822216	0.487505	-0.100506	-0.00576922	-0.0050703	0.0015844	0
4257.630649849	3673.378509436	0.0857194	0.437926	-0.133177	-0.00644309	-0.00513269	0.0015844	0
4247.536644434	3669.789514023	0.0695792	0.384887	-0.0868345	-0.00564562	-0.00497278	0.00106272	0
4253.604120351	3674.003860034	0.0684172	0.342842	-0.143173	-0.00585099	-0.00515356	0.00106272	0
4260.102392248	3673.221864035	0.0687555	0.310352	-0.0627097	-0.00514308	-0.00490653	0.00106272	0
4250.677360511	3664.201058553	0.0618989	0.416238	-0.0905994	-0.00541774	-0.00512938	0.00106272	0
4244.087969785	3656.911046263	0.0779646	0.494176	-0.0512565	-0.00570676	-0.00488458	0.00106272	0
4255.628342427	3664.249067753	0.0614701	0.479441	-0.0618292	-0.00577789	-0.0049071	0.00121907	0
4243.345178322	3664.345086152	0.0676525	0.379237	-0.0836773	-0.00603685	-0.00505522	0.00106272	0
4251.724650337	3659.887001128	0.0612894	0.322301	-0.0692166	-0.00523528	-0.00496008	0.00106272	0
4238.89015965	3658.830183237	0.0643897	0.357209	-0.13979	-0.0064797	-0.00527874	0.00106272	0
4260.180246943	3665.943546293	0.0656281	0.437636	-0.0928793	-0.00566091	-0.00507161	0.00106272	0
4237.019340158	3655.876694215	0.0734486	0.474171	-0.0971183	-0.00634638	-0.00530945	0.00106272	0
4250.422458472	3663.749279676	0.0855619	0.43481	-0.0855941	-0.00575282	-0.00508523	0.00124056	0
4233.509535156	3665.499461198	0.0608831	0.379136	-0.101135	-0.00598693	-0.00514772	0.00106272	0
4266.200433341	3674.208514635	0.0795703	0.276424	-0.0686647	-0.00526173	-0.004955	0.00106272	0
4233.940331136	3663.936084702	0.0738735	0.338593	-0.080733	-0.00576354	-0.00537973	0.00144984	0
4251.065480584	3663.760974225	0.0812175	0.431553	-0.0704767	-0.00563743	-0.00513275	0.00117773	0
4258.780592533	3663.844990324	0.0773178	0.486603	-0.0918165	-0.00572793	-0.00496037	0.00137169	0
4260.611619625	3667.664799195	0.0873227	0.464842	-0.122612	-0.00663551	-0.00515375	0.00159449	0
4258.102968334	3673.313573916	0.0758661	0.395052	-0.101241	-0.00565615	-0.00541423	0.00118282	0
4260.967444417	3672.492801256	0.0730443	0.321653	-0.144847	-0.0062249	-0.00514714	0.00106272	0
4279.29040277	3684.579424976	0.073461	0.29525	-0.0818059	-0.00523705	-0.00474912	0.000896581	0
4262.761562617	3672.791319996	0.0705511	0.342257	-0.0845721	-0.00557764	-0.00530318	0.00106272	0
4250.26213547	3676.781930827	0.0808531	0.482578	-0.0681839	-0.00613544	-0.0046932	0.00106272	0
4253.264443199	3673.11476659	0.0861595	0.470397	-0.0708137	-0.00604227	-0.00465133	0.00128097	0
4246.389008556	3677.199241561	0.082745	0.466502	-0.121188	-0.00621938	-0.00471559	0.00132005	0
4258.7673284	3680.572503327	0.085997	0.370495	-0.101168	-0.00516607	-0.00518205	0.00106272	0
4262.633534896	3684.360921568	0.0808601	0.343795	-0.15707	-0.00639434	-0.00504713	0.00135175	0
4261.011273727	3682.107258954	0.0902267	0.319766	-0.08965	-0.00545556	-0.00567593	0.00118161	0
4253.25290917	3673.516997511	0.091475	0.440807	-0.119701	-0.00620115	-0.00566388	0.00137516	0
4251.470325	3668.205825943	0.0948104	0.4798	-0.0979719	-0.00631035	-0.00534491	0.00143791	0
4242.94956113	3674.17620075	0.0880914	0.339275	-0.097313	-0.00553204	-0.00564513	0.00123068	0
4245.382664532	3674.290068724	0.0925195	0.380365	-0.0993523	-0.00559246	-0.00530544	0.00159807	0
4258.379785028	3667.113001152	0.0832758	0.345016	-0.079004	-0.00509549	-0.00564513	0.00149293	0
4239.770206057	3664.361396969	0.091561	0.467794	-0.153404	-0.00660793	-0.00537162	0.00155829	0
4255.61334819	3666.450104898	0.0903601	0.484604	-0.125286	-0.00559103	-0.00572638	0.00145173	0
4248.279435897	3663.693576694	0.0905292	0.426511	-0.125641	-0.00619599	-0.00569445	0.00150196	0
4245.632376259	3664.670379253	0.0872138	0.355792	-0.082385	-0.00516637	-0.00513027	0.00132209	0
4257.608158493	3660.983826685	0.0789105	0.304232	-0.0837483	-0.00504944	-0.0053288	0.00106272	0
4250.629494291	3663.886844498	0.0948428	0.378679	-0.15354	-0.00625064	-0.00569646	0.00140552	0
4242.834220841	3658.257150356	0.0916479	0.465811	-0.0857053	-0.00578743	-0.00555232	0.00106272	0
4242.021071802	3656.10658442	0.0907139	0.480923	-0.136907	-0.00586944	-0.00532405	0.00174799	0
4229.935716293	3659.461073358	0.0992851	0.475142	-0.115609	-0.00609504	-0.00551413	0.00186851	0
4232.43052675	3662.350857865	0.097185	0.376858	-0.121199	-0.00564666	-0.00600686	0.00186851	0
4233.473779666	3663.445529164	0.111528	0.348511	-0.0858197	-0.00623343	-0.00590797	0.00186851	0
4263.972058953	3660.780095339	0.0962283	0.276129	-0.0663458	-0.0051328	-0.00571612	0.00179112	0
4232.566051589	3659.995945081	0.10635	0.422156	-0.153477	-0.00645881	-0.00577202	0.00202156	0
4241.159479841	3664.784247226	0.106886	0.479602	-0.088435	-0.00606127	-0.00537202	0.00182808	0
4236.307690573	3661.054609479	0.0989363	0.498319	-0.0938432	-0.0067833	-0.0053636	0.00188527	0
4237.388429084	3664.826716903	0.100366	0.452024	-0.109591	-0.00673016	-0.00529585	0.0018497	0
4244.156020556	3665.487458898	0.0776236	0.375727	-0.0998021	-0.00621871	-0.00538247	0.00159225	0
4245.565478891	3674.493492319	0.0724354	0.368921	-0.0756479	-0.0061205	-0.00479445	0.00143558	0
4254.227534614	3677.589162431	0.0771828	0.313043	-0.0867558	-0.00549909	-0.00508119	0.00136701	0
4239.709075703	3673.234174086	0.083504	0.468053	-0.155562	-0.00650825	-0.00508119	0.00159268	0
4238.486468637	3675.401666342	0.080021	0.486554	-0.101435	-0.00575859	-0.00563702	0.00162798	0
4224.933984649	3669.985551588	0.0927526	0.452163	-0.158655	-0.00677925	-0.00590218	0.00190246	0
4245.03491356	3676.567735937	0.0892939	0.356904	-0.133261	-0.00584781	-0.005636	0.00149962	0
4245.01876592	3668.025483694	0.0890847	0.365161	-0.142622	-0.00621258	-0.00604292	0.00165245	0
4258.279438976	3683.62724252	0.0906382	0.329939	-0.088055	-0.00544973	-0.00555206	0.00162259	0
4257.297893115	3674.10141719	0.0818679	0.341245	-0.0987268	-0.00529731	-0.00558414	0.00165587	0
4248.457636644	3675.196703991	0.094859	0.460036	-0.145281	-0.00665897	-0.00571362	0.00181919	0
4255.52568957	3670.102804825	0.0998295	0.511877	-0.092508	-0.00626394	-0.00568775	0.00180149	0
4255.001467955	3669.179243238	0.096403	0.473418	-0.161313	-0.00684641	-0.00598226	0.00180674	0
4242.910922133	3675.591548881	0.0958612	0.403689	-0.144831	-0.00611404	-0.00612327	0.00163833	0
4249.493969143	3663.788979591	0.0904586	0.383624	-0.119349	-0.00566296	-0.00614438	0.0017001	0
4246.706771053	3673.825979795	0.0935044	0.351362	-0.0902395	-0.00588331	-0.00558663	0.00162495	0
4267.190053023	3671.896379278	0.0790081	0.305193	-0.0920654	-0.00508285	-0.00597143	0.00143558	0
4243.887277682	3664.331852847	0.0793487	0.470973	-0.176428	-0.00696526	-0.00588182	0.00157424	0
4239.660632782	3666.186054301	0.0806436	0.4816	-0.123963	-0.00606403	-0.00544463	0.00143558	0
4229.285197061	3666.86464587	0.0995347	0.436456	-0.175492	-0.00678702	-0.00571732	0.00143558	0
4247.321534795	3668.909960869	0.088582	0.351919	-0.120972	-0.00522516	-0.00558517	0.00143558	0
4241.616804088	3664.745778316	0.0912752	0.365983	-0.119138	-0.0057991	-0.00576738	0.00143558	0
4250.405157428	3668.279994001	0.0947727	0.407264	-0.0938153	-0.00543891	-0.00559247	0.00151544	0
4246.012422512	3659.320431024	0.0943084	0.477522	-0.0865125	-0.00590532	-0.00577878	0.00175472	0
4245.661788032	3667.463222108	0.103543	0.478361	-0.105707	-0.00584953	-0.00556294	0.00162575	0
4260.425345058	3669.621481825	0.0934319	0.398698	-0.115051	-0.00546672	-0.00605461	0.00177416	0
4248.172169428	3667.123772447	0.0939778	0.37937	-0.164162	-0.00667071	-0.00583886	0.00143558	0
4264.183131682	3673.644714292	0.0926209	0.328914	-0.0980987	-0.00533603	-0.00629643	0.00170819	0
4251.189471395	3669.042909421	0.0926959	0.429737	-0.128556	-0.00600062	-0.00626223	0.00160682	0
4257.642760579	3670.573972033	0.0931983	0.492638	-0.111845	-0.00654697	-0.00613201	0.001729	0
4249.052215835	3665.306193395	0.103814	0.477373	-0.117459	-0.00592992	-0.00587481	0.0019347	0
4246.848639609	3667.117617422	0.117383	0.489007	-0.13897	-0.00676059	-0.00561427	0.0021493	0
4249.314614993	3664.260146799	0.115568	0.420819	-0.126266	-0.0059761	-0.00607437	0.00143558	0
4245.265017437	3671.719114541	0.0939666	0.338275	-0.142496	-0.0061697	-0.00556111	0.00153643	0
4262.267906179	3674.424863784	0.0955204	0.307539	-0.0974473	-0.0058521	-0.00596205	0.00143558	0
4243.92649338	3668.236601071	0.0961519	0.339179	-0.148123	-0.00663032	-0.00607437	0.00157826	0
4255.372286985	3673.180625364	0.0803249	0.44662	-0.101349	-0.00591015	-0.00564039	0.00143558	0
4254.115654534	3660.417564332	0.0790787	0.522328	-0.0964267	-0.00655724	-0.00602458	0.00143558	0
4253.993393827	3666.938506177	0.0889349	0.511637	-0.136496	-0.00649251	-0.00605423	0.00143558	0
4246.064325642	3672.048100658	0.0788305	0.438574	-0.11622	-0.00574576	-0.00609239	0.00132231	0
4240.091428762	3667.228407882	0.0931553	0.416304	-0.17605	-0.00688131	-0.00595081	0.00143558	0
4247.703887854	3674.223594447	0.0740299	0.350386	-0.111152	-0.00572686	-0.00623443	0.00143558	0
4254.499160996	3670.983281234	0.0748559	0.416447	-0.120533	-0.00613037	-0.0059746	0.00143558	0
4238.211382047	3669.320501075	0.0958202	0.482004	-0.106597	-0.00636483	-0.00564019	0.0015413	0
4254.473209431	3667.607865209	0.0962657	0.426002	-0.11526	-0.00605736	-0.00637823	0.00179738	0
4238.991659104	3665.68534297	0.0972423	0.426901	-0.192436	-0.00711324	-0.0060503	0.00166831	0
4248.714268788	3668.454181225	0.0926834	0.349517	-0.128391	-0.00557648	-0.00636483	0.00143558	0
4240.282893643	3675.056369408	0.0956785	0.315719	-0.161002	-0.00636164	-0.00650842	0.00143558	0
4257.529150395	3672.826403642	0.0959781	0.357381	-0.105988	-0.00586507	-0.00643433	0.00161748	0
4247.35152327	3662.682921495	0.0961153	0.498171	-0.0948509	-0.00636701	-0.00636882	0.00143558	0
4236.093734337	3667.282572107	0.0960399	0.498049	-0.10341	-0.006334	-0.00640981	0.00150574	0
4248.512999983	3665.054145098	0.0957901	0.414785	-0.106996	-0.00573163	-0.00648245	0.00143558	0
4241.709653021	3668.683148176	0.0918314	0.414154	-0.16592	-0.00700256	-0.00632101	0.00155132	0
4247.394775878	3670.792475441	0.0920745	0.445239	-0.112257	-0.00558083	-0.0061867	0.00150688	0
4256.388434934	3673.484375876	0.0973867	0.437809	-0.113547	-0.00628491	-0.00597139	0.00143558	0
4250.968594741	3669.265721347	0.0973554	0.40614	-0.135052	-0.00634154	-0.00602027	0.00160892	0
4255.500314706	3669.804593836	0.096138	0.32998	-0.089179	-0.00556911	-0.00638385	0.00157125	0
4232.342291428	3670.351467858	0.095338	0.414466	-0.146389	-0.00700103	-0.00662123	0.00143558	0
4234.130065912	3667.111770147	0.0960124	0.446062	-0.097496	-0.00612862	-0.00643836	0.00162752	0
4238.446676237	3662.375477968	0.096297	0.479178	-0.0955001	-0.00631055	-0.00634209	0.00156971	0
4247.350369867	3667.983937271	0.0964735	0.413351	-0.104189	-0.00636262	-0.00630083	0.0016168	0
4258.059139024	3660.515429239	0.0948015	0.329878	-0.101956	-0.00555316	-0.00678609	0.00143558	0
4239.629490904	3662.618293727	0.102902	0.381259	-0.15585	-0.00699029	-0.00680637	0.00170429	0
4254.739645499	3662.090808035	0.0960747	0.455268	-0.0760464	-0.00621149	-0.00642552	0.00168973	0
4240.047022751	3656.174289701	0.0949798	0.501695	-0.075966	-0.00620915	-0.00610977	0.00180418	0
4233.808266505	3670.476414878	0.10448	0.515154	-0.12907	-0.00708275	-0.0064938	0.00161927	0
4239.45244356	3669.065990767	0.095566	0.419136	-0.106909	-0.00608672	-0.0067466	0.00143558	0
4247.442642099	3667.297344168	0.0969582	0.377859	-0.16637	-0.00669447	-0.00635403	0.0016814	0
4244.652560501	3673.820440272	0.100933	0.304929	-0.103571	-0.00549003	-0.00632501	0.00158237	0
4270.018773617	3677.55038577	0.0966418	0.344496	-0.0964225	-0.00516023	-0.00642943	0.00158631	0
4236.368820926	3670.881723312	0.105011	0.458739	-0.136858	-0.00627509	-0.00628381	0.00161793	0
4245.926493996	3666.278379684	0.0962913	0.492506	-0.0832218	-0.00550213	-0.00653685	0.00143558	0
4236.683123215	3669.602708997	0.0943436	0.468052	-0.149892	-0.00674305	-0.00635049	0.00143558	0
4243.021648811	3672.424480472	0.0921091	0.373632	-0.123607	-0.0060844	-0.00616478	0.00143558	0
4238.310574696	3673.227403558	0.0754535	0.384201	-0.118572	-0.00586972	-0.00646132	0.00143558	0
4245.62487914	3679.109145997	0.0888174	0.356589	-0.0886014	-0.00556804	-0.00604082	0.00143558	0
4254.23791524	3677.245712004	0.0916821	0.384176	-0.0681641	-0.00529311	-0.00680737	0.00161463	0
4246.687739905	3669.586090428	0.0960702	0.493293	-0.151624	-0.00699105	-0.00674997	0.00194866	0
4256.100084211	3674.099262931	0.0918487	0.429658	-0.133092	-0.00620259	-0.00663577	0.00213955	0
4232.751172754	3665.753663754	0.0889755	0.422735	-0.135431	-0.00636987	-0.00721943	0.00216586	0
4253.216576979	3678.300991139	0.087093	0.345525	-0.0812211	-0.00593098	-0.0065475	0.00190435	0
4252.579898582	3669.128156525	0.0790156	0.37419	-0.0956141	-0.0056399	-0.00684036	0.00196983	0
4255.688896079	3666.483957539	0.0866635	0.464008	-0.161196	-0.00693471	-0.00670676	0.00195166	0
4254.864213011	3675.946078354	0.0939578	0.487503	-0.114232	-0.00592511	-0.00665743	0.00191473	0
4248.951293082	3668.116885824	0.113124	0.458407	-0.12533	-0.00659759	-0.00690954	0.002112	0
4256.073555944	3672.541425958	0.123937	0.396974	-0.117371	-0.0060588	-0.00644889	0.0018537	0
4266.592590325	3676.199665408	0.113278	0.331987	-0.0846658	-0.00559145	-0.00678023	0.00183693	0
4260.758678494	3677.891681938	0.11535	0.329071	-0.0835016	-0.00555852	-0.00661574	0.00186048	0
4263.760986223	3681.392660485	0.094716	0.419835	-0.0349762	-0.00566935	-0.00667312	0.00143558	0
4255.118538349	3673.284645296	0.104139	0.498155	-0.0962772	-0.00635888	-0.00665112	0.0016233	0
4258.536647821	3673.761352027	0.111994	0.502722	-0.0842328	-0.00665924	-0.00656478	0.0020597	0
4244.100657217	3665.332044502	0.113737	0.408487	-0.0825794	-0.00624048	-0.00696897	0.00184333	0
4257.844029384	3670.379165473	0.141008	0.390071	-0.0694036	-0.00628481	-0.00696897	0.00194625	0
4264.641609332	3677.620860813	0.123594	0.34368	-0.0251578	-0.00540636	-0.00724522	0.00206864	0
4249.512423589	3664.651298674	0.122962	0.418225	-0.0692553	-0.00611539	-0.00765381	0.00215756	0
4246.17908923	3669.019520324	0.119416	0.51501	-0.0540172	-0.00664284	-0.00744091	0.00189192	0
4250.341720269	3671.074683363	0.113701	0.466708	-0.0634872	-0.00600944	-0.00740093	0.00200432	0
4245.285201988	3669.609479525	0.113216	0.44436	-0.167304	-0.00712294	-0.00733803	0.00215996	0
4250.741951073	3668.763779011	0.111908	0.34733	-0.105073	-0.00567471	-0.00748994	0.00216206	0
4244.530299795	3667.678340251	0.0935173	0.335473	-0.0980998	-0.00605237	-0.00772	0.00206308	0
4240.801924944	3666.718464013	0.094252	0.407503	-0.0664423	-0.00646299	-0.00750449	0.00210582	0
4250.302504571	3664.09673087	0.0946244	0.458753	-0.0454752	-0.00619756	-0.00738477	0.00210272	0
4220.416105519	3657.776135107	0.0985223	0.491482	-0.129349	-0.00787033	-0.0073423	0.002048	0
4246.345179246	3663.992095435	0.0954376	0.412841	-0.110054	-0.00657489	-0.00712918	0.00210523	0
4244.404578879	3664.069033255	0.07902	0.413682	-0.0970051	-0.00655038	-0.0075734	0.00189699	0
4228.827296113	3668.026714699	0.0960467	0.405124	-0.0821884	-0.00643662	-0.00691559	0.00198101	0
4255.536646898	3672.336771357	0.0842574	0.434458	-0.0891689	-0.00560461	-0.00726914	0.00195339	0
4240.189468008	3662.657378139	0.0899797	0.516862	-0.16683	-0.00717749	-0.00713005	0.00217595	0
4243.104117118	3669.260489575	0.0880801	0.47101	-0.112755	-0.006347	-0.00718869	0.00206091	0
4233.854402621	3672.258294781	0.0811724	0.452235	-0.161249	-0.00678587	-0.007679	0.00210197	0
4249.673899994	3679.197470614	0.098386	0.349396	-0.115016	-0.00552592	-0.00687351	0.00195935	0
4253.843451451	3674.42394053	0.0930846	0.341492	-0.108303	-0.00620139	-0.00754207	0.00210747	0
4260.442646101	3676.94627001	0.093185	0.339373	-0.0795605	-0.00607087	-0.00707163	0.00218233	0
4262.577018154	3672.96796923	0.091897	0.399284	-0.0954946	-0.0056286	-0.00730698	0.00189084	0
4249.232146686	3677.074910045	0.0854975	0.49743	-0.157054	-0.00731228	-0.00719575	0.00143558	0
4247.972054026	3673.436366676	0.0762244	0.53724	-0.110295	-0.0064624	-0.00715411	0.00143558	0
4251.488202744	3678.14003722	0.0885733	0.491426	-0.135595	-0.0061276	-0.00715411	0.00143558	0
4252.397660925	3678.403164564	0.0989702	0.471745	-0.107288	-0.00607725	-0.00712535	0.00177009	0
4262.815195851	3680.491872492	0.0974841	0.354353	-0.107901	-0.00564477	-0.00721464	0.0018525	0
4260.798470894	3678.280679555	0.100645	0.369311	-0.114347	-0.00631525	-0.00710284	0.0020074	0
4253.857868987	3677.138306808	0.0864075	0.421411	-0.0872216	-0.00569039	-0.00745908	0.00177814	0
4255.048180772	3670.527193839	0.0965009	0.463633	-0.13303	-0.00632245	-0.00725939	0.00184722	0
4251.510117399	3673.087684478	0.0891537	0.485373	-0.11219	-0.00622908	-0.0070972	0.00193501	0
4246.277128476	3667.344737865	0.0888369	0.372755	-0.106206	-0.0058397	-0.00763324	0.00215608	0
4242.211383279	3667.600479178	0.0968561	0.402828	-0.0955303	-0.00634684	-0.00734166	0.002096	0
4269.380365116	3670.725077911	0.0744074	0.391232	-0.0835038	-0.0056142	-0.00755605	0.00207906	0
4243.715997352	3665.34096929	0.100281	0.490709	-0.151444	-0.00733223	-0.00746839	0.00198598	0
4253.354408625	3669.606709764	0.0995605	0.484843	-0.115527	-0.00634045	-0.00743669	0.00196063	0
4258.872864764	3665.33389101	0.0935219	0.458399	-0.140615	-0.00657628	-0.00766946	0.00195617	0
4251.429379197	3666.439641355	0.0943768	0.408158	-0.0992179	-0.00635893	-0.0074443	0.00227375	0
4271.333076213	3671.137464624	0.093276	0.324512	-0.0913408	-0.00577723	-0.00776702	0.00219329	0
4265.869983413	3668.468030033	0.0931243	0.437261	-0.176494	-0.00674268	-0.00782057	0.00217334	0
4252.480129232	3670.962354147	0.0947375	0.470834	-0.100228	-0.00611242	-0.00756103	0.00178892	0
4248.831915883	3664.302000973	0.107331	0.483074	-0.126452	-0.00636741	-0.00807991	0.00207284	0
4244.070668742	3667.981783012	0.108435	0.447157	-0.107158	-0.00637194	-0.00776203	0.00227223	0
4251.101236074	3667.127157711	0.0970152	0.324205	-0.083644	-0.00579238	-0.00780668	0.00205833	0
4241.382086599	3670.928193755	0.100438	0.40311	-0.104949	-0.00637305	-0.00789223	0.00217467	0
4252.391317209	3668.43848591	0.0895569	0.464327	-0.0648068	-0.00626945	-0.00797273	0.0018331	0
4243.940910917	3660.618218166	0.0978873	0.500538	-0.118147	-0.00689241	-0.00772716	0.00184043	0
4248.40400341	3664.68884433	0.110541	0.47163	-0.0900316	-0.00611856	-0.00774905	0.0019086	0
4249.318075202	3668.02209843	0.0996752	0.412198	-0.0728838	-0.00578901	-0.007848	0.00198754	0
4243.565478275	3672.163815139	0.101997	0.378614	-0.0726246	-0.00675974	-0.00810448	0.00207124	0
4251.853831461	3674.87171864	0.0971313	0.407058	-0.0414304	-0.00615624	-0.00829163	0.00208152	0
4259.737340232	3664.053645691	0.0994557	0.499733	-0.0776976	-0.00675175	-0.00833109	0.00206336	0
4246.031453659	3669.707344432	0.0988601	0.561138	-0.0619891	-0.00718823	-0.00791143	0.00200777	0
4254.933993886	3668.73700465	0.0967185	0.465162	-0.0721128	-0.00609944	-0.00764595	0.00202427	0
4240.737911084	3668.664375348	0.0989997	0.445468	-0.139648	-0.00733282	-0.00744832	0.00189957	0
4253.412078769	3669.892918453	0.0868361	0.378798	-0.0775924	-0.0062952	-0.00779056	0.00180587	0
4236.600078206	3675.136692491	0.0888899	0.3469	-0.110079	-0.0064433	-0.0070706	0.00171913	0
4238.734450259	3676.164274011	0.0952095	0.436542	-0.0677965	-0.00614833	-0.00732742	0.0016901	0
4242.733874789	3661.816601646	0.0930237	0.509071	-0.066733	-0.00632909	-0.00779705	0.00189455	0
4242.594889741	3669.766124926	0.110082	0.513768	-0.0812849	-0.00717868	-0.0074456	0.00203328	0
4238.884969337	3675.670333209	0.095836	0.439918	-0.078697	-0.00627747	-0.00783396	0.00195292	0
4247.081626993	3674.274065657	0.112617	0.391406	-0.138137	-0.00684691	-0.00805862	0.0020237	0
4263.552797001	3676.354464301	0.0948404	0.36818	-0.0771829	-0.00605213	-0.00788283	0.002	0
