4677.898799464	3433.001008456	-0.0523882	0.21182	0.000131201	-0.00205145	-0.000953543	0.00015125	1
4530.774462445	3426.866291984	-0.0600388	0.201766	0.0042313	-0.00218035	-0.000849842	0	1
4457.581351529	3420.042088386	-0.0564656	0.201716	0.0267093	-0.00245766	-0.000831181	0	1
4381.871514419	3421.160356286	-0.0705392	0.241907	0.024718	-0.00199622	-0.000693381	0	1
4352.392395669	3431.064810192	-0.0757232	0.268548	0.0411448	-0.00277907	-0.000593126	2.11758e-22	1
4308.331970589	3428.239536425	-0.0571216	0.308806	0.0683473	-0.00362549	-0.000409252	0.000107545	1
4278.54640116	3423.21592559	-0.0693354	0.289452	0.049969	-0.00345006	-0.00051082	0.000507389	0
4274.890300921	3426.11377695	-0.0672286	0.251642	0.0439303	-0.00347507	-0.000608957	-0.000209546	0
4247.161302841	3428.989664038	-0.0534217	0.235577	0.0240883	-0.00264529	-0.000256687	0	0
4233.039911943	3425.918008444	-0.0663924	0.240894	0.0505225	-0.00347381	-0.000321333	-0.000780906	0
4230.831072914	3424.19190321	-0.0786145	0.228122	0.0493239	-0.00332164	-0.000361252	-0.000780906	0
4225.719571368	3433.749703617	-0.081444	0.261059	0.0450503	-0.00306244	-0.000575401	-0.000464945	0
4225.300595832	3431.253893919	-0.0874286	0.28589	0.0785506	-0.00412568	-0.000665955	-0.000249629	0
4217.772443391	3436.615086054	-0.0814452	0.301033	0.0934924	-0.00471709	-0.000927655	-4.36803e-05	0
4237.047472803	3438.829180099	-0.0755386	0.244836	0.0469635	-0.00356336	-0.000782206	-0.000430341	0
4222.334249033	3431.645908414	-0.0629723	0.205133	0.0375627	-0.00350924	-0.000642272	-0.000780906	0
4196.854790462	3438.144467815	-0.0726586	0.221732	0.038684	-0.00376079	-0.000192548	-0.00109695	0
4221.044043795	3437.493656906	-0.120649	0.193941	0.0511623	-0.00325896	-0.00026969	-0.00130884	0
4231.178702902	3429.04266478	-0.142939	0.227266	0.09233	-0.00399437	-0.000409458	-0.00109499	0
4216.782703467	3429.918848211	-0.051562	0.279856	0.0723289	-0.00401765	-7.69872e-05	-0.000370526	0
4200.956201843	3429.629970295	-0.0108674	0.341689	0.0628975	-0.00342899	0.000292507	-5.75766e-05	0
4214.914072574	3436.030645444	-0.0160318	0.235704	0.0375569	-0.00319117	-0.000655318	6.15718e-05	0
4211.342246271	3423.911620009	-0.00202972	0.231334	0.0544772	-0.00349016	-0.000406484	0.000130834	0
4211.177768446	3425.47203824	-0.00373014	0.202366	0.0538178	-0.00370241	-0.000360248	-4.50386e-05	0
4206.504874434	3431.123540744	-0.00621324	0.234923	0.0666387	-0.00369241	-0.000350576	2.82244e-05	0
4206.088771872	3418.324577867	-0.025009	0.258582	0.0641287	-0.00320625	-0.000719311	3.45008e-05	0
4230.667313333	3426.458997996	-0.0171815	0.342321	0.12977	-0.00527334	-0.00049354	0.00068336	0
4200.971284962	3430.117959105	0.00141069	0.301955	0.108009	-0.00486084	-0.000406117	0.000791185	0
4225.337944508	3436.13807938	0.00604757	0.275968	0.0692106	-0.00411093	-0.000349406	0.000620333	0
4215.205440133	3423.502893569	0.000243801	0.255074	0.055157	-0.00355518	-0.000786592	3.45008e-05	0
4216.408977288	3444.719424682	0.0803922	0.367876	0.132541	-0.00286722	-0.000835657	-0.00109905	0
4218.064289779	3435.299617197	0.0301126	0.094899	0.0750289	-0.00399696	-0.00140621	7.37571e-05	0
4200.951652965	3433.216353812	0.0119822	0.191809	0.0800275	-0.00417786	-0.00122317	5.71382e-05	0
4209.644557397	3431.833559688	0.00702193	0.279394	0.115779	-0.00529453	-0.00120859	0.000407988	0
4195.010101028	3433.552980144	0.00562712	0.315881	0.113189	-0.00544974	-0.0010044	0.000542341	0
4191.091362981	3429.448526315	0.000957662	0.379416	0.135167	-0.00570071	-0.00107714	0.000407988	0
4212.295595178	3434.961558412	0.00434879	0.278221	0.0642506	-0.00409365	-0.00125554	0.000106975	0
4208.28923139	3434.35276611	0.000127134	0.284219	0.0630462	-0.00405437	-0.00123623	-5.83856e-05	0
4196.06903177	3432.869700313	0.00683241	0.226601	0.048765	-0.00371895	-0.00109507	2.11312e-05	0
4190.2467083	3424.676549632	0.00734723	0.262572	0.0574481	-0.00391604	-0.00131149	-0.000127872	0
4202.44344529	3426.899238391	0.000618137	0.231991	0.030025	-0.00265883	-0.00136855	-0.0002917	0
4205.075090489	3426.172507501	0.00140853	0.276192	0.0506302	-0.00366574	-0.00147146	-0.000115297	0
4209.121197099	3441.50213642	-0.0329474	0.279553	0.0864442	-0.00496365	-0.00072992	0.000113478	0
4204.860814428	3442.131460541	-0.027246	0.286319	0.099956	-0.0052385	-0.00119363	6.76972e-05	0
4198.867548939	3432.998143551	-0.0194835	0.243619	0.0537991	-0.00421601	-0.00126602	-6.17634e-05	0
4200.157993592	3432.894052005	-0.0208036	0.286338	0.0383743	-0.00333346	-0.000755051	-0.000123576	0
4194.330642415	3427.26881113	-0.0424233	0.264026	0.0506042	-0.00358415	-0.000611056	-0.000521924	0
4198.463895937	3430.883366212	-0.0621977	0.223441	0.0427996	-0.00323565	-0.000410516	-0.000864802	0
4200.287038057	3429.628060358	-0.0884202	0.248936	0.0398167	-0.00302434	-0.000172426	-0.00067095	0
4220.328672993	3437.518486083	-0.0816838	0.304534	0.0675507	-0.00384008	-0.000801778	-0.000487146	0
4227.084713374	3438.763287285	-0.118546	0.357918	0.125754	-0.00435748	-0.000750684	-0.00097482	0
4210.430076675	3441.020832388	-0.105599	0.331663	0.08655	-0.00473269	-0.00163032	-0.00097482	0
4203.691274145	3433.291796309	-0.101464	0.261819	0.0312426	-0.00400618	-0.00132061	-0.00097482	0
4183.898630385	3440.678476246	-0.106893	0.262029	0.0495624	-0.00397944	-0.00134541	-0.0011716	0
4195.784607234	3428.914221541	-0.112659	0.254969	0.0412244	-0.0034097	-0.00142036	-0.00107786	0
4193.031578837	3438.374615179	-0.111859	0.27825	0.0402468	-0.00341711	-0.00131688	-0.000888574	0
4195.800408597	3431.708458838	-0.116686	0.330422	0.0747609	-0.00449724	-0.00110733	-0.000587219	0
4200.308824785	3431.273948254	-0.0959553	0.32632	0.0957879	-0.00520755	-0.00116719	-0.000267562	0
4213.348540555	3437.858932288	-0.0936019	0.289701	0.0608574	-0.00449877	-0.000896409	-0.000458909	0
4218.616140415	3430.183374435	-0.0703354	0.231751	0.0346433	-0.00424127	-0.00120878	-0.000349359	0
4189.541392911	3427.079249919	-0.0678865	0.264726	0.032023	-0.00364844	-0.000657402	-0.00054365	0
4191.293428897	3426.43416882	-0.0775592	0.234294	0.0276967	-0.00349136	-0.000686767	-0.000643917	0
4198.201736958	3431.966777768	-0.0956097	0.265512	0.0393204	-0.00382383	-0.000376306	-0.000659491	0
4209.969442999	3433.113217234	-0.0854457	0.296208	0.048306	-0.00439819	-0.000493661	-1.77349e-05	0
4200.564758984	3430.235420208	-0.0642719	0.340858	0.070912	-0.00514144	-0.000453345	0.000160899	0
4218.429397033	3433.128019242	-0.0643159	0.291822	0.047634	-0.00445491	-0.000513879	0.000265367	0
4210.977857262	3433.595476234	-0.0596433	0.261346	-0.0203811	-0.00332622	-0.00065252	2.13895e-05	0
4200.656454773	3430.138490924	-0.0532268	0.253937	0.028806	-0.00389039	-0.000649629	-6.5705e-05	0
4200.233169774	3426.575981615	-0.046292	0.2602	0.0228136	-0.00308782	-0.00084746	-0.00030942	0
4199.792646924	3432.049382528	-0.0542487	0.261867	0.0183166	-0.00340633	-0.000585446	-0.000470857	0
4195.858586343	3435.949473137	-0.0615842	0.321882	0.0374649	-0.00381266	-0.000549234	-0.000339208	0
4208.588739045	3423.500028664	-0.0441314	0.323243	0.0597014	-0.0041606	-0.000642492	0.000148495	0
4199.80964536	3426.431303915	-0.0272197	0.374086	0.0679449	-0.00494086	-0.00070186	0.000450826	0
4202.94861008	3435.844426622	-0.054924	0.287149	0.00412453	-0.0043168	-0.000600305	-0.000136877	0
4198.048272204	3433.230200852	-0.0607125	0.253808	0.025627	-0.00385295	-0.000548223	-0.000508898	0
4196.06328582	3434.326504481	-0.073063	0.242792	0.0263582	-0.00359797	-0.000353254	-0.000738194	0
4188.548780011	3425.308738658	-0.08089	0.226707	0.00433612	-0.00349099	-0.000325109	-0.000569908	0
4196.882083725	3430.925384818	-0.0668896	0.256263	0.0164717	-0.00267858	-0.000166723	-0.000635539	0
4199.202729369	3431.860298801	-0.0756539	0.334156	0.043122	-0.00360577	-0.000287781	-0.000159058	0
4206.395461965	3434.840277436	-0.0794299	0.340006	0.0413355	-0.00315889	-0.00032324	-0.000292255	0
4190.628813989	3428.518387173	-0.0850477	0.285665	0.0478445	-0.00401339	-0.000326881	-0.000452497	0
4216.745594205	3438.734160751	-0.0854992	0.215384	0.00787375	-0.0028327	-0.000479644	-0.000613122	0
4205.042769519	3436.48950772	-0.0786289	0.235112	0.000942425	-0.00203756	-0.000251477	-0.000963231	0
4200.62293673	3432.084238871	-0.0789635	0.200818	-0.0472581	-0.00177633	-0.000427206	-0.00111876	0
4227.007621875	3446.929698853	-0.0460453	0.264259	0.0601632	-0.00361249	-0.000538939	-0.000423745	0
4227.237220469	3441.343134195	-0.0411629	0.335053	0.0823078	-0.00361882	-0.000344482	-0.000393518	0
4206.123965817	3436.897279192	-0.048275	0.299482	0.0501542	-0.00359433	-0.000276227	-0.00073676	0
4201.610521923	3443.526669253	-0.0326095	0.237955	0.0508505	-0.00384012	-0.000633022	-0.000555161	0
4209.115451148	3437.503684074	-0.0265716	0.225918	0.0454871	-0.00330225	-0.000514883	-0.000607007	0
4210.57109187	3441.057598668	-0.0597158	0.239405	0.047746	-0.00346734	-0.000303135	-0.00103535	0
4204.952270803	3431.355120561	-0.0547297	0.219901	0.0381244	-0.00330483	-0.000451333	-0.000843097	0
4194.167122249	3439.570235513	-0.0810934	0.327237	0.0552418	-0.00331834	-0.000350339	-0.000963231	0
4211.358526464	3427.975965169	-0.091046	0.314842	0.0774397	-0.00479546	-0.000258226	-0.000820565	0
4207.337318971	3426.388807825	-0.088397	0.361406	0.0753544	-0.00528923	-0.000123934	-0.000963231	0
4214.179788019	3436.913991138	-0.0974048	0.254525	0.00549648	-0.00435437	-0.000211148	-0.00102876	0
4201.211657213	3434.549012099	-0.102534	0.242695	0.0342921	-0.00333541	-0.000289039	-0.00136925	0
4207.592774341	3436.726817347	-0.0928451	0.228443	0.0402649	-0.00352475	-0.00031678	-0.00122347	0
4203.120988586	3434.202836084	-0.0863025	0.254666	0.0416812	-0.00350111	-0.000503574	-0.00122347	0
4196.278040709	3436.034465317	-0.0871837	0.336261	0.0832341	-0.00479486	-0.000349195	-0.000941948	0
4200.862111908	3428.930456002	-0.0788541	0.331421	0.10287	-0.00479748	-0.000223393	-0.00056809	0
4198.978397896	3432.817654539	-0.0799844	0.336568	0.0873779	-0.00501703	-0.000326782	-0.000582648	0
4199.867104862	3427.95543335	-0.10792	0.240721	0.0407418	-0.00414631	-0.000515548	-0.00109255	0
4194.592561979	3426.463295354	-0.112797	0.223113	0.0565408	-0.00397931	-0.000530723	-0.00112036	0
4196.703241025	3434.610607556	-0.122591	0.2314	0.050528	-0.00353484	-0.000283724	-0.00130929	0
4183.850747466	3433.73967645	-0.125619	0.233246	0.050099	-0.00379943	-0.000259869	-0.00170938	0
4193.819252846	3433.649431944	-0.137302	0.29583	0.0782485	-0.00424955	-0.000323319	-0.00151864	0
4201.839162859	3432.288124607	-0.125261	0.360646	0.116386	-0.00585117	-6.54618e-05	-0.00119872	0
4185.575729604	3425.704095541	-0.131635	0.346182	0.101789	-0.00566046	-0.000185195	-0.00114147	0
4196.489443794	3432.66963445	-0.155987	0.271614	0.0623193	-0.00449327	-0.000219338	-0.00166471	0
4192.533117656	3428.292059682	-0.164111	0.21992	0.0523159	-0.0041875	-0.000371673	-0.00174133	0
4194.458968637	3426.856742301	-0.163945	0.220231	0.056853	-0.00437456	6.12247e-05	-0.00213243	0
4191.310666748	3429.284271764	-0.160935	0.234984	0.0359776	-0.00339727	-6.54452e-05	-0.00226904	0
4201.067050799	3431.212830281	-0.195018	0.258923	0.0808306	-0.00467596	-0.000114161	-0.00266043	0
4216.8308258	3436.536778652	-0.19334	0.341428	0.0994339	-0.00471154	-9.88646e-05	-0.00221759	0
4182.714006982	3424.011891682	-0.182636	0.328451	0.082839	-0.00484001	-0.000112019	-0.00217881	0
4207.366527552	3429.541158242	-0.218684	0.29293	0.0497687	-0.00414412	-0.000426148	-0.00292927	0
4189.4099543	3433.30230096	-0.174187	0.280632	0.0370766	-0.00353072	-0.000490694	-0.00256305	0
4192.531202339	3430.900555642	-0.153703	0.248565	0.0482323	-0.00373421	-0.000690566	-0.00216889	0
4185.125390756	3424.847966445	-0.146624	0.280493	0.0573374	-0.00368437	-0.000789374	-0.00219607	0
4196.358962841	3431.673602495	-0.138234	0.299176	0.0509624	-0.00348833	-0.000781504	-0.00195681	0
4207.174038219	3431.930488972	-0.116535	0.376086	0.0815779	-0.00494324	-0.000642158	-0.00147588	0
4196.855269291	3426.628027389	-0.0764711	0.381082	0.0924068	-0.00564823	-0.00118905	-0.000839557	0
4206.147907277	3431.677422368	-0.0886776	0.269318	0.0605407	-0.00430895	-0.000922213	-0.00109502	0
4207.84918737	3435.064694991	-0.109176	0.271609	0.0551576	-0.00409109	-0.000727358	-0.00147588	0
4198.266857727	3430.070210689	-0.104143	0.223096	0.0398535	-0.00394526	-0.000889219	-0.00153416	0
4197.941732711	3427.942541278	-0.0985277	0.291643	0.0552531	-0.00360051	-0.00107926	-0.00188085	0
4204.135867043	3430.04156164	-0.11081	0.297838	0.0641825	-0.00411596	-0.00108001	-0.00150595	0
4212.375080823	3441.812501123	-0.104094	0.378114	0.0861853	-0.00501359	-0.00067373	-0.00110535	0
4193.523096995	3435.623828941	-0.113354	0.383415	0.100789	-0.00565453	-0.000856717	-0.00110535	0
4216.410413776	3439.265123136	-0.112607	0.298162	0.0611172	-0.00426917	-0.000806467	-0.00114924	0
4210.636930882	3437.00041577	-0.112982	0.288259	0.0489474	-0.00370786	-0.000555348	-0.0015186	0
4190.800474252	3437.254914827	-0.116263	0.248035	0.0445473	-0.00403166	-0.000482889	-0.00176979	0
4189.985746394	3434.523227955	-0.125625	0.273806	0.0559268	-0.00402807	-0.000368611	-0.00154394	0
4200.898263511	3434.407199304	-0.124865	0.268385	0.0604685	-0.00402942	-0.000445436	-0.0016056	0
4207.750548558	3434.096357117	-0.107374	0.338685	0.0581505	-0.00391242	-0.000354728	-0.000851642	0
4201.485308092	3429.315308234	-0.0878161	0.358978	0.0826196	-0.00460698	-0.000116164	-0.000589859	0
4215.364172007	3438.140170457	-0.0732403	0.279038	0.0497736	-0.00352694	-0.000263136	-0.000477557	0
4210.209097006	3434.927657037	-0.0696951	0.258307	0.022279	-0.00263254	-0.000485816	-0.000774735	0
4186.52907851	3426.712064601	-0.063539	0.237123	-0.0050886	-0.00314904	-0.000195705	-0.000789702	0
4197.603200477	3428.810129994	-0.0452611	0.2557	0.0146831	-0.00251552	-0.000261848	-0.000832961	0
4188.277523278	3427.413011346	-0.0428409	0.287098	0.0128577	-0.00218155	-0.000623723	-0.000775377	0
4204.788271807	3437.940104595	-0.055393	0.319694	0.0238446	-0.00250059	-0.000548552	-0.000636386	0
4189.302217733	3434.556174361	-0.0522809	0.369924	0.0400593	-0.00304215	-0.000674019	-0.000417958	0
4198.349216347	3430.358611121	-0.0496903	0.314381	0.0264569	-0.00236494	-0.000855449	-0.000362602	0
4199.248936385	3426.035469548	-0.0516881	0.261235	0.0205904	-0.00284015	-0.000571837	-0.000712167	0
4194.267915792	3426.377348205	-0.035605	0.227926	0.00940042	-0.00274464	-0.000420891	-0.000850888	0
4199.335365053	3427.991244662	-0.051652	0.223615	0.0217938	-0.00253639	-0.000351884	-0.000951177	0
4200.187441587	3429.075133703	-0.047231	0.237827	0.0189593	-0.00225041	-0.000304031	-0.000848392	0
4203.948166003	3430.246402344	-0.0483847	0.23706	0.0221216	-0.00262735	-0.000156849	-0.0010827	0
4205.370288681	3432.051292464	-0.0808848	0.29543	0.0472934	-0.00350171	0.000247415	-0.00108175	0
4205.890776005	3434.373775413	-0.0859054	0.309119	0.0608156	-0.00400239	2.32228e-05	-0.000761511	0
4200.655497115	3428.92902355	-0.0836682	0.33255	0.0517137	-0.00344518	0.000198163	-0.000598744	0
4197.597454527	3433.491384687	-0.0933088	0.245276	0.00943907	-0.00345578	-9.2816e-05	-0.000807497	0
4203.784167007	3430.338079303	-0.0853589	0.212966	0.0272315	-0.002651	-9.79282e-05	-0.000891615	0
4194.881535392	3433.862867363	-0.0752055	0.224925	0.0325655	-0.00311622	-0.00011963	-0.000650326	0
4196.144447366	3433.100802645	-0.0694179	0.21419	0.00905258	-0.00291108	-0.000185575	-0.000826678	0
4190.050867163	3444.063361448	-0.0693774	0.261602	0.0288118	-0.00261306	-0.00034867	-0.00068945	0
4211.879732031	3441.359368656	-0.0642197	0.327768	0.0470618	-0.0031952	-0.000491144	-0.000508885	0
4185.02028775	3439.540154011	-0.0605253	0.354799	0.0346321	-0.00376416	-0.000501888	-0.000290184	0
4201.988557565	3435.217012437	-0.063378	0.343529	0.0473814	-0.00351914	-0.000405281	-0.000270339	0
4195.958182814	3431.17701897	-0.0642505	0.242306	0.0202471	-0.00247772	-0.000518955	-0.000556954	0
4193.393573701	3436.78793532	-0.0611085	0.243737	0.0311376	-0.00295817	-0.000332438	-0.000577824	0
4190.899591893	3434.640211573	-0.0565844	0.237508	0.0451473	-0.00313523	-0.000481843	-0.000532303	0
4206.224041117	3426.545900113	-0.0564667	0.217015	0.0319345	-0.00255979	-0.000352638	-0.000508422	0
4190.576621608	3423.377315235	-0.0642321	0.30189	0.0202053	-0.00219304	-0.00030196	-0.000501349	0
4206.455794442	3439.57214545	-0.0721493	0.320556	0.0486025	-0.00288409	-0.000469461	-0.00020967	0
4218.917563386	3448.539775436	-0.0677356	0.356411	0.0809646	-0.00277185	-0.000828554	-4.16549e-05	0
4200.197736414	3431.241956815	-0.0764432	0.233146	0.0557182	-0.00297853	-0.000554736	-0.000413814	0
4200.760121292	3432.95898985	-0.0721572	0.212282	0.0371697	-0.00290629	-0.000308052	-0.000682135	0
4195.184634266	3434.029986818	-0.0850738	0.213965	0.0356579	-0.00270392	-0.000363243	-0.000792049	0
4212.549374646	3440.500852139	-0.102914	0.206314	0.0457198	-0.0026041	-0.00017563	-0.000987752	0
4237.151857566	3445.352091192	-0.107054	0.294039	0.0612308	-0.00260263	-0.000187595	-0.000805456	0
4222.193952082	3435.951860558	-0.0892807	0.289597	0.0778522	-0.00333476	-6.65481e-05	-0.000583396	0
4213.369848454	3439.136202413	-0.0742479	0.235166	0.0190389	-0.00139849	-0.00052317	-0.00114596	0
4218.063092707	3443.593994519	-0.076474	0.236445	0.00268412	-0.000667621	-0.000381806	-0.00114596	0
4219.195284314	3431.720873426	-0.0739783	0.324309	-0.0328111	-0.000194178	-0.000436147	-0.00103406	0
4213.983468054	3436.633230452	-0.0866065	0.258618	-0.207558	-0.000706173	-0.000116393	-0.00114596	0
4199.166577765	3432.362612136	-0.112005	0.223432	-0.176572	-0.00120262	-0.00018365	-0.00102282	0
4194.375173529	3434.31838725	-0.166067	0.00975204	-0.353916	-0.00174742	0.000741139	-0.00124031	0
4192.452674353	3441.627714753	-0.184644	0.0207068	-0.161961	-0.000866788	0.000436778	-0.00162642	0
4194.000968522	3440.980723718	-0.121574	0.113837	-0.112419	-0.00070287	0.000396282	-0.000573223	0
4178.313566775	3430.875726465	-0.147056	0.0793338	-0.0799679	-0.00076221	0.00035798	-0.000934214	0
4195.620608239	3441.118239156	-0.176973	0.0722404	-0.0844456	-0.00113534	0.000251247	-0.00116708	0
4194.846102032	3433.414509738	-0.200422	0.100682	-0.0673147	-0.00166431	0.000706903	-0.00110337	0
4201.006478907	3437.540927838	-0.184991	0.115257	-0.0980312	-0.00228487	0.000913883	-0.0012222	0
4209.405142805	3430.677093055	-0.185723	0.131092	-0.0304665	-0.00201161	0.00071416	-0.0013561	0
4192.780193515	3432.546443537	-0.176528	0.0761123	-0.0575288	-0.00103302	0.000704754	-0.00165447	0
4196.547860955	3431.618691816	-0.147629	0.0875248	-0.0478325	-0.00116944	0.00109583	-0.00156697	0
4202.063015503	3431.50887046	-0.137638	0.0913455	-0.0718702	-0.00149228	0.00165473	-0.0015642	0
4199.17567552	3433.182452437	-0.150446	0.15469	-0.0144049	-0.000799748	0.000958755	-0.00162169	0
4204.739191816	3430.807923715	-0.161573	0.148919	-0.00475974	-0.00142983	0.000889985	-0.00147274	0
4212.267344256	3434.28162097	-0.172088	0.153806	0.031486	-0.00295019	0.00160713	-0.00117073	0
4207.869058781	3424.235354269	-0.175579	0.180856	0.0515485	-0.0036711	0.00167217	-0.00140611	0
4192.870692231	3422.258569851	-0.185983	0.10106	0.0337744	-0.00340715	0.00146785	-0.00117006	0
4195.378081257	3426.43989863	-0.173437	0.0875408	0.0316944	-0.00345772	0.00123061	-0.00172414	0
4185.118447733	3427.80502584	-0.165058	0.0784912	0.00403572	-0.00284642	0.00114006	-0.0018116	0
4198.792372757	3424.997418986	-0.169553	0.0715143	0.0233617	-0.00323177	0.00115535	-0.00169947	0
4194.01078452	3416.199295876	-0.179138	0.141111	0.0340331	-0.00358162	0.00134569	-0.00177821	0
4203.165040871	3429.576969553	-0.165397	0.159389	0.0532364	-0.00402982	0.00131821	-0.000995641	0
4204.768879225	3423.954116099	-0.149358	0.184569	0.0687064	-0.00393389	0.00161183	-0.000690734	0
4209.715184702	3428.967222283	-0.155964	0.146731	0.0429686	-0.00361079	0.00125904	-0.00105632	0
4208.146540293	3423.702481948	-0.155901	0.107508	-0.00267866	-0.00323061	0.00101342	-0.00129054	0
4202.445839436	3425.40662291	-0.154853	0.0926865	0.0183791	-0.00264007	0.00125331	-0.00136041	0
4201.640209333	3424.932003657	-0.177074	0.109708	0.0176057	-0.00304727	0.00117616	-0.00155759	0
4202.532028689	3428.30447427	-0.157128	0.147604	0.0180503	-0.00331637	0.00121493	-0.00131843	0
4215.095070006	3430.472252351	-0.140289	0.184458	0.0349433	-0.00336936	0.00107981	-0.00102487	0
4206.887219538	3430.889573506	-0.131301	0.189885	0.0485955	-0.00403814	0.001141	-0.0010228	0
4218.116482161	3426.339149473	-0.151027	0.109993	-0.0361443	-0.00274259	0.000916687	-0.00135565	0
4207.012912199	3429.39982293	-0.149564	0.113382	0.00974804	-0.00275371	0.000748283	-0.00126252	0
4211.276886088	3430.816995914	-0.149083	0.123772	0.0131213	-0.00276274	0.000695319	-0.00125378	0
4198.139010335	3428.486395735	-0.148519	0.142441	-0.0199487	-0.00231722	0.000991954	-0.00125378	0
4204.503607857	3432.124825025	-0.153156	0.193411	0.0270464	-0.00336643	0.000955325	-0.00112858	0
4217.856717328	3433.616963021	-0.153077	0.205563	0.0378835	-0.00315266	0.00126067	-0.000842693	0
4207.895394386	3429.37451627	-0.146172	0.177663	-0.022513	-0.00344925	0.00112294	-0.000998959	0
4203.734608186	3425.737519432	-0.152767	0.139452	0.0213552	-0.00302206	0.00076685	-0.00117057	0
4207.384962475	3435.350708002	-0.166437	0.115905	0.0198938	-0.00282166	0.000718126	-0.00155272	0
4198.212750029	3428.525071952	-0.167152	0.104091	-0.0352015	-0.00253011	0.000809822	-0.00166686	0
4202.662509642	3430.927294755	-0.194504	0.138643	0.00950927	-0.00223809	0.000767079	-0.00209805	0
4220.740705507	3428.893689722	-0.209063	0.163255	0.0376256	-0.00320913	0.000952348	-0.002064	0
4209.177698942	3427.451210078	-0.155679	0.190623	0.00404904	-0.00247059	0.00122016	-0.00116997	0
4211.50480878	3434.490759032	-0.167891	0.176997	0.0391537	-0.00296823	0.000664581	-0.00164001	0
4226.433505683	3435.485836019	-0.144971	0.149587	0.0353868	-0.00266636	0.000655762	-0.0013363	0
4234.284149579	3442.90402991	-0.134971	0.150098	0.168292	-0.00310556	0.00103411	-0.00163382	0
4218.143775424	3434.893278178	-0.126182	0.119457	0.311856	-0.00464502	0.0012194	-0.00142046	0
4216.916296809	3434.550444552	-0.14061	0.13527	0.213215	-0.00409407	0.00130622	-0.00133228	0
4199.080149097	3428.878887713	-0.147767	0.176404	0.196691	-0.00464206	0.00157015	-0.00101796	0
4191.558700265	3426.151498198	-0.133213	0.190617	0.200451	-0.00472703	0.00139535	-0.0007868	0
4207.343064922	3420.940236089	-0.138748	0.139502	0.148862	-0.00415264	0.00119124	-0.0013473	0
4195.826504788	3416.576030877	-0.155686	0.145509	0.141081	-0.00443563	0.00145987	-0.0013473	0
4190.242638252	3427.644113679	-0.169548	0.137394	0.14048	-0.00421169	0.00115126	-0.00168329	0
4198.388001511	3418.284946682	-0.171899	0.155951	0.135553	-0.00336577	0.00133313	-0.00182888	0
4206.674858794	3423.020157085	-0.164061	0.220402	0.147378	-0.00352574	0.00112658	-0.00115407	0
4200.80225826	3429.371173881	-0.155747	0.225477	0.172382	-0.00428654	0.00110277	-0.00107615	0
4212.035351516	3418.287334103	-0.155981	0.176723	0.157466	-0.00411725	0.00103719	-0.000941849	0
4219.071267555	3429.227928633	-0.163796	0.16312	0.120978	-0.00397902	0.000920675	-0.00141429	0
4202.487018746	3426.951761648	-0.149637	0.123141	0.0848111	-0.00312207	0.000790365	-0.0013265	0
4205.662853313	3422.368391208	-0.156291	0.127528	0.118633	-0.00354019	0.000701626	-0.00134039	0
4201.989754638	3425.794817531	-0.160845	0.216903	0.145917	-0.00352929	0.00094065	-0.0010406	0
4207.750069728	3438.896027881	-0.102205	0.25207	0.155575	-0.00470336	0.000911703	-0.000376348	0
4209.911744082	3433.256462481	-0.0986379	0.290974	0.0985612	-0.00422854	0.000651993	-0.000587746	0
4212.761017145	3428.731345108	-0.0614617	0.183986	0.117082	-0.00365308	0.000534946	-0.000342364	0
4198.248662218	3428.3216637	-0.0691365	0.150256	0.123083	-0.00402618	0.000601957	-0.00057079	0
4185.647793396	3424.596332293	-0.102551	0.175524	0.121926	-0.0035811	0.000555553	-0.000948274	0
4200.019372543	3426.952239132	-0.121028	0.179631	0.14473	-0.0034823	0.000481453	-0.000881543	0
4217.615866248	3435.579422914	-0.133765	0.218846	0.209671	-0.00428212	0.000566541	-0.000758125	0
4202.786765815	3433.562052343	-0.142878	0.2222	0.189674	-0.00442194	0.000675949	-0.000706836	0
4215.604304844	3429.492454857	-0.169878	0.182741	0.158786	-0.00399322	0.000375223	-0.00103734	0
4219.022905807	3428.180805873	-0.156179	0.151489	0.109892	-0.00388374	0.000779916	-0.00141338	0
4216.529163414	3437.656479005	-0.145102	0.154981	0.0837081	-0.00334889	0.000785378	-0.00130734	0
4214.000705904	3429.8739647	-0.14112	0.155174	0.12042	-0.00349147	0.00051597	-0.00121203	0
4216.670896852	3433.199641866	-0.140287	0.209577	0.129304	-0.00374086	0.000535092	-0.00107227	0
4217.301275474	3440.810261874	-0.145371	0.259336	0.163642	-0.00460181	0.000673887	-0.000774741	0
4207.08282126	3434.638301637	-0.150784	0.212362	0.166372	-0.00462157	0.000694338	-0.000655203	0
4211.607278225	3429.645727272	-0.161547	0.161571	0.124605	-0.00343949	0.000601771	-0.00119824	0
4205.382259411	3422.910813212	-0.168946	0.170389	0.108199	-0.00330751	0.000696672	-0.00147848	0
4203.924224543	3427.480336612	-0.175399	0.145671	0.118714	-0.00438712	0.000653374	-0.00123346	0
4208.88561314	3432.984296511	-0.171696	0.192163	0.166749	-0.00440935	0.000781875	-0.000656755	0
4221.609780477	3436.958397164	-0.166282	0.280776	0.190416	-0.00429801	0.000685678	-0.000332834	0
4197.534249075	3428.0805342	-0.154518	0.228454	0.207281	-0.00538126	0.000707813	-0.000356992	0
4211.901279344	3437.838400469	-0.150806	0.219815	0.157683	-0.00470399	0.000641296	-0.000651275	0
4203.742269453	3424.18951579	-0.158216	0.175347	0.126788	-0.00391438	0.00068328	-0.000919883	0
4199.588426277	3426.968473594	-0.169475	0.182949	0.133157	-0.0036322	0.000799682	-0.0010394	0
4188.625392681	3421.952025021	-0.188383	0.17686	0.136452	-0.00383078	0.000482923	-0.00130536	0
4210.699178676	3429.12765696	-0.182459	0.212564	0.203995	-0.004701	0.000972204	-0.000912555	0
4202.612232578	3424.171848876	-0.191787	0.275045	0.23038	-0.00533637	0.00118973	-0.000782571	0
4200.665313113	3420.74971991	-0.191866	0.206964	0.191077	-0.0049165	0.00145372	-0.000957864	0
4199.874526715	3426.395970087	-0.202288	0.206396	0.121389	-0.00380225	0.000810841	-0.00175965	0
4193.094305461	3424.340878268	-0.234727	0.160489	0.119201	-0.00368784	0.000780048	-0.00192881	0
4189.963002008	3419.810031085	-0.258308	0.161685	0.110387	-0.00365392	0.00071829	-0.002125	0
4190.118382078	3423.367765552	-0.254277	0.202699	0.12769	-0.00428922	0.000714542	-0.00201401	0
4204.344397153	3427.417308703	-0.256745	0.232309	0.147175	-0.00370847	0.00063816	-0.00181537	0
4198.607305278	3430.172392299	-0.204365	0.264484	0.194185	-0.00518343	0.000985103	-0.00115429	0
4201.0900346	3424.980229557	-0.229492	0.183775	0.149568	-0.00512433	0.000980647	-0.00127817	0
4197.210081717	3427.784971505	-0.237574	0.186778	0.163106	-0.00485364	0.000959234	-0.00161162	0
4198.712408284	3422.958084144	-0.270953	0.147881	0.148112	-0.00458766	0.00127611	-0.00224646	0
4200.378015602	3423.819465566	-0.304542	0.165957	0.10738	-0.00342142	0.00130377	-0.00256707	0
4194.650021481	3428.232374162	-0.325813	0.177156	0.115697	-0.00418921	0.00140622	-0.00259527	0
4219.268784593	3436.995163445	-0.327359	0.212749	0.194409	-0.00484973	0.00190436	-0.00244008	0
4204.203621373	3426.713974537	-0.337415	0.271777	0.220397	-0.00612874	0.00205409	-0.00237848	0
4198.015232991	3433.530060904	-0.310292	0.173802	0.161318	-0.00545554	0.00175823	-0.00230688	0
4207.05935863	3432.024075867	-0.325966	0.147092	0.142244	-0.00452775	0.00147148	-0.00233442	0
4200.720139055	3432.332530634	-0.342176	0.17069	0.149662	-0.00458395	0.00175902	-0.00251233	0
4184.251288079	3425.016995837	-0.34826	0.154312	0.134845	-0.00499947	0.00186899	-0.00272756	0
4194.053160903	3419.619514906	-0.357372	0.19557	0.155727	-0.00444583	0.00133438	-0.00252283	0
4200.753657098	3427.886198147	-0.348131	0.2524	0.215323	-0.00568707	0.00181711	-0.00243938	0
4192.22570932	3425.586156954	-0.31532	0.259174	0.190396	-0.00575411	0.00150965	-0.00217422	0
4195.889949655	3425.638202727	-0.334086	0.2252	0.161327	-0.00473267	0.00134359	-0.00248352	0
4193.354309708	3417.562990634	-0.350793	0.16747	0.125533	-0.00370687	0.00106409	-0.0029132	0
4185.94203393	3414.64747236	-0.364901	0.172133	0.114938	-0.00331619	0.00121735	-0.00309051	0
4188.84325996	3419.144895652	-0.368144	0.15906	0.117477	-0.00399451	0.00126105	-0.00329031	0
4190.105214276	3416.569346099	-0.390542	0.201421	0.140084	-0.00412046	0.000778427	-0.00338035	0
4200.50562358	3423.620832156	-0.362356	0.271066	0.195302	-0.00525818	0.000882118	-0.00276377	0
4195.846855028	3427.092141991	-0.336846	0.234528	0.168832	-0.00520454	0.000849408	-0.00260514	0
4203.454014284	3431.156009667	-0.326552	0.212119	0.110328	-0.00416073	0.000861645	-0.00279696	0
4198.964990678	3417.066884593	-0.332756	0.170938	0.0954451	-0.00394822	0.000794851	-0.00273464	0
4201.783618674	3421.592956934	-0.345476	0.174186	0.094614	-0.00389487	0.000763777	-0.00268415	0
4203.863173822	3426.671000963	-0.349972	0.177518	0.0928032	-0.00415046	0.00106721	-0.00291346	0
4204.512226782	3432.184033061	-0.361112	0.229513	0.139206	-0.00450602	0.00115689	-0.00279413	0
4199.622901978	3424.287877526	-0.352748	0.248437	0.154003	-0.00506527	0.00112795	-0.00290299	0
4213.502484138	3418.85649522	-0.365352	0.200847	0.100211	-0.00438745	0.0012265	-0.00324866	0
4203.690077072	3427.244459438	-0.361604	0.184595	0.0701141	-0.00414437	0.00109892	-0.00347098	0
4202.172906801	3422.003115826	-0.384783	0.153508	0.089089	-0.00414472	0.00132638	-0.0041572	0
4199.541261602	3425.432407055	-0.405084	0.170568	0.0838823	-0.00399827	0.00127604	-0.00467434	0
4202.760669625	3428.445809581	-0.398807	0.183079	0.0784544	-0.00355577	0.00174041	-0.00432295	0
4216.815024437	3437.437313776	-0.37789	0.234765	0.144728	-0.00430959	0.00166939	-0.00315495	0
4197.670475978	3426.480484784	-0.333419	0.279662	0.15521	-0.00530391	0.00155398	-0.00290591	0
4200.722772615	3434.648328804	-0.322804	0.181381	0.0699927	-0.00395502	0.00131562	-0.00274872	0
4195.698417981	3429.473832975	-0.333781	0.159884	0.121209	-0.00464959	0.00123027	-0.00304098	0
4193.665788092	3424.460249308	-0.347212	0.159721	0.116993	-0.00464541	0.00127293	-0.00324548	0
4193.55876977	3426.912130463	-0.32819	0.190234	0.114523	-0.00433201	0.00122585	-0.00275981	0
4188.233710408	3428.505495101	-0.322102	0.281984	0.160578	-0.00460739	0.00108108	-0.00255716	0
4195.684771349	3415.2008765	-0.324323	0.239291	0.187598	-0.00508202	0.00102979	-0.00199959	0
4203.129368097	3419.266176628	-0.33973	0.203828	0.11982	-0.00435174	0.0011813	-0.00252996	0
4188.52579621	3420.291335117	-0.348192	0.201591	0.0796837	-0.00351857	0.000764273	-0.00344296	0
4196.109492836	3415.313562761	-0.366985	0.172346	0.123063	-0.00414547	0.00105451	-0.00340078	0
4190.671908616	3414.26978239	-0.383687	0.193546	0.121369	-0.00414547	0.000880431	-0.00379085	0
4195.428118906	3412.950971144	-0.396149	0.194408	0.134931	-0.00432172	0.00145526	-0.00337148	0
4195.777185382	3418.881324396	-0.440917	0.258004	0.163262	-0.00446735	0.00140237	-0.003914	0
4197.490675619	3420.093179191	-0.427121	0.221179	0.158973	-0.00516089	0.00154488	-0.00395946	0
4203.765253254	3423.032571673	-0.417805	0.188913	0.079235	-0.00395868	0.00132411	-0.00429954	0
4184.088246742	3418.587194154	-0.410708	0.195128	0.0824397	-0.003906	0.00143848	-0.00423417	0
4188.421650863	3425.485407797	-0.423646	0.167206	0.0800021	-0.00347047	0.00140563	-0.00423402	0
4187.236788045	3415.294463395	-0.461442	0.18953	0.102083	-0.00420562	0.00184336	-0.00465734	0
4194.998609128	3423.489524013	-0.486885	0.218987	0.139489	-0.0048565	0.00220561	-0.00474078	0
4187.182680347	3419.675858036	-0.497038	0.24289	0.175339	-0.00516439	0.00224063	-0.00486708	0
4205.807938556	3421.026660722	-0.465104	0.206781	0.0932164	-0.00436569	0.00205504	-0.00484338	0
4205.716003352	3430.077850436	-0.403067	0.16309	0.102637	-0.00444001	0.00113714	-0.00399667	0
4185.440220945	3434.563336624	-0.37579	0.19308	0.115505	-0.00398807	0.00146728	-0.00381274	0
4210.798296318	3432.502514994	-0.354642	0.199966	0.162008	-0.00427986	0.00164406	-0.00339057	0
4207.520710549	3430.184329403	-0.332883	0.209611	0.179275	-0.00424105	0.00175707	-0.00321661	0
4196.614418211	3421.078229011	-0.33275	0.240803	0.16365	-0.00410896	0.00177359	-0.00320911	0
4195.834644884	3426.935049703	-0.358717	0.262488	0.219847	-0.00498477	0.00217788	-0.00317406	0
4195.569134101	3426.247949998	-0.345335	0.263251	0.237107	-0.00522409	0.00147587	-0.00301574	0
4202.60505014	3428.317843827	-0.361124	0.183897	0.17124	-0.00470317	0.0018284	-0.00310279	0
4195.413035787	3417.976969399	-0.366103	0.154659	0.144822	-0.00448772	0.00161985	-0.00331882	0
4192.245580731	3423.194916287	-0.379859	0.178498	0.13451	-0.00322822	0.00141732	-0.0035789	0
4190.900788966	3417.567765475	-0.387246	0.182214	0.132157	-0.00366333	0.00145719	-0.0035789	0
4202.915570866	3411.845117832	-0.390857	0.249999	0.173143	-0.00442018	0.00186603	-0.0033636	0
4186.763465396	3416.740762912	-0.35338	0.289783	0.188617	-0.00492122	0.00170642	-0.00260277	0
4192.139998896	3419.675380552	-0.317132	0.28468	0.195695	-0.00463639	0.00139782	-0.0025505	0
4208.376138887	3425.264332631	-0.303771	0.234965	0.120365	-0.00330674	0.00104854	-0.00220692	0
4201.639251674	3423.355828448	-0.309107	0.192339	0.140856	-0.00374691	0.0014223	-0.00244036	0
4191.982224679	3416.98045996	-0.307794	0.163589	0.144162	-0.0041095	0.00144931	-0.00258717	0
4190.486362307	3416.687762171	-0.316398	0.19335	0.161543	-0.00416415	0.00140688	-0.00237837	0
4204.300344868	3427.88428821	-0.324949	0.223401	0.196621	-0.00435439	0.00155954	-0.002348	0
4207.379934769	3426.507701381	-0.342757	0.255609	0.233634	-0.00491169	0.00217275	-0.00199728	0
4189.017793197	3419.842022524	-0.34292	0.22529	0.210198	-0.00491169	0.00223628	-0.00226596	0
4198.388240926	3427.894792862	-0.343942	0.219539	0.181814	-0.00459001	0.00196934	-0.00255148	0
4201.590889927	3423.066473048	-0.329721	0.194273	0.130702	-0.00350723	0.00189271	-0.00268811	0
4192.632474712	3424.619251533	-0.345089	0.191587	0.109511	-0.00276696	0.00181602	-0.00314913	0
4189.932596355	3421.267312738	-0.354826	0.186601	0.111774	-0.00308879	0.00192822	-0.00324347	0
4195.572485905	3427.539067164	-0.372917	0.262161	0.170177	-0.00349318	0.00207619	-0.00310678	0
4190.822739809	3428.108705765	-0.35529	0.28584	0.194867	-0.00406887	0.00216801	-0.00263193	0
4194.949529136	3427.154692416	-0.349201	0.289867	0.152733	-0.00379793	0.00184496	-0.00269898	0
4205.371485754	3426.80612898	-0.327079	0.217572	0.12018	-0.00430198	0.00173088	-0.00267902	0
4193.122556382	3424.659360202	-0.335334	0.176431	0.114807	-0.0036009	0.00166517	-0.00282525	0
4192.031544085	3424.234399301	-0.343038	0.195254	0.123463	-0.00353032	0.00159794	-0.00289438	0
4190.389159982	3421.436819614	-0.35052	0.160081	0.117162	-0.00328472	0.0015884	-0.00323565	0
4189.560546078	3429.792314909	-0.350041	0.233573	0.162274	-0.00411575	0.00170447	-0.00308823	0
4193.924595267	3428.147381982	-0.348647	0.266064	0.206068	-0.00464782	0.00197675	-0.00255256	0
4193.473538175	3421.985448913	-0.339542	0.256531	0.186405	-0.00480063	0.00173329	-0.00261409	0
4204.858420283	3420.708656272	-0.367314	0.199174	0.132424	-0.00431722	0.00176303	-0.00326242	0
4190.32284214	3424.518024891	-0.368853	0.192761	0.0768706	-0.0033317	0.00168162	-0.00330381	0
4183.347497993	3426.678163225	-0.38564	0.189318	0.0831793	-0.002718	0.00130077	-0.00374856	0
4194.578197104	3422.461023135	-0.385653	0.186593	0.0999491	-0.00333352	0.00160555	-0.00368629	0
4197.169141822	3425.352189716	-0.411046	0.212357	0.106018	-0.00419583	0.00217304	-0.00391807	0
4198.233339684	3421.150806603	-0.425027	0.268645	0.154335	-0.00498148	0.00240359	-0.00413889	0
4193.268599284	3418.689375764	-0.430794	0.238791	0.178974	-0.00498148	0.00279949	-0.00421012	0
4196.790627351	3417.732020026	-0.452294	0.205417	0.110581	-0.00429134	0.00255861	-0.00466352	0
4199.554908234	3425.500209806	-0.45206	0.151272	0.0728054	-0.00321807	0.00222789	-0.00492939	0
4184.828037832	3414.691400903	-0.460063	0.158903	0.0907953	-0.00374258	0.00248638	-0.00514212	0
4196.804513397	3419.648163955	-0.44546	0.16667	0.097738	-0.00312128	0.00216901	-0.00514212	0
4206.468244001	3428.434827446	-0.423156	0.193975	0.113626	-0.00361298	0.00262065	-0.00446691	0
4194.574605885	3426.567864385	-0.429111	0.272928	0.170079	-0.00473832	0.00253453	-0.0046705	0
4191.167975651	3418.987803364	-0.410816	0.245551	0.189024	-0.00473832	0.00247733	-0.00418455	0
4203.224894519	3414.980756303	-0.397304	0.226837	0.140136	-0.00451782	0.00207932	-0.0042151	0
4190.967825052	3419.199328846	-0.399749	0.16793	0.098667	-0.00425618	0.00191385	-0.0041902	0
4189.070464408	3413.510105094	-0.417439	0.175461	0.138128	-0.0042587	0.00203353	-0.00455786	0
4187.408687722	3417.4856382	-0.429457	0.188474	0.120342	-0.00359165	0.00182695	-0.00467305	0
4205.413622722	3425.276747219	-0.462132	0.249842	0.163569	-0.00439264	0.00198177	-0.00508932	0
4186.62604142	3414.010508492	-0.454207	0.244918	0.185616	-0.00493122	0.00250585	-0.00447717	0
4196.59765919	3420.239766828	-0.453741	0.272679	0.188841	-0.00472556	0.00253598	-0.00514212	0
4209.649824518	3426.498151697	-0.451128	0.17374	0.172895	-0.00394852	0.00208763	-0.00514212	0
4231.369516332	3434.842664857	-0.432603	0.04184	0.224428	-0.00480258	0.00119899	-0.0042315	0
4206.261868623	3429.597501372	-0.401164	0.103671	0.170168	-0.00403853	0.0011797	-0.00410997	0
4206.305681493	3422.146838558	-0.411041	0.196383	0.169408	-0.00374953	0.000926612	-0.00439241	0
4208.060829869	3423.898250453	-0.398204	0.249175	0.217123	-0.00499826	0.00118229	-0.00387305	0
4195.623002384	3424.986436851	-0.37003	0.315508	0.20425	-0.00471834	0.00156404	-0.0040353	0
4211.136828551	3434.814015807	-0.376622	0.166765	0.155577	-0.00379661	0.00106793	-0.00370967	0
4217.072873953	3435.904112142	-0.433901	0.118096	0.0840091	0.000251657	-0.0011083	-0.00422134	0
4210.837320896	3434.607742651	-0.252931	0.208245	0.170251	-0.00172139	-0.000313444	-0.00134646	0
4216.781506394	3446.740137642	-0.272404	0.295029	0.245819	-0.00395306	-0.000170443	-0.00209562	0
4216.045545937	3436.638005294	-0.301014	0.241411	0.291036	-0.00495626	0.000472122	-0.00241653	0
4215.074719765	3436.250288157	-0.296747	0.166178	0.272928	-0.00392231	0.000157025	-0.00218379	0
4203.238780566	3428.070984517	-0.317326	0.197463	0.289647	-0.00393935	0.000438066	-0.00240397	0
4207.880071852	3426.884436382	-0.318842	0.244722	0.321786	-0.00438463	0.000671662	-0.00209841	0
4192.540539509	3427.931081658	-0.303324	0.319721	0.33113	-0.00508418	0.000589413	-0.00227497	0
4199.47183137	3431.150279857	-0.312458	0.23931	0.267106	-0.00461165	0.000500828	-0.00210171	0
4213.27527969	3426.736893777	-0.296383	0.246408	0.199983	-0.00401562	0.000426232	-0.00226961	0
4210.000566896	3434.230530165	-0.266747	0.205774	0.0896959	-0.00306153	9.616e-05	-0.00191295	0
4218.139226547	3434.143150564	-0.295704	0.290879	0.101191	-0.00357027	0.000467875	-0.00242733	0
4194.784093653	3428.208499954	-0.278275	0.267373	0.139432	-0.0038068	0.000458294	-0.00226875	0
4186.580073819	3422.465797976	-0.282643	0.331689	0.165041	-0.00448889	0.000748748	-0.00257401	0
4200.083535654	3418.594356417	-0.319749	0.234404	0.129479	-0.00301109	0.000449386	-0.00273818	0
4197.134187291	3420.476121487	-0.354162	0.206661	0.0877133	-0.0028574	0.000645657	-0.00321853	0
4193.075870537	3422.346426937	-0.39095	0.152345	0.066648	-0.00309357	0.000574054	-0.00352937	0
4184.279060172	3414.371009032	-0.410955	0.156357	0.075029	-0.00297399	0.00090069	-0.00410229	0
4183.452840414	3413.192100644	-0.43172	0.163551	0.0610543	-0.00201919	0.000807978	-0.00467644	0
4191.77321574	3416.034086357	-0.416205	0.230158	0.104552	-0.00304086	0.000941522	-0.00404558	0
4188.290930495	3421.770581041	-0.389572	0.276778	0.10213	-0.00344874	0.00109161	-0.00344574	0
4184.498124524	3415.788659499	-0.385906	0.249899	0.0996578	-0.00361677	0.00122162	-0.0037394	0
4200.067973705	3428.662587389	-0.410933	0.245702	0.058519	-0.00317281	0.000946031	-0.00429917	0
4191.589345333	3424.480781126	-0.437333	0.165003	0.0240311	-0.00204826	0.000813054	-0.0048243	0
4193.618144588	3417.764011464	-0.42864	0.192303	0.0336073	-0.00231325	0.000818973	-0.00499379	0
4189.304372464	3420.836144542	-0.432411	0.16738	0.0338816	-0.00247776	0.000790788	-0.00474379	0
4190.27902927	3428.968177251	-0.456194	0.235778	0.0570341	-0.00292646	0.00135284	-0.00516756	0
4199.226191999	3425.950477367	-0.441883	0.233105	0.0787355	-0.00362269	0.00146908	-0.00474379	0
4199.800308191	3423.767419793	-0.473913	0.2721	0.0773123	-0.00433311	0.00158049	-0.00550355	0
4205.427508768	3434.160339994	-0.508271	0.174291	0.034806	-0.00340346	0.00162628	-0.00592993	0
4190.769589769	3429.619943128	-0.464408	0.178381	0.0371288	-0.00284165	0.00195916	-0.00589251	0
4216.347447738	3426.738326229	-0.437943	0.169779	0.0734843	-0.00298959	0.000993528	-0.00531319	0
4203.109496686	3431.95436318	-0.407679	0.190424	0.0888741	-0.00376329	0.00122291	-0.00437994	0
4201.283721005	3421.422495089	-0.407411	0.244361	0.0581762	-0.00310314	0.00128237	-0.00429913	0
4190.60176014	3424.090199085	-0.423498	0.29515	0.109318	-0.00444535	0.00136363	-0.0042094	0
4204.656114952	3423.689589875	-0.428973	0.22105	0.0689305	-0.00361017	0.00114293	-0.00455263	0
4191.957325562	3421.981151555	-0.434327	0.219518	0.0654219	-0.00374038	0.00112228	-0.00493722	0
4194.196809658	3425.272927346	-0.429184	0.172285	0.0391616	-0.00284686	0.00112206	-0.00468419	0
4186.497475784	3421.123112522	-0.435948	0.205934	0.0664464	-0.00345574	0.00102604	-0.0046785	0
4201.215966675	3418.602951132	-0.429388	0.177971	0.0692648	-0.00331358	0.00102509	-0.00463601	0
4209.432436069	3427.431155744	-0.446932	0.277768	0.105511	-0.00419873	0.00121315	-0.00453874	0
4194.406536841	3418.204251859	-0.428247	0.255017	0.124051	-0.00484404	0.00122851	-0.00412469	0
4201.499194138	3423.76359992	-0.437772	0.228742	0.0852032	-0.00441598	0.0012345	-0.00430043	0
4197.734160259	3428.037083141	-0.450855	0.192171	0.0534524	-0.00351619	0.00120887	-0.00453956	0
4189.589754658	3418.397155459	-0.459915	0.19469	0.0663808	-0.00396137	0.00138476	-0.00480585	0
4187.215719561	3414.084041053	-0.470908	0.199317	0.0711846	-0.00395834	0.00134509	-0.0050793	0
4189.490397603	3421.164653644	-0.480483	0.216816	0.0763167	-0.00355321	0.00133647	-0.00488435	0
4200.332766244	3411.408219827	-0.473821	0.255106	0.121206	-0.00481269	0.00151302	-0.00467165	0
4188.141775204	3426.401699897	-0.458768	0.269084	0.120185	-0.00499794	0.00176611	-0.00468632	0
4198.389677413	3413.803280367	-0.477382	0.216524	0.0905988	-0.0046202	0.00155188	-0.00521226	0
4188.697935302	3417.04826271	-0.486869	0.19099	0.0825892	-0.00419312	0.00149747	-0.0051371	0
4177.075314504	3414.632670351	-0.477847	0.164895	0.0601174	-0.00380477	0.00149144	-0.0052062	0
4175.354641829	3418.283036745	-0.48735	0.170768	0.0801653	-0.00420365	0.00141022	-0.00506873	0
4182.189689025	3419.163995018	-0.476912	0.202673	0.0906551	-0.00411782	0.00125023	-0.00480898	0
4189.449218293	3417.312788934	-0.451027	0.252531	0.123156	-0.0046565	0.00132431	-0.00461589	0
4175.344347002	3420.247884059	-0.449492	0.278014	0.117524	-0.00517447	0.000859903	-0.00490959	0
4193.736654812	3419.79570656	-0.462023	0.181005	0.0756129	-0.00451814	0.000782131	-0.00510334	0
4187.751050589	3410.686263778	-0.491089	0.182515	0.0701574	-0.00417729	0.00118165	-0.00567675	0
4190.918505646	3420.122783209	-0.496485	0.160232	0.0718697	-0.00429317	0.00120642	-0.00618615	0
4195.56075459	3431.58240302	-0.480567	0.175954	0.0898624	-0.00422323	0.00143411	-0.00600405	0
4203.837795876	3423.120906242	-0.494015	0.182504	0.0993697	-0.00412555	0.0010971	-0.00550533	0
4199.127792601	3426.684370519	-0.465636	0.273973	0.126079	-0.0044624	0.00106984	-0.00504696	0
4189.691027031	3422.448608547	-0.455089	0.240002	0.115291	-0.00473998	0.00128594	-0.00491707	0
4213.309994806	3434.56285914	-0.416946	0.186457	0.097276	-0.00441155	0.000822156	-0.00464271	0
4208.625608892	3431.958660538	-0.420893	0.1654	0.0682056	-0.00310743	0.000815769	-0.00498392	0
4221.547293268	3436.362974418	-0.428527	0.0856546	0.0375204	-0.00125605	0.000519144	-0.00516008	0
4217.007753184	3437.987853011	-0.443747	0.165916	0.010414	0.000144627	0.000100609	-0.00616841	0
4200.062706584	3427.067312815	-0.46508	0.26521	0.0361698	-0.00115108	0.000520678	-0.00616841	0
4207.728283001	3431.168424255	-0.44023	0.260865	0.0411422	-0.00188108	0.000506033	-0.00530064	0
4196.736998482	3439.063147336	-0.407877	0.293517	0.0880807	-0.00335041	0.000427919	-0.00432821	0
4194.862621639	3433.466555511	-0.401323	0.259454	0.102016	-0.00273778	0.000583395	-0.00425919	0
4203.231837542	3431.592430188	-0.432013	0.168386	0.0738851	-0.00216705	0.000276928	-0.00475544	0
4205.569721036	3433.978896013	-0.410997	0.154378	0.0457924	-0.00204666	0.000256927	-0.00444246	0
4204.368578027	3432.241808644	-0.397764	0.112284	0.0403949	-0.00213437	0.000543515	-0.00443117	0
4193.669379311	3422.106252405	-0.415415	0.145145	0.0361083	-0.00178153	0.000577396	-0.0048103	0
4187.599501153	3418.120692131	-0.415797	0.200944	0.0635421	-0.00237514	0.000576239	-0.00455654	0
4208.494409696	3423.474722004	-0.405102	0.282813	0.0988891	-0.00259931	0.000851541	-0.004326	0
4188.701047692	3417.70146104	-0.390327	0.30258	0.0859177	-0.00266568	0.000650959	-0.00420944	0
4198.789260368	3422.079035808	-0.386044	0.22884	0.0573662	-0.00322602	0.000373879	-0.00434435	0
4191.288401191	3419.874968931	-0.392435	0.189021	0.0604172	-0.00318913	0.000380557	-0.00439356	0
4191.877121673	3422.683053269	-0.410865	0.163153	0.0516461	-0.00255407	0.000367179	-0.00476558	0
4184.907044648	3409.646780765	-0.44012	0.168459	0.0627538	-0.0025891	0.000550056	-0.00498818	0
4195.304102147	3420.679529738	-0.428985	0.213208	0.104621	-0.0036264	0.000615124	-0.00498818	0
4193.816140456	3420.602177304	-0.42786	0.237601	0.137704	-0.00384341	0.000638846	-0.00433321	0
4191.211788521	3416.976640087	-0.422883	0.225065	0.133247	-0.00376822	0.000674049	-0.00428792	0
4195.354379212	3419.978582993	-0.437987	0.194876	0.0852163	-0.00324033	0.000817542	-0.00467809	0
4188.81093899	3415.47877228	-0.449402	0.155531	0.0555425	-0.00336764	0.00084572	-0.00477759	0
4189.325201534	3424.582962736	-0.463643	0.16232	0.0792729	-0.00296857	0.000781254	-0.00492027	0
4193.850137328	3413.374499593	-0.460179	0.17068	0.0610657	-0.00261436	0.000766461	-0.00505268	0
4202.614866138	3428.976294482	-0.46612	0.23303	0.101072	-0.00341425	0.00110704	-0.00473744	0
4193.41751516	3423.744023069	-0.463859	0.260221	0.110334	-0.0038354	0.00119031	-0.00465372	0
4202.145613537	3426.796579297	-0.459462	0.261779	0.0938412	-0.00304816	0.000924382	-0.0047212	0
4217.949849604	3431.509347944	-0.474058	0.222786	0.0489853	-0.00285577	0.000825868	-0.00508201	0
4197.185182599	3442.011612017	-0.462028	0.178338	0.0354176	-0.00252247	0.000921986	-0.00503458	0
4187.878419153	3426.708722211	-0.477781	0.179731	0.0645526	-0.00305737	0.00096189	-0.00543378	0
4200.334681561	3430.045381513	-0.496851	0.170691	0.0628603	-0.00262586	0.00110131	-0.00514072	0
4207.699313835	3430.773544855	-0.471768	0.272681	0.107008	-0.00341305	0.000664676	-0.00501264	0
4194.886323684	3429.42274217	-0.477447	0.263699	0.118552	-0.00395671	0.0008546	-0.00478943	0
4190.683400516	3424.75103716	-0.484701	0.235271	0.0912839	-0.00387866	0.000628436	-0.00540339	0
4199.548204625	3427.096439348	-0.499566	0.177048	0.0311175	-0.00193115	0.000191865	-0.00582138	0
4188.985951057	3422.271939408	-0.506375	0.212094	0.028417	-0.00195167	0.000578495	-0.00569813	0
4198.586476208	3428.508360006	-0.506321	0.172424	0.0337991	-0.0024254	0.000573371	-0.0058727	0
4195.602652144	3433.02440518	-0.535077	0.212456	0.0529241	-0.00262459	0.000662723	-0.00623531	0
4200.929387408	3419.228932864	-0.537361	0.221913	0.0882727	-0.00338964	0.000804335	-0.00594185	0
4182.686474304	3415.506466362	-0.513794	0.30603	0.100414	-0.00402445	0.00108188	-0.00530047	0
4198.917347175	3418.075331136	-0.496501	0.214501	0.0586556	-0.00329773	0.00124449	-0.00565102	0
4197.215348838	3426.905445685	-0.49676	0.178158	0.031712	-0.00293506	0.00130682	-0.00605849	0
4191.411460291	3410.920231016	-0.526706	0.14782	0.0343074	-0.00292417	0.00124449	-0.00645528	0
4196.594307385	3419.748913113	-0.561201	0.150734	0.0339653	-0.0025729	0.00090148	-0.00767995	0
4194.795106724	3414.793582513	-0.602434	0.175721	0.0487509	-0.00251389	0.00117088	-0.00844372	0
4199.57765262	3416.760817247	-0.588377	0.193651	0.061477	-0.00341871	0.00148326	-0.0075414	0
4190.319011507	3406.881670001	-0.576692	0.273754	0.0795654	-0.00356095	0.00136655	-0.00798773	0
4199.202250539	3412.455820071	-0.595727	0.190699	0.0402189	-0.00259597	0.00118989	-0.0087091	0
4201.208544823	3418.806359383	-0.584128	0.19253	0.0368019	-0.00230842	0.00143583	-0.00849067	0
4214.803463032	3425.349324811	-0.566781	0.174892	0.0221572	-0.00142211	0.00132054	-0.00891908	0
4201.702457127	3424.944895729	-0.575643	0.180254	0.0426482	-0.00196704	0.000615771	-0.00912254	0
4204.750204887	3420.341470954	-0.553951	0.203568	0.0497483	-0.00237054	0.000615771	-0.00797191	0
4204.667128023	3423.68099516	-0.532122	0.286814	0.0663423	-0.00307644	0.000947148	-0.0072164	0
4193.896344345	3421.039552794	-0.493396	0.275894	0.0546846	-0.00317673	0.000931633	-0.00666405	0
4206.654987383	3434.534687574	-0.507506	0.215956	0.0465327	-0.00273791	0.00047037	-0.00666405	0
4202.077380378	3429.75793605	-0.504392	0.201236	0.0185748	-0.00134494	0.000205541	-0.00666405	0
4197.951309295	3427.998406924	-0.504294	0.196269	0.0360146	-0.00227452	0.000588358	-0.00666405	0
4198.738983303	3427.544796974	-0.5048	0.20822	0.0484423	-0.00254153	0.000205541	-0.00666405	0
4205.50890973	3419.02647958	-0.451337	0.269861	0.0733159	-0.00282667	0.000205541	-0.00559161	0
4214.619592625	3430.340466723	-0.432001	0.290665	0.111453	-0.00397776	-0.00020132	-0.00559161	0
4193.607370932	3432.366432009	-0.458231	0.228125	0.102324	-0.00394679	0.000205541	-0.00536834	0
4200.601628831	3426.989482897	-0.460471	0.24375	0.0881935	-0.00385198	0.000125602	-0.00600369	0
4186.770647834	3418.493129775	-0.49128	0.183485	0.0410587	-0.00268463	-0.000185806	-0.0066044	0
4189.25098301	3417.444574562	-0.532753	0.19765	0.0614873	-0.00327578	-4.44592e-05	-0.00729647	0
4174.084068588	3422.002638342	-0.540147	0.172704	0.0514873	-0.00320371	0.000205541	-0.00791089	0
4185.715068897	3419.001650404	-0.561039	0.283792	0.115783	-0.0043184	0.000826009	-0.00777222	0
4195.380714817	3425.052807149	-0.550943	0.271604	0.149117	-0.00459602	0.000916811	-0.00746777	0
4199.540064529	3431.697476703	-0.565666	0.308653	0.118189	-0.00463123	0.000711351	-0.00795582	0
4208.963662297	3430.338079303	-0.501341	0.208729	0.0397765	-0.00313933	0.00112836	-0.00700189	0
4189.191368777	3426.180147248	-0.507692	0.203933	0.152119	-0.00463661	0.000956591	-0.007331	0
4207.080187699	3423.598390401	-0.488259	0.0419459	0.00613478	3.54491e-05	0.000205541	-0.00716751	0
4214.753904212	3424.177578686	-0.451079	0.241242	0.0834493	-0.00102691	0.000579598	-0.00582165	0
4208.25116447	3423.592183107	-0.430632	0.22001	0.149075	-0.00283129	0.000507973	-0.00519973	0
4195.263641081	3425.228521319	-0.429131	0.226109	0.133601	-0.00245299	0.000493332	-0.00536989	0
4196.175331849	3423.878673602	-0.433569	0.223699	0.167121	-0.00365371	0.000668836	-0.00513996	0
4194.613391049	3417.893409672	-0.447826	0.316526	0.159768	-0.00348012	0.000205541	-0.00556392	0
4202.436502267	3428.29301465	-0.452118	0.313479	0.189756	-0.00403085	9.17276e-05	-0.00513996	0
4209.104198662	3419.232275253	-0.457787	0.220715	0.117477	-0.00281955	-0.000674493	-0.00556063	0
4197.444947432	3425.811529477	-0.433917	0.2116	0.117318	-0.00287052	-4.70964e-05	-0.00554448	0
4199.642773389	3427.512328051	-0.455028	0.203997	0.131433	-0.00289809	-4.49669e-05	-0.00571376	0
4210.79997222	3422.428554212	-0.43272	0.229634	0.126833	-0.00262083	0.000266583	-0.00554448	0
4202.510241961	3431.957705569	-0.439329	0.281236	0.148027	-0.00276052	0.000406771	-0.00552161	0
4207.315532243	3433.253120092	-0.429373	0.336509	0.166469	-0.00295315	0.000552686	-0.00525655	0
4196.485852575	3429.3917057	-0.405379	0.401605	0.189287	-0.00229979	0.000188089	-0.00507973	0
4215.505905446	3426.713974537	-0.416335	0.315381	0.101561	-0.00151588	-0.000191793	-0.00576587	0
4210.485860275	3436.935000441	-0.400098	0.307777	0.0595621	-0.00107087	6.65843e-06	-0.00505842	0
4207.359584528	3429.911208465	-0.393236	0.292181	0.0692159	-0.0015885	0.00023584	-0.00575052	0
4191.122486878	3420.088881834	-0.394018	0.302116	0.0686569	-0.00134231	0.000175746	-0.00540772	0
4193.746949639	3424.998373955	-0.43931	0.308818	0.0946178	-0.00153711	0.000585931	-0.00753976	0
4199.972447283	3425.635815307	-0.444523	0.384584	0.0937886	-0.00169662	0.000370567	-0.0065925	0
4201.082373333	3424.947760634	-0.469008	0.367992	0.153262	-0.00250908	0.000771382	-0.00654432	0
4188.319899661	3416.332991441	-0.442962	0.406349	0.184813	-0.00303215	0.000981884	-0.00652511	0
4199.136890356	3421.986403881	-0.45006	0.30638	0.117963	-0.00191531	0.00103396	-0.00608882	0
4197.463382355	3408.149390443	-0.451473	0.326171	0.118283	-0.00240893	0.000904045	-0.00707213	0
4191.934581175	3418.000843607	-0.434453	0.274942	0.0974975	-0.00248425	0.00109567	-0.00614689	0
4189.148513565	3413.448509637	-0.449658	0.272584	0.123296	-0.00295033	0.00116711	-0.00621663	0
4192.321953986	3413.076071993	-0.450451	0.23824	0.11844	-0.00243791	0.000841168	-0.00609494	0
4202.603374238	3415.577611501	-0.443893	0.321958	0.1495	-0.00301173	0.00130478	-0.00599178	0
4188.727622711	3414.969774167	-0.43592	0.320207	0.150409	-0.00345361	0.00111378	-0.00557717	0
4203.098004785	3415.096307469	-0.437802	0.339999	0.151366	-0.00352712	0.00115813	-0.00592028	0
4223.703221672	3423.161014911	-0.431326	0.267302	0.0796452	-0.0025808	0.000843691	-0.0058772	0
4199.189322151	3427.402984178	-0.436715	0.257136	0.0599122	-0.00224549	0.00100034	-0.00646371	0
4188.6404758	3419.821968189	-0.452037	0.263225	0.0374321	-0.00158876	0.000737642	-0.00717727	0
4197.109527588	3419.256626945	-0.471204	0.256707	0.0658228	-0.00164758	0.000646256	-0.00715355	0
4209.257184587	3428.882230102	-0.494786	0.338659	0.0914136	-0.00223086	0.00102045	-0.00763477	0
4212.182830905	3428.967699767	-0.493398	0.333166	0.127418	-0.00358837	0.00115921	-0.00677182	0
4205.078921122	3424.621161469	-0.494551	0.348217	0.153509	-0.00392122	0.00120726	-0.00734101	0
4206.345903145	3429.131476833	-0.517556	0.257584	0.108593	-0.0036641	0.000796195	-0.00762229	0
4202.511439034	3427.412056377	-0.510235	0.272908	0.0875612	-0.00347391	0.000675175	-0.0077399	0
4202.040749946	3426.125714054	-0.505969	0.233579	0.0729132	-0.00293497	0.000538233	-0.00791569	0
4186.277214359	3429.308623456	-0.510141	0.267479	0.081111	-0.00319995	0.000214586	-0.00815059	0
4212.283145619	3425.763781061	-0.491818	0.300938	0.158487	-0.00390089	0.000570194	-0.00732205	0
4196.462389945	3425.018428289	-0.478708	0.386168	0.181973	-0.00442456	0.000719312	-0.00680021	0
4203.239259395	3427.351415889	-0.473767	0.284535	0.111383	-0.00355081	0.000857433	-0.0069371	0
4198.493583346	3426.148155809	-0.480438	0.255303	0.0645975	-0.00327566	0.000916928	-0.00734572	0
4196.38027074	3420.255046321	-0.486617	0.236393	0.0764601	-0.00317899	0.00111452	-0.00750984	0
4201.946899426	3421.273520032	-0.485208	0.252732	0.0471272	-0.00204319	0.000936794	-0.00765269	0
4206.574783495	3431.535609573	-0.468322	0.256586	0.0888308	-0.00325194	0.000632574	-0.00727266	0
4193.341620734	3426.084650416	-0.399929	0.322726	0.0940757	-0.00360322	0.000705143	-0.00581205	0
4208.968929418	3429.589861626	-0.391448	0.336654	0.0685237	-0.00252428	0.000215205	-0.00554858	0
4225.402586448	3431.109693703	-0.371636	0.264268	0.029728	-0.00202112	-0.000141621	-0.00504958	0
4202.665861446	3425.238548486	-0.378439	0.227338	0.0271356	-0.00186275	0.000288881	-0.00547978	0
4196.625431282	3429.185910027	-0.356384	0.194833	0.0347172	-0.00288289	0.000556545	-0.00554686	0
4206.50726858	3421.85652819	-0.353112	0.216904	0.0612367	-0.00366019	0.000361923	-0.00554686	0
4206.73303654	3425.586156954	-0.364015	0.217895	0.0707958	-0.00347643	0.000476425	-0.00554686	0
4206.672464648	3424.976409683	-0.348742	0.307055	0.107709	-0.00433758	0.000495796	-0.00530825	0
4197.453566357	3421.289277009	-0.36759	0.304208	0.108291	-0.00477119	0.000175362	-0.00554686	0
4212.23885392	3418.856972704	-0.379549	0.254072	0.0507575	-0.00330025	-1.6083e-05	-0.00551471	0
4199.009521793	3422.446221126	-0.395175	0.248921	0.0348504	-0.00254655	-8.94396e-06	-0.00599361	0
4186.431876186	3427.6856548	-0.413927	0.224847	0.0425558	-0.00281539	5.58997e-05	-0.00644059	0
4190.50790962	3428.531279246	-0.413391	0.249054	0.0504361	-0.00289823	0.000166984	-0.00627039	0
4188.074260289	3415.802029056	-0.431092	0.281253	0.0747761	-0.00369686	0.000193873	-0.00627282	0
4211.99489045	3425.617193424	-0.421759	0.356284	0.117056	-0.00437126	0.00071445	-0.00601082	0
4197.494506252	3422.558429903	-0.372261	0.282861	0.0840443	-0.00406381	0.00104186	-0.0056089	0
4185.984170898	3424.164686613	-0.392629	0.275161	0.0803137	-0.00423101	0.000611927	-0.00580012	0
4186.761310665	3417.314221387	-0.392635	0.214389	0.0657882	-0.00346199	0.0004391	-0.00580012	0
4201.276299153	3424.362365055	-0.391384	0.261034	0.0462321	-0.00231233	0.000324189	-0.00580012	0
4194.041429588	3422.076648387	-0.391403	0.213245	0.0670715	-0.00321443	0.000235852	-0.0055365	0
4195.993855588	3429.51346416	-0.391175	0.288188	0.112747	-0.00414054	0.000522505	-0.0053676	0
4204.869193939	3423.954116099	-0.384506	0.297684	0.142377	-0.00431424	0.000669179	-0.00489363	0
4202.934963448	3418.179900167	-0.387269	0.323039	0.130216	-0.00405454	0.000681977	-0.00492049	0
4202.678311005	3426.116641855	-0.393102	0.252274	0.0767908	-0.00386066	0.000851179	-0.00519796	0
4197.772706009	3425.749456536	-0.395606	0.239771	0.0632001	-0.00331333	0.000413492	-0.00542152	0
4201.396006449	3423.706301821	-0.397774	0.235438	0.0683846	-0.00340268	0.000513209	-0.0052833	0
4196.519370618	3421.608236427	-0.396105	0.235395	0.0581768	-0.00342851	0.000645315	-0.00542152	0
4192.626968176	3418.441084002	-0.406024	0.302184	0.0917523	-0.00347579	0.000870487	-0.00542152	0
4208.825759492	3427.856116645	-0.394223	0.311745	0.131953	-0.00419454	0.000838665	-0.00480552	0
4195.156862173	3417.677586832	-0.394249	0.31989	0.125555	-0.00455627	0.00111782	-0.0047946	0
4209.138434949	3428.157886633	-0.398713	0.298183	0.0591354	-0.00360976	0.000875953	-0.00535427	0
4199.327703786	3425.026068036	-0.389753	0.228142	0.0561648	-0.00393444	0.000816053	-0.00529053	0
4190.79831952	3425.282477029	-0.38513	0.233329	0.0548921	-0.00328884	0.000920116	-0.00529053	0
4196.005347488	3424.829822047	-0.384869	0.211842	0.0503689	-0.00325667	0.00102667	-0.00529053	0
4193.189113639	3424.532349416	-0.396579	0.24821	0.0634967	-0.00320966	0.000782373	-0.00542435	0
4196.459038141	3423.142393029	-0.400826	0.337879	0.0943522	-0.00408365	0.000842302	-0.00530385	0
4186.361488296	3416.81286302	-0.380246	0.324169	0.0766088	-0.00349412	0.00100707	-0.00490154	0
4190.71332734	3422.701197667	-0.399852	0.296103	0.0679868	-0.00316197	0.000967675	-0.00540329	0
4200.304275908	3420.833757121	-0.410132	0.229392	0.0521852	-0.00307618	0.000946694	-0.00544114	0
4186.909508298	3415.795344278	-0.409876	0.20923	0.0537277	-0.00322346	0.00112657	-0.00568667	0
4191.568995093	3421.361377117	-0.406678	0.211321	0.0485868	-0.00306843	0.00109392	-0.00586574	0
4189.547857105	3423.820420535	-0.414573	0.225923	0.0514809	-0.00270103	0.000792468	-0.00586574	0
4196.489204379	3428.419547952	-0.431985	0.297277	0.0800838	-0.00372767	0.00115231	-0.00586574	0
4198.875210206	3423.700572011	-0.432418	0.283226	0.0911196	-0.00417899	0.00161211	-0.00538119	0
4186.816136607	3422.8750019	-0.432695	0.325319	0.128041	-0.00476604	0.00160178	-0.00554673	0
4197.965913585	3416.13435803	-0.410102	0.229944	0.0813559	-0.00366906	0.00131761	-0.0052122	0
4207.055049167	3431.85791138	-0.410229	0.225156	0.0469557	-0.0030964	0.00134832	-0.00551431	0
4197.129638414	3425.927558128	-0.414953	0.214815	-0.00756698	-0.0017965	0.00107139	-0.00569341	0
4198.129194337	3426.151975682	-0.419652	0.205378	0.0185281	-0.00184546	0.00123037	-0.00584102	0
4196.223693597	3421.304079018	-0.426454	0.24611	0.0213496	-0.0020304	0.00114978	-0.00577816	0
4198.57043543	3435.724100614	-0.420379	0.292417	0.0391319	-0.00256351	0.00142445	-0.00575668	0
4203.823191585	3433.445068724	-0.397192	0.347114	0.071786	-0.00374106	0.00188356	-0.00570485	0
4211.616854809	3434.163682383	-0.426339	0.232125	-0.0511933	-0.00201603	0.00127279	-0.0060523	0
4202.963932614	3428.59144225	-0.457876	0.25158	-0.0642282	-0.00222343	0.00130723	-0.00639933	0
4182.23948726	3421.86464542	-0.47487	0.183908	-0.114803	-0.00229597	0.00123966	-0.00642474	0
4187.886559249	3428.309726596	-0.502919	0.189233	-0.0856619	-0.00207949	0.00108965	-0.00706104	0
4180.568133991	3415.826380748	-0.530781	0.18677	-0.0832898	-0.00197986	0.00104675	-0.00723558	0
4200.019133128	3426.111867013	-0.518214	0.245973	-0.0296632	-0.00272778	0.00124503	-0.00653786	0
4192.541975996	3429.798044719	-0.495978	0.277496	-0.0465225	-0.00307534	0.000988125	-0.00632437	0
4193.836730111	3423.847637132	-0.492968	0.249164	-0.0092498	-0.00272036	0.000966786	-0.00617818	0
4194.123069964	3425.925170707	-0.50422	0.187291	-0.0537134	-0.00283225	0.00124373	-0.00647595	0
4178.674125151	3423.170087111	-0.520979	0.144042	-0.126937	-0.00285984	0.00112103	-0.00692271	0
4186.303071135	3417.538638942	-0.544312	0.154218	-0.0619094	-0.00256821	0.000588257	-0.00743857	0
4196.869394752	3424.434465163	-0.559486	0.212774	0.00369383	-0.00305765	0.000837873	-0.00714858	0
4203.431030483	3423.093212161	-0.542217	0.229098	-0.0391231	-0.00382737	0.00109441	-0.00670192	0
4196.939303813	3423.895863032	-0.522565	0.231623	-0.016938	-0.00290746	0.00087196	-0.00649606	0
4194.074229387	3427.721466112	-0.521994	0.195955	-0.00942994	-0.00278405	0.00120888	-0.00696918	0
4184.983178488	3414.18479021	-0.488795	0.16767	-0.106295	-0.00216805	0.000995289	-0.006736	0
4176.726966272	3421.006606387	-0.504642	0.186679	-0.040672	-0.00180571	0.00052136	-0.00667353	0
4188.897367657	3423.521037967	-0.469847	0.237156	-0.0104964	-0.00177359	8.64584e-05	-0.00616825	0
4194.757518633	3418.305955985	-0.456916	0.266997	0.0105865	-0.00311274	0.000473129	-0.0056344	0
4179.478797596	3418.230036003	-0.439339	0.278194	-0.0157154	-0.00246836	0.000448812	-0.00537473	0
4199.333689151	3421.210969607	-0.438477	0.214731	-0.0206571	-0.0023814	0.000274582	-0.00551027	0
4191.936735907	3418.813044161	-0.452348	0.175205	-0.0145345	-0.00231687	0.000416786	-0.00596627	0
4195.61653819	3420.153819679	-0.480115	0.163242	-0.0412915	-0.00239613	0.000337111	-0.00618636	0
4187.856153596	3422.092405364	-0.495253	0.188616	-0.043882	-0.00225402	0.000193621	-0.00653142	0
4200.817580794	3429.409850098	-0.500244	0.200178	-0.0024257	-0.0025436	0.000470254	-0.00633471	0
4208.818816468	3428.580460114	-0.502982	0.263575	0.0245934	-0.00373766	0.000460665	-0.0061525	0
4196.416901173	3425.499732321	-0.502664	0.240756	-0.0342088	-0.00382319	0.000666927	-0.00620437	0
4215.601671283	3428.226166868	-0.528159	0.198044	-0.0355159	-0.00321083	0.000372991	-0.00689702	0
4204.633370566	3428.894167206	-0.545476	0.170567	-0.0335442	-0.0032872	0.000135389	-0.00739683	0
4197.904623449	3437.815958714	-0.559306	0.170784	-0.0781165	-0.00334773	0.000992876	-0.00752212	0
4187.34284871	3428.997303785	-0.577948	0.195697	-0.0526873	-0.0028336	0.00063463	-0.00787487	0
4203.640039422	3432.608993962	-0.561855	0.199527	-0.00520149	-0.00249466	0.00067259	-0.00715787	0
4215.640456447	3436.07266405	-0.556693	0.289628	-0.00570389	-0.00299414	0.000323107	-0.00684995	0
4205.306364985	3424.507042755	-0.524192	0.255304	-0.042946	-0.00351405	0.000189809	-0.00684995	0
4211.225651365	3431.230019711	-0.512372	0.224451	-0.0234804	-0.00239114	-0.000465169	-0.00728353	0
4213.332260363	3436.100835615	-0.470166	0.215801	0.0181593	-0.00344756	-0.000268018	-0.00617038	0
4216.007000188	3435.420898173	-0.381156	0.182943	-0.0598038	-0.00335352	-0.000718699	-0.00546754	0
4216.902889592	3443.55961566	-0.375207	0.221699	0.076796	-0.00563493	0.000205506	-0.00523422	0
4226.981765099	3437.288816202	-0.348321	0.194838	0.201079	-0.00815822	0.000399352	-0.00486833	0
4212.503885873	3433.066423786	-0.340223	0.256417	0.2232	-0.00765092	0.00037011	-0.00510926	0
4209.009151069	3426.384987952	-0.33224	0.196013	0.178657	-0.00594477	0.000188376	-0.00458849	0
4189.352973627	3428.19083304	-0.351695	0.182602	0.16258	-0.00573084	0.000108942	-0.00525594	0
4191.68247761	3423.765032372	-0.383033	0.129627	0.158588	-0.00537124	0.000331051	-0.00526323	0
4203.794701249	3421.866555357	-0.379029	0.174089	0.190387	-0.00596752	0.000450061	-0.00503966	0
4197.314705894	3416.756997374	-0.37856	0.147004	0.192503	-0.00596752	0.000313571	-0.00522329	0
4193.976787648	3420.659475403	-0.384898	0.235316	0.197718	-0.00566472	0.000563374	-0.00516764	0
4205.894606638	3422.432851569	-0.38429	0.272611	0.223798	-0.00629573	0.000423913	-0.00503966	0
4193.655493265	3426.734028872	-0.386494	0.285931	0.203086	-0.00597543	0.000595576	-0.00503966	0
4204.388449438	3422.297723552	-0.391336	0.2119	0.154492	-0.00513502	0.000608403	-0.00529529	0
4189.753274825	3422.917497991	-0.39759	0.201726	0.152718	-0.00500417	0.000464845	-0.005456	0
4197.246472735	3428.0805342	-0.404094	0.164149	0.179775	-0.00476355	0.000408125	-0.00522161	0
4197.932395542	3434.75576274	-0.412262	0.217167	0.207465	-0.00551105	0.000678894	-0.005706	0
4209.13484373	3431.001304799	-0.416086	0.241192	0.235703	-0.00607567	0.000703403	-0.00500208	0
4189.001991834	3425.760438672	-0.399894	0.297823	0.272411	-0.00607567	0.000702194	-0.00494483	0
4191.722938676	3424.897147313	-0.414108	0.259971	0.255221	-0.0061471	0.000801013	-0.00520083	0
4201.978502152	3429.94510984	-0.393955	0.227918	0.191182	-0.0051743	0.000594427	-0.00547906	0
4184.184970237	3422.543627894	-0.399093	0.199342	0.173057	-0.0050266	0.000496342	-0.00532631	0
4185.135924998	3420.201568095	-0.401179	0.205513	0.187834	-0.00492942	0.000597201	-0.00508097	0
4184.415287075	3424.309364313	-0.411163	0.186904	0.198797	-0.00482819	0.000403724	-0.00521965	0
4191.507704957	3420.893920125	-0.420314	0.2597	0.228276	-0.00564336	0.000510333	-0.0055061	0
4194.091467237	3418.270622157	-0.415562	0.266645	0.263609	-0.00612331	0.000715213	-0.00508097	0
4190.370006815	3428.279645094	-0.419501	0.31379	0.293369	-0.00671734	0.000790694	-0.00533627	0
4200.43523569	3420.153819679	-0.414575	0.219781	0.22751	-0.00607922	0.000713267	-0.0054495	0
4194.163052201	3416.916954567	-0.415211	0.168631	0.208028	-0.00574165	0.000448173	-0.00581686	0
4191.048268355	3425.137799329	-0.411642	0.166823	0.175853	-0.00440286	0.000463523	-0.0054526	0
4180.931086513	3423.606030148	-0.421057	0.2699	0.22939	-0.00577762	0.000430932	-0.00596228	0
4185.16106353	3418.86222503	-0.41951	0.232037	0.210445	-0.00558072	0.000214334	-0.0057332	0
4199.534797408	3419.321087306	-0.420591	0.299377	0.231272	-0.00501459	0.000521777	-0.00576105	0
4193.804169727	3423.816123177	-0.398742	0.337218	0.238401	-0.00573825	0.000616624	-0.00526354	0
4217.219874512	3449.517185509	-0.409447	0.128124	0.12447	-0.00314027	0.000137188	-0.00485668	0
4219.821114058	3447.501724875	-0.387634	0.103824	-0.0218839	-0.000593997	-0.000163241	-0.00435708	0
4198.728209647	3437.759615583	-0.372537	0.238008	0.0493001	-0.00268306	0.000166399	-0.00391696	0
4192.321235742	3436.131394601	-0.387032	0.207168	0.0524012	-0.00335894	0.000342095	-0.00414177	0
4187.88296803	3433.761640721	-0.397171	0.173671	0.0975087	-0.00386143	0.000311888	-0.00438143	0
4200.304515322	3437.093525181	-0.432474	0.154587	0.099056	-0.00320388	0.000440933	-0.00486602	0
4211.218708342	3435.826282224	-0.438698	0.266016	0.173041	-0.0051533	0.000669355	-0.00480191	0
4201.581313343	3436.3906685	-0.412942	0.242112	0.205418	-0.0052745	0.000627931	-0.00419167	0
4194.573408812	3433.532925809	-0.413951	0.263066	0.160893	-0.00497397	0.000614284	-0.00474406	0
4211.12892787	3427.634086511	-0.421931	0.208018	0.112842	-0.00397563	0.000557103	-0.00514447	0
4188.131959206	3432.534983917	-0.45677	0.220048	0.123782	-0.00432483	0.000655731	-0.00575673	0
4183.127475983	3418.593401448	-0.471914	0.184971	0.117999	-0.00431064	0.000972047	-0.00575673	0
4187.863096619	3424.624026374	-0.468637	0.20122	0.0796846	-0.00328804	0.000869299	-0.00575673	0
4210.657759952	3438.321614438	-0.447692	0.231986	0.193408	-0.00487868	0.000791791	-0.00551339	0
4198.806977047	3426.814723695	-0.444912	0.258496	0.223528	-0.00524388	0.000759955	-0.00536038	0
4192.852257308	3427.763962202	-0.443057	0.224278	0.168237	-0.00458156	0.000585904	-0.00534502	0
4197.306805212	3428.921383803	-0.445871	0.181562	0.129351	-0.00447404	0.000483999	-0.00548471	0
4196.197357991	3423.409306674	-0.47169	0.141809	0.0832678	-0.00376666	5.96324e-05	-0.0055418	0
4187.717771961	3423.737338291	-0.472808	0.160952	0.0990868	-0.00372537	0.000629135	-0.00567569	0
4185.388746807	3416.814772957	-0.494893	0.153394	0.0629758	-0.00339233	0.000349554	-0.00617232	0
4180.846812577	3420.211595263	-0.479042	0.228216	0.11901	-0.00451776	0.000784639	-0.00577447	0
4205.433494133	3418.740944053	-0.476037	0.252439	0.138802	-0.00498531	0.000658284	-0.00566652	0
4187.694069917	3419.145373136	-0.472109	0.255042	0.15119	-0.00542439	0.000861775	-0.00565875	0
4204.02621516	3422.541717958	-0.46955	0.205474	0.0940884	-0.00483786	0.000608581	-0.00574693	0
4204.197875422	3422.335922285	-0.475346	0.181327	0.0535428	-0.00339436	5.96324e-05	-0.00602284	0
4195.877500096	3423.993747284	-0.474231	0.182378	0.0676069	-0.00381683	0.00031703	-0.00620772	0
4186.72611672	3424.371437254	-0.498628	0.143546	0.055221	-0.00367726	0.000718212	-0.00620772	0
4198.357595858	3424.33419349	-0.48041	0.217278	0.0783053	-0.00401234	0.00017151	-0.00605814	0
4214.19391348	3430.829887986	-0.450316	0.268407	0.135948	-0.00496031	0.000496602	-0.00552622	0
4195.031408927	3425.256692885	-0.450026	0.272133	0.139075	-0.00543432	0.00079254	-0.00512754	0
4201.077824455	3429.845793135	-0.450547	0.240146	0.103799	-0.00463983	0.000650244	-0.0053854	0
4203.060895524	3425.783835396	-0.47203	0.162602	0.0884492	-0.00443515	0.00058041	-0.00582015	0
4193.377772338	3431.576195726	-0.479009	0.198737	0.0848427	-0.00379202	0.000807254	-0.00614992	0
4192.83358297	3420.187721055	-0.477907	0.170488	0.0714877	-0.00386993	0.000524851	-0.00616615	0
4194.860466908	3428.274870252	-0.465753	0.209327	0.100113	-0.00402103	0.000390422	-0.00569719	0
4202.685254028	3429.487680016	-0.440891	0.272071	0.151134	-0.00500316	0.000573618	-0.0051324	0
4189.957734887	3425.760916156	-0.408701	0.295103	0.106321	-0.0039913	0.000289872	-0.00449181	0
4191.977436387	3430.148040607	-0.414424	0.242613	0.124515	-0.0046956	0.000562868	-0.0048262	0
4187.618414905	3430.080237857	-0.448671	0.15696	0.106857	-0.00385189	0.000553009	-0.0048262	0
4203.877059869	3429.549275472	-0.48201	0.168302	0.149415	-0.00439771	0.000896325	-0.00524657	0
4198.33269674	3435.17833622	-0.491823	0.12838	0.146091	-0.0044778	0.000989235	-0.00524657	0
4194.5863372	3431.843586855	-0.516891	0.174035	0.158128	-0.00377469	0.000811249	-0.00571123	0
4201.441255807	3429.05078201	-0.511947	0.220187	0.200823	-0.00511042	0.00103076	-0.00562882	0
4186.677276143	3427.298415148	-0.505495	0.228986	0.210159	-0.00582311	0.00110932	-0.00527251	0
4193.42062755	3423.236934893	-0.514255	0.23987	0.217074	-0.00545833	0.00103345	-0.00537451	0
4202.21145255	3426.073190796	-0.507155	0.193762	0.16268	-0.00510921	0.0010398	-0.00542246	0
4184.240514423	3425.92326077	-0.492776	0.156947	0.122215	-0.00495539	0.000752009	-0.00525875	0
4181.632092439	3420.192018412	-0.507464	0.174697	0.109977	-0.00395738	0.000566599	-0.00566593	0
4189.682886935	3423.539182365	-0.51066	0.159675	0.118319	-0.00423008	0.000722966	-0.00567344	0
4186.94302634	3420.149999806	-0.51049	0.204502	0.132413	-0.00492997	0.000670989	-0.00568605	0
4188.604803026	3415.30305811	-0.489965	0.262684	0.203655	-0.00584901	0.000641332	-0.00531383	0
4187.118277822	3416.533057303	-0.477934	0.244899	0.19865	-0.00558009	0.000576004	-0.00486357	0
4211.548861065	3428.546081255	-0.451371	0.195866	0.107201	-0.00426716	0.00103944	-0.00509126	0
4198.877125523	3429.782765226	-0.444416	0.153799	0.122211	-0.00426716	0.000429641	-0.00524566	0
4186.480237934	3420.390174338	-0.463866	0.166716	0.0874973	-0.00330653	8.2638e-05	-0.00535712	0
4199.516362484	3428.575685272	-0.452236	0.175025	0.120947	-0.00395156	0.000316144	-0.00500448	0
4192.236961805	3422.249975136	-0.454958	0.180497	0.103868	-0.00388783	8.2638e-05	-0.00477116	0
4182.122652939	3425.15403379	-0.450856	0.27002	0.172124	-0.00524985	0.000567534	-0.00535712	0
4192.480207031	3425.24809817	-0.429056	0.259109	0.173803	-0.00473628	0.000266919	-0.00478158	0
4199.54221926	3434.049563669	-0.430532	0.264837	0.159762	-0.00476624	0.000539976	-0.00491965	0
4206.832872425	3436.051177263	-0.429091	0.181166	0.0825869	-0.00403203	0.000690396	-0.00500909	0
4201.118046107	3430.142788282	-0.430506	0.191966	0.0977777	-0.00347105	0.00027852	-0.00498389	0
4210.327607229	3439.432720075	-0.439213	0.166581	0.0980033	-0.00321838	0.00020962	-0.00525104	0
4204.672873974	3428.183670778	-0.450933	0.187564	0.0981079	-0.00367242	0.000439657	-0.00526967	0
4196.109253421	3429.157260978	-0.449959	0.257505	0.158292	-0.00430246	0.000708725	-0.00509304	0
4198.494062175	3415.682658016	-0.423326	0.292583	0.170822	-0.00458374	0.000379048	-0.00467112	0
4192.961190947	3427.741997931	-0.419637	0.268713	0.133395	-0.0044978	0.000461019	-0.00452758	0
4201.18651868	3430.567749183	-0.414912	0.229375	0.0957368	-0.0040054	0.000145542	-0.00444611	0
4201.072557334	3430.034876862	-0.414952	0.190811	0.0955275	-0.00399265	0.000171809	-0.0045458	0
4200.985649837	3423.503371053	-0.447048	0.197612	0.109382	-0.00381289	0.000420006	-0.00473818	0
4191.932187029	3424.375257127	-0.474038	0.159212	0.104432	-0.00391091	0.000816673	-0.005354	0
4194.533665989	3421.350394981	-0.506323	0.210664	0.15594	-0.00433853	0.000811295	-0.00568473	0
4205.389202434	3425.330702929	-0.505844	0.257208	0.205633	-0.00561348	0.00113706	-0.0056318	0
4180.249473169	3425.63963518	-0.518145	0.264153	0.205707	-0.00592459	0.00134021	-0.00563977	0
4192.494571907	3417.096966095	-0.517889	0.230398	0.163823	-0.0049929	0.000541081	-0.00612962	0
4195.113049303	3420.959812939	-0.525653	0.191972	0.129587	-0.00448861	0.000260425	-0.00596059	0
4185.070564814	3415.081982944	-0.500431	0.190492	0.106716	-0.00417017	0.000457933	-0.00607419	0
4180.026578183	3420.048773164	-0.507492	0.192921	0.149982	-0.00501493	0.000678682	-0.0061115	0
4174.864320744	3417.457466635	-0.508687	0.197772	0.137767	-0.00435985	0.000473263	-0.00628049	0
4191.151934873	3417.709100786	-0.509445	0.238913	0.182961	-0.0051622	0.000983186	-0.00581861	0
4183.946034474	3429.436111727	-0.494794	0.268426	0.207312	-0.00589412	0.000973509	-0.0052808	0
4198.120575411	3427.077339982	-0.487012	0.238906	0.181948	-0.00513262	0.000596117	-0.00522425	0
4198.148826333	3423.627994419	-0.499227	0.217857	0.149429	-0.00563264	0.000712635	-0.0056168	0
4201.114454888	3428.331213383	-0.49533	0.157621	0.108579	-0.00501583	0.000921851	-0.0056168	0
4183.661370524	3418.365641505	-0.499364	0.169933	0.120513	-0.00485531	0.000841197	-0.00611477	0
4197.303213993	3420.330011334	-0.472487	0.159974	0.0815859	-0.00348364	0.00106498	-0.00538369	0
4204.265629752	3432.028373225	-0.462675	0.217862	0.142263	-0.00481019	0.00101708	-0.00536766	0
4198.716238917	3430.88432118	-0.440665	0.258147	0.119199	-0.00443013	0.000588951	-0.0051566	0
4199.470155468	3428.544648802	-0.400755	0.266777	0.117495	-0.00452291	0.000422637	-0.00456934	0
4222.636390249	3433.769757952	-0.385467	0.233422	0.0810946	-0.00468797	0.000186905	-0.00442349	0
4202.845182976	3431.986832103	-0.382658	0.166947	0.0623285	-0.00435505	0.000618871	-0.00470294	0
4196.657512838	3430.051588807	-0.383036	0.165582	0.125472	-0.0059054	0.000882689	-0.0056969	0
4202.713744365	3444.557080068	-0.376475	0.130207	0.108431	-0.00493039	0.000302818	-0.00560261	0
4201.38666928	3436.732069673	-0.420119	0.181532	0.136697	-0.00578155	0.000337078	-0.00526317	0
4212.056898829	3434.495056389	-0.337601	0.202936	0.155236	-0.0053248	0.000921947	-0.00358421	0
4199.908523587	3437.593451096	-0.339502	0.229495	0.182006	-0.00543222	0.00106001	-0.00359683	0
4205.35305083	3429.726422095	-0.345729	0.198704	0.136171	-0.00507639	0.00080705	-0.00346743	0
4209.795628005	3438.283415705	-0.343335	0.169385	0.0891725	-0.00471126	0.000578871	-0.00373671	0
4190.582367558	3428.567568042	-0.373956	0.170221	0.0966396	-0.00416331	0.000731524	-0.00422211	0
4199.20799649	3430.815085977	-0.3979	0.185705	0.073993	-0.00339263	0.000671508	-0.00453616	0
4199.25180936	3430.528117998	-0.447403	0.234715	0.0830124	-0.00403898	0.000998478	-0.00468389	0
4195.428358321	3434.075347814	-0.44129	0.26978	0.146341	-0.00493746	0.00120335	-0.00443616	0
4196.627825428	3424.824092237	-0.449438	0.255543	0.110809	-0.00454717	0.00100075	-0.00464434	0
4202.572010926	3429.360191745	-0.461184	0.219537	0.0740736	-0.00416048	0.000793731	-0.00491951	0
4190.304646631	3422.726504327	-0.464752	0.14085	0.0524236	-0.00385659	0.00073486	-0.00525248	0
4189.025454464	3424.187605853	-0.500721	0.133222	0.0706909	-0.00375754	0.00130618	-0.00563427	0
4194.224342336	3421.666489494	-0.545547	0.143683	0.0693918	-0.0035948	0.00142208	-0.00647275	0
4191.349451912	3421.25728557	-0.589113	0.14118	0.0833253	-0.0046233	0.00197491	-0.00736019	0
4184.753340479	3420.108458684	-0.597228	0.216323	0.130888	-0.00503387	0.00199083	-0.00715392	0
4184.504588718	3414.015760818	-0.528	0.213318	0.122841	-0.00467114	0.0020292	-0.00601279	0
4194.42161996	3413.992841578	-0.550021	0.172552	0.0855593	-0.00407729	0.00173211	-0.00651992	0
4182.394149087	3414.280764526	-0.552355	0.189704	0.0533156	-0.00324429	0.00142086	-0.00689531	0
4185.289868581	3414.935395308	-0.547954	0.174546	0.078942	-0.00340505	0.0015719	-0.00677785	0
4197.664969442	3415.099649858	-0.550895	0.179078	0.103434	-0.0038239	0.00177579	-0.00689869	0
4189.710180198	3417.191985442	-0.540496	0.159748	0.0752804	-0.00383672	0.00170966	-0.0065676	0
4180.869796377	3414.38915343	-0.523493	0.248309	0.121129	-0.00459238	0.00161947	-0.0064539	0
4189.245476475	3414.711455237	-0.498411	0.25882	0.131423	-0.00479993	0.00156126	-0.00579227	0
4198.099506927	3422.031287392	-0.457969	0.247919	0.110328	-0.00412779	0.00134306	-0.00542732	0
4193.55876977	3421.743841928	-0.453422	0.159245	0.0770049	-0.00397729	0.00155415	-0.00546561	0
4183.610135801	3424.780641178	-0.479183	0.155134	0.0865951	-0.00429591	0.00155069	-0.00551408	0
4193.051689663	3424.273075517	-0.47523	0.159794	0.0880876	-0.00383653	0.00131169	-0.00561923	0
4192.750745521	3421.642137802	-0.474559	0.169857	0.070685	-0.00349364	0.00152209	-0.00557532	0
4182.560542228	3424.125055428	-0.46126	0.208614	0.0836535	-0.00384263	0.00141577	-0.00557533	0
4194.723042932	3419.272861406	-0.448533	0.23152	0.0872478	-0.00332314	0.00140492	-0.00507226	0
4191.080828739	3425.227088867	-0.433825	0.305231	0.110416	-0.00422594	0.00139492	-0.00507226	0
4193.897062589	3428.429097636	-0.432138	0.241104	0.0845702	-0.00440712	0.00148842	-0.00498616	0
4202.372578571	3430.682345381	-0.44906	0.204593	0.0642049	-0.00361353	0.00128809	-0.00531174	0
4192.603505546	3438.536004825	-0.449412	0.170633	0.0605397	-0.00350273	0.00123934	-0.00548738	0
4185.548196926	3433.743496323	-0.45287	0.170453	0.0637084	-0.0036969	0.00144633	-0.00550217	0
4186.614070691	3428.00938906	-0.472709	0.196346	0.0535904	-0.00253392	0.00109941	-0.00586349	0
4181.624910002	3426.090380226	-0.468874	0.200486	0.0610097	-0.00299471	0.00121899	-0.0053623	0
4202.897854186	3432.018346057	-0.451847	0.267812	0.105642	-0.00427438	0.00147807	-0.00526321	0
4188.16499842	3430.544829943	-0.4463	0.280514	0.139662	-0.00461311	0.00172468	-0.00497207	0
4191.402123122	3420.944055962	-0.44887	0.210942	0.0913761	-0.00367641	0.00140113	-0.00540717	0
4186.930097952	3427.144665248	-0.473109	0.205967	0.074479	-0.0036203	0.00138075	-0.00575433	0
4177.403312496	3415.912805381	-0.478562	0.147034	0.0664269	-0.0036922	0.00168725	-0.00589667	0
4183.287404931	3425.743726726	-0.499039	0.160973	0.0971541	-0.00385178	0.00191085	-0.00597668	0
4180.628466468	3423.561624121	-0.529352	0.14893	0.103638	-0.00356798	0.00179628	-0.00664645	0
4184.632675525	3409.345010776	-0.540918	0.201372	0.122445	-0.00418353	0.00212329	-0.00664645	0
4186.226219051	3422.315390466	-0.547185	0.264318	0.174205	-0.00519696	0.00220899	-0.00674616	0
4182.546416767	3417.152831741	-0.533908	0.25823	0.17204	-0.00499076	0.00214215	-0.00658847	0
4188.978768619	3413.387869149	-0.552423	0.217134	0.0996281	-0.00358582	0.0019468	-0.00690431	0
4188.325885026	3419.793796624	-0.550427	0.166646	0.0934889	-0.00432247	0.00226418	-0.00696725	0
4179.343288937	3410.406458061	-0.560082	0.139501	0.0994121	-0.00432196	0.00184827	-0.00732732	0
4183.507187526	3416.703519148	-0.579872	0.172785	0.0977166	-0.00448695	0.00203632	-0.00783012	0
4180.180042937	3418.652609484	-0.584415	0.17025	0.089801	-0.00401809	0.00235755	-0.00774227	0
4176.760005486	3422.713612255	-0.573854	0.234356	0.146746	-0.00447885	0.00175326	-0.00743761	0
4183.839016151	3421.826924172	-0.56052	0.257772	0.152138	-0.00435432	0.00205942	-0.00716496	0
4190.845005366	3409.939478554	-0.579327	0.210706	0.1093	-0.00458947	0.00215608	-0.0076728	0
4175.349614123	3419.460035197	-0.594439	0.191766	0.100888	-0.00474236	0.00222714	-0.00804009	0
4177.510330818	3411.306515701	-0.591465	0.159545	0.0856859	-0.00409229	0.00226543	-0.00801268	0
4182.415217571	3413.31338162	-0.608076	0.161207	0.0942541	-0.00402053	0.0022139	-0.00830022	0
4181.328754151	3413.399328769	-0.60402	0.18229	0.0876686	-0.00345822	0.00161987	-0.00807959	0
4177.835695249	3412.397567004	-0.620662	0.21396	0.113233	-0.00414268	0.00143481	-0.00828542	0
4190.668556811	3415.832110558	-0.580283	0.279598	0.114303	-0.00365007	0.00160265	-0.0074968	0
4174.226759685	3420.852379004	-0.580038	0.232495	0.100884	-0.00361055	0.00137881	-0.00730174	0
4188.221260849	3421.011858713	-0.56137	0.223806	0.0721875	-0.00309599	0.000924436	-0.0076633	0
4203.176053942	3427.30557741	-0.551453	0.196718	0.0513269	-0.00287716	0.000470057	-0.00742825	0
4198.385607365	3427.625014312	-0.536276	0.171053	0.0736589	-0.00341733	0.000808005	-0.0072528	0
4188.612224878	3422.162118051	-0.536332	0.158235	0.0685872	-0.00343881	0.00080317	-0.00736061	0
4197.832559657	3423.770762182	-0.541366	0.220196	0.0979436	-0.00382707	0.000428766	-0.00726709	0
4195.896413849	3425.955252209	-0.511136	0.28655	0.130411	-0.00417026	0.0010346	-0.0067653	0
4191.063351474	3417.700506071	-0.524142	0.270436	0.0920029	-0.00365976	0.000651258	-0.00651815	0
4195.925622429	3433.530060904	-0.540992	0.244991	0.0679067	-0.00372519	0.000478598	-0.00730292	0
4194.076144704	3414.208186934	-0.541586	0.198135	0.0377808	-0.0025645	0.00064344	-0.00743045	0
4198.201018714	3421.398143397	-0.56093	0.198485	0.0565065	-0.00256138	0.000852151	-0.00754569	0
4187.372775534	3426.503404023	-0.568205	0.191845	0.0499599	-0.00269595	0.000890887	-0.00814728	0
4195.663224036	3425.245233265	-0.584019	0.255442	0.0902549	-0.00332088	0.00121515	-0.00808176	0
4191.864911529	3413.563105835	-0.571915	0.256029	0.102793	-0.00343688	0.00116117	-0.00758599	0
4206.967902255	3425.045644886	-0.57173	0.256227	0.0868029	-0.003533	0.00118235	-0.00768404	0
4206.928638262	3432.477208334	-0.58647	0.181675	0.0405906	-0.0028922	0.00123879	-0.00843584	0
4193.404826187	3429.982831088	-0.601149	0.153224	0.0386495	-0.00279384	0.000961758	-0.00917422	0
4194.302391493	3425.898909078	-0.605255	0.143674	0.0334185	-0.00197837	0.00111952	-0.00942799	0
4195.857628685	3421.678904083	-0.61131	0.149146	0.028065	-0.0017979	0.00107941	-0.00942799	0
4191.92284986	3423.556849279	-0.592478	0.218394	0.0355144	-0.00193005	0.00152752	-0.00892129	0
4206.994477275	3433.472285321	-0.544412	0.255887	0.048228	-0.00249702	0.00132854	-0.00752722	0
4214.94304174	3436.730637221	-0.566568	0.288769	0.0984676	-0.00341607	0.000950887	-0.0082546	0
4204.307287891	3432.926998412	-0.554254	0.219324	0.0543331	-0.00347072	0.000776686	-0.00804963	0
4192.799825512	3424.235354269	-0.561312	0.190838	0.0492917	-0.00316293	0.000687109	-0.00826388	0
