4052.698768724	3274.808196138	-0.0486876	0.0812162	-0.0278487	-0.00310812	-0.000455802	0.00122428	1
3965.236191779	3271.018836767	-0.0521869	0.087903	-0.00462198	-0.00344966	-0.000458182	0.00122428	1
3881.444432614	3269.239129107	-0.0502555	0.07672	-0.01191	-0.00328976	-0.000345203	0.00122428	1
3835.838654565	3269.14990111	-0.0462661	0.118263	0.00778308	-0.00387768	-0.000180928	0.00122428	1
3800.694741774	3266.978237235	-0.0390657	0.0993766	0.0232597	-0.00412768	-0.000167906	0.00122428	1
3768.799713684	3260.708555207	-0.047279	0.0806697	0.00594019	-0.0038218	-0.000492783	0.00122428	1
3741.470900703	3259.087355288	-0.0480753	0.0940312	0.018572	-0.00378934	-0.000222287	0.00122428	0
3730.527270872	3261.972843139	-0.0508053	0.0776039	0.00621346	-0.00308174	-0.0006103	0.00122428	0
3718.95558328	3263.464379413	-0.0440367	0.0845742	0.0255775	-0.00345564	-0.000182279	0.00106393	0
3709.477652126	3260.315520707	-0.0543201	0.0982666	0.0145172	-0.00332646	-0.00063429	0.00122428	0
3716.258670048	3259.83568435	-0.0477245	0.105985	0.0222959	-0.0037402	-0.000381376	0.00122428	0
3707.388391696	3262.739503027	-0.0446186	0.103747	0.0202576	-0.00353616	-0.00050352	0.00122428	0
3717.59467618	3265.064822366	-0.0465513	0.123823	0.0259919	-0.00377788	-0.000269504	0.00122428	0
3713.731567587	3264.728128202	-0.0411615	0.129452	0.0545194	-0.00441627	-6.82225e-05	0.00122428	0
3717.570812751	3271.944813109	-0.0527125	0.119627	0.0454995	-0.00417479	-0.00042596	0.00122428	0
3707.71175844	3264.568272607	-0.0519119	0.106418	0.0483723	-0.00429232	-0.000268297	0.00122428	0
3708.446682859	3270.56649665	-0.0542433	0.07315	-0.00477683	-0.00397929	-0.000718101	0.00122428	0
3687.846319087	3270.485355783	-0.051505	0.0739996	0.0154395	-0.0035868	-0.000233574	0.00122428	0
3696.412598115	3264.192221079	-0.0554147	0.0705005	0.0154775	-0.00351534	-0.000542903	0.000857875	0
3691.672767921	3267.400654972	-0.0573297	0.100403	0.0150221	-0.00313528	-0.000522981	0.00106449	0
3688.985884245	3271.087307798	-0.0519958	0.115319	0.0323349	-0.00349158	-0.000498826	0.000753472	0
3700.064394322	3269.00514149	-0.0588322	0.104379	0.0135243	-0.00316525	-0.000615524	0.00122428	0
3700.212416746	3275.819356913	-0.0488948	0.119111	0.0215124	-0.00334696	-0.000384741	0.00111864	0
3704.335256274	3276.488162533	-0.0580419	0.121665	0.00816212	-0.00357948	-0.00074291	0.00122428	0
3709.998497385	3272.772665612	-0.0597733	0.115119	0.0393392	-0.00391543	-0.000664814	0.000963087	0
3707.320259879	3272.929286355	-0.0655055	0.0878576	0.0184815	-0.00352831	-0.000841719	0.00068847	0
3703.494502739	3272.626018994	-0.0513943	0.0709722	0.0149763	-0.00373756	-0.000210188	0.0012778	0
3713.081721477	3268.361136401	-0.0581868	0.0622589	0.0119668	-0.00354199	-0.000353798	0.00117916	0
3704.3701868	3268.059216895	-0.0528454	0.0916501	0.00889192	-0.00339324	-0.000358228	0.00129841	0
3703.252064142	3273.021749204	-0.0508036	0.0962937	0.0252216	-0.00359839	-0.000248225	0.00114453	0
3709.740149836	3268.702952413	-0.0593428	0.103	-0.00637092	-0.00292346	-0.000611676	0.00115246	0
3714.145892036	3271.759617841	-0.0538339	0.148471	0.0251754	-0.003521	-0.0002338	0.00103344	0
3721.676705787	3268.778971432	-0.060314	0.132755	0.0262108	-0.00420205	-0.000691549	0.00102988	0
3719.062449937	3273.699181096	-0.0545822	0.130927	0.00931795	-0.00396847	-0.000400307	0.00113943	0
3723.908455094	3265.36350702	-0.0483857	0.109653	0.0060071	-0.00360428	-6.27574e-05	0.00106996	0
3724.848466656	3268.413702744	-0.0519045	0.0762056	-0.0139679	-0.00333633	-0.000249331	0.00106741	0
3715.527549943	3264.452357082	-0.0505984	0.0915616	0.00668963	-0.00340085	-8.09015e-05	0.00116686	0
3718.309541485	3264.943515421	-0.0573686	0.105238	-0.0175937	-0.0028346	-0.000249331	0.00108353	0
3716.891915512	3265.613668896	-0.0533764	0.118476	0.0113871	-0.00314267	7.668e-05	0.00116686	0
3728.446310765	3268.355744981	-0.0577751	0.132168	-0.00805926	-0.00318874	-0.000348893	0.00116686	0
3723.457125039	3268.05517333	-0.046879	0.123472	0.00551089	-0.00299802	-6.68386e-05	0.00109672	0
3718.705881901	3259.318377625	-0.0537118	0.120656	-0.0199755	-0.00270372	-0.00036866	0.00110894	0
3719.74100133	3266.106444661	-0.0581006	0.116637	-0.00560363	-0.00228739	-6.68386e-05	0.00100028	0
3709.618411768	3264.033713338	-0.053134	0.117858	-0.0054536	-0.00235494	-0.000254685	0.000960131	0
3711.637465301	3267.303070275	-0.0525699	0.10909	0.00504531	-0.00279841	-0.00027646	0.00129875	0
3713.014973047	3264.390894897	-0.0557989	0.104804	0.0139405	-0.00307383	-0.000103292	0.0011598	0
3713.880281704	3263.257888036	-0.0518135	0.0870761	0.00363576	-0.00323564	-0.000163475	0.0011497	0
3721.034468307	3268.061103892	-0.0471589	0.0942722	0.018706	-0.00337223	4.2722e-05	0.00106801	0
3727.392169763	3267.640034009	-0.0517791	0.0870542	-0.00448716	-0.00263821	-0.000279399	0.000799491	0
3719.690161852	3267.066117377	-0.0451648	0.106326	0.00242282	-0.00344757	0.000392952	0.00129875	0
3724.40267015	3271.382488029	-0.0462576	0.109031	0.0107905	-0.00322755	-2.15832e-05	0.00120125	0
3724.626087173	3272.555660967	-0.0426348	0.107649	0.00168003	-0.00268741	-6.76266e-05	0.00117035	0
3720.080622873	3268.561966787	-0.0501342	0.111979	0.00237787	-0.00321699	-0.000144167	0.00116266	0
3727.481052387	3275.9142459	-0.0494662	0.0870648	-0.0181875	-0.00321598	-0.000232002	0.00129875	0
3732.200823467	3275.238161864	-0.0445233	0.0998716	0.00182619	-0.00284297	0.000129373	0.00110128	0
3726.635456996	3271.477107446	-0.0534167	0.0979409	-0.000808827	-0.00280245	-0.000147736	0.000890568	0
3723.384497214	3273.396992019	-0.0477852	0.114884	0.00193684	-0.00296167	0.000239685	0.00113937	0
3729.750153146	3275.006061243	-0.0456001	0.130479	0.0191617	-0.00342151	0.000179285	0.00103651	0
3729.444770434	3281.284639114	-0.0463831	0.119564	0.00551379	-0.00294536	-0.000236437	0.00105917	0
3732.778041752	3273.685972117	-0.0488397	0.11976	0.00711772	-0.00322372	0.000102167	0.00103201	0
3733.443450967	3273.860923688	-0.046431	0.086371	-0.0170331	-0.00305839	0.000163971	0.00109217	0
3721.558772034	3271.092699217	-0.0489997	0.0958448	0.00731254	-0.00305086	3.67775e-05	0.000809425	0
3726.010166008	3278.627208319	-0.0556442	0.0984042	-0.0253339	-0.00239634	-0.000286044	0.000993079	0
3725.332652156	3270.275359983	-0.0534827	0.12125	0.00862508	-0.00310111	-9.08694e-05	0.00129875	0
3722.309951252	3269.81870673	-0.0528544	0.132424	0.0104749	-0.00288245	-0.000326292	0.00102086	0
3721.486835902	3274.730020552	-0.0463706	0.146981	0.0105208	-0.0030215	-2.08271e-05	0.000987899	0
3721.485106668	3265.815577566	-0.0415878	0.127179	-0.00642754	-0.00292039	0.000120888	0.00129875	0
3723.893583682	3272.759187062	-0.048519	0.0930103	0.00415346	-0.00276509	3.13654e-05	0.00105791	0
3708.867578397	3267.0696218	-0.0450387	0.105091	0.0102675	-0.00281491	-2.13957e-06	0.000928546	0
3711.601843082	3265.200147001	-0.0445897	0.0950319	0.00721684	-0.00289808	4.26619e-05	0.00118166	0
3712.11092955	3264.014034656	-0.0472204	0.102824	0.0105183	-0.00304309	4.26619e-05	0.00108816	0
3722.897890787	3271.819193029	-0.0520135	0.12373	0.0131067	-0.00342687	-0.000106177	0.00117442	0
3723.849315293	3268.523957277	-0.0441574	0.118709	0.0109232	-0.00336909	4.26619e-05	0.00117766	0
3735.201736024	3262.730337614	-0.0515701	0.105236	-0.00707241	-0.00217824	-0.00024942	0.00113503	0
3722.209309837	3262.724676623	-0.0522005	0.100126	-0.00238272	-0.00227552	-0.000101291	0.0011171	0
3730.140960013	3267.879682617	-0.0529905	0.122603	0.0101343	-0.00267962	4.26619e-05	0.00120289	0
3725.620050835	3264.017269508	-0.0566382	0.113657	0.00252941	-0.00288194	4.26619e-05	0.00121917	0
3740.482124743	3265.020882295	-0.0481945	0.124047	0.0109136	-0.00332165	0.000146667	0.00119121	0
3740.34793619	3265.429551912	-0.0523118	0.142742	0.0115887	-0.00379707	-3.3286e-05	0.00108997	0
3737.895190788	3266.70111826	-0.0495987	0.115611	0.00729711	-0.00359496	0.000194716	0.00120374	0
3736.564026512	3269.72570474	-0.0531452	0.0967025	-0.00213105	-0.00301213	-9.22429e-05	0.000933536	0
3731.984669226	3267.054525824	-0.0554045	0.0832742	-0.0264062	-0.00260286	4.12887e-06	0.00109789	0
3722.985390023	3269.910900008	-0.0545142	0.10993	0.00697158	-0.00271681	-0.000106858	0.00114474	0
3728.780398759	3266.05980888	-0.0505688	0.115823	-0.0227593	-0.00327912	4.12887e-06	0.00101691	0
3738.990487558	3275.576203882	-0.0549067	0.145292	0.0110042	-0.0032986	4.12887e-06	0.00104676	0
3729.470708943	3272.598522754	-0.0563974	0.145718	-0.00440621	-0.00401049	-0.000339967	0.000823332	0
3751.62842079	3273.558734611	-0.0461948	0.117914	-0.00539562	-0.00333706	-5.83428e-05	0.00119564	0
3736.408395458	3272.210610103	-0.052542	0.110623	-0.00577273	-0.00304374	-9.6493e-05	0.00110766	0
3729.022837356	3276.606504196	-0.0490124	0.104396	-0.0366846	-0.00228592	4.12887e-06	0.00114875	0
3729.766407945	3272.519538454	-0.0486544	0.129308	-0.00682215	-0.00227648	4.12887e-06	0.00119591	0
3740.138698885	3275.237892293	-0.0446351	0.140032	-0.00626135	-0.00270519	4.12887e-06	0.0013576	0
3740.048432874	3274.230505512	-0.0433068	0.153108	0.0110674	-0.00319449	0.00020608	0.00124073	0
3745.155552354	3278.089144628	-0.0478481	0.162474	0.0126427	-0.00344449	4.12887e-06	0.0011643	0
3742.863279861	3273.864967253	-0.0468657	0.120722	-0.0174647	-0.00310007	4.12887e-06	0.00152088	0
3732.718901952	3273.590813559	-0.048577	0.115667	-0.012275	-0.0024805	4.12887e-06	0.0010423	0
3740.030794688	3269.500073823	-0.0424004	0.121976	-0.0534373	-0.00214762	-0.000170225	0.00112822	0
3737.067579431	3270.536035128	-0.0494505	0.133231	-0.0144441	-0.00234913	3.22258e-05	0.00107233	0
3735.217299129	3267.811211586	-0.0543252	0.140228	-0.0122808	-0.00241658	-0.000196888	0.00118111	0
3745.173882234	3275.268623385	-0.0503501	0.146106	-0.0102791	-0.00256597	-3.0124e-05	0.00134654	0
3741.324953359	3274.287654562	-0.0491522	0.167994	0.0104876	-0.002981	6.59944e-05	0.00121473	0
3741.258550776	3271.501099264	-0.0501444	0.139414	-0.0298686	-0.00292934	-0.000179299	0.00127148	0
3743.351961368	3274.845396935	-0.0476948	0.148881	-0.0255105	-0.002731	0.00016465	0.00129607	0
3732.272413752	3268.27083012	-0.059377	0.118806	-0.0634468	-0.002981	-0.000109502	0.00133354	0
3730.724749387	3263.6819232	-0.0546688	0.118604	-0.0291674	-0.00250308	0.000250323	0.00130911	0
3728.819825293	3266.745058331	-0.0503246	0.113497	-0.0477903	-0.00218606	-0.00022643	0.00118838	0
3731.333093882	3267.417368374	-0.0464524	0.143892	-0.00540481	-0.00244616	0.000126722	0.000977635	0
3739.117759175	3267.671573815	-0.0458	0.146838	0.00100857	-0.00259013	-5.83642e-06	0.00133801	0
3725.522867888	3265.270505029	-0.0467584	0.1315	-0.0132346	-0.00276726	-6.96905e-05	0.00145687	0
3726.777254178	3266.980663374	-0.0460141	0.145025	-0.00131732	-0.00283759	0.000120893	0.00120262	0
3727.427791982	3263.155720632	-0.0506151	0.11956	-0.0558682	-0.00219352	-0.000259535	0.00120262	0
3723.301839832	3265.833908393	-0.0455732	0.108984	-0.00864137	-0.0023994	-2.91997e-05	0.00107478	0
3711.395372551	3266.121271066	-0.0496427	0.122023	-0.0063687	-0.00247051	-0.00015472	0.00102556	0
3719.875189882	3267.769158512	-0.049083	0.116331	-0.0187854	-0.00249425	-8.67444e-05	0.00109798	0
3717.55801642	3264.543202505	-0.0455822	0.11859	0.00342883	-0.00279321	0.00013383	0.0010988	0
3730.182807474	3270.730665381	-0.0445071	0.125068	-0.0244116	-0.00296069	-0.000139223	0.00120262	0
3719.24609458	3267.30172242	-0.0383047	0.108846	-0.00368191	-0.00271251	0.000185903	0.00121314	0
3726.270242791	3275.364590657	-0.0441742	0.102326	-0.00256435	-0.00280683	-2.59958e-05	0.00108985	0
3727.9475997	3272.688289893	-0.0553759	0.0986647	-0.0339863	-0.00261341	-0.00049603	0.00123072	0
3722.540285211	3270.172114295	-0.0448109	0.114657	-0.00294764	-0.00252489	5.71047e-05	0.00118164	0
3720.917572094	3271.077603242	-0.0521671	0.110749	-0.0241118	-0.00244475	-0.000343342	0.00123986	0
3726.36500481	3272.726568973	-0.044518	0.127409	-0.00275507	-0.00262987	-0.00012426	0.00137918	0
3718.429204473	3272.770509044	-0.0475499	0.14048	-0.00258271	-0.00292563	0.000377386	0.00113176	0
3721.760746556	3278.743662985	-0.0426888	0.118186	-0.00232375	-0.00301145	-5.2188e-05	0.0011874	0
3724.358401761	3277.96972468	-0.0426309	0.13387	0.0106731	-0.0032749	0.000199517	0.00132828	0
3724.585623099	3272.903946683	-0.0427012	0.130239	-0.00577827	-0.00338973	0.000225736	0.00140852	0
3720.802405114	3274.81143099	-0.0424285	0.0812988	-0.000508968	-0.00330279	0.00014835	0.00123986	0
3719.815012542	3272.455380559	-0.0497511	0.0990303	-0.000111298	-0.00266178	-0.000145442	0.00123986	0
3721.851704261	3270.746300499	-0.0440673	0.0922283	-0.0023709	-0.00284985	-6.49287e-05	0.00115169	0
3715.320387719	3273.775469685	-0.0507327	0.100027	0.00868315	-0.00290624	3.57761e-05	0.00116024	0
3727.099929229	3276.192173588	-0.0470189	0.130499	0.00164928	-0.00325285	8.64945e-05	0.00117052	0
3719.622030035	3268.25169058	-0.0458353	0.140676	0.024788	-0.003386	0.000100309	0.00123986	0
3723.557766453	3269.105421897	-0.05093	0.11644	-0.0150671	-0.00316057	-0.000101081	0.00101915	0
3715.540346274	3264.092749385	-0.0510252	0.107964	-0.000808158	-0.00285798	-8.28554e-05	0.00100098	0
3718.130047003	3266.085148553	-0.0583772	0.110086	0.00285589	-0.00280911	-5.50627e-05	0.00102096	0
3712.556726057	3269.317843836	-0.0477877	0.0966353	-0.00877848	-0.00276815	0.000100309	0.00123986	0
3717.333561857	3261.85315362	-0.0415183	0.129055	0.00664723	-0.0029677	0.000274559	0.00123986	0
3722.144290641	3267.179067621	-0.0492629	0.154851	-0.0076782	-0.00311851	1.69758e-05	0.00123986	0
3722.048836929	3261.21696609	-0.0431175	0.121035	0.00350901	-0.00311851	0.000366833	0.00139408	0
3731.299892591	3265.74845439	-0.0484454	0.088823	-0.0102728	-0.00288147	1.06402e-05	0.00112257	0
3710.054524564	3264.071183706	-0.0465375	0.106133	-0.0103981	-0.00280244	0.000121406	0.00115708	0
3718.464480845	3261.856658043	-0.052976	0.115945	-8.01257e-05	-0.00301166	5.75991e-06	0.00114178	0
3725.128948399	3262.06045371	-0.0493325	0.125748	-0.00511327	-0.00291038	0.000161225	0.00123986	0
3730.933294999	3271.476029162	-0.0450703	0.150732	0.0100828	-0.00361187	0.00027115	0.00126435	0
3729.032866913	3266.187046387	-0.0509644	0.172595	0.00511746	-0.00387039	9.52958e-05	0.00143376	0
3734.299767608	3266.204568501	-0.0494234	0.154889	0.00425526	-0.00339639	0.000215918	0.00116955	0
3731.765748211	3273.579222006	-0.0408824	0.120164	-0.00354857	-0.00328889	0.000488786	0.00126738	0
3734.130648529	3268.611298277	-0.0517718	0.0971477	-0.04214	-0.00314988	0.000299636	0.00129417	0
3723.543586735	3266.509183717	-0.0460193	0.0986921	-0.0113331	-0.0028011	0.000195565	0.00114695	0
3728.377487254	3267.658903978	-0.0542247	0.120222	0.0008641	-0.00275201	1.27066e-05	0.00129957	0
3721.631399859	3271.441793646	-0.0471862	0.130235	-0.0156301	-0.00269765	0.000145269	0.00127778	0
3731.67651974	3267.668338963	-0.0436063	0.148997	-0.000121971	-0.00275011	0.000535829	0.00130462	0
3731.484574774	3266.258482698	-0.0422916	0.108455	-0.0207597	-0.00249719	0.000574927	0.00171272	0
3743.209472493	3264.946480702	-0.0524689	0.190548	-0.0256205	-0.00278575	0.000186341	0.00129989	0
3727.217517136	3277.356181112	-0.0541106	0.102427	-0.053694	-0.00331613	0.000234016	0.00130964	0
3731.191988394	3278.233904248	-0.0526059	0.0990768	-0.0223093	-0.00317672	0.000302349	0.00127804	0
3737.659669128	3276.051996675	-0.046709	0.106013	-0.0234971	-0.00322856	0.000351533	0.00129151	0
3735.059592995	3272.434623593	-0.0429908	0.130055	0.00111654	-0.00386501	0.000300159	0.00129271	0
3728.742355613	3271.704355788	-0.0508591	0.157316	0.0143282	-0.00392329	0.000386106	0.00102286	0
3730.808790156	3273.247380121	-0.0562768	0.103777	-0.0464177	-0.00344113	0.000300159	0.000991015	0
3722.479762023	3269.058786117	-0.0491371	0.120597	-0.0116347	-0.00310047	0.000277636	0.00104825	0
3723.415277578	3265.929336523	-0.055953	0.115933	-0.00630208	-0.00294887	8.46398e-05	0.0012345	0
3718.714873917	3265.488857529	-0.0479596	0.141498	-0.0263467	-0.0028254	0.000115505	0.00128699	0
3721.155168835	3264.8693834	-0.0549664	0.16179	-0.00303224	-0.00281312	0.000166322	0.00125726	0
3726.846423536	3267.506057229	-0.0564752	0.162657	-0.0243935	-0.0033079	0.000115505	0.000978064	0
3738.680608838	3266.830781905	-0.0510033	0.170584	-0.00433764	-0.00384259	0.000429153	0.00112512	0
3735.464925428	3268.189150111	-0.0507288	0.144352	-0.0327729	-0.00358397	0.000311554	0.00118591	0
3739.377490111	3269.60304994	-0.0475267	0.104786	-0.0447845	-0.00270604	0.000247989	0.00107793	0
3727.440588313	3272.634914837	-0.0544476	0.106427	-0.00784558	-0.00256309	0.000225911	0.00102923	0
3725.447127442	3264.219986891	-0.0559624	0.0968138	-0.0475609	-0.0025369	0.000311554	0.000894951	0
3724.837053712	3264.599542841	-0.0536109	0.12586	-0.0186147	-0.0021711	-0.000144668	0.00118028	0
3715.994443103	3260.380756886	-0.0523934	0.15699	-0.0509006	-0.00227861	6.37293e-05	0.00114287	0
3723.413548344	3262.727102762	-0.0486367	0.176652	-0.0136731	-0.00245335	0.00028923	0.00119459	0
3722.999223895	3262.661327441	-0.0568907	0.173083	-0.0311731	-0.00257053	0.000177332	0.00104122	0
3717.950206675	3265.967346032	-0.0471958	0.172559	-0.0339013	-0.0019528	0.000177332	0.00134796	0
3722.626746907	3257.799075539	-0.0524487	0.153436	-0.0306504	-0.00197391	0.000177332	0.0009422	0
3716.472749208	3263.058944647	-0.0516643	0.132158	-0.0460769	-0.00184963	0.000177332	0.0009875	0
3711.212419602	3265.631730152	-0.0570165	0.133225	-0.00693969	-0.00219789	0.000201687	0.00102974	0
3716.979068902	3261.796543713	-0.0492852	0.144754	-0.0330018	-0.00196337	4.18759e-05	0.000982986	0
3716.283571016	3267.308461695	-0.0463045	0.149254	-0.0101288	-0.00194966	0.000203517	0.000864961	0
3723.50001004	3266.930253599	-0.0550929	0.163466	-0.0277868	-0.00209485	-4.73992e-05	0.0010527	0
3726.479480096	3263.863074903	-0.048054	0.151125	-0.0274338	-0.00208199	0.000352687	0.00133936	0
3719.437002005	3264.630543505	-0.0558267	0.151188	-0.026828	-0.00212657	0.000227313	0.00105247	0
3726.359471262	3271.395697007	-0.0549414	0.149294	-0.0397563	-0.00211356	4.01391e-05	0.000874335	0
3722.736726185	3268.410198321	-0.0546249	0.144972	-0.0185396	-0.00216653	0.000193452	0.000926552	0
3733.477343952	3271.824045307	-0.061024	0.147574	-0.0428494	-0.00197042	0.000109947	0.000903856	0
3730.258893767	3269.093560774	-0.053593	0.147565	-0.0283495	-0.00164198	0.000268928	0.000899408	0
3732.390347505	3273.377582908	-0.0551769	0.182088	-0.0279127	-0.00182885	-0.000180997	0.000915681	0
3736.546734172	3275.581864873	-0.0521487	0.176148	-0.0445011	-0.00200643	7.52957e-05	0.00133936	0
3734.405596724	3275.646831481	-0.0551062	0.186116	-0.0291234	-0.00221017	0.000214665	0.000952529	0
3738.858719933	3273.377043766	-0.0563141	0.180413	-0.0809244	-0.00218177	-0.000180997	0.00133936	0
3731.12247319	3269.562344721	-0.0540253	0.152779	-0.074383	-0.00159616	0.000158203	0.00111595	0
3738.176364225	3276.501641082	-0.0586838	0.150308	-0.0466861	-0.00150938	0.000240685	0.00114732	0
3728.300363421	3281.46390382	-0.0570473	0.126	-0.067696	-0.00243943	0.000378497	0.00133936	0
3728.70292908	3269.877473206	-0.0460452	0.127592	-0.0126926	-0.00303942	0.000458928	0.00133936	0
3728.681140732	3275.37645178	-0.0548446	0.119735	-0.056192	-0.00265934	0.000378497	0.00133936	0
3731.545443809	3275.629848508	-0.054037	0.154758	-0.0131233	-0.00324933	0.000269604	0.00129244	0
3731.340010818	3278.10343189	-0.0487129	0.169678	0.000539508	-0.0035756	0.000356929	0.00150024	0
3728.14992007	3276.709749884	-0.0481207	0.142471	-0.0668535	-0.00314652	0.000209855	0.00134826	0
3725.457156999	3272.487729078	-0.0608728	0.139042	-0.0570966	-0.00178643	0.000137035	0.0010664	0
3724.605682213	3276.126398267	-0.0532075	0.137173	-0.0864341	-0.00217505	0.000118133	0.00106533	0
3713.980577272	3273.364373929	-0.0532595	0.143394	-0.0172743	-0.00292024	0.000209855	0.00113681	0
3721.272410895	3272.840867072	-0.0497094	0.133217	-0.0163847	-0.00287784	-0.00017056	0.00137607	0
3720.105177995	3270.081808014	-0.0488614	0.155032	0.00272578	-0.00340696	0.000152727	0.00115373	0
3718.012459096	3273.440662519	-0.0467595	0.14887	0.00525404	-0.00354692	0.000344111	0.00114353	0
3716.262128515	3268.52180071	-0.0499486	0.108755	-0.0496415	-0.00314569	0.000149043	0.00124595	0
3713.296838177	3266.027460362	-0.0461931	0.107724	-0.0164338	-0.00219384	0.000149043	0.00105731	0
3712.908798084	3264.414617144	-0.0598259	0.124534	-0.0593384	-0.00212609	-5.01871e-05	0.00100011	0
3715.378144132	3262.841940002	-0.0518836	0.14108	-0.0139554	-0.00227862	0.000239073	0.00125657	0
3729.81102218	3266.38464192	-0.0461225	0.165054	-0.0205244	-0.00192876	0.000149043	0.00115866	0
3727.477939766	3261.93779891	-0.0521564	0.208779	-0.0091004	-0.0025789	0.000149043	0.00108302	0
3724.084491107	3263.287001703	-0.0507385	0.229518	0.00131587	-0.00324275	0.000744461	0.00111658	0
3717.903517359	3260.173456797	-0.046446	0.196494	-0.0267698	-0.00460486	0.000908955	0.00133776	0
3715.301020299	3259.920060069	-0.0495796	0.163809	-0.0101849	-0.00487065	0.000799843	0.00128075	0
3718.10030418	3259.608436007	-0.0465954	0.139454	-0.00762427	-0.00439451	0.00115203	0.00126281	0
3717.572196138	3260.338434241	-0.0453497	0.119543	-0.050561	-0.00456439	0.000761471	0.0012051	0
3726.406852271	3260.328729686	-0.0536184	0.112849	-0.0539335	-0.00424118	0.000593085	0.00098705	0
3727.904368852	3264.219447749	-0.058866	0.125616	-0.0177061	-0.00369443	0.000344335	0.000967745	0
3726.707738975	3263.799725721	-0.0549665	0.141891	-0.0339864	-0.00318041	0.000178792	0.00104372	0
3723.145517085	3264.534845804	-0.0624235	0.179413	-0.0178094	-0.00338412	0.000352417	0.000708397	0
3722.030507049	3270.610436721	-0.0600486	0.191572	-0.0524699	-0.00317914	0.00040617	0.000695727	0
3735.699755395	3272.254011032	-0.051297	0.187838	-0.0418735	-0.0032013	0.000576098	0.000890896	0
3730.581914665	3276.584938517	-0.0508728	0.197491	-0.0781369	-0.00216115	0.000348382	0.00108016	0
3734.916758273	3277.454844094	-0.0450357	0.146491	-0.0668795	-0.000806032	0.000707828	0.00106299	0
3724.854346052	3277.966489828	-0.0560863	0.113588	-0.0762881	-0.00102838	0.00052353	0.000762524	0
3726.391635013	3281.703013286	-0.0604444	0.125034	-0.074685	-0.00195742	0.000406041	0.000827193	0
3733.027743131	3274.620035589	-0.0587929	0.133083	-0.04393	-0.0017856	0.000406041	0.000646731	0
3727.868746633	3274.370143284	-0.0637551	0.146837	-0.109394	-0.00185481	0.000347719	0.000623665	0
3728.273733219	3266.72295351	-0.0589693	0.169587	-0.0558262	-0.00164714	0.000592256	0.000763822	0
3723.568487704	3265.813690569	-0.0640228	0.191315	-0.0864863	-0.001919	0.000528676	0.000711944	0
3729.787158752	3264.880974952	-0.0649458	0.212553	-0.0608531	-0.00201977	0.000600489	0.000812107	0
3722.118006286	3273.783826386	-0.0610193	0.197054	-0.0856777	-0.00238615	0.000717535	0.000809528	0
3722.258074234	3277.711206103	-0.0689561	0.1527	-0.137718	-0.00215444	0.000331613	0.000795198	0
3714.260713168	3271.962604794	-0.0592442	0.158641	-0.083981	-0.00179522	0.00069996	0.000737456	0
3717.027487451	3271.832671578	-0.0611326	0.149334	-0.088945	-0.00174389	0.000426183	0.00062241	0
3701.440864527	3274.330246778	-0.0606923	0.168241	-0.0908871	-0.00159899	0.00040348	0.000833919	0
3709.697264835	3271.954517665	-0.0582908	0.181503	-0.054262	-0.00192891	0.000449123	0.00067661	0
3703.069111193	3271.65286773	-0.0554422	0.153304	-0.0906421	-0.00147469	0.000458925	0.000849693	0
3703.918856745	3269.064177536	-0.054361	0.171326	-0.0514735	-0.00151486	0.000458925	0.000561904	0
3706.552480015	3267.394185269	-0.0661264	0.168442	-0.109597	-0.00143048	2.95092e-05	0.000555621	0
3702.575933677	3270.505034465	-0.053538	0.168975	-0.0597794	-0.00146759	0.000458925	0.000671108	0
3700.099324847	3268.485678197	-0.0672523	0.198186	-0.089506	-0.00157816	0.00023332	0.000427138	0
3702.106273742	3266.652865053	-0.0644874	0.173776	-0.0682527	-0.00151476	0.000616556	0.000569205	0
3706.791460144	3264.159333418	-0.0655464	0.137416	-0.0716448	-0.00182498	0.000246366	0.00048181	0
3697.969600342	3264.54724607	-0.0605813	0.141723	-0.0654437	-0.00162784	0.000418782	0.000651597	0
3696.139725001	3265.077492202	-0.0648738	0.137052	-0.0341836	-0.00155854	0.00054144	0.000549272	0
3692.401467098	3263.813473842	-0.0689438	0.135341	-0.0720968	-0.00169743	0.000139583	0.000518405	0
3700.776838699	3258.312338699	-0.0610276	0.167995	-0.0396423	-0.00198533	0.000614547	0.000508619	0
3701.403167228	3260.951708238	-0.0630112	0.147837	-0.0409583	-0.00321177	0.000366953	0.000838263	0
3699.319094499	3261.419953043	-0.0587817	0.137711	-0.017302	-0.00301683	0.000614547	0.000857156	0
3707.485228796	3262.26532766	-0.0583013	0.136332	-0.0061334	-0.00301683	0.000556767	0.000974493	0
3699.305952321	3264.759668008	-0.0607673	0.104195	-0.0407184	-0.00294766	0.000471359	0.000897786	0
3709.699339916	3265.280209585	-0.028811	0.107035	0.00674922	-0.00547637	0.000642839	0.00172761	0
3704.134319292	3265.360002597	-0.0274827	0.136875	0.00037598	-0.00751183	1.70582e-05	0.0018986	0
3690.061813594	3267.86943892	-0.0421015	0.115506	0.0292657	-0.0081545	0.000390871	0.00187028	0
3687.92344292	3259.848893328	-0.0454316	0.14062	0.0302547	-0.00880366	7.99354e-05	0.00185813	0
3686.398258597	3252.927388653	-0.050207	0.183863	0.0300538	-0.00832343	0.000151593	0.00138118	0
3683.655347742	3264.827330326	-0.0573882	0.177264	0.0359425	-0.00732395	0.000148212	0.00120824	0
3689.541314182	3259.509773026	-0.065823	0.143855	-0.00366535	-0.00671914	-8.94652e-05	0.00102071	0
3686.611300217	3260.419305538	-0.057297	0.150633	0.0231451	-0.00708818	0.000395363	0.000902201	0
3685.60177345	3262.248614259	-0.0653806	0.142833	-0.00235155	-0.00614093	0.000367098	0.000712159	0
3697.27375661	3267.295791858	-0.0656976	0.144313	-0.00344241	-0.0053417	0.00053576	0.000703425	0
3699.29315599	3260.358382494	-0.0605014	0.145116	-0.00307534	-0.00562229	0.00053576	0.000896562	0
3703.49761536	3266.946158287	-0.067684	0.126416	-0.00987828	-0.00536777	0.000204846	0.000924267	0
3706.229804965	3266.332075578	-0.0662717	0.11197	-0.00367848	-0.00518682	0.000591253	0.000630121	0
3711.600805542	3269.608171789	-0.0703388	0.116674	-0.070272	-0.00359246	0.000100162	0.00081364	0
3709.742570764	3269.198154317	-0.0659784	0.1738	-0.0537544	-0.00373253	0.000313716	0.000744127	0
3711.091373227	3261.832127083	-0.0726576	0.254058	-0.0246569	-0.00443688	0.000377853	0.00072211	0
3721.371668923	3266.997646346	-0.0637132	0.213949	-0.0406774	-0.00490653	0.000702249	0.00121305	0
3716.301209202	3268.639603231	-0.0695379	0.201316	-0.0192314	-0.00502375	0.000694783	0.000774864	0
3730.524504098	3265.800751161	-0.0746175	0.20479	-0.00415423	-0.00528334	0.000282036	0.000697933	0
3734.436377088	3269.577440697	-0.0893401	0.194582	0.0727105	-0.00745565	0.000282036	-0.000292901	0
3759.037496473	3272.293098825	-0.083104	0.120302	0.131962	-0.0073278	0.000797856	-0.000505773	0
3720.353495987	3263.911597681	-0.080118	0.125499	0.166145	-0.00670183	0.000825286	-0.000551263	0
3725.995294597	3259.649410797	-0.0634829	0.161073	0.0967087	-0.00686018	0.00161137	-0.000185734	0
3716.469636587	3259.01133627	-0.0556706	0.129289	0.0990019	-0.0066089	0.00220505	-0.000185734	0
3723.200852571	3261.91030267	-0.0527791	0.157302	0.0642426	-0.00675354	0.0023995	0.000344752	0
3719.274108169	3263.020395996	-0.0438001	0.177998	0.0260006	-0.0067718	0.00248272	0.000582168	0
3716.879810874	3263.345229036	-0.0386691	0.191097	0.0384636	-0.00660679	0.00264945	0.000497805	0
3726.770337243	3263.016622002	-0.0399531	0.141516	-0.0216964	-0.00523143	0.00267157	0.000540917	0
3739.60782407	3266.465782788	-0.0419325	0.112341	-0.101286	-0.00268049	0.00250096	0.0012852	0
3736.224404968	3264.16256827	-0.0440999	0.24496	-0.202782	-0.00415087	0.00286768	0.00107749	0
3725.64529765	3272.859197899	-0.0356974	0.145251	-0.127668	-0.00480786	0.00334744	0.000983166	0
3745.550509383	3273.540403784	-0.0484629	0.125269	-0.0341105	-0.00505994	0.00276183	0.000861862	0
3729.476242492	3275.761938292	-0.0561408	0.106574	-0.0521035	-0.00533498	0.00244016	0.000577924	0
3737.208684919	3276.096475888	-0.0550987	0.117373	-0.0203183	-0.00478771	0.00250467	0.000472159	0
3727.126905278	3268.401572049	-0.0601797	0.140075	-0.0641603	-0.00470996	0.00220505	0.000558738	0
3731.851864061	3263.723437132	-0.0564578	0.166003	-0.0359822	-0.00491086	0.00239107	0.000406325	0
3719.435964465	3264.548324353	-0.0624455	0.181549	-0.0572239	-0.00426497	0.00220505	0.000380382	0
3718.16048152	3268.101000398	-0.0592809	0.197267	-0.0339921	-0.00481423	0.00220505	0.000665038	0
3709.954574843	3261.902485111	-0.0604902	0.213364	-0.0430483	-0.00527423	0.00220505	0.000665038	0
3703.504878143	3260.793200497	-0.0609751	0.209044	-0.0173503	-0.00484837	0.00220505	0.000665038	0
3694.72071564	3262.631674632	-0.0532047	0.175302	-0.0227119	-0.00520078	0.00235548	0.000462577	0
3690.017891053	3265.794011887	-0.0570554	0.141595	-0.0231164	-0.00486976	0.00219732	0.000514173	0
3681.308085609	3265.713679733	-0.0538539	0.156546	0.0118757	-0.00463506	0.0024097	0.000540952	0
3681.346474602	3264.519749829	-0.0581002	0.161092	-0.0278505	-0.00394504	0.00181742	0.000484255	0
3677.61029178	3265.932301803	-0.0579869	0.165168	-0.00956026	-0.00325892	0.00185507	0.000432162	0
3677.78459856	3266.807868371	-0.057532	0.182628	-0.00479061	-0.00330257	0.00200501	0.000477008	0
3674.229985299	3264.048270172	-0.0631634	0.184645	-0.00685848	-0.0032702	0.00170676	0.000513924	0
3671.430355572	3260.215509871	-0.0623813	0.201015	0.000387979	-0.00372151	0.00188315	0.000221435	0
3677.847196828	3262.256162247	-0.067077	0.196204	-0.0254118	-0.00352842	0.0017626	0.000185081	0
3682.075173779	3259.521095007	-0.0638628	0.199496	-0.00961344	-0.00361262	0.00185381	8.76624e-05	0
3684.54313644	3255.590750009	-0.063651	0.18224	-0.0155045	-0.00361156	0.00200445	0.000129507	0
3681.748348567	3259.801448834	-0.0672702	0.182378	-0.020827	-0.0034186	0.00160322	4.18276e-05	0
3684.201093969	3261.855310188	-0.0624404	0.193464	-0.0109708	-0.00384749	0.00182978	2.57225e-05	0
3680.422717839	3257.842746039	-0.069597	0.18835	-0.0372078	-0.00391159	0.00168019	0.000134554	0
3682.82393207	3252.698792455	-0.063384	0.187735	-0.0144962	-0.00357167	0.00180864	7.77298e-05	0
3683.395270959	3251.621047647	-0.0640819	0.170587	-0.0110679	-0.00348248	0.00168661	0.000235849	0
3685.690310227	3259.483894211	-0.0654726	0.180311	-0.0165103	-0.00324809	0.00149342	0.000255459	0
3676.89162216	3255.76570158	-0.0598037	0.177262	-0.00807874	-0.00338438	0.00182377	0.000207273	0
3693.847106661	3256.601910783	-0.0669353	0.189999	-0.0191062	-0.00378702	0.00178922	0.000238045	0
3687.137679024	3253.158950131	-0.0678532	0.181532	-0.0115623	-0.00351467	0.00179163	0.000330624	0
3688.36889358	3256.948579073	-0.0649195	0.196318	-0.00505856	-0.00367208	0.00182272	0.000148612	0
3684.388888774	3256.682242938	-0.0764143	0.182258	-0.0260273	-0.00383644	0.00176462	0.000255332	0
3694.868738065	3253.277830936	-0.0600828	0.194335	0.0174457	-0.00573984	0.00197381	0.000513924	0
3696.751873811	3262.973221073	-0.0674365	0.15786	0.0173065	-0.00554583	0.00177055	0.000584467	0
3696.808246837	3264.036139477	-0.0689619	0.132315	0.00785943	-0.00547193	0.00174475	0.000471972	0
3694.46790164	3259.233193193	-0.0614678	0.137168	0.017357	-0.00557301	0.00180586	0.000598507	0
3690.575741917	3259.765865464	-0.067215	0.126454	-0.00379899	-0.00533448	0.00163875	0.000708835	0
3696.675787518	3259.126982223	-0.062798	0.155828	0.00703817	-0.0050117	0.00173436	0.000459777	0
3691.352859644	3262.370460345	-0.0653259	0.158881	-0.00391523	-0.00476073	0.00167414	0.000436578	0
3693.58357141	3257.577488187	-0.0602262	0.194942	-0.0173923	-0.00357392	0.00144299	0.000708685	0
3694.269385585	3263.276218863	-0.0634046	0.22076	0.000511828	-0.00516861	0.00147175	0.000416348	0
3698.421276244	3256.869055632	-0.0636617	0.213791	-0.0197369	-0.00550692	0.0014481	0.000592929	0
3701.701633004	3261.448257997	-0.0614872	0.19883	-0.0148332	-0.00560754	0.00150998	0.000592929	0
3711.797246516	3267.282852451	-0.0541976	0.137569	-0.0180925	-0.00525195	0.00165927	0.000592929	0
3691.169906695	3260.70100722	-0.0613682	0.131021	-0.0216722	-0.00462906	0.00139871	0.000592929	0
3702.038487773	3259.600618449	-0.0580795	0.146783	-0.00232814	-0.00448062	0.00149823	0.000423031	0
3694.530845755	3258.04492428	-0.0668289	0.152773	-0.00961598	-0.00465588	0.00128453	0.000371908	0
3705.458566633	3261.506754901	-0.0614994	0.170809	-0.0150086	-0.00417841	0.00147616	0.00033846	0
3701.860030831	3259.448310841	-0.0635521	0.18654	-0.000522226	-0.00457025	0.00165927	0.000592929	0
3701.084296492	3265.788081325	-0.0664207	0.175471	-0.0108583	-0.00495081	0.00158292	0.000434972	0
3710.262724329	3259.486589921	-0.065105	0.192829	0.00918077	-0.0057083	0.00160377	0.00036196	0
3718.88883485	3262.593665123	-0.0732407	0.174562	-0.0353285	-0.00559207	0.00158839	0.00034938	0
3706.709840303	3259.427284304	-0.0701025	0.150803	-0.0180686	-0.00506999	0.00155202	0.000322338	0
3708.820889081	3264.536732801	-0.0757761	0.146783	-0.00647139	-0.00524929	0.00154915	0.000361448	0
3708.981361989	3263.539859289	-0.0723222	0.135674	-0.0250478	-0.00521046	0.00139346	0.000210529	0
3712.307370524	3266.48276576	-0.0676652	0.158496	0.0042297	-0.00500384	0.00184876	0.000314378	0
3712.259297821	3256.726183009	-0.0655042	0.16284	-0.0262964	-0.00458861	0.00139346	0.000415793	0
3718.12935531	3263.478666675	-0.0683003	0.191055	-0.015009	-0.00500177	0.00174268	0.000468699	0
3707.743922191	3262.741929166	-0.0717359	0.211497	-0.0161593	-0.00490652	0.00139346	0.000340843	0
3720.194406465	3267.882378327	-0.0789759	0.174289	-0.0773608	-0.00428391	0.00139346	0.000431881	0
3717.055846888	3261.74397737	-0.0733429	0.187554	-0.0479021	-0.00366605	0.00149116	0.000382311	0
3717.252633709	3259.687959449	-0.0771575	0.183717	-0.0731848	-0.00351705	0.00139346	0.000453751	0
3710.185254649	3256.812984867	-0.0698408	0.197454	-0.0520475	-0.00402337	0.00139346	0.000596594	0
3721.335700857	3259.300316368	-0.0693083	0.188512	-0.0230817	-0.0048374	0.00175533	0.00055543	0
3720.609076761	3266.035817063	-0.0692445	0.194296	-0.0519583	-0.00499088	0.00165071	0.000528979	0
3722.625709367	3261.510259324	-0.0642877	0.199143	-0.0531557	-0.00429778	0.00173957	0.000411969	0
3726.145392102	3263.010961012	-0.0730238	0.185327	-0.0756953	-0.0038569	0.00152276	0.000356266	0
3723.594772059	3260.35433893	-0.068017	0.182878	-0.0691764	-0.0037522	0.00143334	0.000614362	0
3724.326929704	3266.085957266	-0.0740261	0.21128	-0.0504662	-0.00370835	0.00151143	0.000458396	0
3709.75052524	3259.457745825	-0.0716256	0.202372	-0.0873795	-0.00375711	0.00135774	0.000454038	0
3720.783037694	3262.495271713	-0.0653061	0.211821	-0.0651467	-0.00346274	0.00164232	0.000585811	0
3728.346706891	3260.406905272	-0.0684322	0.231084	-0.0923292	-0.0040158	0.00125577	0.000497553	0
3722.303726009	3261.672001917	-0.066739	0.239828	-0.0466043	-0.00455045	0.00163004	0.00065088	0
3728.469136653	3256.837246256	-0.0667468	0.197576	-0.0493391	-0.00566355	0.00125577	0.000714198	0
3719.700191409	3261.404317926	-0.067047	0.153285	-0.0688781	-0.00550247	0.00170119	0.000504859	0
3724.250497564	3262.482332305	-0.0643364	0.150973	-0.0320904	-0.00488861	0.00152556	0.000522244	0
3718.70380682	3262.094419654	-0.0720855	0.161875	-0.0664801	-0.00438581	0.00115626	0.000598356	0
3723.888741827	3260.123047022	-0.0625192	0.181059	-0.0460257	-0.00419756	0.00155417	0.000637333	0
3718.542642218	3256.003732762	-0.0654057	0.178046	-0.05017	-0.00466095	0.00155417	0.000649413	0
3727.72279929	3259.482815927	-0.0692613	0.221906	-0.0252574	-0.00520879	0.0016883	0.00083945	0
3727.026263864	3259.724621103	-0.0639184	0.208208	-0.0153126	-0.00588417	0.00155417	0.000537489	0
3729.310927728	3264.013225943	-0.0702436	0.200009	-0.0336384	-0.00601058	0.00155417	0.000543602	0
3726.978191161	3261.421300898	-0.0628611	0.180772	-0.0581267	-0.00434087	0.00148591	0.000647168	0
3735.879249876	3258.572205131	-0.0713803	0.166448	-0.0792322	-0.00439223	0.00124176	0.000595329	0
3719.083200744	3258.825601859	-0.0622391	0.166905	-0.0424112	-0.004973	0.00167426	0.000558792	0
3721.262035492	3259.249637023	-0.0747282	0.177421	-0.0209792	-0.00483657	0.00180372	0.000858942	0
3723.475109072	3265.282096582	-0.0731525	0.180164	-0.0597677	-0.0051681	0.00140992	0.000399299	0
3725.012398033	3271.9504741	-0.0622704	0.192757	-0.014434	-0.00505407	0.0014817	0.00059854	0
3735.015324607	3272.096042433	-0.0644704	0.22401	-0.0600453	-0.00565098	0.00156246	0.000563732	0
3737.885161232	3263.895692993	-0.0628164	0.184825	-0.045537	-0.00514884	0.00168413	0.000608996	0
3726.141587787	3265.788890038	-0.0633141	0.16858	-0.0902335	-0.00499737	0.00132676	0.000525761	0
3727.147310239	3267.447021182	-0.0653569	0.159047	-0.0487535	-0.00506616	0.00161771	0.000609253	0
3722.180950401	3267.181763331	-0.0671308	0.151776	-0.0652196	-0.00476064	0.0014817	0.000531646	0
3718.219967167	3266.127471198	-0.0640957	0.191974	-0.0407001	-0.00531797	0.0014817	0.000516991	0
3715.757538055	3264.317841159	-0.06831	0.189304	-0.038493	-0.00540893	0.00175904	0.000370744	0
3712.517299523	3256.859081506	-0.0662109	0.173239	-0.0674021	-0.00540447	0.00162614	0.000642665	0
3713.670006859	3265.900222856	-0.0687932	0.194045	-0.0395187	-0.00453006	0.00131141	0.000625249	0
3718.646396254	3267.59393737	-0.0711814	0.167231	-0.0834984	-0.0050574	0.00122958	0.000554347	0
3708.908042471	3258.788670634	-0.0648336	0.17645	-0.043863	-0.00449373	0.0014817	0.000518029	0
3720.055030211	3264.384155622	-0.0713612	0.201621	-0.0568194	-0.00484299	0.00130684	0.000486325	0
3717.081785397	3264.151785431	-0.0669271	0.218982	-0.0368271	-0.00452984	0.00132684	0.00049416	0
3720.575183776	3252.821716825	-0.0703859	0.21278	-0.0484602	-0.00453898	0.0012922	0.000537256	0
3720.558237284	3259.603314158	-0.0675198	0.178578	-0.091547	-0.0045294	0.00128511	0.000597026	0
3724.186861756	3263.758211789	-0.0673855	0.189851	-0.0453401	-0.00435675	0.00124826	0.000366874	0
3715.833278501	3258.604284079	-0.0669557	0.192396	-0.0879373	-0.00416918	0.00107863	0.000501029	0
3722.401254803	3260.937690547	-0.0647849	0.208224	-0.0720092	-0.00369916	0.00126653	0.000925914	0
3721.492369451	3260.999961445	-0.0697842	0.225849	-0.0773572	-0.00358066	0.00107037	0.00052781	0
3723.291118582	3258.01230619	-0.0632966	0.239805	-0.0572502	-0.00371048	0.00142321	0.000717082	0
3715.657588335	3256.246616222	-0.0695432	0.25558	-0.0444732	-0.00438696	0.00107037	0.000585938	0
3726.904871642	3264.598734128	-0.0666595	0.205479	-0.104391	-0.00422739	0.00143068	0.00043122	0
3720.045000654	3260.898602753	-0.0665277	0.199715	-0.0753345	-0.00379058	0.00139182	0.000364435	0
3724.774801291	3260.390191871	-0.0711532	0.194822	-0.0845024	-0.00367582	0.00102468	0.00047818	0
3719.528305557	3259.326734325	-0.0653961	0.202926	-0.0701262	-0.00343312	0.00140472	0.000397582	0
3723.109894866	3261.414831195	-0.0679564	0.208479	-0.0533046	-0.00335117	0.00141977	0.000482636	0
3721.116433995	3265.289374998	-0.0665973	0.225163	-0.0855442	-0.00366297	0.00120391	0.000606726	0
3719.544560356	3262.979421206	-0.0636742	0.248263	-0.0530755	-0.00413267	0.00159116	0.000540405	0
3738.548841213	3266.571454615	-0.0730749	0.26851	-0.10681	-0.00442505	0.00139552	0.00054649	0
3725.736601201	3266.105096806	-0.0732127	0.255029	-0.0919914	-0.00429375	0.00115061	0.000730443	0
3725.886007013	3263.611565172	-0.0667231	0.242881	-0.0752359	-0.00467888	0.00109846	0.000708355	0
3722.514692548	3266.983628655	-0.0734892	0.212173	-0.136792	-0.00469845	0.00138182	0.000685564	0
3721.809510953	3268.517218003	-0.0732345	0.200627	-0.115821	-0.00443196	0.00119828	0.000647867	0
3714.880816455	3264.943515421	-0.0671232	0.194404	-0.0960392	-0.00445207	0.00131116	0.000464389	0
3717.041321323	3266.61647297	-0.067556	0.189742	-0.14918	-0.0046907	0.00130711	0.000685641	0
3703.776713716	3268.664134191	-0.0653375	0.202559	-0.108899	-0.00430482	0.00131661	0.000573197	0
3719.790111573	3269.560727295	-0.0687505	0.203232	-0.0818095	-0.00404928	0.00148394	0.00069164	0
3715.336642518	3268.696482709	-0.0619114	0.215932	-0.0890981	-0.00366912	0.00131661	0.000700872	0
3721.930211481	3272.380170254	-0.0697255	0.226391	-0.0581705	-0.00354089	0.00152325	0.000642126	0
3716.691324376	3269.048542419	-0.072322	0.210774	-0.0947902	-0.00414267	0.00131661	0.000770777	0
3723.243737572	3271.142030708	-0.0675739	0.203472	-0.0537216	-0.0044427	0.00157475	0.000643455	0
3712.540817105	3271.969344069	-0.0700367	0.194183	-0.0826913	-0.00465269	0.00141069	0.000794351	0
3717.891066875	3268.040346926	-0.0637652	0.18856	-0.0671567	-0.0041646	0.0013049	0.000806878	0
3722.346265164	3267.191737457	-0.0680434	0.155573	-0.097721	-0.0045328	0.00111662	0.000634556	0
3711.549966064	3268.266786555	-0.0633861	0.129912	-0.0655096	-0.00426816	0.00145153	0.000960478	0
3721.638662641	3269.098952194	-0.0692377	0.131689	-0.0522368	-0.0040597	0.00135844	0.000717403	0
3698.752943311	3267.931170676	-0.0672389	0.156687	-0.0453538	-0.00394149	0.00162476	0.000658878	0
3703.042826837	3266.377633075	-0.0717277	0.175815	-0.0225089	-0.00405762	0.00137178	0.000511745	0
3699.027199812	3259.972087269	-0.0696431	0.194792	-0.0691132	-0.0040957	0.00116866	0.000676994	0
3700.547888127	3253.193455217	-0.061771	0.237313	-0.0185629	-0.00438122	0.00128791	0.000630295	0
3707.212009835	3259.122938659	-0.0729154	0.24517	-0.0584621	-0.00463813	0.001034	0.000686558	0
3705.053580048	3259.023197393	-0.068416	0.193843	-0.0544163	-0.00466313	0.00128976	0.000820865	0
3706.485731586	3261.369273698	-0.0661731	0.171841	-0.0608282	-0.00477003	0.00131071	0.000689081	0
3696.468625294	3253.811311921	-0.0658718	0.160979	-0.0289281	-0.00453335	0.00132186	0.00071992	0
3702.376380082	3260.370243618	-0.066729	0.157111	-0.00814685	-0.00469087	0.00124485	0.00051995	0
3685.989467696	3261.390839377	-0.0680661	0.153745	-0.0262975	-0.00449908	0.00141524	0.000601916	0
3698.450327374	3257.187149397	-0.0668765	0.175907	-0.00896941	-0.00485943	0.0014825	0.000541174	0
3694.715527939	3260.841992846	-0.0720626	0.18046	-0.030973	-0.00545552	0.00114247	0.000457884	0
3693.172705429	3262.451870784	-0.0722302	0.171583	-0.0161024	-0.00494976	0.00124485	0.000678469	0
3701.237160771	3257.036728786	-0.0761484	0.174109	-0.0407645	-0.00435336	0.00124485	0.000678469	0
3697.682547511	3263.421787197	-0.0755101	0.201362	-0.0657089	-0.00386958	0.00124485	0.000678469	0
3699.746561126	3261.855579759	-0.0715322	0.237327	-0.0545937	-0.00361999	0.00136131	0.000678469	0
3705.375217558	3259.929225482	-0.0724955	0.235541	-0.0715671	-0.00400061	0.00111864	0.000646244	0
3709.825573992	3263.735298255	-0.071744	0.210196	-0.0133663	-0.00515869	0.00124485	0.000618205	0
3717.171013867	3262.393913021	-0.0722211	0.187742	-0.0650763	-0.0050201	0.00109459	0.000682191	0
3710.66286906	3266.109949084	-0.0662332	0.169067	-0.0553325	-0.00450839	0.00124485	0.000987313	0
3714.331611759	3265.565146118	-0.0672811	0.16326	-0.0356131	-0.00501848	0.00130545	0.000801207	0
3707.369024276	3266.481957047	-0.0707712	0.157365	-0.0562939	-0.00504946	0.00105302	0.000987313	0
3709.918952624	3264.969663807	-0.0712818	0.176563	-0.0429985	-0.00455502	0.00115579	0.000842561	0
3709.280865305	3267.588006809	-0.0756133	0.185573	-0.0696331	-0.00484435	0.00109984	0.000816111	0
3713.707358312	3267.688017645	-0.0700707	0.221725	-0.0324302	-0.00522339	0.00135111	0.000592216	0
3715.17928223	3264.012956372	-0.0760571	0.219179	-0.0464289	-0.0049564	0.000992697	0.000949127	0
3717.740623523	3266.968263108	-0.0645328	0.19257	-0.0624778	-0.00440951	0.00131992	0.000630395	0
3708.14856293	3262.99694332	-0.0606489	0.176889	-0.0234066	-0.00508664	0.00137955	0.000652734	0
3704.425522285	3266.110488226	-0.0639199	0.146945	-0.0615638	-0.00470957	0.00144449	0.00114752	0
3706.616115824	3255.065895297	-0.0606047	0.128172	-0.0178771	-0.00357942	0.0018088	0.000918276	0
3715.108383639	3258.860106946	-0.0706773	0.24089	-0.0715782	-0.0045091	0.00129246	0.00104736	0
3718.849408317	3266.201064078	-0.0710355	0.223596	-0.04162	-0.00539683	0.00125047	0.000691864	0
3722.236631733	3264.690657835	-0.0745434	0.176264	-0.00482302	-0.00627466	0.00116163	0.000313195	0
3725.218868563	3266.090270402	-0.0704814	0.137723	-0.0617652	-0.00568798	0.00134305	0.000616481	0
3714.490355434	3263.016352431	-0.0706724	0.152653	-0.0486199	-0.00553207	0.00149814	0.000957646	0
3731.075438027	3272.198748979	-0.0672392	0.101224	-0.0641587	-0.00251219	0.0013266	0.00104977	0
3728.178279506	3260.32980797	-0.0818715	0.258576	-0.150019	-0.00271842	0.000703488	0.00094884	0
3723.506581129	3266.713788096	-0.0785463	0.231385	-0.113584	-0.00374464	0.000985347	0.00104308	0
3725.682303256	3266.861243426	-0.0771818	0.217833	-0.0801617	-0.00369791	0.00105418	0.000977869	0
3725.687145111	3265.25163506	-0.0777553	0.221788	-0.117174	-0.00384982	0.000914263	0.000881	0
3730.088737149	3263.418821916	-0.0758812	0.252173	-0.0744242	-0.00445645	0.00112161	0.00102874	0
3735.725348057	3266.784146124	-0.0848162	0.263279	-0.101369	-0.00449422	0.000612965	0.000786196	0
3728.526201372	3267.003846479	-0.0788997	0.262675	-0.0803799	-0.0044408	0.000903182	0.000866677	0
3727.321271172	3263.315037086	-0.0847963	0.268046	-0.0550516	-0.0050437	0.00116618	0.000583566	0
3735.798321729	3263.530693876	-0.0864889	0.21422	-0.101362	-0.00467193	0.000886891	0.00103137	0
3726.218019926	3263.602130187	-0.0814951	0.223807	-0.0884296	-0.00431775	0.000996819	0.000664848	0
3723.24823358	3259.298968514	-0.0921961	0.242692	-0.0813327	-0.0048418	0.000838765	0.000688022	0
3731.687586837	3261.781178167	-0.0977989	0.241163	-0.138385	-0.00543337	0.000578646	0.000401873	0
3721.177648876	3259.993652948	-0.0930472	0.251425	-0.117316	-0.00520555	0.000737062	0.000592284	0
3724.937695127	3256.581692959	-0.0922865	0.258878	-0.0963923	-0.00497623	0.000842002	0.000348904	0
3724.963633636	3256.486803972	-0.0919228	0.26332	-0.137792	-0.0050732	0.000661223	0.000189658	0
3723.650799239	3264.071453277	-0.0849422	0.247613	-0.0999771	-0.00463608	0.00114122	0.000392437	0
3729.768483025	3260.349486652	-0.0850699	0.220044	-0.107885	-0.00421452	0.00120286	0.000545671	0
3730.516549622	3261.505407046	-0.0814731	0.246621	-0.0985571	-0.00393437	0.00131843	0.000677108	0
3726.29721884	3258.435802212	-0.079005	0.222676	-0.10481	-0.00379046	0.00122156	0.000491721	0
3727.778480622	3264.026434922	-0.0799651	0.223077	-0.0874947	-0.00370216	0.00106475	0.00042852	0
3721.523149815	3267.128657846	-0.0801037	0.209273	-0.106956	-0.00355793	0.000939488	0.000665588	0
3718.472781168	3261.830240086	-0.0807191	0.20947	-0.10633	-0.00341639	0.000927754	0.000673087	0
3714.147275423	3259.217018933	-0.076982	0.238773	-0.0794268	-0.00362747	0.0010198	0.000680721	0
3720.875032939	3267.363184605	-0.0833505	0.22112	-0.099225	-0.00409123	0.00085716	0.000402979	0
3709.358680832	3261.357951716	-0.08764	0.218414	-0.0552613	-0.00444514	0.000729773	0.000451204	0
3714.013432717	3264.357468094	-0.0828647	0.192367	-0.0643487	-0.00538701	0.000660478	0.000287348	0
3705.103381985	3260.712329201	-0.0824946	0.14567	-0.0646169	-0.0052395	0.000936039	0.000592145	0
3689.97085589	3264.658848458	-0.0690716	0.159109	-0.0307162	-0.00522232	0.00138814	0.000844537	0
3695.51477986	3261.259019164	-0.0792493	0.157154	-0.0466012	-0.00507776	0.000806386	0.000551447	0
3695.429355704	3263.774116477	-0.0678494	0.168594	-0.0205106	-0.00473001	0.00138491	0.000942656	0
3706.369181219	3262.865662249	-0.072476	0.183484	-0.0229266	-0.00446672	0.000925834	0.000596024	0
3701.542889329	3266.672813306	-0.0743809	0.182442	-0.0604911	-0.00416558	0.000970894	0.000672687	0
3710.235056586	3260.453271482	-0.0657457	0.221226	-0.0392547	-0.00436899	0.00115254	0.000514704	0
3710.294542233	3260.473758877	-0.0748187	0.243546	-0.0780663	-0.00436982	0.000925835	0.000402424	0
3713.018085668	3264.461792066	-0.0789851	0.243633	-0.0549613	-0.00419714	0.000934302	0.000341395	0
3709.723203344	3260.536029775	-0.0816551	0.233181	-0.0674745	-0.00419033	0.00100811	0.000274288	0
3701.984881521	3262.966481799	-0.0870747	0.223763	-0.0755375	-0.00455096	0.000668777	0.00041795	0
3700.20549981	3264.803608079	-0.0802889	0.210857	-0.0584178	-0.00485358	0.00100811	0.000246621	0
3705.969036489	3266.706240109	-0.0828591	0.203287	-0.0482592	-0.00470674	0.000721052	0.000393734	0
3703.89672255	3257.06233803	-0.0850562	0.193336	-0.0890015	-0.00412375	0.000726468	0.000479287	0
3692.151419872	3256.631833163	-0.0839282	0.21405	-0.0647642	-0.00402313	0.00112088	0.000402371	0
3696.09787754	3261.26629758	-0.0813116	0.219233	-0.0389051	-0.00405274	0.000814491	0.000404202	0
3700.902381083	3266.627794951	-0.0760575	0.218104	-0.0754598	-0.00402731	0.000842242	0.000496597	0
3709.938320044	3257.934669746	-0.0735358	0.222086	-0.042829	-0.00454118	0.00124202	0.000654485	0
3706.425208398	3259.629732115	-0.074159	0.20694	-0.0627455	-0.00426449	0.00107962	0.000919021	0
3702.06131366	3263.335794052	-0.0691391	0.212123	-0.0516435	-0.00412471	0.00115365	0.000919021	0
3707.580682508	3264.377146776	-0.0686644	0.199851	-0.0450391	-0.00436971	0.00128389	0.000666377	0
3697.287936328	3269.776114514	-0.0749149	0.180015	-0.0729789	-0.00463693	0.00128389	0.00069972	0
3701.887352727	3266.664187035	-0.074096	0.167949	-0.035178	-0.00480255	0.00128389	0.000595826	0
3700.709398576	3264.924375881	-0.0838391	0.18042	-0.0709053	-0.00557889	0.00128389	0.000338852	0
3701.912599543	3259.952947729	-0.0778286	0.166856	-0.0381415	-0.00564595	0.00139756	0.000603116	0
3692.459915204	3267.211416139	-0.0781581	0.164882	-0.0593779	-0.00535353	0.00120519	0.00063223	0
3693.578037861	3261.477102093	-0.0790641	0.156298	-0.0463636	-0.00492808	0.00139338	0.000731633	0
3687.079922611	3258.724512739	-0.0724127	0.188227	-0.0162334	-0.00532413	0.00133094	0.000666588	0
3691.090016087	3264.051235452	-0.0798533	0.188691	-0.0594251	-0.00509654	0.00127216	0.000596493	0
3692.682640534	3255.771632142	-0.074771	0.209669	-0.0341504	-0.00471317	0.00127216	0.000919022	0
3696.300197909	3260.700468078	-0.0805591	0.206629	-0.0484663	-0.00489278	0.00127216	0.000919022	0
3697.817773604	3258.012575761	-0.0853049	0.211752	-0.0368242	-0.00466659	0.00127216	0.000919022	0
3690.653557444	3257.731682792	-0.0765858	0.218023	-0.0188874	-0.00541125	0.00150311	0.000677627	0
3702.846040016	3265.395046825	-0.0808322	0.18509	-0.0589178	-0.00563759	0.00100296	0.000716276	0
3687.741527511	3253.982489498	-0.0736267	0.172174	-0.0427453	-0.00533522	0.00127216	0.000752657	0
3706.134005405	3256.181110472	-0.0730245	0.15343	-0.060248	-0.0053915	0.00138734	0.000718586	0
3691.491544205	3259.19437497	-0.0746039	0.154224	-0.0339957	-0.00505238	0.00123232	0.000850667	0
3695.685628172	3259.280098544	-0.0691524	0.192518	-0.0173043	-0.00491887	0.00152718	0.000777711	0
3683.778815044	3255.661108037	-0.0755785	0.179649	-0.0408541	-0.00491634	0.00109124	0.000919023	0
3692.820633401	3259.048267495	-0.0709972	0.213075	-0.0285143	-0.00501201	0.00147079	0.000919023	0
3686.724046269	3259.69658572	-0.0841856	0.23378	-0.0448139	-0.00543566	0.00104433	0.000809718	0
3698.880560775	3262.198474055	-0.0812018	0.214962	-0.0462711	-0.00530331	0.0011015	0.000919023	0
3690.24407485	3256.574414543	-0.0760971	0.194874	-0.0349713	-0.00524538	0.00135683	0.000668951	0
3692.381753831	3259.763708896	-0.0777394	0.15196	-0.0535347	-0.00531702	0.00110742	0.000534317	0
3691.967775229	3261.074902179	-0.0694955	0.17063	-0.0226004	-0.00502771	0.0015549	0.000704665	0
3694.916119074	3262.757025141	-0.076354	0.171856	-0.0411673	-0.00505603	0.00122347	0.000660986	0
3688.924669364	3255.221168185	-0.0838922	0.177258	-0.0373969	-0.00519897	0.00128439	0.000919023	0
3688.526253867	3262.784790953	-0.0744655	0.208351	-0.0242238	-0.0056298	0.00166225	0.00072076	0
3700.008367142	3265.697775044	-0.0877722	0.212645	-0.0563467	-0.00595499	0.00122412	0.000613581	0
3702.615706057	3264.868844258	-0.0837834	0.190161	-0.0528318	-0.00596678	0.00141562	0.000735541	0
3704.385404058	3262.326520274	-0.0821506	0.166507	-0.03751	-0.0059349	0.00137756	0.000596884	0
3714.057009412	3267.50093538	-0.0831386	0.166807	-0.0489415	-0.00554533	0.00130819	0.000669079	0
3709.84736234	3262.925507009	-0.0805598	0.159803	-0.0205698	-0.00518035	0.0014546	0.00068541	0
3708.028208249	3268.018781247	-0.0836866	0.183639	-0.0285755	-0.00480573	0.00122774	0.000670737	0
3713.666202544	3266.433164698	-0.0816345	0.211774	-0.0394784	-0.00506993	0.00123479	0.000882627	0
3715.616432567	3263.511284764	-0.0752567	0.228951	-0.0295234	-0.00575388	0.00144129	0.000672404	0
3714.404585431	3265.571615822	-0.0891117	0.214155	-0.063607	-0.00585307	0.00108745	0.000843234	0
3716.027644395	3264.356120239	-0.085037	0.173699	-0.0711217	-0.00536255	0.00154912	0.000741457	0
3719.804982985	3268.166775719	-0.0865465	0.178719	-0.0503216	-0.00555776	0.00123479	0.000707099	0
3717.243987539	3264.37822506	-0.0850783	0.151566	-0.0822515	-0.00548247	0.00147724	0.000706333	0
3728.184158901	3267.275034892	-0.0794205	0.167805	-0.0553364	-0.00491847	0.00171952	0.000904508	0
3719.837146736	3265.016030017	-0.0837503	0.166485	-0.0630033	-0.00503908	0.00145618	0.000753681	0
3715.998939112	3260.877576216	-0.0827291	0.209189	-0.0703309	-0.00517517	0.00152582	0.000771488	0
3724.369468859	3264.976403082	-0.0843948	0.229736	-0.0405558	-0.00557225	0.00143241	0.000668511	0
3726.225628556	3260.686450386	-0.0909837	0.21881	-0.11451	-0.00575361	0.00138594	0.000700291	0
3720.695884304	3264.126445758	-0.0805752	0.192617	-0.0928369	-0.00533705	0.00154975	0.000744138	0
3724.069619696	3263.514519616	-0.0817657	0.190302	-0.0704472	-0.00495757	0.00128982	0.000781224	0
3718.357268341	3265.704244748	-0.0846515	0.184786	-0.082396	-0.00521447	0.00135149	0.000525197	0
3720.048113275	3262.938985558	-0.0816512	0.195178	-0.0581215	-0.00483161	0.00162727	0.000809425	0
3714.28630583	3262.427070253	-0.0876556	0.209384	-0.103142	-0.00512485	0.00115557	0.000739728	0
3715.326612961	3260.841453704	-0.08059	0.207006	-0.075623	-0.00488101	0.00151355	0.000701188	0
3714.251029458	3262.512254685	-0.0846602	0.213722	-0.073139	-0.00523306	0.000985283	0.000629236	0
3718.085432768	3263.847709357	-0.0800217	0.216945	-0.0856535	-0.00544118	0.00115557	0.000686802	0
3709.491485998	3258.470307298	-0.085525	0.198298	-0.0677166	-0.00552581	0.00129388	0.000566462	0
3726.365696504	3260.864636809	-0.0808689	0.16848	-0.119615	-0.00503116	0.00127469	0.000911389	0
3710.059712266	3263.383777687	-0.0831209	0.186881	-0.063432	-0.00522953	0.00127469	0.000632342	0
3715.705315191	3267.165589071	-0.0826093	0.17514	-0.0543035	-0.00467155	0.00127469	0.000695789	0
3711.870566034	3263.181599447	-0.0781394	0.199831	-0.0721999	-0.0049003	0.0010091	0.0010611	0
3715.904868786	3260.98783075	-0.0806272	0.2326	-0.0408156	-0.00555548	0.00122246	0.000755835	0
3730.55770539	3264.6073604	-0.0829248	0.233007	-0.0896655	-0.00560444	0.00120453	0.000583107	0
3720.82108084	3258.893803319	-0.0786493	0.206681	-0.0795729	-0.0050481	0.0012012	0.000729757	0
3729.666458224	3267.257243207	-0.0846411	0.17993	-0.0759254	-0.00515569	0.00124266	0.000693369	0
3717.024720677	3266.617820825	-0.0790282	0.190682	-0.081332	-0.00466463	0.00120199	0.00078406	0
3724.438638216	3261.889545704	-0.0836422	0.188223	-0.0552108	-0.0044525	0.00110604	0.00064424	0
3720.019407992	3267.311966118	-0.0875625	0.197302	-0.0965359	-0.00473386	0.00110604	0.000740361	0
3728.06484176	3262.07150612	-0.0771776	0.217293	-0.0679012	-0.00451776	0.00110604	0.0007083	0
3731.850134827	3266.409712022	-0.0813252	0.211197	-0.0949908	-0.00508588	0.00110604	0.00058226	0
3722.568990494	3263.970364156	-0.0795269	0.205887	-0.0978623	-0.00459078	0.00122003	0.000640657	0
3722.862614415	3259.036406372	-0.0770171	0.212744	-0.0667141	-0.00492746	0.00116052	0.000700989	0
3718.556821936	3264.111619354	-0.0834138	0.199566	-0.109035	-0.00434356	0.00128074	0.000642662	0
3712.444671698	3256.797888891	-0.0745213	0.203931	-0.0695646	-0.00432069	0.00136751	0.000643247	0
3721.988659588	3265.479152973	-0.0820512	0.198912	-0.0839205	-0.00430384	0.00125543	0.000667662	0
3726.259521541	3261.85315362	-0.0766384	0.207064	-0.075716	-0.00399955	0.00124968	0.000751579	0
3722.955993047	3258.76306139	-0.0834943	0.245426	-0.0725682	-0.00363067	0.00129115	0.000819585	0
3725.513184178	3269.889064758	-0.0877563	0.220035	-0.103056	-0.00478637	0.0010264	0.000604147	0
3723.179755917	3268.129305352	-0.0782874	0.227423	-0.0764466	-0.00474594	0.00134284	0.000571053	0
3727.898489457	3264.047191888	-0.0815238	0.195087	-0.0955188	-0.00488407	0.00140338	0.000661437	0
3714.011703483	3264.320536869	-0.0774191	0.189299	-0.109582	-0.00477132	0.0014051	0.000725113	0
3725.88842794	3268.35817112	-0.079377	0.184875	-0.0713085	-0.00454921	0.00132558	0.000548303	0
3727.989447161	3262.95327282	-0.0809346	0.192259	-0.0918831	-0.00474267	0.00129448	0.000728879	0
3722.895815706	3264.828947751	-0.0744241	0.212394	-0.0750659	-0.00523029	0.00169988	0.000713939	0
3721.119200769	3270.944165603	-0.0843577	0.229561	-0.0292502	-0.00546814	0.0013253	0.000711052	0
3723.730343999	3263.773846906	-0.0807572	0.200558	-0.109127	-0.00562802	0.00125331	0.000911389	0
3727.101312616	3267.234060102	-0.0766632	0.18675	-0.0796348	-0.00533343	0.00138145	0.000886405	0
3726.251221218	3260.210657593	-0.0795337	0.166364	-0.101056	-0.00491064	0.00138145	0.000866031	0
3725.102318197	3261.963138583	-0.0740605	0.189618	-0.0689228	-0.00475083	0.00143889	0.000973101	0
3719.047578525	3261.064928053	-0.0833127	0.18897	-0.06137	-0.00492127	0.00131995	0.000874097	0
3717.018149588	3267.142945108	-0.0859802	0.222291	-0.0751568	-0.00518469	0.00135011	0.000908211	0
3708.550091048	3260.164021812	-0.0814273	0.232043	-0.04626	-0.00570471	0.00154724	0.000882943	0
3722.40160065	3260.868680374	-0.0864068	0.189535	-0.102078	-0.0057318	0.00125381	0.000859271	0
3718.208554224	3253.635012495	-0.0809087	0.175084	-0.0741499	-0.00421386	0.00151629	0.000543795	0
3721.085653631	3260.546003902	-0.0837757	0.161864	-0.085577	-0.00391677	0.00116279	0.000812193	0
3704.661043946	3261.06411934	-0.078499	0.168946	-0.0833363	-0.00402513	0.00126933	0.000652013	0
3704.809758064	3259.03856294	-0.0836932	0.207961	-0.0498273	-0.00427033	0.0012175	0.00078128	0
3710.96306407	3261.654749373	-0.0904785	0.19933	-0.0906108	-0.00497659	0.00109127	0.000846568	0
3723.243391725	3260.098516063	-0.0787817	0.182732	-0.0712001	-0.00476771	0.0012175	0.000910771	0
3728.80184126	3261.846683917	-0.096906	0.17795	-0.100276	-0.0047875	0.000887807	0.000787611	0
3720.447220465	3256.520769916	-0.0804092	0.185704	-0.0925972	-0.00460149	0.0012743	0.000668451	0
3714.512143781	3261.693567596	-0.0921047	0.197691	-0.0716398	-0.00480646	0.00120753	0.000736996	0
3727.497653032	3267.524927198	-0.0867936	0.196428	-0.0859657	-0.00543183	0.00105689	0.000714549	0
3718.162556601	3263.291853981	-0.0821767	0.217553	-0.0575759	-0.00557959	0.00137201	0.000887346	0
3722.777190259	3261.07786746	-0.0906807	0.183615	-0.126801	-0.00552937	0.00107844	0.000867213	0
3721.94646628	3270.854398465	-0.0891237	0.172723	-0.107779	-0.00498493	0.000977198	0.000809915	0
3729.220661717	3266.477104769	-0.0898251	0.174135	-0.0747505	-0.00519652	0.00116415	0.000620407	0
3724.645108747	3260.374556754	-0.0914142	0.188226	-0.104256	-0.00464216	0.000913148	0.000913767	0
3726.504726912	3264.369329218	-0.0848289	0.197601	-0.0751536	-0.00519194	0.00139952	0.000740535	0
3723.775995775	3270.313639064	-0.0830316	0.239902	-0.0847568	-0.00561216	0.00111626	0.0008749	0
3739.402391079	3265.810186146	-0.0756911	0.241547	-0.053004	-0.00586327	0.0016198	0.000909455	0
3739.953325008	3271.028810893	-0.0788917	0.20858	-0.0532265	-0.00603195	0.00168599	0.000647701	0
3740.824858908	3267.492039537	-0.0816171	0.182658	-0.141728	-0.00541529	0.00156019	0.000898511	0
3725.571978131	3270.771640171	-0.0685559	0.156843	-0.0984664	-0.00520339	0.00179375	0.000666375	0
3735.196202475	3267.678043519	-0.0776575	0.175101	-0.0745664	-0.00517035	0.00174921	0.00090947	0
3731.048807825	3272.92227751	-0.0772154	0.1827	-0.128133	-0.00502541	0.00147398	0.000585717	0
3736.511803647	3270.425241452	-0.0759292	0.203009	-0.0900533	-0.00468195	0.00135103	0.000591191	0
3743.102259989	3270.601271307	-0.0789416	0.287035	-0.109179	-0.00552358	0.00145046	0.000711877	0
3745.099871022	3267.507135512	-0.0778908	0.270386	-0.066913	-0.00599857	0.00154165	0.000501419	0
3766.790689708	3274.705759163	-0.105442	0.243795	-0.00668672	-0.00593199	0.000270774	-0.000825531	0
3779.613996817	3284.052594013	-0.108133	0.216786	0.0844497	-0.00679505	-0.000296243	-0.000973146	0
3746.085880207	3274.488215376	-0.0947288	0.225297	0.0955084	-0.00834236	-0.000394653	-0.000283675	0
3731.497371106	3266.812181507	-0.0748642	0.254259	0.161078	-0.00930999	0.000635071	0.000248436	0
3733.28712822	3259.805492399	-0.0809099	0.240423	0.146919	-0.0104607	0.000398932	-0.000372843	0
3724.567639067	3263.931545934	-0.0701955	0.263063	0.10505	-0.010143	0.00106229	0.000553368	0
3718.751533677	3260.28074605	-0.0518998	0.259615	0.0929539	-0.0100644	0.00163398	0.0011201	0
3725.919899997	3265.441143464	-0.0459988	0.301022	0.0838672	-0.00921089	0.00199989	0.00136519	0
3721.242668072	3262.006269941	-0.0462549	0.281903	0.0454609	-0.00781556	0.00222687	0.00148493	0
3718.708994522	3265.209312415	-0.0397626	0.310336	0.0316771	-0.00787768	0.00258465	0.00163178	0
3717.653470133	3254.661538815	-0.0411959	0.286819	0.0465933	-0.00733462	0.00238661	0.00152958	0
3721.091533027	3257.442433122	-0.0475875	0.267336	0.00501238	-0.0055194	0.00206419	0.00174351	0
3725.912983062	3264.968855094	-0.0383859	0.258508	-0.00353979	-0.00555532	0.00251261	0.0015258	0
3721.525570742	3257.268829407	-0.0323756	0.22926	-0.0573391	-0.00468422	0.0024536	0.001408	0
3720.050188356	3254.844847087	-0.0355528	0.174172	-0.0144667	-0.00318766	0.00264071	0.00180232	0
3726.803884381	3254.943779639	-0.0447412	0.264061	-0.101181	-0.0031737	0.00221454	0.00180232	0
3719.057262235	3258.363557187	-0.0413313	0.233034	-0.095783	-0.00414182	0.00276197	0.00147227	0
3708.675979278	3260.052149853	-0.0416593	0.211782	-0.0813839	-0.00458654	0.00286407	0.00142274	0
3702.174751406	3259.95860872	-0.038007	0.209447	-0.106179	-0.00455071	0.0029604	0.00180232	0
3701.01996899	3256.121804855	-0.0354908	0.228262	-0.0816045	-0.00427437	0.00297768	0.00157037	0
3691.703548285	3250.483727651	-0.0481176	0.252741	-0.121016	-0.00456035	0.00276197	0.00180232	0
3688.605106934	3258.42717594	-0.0474693	0.290552	-0.070478	-0.00465429	0.00289324	0.0014918	0
3690.419765017	3264.110001928	-0.0489778	0.287797	-0.0804841	-0.00556167	0.00289937	0.00139745	0
3689.654406081	3262.032957469	-0.0423384	0.257034	-0.114751	-0.00483636	0.00300446	0.00151258	0
3679.296986552	3264.198690783	-0.0498349	0.241377	-0.0847737	-0.00438174	0.00264262	0.00141975	0
3679.446046517	3266.466052359	-0.0404592	0.227876	-0.0857675	-0.00446955	0.0026924	0.00157706	0
3667.239730073	3271.252015671	-0.0435344	0.215234	-0.0771823	-0.0045125	0.00257506	0.00154325	0
3667.059889745	3266.058730597	-0.0486911	0.228363	-0.050381	-0.00481655	0.00256734	0.00151801	0
3674.355873529	3266.997376775	-0.0426164	0.230044	-0.0852494	-0.0049801	0.00250073	0.00157938	0
3667.16364378	3265.4017861	-0.0468199	0.22683	-0.0589849	-0.00498575	0.00256734	0.0015477	0
3671.389199804	3270.203923672	-0.0421305	0.246193	-0.0387246	-0.00489928	0.00256734	0.00149567	0
3666.131291126	3263.212060968	-0.0519774	0.2275	-0.0813893	-0.00486365	0.00278058	0.00180232	0
3666.49235517	3267.578302253	-0.0508365	0.248313	-0.0538555	-0.00491751	0.00267311	0.00180232	0
3671.648584893	3259.995539945	-0.0420248	0.240576	-0.0765728	-0.00491104	0.00274677	0.00180232	0
3661.975941999	3261.0886503	-0.0475722	0.223544	-0.0425961	-0.00583348	0.00274677	0.00180232	0
3669.301668608	3268.682195447	-0.049484	0.211652	-0.0227711	-0.00605768	0.00274677	0.00180232	0
3665.158424119	3262.937368132	-0.0453312	0.189878	-0.0835991	-0.00606317	0.00298131	0.00180232	0
3662.226680919	3259.353691424	-0.0485124	0.196711	-0.0311395	-0.00615969	0.00282886	0.00180232	0
3664.058285494	3252.061526641	-0.0394196	0.177818	-0.0408058	-0.00651222	0.00318918	0.00180232	0
3659.772897976	3252.003568878	-0.0440048	0.201265	-0.0357464	-0.00633521	0.00281449	0.00201981	0
3663.453745313	3253.03036477	-0.0394192	0.229366	-0.0141769	-0.0071018	0.00278761	0.00180232	0
3665.475219774	3253.067026424	-0.0353379	0.215836	-0.0436059	-0.00721708	0.00288432	0.00192917	0
3663.323015229	3254.851047219	-0.0457828	0.190128	-0.0397175	-0.00640618	0.00254566	0.00180232	0
3669.944597782	3249.879079926	-0.0343591	0.181876	-0.0197467	-0.00668174	0.00289032	0.00191882	0
3661.755637597	3255.324144303	-0.0497318	0.198957	-0.052242	-0.00613118	0.00269996	0.00195057	0
3665.769189542	3242.560766757	-0.0369745	0.207063	-0.0263059	-0.00649243	0.00298563	0.00223741	0
3667.728411581	3251.733189178	-0.0337847	0.207143	-0.0420872	-0.00633446	0.00312392	0.00223741	0
3673.841599359	3250.984051404	-0.0419855	0.219931	-0.0362338	-0.00625711	0.00273126	0.00223741	0
3672.7936836	3256.257668632	-0.0445729	0.226251	-0.00379824	-0.00684804	0.00252993	0.00169884	0
3672.549861616	3249.97585591	-0.0450537	0.208838	-0.0307763	-0.00686321	0.00252993	0.00223741	0
3677.544235044	3252.524110455	-0.0420666	0.204892	-0.0382785	-0.00676168	0.00286071	0.00223741	0
3679.771142495	3247.864575936	-0.0423388	0.176323	-0.0478727	-0.00628832	0.00280391	0.0020337	0
3678.189585145	3252.805812137	-0.0442058	0.187573	-0.0405269	-0.0061372	0.00264429	0.00223741	0
3680.456610824	3256.86851649	-0.0474369	0.197607	-0.0297991	-0.00619814	0.00263598	0.00183071	0
3680.645789015	3255.392345762	-0.0444387	0.188565	-0.0793838	-0.00607724	0.00264429	0.00194877	0
3686.7959824	3257.192001675	-0.0491781	0.217807	-0.0500972	-0.00622646	0.00291008	0.00185807	0
3698.477995117	3266.29433564	-0.0537982	0.216044	-0.0437279	-0.00660922	0.00260667	0.00179612	0
3691.784476432	3258.239554533	-0.0524991	0.187632	-0.0561681	-0.00623135	0.00279997	0.0021417	0
3682.463905566	3263.956076894	-0.0560529	0.217264	-0.0623697	-0.00636729	0.0027371	0.00194344	0
3685.025592705	3262.787217092	-0.0593955	0.194501	-0.113909	-0.00577315	0.0024801	0.00171716	0
3691.829436515	3259.734595229	-0.0549074	0.216985	-0.102267	-0.00523674	0.00228311	0.00188904	0
3692.990098326	3259.430249584	-0.0532394	0.223862	-0.0751287	-0.00582773	0.00243747	0.00205672	0
3701.670160946	3264.201925635	-0.0513931	0.209951	-0.0673086	-0.00594393	0.00248882	0.00197828	0
3708.212198739	3263.604017184	-0.0542178	0.221303	-0.0728499	-0.00599778	0.0026766	0.00204817	0
3706.062415121	3263.632591709	-0.0433204	0.205848	-0.102796	-0.00620805	0.00272726	0.00223741	0
3700.472493528	3263.175129743	-0.0543305	0.173657	-0.0777807	-0.00620821	0.00260645	0.00219264	0
3701.626930098	3264.120515196	-0.0558374	0.192055	-0.0654271	-0.00614105	0.00291956	0.00202726	0
3701.904990913	3261.869867021	-0.0562593	0.181861	-0.0982603	-0.00604248	0.00241399	0.00201208	0
3700.916560801	3257.801771249	-0.0418482	0.215979	-0.0864475	-0.0062148	0.00274546	0.00198904	0
3710.970326852	3261.728072682	-0.0483832	0.236545	-0.0991604	-0.00642737	0.00252853	0.00202692	0
3710.266874491	3263.084823462	-0.0450024	0.214434	-0.080572	-0.00637065	0.00258021	0.00186102	0
3714.515948096	3254.289261281	-0.0396996	0.226926	-0.0790895	-0.00635566	0.00274717	0.00198567	0
3713.842584405	3258.395096992	-0.048969	0.201819	-0.133417	-0.005978	0.00252853	0.00205608	0
3712.731032837	3259.676367896	-0.0409989	0.197033	-0.0974731	-0.00600552	0.00252853	0.0019881	0
3717.3449748	3257.547835379	-0.0502562	0.190844	-0.108521	-0.00566234	0.00216942	0.00180228	0
3712.326737944	3256.256859919	-0.0437031	0.225668	-0.109669	-0.00542252	0.00231521	0.00201967	0
3714.763574394	3264.407338727	-0.0473327	0.259268	-0.0542144	-0.00652242	0.00233996	0.00201967	0
3717.104957131	3264.85051343	-0.0515181	0.219653	-0.113425	-0.00640274	0.00230767	0.00183662	0
3715.457343046	3256.85476837	-0.0527695	0.201224	-0.0900262	-0.00598172	0.00250903	0.00168098	0
3719.320451639	3257.819293363	-0.0521619	0.197654	-0.101578	-0.00571968	0.00199408	0.00161855	0
3712.993876393	3262.620891793	-0.0510343	0.205416	-0.124436	-0.00567433	0.00240515	0.00183342	0
3720.335857801	3260.111185899	-0.054634	0.216379	-0.117588	-0.00612298	0.00204522	0.00201967	0
3713.696637061	3254.544545007	-0.0553513	0.231847	-0.141823	-0.0065154	0.00205232	0.00164348	0
3722.111435197	3261.128277235	-0.0517648	0.248601	-0.0901178	-0.00634691	0.00229836	0.00173941	0
3725.919554151	3262.690171537	-0.0516861	0.236629	-0.0862865	-0.00736875	0.00258084	0.00201967	0
3722.37358706	3262.136472728	-0.0505885	0.206219	-0.145083	-0.00590432	0.00204683	0.00201967	0
3724.841203874	3256.729957002	-0.0507458	0.238935	-0.13256	-0.00557424	0.00237776	0.00201967	0
3718.993626426	3260.041097442	-0.0527078	0.226121	-0.157019	-0.00544558	0.00226951	0.00172433	0
3710.424926472	3258.532847767	-0.0500668	0.223587	-0.125308	-0.00560693	0.00226271	0.00184446	0
3717.81083042	3264.062557434	-0.0499599	0.231527	-0.0898428	-0.00623537	0.0023376	0.00186926	0
3727.194345402	3272.934677775	-0.0531429	0.217879	-0.108095	-0.00653944	0.00201771	0.00186837	0
3720.651615916	3263.51290219	-0.046984	0.248007	-0.0821272	-0.0069906	0.00248337	0.00200002	0
3728.069683615	3266.852886726	-0.0523026	0.219945	-0.15385	-0.00633825	0.00229767	0.00191478	0
3721.601657035	3261.27977613	-0.0554279	0.225337	-0.125742	-0.00571308	0.00212794	0.00163968	0
3720.115553398	3262.139168438	-0.057296	0.222685	-0.126885	-0.00557422	0.00186119	0.00181908	0
3718.175007085	3264.230230588	-0.0555237	0.201741	-0.138263	-0.0059291	0.0018424	0.00164788	0
3720.933481046	3260.94685596	-0.0473408	0.247871	-0.0974714	-0.00604897	0.00214047	0.00162716	0
3717.871007761	3265.08234448	-0.0587454	0.242007	-0.144443	-0.00645749	0.00183865	0.00151805	0
3719.03305296	3260.274276346	-0.0507331	0.211692	-0.126904	-0.00591091	0.00217292	0.00175888	0
3720.111749084	3263.291853981	-0.0614704	0.231503	-0.115336	-0.00544263	0.00206982	0.00160383	0
3717.191764675	3259.590374751	-0.0592027	0.215182	-0.150077	-0.00519965	0.00168883	0.00166416	0
3717.13850427	3256.582232101	-0.0569169	0.241107	-0.131616	-0.00501409	0.00203839	0.00158912	0
3722.638851544	3264.045574462	-0.0537359	0.261852	-0.132099	-0.00564221	0.00205921	0.00175506	0
3725.496929379	3255.936340015	-0.0569353	0.247652	-0.105995	-0.00589978	0.0018428	0.0020422	0
3724.63507919	3263.066762206	-0.0591125	0.242251	-0.116368	-0.00602545	0.00193625	0.00180731	0
3727.115492335	3268.754440472	-0.0567796	0.208673	-0.175666	-0.00548051	0.00214574	0.00170662	0
3724.278857001	3262.726024478	-0.0517064	0.211503	-0.140662	-0.00523357	0.00208199	0.00188765	0
3721.679472562	3262.967020941	-0.0560715	0.218988	-0.13548	-0.00564124	0.00191931	0.0015129	0
3723.593388672	3265.381029134	-0.0577382	0.220219	-0.15595	-0.00525874	0.00194886	0.00179404	0
3725.521830347	3263.115824126	-0.053465	0.240687	-0.118317	-0.00572156	0.00201628	0.00183498	0
3725.822371204	3259.239393325	-0.0621333	0.258325	-0.152836	-0.00658538	0.00222331	0.0020422	0
3726.987183177	3266.336119143	-0.0579767	0.225239	-0.145626	-0.00587408	0.00208007	0.0020422	0
3727.017617694	3264.721658498	-0.0562011	0.210048	-0.137233	-0.00595719	0.00197171	0.00178866	0
3718.12174668	3266.149036877	-0.0598634	0.213677	-0.173573	-0.00588985	0.0015353	0.00197468	0
3715.55694692	3259.078459446	-0.0631111	0.203732	-0.157248	-0.00577303	0.00180872	0.00150545	0
3710.661485673	3264.496566724	-0.0529608	0.242692	-0.189149	-0.00581215	0.00160722	0.00149137	0
3721.193557828	3268.184297833	-0.0528324	0.236538	-0.124067	-0.00599252	0.00207572	0.00163986	0
3725.561602728	3261.720794265	-0.0528169	0.219179	-0.106752	-0.00630553	0.00184082	0.00155853	0
3723.987308161	3263.952033329	-0.0475628	0.20419	-0.17964	-0.00601143	0.00176305	0.00161721	0
3712.880092801	3253.512088124	-0.0469252	0.209318	-0.152494	-0.00622827	0.00183415	0.0013193	0
3708.174155592	3263.985190561	-0.0520404	0.217097	-0.18622	-0.00565078	0.00185348	0.00126988	0
3714.066693122	3258.765217958	-0.0478916	0.235811	-0.139168	-0.00561946	0.00203787	0.00153215	0
3719.046195138	3260.413374976	-0.0518234	0.262663	-0.109117	-0.006451	0.00206935	0.00162042	0
3719.929487828	3260.363773914	-0.0528649	0.199328	-0.18742	-0.00606877	0.00201305	0.00155389	0
3718.048427162	3259.599001023	-0.0564403	0.225533	-0.178702	-0.00524871	0.00166497	0.00139203	0
3717.52689021	3261.611887586	-0.0625954	0.223886	-0.219615	-0.00519154	0.00148405	0.00129157	0
3720.757790879	3257.023519808	-0.0485292	0.253286	-0.162134	-0.0049941	0.00186437	0.00117357	0
3717.998279378	3261.597061182	-0.0468733	0.274979	-0.119241	-0.00585687	0.00182453	0.00112854	0
3719.201480344	3257.893155814	-0.0568994	0.243834	-0.18181	-0.00591013	0.00153185	0.00157344	0
3720.631210955	3261.304037519	-0.0488001	0.206748	-0.167943	-0.00558549	0.00190261	0.00144544	0
3726.856107246	3262.728181046	-0.0522076	0.197301	-0.14833	-0.0053335	0.00148705	0.00158965	0
3711.465925296	3259.200575103	-0.05722	0.209438	-0.170852	-0.00525419	0.00159395	0.00138603	0
3717.32560738	3260.22332743	-0.0522942	0.238784	-0.147413	-0.0059011	0.00180019	0.00100022	0
3723.687804845	3263.998399539	-0.0573521	0.282357	-0.175823	-0.00597556	0.00147608	0.0013264	0
3722.640234932	3265.467830992	-0.0573482	0.281797	-0.137952	-0.00692818	0.00184166	0.00145992	0
3723.933701909	3262.128116028	-0.0517428	0.22602	-0.155196	-0.00662828	0.0020972	0.00151791	0
3723.944077313	3269.239668249	-0.0549004	0.207516	-0.21727	-0.00574196	0.00184166	0.00152865	0
3710.874873139	3262.734650749	-0.0451918	0.219315	-0.167215	-0.00568824	0.00171859	0.00134638	0
3720.597663817	3269.797410622	-0.0515667	0.211128	-0.171422	-0.00557067	0.00142895	0.00111085	0
3716.895719826	3265.642243421	-0.0533212	0.22512	-0.155216	-0.00550116	0.00175446	0.00126738	0
3718.909931504	3274.166617188	-0.0521139	0.262703	-0.103654	-0.00638526	0.00164852	0.00143678	0
3720.551320348	3269.754548835	-0.0598076	0.25536	-0.152516	-0.00761564	0.00196195	0.00155129	0
3717.648974125	3262.069349552	-0.0470826	0.230906	-0.151851	-0.00663588	0.00196195	0.00138275	0
3721.108479519	3261.741820802	-0.0523494	0.199271	-0.165736	-0.00620106	0.00190938	0.00149352	0
3707.20613044	3265.622295168	-0.045716	0.207463	-0.16349	-0.00574729	0.00181239	0.00139191	0
3716.561977678	3264.614908387	-0.0481897	0.219554	-0.144363	-0.00568432	0.0018278	0.00118984	0
3711.919676278	3263.54012886	-0.0497863	0.229897	-0.172603	-0.00585648	0.001395	0.00138373	0
3722.314101413	3268.630707388	-0.0486029	0.265544	-0.120245	-0.0062696	0.00180523	0.00155949	0
3710.765239708	3266.491931173	-0.0547758	0.275911	-0.109254	-0.00713815	0.0019519	0.00155949	0
3720.704184627	3268.608872138	-0.0526554	0.214253	-0.20084	-0.00649454	0.00161577	0.00150643	0
3708.986549691	3270.390466795	-0.0546745	0.214721	-0.173548	-0.00563989	0.00155549	0.00135993	0
3708.957152714	3266.756919454	-0.0628068	0.221786	-0.162576	-0.0056319	0.00137558	0.00134614	0
3709.929673875	3265.344097909	-0.0513877	0.217332	-0.158377	-0.00574475	0.00127675	0.00136387	0
3720.575529623	3269.076847373	-0.057068	0.270659	-0.105007	-0.00649844	0.00153658	0.00133129	0
3712.187015843	3261.413752911	-0.0604756	0.267593	-0.154923	-0.00645571	0.00131252	0.00135852	0
3714.708930602	3268.499426318	-0.0563389	0.226556	-0.147748	-0.00596707	0.00160713	0.00135799	0
3705.13831251	3261.513763747	-0.0519831	0.227713	-0.134829	-0.00587861	0.00200394	0.00138049	0
3717.053771807	3263.972251153	-0.0432103	0.179011	-0.178782	-0.00404706	0.00229352	0.00180482	0
3722.783415501	3258.812932023	-0.0456768	0.273266	-0.207438	-0.00405774	0.00235872	0.00162804	0
3711.53751558	3257.639219943	-0.0554752	0.231191	-0.184357	-0.00532839	0.00211258	0.00153077	0
3721.627249697	3265.147580659	-0.0568554	0.217516	-0.17632	-0.00588666	0.00168396	0.00142995	0
3720.328249171	3261.797082855	-0.053578	0.230182	-0.153152	-0.00630547	0.00196119	0.00152499	0
3715.450771957	3263.904858406	-0.0541316	0.257467	-0.165031	-0.00686825	0.00196119	0.00132744	0
3716.617313164	3264.22537831	-0.0577521	0.24236	-0.121032	-0.00652682	0.00180212	0.00127897	0
3714.688525642	3262.393373879	-0.0537392	0.238627	-0.126916	-0.00639879	0.00195231	0.00147249	0
3713.731913433	3263.804577999	-0.0556822	0.226559	-0.186161	-0.00541373	0.00176691	0.00145319	0
3704.722604674	3256.935639666	-0.0430084	0.232977	-0.141032	-0.0057601	0.00197289	0.00145417	0
3707.002426683	3260.540342911	-0.0521601	0.239101	-0.140497	-0.00571927	0.00173038	0.00120972	0
3693.344937128	3255.978123518	-0.0462125	0.234306	-0.127142	-0.0053389	0.00192704	0.00123661	0
3710.386883325	3258.985187884	-0.0478006	0.244018	-0.114527	-0.0052898	0.00208384	0.00124144	0
3703.789510047	3259.942973603	-0.0514929	0.226687	-0.150716	-0.00571068	0.00208552	0.00123383	0
3711.888895914	3260.648440877	-0.0453458	0.249355	-0.110972	-0.00577021	0.00204835	0.00128874	0
3717.510981257	3257.111130379	-0.0480553	0.217914	-0.108409	-0.00596055	0.00203366	0.00116739	0
3701.6535603	3261.994408818	-0.0410257	0.209122	-0.153156	-0.00552332	0.00199848	0.00142532	0
3700.755396199	3263.55360741	-0.0448301	0.204466	-0.142889	-0.00546644	0.00224682	0.00130289	0
3698.304725877	3258.16784865	-0.0465516	0.218637	-0.157682	-0.00519889	0.00180088	0.00122087	0
3703.046976999	3263.532580873	-0.043688	0.209418	-0.139451	-0.00501192	0.0021215	0.00124527	0
3698.570682055	3266.277891809	-0.0479615	0.225491	-0.129511	-0.00516795	0.00238791	0.00122606	0
3707.376287058	3262.937907274	-0.0401175	0.230788	-0.167541	-0.00527458	0.00198212	0.00129183	0
3709.12869272	3269.495491116	-0.0479445	0.231626	-0.148605	-0.00503187	0.00211336	0.00108852	0
3706.341513476	3268.902704515	-0.0470778	0.272637	-0.117355	-0.00584662	0.00222802	0.00106305	0
3717.712609933	3269.451011903	-0.0541239	0.246975	-0.158885	-0.00584747	0.00202572	0.00112412	0
3719.014377234	3271.012097492	-0.0421881	0.223649	-0.156233	-0.00551533	0.00193076	0.00140017	0
3716.347552671	3270.872998863	-0.0498908	0.21629	-0.142877	-0.00600964	0.00199764	0.00111623	0
3719.485766402	3273.228510152	-0.0498695	0.193188	-0.185101	-0.00531161	0.00213627	0.00120366	0
3716.339252349	3263.43903974	-0.0510738	0.221706	-0.155288	-0.00531176	0.00206342	0.00125693	0
3722.526797186	3267.263173769	-0.0538158	0.244945	-0.170003	-0.0053518	0.00178624	0.00131009	0
3717.963003006	3266.794659392	-0.0457676	0.276945	-0.137788	-0.00558086	0.00206934	0.0012877	0
3715.775176242	3267.356984472	-0.0516535	0.291235	-0.127716	-0.00671498	0.00215143	0.00124801	0
3714.024499814	3268.877095271	-0.058747	0.217034	-0.209628	-0.00571531	0.0020225	0.00131019	0
3708.921184649	3266.160358859	-0.0440459	0.226794	-0.169492	-0.00520029	0.00181652	0.00124062	0
3709.199591311	3264.993655625	-0.0525132	0.208807	-0.158206	-0.00518141	0.00173341	0.000958458	0
3697.833682556	3256.894664876	-0.0586595	0.217056	-0.169045	-0.00488591	0.00158025	0.000967714	0
3710.585745227	3258.292929588	-0.0482094	0.238426	-0.145638	-0.00523268	0.00178156	0.000804091	0
3709.453442851	3262.248614259	-0.0497712	0.233759	-0.176432	-0.00576331	0.00180217	0.00123255	0
3712.551538355	3262.902054333	-0.0476435	0.20903	-0.177811	-0.00567089	0.00212909	0.00123547	0
3708.115707485	3255.846572876	-0.0471665	0.225132	-0.158029	-0.00527025	0.00165846	0.00111831	0
3707.154253422	3258.462220168	-0.0537098	0.199008	-0.205198	-0.00491358	0.00174547	0.00118109	0
3709.931403109	3256.173562484	-0.0451304	0.24049	-0.171371	-0.00547071	0.00173218	0.00130533	0
3702.612939283	3255.795893531	-0.041749	0.23832	-0.166146	-0.00589585	0.00195718	0.00128266	0
3711.38153868	3257.557539934	-0.0463417	0.254718	-0.155391	-0.00625609	0.00206878	0.00131369	0
3711.429611383	3258.478394428	-0.0436633	0.23757	-0.152102	-0.00566321	0.00191643	0.00124206	0
3717.772787274	3254.915744256	-0.0520637	0.224769	-0.211927	-0.00550279	0.0020446	0.00128687	0
3707.545751983	3262.786408379	-0.0443615	0.234049	-0.172819	-0.00542146	0.00200188	0.00141248	0
3711.426844609	3256.933213527	-0.0517989	0.235504	-0.146472	-0.00579223	0.00150767	0.00131185	0
3726.713964217	3270.130061221	-0.0536037	0.240749	-0.147277	-0.00597635	0.00155696	0.00132796	0
3722.877485826	3260.282902618	-0.0459866	0.265911	-0.120422	-0.00640203	0.001591	0.00120253	0
3720.458979256	3259.908468516	-0.0468229	0.237683	-0.187	-0.00630271	0.00178195	0.00139617	0
3718.33375076	3263.657931382	-0.0389757	0.223129	-0.181292	-0.00545521	0.00181169	0.00126157	0
3715.267473161	3265.002281896	-0.0454074	0.250377	-0.191795	-0.00381879	0.00172689	0.00129842	0
3715.160260657	3266.337197427	-0.0615787	0.265082	-0.229393	-0.00425536	0.00166899	0.00129008	0
3716.471365821	3269.909282582	-0.0536177	0.279375	-0.160057	-0.00560246	0.00158336	0.00129391	0
3735.46354204	3275.866262264	-0.0533123	0.302303	-0.132769	-0.0056566	0.00131986	0.0011408	0
3728.115681238	3269.073882092	-0.0559666	0.312882	-0.135525	-0.00502019	0.00117024	0.00122056	0
3730.96545875	3269.781236363	-0.0527327	0.283781	-0.12136	-0.00447018	0.00146863	0.00115512	0
3723.377926125	3269.610058786	-0.046398	0.240858	-0.173059	-0.00425655	0.00179885	0.00129607	0
3719.019564935	3269.536465907	-0.0411175	0.258813	-0.176284	-0.00397478	0.00196386	0.00132879	0
3715.157493883	3267.926048827	-0.0507816	0.242678	-0.164393	-0.00345192	0.00183623	0.00132625	0
3718.712107143	3270.346526724	-0.0610534	0.254204	-0.197859	-0.00364846	0.00145883	0.00139186	0
3721.147906053	3263.28080157	-0.056461	0.268798	-0.165038	-0.00347966	0.00167436	0.00156022	0
3723.315327857	3263.007995731	-0.0652	0.275067	-0.178657	-0.00344931	0.00144744	0.00145458	0
3726.8018093	3266.209420779	-0.057298	0.287966	-0.172903	-0.0037534	0.00154445	0.0014946	0
3718.565122259	3266.11965364	-0.0545969	0.307314	-0.138826	-0.0044623	0.00150315	0.0015036	0
3717.716760095	3264.799564514	-0.0591584	0.28561	-0.159962	-0.00454156	0.00123535	0.0011792	0
3716.869089624	3261.682245614	-0.0506726	0.248908	-0.135264	-0.0043174	0.0014682	0.00119463	0
3709.359372526	3256.138518256	-0.0492435	0.220448	-0.152908	-0.00388908	0.00150191	0.00103677	0
3706.012267337	3268.347388281	-0.0544959	0.213359	-0.164235	-0.00327929	0.00169925	0.00137233	0
3708.00226974	3259.81654481	-0.048413	0.226802	-0.134136	-0.00340966	0.00193847	0.00131829	0
3710.609262808	3259.493059625	-0.0547766	0.245339	-0.16594	-0.00340966	0.00145727	0.00131116	0
3708.376475962	3260.35703464	-0.0509913	0.276267	-0.127826	-0.00323832	0.00188052	0.00136469	0
3716.920966642	3264.879627097	-0.053358	0.302806	-0.0952474	-0.00362514	0.00162803	0.00166335	0
3715.979571692	3259.138304205	-0.0650274	0.300587	-0.146098	-0.00425013	0.00118276	0.00128874	0
3717.630990092	3260.442219072	-0.0525838	0.289801	-0.141636	-0.00413791	0.00162792	0.00107467	0
3716.101655607	3263.57005124	-0.0457139	0.235762	-0.161333	-0.00385302	0.00166723	0.00156073	0
3716.729367522	3260.099324775	-0.0508298	0.204562	-0.173266	-0.00381566	0.00172293	0.00126364	0
3713.62573847	3260.826896871	-0.0373154	0.21855	-0.139744	-0.00338937	0.0018278	0.00129464	0
3701.900149058	3258.25518965	-0.0498254	0.20738	-0.132079	-0.00352736	0.001777	0.00156073	0
3700.247001424	3258.030637017	-0.0519625	0.237225	-0.132036	-0.00328971	0.00187364	0.00137745	0
3699.318402805	3260.704242071	-0.0473944	0.237638	-0.11376	-0.00337958	0.00188868	0.00138785	0
3711.860882324	3262.919846018	-0.0502133	0.250686	-0.171826	-0.00329238	0.0022742	0.0013234	0
3709.368364542	3257.531121977	-0.04607	0.254575	-0.133679	-0.00313021	0.00203868	0.00136444	0
3707.680978076	3260.965725929	-0.0504794	0.246862	-0.113316	-0.00406606	0.00194039	0.00143076	0
3703.131017768	3269.606554363	-0.0510785	0.231464	-0.120516	-0.00480897	0.00188811	0.00148664	0
3705.904708986	3266.749101896	-0.0487943	0.233189	-0.0815641	-0.00493496	0.00202382	0.00163031	0
3703.787780813	3266.867443559	-0.0529815	0.19407	-0.1336	-0.00487353	0.00169752	0.00151198	0
3701.104701452	3266.549619365	-0.0482394	0.186931	-0.114685	-0.00460746	0.00182368	0.00167305	0
3695.444572962	3269.686347376	-0.0553028	0.209852	-0.0776625	-0.00440899	0.00187299	0.00159567	0
3697.976517278	3267.646234142	-0.0534435	0.199161	-0.109566	-0.0048159	0.00179106	0.00141899	0
3708.321486323	3265.647634841	-0.0510767	0.240213	-0.0689481	-0.00512635	0.0018664	0.00139569	0
3704.767564756	3265.401516529	-0.0538956	0.240053	-0.0810589	-0.00510294	0.00173877	0.00140232	0
3694.110296064	3264.441843813	-0.0587593	0.213627	-0.115437	-0.00480913	0.00171231	0.00160617	0
3694.678522333	3265.965189464	-0.0656813	0.211253	-0.0848839	-0.00474803	0.00159912	0.0014334	0
3691.999593133	3264.882322807	-0.0598658	0.220682	-0.126506	-0.00467688	0.00157327	0.0013778	0
3701.107814073	3262.298215321	-0.0596233	0.227849	-0.101623	-0.00471215	0.00153665	0.00155543	0
3702.815605499	3261.125042383	-0.0633328	0.253555	-0.0643744	-0.00523855	0.00120559	0.00141274	0
3697.981359133	3265.977320158	-0.0763495	0.21922	-0.102824	-0.00502533	0.00109273	0.00143909	0
3705.494534699	3260.228718849	-0.0708984	0.22211	-0.0839447	-0.00493285	0.00122217	0.00146541	0
3708.328057412	3258.185909906	-0.068197	0.209951	-0.120189	-0.00500988	0.00102967	0.00159686	0
3699.125074452	3258.883829193	-0.0679421	0.209279	-0.104406	-0.00485965	0.00129896	0.00133244	0
