4085.777792368	3208.008606944	-0.00646443	0.132113	-0.090604	-0.00112498	-9.80688e-06	0.000718724
3994.375538696	3204.882709581	-0.00888855	0.159073	-0.0598265	-0.00121871	0.000179342	0.000744366
3924.375177123	3205.635207907	-0.00999289	0.154351	-0.0605907	-0.00127172	5.08951e-05	0.000806138
3875.059715404	3203.168734398	-0.00810395	0.163449	-0.0648727	-0.000997112	0.00021466	0.000766931
3841.875720289	3200.112496546	-0.010436	0.170117	-0.0804554	-0.000981153	-0.000107373	0.000846246
3818.710721245	3196.291174827	-0.0173838	0.180544	-0.0644684	-0.000755875	-9.72723e-06	0.000820623
3791.658779104	3193.024495008	-0.0203631	0.170669	-0.0691943	-0.000809625	-0.000270216	0.000790226
3783.462667961	3194.664420375	-0.0142354	0.205157	-0.0451227	-0.000715346	-0.000106666	0.00100305
3774.237963249	3186.640991124	-0.023262	0.149808	-0.0661634	-0.000785578	-0.000283268	0.000733765
3766.626920524	3190.079478223	-0.0138474	0.205669	-0.0281592	-0.000729345	0.000159352	0.000925304
3763.507815311	3187.935253122	-0.0104363	0.142169	-0.0205171	-0.000870971	-1.69402e-05	0.000778085
3764.2237769	3182.624154476	-0.00623315	0.212411	0.00443731	-0.00134347	0.000162565	0.000990242
3758.485777641	3179.658356913	-0.00834332	0.172232	-0.0271557	-0.00113346	0.000165187	0.000942284
3743.631292432	3182.555665714	-0.00389182	0.201858	-0.0297263	-0.000842756	0.000298646	0.000881412
3742.511314131	3182.254490771	-0.00247296	0.195504	-0.0477602	-0.000871158	-0.000123958	0.00104809
3741.851695009	3179.410158321	-0.00474368	0.195543	-0.0430155	-0.000723134	0.000167102	0.000786518
3747.718526128	3173.64598017	-0.0117344	0.189478	-0.0527876	-0.00112247	0.00015174	0.000867115
3745.732454177	3179.498842488	-0.0113055	0.190761	-0.0444115	-0.000718501	0.000195299	0.000768081
3759.600259116	3185.4239985	-0.00754925	0.197386	-0.0443865	-0.00106673	5.04327e-05	0.00108576
3743.355420477	3182.397907411	-0.00958596	0.200161	-0.0178621	-0.00106436	0.000257479	0.000894192
3767.36555652	3191.919601511	-0.0163302	0.207925	0.00588745	-0.00179038	0.000150112	0.000793149
3772.270099534	3198.624183055	-0.0105309	0.152588	0.0161426	-0.00144796	9.06515e-05	0.000972564
3760.385961685	3183.312847032	-0.0195222	0.192206	-0.00727181	-0.00150146	0.00010932	0.000820699
3761.847086751	3193.501867536	-0.0269341	0.164724	0.0196964	-0.00194363	-0.000276371	0.000776522
3776.767533872	3198.843405632	-0.0105801	0.200422	0.0663477	-0.00302879	0.00131677	0.00103226
3765.279167495	3208.546565685	-0.0418948	0.153318	0.0965695	-0.00396015	0.000505492	0.000881177
3767.560693844	3206.129263595	-0.0445379	0.225447	0.128523	-0.00435142	0.0010571	0.000562356
3763.624279312	3203.776645337	-0.0498817	0.229039	0.14962	-0.0045142	0.000537596	0.000562356
3763.3786399	3198.820868731	-0.0510437	0.244856	0.142923	-0.00465055	0.00041043	0.000562356
3752.179200441	3205.719794455	-0.0629867	0.219478	0.0930826	-0.00373622	7.82589e-05	0.000448848
3755.950023089	3200.66099202	-0.069901	0.199287	0.0291782	-0.00247771	-0.000113548	0.000611613
3766.275123659	3205.882821125	-0.0757181	0.219307	0.0117885	-0.001916	-0.000350911	0.000682758
3765.92676231	3202.214574716	-0.069651	0.241686	0.0241302	-0.00218349	-0.000109187	0.000697532
3773.715077674	3201.922473071	-0.0679064	0.209333	0.0248978	-0.00317448	-0.000151992	0.000608955
3781.307225059	3204.475874625	-0.060266	0.217164	0.0567171	-0.00294327	-0.000372541	0.000545013
3777.304505063	3205.399009483	-0.064975	0.182237	0.0550612	-0.00331537	-0.000409554	0.000489459
3768.854165716	3204.949149534	-0.0698744	0.195211	0.0451716	-0.00302926	-0.000426883	0.00070513
3772.867192261	3206.005456986	-0.0818378	0.205929	0.0303764	-0.0024239	-1.68403e-05	0.000192311
3772.048852287	3208.465784067	-0.0785878	0.185978	-0.0349262	-0.00260467	-0.000347919	0.000333597
3778.817162873	3202.844437181	-0.0759447	0.191384	-0.00294759	-0.00215762	-0.000268704	0.000414892
3798.918024963	3218.867588034	-0.0698998	0.390297	0.00391695	-5.82569e-05	2.32202e-05	0.000573551
3793.628360577	3223.470384094	-0.100169	0.0785743	-0.178439	-0.000837431	-0.000627956	-7.5613e-05
3762.746504908	3210.120343786	-0.0992156	0.091773	-0.217097	-0.00235695	-0.000535394	-1.56912e-05
3761.586674618	3201.626273808	-0.0997323	0.0856583	-0.217463	-0.00277619	-0.000904197	-0.000348231
3753.035674645	3205.407497406	-0.0996841	0.107076	-0.194422	-0.00312025	-0.00043801	0.000154678
3752.375711971	3202.554384345	-0.095406	0.100701	-0.215402	-0.0037106	-0.000127498	0.000466425
3747.761813633	3205.775990363	-0.103584	0.142261	-0.191593	-0.00384002	-0.000696793	0.00077213
3739.501114783	3198.987407645	-0.0932965	0.144356	-0.172409	-0.00351126	-0.000209814	0.000731602
3742.469744384	3203.163466032	-0.0932203	0.119512	-0.190009	-0.00384768	-0.00052063	0.000962707
3749.758192132	3201.263927279	-0.0790262	0.137413	-0.146304	-0.00363332	-0.000560037	0.000735497
3757.298463221	3202.956536309	-0.0758355	0.129885	-0.127312	-0.00470091	-0.000112694	0.000832437
3755.809166922	3198.02476004	-0.0804334	0.120226	-0.0897352	-0.00429312	-0.000469893	0.000815633
3746.969583583	3205.147005959	-0.077418	0.120409	-0.1207	-0.00435947	-8.73196e-05	0.000984213
3742.489326827	3199.220679199	-0.0855774	0.08173	-0.130477	-0.00459681	-0.000706468	0.000767875
3739.839169584	3203.492738928	-0.0763221	0.101141	-0.0995375	-0.00401889	-0.000714709	0.00107559
3725.576280275	3193.140984442	-0.0678613	0.127057	-0.119039	-0.00440866	-0.000696505	0.00142879
3740.735152224	3200.072398425	-0.0605622	0.133804	-0.0788187	-0.00421851	-0.000537882	0.00146714
3744.610758118	3200.35074378	-0.00515851	0.16252	-0.0230196	-0.00446502	-0.00104553	0.00113104
3750.781632426	3199.183215261	-0.0331454	0.19472	-0.0155944	-0.00371551	-0.000238953	0.000800741
3736.892870838	3200.394939519	-0.0421232	0.188729	0.00974064	-0.00447467	-0.000256513	0.00083222
3728.52051771	3200.133277325	-0.0572566	0.0947363	-0.0146427	-0.00465429	-6.01281e-05	0.000221409
3744.884568764	3194.971449058	-0.0778174	0.150061	-0.00209212	-0.00465972	-0.000909824	-0.000392924
3733.807777236	3195.437992166	-0.0933305	0.12185	-0.0166799	-0.00423733	-0.000446275	-0.000188134
3736.621808605	3202.242965357	-0.120824	-0.297091	-0.157539	-0.00421066	-0.00263169	-0.00019367
3743.866968848	3217.393616207	-0.0991104	-0.515273	-0.0984092	-0.000892723	-0.00176007	-0.000997016
3776.601941988	3227.183704304	-0.00411049	-0.284003	0.0250672	-0.0054009	-0.000586674	-0.00136557
3790.885444394	3220.988983548	-0.00829286	-0.261247	0.194049	-0.00765661	0.00124942	-0.00237635
3767.171449852	3219.58964691	0.0563661	-0.268114	0.249784	-0.00701674	0.00155725	-0.00228598
3745.135705003	3212.801942253	0.117992	-0.270078	0.259536	-0.00553232	0.00129213	-0.00332931
3734.212824603	3204.809245139	0.057674	-0.272212	0.312373	-0.00651034	0.00047198	-0.00351702
3735.477438139	3209.647068876	0.0472657	-0.30825	0.23256	-0.006001	0.000798547	-0.0032067
3732.367608819	3213.113946615	0.156692	-0.165541	0.306877	-0.00676611	0.00108192	-0.00411687
3734.635393103	3205.773648867	0.205468	-0.187509	0.395371	-0.00864187	0.000121386	-0.00411687
3736.929287311	3205.563792274	0.213448	-0.245805	0.438305	-0.0089555	8.70388e-05	-0.00488844
3722.504241634	3201.797203027	0.165163	-0.224528	0.43424	-0.0087771	0.000954359	-0.00465126
3730.752229074	3209.188721004	0.121777	-0.204608	0.31981	-0.00707613	-0.000230314	-0.00410847
3744.461656713	3214.227620723	0.127547	-0.148551	0.189396	-0.00499116	-0.000965423	-0.00262671
3730.063064512	3208.309489199	0.0851636	-0.14463	0.185146	-0.00517252	-0.000431016	-0.00301909
3724.977469791	3211.829050602	0.0666142	-0.154296	0.227737	-0.00558255	-0.000235725	-0.00345674
3728.012404856	3208.309781886	0.049284	-0.144465	0.182731	-0.00526316	-0.000599465	-0.003013
3723.889098239	3200.233083598	0.0462424	-0.15737	0.16136	-0.00519027	-0.00059608	-0.00304164
3714.414287943	3197.325823439	0.0502184	-0.144393	0.197081	-0.00533255	-0.000440489	-0.00329164
3723.179664131	3202.046572367	0.0644561	-0.146861	0.200354	-0.00544205	-9.46713e-05	-0.00273384
3714.982865885	3193.244888333	0.0762123	-0.143319	0.187101	-0.00588578	-0.000199018	-0.00219526
3717.358868931	3195.326185725	0.0748347	-0.103484	0.208545	-0.00614313	-0.000168066	-0.00211529
3709.62827024	3194.491735034	0.0778825	-0.0791885	0.198667	-0.00616899	4.4879e-05	-0.00230203
3713.916481637	3193.791920372	0.0650652	-0.110565	0.156581	-0.00626867	0.000298505	-0.00230203
3721.401440915	3190.710804123	0.0482704	-0.066302	0.156539	-0.00612756	-4.82517e-05	-0.00162357
3708.11973505	3192.153165753	0.0462665	-0.0838712	0.160753	-0.00626823	-0.0001615	-0.00189752
3708.057208654	3189.987281812	0.0312129	-0.131571	0.139852	-0.00618869	-0.000221138	-0.00180444
3723.251466421	3186.83387187	0.00458716	-0.100416	0.126744	-0.00573788	-0.000757728	-0.00184363
3718.327340965	3196.395664092	-0.00268145	-0.110203	0.106729	-0.00559569	-5.69938e-05	-0.00167778
3712.33030378	3188.935657353	-0.0209733	-0.112207	0.079774	-0.0059117	-4.00504e-05	-0.00197017
3723.441794022	3193.506257841	-0.0207775	-0.121662	0.0595342	-0.00547529	-0.000297877	-0.00206625
3721.946313794	3196.253418201	-0.0259723	-0.128073	0.0588551	-0.00487314	-0.00096974	-0.00147803
3708.721293948	3185.961371866	-0.0505294	-0.166085	0.0208432	-0.00487386	-0.00125363	-0.00168432
3733.88679411	3203.719571368	-0.0410558	-0.158101	0.0481936	-0.00496924	-0.00138198	-0.00126792
3756.995107135	3222.745983722	-0.0476774	-0.172958	0.126445	-0.00573648	-0.000361647	-0.00148536
3778.236560625	3218.665048617	-0.0124113	-0.143355	0.209228	-0.00575409	-0.000866341	-0.00103263
3777.18769751	3224.469032203	0.00822108	-0.189218	0.391443	-0.0071217	-0.000544071	-0.000394655
3778.535106988	3230.802193919	-0.0226452	-0.126526	0.83296	-0.00548044	-3.05228e-05	-0.000377756
3742.617815135	3215.428808248	-0.0407286	-0.087555	1.32179	-0.00282524	0.000530338	0.000801822
3712.467380878	3216.323845152	-0.0404295	-0.092527	1.54387	-0.00193653	0.00152349	0.000644219
3693.393051046	3213.770736286	0.0483168	-0.142073	1.63086	-0.00127226	0.000967946	-0.000108693
3694.546010304	3215.378758768	0.00820151	0.104462	1.49416	-0.00917822	-9.65982e-05	-0.0011098
3691.966624695	3214.138936556	-0.0965805	0.145356	1.06347	-0.011549	0.00017992	-0.00323928
3697.801505512	3216.826388764	-0.179715	0.308845	0.952181	-0.0123964	0.0011958	-0.00442925
3724.370414067	3224.332932739	-0.212592	0.308714	0.588704	-0.00846236	0.000920155	-0.00412803
3726.493219565	3227.209753449	-0.127106	0.353268	0.436618	-0.00626751	0.000914058	-0.00254803
3721.998533641	3226.128274914	-0.126781	0.34629	0.341801	-0.0045748	0.000936925	-0.00219252
3713.792115949	3219.77521048	-0.10839	0.323115	0.367488	-0.00486769	0.000683433	-0.0016595
3719.309898615	3219.909846509	-0.0982632	0.271339	0.335707	-0.00411915	0.000683433	-0.00137611
3725.758362637	3214.678651419	-0.0885714	0.212136	0.363409	-0.00463465	0.000683433	-0.00124103
3719.227446225	3221.660992943	-0.0837479	0.217994	0.354743	-0.00495325	0.000723463	-0.000783519
3740.231849092	3216.484530326	-0.0903488	0.228109	0.366221	-0.00457209	0.000640595	-0.000612773
3724.968881	3208.285781551	-0.0844338	0.240327	0.342347	-0.00451977	0.000318624	-0.000449359
3730.803074714	3201.900228858	-0.0888474	0.275666	0.362913	-0.00499326	0.000220269	-0.000115306
3715.846898224	3203.063367071	-0.0849649	0.271808	0.337393	-0.00494179	0.000227639	-0.000233252
3717.958366518	3200.271425597	-0.0770575	0.343153	0.331318	-0.00498028	0.000308163	3.61395e-05
3724.272501854	3199.737271788	-0.0859206	0.342972	0.317719	-0.00429445	0.000321294	0.000143076
3694.475238669	3199.274826298	-0.0963363	0.338704	0.301622	-0.0048994	0.000255391	0.00010303
3701.032265004	3197.282213073	-0.138652	0.324814	0.347168	-0.00465124	-0.000617272	-0.000836379
3683.48502215	3193.616893534	-0.141375	0.246664	0.382431	-0.00634473	-0.000963936	-0.000668016
3679.671942652	3186.784700451	-0.136509	0.318223	0.378996	-0.00666704	-0.00073178	-0.000395182
3676.161188585	3188.469699619	-0.135913	0.296166	0.345921	-0.00642378	-0.000766556	-0.000247293
3674.745412334	3189.289223272	-0.115679	0.323909	0.358631	-0.00666563	-0.000532732	0.000225948
3674.478816272	3191.143688224	-0.113989	0.299426	0.334664	-0.00718056	-0.000664962	0.000225948
3685.610576061	3185.299899204	-0.115802	0.324633	0.342986	-0.00706689	-0.000674822	0.000225948
3693.855815087	3183.784073132	-0.110565	0.318681	0.30223	-0.00690255	-0.000737681	0.000642927
3698.064666058	3186.759822054	-0.107729	0.352732	0.275449	-0.00657663	-0.00072832	0.000804723
3694.936972054	3192.100774776	-0.113557	0.324962	0.220516	-0.00702907	-0.000605166	0.000819396
3698.012102659	3187.768128834	-0.130736	0.306871	0.21596	-0.00705403	-0.000171188	0.000587152
3680.126117902	3186.136398704	-0.13458	0.301383	0.199788	-0.00745176	-7.1155e-05	0.000780054
3686.693450786	3185.919517623	-0.136479	0.308021	0.218464	-0.00767258	5.29872e-05	0.000599684
3677.721256519	3183.679876554	-0.138172	0.292323	0.199845	-0.00759666	-5.24305e-05	0.000519414
3690.885811279	3189.105415824	-0.137196	0.294725	0.204163	-0.0074079	-0.000428785	0.000759975
3683.702833881	3189.888646287	-0.146756	0.289289	0.171663	-0.0073156	-0.000306796	0.000820881
3703.451212003	3188.377795895	-0.157635	0.276246	0.20126	-0.0076147	-0.000165769	0.00046802
3692.125001995	3185.629757474	-0.152883	0.270486	0.176719	-0.00756617	-5.26753e-05	0.000666972
3708.709613192	3185.94527408	-0.14344	0.269829	0.171484	-0.00716679	-0.000209629	0.000799181
3699.799258218	3188.321892674	-0.10404	0.253677	0.162972	-0.00699476	8.33397e-05	0.00150341
3716.730856558	3188.386869193	-0.0940471	0.285681	0.14544	-0.00679021	8.86591e-05	0.00143774
3693.323310066	3191.663207683	-0.0993602	0.27988	0.135279	-0.00686767	-6.09256e-05	0.00165673
3709.090268394	3191.337447031	-0.104843	0.2816	0.149449	-0.00709046	0.000226809	0.00153892
3700.130098434	3188.208037424	-0.112497	0.274577	0.139443	-0.00717069	-0.000522138	0.0016382
3711.567962721	3193.687431106	-0.116142	0.288295	0.139172	-0.00709935	-0.000124301	0.00141371
3705.202981745	3191.779697116	-0.112901	0.277458	0.142015	-0.00730812	-0.000130308	0.00134997
3716.838731769	3197.743780502	-0.113706	0.275412	0.147887	-0.00753466	-7.9393e-05	0.00121731
3713.050731539	3200.413086115	-0.114032	0.279017	0.125573	-0.00720946	-0.000313552	0.00130907
3723.007544767	3195.874973886	-0.118335	0.3057	0.145776	-0.00793424	-8.71941e-05	0.000994813
3721.81232866	3198.85043012	-0.12103	0.285943	0.1499	-0.00829179	0.000131458	0.000950183
3737.798472925	3202.948341073	-0.125791	0.230822	0.125801	-0.00767833	3.44313e-05	0.00106408
3738.560813983	3199.093360346	-0.129096	0.23047	0.107428	-0.00745481	0.00010047	0.00116315
3737.840729775	3202.450187767	-0.130092	0.238911	0.102792	-0.00785011	-0.000139952	0.00134
3754.121297783	3205.627890731	-0.121444	0.258394	0.10453	-0.00718624	-0.000278643	0.00139994
3749.051162885	3200.7719204	-0.128922	0.265978	0.0817121	-0.00732572	-0.00075908	0.00149267
3762.198196512	3212.991603442	0.0192119	0.283871	0.0879978	-0.00672392	-0.00114261	0.0038452
3749.759222787	3207.0693743	0.048711	0.267972	0.000362499	-0.00672982	-0.00169493	0.0045736
3759.223726534	3202.753411518	0.0328865	0.269173	0.0237649	-0.00648706	-0.00142502	0.00393839
3742.989194443	3204.517728869	0.0110952	0.231294	-0.0176997	-0.0069817	-0.00104859	0.00367801
3745.487501868	3203.674790254	-0.00697471	0.251284	0.00948998	-0.00628712	-0.000598492	0.00341842
3736.035709531	3205.173055104	-0.0157792	0.218492	0.0132933	-0.00667469	-0.000553218	0.00324629
3744.076878891	3203.886988343	-0.0475572	0.229483	0.0480924	-0.00657059	-0.000266939	0.00265135
3733.46010299	3204.683097034	-0.0594113	0.194594	0.0444305	-0.00661222	-0.000845126	0.00245471
3727.325988707	3193.813871898	-0.0641664	0.210165	0.044581	-0.00651898	-0.000608535	0.00226555
3740.374423017	3189.304735684	-0.0763906	0.182657	0.0201432	-0.00668101	-0.000744013	0.00199559
3730.893428792	3191.632768233	-0.0754948	0.194879	0.025027	-0.00626227	-0.000294195	0.00206544
3747.197701863	3196.101220951	-0.0764634	0.210968	-0.0237093	-0.00636902	-0.000561552	0.00216127
3753.971852826	3187.115144095	-0.0649975	0.220031	0.00676231	-0.00603671	-0.000241149	0.00166943
3759.229566911	3197.167187074	-0.0807872	0.239398	0.0385647	-0.00693413	-0.000745011	0.0017896
3756.973119831	3201.556321611	-0.0854508	0.253991	0.0568645	-0.00761788	-0.000231483	0.00154866
3761.842964131	3196.394786031	-0.0796916	0.275312	0.0863891	-0.007536	0.000248258	0.0010029
3766.785984927	3196.025415013	-0.0763462	0.220645	0.050397	-0.00784463	-0.00012163	0.0004358
3781.970279697	3212.727014376	-0.0722788	0.199516	0.125313	-0.0085062	0.000293713	0.000423671
3789.840360347	3208.938473603	-0.0691969	0.135829	0.273859	-0.0117675	0.000361041	-0.000527445
3796.223893112	3200.840409162	0.00261989	0.141973	0.589735	-0.0154059	0.00145389	-0.00124
3752.389110484	3204.149235912	0.102115	0.143617	0.653919	-0.0156859	0.000322677	-0.00215137
3737.747970836	3201.553102053	0.176108	0.239466	0.704989	-0.0164656	0.000440756	-0.00222531
3726.14348401	3195.445894716	0.183313	0.212108	0.723054	-0.0173248	0.000155792	-0.00186196
3739.408699396	3206.931518714	0.21922	0.318255	0.756926	-0.0180431	0.00133739	-0.00186439
3738.229630215	3209.62014167	0.231086	0.337453	0.698528	-0.0162923	0.00165446	-0.00152269
3757.772908017	3211.294311419	0.220903	0.314713	0.641446	-0.0155839	0.00224078	-0.00164257
3766.474383602	3221.049277074	0.200086	0.31055	0.573881	-0.0138949	0.0019428	-0.00116113
3780.765444144	3220.409755937	0.186798	0.252529	0.465718	-0.0116669	0.00168599	-0.000789418
3774.896551716	3219.880870494	0.186728	0.238533	0.42681	-0.0106144	0.000952736	6.51171e-05
3776.306487589	3218.402215674	0.169811	0.229527	0.380104	-0.0102221	0.000737413	0.000578307
3781.793694161	3219.447986393	0.169386	0.183661	0.285025	-0.00904898	0.00186208	0.000758608
3770.537912236	3216.312723046	0.154901	0.228314	0.279382	-0.0094521	0.00172449	0.000898424
3763.800864848	3209.037401815	0.159266	0.184043	0.282056	-0.00943238	0.00134289	0.000843031
3763.120289077	3202.773314236	0.159646	0.261286	0.263304	-0.00987368	0.00150208	0.000758273
3757.810698696	3211.143284917	0.160343	0.232659	0.255115	-0.00983736	0.00126918	0.000790682
3753.989030407	3197.827781676	0.151254	0.26554	0.240972	-0.0097446	0.00158904	0.000611066
3750.562446489	3200.564405303	0.125487	0.236089	0.230038	-0.00875459	0.0010555	0.000613825
3748.493235045	3198.099980604	0.111585	0.247886	0.198092	-0.00773243	0.000842724	0.000673981
3738.449503256	3198.473156553	0.088152	0.297867	0.227261	-0.00885811	0.000560824	0.000717263
3755.689267405	3193.663138083	0.039581	0.254243	0.23535	-0.00890641	0.000815249	9.70477e-05
3754.044342219	3197.768658898	0.0536525	0.249699	0.240747	-0.00956731	0.0011656	0.000421808
3750.347039619	3195.452626517	0.0751278	0.245165	0.286666	-0.00980196	0.00184327	-0.000103902
3763.274200205	3202.793216953	0.134021	0.247996	0.401585	-0.0117583	0.00159214	-0.000305881
3752.471562875	3204.367873115	0.20317	0.235753	0.744286	-0.0151644	0.0021144	-0.000700332
3737.895010932	3188.427260001	0.340467	0.168828	0.91083	-0.0169406	0.00172547	-0.00134597
3718.588096649	3190.114307978	0.270668	0.212481	0.947429	-0.0161688	0.00128136	-0.00129118
3706.860618341	3189.961232668	0.209743	0.220966	0.718398	-0.0142613	0.00136686	-0.00188528
3722.675330344	3194.963839196	0.182124	0.261705	0.640813	-0.0129223	0.00111686	-0.00163528
3727.652706303	3206.580001604	0.146057	0.308716	0.584536	-0.0125683	0.00164323	-0.00146386
3748.64439776	3205.433546551	0.120747	0.263279	0.496396	-0.0111278	0.00118336	-0.00136806
3761.801394384	3212.066419775	0.116917	0.286724	0.455832	-0.0101555	0.000918717	-0.00136949
3767.248061864	3212.878918939	0.117273	0.268048	0.430621	-0.0103558	0.000902716	-0.00110464
3780.807013891	3224.346103655	0.117974	0.226691	0.397167	-0.00974806	0.000885599	-0.000345029
3778.858389068	3222.430174429	0.143002	0.228049	0.364598	-0.00917263	0.0010872	-6.97286e-05
3794.57140979	3228.961485257	0.167146	0.254244	0.501526	-0.00998289	-1.90691e-06	0.00169468
3798.801904514	3234.394341703	0.161144	0.175597	0.696923	-0.011249	-0.000594695	0.00254163
3785.407857268	3232.392947867	0.0346252	0.153048	0.220539	-0.00501345	-0.00100917	0.00118966
3757.257580578	3217.548154953	0.00522517	0.193255	0.172353	-0.00397832	-0.00101352	0.00119082
3747.668711142	3212.855211291	0.0110503	0.185145	0.132741	-0.00426116	-0.00129873	0.00140721
3739.875586056	3201.976034796	-0.00996832	0.25115	0.11849	-0.00468626	-0.00143394	0.00172557
3740.776378419	3203.988550738	-0.0175602	0.262138	0.120357	-0.00470313	-0.0013107	0.00218855
3745.323284191	3204.065527424	-0.0203604	0.276378	0.0962785	-0.00506895	-0.00125969	0.00237265
3740.896277937	3198.403789729	-0.026786	0.281035	0.0921448	-0.00461315	-0.00143092	0.00241056
3730.657752376	3199.61727011	-0.0240361	0.291499	0.129281	-0.00566015	-0.0011712	0.0027209
3731.51216527	3194.737299443	-0.0301348	0.218086	0.107576	-0.00513576	-0.00114231	0.00251966
3732.630082262	3196.553129709	-0.0354305	0.21776	0.120366	-0.00495393	-0.000882208	0.00252261
3722.258945773	3195.229891696	-0.0294362	0.223371	0.116798	-0.00524303	-0.00090679	0.00251825
3733.178734209	3188.532627328	-0.0355585	0.217933	0.122031	-0.00507942	-0.00104757	0.00250691
3708.856309737	3188.784338164	-0.0402707	0.218428	0.111198	-0.00535983	-0.000940604	0.00255106
3708.185009859	3190.401433944	-0.0406898	0.229813	0.119117	-0.00504171	-0.000943295	0.00251474
3702.9327926	3186.83679874	-0.0482349	0.247554	0.110005	-0.00545208	-0.00108883	0.00271714
3706.874360406	3186.42147586	-0.0381102	0.253363	0.13043	-0.00523722	-0.0011065	0.00271372
3696.630338019	3184.966528689	-0.0327785	0.259467	0.121089	-0.00572235	-0.00118082	0.00267175
3704.825074956	3185.68214845	-0.0477248	0.260013	0.12322	-0.00526315	-0.0012499	0.00278383
3692.179626703	3182.507665043	-0.0459939	0.259966	0.111958	-0.00523994	-0.00119479	0.00255319
3701.495029044	3182.658398857	-0.0435498	0.259801	0.115937	-0.00513448	-0.00113242	0.00269838
3700.017069949	3184.97326049	-0.0758967	0.260666	0.124244	-0.00566832	-0.00174114	0.00219041
3708.683503269	3182.376833945	-0.0818408	0.245297	0.139342	-0.00561087	-0.0007536	0.00175701
3686.183276621	3182.829035389	-0.0835564	0.26076	0.143127	-0.00576474	-0.00128771	0.00176511
3703.748040608	3185.618635367	-0.0792004	0.22108	0.125917	-0.00619284	-0.000914823	0.00177401
3701.058718479	3186.298547312	-0.0795448	0.244841	0.0867604	-0.00603576	-0.000714327	0.00203347
3696.686336934	3188.152719577	-0.0857517	0.225327	0.0960589	-0.00546476	-0.000745348	0.00229437
3702.126476933	3182.063073461	-0.084588	0.202583	0.0946567	-0.00551051	-0.000934221	0.00222846
3712.406572241	3193.298450058	-0.0821583	0.181328	0.0918259	-0.00527833	-0.00104341	0.00240671
3715.712569538	3195.330868717	-0.0836966	0.20273	0.0856566	-0.0047847	-0.000723529	0.0023855
3719.800490337	3188.589993984	-0.0950407	0.20706	0.0673833	-0.00492844	-0.000711353	0.00240544
3737.098314711	3199.290046023	-0.083564	0.215558	0.0774594	-0.00497954	-0.000786545	0.00209733
3740.89490373	3203.952842922	-0.0830906	0.180985	0.0765126	-0.0050946	-0.000868711	0.00202895
3745.510519827	3203.766693978	-0.078713	0.18905	0.0671794	-0.00448607	-0.000905799	0.00206582
3748.727880805	3210.980843621	-0.0758655	0.207715	0.0673638	-0.00482077	-0.000635275	0.00222894
3762.251447015	3214.978070239	-0.0536179	0.187416	0.0458189	-0.00446545	-0.00013355	0.00230856
3751.706473403	3211.665438559	-0.0746407	0.209872	-0.0155068	-0.00508479	0.000719619	0.00179847
3762.586066298	3207.15776578	-0.0906367	0.204859	-0.0173877	-0.00508738	0.000908259	0.00125706
3753.37269879	3209.284136972	-0.0813057	0.197154	-0.107986	-0.00567612	0.00118091	0.00121546
3756.206312602	3205.897748163	-0.0753846	0.216163	-0.0790775	-0.00525462	0.00114587	0.00125957
3744.893844658	3205.278715118	-0.0801325	0.194398	-0.0840226	-0.00556402	0.00085994	0.00124034
3744.505287769	3203.440933326	-0.0836484	0.193767	-0.0577574	-0.0052457	0.000909391	0.00126706
3734.312454575	3199.055018347	-0.070538	0.200039	-0.0604619	-0.00552388	0.000881939	0.00137533
3749.568895186	3197.374702171	-0.038107	0.220264	-0.0581038	-0.00543645	0.00139138	0.00169689
3745.118870973	3193.757090616	-0.0147966	0.167849	-0.0944043	-0.00514844	0.000856404	0.00216053
3755.222724296	3191.654134385	-0.0100044	0.184707	-0.0528254	-0.00504551	0.00119744	0.00238493
3743.280526222	3186.978751944	-0.0348523	0.142755	-0.0646649	-0.00513615	0.00116566	0.00208837
3748.636496073	3181.179158664	-0.0197661	0.193044	-0.0510683	-0.00502779	0.00136975	0.00221657
3749.756474374	3179.160788981	-0.033301	0.178461	-0.0543148	-0.00499781	0.00122047	0.00222826
3744.028438112	3175.17468447	0.00418532	0.203966	-0.038448	-0.00471681	0.0013305	0.00249696
3758.138790499	3180.009288649	0.000573899	0.139309	-0.176712	-0.000761535	0.00241393	0.0024123
3753.945055799	3186.735236345	0.00664288	0.131006	-0.200346	0.00311328	0.00334787	0.00296539
3747.89442456	3177.093540566	-0.0202407	0.109823	-0.157259	7.88285e-05	0.00184895	0.00233371
3735.51144975	3180.178754433	-0.0377268	0.142583	-0.136382	-0.000270981	0.00199924	0.00205264
3739.48565496	3175.015755418	-0.0402093	0.129461	-0.162635	-0.000326332	0.00187461	0.00208309
3739.035258778	3179.824310453	-0.0385307	0.140627	-0.143741	-0.000738651	0.00219543	0.00199648
3755.031366041	3174.942583664	-0.0478397	0.132781	-0.16346	-0.00165536	0.0021064	0.00162581
3751.041013904	3179.093178279	-0.0518412	0.146662	-0.145598	-0.00218166	0.00292183	0.00146801
3751.989903495	3184.332275919	-0.00807048	0.143921	-0.205161	-0.00249068	0.00297291	0.00227121
3754.923834382	3184.452277597	0.000507708	0.146549	-0.201727	-0.00215643	0.00209122	0.00252922
3759.013472939	3193.028592626	-0.008824	0.131049	-0.239333	-0.00278078	0.00210618	0.00269505
3760.21590363	3188.402381605	-0.0144669	0.114593	-0.243566	-0.00275485	0.00168051	0.00267226
3758.349731197	3192.497365687	-0.0171252	0.128814	-0.275869	-0.00311763	0.00131276	0.00275609
3769.022162461	3193.246644455	-0.0132256	0.124026	-0.265914	-0.00290883	0.00162248	0.00262585
3759.444286678	3196.935086268	-0.0188657	0.113406	-0.332427	-0.0037831	0.00128143	0.00273369
3768.496872025	3194.324025372	-0.00827494	0.119919	-0.281806	-0.00315595	0.00154484	0.00270717
3758.894604076	3194.555248117	-0.00427089	0.0960898	-0.340324	-0.004048	0.00148787	0.00274285
3771.968804758	3198.247494861	0.00157712	0.126989	-0.285977	-0.00300852	0.00125598	0.00289216
3749.284090888	3195.782484788	0.00406565	0.10672	-0.32347	-0.00420204	0.00141765	0.00301917
3763.531176822	3197.266993348	0.0110565	0.108807	-0.280687	-0.00350041	0.00160938	0.00313525
3753.195426151	3194.014362506	0.000379414	0.115892	-0.303272	-0.00407604	0.00150167	0.00324173
3767.418807022	3189.717424381	0.00848958	0.116818	-0.25881	-0.00332996	0.00160709	0.00317856
3754.359722612	3190.582021835	0.00396675	0.126987	-0.28486	-0.00373476	0.00135154	0.00323624
3772.162224324	3186.114447177	-0.00271794	0.138944	-0.260881	-0.00364703	0.00144786	0.00319808
3754.471720442	3192.194727309	0.00338371	0.16864	-0.229779	-0.00368053	0.00155621	0.00312845
3772.089391379	3187.589004379	0.00611685	0.0981822	-0.277404	-0.00394088	0.00174412	0.00309972
3763.575494981	3177.839892464	0.00585717	0.0870516	-0.287449	-0.00340941	0.00138211	0.00306528
3766.715213292	3187.166949697	-9.62493e-05	0.104195	-0.305026	-0.00330401	0.00132715	0.0030522
3770.873905726	3181.653604321	-0.000609266	0.0870939	-0.316203	-0.00339012	0.00162503	0.00303816
3773.062329584	3188.691556379	-0.00657425	0.115586	-0.296118	-0.0030914	0.00197976	0.00312222
3782.128313445	3183.278017277	0.00165724	0.113725	-0.343567	-0.00331577	0.00155032	0.00336882
3778.2630141	3184.86730779	-0.00385268	0.144554	-0.404504	-0.00341252	0.00159456	0.00321726
3784.92448013	3182.861230962	-0.000942937	0.105412	-0.364098	-0.00318985	0.001908	0.00301373
3771.231199417	3184.370325231	-0.00502822	0.114949	-0.404398	-0.00418994	0.00158706	0.0032685
3772.712594029	3182.778693222	0.000623699	0.123659	-0.312425	-0.00384406	0.002118	0.00306456
3770.035296207	3191.66350037	-0.0100091	0.105645	-0.341011	-0.00434334	0.00183993	0.0031626
3786.237190893	3187.513491128	-0.00530935	0.105052	-0.27805	-0.00414933	0.00177201	0.00313257
3762.998671801	3191.68896414	-0.00516241	0.0791311	-0.339881	-0.00401502	0.00204145	0.00291983
3767.122665521	3185.518829094	-0.0146536	0.0423934	-0.452806	-0.0036325	0.00162683	0.00283384
3757.780466153	3183.165625461	-0.0119987	0.0921749	-0.402931	-0.00306776	0.00148048	0.00271757
3768.320973593	3182.38619993	-0.00653382	0.10796	-0.417151	-0.00358529	0.00134195	0.00304194
3766.670895132	3173.532124919	-0.0115064	0.109315	-0.349683	-0.00272481	0.00142967	0.00298699
3762.40260973	3182.935866151	-0.00757817	0.132276	-0.350485	-0.00375876	0.00134682	0.00298538
3775.366873892	3183.039477356	0.00504429	0.142432	-0.330129	-0.00392561	0.00153223	0.00309466
3768.442247317	3183.915782291	-0.00250242	0.17592	-0.315426	-0.00427551	0.00168579	0.00308419
3781.602679457	3186.69250404	-0.00159264	0.0933705	-0.396454	-0.0047846	0.00170309	0.00326234
3776.7524176	3185.368387966	0.00758191	0.0705027	-0.375891	-0.00406087	0.00174394	0.00297416
3774.704506357	3192.171312348	-0.00579315	0.0701097	-0.390243	-0.00385646	0.00146969	0.00327551
3776.812539135	3183.157430225	-0.00501183	0.0751921	-0.332193	-0.00327107	0.00128442	0.00317764
3765.529616631	3187.763445842	-0.00654277	0.0936638	-0.359848	-0.00316688	0.00136149	0.00318063
3779.567136072	3188.573018137	-0.00222531	0.111443	-0.338751	-0.00264553	0.00140234	0.0030864
3760.659085228	3189.035463627	-0.00744702	0.117736	-0.418134	-0.00361372	0.00105093	0.00310813
3774.535822508	3190.481922874	-0.00595342	0.152784	-0.360258	-0.00308095	0.00175834	0.00318929
3755.693733576	3184.439399368	-0.012454	0.121867	-0.39481	-0.00388748	0.00170374	0.00323122
3760.70821311	3194.506369385	-0.00918868	0.1489	-0.340123	-0.00369048	0.00175252	0.00318657
3745.220905806	3187.355440138	-0.00551045	0.119214	-0.3613	-0.00439886	0.00196119	0.00310339
3756.177797817	3190.757634046	-0.00827091	0.106995	-0.355111	-0.00367057	0.00189237	0.00318912
3733.948289851	3186.361767708	-0.0166912	0.0880173	-0.391739	-0.00380482	0.00175249	0.00309422
3748.941569917	3188.353502872	-0.0148715	0.0782494	-0.348156	-0.00300548	0.00186688	0.00306855
3733.296228865	3183.092746394	-0.0225835	0.0802616	-0.420204	-0.00372492	0.00169598	0.0031703
3745.359357111	3185.242825235	-0.0224586	0.106037	-0.369995	-0.00330976	0.00160452	0.00295451
3723.413622789	3181.22862277	-0.0283087	0.103505	-0.433315	-0.00390307	0.00146494	0.00288753
3738.363615349	3182.588153973	-0.0182328	0.130175	-0.35656	-0.00315593	0.00167846	0.00292808
3723.883944965	3180.104704617	-0.0169039	0.131975	-0.38165	-0.00391995	0.0017717	0.00307361
3747.371195434	3180.771152959	-0.0105676	0.130828	-0.330349	-0.00342465	0.00192034	0.00326089
3734.060974784	3176.565533184	-0.0150462	0.117582	-0.402327	-0.00397761	0.00161548	0.00290853
3743.692444622	3178.054432049	-0.0115752	0.101589	-0.357618	-0.00319946	0.00193988	0.00302687
3732.085552934	3173.191729916	-0.0164549	0.0975199	-0.418664	-0.00364389	0.00137382	0.00296846
3740.133593327	3177.032954353	-0.0222519	0.102183	-0.366282	-0.00306412	0.001576	0.00291388
3743.478411959	3174.016814623	-0.0211869	0.0695933	-0.390801	-0.00326477	0.00146302	0.0029417
3739.443741662	3171.26994695	-0.00813411	0.112107	-0.373925	-0.00350193	0.00143041	0.00292699
3746.668632358	3171.132091364	-0.0189625	0.0703042	-0.339384	-0.00316175	0.00132878	0.00286354
3746.389668438	3172.160593548	-0.0205947	0.112033	-0.356325	-0.00359921	0.00123838	0.00295391
3747.617865501	3169.529629935	-0.0150665	0.0590355	-0.324898	-0.00366603	0.000721283	0.00312742
3737.741099803	3175.16385505	-0.02149	0.126161	-0.31691	-0.00383027	0.000887703	0.00289238
3745.65687282	3171.125359562	-0.0204446	0.0806305	-0.326709	-0.00321794	0.000489336	0.00334821
3726.026676457	3172.869481508	-0.0155302	0.107519	-0.319822	-0.00347301	0.000987902	0.00313393
3741.561050333	3173.458953164	-0.0147426	0.0738253	-0.340079	-0.00362445	0.00080736	0.00324164
3742.007667447	3173.985204425	-0.0215461	0.081904	-0.32492	-0.00369936	0.00080736	0.0030104
3744.217047955	3173.76568916	-0.0231114	0.0808554	-0.378137	-0.00430348	0.000756762	0.00320677
3751.401056008	3181.297404219	-0.0239408	0.0949643	-0.334266	-0.00521779	0.000905802	0.00309148
3749.108192455	3173.321097578	-0.0284796	0.0812553	-0.341747	-0.00430901	0.00090794	0.00297257
3756.454013324	3186.97816657	-0.0341345	0.059233	-0.403767	-0.00453034	0.000781336	0.00307718
3760.591405557	3191.893845054	-0.0242569	0.0588532	-0.374675	-0.0039803	0.000982788	0.00275659
3772.703661687	3202.4223825	-0.0313266	0.0586031	-0.379236	-0.00381559	0.000863641	0.00301124
3777.274616072	3196.650009112	-0.0264078	0.0575307	-0.397241	-0.00338127	0.00116507	0.00303323
3773.880669558	3210.725035167	-0.0279133	0.0902555	-0.367963	-0.00339065	0.000714534	0.00281669
3779.741660299	3205.750526592	-0.0278311	0.037197	-0.371334	-0.00331018	0.00103375	0.00279849
3773.406568314	3211.330019235	-0.0207164	0.0890091	-0.379394	-0.00367359	0.00163855	0.00270853
3781.669672024	3208.717202217	-0.0147804	0.0581149	-0.372369	-0.00375132	0.00169109	0.00269322
3765.612756124	3211.286408869	-0.0197457	0.067775	-0.433533	-0.00407917	0.00170936	0.00275884
3775.509104265	3211.297238289	-0.0203059	0.0573037	-0.375382	-0.00338235	0.00155634	0.00283637
3752.406975169	3212.954139503	-0.0192155	0.0628189	-0.431102	-0.00385068	0.00158175	0.00284076
3765.35406175	3208.295732909	-0.020952	0.0820212	-0.379472	-0.00262577	0.00193005	0.00287438
3750.842784615	3203.805914038	-0.0149336	0.0735962	-0.420211	-0.0034974	0.00159037	0.00291718
3755.780995689	3207.042739781	-0.0145314	0.0828588	-0.362348	-0.00342014	0.00168287	0.0029427
3753.859854996	3204.529729036	-0.00520693	0.0758009	-0.376822	-0.00423676	0.00143478	0.00307071
3758.316063138	3202.209013663	-0.0164956	0.0955606	-0.347092	-0.00398166	0.0016662	0.00313343
3746.642865987	3199.580391546	-0.0190887	0.0610322	-0.422521	-0.00425982	0.00173978	0.00264583
3757.049388292	3191.342715397	-0.0139676	0.0591547	-0.383893	-0.00305246	0.00170369	0.0028277
3734.710287358	3194.06997304	-0.0236171	0.0673955	-0.419968	-0.00323022	0.00128235	0.00295951
3745.989087242	3192.18682476	-0.0203821	0.077974	-0.37001	-0.00280254	0.00130373	0.00297716
3740.293688385	3181.054473993	-0.0259433	0.0744419	-0.416102	-0.00330304	0.00150094	0.00293852
3751.24508357	3180.774372516	-0.0231826	0.104149	-0.364129	-0.00238309	0.001444	0.00287013
3752.05002503	3188.076913639	-0.0204096	0.108868	-0.358857	-0.00325474	0.00136743	0.00294661
3753.142862752	3177.464960393	-0.0148456	0.107006	-0.329419	-0.00338989	0.00099815	0.00306216
3737.954101811	3182.236051489	-0.0119816	0.129322	-0.338996	-0.00367204	0.0013346	0.0032949
3753.101636557	3177.145053481	-0.0114933	0.0611463	-0.374731	-0.00328039	0.000911902	0.00299063
3748.051771205	3172.515037528	-0.00669002	0.109934	-0.37559	-0.00330947	0.00145937	0.00284223
3746.250186478	3176.912659988	-0.00788071	0.0685664	-0.409365	-0.00324333	0.00129249	0.00294382
3734.299056061	3171.585170869	-0.0120029	0.0862934	-0.404161	-0.00372193	0.0014659	0.00298153
3737.93486292	3171.884004315	-0.0133667	0.0743123	-0.374566	-0.00293272	0.00151805	0.00308651
3726.397712213	3174.063351859	-0.0153093	0.0932293	-0.433404	-0.00386034	0.000974275	0.0030536
3746.86548744	3170.31754339	-0.00981069	0.105453	-0.361901	-0.00303949	0.00134827	0.00302008
3723.670599405	3172.705284091	-0.00686869	0.0868186	-0.428981	-0.00435269	0.00108866	0.00299445
3748.951189362	3177.046125269	-0.00670373	0.0944404	-0.351444	-0.00327197	0.00141765	0.00293468
3725.954874167	3168.596251031	0.000280042	0.0688683	-0.438139	-0.00380954	0.00158924	0.00270195
3740.503598428	3172.349083989	-0.00248844	0.0800108	-0.371686	-0.00300441	0.00159979	0.00314591
3733.146783907	3171.941370971	-0.001994	0.0757949	-0.425122	-0.00380062	0.00120709	0.00323446
3737.879207557	3172.37249895	-0.00228632	0.0938225	-0.382829	-0.00309533	0.00113395	0.00317993
3724.187988154	3173.048605964	-0.0111731	0.072904	-0.430738	-0.00359188	0.00086182	0.00304451
3747.67249021	3180.891154637	-0.00833562	0.0996284	-0.333127	-0.00408363	0.00132374	0.00333091
3735.560234081	3180.353488583	-0.00692907	0.0946375	-0.367551	-0.00484807	0.00126764	0.00320475
3746.605075308	3178.268093573	-0.00894969	0.0783386	-0.371427	-0.00437181	0.00145385	0.00307608
3736.618716641	3177.09705281	-0.00942652	0.0610482	-0.393167	-0.00462434	0.000881239	0.0030582
3741.761684483	3183.30026149	-0.0123401	0.040128	-0.405356	-0.00420801	0.000740345	0.00293781
3749.775026162	3187.305976031	-0.0118788	0.0587955	-0.382053	-0.00376544	0.00102338	0.00297545
3750.618101852	3191.883601008	-0.0146391	0.0864063	-0.402517	-0.00375441	0.000861175	0.00312709
3767.177977333	3189.648350244	-0.0163353	0.0849005	-0.390523	-0.00315763	0.00103687	0.00314939
3772.793672213	3196.484933633	-0.0164747	0.109805	-0.39264	-0.00327227	0.00102927	0.00312107
3779.631036675	3202.758094511	-0.016374	0.0716535	-0.402226	-0.00366506	0.00106489	0.00295695
3765.67322121	3201.956132079	-0.009325	0.0977919	-0.355156	-0.0038735	0.00113676	0.00324048
3783.884892909	3199.544683729	-0.0101477	0.0881949	-0.434778	-0.00458103	0.000952057	0.00326802
3769.588679093	3204.587973753	-0.0119127	0.0538699	-0.408931	-0.00390016	0.00121508	0.00295131
3775.579188797	3199.215410833	-0.0039907	0.0640327	-0.454405	-0.00387605	0.00168425	0.00320725
3769.900623969	3207.055032636	-0.005197	0.0739166	-0.414862	-0.00372746	0.00156625	0.00313066
3781.839042976	3201.686860021	-0.0115553	0.0695815	-0.430427	-0.0035626	0.00149122	0.00292307
3765.298406386	3203.963086968	-0.0119828	0.112926	-0.440453	-0.00381197	0.00137643	0.0030171
3765.641270909	3195.402869724	-0.01194	0.0767651	-0.427308	-0.00353926	0.00154715	0.00295315
3747.902326248	3198.825551724	-0.00683111	0.0945754	-0.466104	-0.00403152	0.00133619	0.00306818
3763.688523466	3194.734079886	-0.0128847	0.0935659	-0.414201	-0.00364174	0.00154859	0.00302501
3750.980205266	3185.528487765	-0.00752989	0.0780542	-0.432584	-0.00423627	0.00135547	0.00305443
3760.623355858	3187.760226285	-0.0141697	0.0912042	-0.402381	-0.00393104	0.00140247	0.00304094
3744.144902113	3186.60703943	-0.0204586	0.0696393	-0.433308	-0.00398097	0.00125727	0.00274009
3751.39727694	3183.257529185	-0.00938806	0.084065	-0.423112	-0.00372114	0.00149996	0.00314562
3741.625638039	3170.73286627	-0.0147063	0.0687685	-0.432489	-0.00358935	0.00110737	0.00276193
3749.752695306	3185.835223761	-0.0209499	0.0926384	-0.474428	-0.00437177	0.00133984	0.00249142
3751.015591083	3185.223507892	-0.0216598	0.0910237	-0.482361	-0.00427854	0.00100615	0.00231207
3737.150191006	3167.463552268	-0.0219395	0.0873717	-0.453581	-0.00452948	0.000758585	0.00257478
3741.612583077	3172.284692844	-0.0194803	0.0902113	-0.419503	-0.004182	0.000889306	0.00258032
3738.838403697	3168.187074579	-0.0104734	0.122821	-0.408536	-0.00502098	0.00117739	0.00270911
3741.22643105	3167.78345918	-0.00991132	0.08209	-0.397298	-0.0053103	0.00105977	0.00273382
3739.629603092	3167.755068539	-0.0033337	0.108786	-0.386141	-0.00550044	0.00130941	0.00306383
3741.681293403	3163.626425449	-0.00803029	0.0597987	-0.429839	-0.00543307	0.00110458	0.00332721
3740.412900799	3167.389209765	-0.00530853	0.0355086	-0.406459	-0.00487117	0.00126142	0.00311749
3753.687392079	3172.471719849	-0.00793076	0.0697308	-0.405745	-0.00451382	0.00101652	0.0032199
3747.393182738	3175.873621071	-0.00531298	0.044323	-0.423188	-0.00450049	0.00102361	0.00316761
3768.942458484	3181.975560042	-0.00755442	0.0689272	-0.418779	-0.00416935	0.00092807	0.00286915
3761.922324557	3184.418325902	-0.0180527	0.0816988	-0.464143	-0.00448623	0.000957209	0.00281021
3785.000405039	3195.059547851	-0.0114744	0.103766	-0.407131	-0.00487183	0.00124299	0.00280343
3775.307783012	3202.952438691	-0.00945541	0.101895	-0.443172	-0.005276	0.00122243	0.00292424
3776.790208279	3204.882709581	-0.00689663	0.0995795	-0.403701	-0.00548137	0.0011962	0.00280613
3773.582466746	3205.006223503	-0.0134853	0.0596066	-0.470758	-0.00542953	0.000948688	0.00264821
3782.133810271	3204.559875799	-0.0158001	0.0582175	-0.460967	-0.00454001	0.000870168	0.00268917
3775.113332792	3210.376444927	-0.024649	0.0695627	-0.507822	-0.00441651	0.00117063	0.00280178
3776.951333991	3205.656574059	-0.0190343	0.0738446	-0.467626	-0.00407148	0.000949452	0.00269808
3771.133287204	3205.208470233	-0.0176122	0.0956248	-0.517223	-0.00428183	0.000568584	0.00273124
3784.853364943	3207.608503789	-0.00900163	0.118808	-0.434835	-0.00455175	0.000971858	0.00270929
3778.187089191	3207.73992026	-0.00532485	0.122543	-0.47508	-0.00531531	0.000762972	0.00297576
3775.018168991	3205.538328504	-0.00211723	0.13486	-0.429799	-0.00509996	0.0010137	0.00292037
3767.032654995	3204.804854834	-0.00203889	0.104128	-0.491252	-0.00493659	0.00096947	0.00264127
3767.835878697	3199.44253596	0.00170258	0.0943736	-0.455448	-0.00451514	0.000601572	0.00298737
3749.768155129	3199.403023212	-0.000249888	0.0701044	-0.453325	-0.00468097	0.000648405	0.00292926
3759.578615364	3192.795321072	-0.00403742	0.0631199	-0.426565	-0.00434065	0.00059177	0.00268786
3749.610464933	3193.217375753	-0.00142137	0.0770353	-0.453655	-0.00441249	0.000713112	0.00298451
3751.297303417	3187.132119942	-0.00200988	0.0996455	-0.435972	-0.00395668	0.000651109	0.00287877
3738.7652272	3186.256985756	-0.00330919	0.110129	-0.468792	-0.00439837	0.000511587	0.00294241
3745.994240516	3188.053205991	-0.001117	0.134359	-0.382661	-0.00447898	0.000400824	0.00310852
3735.544774257	3183.030696746	-0.000121202	0.124765	-0.439159	-0.00521848	0.000847399	0.00316028
3741.637318794	3176.96153872	0.00404947	0.127999	-0.404127	-0.00507722	0.000795088	0.00319823
3726.506618078	3181.265208647	-0.00484394	0.105407	-0.461903	-0.00501347	0.00093968	0.00294369
3734.621651038	3176.619680282	-0.00533405	0.0725641	-0.433043	-0.00436164	0.000961548	0.00283223
3718.263440362	3174.296330726	-0.00979823	0.0853701	-0.466662	-0.00428072	0.000975801	0.00273252
3720.991583825	3171.723026455	-0.00844796	0.0901641	-0.433056	-0.00382083	0.00143364	0.00268258
3718.402578771	3167.500723519	-0.0152414	0.102435	-0.435796	-0.00374271	0.00091631	0.00268724
3713.325229289	3170.016953821	-0.012826	0.127772	-0.422386	-0.00403623	0.000568626	0.00286638
3721.360558271	3171.781563859	-0.0159142	0.074015	-0.420381	-0.0036878	0.000219073	0.00279735
3715.494757807	3173.318170708	-0.0196583	0.0997685	-0.428369	-0.00437454	0.000423651	0.00298212
3725.075038452	3176.902123255	-0.0147795	0.0979437	-0.357401	-0.0044451	0.00034213	0.00281094
3721.730563373	3173.813104457	-0.0159703	0.111346	-0.387648	-0.00483539	0.000442287	0.00302453
3724.010715515	3174.154377521	-0.016968	0.094592	-0.396477	-0.00529157	0.000442288	0.00305972
3715.844149811	3166.94695968	-0.00982765	0.0849602	-0.402439	-0.00499963	0.000579405	0.00280236
3723.419806718	3179.014152784	-0.0140902	0.0600549	-0.429332	-0.0048229	0.000385231	0.00296657
3720.880960201	3171.206433866	-0.0104963	0.0605578	-0.400653	-0.00413884	0.000705296	0.00290381
3739.081638248	3180.162656647	-0.0159239	0.0849463	-0.420707	-0.00427118	0.000678084	0.00292449
3741.782984684	3177.278226075	-0.0207792	0.0760376	-0.429806	-0.00423533	0.000749743	0.00297999
3745.072491504	3186.904702128	-0.0221481	0.110148	-0.419745	-0.00406902	0.00085583	0.00290958
3746.349129346	3187.73710401	-0.0155496	0.0671589	-0.439046	-0.00398377	0.000938404	0.00266833
3752.676663195	3193.237863845	-0.0120732	0.124107	-0.430971	-0.00432154	0.00102448	0.00291293
3760.620263894	3198.148566649	-0.00987173	0.0617279	-0.388409	-0.0042233	0.00126447	0.00287575
3765.689368137	3202.230965189	-0.0169281	0.0767234	-0.409384	-0.00480247	0.00100889	0.00295349
3764.645658297	3200.609771791	-0.00441633	0.0708798	-0.414024	-0.0043457	0.00105729	0.00272445
3746.943473659	3197.914709721	-0.0158513	0.082601	-0.47156	-0.00443462	0.000879259	0.0029228
3758.080730274	3192.409266894	-0.00312706	0.0813113	-0.438558	-0.00391042	0.00075076	0.00298641
3748.018790249	3194.196121145	-0.012145	0.0686333	-0.496404	-0.00471248	0.000912946	0.00306627
3753.528671228	3197.849440516	-0.00301403	0.0769746	-0.446253	-0.0039958	0.00082358	0.00300356
3738.914672158	3191.912284336	-0.00939396	0.0833846	-0.481713	-0.00434746	0.00102637	0.00317179
3756.914372503	3189.254978891	0.00287326	0.0949877	-0.419763	-0.00434663	0.00069585	0.00320969
3754.113052544	3197.305335347	0.0016209	0.0891302	-0.421856	-0.00526784	0.000563265	0.00327411
3756.419658162	3192.367119963	0.00302115	0.0911741	-0.38599	-0.00513985	0.000636662	0.00330253
3751.241648053	3184.255884607	-0.000189884	0.0915434	-0.37848	-0.00513873	0.00075909	0.00311975
3757.871163782	3186.544697095	-0.00243582	0.0259617	-0.435248	-0.00448138	0.000515044	0.00321033
3764.566297871	3183.838805605	0.0009407	0.0405226	-0.418474	-0.00363428	0.000593934	0.00271863
3756.779013163	3193.499233353	-0.0120254	0.0578507	-0.473263	-0.00385874	0.000592825	0.00251228
3757.201925214	3189.564934444	-0.0070687	0.0672761	-0.438103	-0.00391466	0.000992656	0.00267559
3762.340770437	3187.377098977	-0.0164638	0.0647219	-0.478762	-0.00413976	0.00101319	0.00249761
3763.407154685	3193.927727148	-0.0280982	0.0984565	-0.473207	-0.00453049	0.000361547	0.0019715
3771.849248792	3187.613297401	-0.0180548	0.111339	-0.446315	-0.00485314	0.000420782	0.00217297
3762.054935484	3195.370966839	-0.0125389	0.10728	-0.436267	-0.00517844	0.000535304	0.00250737
3766.521793727	3190.902806808	-0.0143435	0.0652788	-0.395981	-0.00496857	0.000244849	0.00248303
3769.084345306	3194.309976395	-0.0128843	0.0959804	-0.413229	-0.00574381	0.000555217	0.002817
3765.893437803	3196.473226152	-0.0181298	0.0602462	-0.400381	-0.00543792	0.000252617	0.00267502
3752.129385455	3197.845342897	-0.0117855	0.0938611	-0.349762	-0.00568985	0.00049895	0.00274798
3763.624966416	3187.47895406	-0.0181857	0.0319302	-0.461437	-0.0061032	0.000411069	0.00291916
3751.696166855	3187.925009077	-0.0160234	0.0584038	-0.42573	-0.00534594	0.000514955	0.00286814
3759.319233886	3186.76509042	-0.0260205	0.0811358	-0.482845	-0.00503697	0.000401107	0.00285922
3754.023729121	3187.707835309	-0.0196668	0.0893386	-0.436565	-0.00458257	0.000386426	0.00291034
3762.596716399	3185.796296388	-0.023041	0.0914667	-0.467665	-0.00499324	0.000247525	0.00289434
3766.269626833	3194.831251976	-0.0210472	0.126235	-0.428709	-0.00473568	0.000130289	0.00286297
3774.319041432	3192.439413657	-0.0158549	0.136099	-0.433216	-0.00550089	0.000359887	0.00288118
3774.728898522	3194.917594647	-0.0215847	0.111527	-0.440176	-0.00559919	0.000475189	0.00290855
3768.554245147	3196.664643463	-0.00589324	0.128406	-0.422817	-0.00551859	0.000626349	0.00263771
3768.886459569	3199.819809527	-0.00588427	0.0586549	-0.485904	-0.00561746	0.000443236	0.00278661
3755.716751535	3193.875043485	-0.0140866	0.0408041	-0.450449	-0.00518627	0.000591317	0.00289501
3760.186014638	3196.921622665	-0.0177426	0.0455675	-0.510629	-0.00520244	0.000437934	0.00285137
3755.709193399	3199.067896575	-0.0187998	0.0655233	-0.469522	-0.00445117	0.000419537	0.00295621
3750.552483491	3196.09156228	-0.0220911	0.064635	-0.511115	-0.00504232	0.000239693	0.00284791
3755.493442978	3198.909845585	-0.0260443	0.0914073	-0.471486	-0.00410847	0.000271699	0.00289898
3744.874605767	3200.001568166	-0.018696	0.110464	-0.468678	-0.00518393	0.000392992	0.00260292
3762.620421461	3201.729885013	-0.0167105	0.115564	-0.433265	-0.00481833	0.000359421	0.00289844
3760.826394869	3200.452013488	-0.011082	0.148676	-0.42574	-0.00503094	0.000722403	0.00287536
3763.626684174	3196.387176169	-0.0153897	0.070605	-0.501502	-0.00506837	0.000480387	0.00287902
3748.026004833	3195.037303637	-0.0171705	0.0592093	-0.464788	-0.0046758	0.000561623	0.002744
3757.415270774	3196.673424073	-0.0184802	0.0393019	-0.520144	-0.00456951	0.000475223	0.00298019
3753.153169301	3194.706859993	-0.0149329	0.0692907	-0.469732	-0.00387362	0.000586606	0.00292523
3755.4876026	3203.152343925	-0.0166806	0.0687029	-0.479127	-0.00404068	0.000341784	0.00299087
3757.065535219	3194.950082906	-0.0225882	0.0826865	-0.464013	-0.00373269	0.00025808	0.00284874
3746.674816288	3195.992926754	-0.0196288	0.0974188	-0.470845	-0.0040189	0.00055121	0.00270593
3756.828141045	3191.115297583	-0.0198845	0.0728794	-0.445477	-0.00384882	0.000229673	0.00289737
3754.57066331	3193.46908659	-0.0185949	0.107984	-0.452274	-0.00426206	0.000503495	0.00287653
3749.982187792	3188.511553863	-0.0152683	0.0675232	-0.453731	-0.00419886	0.000594301	0.0026231
3746.342258314	3190.456166417	-0.0113761	0.105594	-0.462379	-0.00404762	0.000912856	0.00262368
3735.320778597	3186.537965294	-0.0132848	0.0621498	-0.474975	-0.00371669	0.000826705	0.00257914
3722.508364254	3184.936674613	-0.0146658	0.0713734	-0.479551	-0.00391952	0.00052159	0.00273937
3722.441028135	3182.267661687	-0.0121191	0.0662552	-0.46461	-0.00368334	0.00063043	0.00281588
3713.882813578	3178.476194043	-0.0169723	0.0743001	-0.479241	-0.00401155	0.00034056	0.00288897
3724.709155971	3185.062530031	-0.00826153	0.0721145	-0.445911	-0.00402296	0.000869439	0.00288812
3709.9154794	3181.84911925	-0.0261366	0.0769224	-0.488264	-0.00475744	0.000501837	0.0029194
3726.594910846	3188.147158524	-0.021429	0.07506	-0.443388	-0.00420952	0.000542826	0.00293905
3731.221864146	3181.138475168	-0.0209733	0.085277	-0.44107	-0.00491183	0.000357027	0.00289032
3747.216940754	3183.271870849	-0.0267996	0.109129	-0.409399	-0.00491798	0.000408215	0.0028873
3719.18209741	3183.622802585	-0.0215656	0.112133	-0.423009	-0.00506311	0.000635254	0.00289659
3728.014122614	3177.000173407	-0.0269218	0.0426322	-0.4656	-0.00513528	0.000552545	0.00289484
3730.353022084	3174.886387756	-0.0183941	0.0277931	-0.456899	-0.00431603	0.000432326	0.00291766
3743.203914209	3181.715946656	-0.0274689	0.0436676	-0.458892	-0.00429758	0.000341976	0.00291366
3741.227461705	3178.590634668	-0.0208608	0.0593663	-0.468419	-0.00395851	0.00049803	0.00287692
3743.803411797	3185.184580518	-0.0258703	0.074182	-0.462248	-0.00374785	0.000595203	0.00264678
3751.487287466	3190.400263196	-0.029142	0.0638911	-0.511734	-0.00411908	0.000532291	0.00286688
3752.315933988	3192.973567467	-0.0234653	0.0660128	-0.484688	-0.0042232	0.000719697	0.00257867
3761.336912586	3193.938556568	-0.0183397	0.0701138	-0.510775	-0.00444537	0.00104736	0.00281187
3766.640662589	3196.398590963	-0.0182041	0.0785614	-0.479899	-0.0041561	0.000851273	0.00265424
3755.127904048	3198.180176847	-0.0185496	0.0558686	-0.514214	-0.00476982	0.000936778	0.00284634
3772.718777958	3197.196163089	-0.0170502	0.0403686	-0.489908	-0.00396979	0.00123563	0.00261694
3751.502060186	3197.872270103	-0.0161638	0.0252959	-0.538072	-0.00453792	0.00107715	0.0026613
3758.40744787	3195.166085926	-0.0210844	0.0406831	-0.50024	-0.00406035	0.000975651	0.00271807
3756.092253462	3198.311300631	-0.0265488	0.0342676	-0.55562	-0.0042038	0.000868469	0.00272804
3764.801630735	3188.967560238	-0.0260937	0.0503954	-0.515678	-0.00379818	0.00105557	0.00244744
3756.694155911	3195.711361842	-0.0231279	0.0539921	-0.533447	-0.00382134	0.00067864	0.00268205
3754.190695212	3193.787237379	-0.0228999	0.0936503	-0.506788	-0.00408131	0.00105557	0.00266404
3763.267329173	3187.483344365	-0.0138964	0.0562777	-0.480453	-0.00437285	0.000833664	0.00286422
3765.090901204	3192.767223118	-0.0115734	0.0874224	-0.452995	-0.0052109	0.000848178	0.00284378
3764.423036843	3185.436584041	-0.018461	0.0574784	-0.463681	-0.00547292	0.000524954	0.0030012
3745.318130916	3185.675416649	-0.00432163	0.0986289	-0.454143	-0.00536432	0.00079221	0.00297924
3752.627535313	3178.938054159	-0.023827	0.0163909	-0.498981	-0.00544558	0.000634913	0.00300601
3747.396961806	3180.279438767	-0.0242279	0.0373561	-0.465556	-0.00447668	0.000488934	0.00281085
3755.98197339	3179.808798041	-0.0266889	0.051743	-0.501271	-0.00463755	0.00076125	0.00290156
3739.432060907	3175.6655206	-0.0152878	0.0691909	-0.465302	-0.00425284	0.000687557	0.00278753
3760.533001781	3179.932311963	-0.0214255	0.0674743	-0.466551	-0.0046158	0.000456009	0.00286871
3763.761356411	3176.726803731	-0.0259721	0.0390721	-0.482704	-0.00425022	0.000657245	0.00299956
3765.141746845	3183.369921	-0.0327032	0.0879027	-0.476584	-0.00429351	0.000446814	0.00269677
3763.305806955	3187.783933933	-0.0218619	0.0438403	-0.456915	-0.00437969	0.000694395	0.00315065
3777.515789313	3189.980550011	-0.0232922	0.100448	-0.440241	-0.00501614	0.000639349	0.00320278
3772.767218737	3181.167451183	-0.0233	0.0406968	-0.452602	-0.00489367	0.000492291	0.0031615
3763.872667138	3190.966027204	-0.0197551	0.071947	-0.480685	-0.00487636	0.000606934	0.00303543
3783.277837186	3197.161918708	-0.0155076	0.0115253	-0.519278	-0.00445605	0.000797848	0.00277022
3760.287362368	3195.817314543	-0.023988	0.058219	-0.531796	-0.00462277	0.000701402	0.00291421
3780.205454994	3194.383440837	-0.0241129	0.024143	-0.523069	-0.00406644	0.000696844	0.00278133
3754.990139846	3189.415664064	-0.0241959	0.0493766	-0.576495	-0.00446947	0.000634072	0.00290894
3772.159132359	3190.370701807	-0.0240094	0.0723641	-0.529115	-0.00395029	0.000721212	0.00291632
3750.408191808	3184.927601315	-0.0241174	0.0619531	-0.571972	-0.004143	0.00066318	0.00301147
3775.834104103	3192.95454281	-0.0234915	0.0816106	-0.502697	-0.00433047	0.000937034	0.00290698
3761.913392214	3190.636168933	-0.0194731	0.0789118	-0.513951	-0.00464843	0.0009114	0.00279739
3765.160642184	3191.669061423	-0.0233813	0.0850968	-0.481891	-0.0047124	0.00101805	0.00280995
3750.946537207	3184.98116304	-0.0240997	0.06121	-0.531142	-0.00470786	0.000726538	0.00277307
3759.009693871	3191.061735859	-0.0241362	0.0706282	-0.505237	-0.00403906	0.000696525	0.00284786
3747.561866586	3186.99484973	-0.0241708	0.0460002	-0.540369	-0.00426066	0.000643963	0.00303303
3753.543443948	3181.412430218	-0.0240306	0.0572187	-0.514305	-0.00413346	0.000706243	0.00300669
3748.865645007	3175.174977157	-0.0240151	0.0502048	-0.55448	-0.00431741	0.000701991	0.0030588
3750.889164085	3177.500960896	-0.0266977	0.0634246	-0.510113	-0.00413505	0.000822296	0.00288727
3752.689718157	3179.93845839	-0.0193205	0.065311	-0.511696	-0.00463835	0.000805009	0.00296915
3759.379011869	3179.210838461	-0.0241276	0.0757311	-0.468565	-0.00437432	0.000694887	0.00293227
3752.314903333	3174.627652431	-0.027159	0.07725	-0.501454	-0.00498416	0.000862998	0.00309922
3755.001477049	3181.860534044	-0.0193426	0.0519032	-0.480322	-0.00503286	0.000916299	0.00290684
3757.38263337	3179.860018269	-0.0315248	0.0523025	-0.512842	-0.00498417	0.000661236	0.003038
3761.03149519	3182.011267858	-0.0211885	0.0400508	-0.484803	-0.00447411	0.000912999	0.00278507
3751.697884613	3181.812240686	-0.0403353	0.0350785	-0.501594	-0.00495574	0.000620584	0.00264329
3765.047270148	3185.421071629	-0.0393406	0.0594121	-0.477426	-0.0049441	0.000559783	0.00265271
3769.718198056	3187.590175127	-0.0410412	0.0690977	-0.462008	-0.00561096	0.000350214	0.00289658
3765.875573118	3191.217152666	-0.0292048	0.0669497	-0.46286	-0.00633318	0.000737242	0.00307451
3772.70434879	3192.086725799	-0.0331549	0.0801934	-0.437378	-0.00594447	0.000675193	0.00289522
3767.278294407	3187.820227124	-0.0432335	0.0754243	-0.488	-0.0067377	0.000689556	0.00283851
3762.085855131	3195.341112763	-0.03885	0.0480889	-0.499926	-0.00563278	0.000744877	0.00288459
3764.011461995	3190.377726295	-0.0390617	0.059417	-0.491804	-0.00502025	0.000744877	0.00271147
3773.747027975	3191.850820062	-0.0386086	0.0360969	-0.524394	-0.0054365	0.000744877	0.00269505
3772.663466146	3198.331496036	-0.0410445	0.0591382	-0.50246	-0.0049049	0.000744877	0.00269489
3778.181935916	3201.191048211	-0.0358138	0.0759473	-0.54626	-0.00557911	0.000782986	0.00263326
3786.978575302	3201.822666798	-0.0323589	0.0788773	-0.485889	-0.00601332	0.000861021	0.00277949
3775.575753281	3202.736142984	-0.0252763	0.0892508	-0.538579	-0.00604075	0.000810208	0.00275377
3779.457886655	3209.351747674	-0.019053	0.0621871	-0.487707	-0.00591154	0.00123304	0.00272039
3774.886245167	3206.712881511	-0.0262882	0.00730267	-0.528573	-0.00631792	0.000971722	0.00277137
3771.663730914	3202.875462005	-0.0284135	0.0352999	-0.50382	-0.00483885	0.000830705	0.00264763
3761.605913509	3205.672379158	-0.0338025	0.0446828	-0.505358	-0.00499236	0.000882442	0.00266431
3771.139814685	3198.059589795	-0.0367128	0.0149855	-0.53902	-0.00460127	0.0006575	0.00240611
3758.959878885	3205.292471408	-0.0377435	0.0791582	-0.509257	-0.00505015	0.00099655	0.00249805
3764.683105424	3199.499902615	-0.0366296	0.0527021	-0.502044	-0.00528467	0.000896856	0.00242398
3748.647833276	3205.516962351	-0.0296136	0.104721	-0.455719	-0.00585384	0.0013782	0.00244706
3762.610458464	3198.769063129	-0.0269459	0.0742629	-0.499543	-0.00607879	0.00120366	0.00251994
3742.782376364	3199.438438341	-0.0330714	0.0434537	-0.4894	-0.00541069	0.00124131	0.00239832
3751.770030454	3198.030028406	-0.0425939	0.0272512	-0.545167	-0.00579642	0.00134693	0.00222192
3755.633612041	3197.846513645	-0.0352594	0.0336443	-0.492999	-0.00486708	0.00128219	0.00246796
3749.995586306	3192.368290711	-0.049078	0.038073	-0.542346	-0.00452837	0.000903208	0.00250838
3755.290060415	3186.208692397	-0.0336188	0.0813978	-0.482846	-0.00493218	0.000469597	0.00270475
3749.726928934	3195.480139097	-0.0324777	0.102283	-0.4577	-0.00552102	0.000943215	0.00276956
3755.735990426	3193.93738582	-0.0322385	0.0699862	-0.478614	-0.00641422	0.00100369	0.00295226
3748.220798605	3191.108273095	-0.0271695	0.0630703	-0.468723	-0.00606146	0.000963595	0.00283519
3748.077881129	3187.063045806	-0.0345671	0.0654856	-0.53893	-0.00603598	0.000970467	0.00323544
3752.33105026	3187.690859461	-0.0301595	0.0712109	-0.49223	-0.00506115	0.000954302	0.00271806
3745.498151968	3180.951448163	-0.0352755	0.078007	-0.504155	-0.00539516	0.00107834	0.0027462
3746.540831154	3184.870527347	-0.0298946	0.0493646	-0.522209	-0.00537469	0.00103949	0.0027027
3740.561658653	3183.511874205	-0.0293749	0.0789153	-0.47603	-0.0051165	0.0010574	0.00263056
3741.832456118	3182.199465612	-0.0360215	0.0715529	-0.503566	-0.00621234	0.000995518	0.00289595
3741.045379343	3188.983658024	-0.0278695	0.0791422	-0.446786	-0.00626902	0.00134151	0.00274777
3738.299371195	3183.648559043	-0.0331439	0.0661745	-0.491181	-0.00645844	0.000973411	0.00282921
3740.47645785	3189.227466311	-0.0336998	0.0436077	-0.476309	-0.00566417	0.000905805	0.00283461
3717.900649845	3189.385809988	-0.0294648	0.0863431	-0.448448	-0.00513963	0.000990456	0.00303573
3725.020413744	3189.273418173	-0.0396693	0.0247982	-0.498463	-0.00511726	0.000710318	0.00285274
3726.350989192	3191.023979233	-0.0304632	0.0403669	-0.473961	-0.00457634	0.000964474	0.00263253
3721.787936494	3195.525505585	-0.0400433	0.0418717	-0.513039	-0.00532546	0.000910613	0.00280901
3739.021516713	3193.099422885	-0.0323628	0.068934	-0.428088	-0.00501406	0.00109711	0.00283924
3730.594538877	3189.034878252	-0.0358159	0.0682578	-0.45222	-0.00564894	0.00105062	0.00278731
3738.373921898	3194.329293738	-0.0322149	0.0819548	-0.443431	-0.00548688	0.000618323	0.00288214
3714.246978301	3188.270672446	-0.0340033	0.0790072	-0.451336	-0.00514763	0.000846448	0.0027284
3725.231354442	3189.142587075	-0.0338264	0.0332904	-0.5184	-0.0051736	0.00107249	0.00260907
3725.619224228	3192.108677326	-0.0358483	0.0713685	-0.475147	-0.00442868	0.00072081	0.00267205
3721.663227254	3188.532334641	-0.0397406	0.0563336	-0.480665	-0.00495502	0.000634503	0.00272876
3720.300014402	3187.999644266	-0.0312483	0.0631308	-0.4771	-0.00456546	0.000565148	0.00260186
3722.547529139	3193.529672803	-0.0271507	0.0859816	-0.44421	-0.00437746	0.000575353	0.00260198
3731.258967722	3193.24225415	-0.0339747	0.0365564	-0.469107	-0.00493973	0.000810939	0.00272956
3731.439332326	3193.747431945	-0.0343383	0.053782	-0.431	-0.00490138	0.000991592	0.0027188
3725.753552914	3190.495679164	-0.0354296	0.0711764	-0.480289	-0.00579568	0.00084026	0.00277229
3735.589435969	3189.636350076	-0.0370126	0.04794	-0.46057	-0.00487044	0.000829849	0.00274828
3724.60540338	3191.683988461	-0.0372442	0.051439	-0.452119	-0.00475177	0.00077764	0.00268736
3722.830615679	3190.044063094	-0.0402956	0.0191689	-0.495809	-0.00485248	0.000817649	0.00277436
3733.000774466	3194.48032024	-0.0307721	0.0401636	-0.427705	-0.0041269	0.000970038	0.00262616
3725.563225313	3190.237529213	-0.0581947	0.0380686	-0.487995	-0.00496718	0.000927577	0.00261581
3751.273941906	3201.967839559	-0.0436642	0.0628927	-0.395377	-0.00556504	0.00104161	0.00261128
3762.901790243	3205.613549068	-0.0172339	0.0902917	-0.307183	-0.00477047	0.001104	0.00233175
3758.620106327	3200.442647504	0.0197934	0.0620878	-0.228237	-0.00574504	0.00108839	0.00197745
3798.843474261	3210.779474952	0.0688388	0.0528018	0.108263	-0.00530872	0.00138944	0.000391391
3767.454879943	3213.253851011	-0.0208233	0.0254648	0.109907	-0.00427258	0.000487844	0.000324547
3769.12110533	3219.027687834	-0.0969925	-0.0115961	0.125587	-0.00618732	0.000263838	0.000723864
3760.466696317	3219.923310112	-0.116323	-0.254679	0.0939835	-0.0054442	-0.000995048	0.00129386
3766.502898387	3210.828646371	0.0121707	-0.168735	0.0707569	-0.00410886	-0.000425756	0.000553048
3761.977636369	3222.23963518	-0.0209074	-0.0420222	0.08599	-0.00610971	0.000265814	-0.000187495
3800.535809571	3233.623989469	0.0338338	-0.0806144	0.255064	-0.00770485	-0.000793606	0.00017187
3791.056876655	3223.394870843	0.0910949	-0.216835	0.345073	-0.0084452	0.000108775	9.66928e-05
3775.231514551	3216.24950265	0.0844693	-0.172167	0.370748	-0.00951074	0.000423579	-0.000967218
3768.371475682	3212.491108639	0.0624749	-0.239973	0.543762	-0.0123855	0.00127991	-0.00257691
3771.766796402	3224.490105668	0.0375218	-0.225296	0.608183	-0.0130044	0.00157288	-4.84377e-05
3770.298800304	3221.618553325	-0.00198712	-0.203151	0.743778	-0.0133529	0.00245565	-0.000922709
3754.263184605	3214.336500294	-0.0149212	-0.224817	0.68774	-0.0140797	0.0031849	-0.00157361
3770.896236582	3227.807713028	-0.0331818	-0.169461	0.536411	-0.011786	0.00302236	-0.00205511
3756.465350528	3218.197920135	-0.0178336	-0.0841928	0.535023	-0.0127882	0.00250428	-0.00131938
3757.983161612	3209.36784546	-0.0318304	0.0262873	0.641521	-0.0142203	0.00270742	-0.00143143
3755.44328444	3218.744952173	-0.0616298	0.105345	0.689179	-0.0148925	0.00248649	-0.00220442
3751.088424028	3210.273126409	-0.0213082	0.178523	0.687319	-0.0158101	0.00230069	-0.00220442
3764.685510285	3219.117250061	-0.000171784	0.160752	0.579878	-0.0147237	0.00270742	-0.00220442
3766.169309758	3220.854932893	-0.000665457	0.209774	0.488432	-0.0136718	0.00230007	-0.00164363
3737.522600969	3212.368472778	0.0077465	0.200312	0.496465	-0.0147245	0.00214221	-0.00155517
3738.713350905	3212.161250369	0.0013793	0.172285	0.501484	-0.0147204	0.00243416	-0.00172869
3731.010579896	3210.446104438	0.00134659	0.184158	0.507738	-0.0154208	0.00233198	-0.00151414
3739.125956408	3212.9406759	0.0143847	0.181034	0.458794	-0.0150916	0.00228773	-0.0013844
3728.835554552	3208.633201042	0.0249459	0.224994	0.457247	-0.0147889	0.00206946	-0.00122746
3733.203813477	3205.220177714	0.0206671	0.214959	0.386555	-0.0143087	0.00172209	-0.000894151
3719.038149279	3207.270157595	0.0266088	0.24102	0.392502	-0.0157929	0.00152642	-0.000587411
3717.226945106	3205.459888383	0.0335077	0.271196	0.364091	-0.0155399	0.00207177	-0.000373498
3701.998332177	3200.384402787	0.034745	0.228009	0.372324	-0.0159897	0.001812	-0.000246791
3708.987890009	3198.360764738	0.0266598	0.209943	0.347894	-0.0153645	0.00189872	-0.000448281
3706.114424209	3202.950097195	0.0160333	0.204964	0.3038	-0.0149846	0.00187849	-0.000683147
3698.067070919	3199.188776314	0.0147754	0.181966	0.313817	-0.0150525	0.00184604	-0.000361489
3709.315981812	3201.772617318	0.0145434	0.186788	0.302117	-0.0143626	0.00215627	-0.000522806
3708.170580691	3202.661800481	0.00847881	0.191935	0.2872	-0.014898	0.00215545	-0.000600634
3715.703637196	3200.130350454	0.0105814	0.196949	0.28501	-0.0137967	0.00200501	-0.000572215
3725.709234754	3204.833538162	0.0156191	0.200373	0.259449	-0.0140011	0.0021236	-0.000536678
3727.9162104	3210.109221679	-0.00482054	0.202027	0.255168	-0.0134332	0.00194547	-0.000551354
3729.643931528	3206.832297814	-0.00440593	0.184117	0.221467	-0.0125201	0.00206772	-0.000191453
3718.126019712	3217.473227076	-0.00458295	0.150394	0.201211	-0.012141	0.00195349	-0.000148042
3722.236958469	3206.286729211	-0.000433685	0.17318	0.215067	-0.0121243	0.00210533	-0.00012222
3725.350566857	3206.14741019	-0.012109	0.140456	0.182738	-0.0118423	0.00197913	-7.14704e-05
3718.525570253	3202.511359354	-0.0123524	0.17304	0.178675	-0.0114715	0.00228489	-0.000144586
3728.530824259	3203.820548389	-0.0158467	0.14606	0.150617	-0.011205	0.00170076	-0.000276324
3722.824775302	3205.922041186	-0.0116053	0.183261	0.18187	-0.010594	0.00213135	-0.000137126
3731.102651732	3201.87944808	-0.0105378	0.143276	0.147763	-0.0109702	0.00190958	-0.000168547
3714.155593569	3199.83327313	-0.00447621	0.188487	0.179613	-0.0113857	0.00232649	-0.000439339
3720.424723642	3192.709856463	-0.00701048	0.191553	0.180534	-0.0131024	0.00244793	-0.000111762
3725.145122984	3195.118377942	-0.00681685	0.197873	0.180255	-0.0124836	0.00283886	-2.28195e-05
3730.25923249	3197.408361178	-0.00932562	0.181211	0.110752	-0.0121732	0.00236778	0.000127972
3716.060930887	3198.393545684	3.85021e-05	0.171641	0.131814	-0.0110959	0.00233261	9.96952e-05
3733.976117533	3197.965637262	-0.0108725	0.156218	0.115953	-0.0107382	0.00221453	0.000208506
3725.461877583	3200.528990174	-0.0164624	0.129538	0.108913	-0.0102929	0.00204854	0.000174948
3741.420537718	3200.683236233	-0.0194646	0.149646	0.0940975	-0.00978529	0.00225346	0.000308832
3742.073285808	3204.194017026	-0.0255041	0.132524	0.0393434	-0.00963146	0.00191213	0.000446637
3745.359357111	3207.633674872	-0.0298223	0.122303	0.00652243	-0.00830569	0.00209333	0.000597376
3745.97809359	3209.081012181	-0.0496341	0.119776	-0.0671023	-0.00837658	0.00170686	0.000656507
3740.678809758	3209.421407184	-0.0387533	0.127273	-0.058916	-0.0080847	0.00161577	0.000809955
3744.638242248	3210.546203398	-0.035925	0.0787948	-0.0370407	-0.00830788	0.00165587	0.000794078
3737.380714147	3207.972021066	-0.0324328	0.0886118	-0.0113395	-0.00873958	0.0020667	0.000668877
3752.397699275	3206.811809723	-0.0468363	0.0822876	0.00525258	-0.00884097	0.00170296	0.000631535
3753.806604494	3213.017359899	-0.032092	0.134343	0.049276	-0.0100153	0.00187728	0.00081691
3761.454750794	3211.420166837	-0.0373094	0.115764	0.0341446	-0.0105062	0.00199024	0.000864014
3740.273762391	3212.208665666	-0.0293199	0.102841	0.0116993	-0.00920369	0.0021623	0.000896554
3753.837867692	3199.455414189	-0.0486787	0.111584	-0.0625709	-0.00859863	0.00181241	0.000450993
3742.057825985	3203.014488339	-0.0361368	0.122438	-0.0165513	-0.00834099	0.00171379	0.00049495
3766.781175204	3209.481115336	-0.0431099	0.104856	-0.0184387	-0.00893032	0.00169197	0.000820716
3761.716880684	3208.022948608	-0.0511932	0.121769	-0.0726521	-0.00787966	0.00111397	0.00106496
3784.5589412	3214.270645714	-0.0668948	0.126424	-0.100788	-0.00765381	0.000564088	0.00110554
3766.676391958	3211.694121886	-0.0650781	0.0643123	-0.132884	-0.00780816	0.000428607	0.00113187
3771.519782783	3212.083688309	-0.0564493	0.104212	-0.105056	-0.00755681	0.000694102	0.00104284
3766.574013574	3211.846319136	-0.0567799	0.0462358	-0.148406	-0.0077098	0.000460961	0.00133191
3770.173060409	3212.089249362	-0.0542101	0.094771	-0.141119	-0.00748829	0.000625486	0.00132998
3781.255005211	3214.382744843	-0.0600498	0.0404647	-0.197701	-0.00708767	7.66498e-05	0.00166747
3775.568195145	3213.319412903	-0.0531389	0.0627879	-0.278478	-0.00694905	-0.000790236	0.00250067
3760.463260801	3214.006642023	-0.0511681	0.0239142	-0.273818	-0.00665319	-0.000313395	0.00189941
3753.698729283	3200.667431134	-0.0490066	0.0653507	-0.274447	-0.00669783	-0.000307965	0.00190577
3757.780122601	3201.195438516	-0.0385367	0.0401366	-0.233291	-0.00672946	-2.30252e-05	0.00193046
3755.355335224	3196.036829807	-0.041471	0.0804833	-0.242179	-0.00682061	3.38903e-05	0.00180361
3754.461070341	3193.666943015	-0.0441941	0.0644147	-0.211143	-0.00675534	9.44886e-05	0.00185282
3763.252556453	3193.185765555	-0.0564972	0.074088	-0.244283	-0.00703082	9.82737e-05	0.00175514
3759.499254938	3197.534216596	-0.0582862	0.0787349	-0.223661	-0.00669732	6.80668e-05	0.0017655
3760.848038622	3195.949901762	-0.0714198	0.0764432	-0.250933	-0.00711686	-0.000304069	0.00185463
3771.042589574	3198.461741759	-0.0766968	0.0707165	-0.24984	-0.00675042	-0.000731278	0.00173476
3749.993868547	3193.809188906	-0.067012	0.0903504	-0.256436	-0.00753435	-0.000301675	0.00192746
3759.816353089	3196.516543831	-0.0717561	0.0204694	-0.301795	-0.00712141	-0.000350788	0.00186679
3754.504357846	3190.723389665	-0.0653938	0.0486216	-0.300939	-0.00624567	-0.000198371	0.00197982
3759.663472615	3195.271160566	-0.0542953	0.0408043	-0.333472	-0.00696345	-0.00048169	0.00221062
3743.502117021	3184.752867165	-0.0565949	0.0482816	-0.301508	-0.00648357	-0.000261917	0.0022962
3757.110540482	3190.670413314	-0.0588454	0.0434769	-0.325761	-0.00707116	-0.000267717	0.00225761
3752.930204296	3189.383175805	-0.0663921	0.0479247	-0.308614	-0.00678488	-0.000186156	0.00212717
3767.004827313	3193.592600512	-0.0606132	0.0550336	-0.331006	-0.00729558	-0.00046978	0.0022962
3765.266112533	3198.444473225	-0.0630277	0.052116	-0.302904	-0.00707137	-0.00038472	0.00209088
3771.505353615	3204.093040004	-0.0806125	0.0237996	-0.315988	-0.00730293	-0.00046793	0.00212955
3764.822587384	3199.150434315	-0.0725229	0.0251282	-0.337772	-0.00696638	-0.000359097	0.00211178
3771.32052284	3200.063325127	-0.0656237	0.0456988	-0.307396	-0.00687471	-0.000151328	0.00187637
3774.201546776	3201.136608426	-0.0608713	0.0174904	-0.334245	-0.00670118	-0.000240084	0.00194923
3774.873533757	3205.376765269	-0.0689804	0.00580829	-0.362894	-0.00595118	8.38244e-05	0.00190303
3777.067797993	3206.420779866	-0.0634945	0.0865168	-0.346316	-0.00751074	0.000120552	0.00194527
3793.175903085	3212.740770666	-0.0475072	0.085905	-0.246431	-0.00776764	0.000702652	0.00187546
3806.89495017	3228.037472338	-0.0229646	0.131611	-0.0208257	-0.00849233	0.000984081	0.00150984
3795.704786605	3211.490119034	-0.0510563	-0.0569575	-0.230762	-0.00764537	0.000257088	0.00190305
3775.445203663	3210.061513695	-0.0823104	-0.00298176	-0.381982	-0.0056531	5.62787e-05	0.00219786
3776.760662839	3202.325503097	-0.0749059	-0.00578123	-0.391965	-0.00533869	-0.000413747	0.00240968
3763.343941185	3194.262853785	-0.0778221	0.022266	-0.381738	-0.00511332	-4.42014e-05	0.00237352
3769.168171902	3205.977066345	-0.0787491	0.063033	-0.378488	-0.0049173	-0.000160408	0.00241579
3776.679584655	3209.130476287	-0.0769325	0.0559676	-0.507008	-0.00542857	-3.17988e-05	0.00268885
3778.268510926	3203.723961673	-0.0664125	0.0688271	-0.518802	-0.00505294	-7.18077e-05	0.00271472
3783.43930645	3205.526621023	-0.0516309	0.068262	-0.592623	-0.00509493	0.000263537	0.00282446
3764.76899333	3203.361322457	-0.00489168	0.0893487	-0.590467	-0.00550723	0.00180905	0.00300982
3770.024646106	3197.710121495	-0.0362379	0.0252234	-0.546389	-0.00527467	0.00144324	0.00265831
3760.031416407	3194.864032922	-0.0808028	0.023608	-0.540325	-0.00585865	0.00196666	0.00252849
3758.31022276	3190.330018311	-0.118394	-0.0391322	-0.597898	-0.00480579	0.00118027	0.00208744
3749.560306395	3194.69632326	-0.167254	-0.0101444	-0.658886	-0.0047361	-0.000719475	0.00195387
3746.256026856	3186.360889647	-0.185052	-0.00630466	-0.622419	-0.00471606	-0.00110918	0.00180637
3728.264571749	3178.47355986	-0.186742	0.0189453	-0.664405	-0.00504501	-0.00164573	0.00206855
3727.63312386	3178.477072105	-0.180535	0.033964	-0.622085	-0.00482182	-0.00162664	0.00216634
3727.293694854	3170.692768148	-0.181116	0.029717	-0.656986	-0.00505407	-0.00183188	0.0020327
3733.39448463	3168.898596722	-0.180901	0.0467384	-0.611265	-0.00501017	-0.00165932	0.0015236
3737.033727005	3172.390645545	-0.179091	0.0550802	-0.583306	-0.00591485	-0.00101892	0.0021863
3744.715197813	3177.236079144	-0.16352	0.0505669	-0.533974	-0.00589657	-0.000970227	0.00220098
3730.958016498	3177.622133322	-0.178117	0.0441895	-0.542975	-0.00619051	-0.00147956	0.00228395
3730.011875319	3172.311034676	-0.166099	-0.0126509	-0.573142	-0.00537166	-0.00130321	0.0019606
3735.381930787	3178.381656136	-0.158327	0.0155625	-0.616248	-0.00511459	-0.00117064	0.00217361
3740.8567695	3182.296052328	-0.131833	-0.0293176	-0.651926	-0.00485494	-0.000907299	0.0023013
3748.507664213	3174.392917442	-0.114714	0.0177704	-0.644696	-0.00460204	-0.000525019	0.00238618
3748.791781408	3180.429879895	-0.115153	0.00853541	-0.675326	-0.00469511	-0.000734886	0.00250331
3745.867813518	3186.078153987	-0.0995985	0.0284388	-0.682111	-0.00487351	-0.000327423	0.00227509
3767.65276568	3190.146796238	-0.0958785	0.0197397	-0.687514	-0.00440189	0.000171823	0.00241746
3744.835440882	3190.9300267	-0.0957897	0.0210046	-0.739045	-0.00543226	0.000161984	0.00261131
3768.663838115	3197.578705023	-0.0778088	-0.00475773	-0.714122	-0.00478154	0.000548947	0.00253618
3745.129864625	3194.578663079	-0.0742206	-0.00834688	-0.754455	-0.00584236	0.000443839	0.00270945
3767.690556359	3197.391970705	-0.0737219	-0.00851386	-0.699178	-0.0056093	0.000641097	0.00273623
3738.758356168	3192.651611746	-0.0740481	-0.0548174	-0.76285	-0.00571747	0.000516445	0.00277477
3756.147565274	3194.223926412	-0.0703919	0.00299894	-0.751663	-0.00472526	0.00107115	0.00265391
3744.413903036	3191.470326937	-0.0745112	-0.017838	-0.751681	-0.00441455	0.000476729	0.00271099
3746.147808093	3191.139883293	-0.0707554	0.0212424	-0.726144	-0.00488139	0.000645799	0.00271503
3745.444901466	3184.929357438	-0.0714951	-0.0171213	-0.738616	-0.00451734	0.000257323	0.00275
3744.701112196	3189.185904754	-0.0741667	0.00645167	-0.768054	-0.00537645	0.000374144	0.0029548
3737.74247401	3180.431636017	-0.0794533	0.0091684	-0.709763	-0.00535788	0.000801751	0.00306224
3742.114168451	3185.305460257	-0.0828757	0.00170703	-0.759016	-0.00650939	0.000530406	0.00305277
3753.98112872	3184.326714865	-0.0821574	0.00510041	-0.682714	-0.00635838	0.00100294	0.00302642
3750.772700084	3178.374338961	-0.0878583	0.0052842	-0.696712	-0.00663103	0.000681599	0.00287665
3756.480123248	3183.019281952	-0.0853086	-0.00210235	-0.642807	-0.00666608	0.000739645	0.00295169
3750.108958342	3177.632084681	-0.0835622	-0.0135738	-0.660829	-0.00656517	0.000460033	0.00307443
3741.550056681	3174.264427841	-0.0959249	-0.0336	-0.680366	-0.0059924	0.000436569	0.00296025
3747.496935329	3177.389739829	-0.0915251	-0.0216152	-0.664898	-0.00582968	0.000336013	0.00285108
3749.277906959	3172.013664665	-0.107195	0.0125694	-0.680668	-0.00563595	0.000509394	0.00273997
3757.739583509	3181.595652292	-0.107323	0.0122254	-0.674555	-0.00521755	0.000509394	0.00269118
3759.218573259	3183.487288495	-0.10786	0.02391	-0.705941	-0.00560772	0.000276444	0.00273646
3768.015556197	3186.625186025	-0.0893301	0.036263	-0.652066	-0.00556796	0.000509394	0.00264456
3769.343383232	3193.060495511	-0.0897362	0.0151008	-0.692873	-0.00649275	0.000325191	0.00280011
3770.156913482	3192.21726421	-0.0890617	-0.00315586	-0.66106	-0.00686391	0.000627747	0.00271512
3762.755780802	3194.4970034	-0.0895562	-0.0204353	-0.699948	-0.00674277	0.000386488	0.00291456
3767.874356479	3200.741188263	-0.0892241	-0.0385819	-0.672302	-0.00586433	0.000509393	0.00266956
3744.19059448	3192.807613927	-0.0907458	-0.0445042	-0.702854	-0.00601413	0.000429841	0.00265703
3758.414318903	3200.145277492	-0.0918242	-0.00711224	-0.663152	-0.00513349	0.000590014	0.0023179
3749.776056816	3200.378256359	-0.10814	-0.0177641	-0.685107	-0.0047111	-0.000441181	0.00231119
3753.801107668	3203.778694146	-0.116506	0.0439466	-0.611204	-0.00533804	9.22871e-05	0.00226773
3770.07617885	3218.756659654	-0.120396	0.0361742	-0.380951	-0.00561168	-0.00026239	0.00271227
3761.029433881	3208.550370616	-0.103768	0.0145464	-0.356422	-0.00640001	0.000355186	0.00260468
3740.770538042	3196.455957618	-0.116865	0.0721261	-0.44576	-0.00596285	0.000711851	0.00243461
3737.118584257	3197.303871912	-0.115969	0.0568839	-0.420714	-0.00566598	0.000433393	0.0023825
3728.24567641	3192.169556226	-0.120098	-0.0312119	-0.48354	-0.00636372	0.000298681	0.00226786
3733.292449797	3191.834722276	-0.120241	0.0195292	-0.472971	-0.00591829	0.000510775	0.00230062
3731.358941245	3185.613659688	-0.127967	0.0187929	-0.526803	-0.00657843	0.000452868	0.00218748
3750.473123066	3184.223689035	-0.122926	0.0363655	-0.490072	-0.00574351	0.000626067	0.00195069
3736.872257741	3188.97429204	-0.116869	0.00864474	-0.555012	-0.00619966	0.000720365	0.00237019
3750.254967783	3187.89222813	-0.117692	0.0222216	-0.526371	-0.00541227	0.000542548	0.0022044
3737.781638895	3183.626022142	-0.119024	0.0371165	-0.572274	-0.00505827	0.000258787	0.00242375
3744.563004442	3186.422353921	-0.108158	0.0520182	-0.511531	-0.00563914	0.000559136	0.00237764
3744.456159886	3187.093777943	-0.102121	0.0608182	-0.494763	-0.00582939	0.00045729	0.0024241
3737.535312379	3179.407231451	-0.0978839	0.0140991	-0.505007	-0.00642992	0.000490662	0.00254686
3734.107010702	3180.899349873	-0.0994025	0.00496682	-0.509299	-0.0060407	0.000452583	0.00238942
3736.7475485	3186.52362363	-0.104685	0.00289806	-0.569899	-0.00607607	0.000311415	0.00238137
3732.034363742	3178.938054159	-0.105987	0.0173204	-0.528236	-0.00504296	0.000559136	0.00242659
3728.30064467	3178.018724233	-0.119132	-0.017077	-0.559654	-0.0053778	0.000139829	0.00245708
3724.387591649	3180.846958897	-0.108514	0.0356176	-0.541823	-0.00479889	0.000409524	0.00236148
3729.532964353	3189.45634756	-0.119169	0.0122383	-0.550759	-0.0051481	0.000195468	0.00213849
3725.38938819	3191.184957094	-0.119257	0.0151465	-0.540734	-0.00478581	0.000118642	0.00234627
3726.465391883	3189.69196061	-0.11089	0.0372116	-0.515694	-0.00473514	0.000486392	0.00232884
3726.920941339	3187.378562412	-0.1188	-0.0123334	-0.566001	-0.00480712	0.000358716	0.00227824
3720.010056829	3193.146252808	-0.107011	-0.000262982	-0.526469	-0.00457898	0.000505568	0.00235159
3715.809107545	3191.858722611	-0.105561	0.00801844	-0.579263	-0.00502715	0.000314863	0.00231894
3734.451936535	3194.096900245	-0.0908332	0.0466373	-0.508202	-0.00553972	0.000536931	0.00244117
3735.982802581	3196.399176337	-0.100867	0.0266609	-0.494154	-0.00628452	0.000612615	0.0024707
3730.251330803	3194.020508933	-0.10046	0.0317783	-0.497814	-0.00650736	0.000700792	0.00275454
3724.908759465	3195.721898575	-0.100657	0.0279839	-0.514779	-0.00605112	0.000706401	0.00226642
3728.466923657	3191.788770414	-0.100123	0.020782	-0.563502	-0.0058196	0.000867681	0.00241862
3742.182878777	3192.630245593	-0.101265	0.00140141	-0.505504	-0.00525898	0.000411197	0.00239946
3724.677205669	3188.067547655	-0.101133	0.0240657	-0.508849	-0.00517089	0.000454417	0.00240369
3726.708282883	3191.4170579	-0.10143	0.00499287	-0.520927	-0.00515202	0.000318498	0.00246261
3724.611243757	3189.328443333	-0.101306	0.0423901	-0.497877	-0.00467161	0.000374047	0.00246669
3737.460418125	3193.892897393	-0.107149	0.0359679	-0.530987	-0.00541757	0.000316156	0.00246084
3740.824132096	3192.294533583	-0.103053	0.0469978	-0.479208	-0.00528515	0.000260016	0.00243999
3740.543450417	3190.610705163	-0.120905	0.044401	-0.498286	-0.00587806	0.000125184	0.00252312
3741.617736352	3189.811669601	-0.107295	0.00589835	-0.49326	-0.00552565	0.000577445	0.00247781
3734.81850612	3186.109764185	-0.107305	0.0287845	-0.500113	-0.00525272	0.000577445	0.00236651
3728.799825183	3186.86431132	-0.112443	-0.00183686	-0.521664	-0.00515711	0.000288843	0.00226838
3732.878126536	3186.055031712	-0.108055	0.0338792	-0.489281	-0.00447987	0.000266858	0.00240579
3729.606140849	3184.219006043	-0.109999	0.0112574	-0.534967	-0.00514056	0.000381129	0.002395
3729.969274918	3181.800240518	-0.115045	0.0219805	-0.497648	-0.0050209	0.000433962	0.00236728
3729.779977972	3182.788937268	-0.115043	0.0229175	-0.537917	-0.00537585	0.000385889	0.00256599
3734.40452641	3188.038278953	-0.115141	0.0262942	-0.507643	-0.00501715	0.000388384	0.00240027
3729.163989906	3182.157318681	-0.1155	0.0422715	-0.533051	-0.00537274	0.000252699	0.00246842
3735.416973053	3183.456263671	-0.115838	0.0230637	-0.49476	-0.00520982	0.000138991	0.00235832
3732.165600463	3183.651485913	-0.115702	0.0462309	-0.534836	-0.00544223	0.000183637	0.00238482
3728.104820243	3183.066111875	-0.110718	0.0111676	-0.516713	-0.00518221	0.000483646	0.00211574
3718.975622883	3180.556906061	-0.106046	0.01875	-0.58166	-0.00519793	0.000313357	0.00241419
3733.554923239	3180.179632494	-0.0689007	0.0183587	-0.568641	-0.00478058	0.000756541	0.00285879
3718.340739478	3178.703611857	-0.0656534	0.0431308	-0.626155	-0.0050089	0.00106749	0.00287786
3722.102973335	3174.662189499	-0.0557201	0.0415151	-0.606936	-0.00449588	0.0012942	0.00299072
3717.346844624	3179.180691698	-0.054607	0.0259803	-0.63941	-0.004963	0.000671464	0.00313253
3731.028444581	3181.25906222	-0.0514718	0.0101682	-0.598306	-0.00507452	0.000974904	0.00314315
3726.662934068	3189.547373223	-0.0734832	0.0149704	-0.550608	-0.00593599	0.00067951	0.0029114
3744.909304481	3191.642134217	-0.07282	-0.0195969	-0.50728	-0.00585013	0.00095751	0.00300638
3729.574534099	3186.492598806	-0.0912251	0.000443501	-0.531008	-0.00684021	0.000906447	0.00285545
3739.310443631	3190.849830457	-0.0919623	-0.0129771	-0.540416	-0.00657081	0.00060008	0.00291537
3730.456774675	3189.434396033	-0.0959379	-0.0129805	-0.531777	-0.00581298	0.00078317	0.0028341
3734.765942721	3191.256665413	-0.0986284	-0.00724021	-0.547345	-0.00602508	0.000374761	0.00297559
3740.622810843	3201.131047372	-0.0966586	0.0128352	-0.539728	-0.00535088	0.000647465	0.00309357
3755.333004368	3202.36735734	-0.106563	0.00121754	-0.526433	-0.00525105	0.000543135	0.00311889
3757.899335015	3200.775725331	-0.0979022	0.016546	-0.581057	-0.00528852	0.000453959	0.00321558
3766.246952426	3210.105709435	-0.0974602	0.017753	-0.548896	-0.00567241	0.000650332	0.00311908
3779.441396177	3207.463623714	-0.100566	-0.00729872	-0.562609	-0.00631426	0.000535992	0.00298308
3780.500909392	3211.853343625	-0.097281	0.00820221	-0.558576	-0.00604113	0.000745743	0.00294303
3776.819753719	3217.27741946	-0.097602	-0.039722	-0.61558	-0.0062849	0.000590472	0.00299652
3781.062272749	3214.188107975	-0.0974812	-0.0436186	-0.601251	-0.00522854	0.00062586	0.00304381
3770.472637427	3216.392041228	-0.102324	-0.0462455	-0.616729	-0.00550599	0.000736001	0.00324888
3785.024453653	3219.906334264	-0.0977108	-0.0118882	-0.556785	-0.00441084	0.00060743	0.00296666
3767.46690425	3208.664518553	-0.0939399	-0.0126078	-0.63313	-0.00499449	0.00022049	0.00311014
3778.521364923	3212.162421117	-0.0940876	0.0218141	-0.604544	-0.00425569	0.000487505	0.00279271
3754.038501841	3205.089931991	-0.102616	0.026813	-0.616511	-0.00488958	0.000487505	0.00282287
3763.561065813	3208.594273669	-0.0906648	0.0257468	-0.581991	-0.00489965	0.000749845	0.00267633
